[ 3.5268, 0.8631, 2.5859, 0.9437, 0.435 ,-1.8191, 0.6565,-0.878 ,-2.5908, 1.0843,-0.5507,-2.6226,-1.2807,-1.6478, 2.4459, 1.0164, 2.8509,-1.5331, 0.9889,-0.0494,-1.2122]
[-3.4133, 0.8065, 2.9683,-0.3119, 2.7543,-2.7249,-2.6586, 2.6286, 0.8569, 2.6385,-1.5373, 1.6573,-2.7163, 1.1623, 0.6176, 2.4806, 2.8405,-0.869 ,-2.4976, 1.8455,-2.4196]
[-0.0985,-0.7093, 1.3416,-2.4366,-2.9267, 2.0204,-0.4436,-2.6391,-0.8569, 1.128 , 0.7008,-0.9082,-0.8157,-0.0767,-0.0474, 0.5267,-0.3363,-2.5858, 2.0001, 1.167 , 0.3583]
[-2.9559, 2.6725, 5.2026, 0.8405, 2.1182, 0.8287, 2.3001, 2.8085, 3.0394, 0.1721, 1.1573, 2.5722, 0.2837, 0.8144,-3.0802,-2.5069, 2.1906, 2.0764,-3.1254,-0.1889, 0.4991]
[ 5.0699,-1.2476,-2.0219,-2.7334, 1.9726,-2.3196,-1.7845,-3.1405, 0.3406,-1.1332, 1.2392,-2.7263,-0.6876,-1.9135,-1.6959, 1.207 , 1.595 , 2.3771, 0.974 , 2.5008, 2.8465]
[ 1.4466, 0.2559, 1.4555,-0.3868, 2.3043,-1.9882,-2.6055, 2.4692,-1.547 , 1.5884,-3.0283, 1.7753, 1.9209,-0.3332,-1.0582, 2.2071, 1.9842, 0.1133, 2.7586,-0.1072,-1.2753]
[ 3.698 , 5.3061,-2.2828,-1.1656,-2.8852,-1.9714,-2.0619,-0.1864, 0.6497,-2.6941,-0.7627,-1.0629, 2.35  , 1.5483, 1.6184,-0.7812,-0.9354, 2.6635, 3.014 ,-0.7313,-3.1   ]
[-0.1161,-4.7169, 2.0674, 2.8264,-1.7315,-1.5697, 3.0795, 2.2849,-2.3781,-1.5079,-2.7453,-1.6298,-0.6857,-1.5188,-2.2211,-1.4644, 2.1172,-2.3856, 2.9531,-0.4985,-2.9652]
[-5.    ,-0.4588,-3.3374, 0.9177, 1.6985,-0.7187, 1.3246,-2.9376, 2.545 , 2.8628, 1.165 , 1.7598, 0.1688, 0.8517,-0.429 , 1.1151, 1.1493, 0.4726, 0.2246, 1.3613,-2.2613]
[ 4.3479, 1.5893,-0.37  , 3.1329,-1.0639,-0.321 , 1.3399,-1.0839, 2.5714,-2.4989, 0.3559,-2.9985,-1.9613,-0.7306, 2.0913, 0.4978,-0.0738,-2.4152,-2.7775,-2.1565,-1.2431]
[ 2.5317, 3.0331, 0.1064, 2.274 , 0.1583,-0.4313,-1.5314, 1.6342, 1.3823,-1.4472,-1.3579, 3.0468, 2.1373, 1.63  , 0.0834,-1.2302,-1.6182, 3.0914, 0.5778,-2.9364,-1.8452]
[ 3.2707, 4.9929,-5.0311, 1.657 ,-0.7063, 0.4398,-0.7353, 1.0847,-2.8025, 0.4654,-1.2531,-0.6475,-2.1389,-0.8879,-1.0188, 2.6433, 1.7291,-1.4481,-1.9149, 2.4876,-1.9326]
[ 1.0348, 3.3099,-0.0446, 1.1748,-1.6557, 0.9375,-2.0304, 1.0123,-2.372 , 0.3215, 1.7681, 0.5941, 1.3041, 0.3606, 1.5983, 3.035 ,-1.1104, 0.5615,-2.3629,-2.0711,-0.1178]
[ 2.5708, 5.1101, 2.7646, 1.2683, 0.7686, 1.8823, 1.2786, 2.3444,-3.1105, 0.0329, 2.6839,-2.3045,-0.4474,-0.1608,-2.0333,-1.3758, 0.4676,-2.3121,-0.7816, 0.9991,-1.3156]
[ 4.2169,-3.3517, 3.7301,-1.1027, 0.5044,-0.3876,-1.7166, 1.7903, 2.8827,-0.4593, 2.9812, 0.799 ,-0.2628, 0.2165,-0.535 , 2.2148,-2.5551, 1.3279, 0.353 , 1.9497,-0.3302]
[-3.9405, 2.2821,-2.9163, 2.6823,-0.8596,-2.0321,-2.959 ,-0.8913, 2.3203,-2.5698,-2.224 ,-3.0358, 1.6096, 2.7134,-0.314 , 2.2222,-2.2291,-2.8806, 1.6791,-0.7932,-2.5947]
[ 1.0844, 3.3503, 0.6742, 2.2673,-1.9013, 0.9094, 1.5761,-1.0706,-1.5438,-0.2109, 2.8632, 1.9962, 2.0297,-2.4815,-2.3641,-0.2397,-0.6035, 1.8167, 2.1818, 2.2178,-2.7486]
[ 5.1026, 4.6823,-0.8136,-1.4165, 1.759 ,-1.0449, 1.185 , 1.7641,-2.3212, 2.5619, 0.3739, 1.2118,-2.0672,-2.3396, 2.112 , 2.8904, 0.8773,-2.9643,-1.5077,-2.3962, 1.5631]
[-0.9545, 3.0446, 2.3999, 1.72  ,-2.0918,-1.9997,-0.8699,-2.5585, 2.6754, 0.8763, 2.9911,-2.2246,-0.1613, 2.7709,-2.6759, 1.6762, 1.2637,-2.827 , 0.2881, 0.9229, 2.5519]
[ 2.9762, 0.9359,-3.1809,-1.9973,-1.3936, 1.847 ,-1.4913, 1.091 , 1.8976,-2.1556,-0.1774, 3.1104, 0.4335, 0.1233,-0.1995, 1.4449, 0.3052,-0.345 , 2.8309,-1.0453, 1.8331]
[ 1.3558,-3.2998, 0.8154,-2.5528, 0.7545,-0.2259, 1.037 , 0.9282, 0.7897, 2.0359,-0.6688,-2.9964, 0.4877, 1.6756, 2.9532,-2.8367, 1.655 , 2.0097, 2.1994, 2.0379,-1.3454]
[ 3.7226,-2.4133, 3.7646, 1.3721,-0.192 ,-1.5077,-1.1179,-1.5677,-3.0319,-2.3484,-1.4883, 1.4482,-1.6158,-2.1458,-0.8076,-2.1564,-0.182 , 1.7941,-0.6403,-0.2102, 2.9642]
[-3.4221, 2.2302, 1.4337,-2.8724, 1.8609,-0.4814, 0.563 ,-2.853 , 2.2327,-0.5627,-2.4607, 2.4107, 0.6377,-3.0987, 2.5224,-1.7271, 1.5598,-3.0485,-1.9718, 0.8726,-0.5981]
[ 1.6283, 0.3497,-4.2703,-0.0379,-1.4428,-2.6072, 1.7454,-2.6163,-3.0631, 2.1884, 3.1038,-0.7602, 1.6256, 1.0683,-1.1394, 1.4209,-2.0361,-2.4885, 1.7184,-0.6248,-0.7079]
[-0.6559, 0.0515,-5.1627,-1.901 , 1.0155, 0.0123, 1.6396, 2.4585,-1.8425, 2.9971, 1.8325,-1.7472, 1.2112,-2.6272, 2.0158, 2.7782,-1.2222, 2.2431,-2.3167,-0.4262, 2.143 ]
[-2.4024, 1.9771,-3.2572,-1.0666, 1.7073,-1.1655,-1.6544, 1.2573,-0.6804,-0.8337,-2.743 ,-0.8412,-2.4083, 3.1362,-0.5915, 2.6153,-1.2786,-0.6799,-0.0233, 0.3006,-0.5086]
[ 5.492 ,-1.9199,-2.1298, 2.851 , 0.1922, 1.3575,-0.673 , 1.4498, 0.6613, 0.0996, 2.7831,-1.6319, 0.2909,-2.4672,-2.1019,-1.9873,-2.168 ,-2.7152, 2.1322,-1.3163,-0.3153]
[ 1.8687, 0.2509,-5.3177, 0.2846, 0.6016,-2.4414, 2.4519,-0.0062, 2.2278, 1.8946, 0.133 ,-2.9043,-3.0057,-1.0726, 2.6637, 1.0357, 0.1544, 3.1409, 2.0356, 2.2232, 1.7551]
[-0.254 , 0.5561, 1.3551,-0.8789,-1.5396, 1.1935, 1.4848,-3.0249,-3.1006, 1.6984, 0.4748,-2.3861,-0.6376, 2.6777, 2.3672, 1.1062,-1.8135,-1.2201, 3.0539, 1.2025, 2.0141]
[ 3.2646,-5.0228,-2.0899, 0.5559, 1.5572, 0.5261, 2.1787, 0.5424,-2.9421, 2.0191, 2.8684,-2.5908,-2.3819,-2.9702,-2.9662, 2.335 , 1.6199,-0.9854, 1.8528, 0.4763, 2.0845]
[-2.8936,-1.9189,-3.0462,-2.1691,-1.3206,-0.5029, 2.9089, 2.293 , 2.0853,-3.0229,-0.5522,-2.1046,-3.0792,-1.9661,-0.504 , 0.9798,-1.862 ,-1.9916,-2.1839, 0.0579, 2.7852]
[-4.9342,-1.5949, 0.5676, 0.1928, 1.7878, 2.4629, 1.4268,-0.7726,-2.6042,-2.968 ,-1.6571, 2.1531,-0.5708,-2.7235, 0.9776,-2.5062, 0.1677, 2.1768,-0.6979, 0.6361,-1.9334]
[-0.4466,-1.2271, 3.5899, 0.6787,-0.5521,-1.3333, 1.9822, 1.0268, 2.9237, 2.858 , 2.9657,-1.4088, 1.8783,-2.6471, 0.0231, 1.6405, 0.4212,-3.033 ,-0.9617, 2.1324, 2.5978]
[ 3.8148, 1.3187, 0.7939, 1.7064, 1.2014, 0.9054, 0.4381, 0.0629,-0.2018, 1.668 ,-1.9803, 2.4684, 0.096 ,-1.3352,-1.8771,-2.2193,-0.3671,-0.1937,-2.4376,-2.9977, 0.7876]
[ 0.1496,-4.7517,-5.0263,-2.0638,-2.7997, 0.7454,-0.7401,-0.3076,-1.8948,-1.3343, 0.8259,-0.7077, 1.9254,-0.9193,-0.8736, 2.9308,-1.5017,-2.6101, 2.9358,-0.4829,-1.0848]
[-3.546 ,-1.4429,-2.8416,-1.6483,-0.5909, 1.8428,-1.9946, 2.4164,-0.816 , 0.2437, 2.9251, 2.6352,-0.1461, 1.7474, 2.0611,-2.0995,-2.7209,-2.443 ,-1.5043, 1.5388, 1.3148]
[ 4.9907, 4.3478,-3.1179, 1.4836, 2.3438,-0.5964, 2.6591,-1.1193,-1.3539, 1.2509, 1.8414,-2.1455,-1.5957,-0.4178, 1.2672, 1.3414, 2.4455,-2.0122, 2.9274, 3.0843,-2.3765]
[ 0.8954, 0.5679,-2.4669,-2.461 ,-2.9384, 1.9057,-0.6429,-1.3383, 2.724 ,-2.4271,-0.8408,-0.1026, 0.8925, 2.1128,-1.9242,-0.6995,-0.2029, 2.1587,-1.6842,-1.6483, 2.8179]
[-2.8013,-0.6227,-3.9109, 2.2277, 0.1995, 2.538 , 2.6941, 1.339 ,-1.8564,-0.5266,-0.4811, 1.2868,-3.0015,-1.3059,-2.1982,-2.4143, 2.225 ,-2.4596,-2.0686,-1.2468,-0.1625]
[ 1.3733,-0.5177,-3.372 , 0.1935,-0.4702, 2.2658, 1.0119,-0.3417, 0.1983,-1.5495, 1.8623,-2.6134, 1.1736, 0.6416, 0.875 , 2.2003,-2.9351, 2.9156,-3.0635, 1.8012, 2.0649]
[-1.115 , 2.1584,-0.7009,-0.5429,-1.9384,-0.525 ,-2.1858,-0.6237, 0.7413,-0.4183,-0.6886,-0.8516,-1.0579,-0.997 ,-0.6411,-1.8531, 2.8576, 0.9722,-0.5315,-0.5343,-2.0901]
[-2.3032, 2.0765,-3.2534, 1.7803, 0.0251, 2.6893, 0.0606, 1.8839, 2.6385,-2.6146, 0.0191, 1.1173, 2.2034, 2.4171,-0.3457,-2.6449, 1.6575, 3.117 ,-0.0503,-0.3101,-1.7562]
[-0.8205, 3.4567, 0.787 ,-1.8524, 0.856 , 1.8918, 1.2213, 2.6303,-2.0637,-1.8223, 2.6274,-1.6525,-2.0223,-1.8296, 1.1408, 1.9637, 2.6671, 0.2136, 0.426 , 1.6854, 2.2733]
[-2.9046,-3.7527,-3.87  , 1.492 , 2.5355,-2.4681, 2.0794, 1.3953, 0.0764,-2.9971, 1.122 ,-2.1139, 0.0368, 0.1604,-1.7534, 0.7796,-1.209 , 1.9341,-1.5739,-2.5671,-2.9079]
[-4.447 , 1.344 ,-4.6601, 0.8015, 0.9785, 2.3694, 2.3572, 0.3313,-2.3531,-1.6514, 1.8944, 2.8028,-2.4182, 2.4994, 2.1395, 0.7358, 1.7408,-1.7615,-1.5547, 2.5447, 1.0443]
[-0.9224, 2.8705, 0.613 , 0.0462, 0.5006, 2.9651,-1.8627, 2.7694, 1.4815,-1.5304,-1.6614, 2.109 , 2.6363,-0.6617,-2.1072, 0.9278,-1.554 ,-0.3587,-1.1401, 1.857 , 1.6629]
[-0.9681, 3.4394,-1.3898, 0.8136,-0.3081, 0.5051, 3.1126,-0.9096,-2.5168, 2.9813,-0.0153,-1.3683, 1.113 , 0.2236,-0.396 , 0.2036, 2.3599,-2.5697,-0.6958,-2.5319,-1.718 ]
[ 0.5314,-1.1801,-4.8032,-2.8322,-0.5892, 1.1687, 1.4531, 1.3131, 2.0487, 2.0305, 2.6742,-0.5009,-2.0072, 2.6743, 0.4467,-1.4864,-1.1041, 2.4317,-0.9691,-1.7756, 2.891 ]
[ 1.433 ,-3.0152, 4.3813, 2.4385,-0.8116,-1.732 ,-0.2554,-0.8193,-0.4601,-2.2724,-0.5419,-2.7723,-0.1419,-3.0276,-0.8397,-0.566 , 1.9082, 1.8894,-0.4034,-1.3246,-2.1474]
[-2.6618, 0.7418,-0.3117,-0.4159,-2.2392, 3.0132, 1.0127, 0.8374,-2.3974,-0.8314,-2.6522, 1.7728,-2.8867,-2.8192, 2.3338,-3.0449, 2.2212, 1.6763, 0.1918, 2.9419, 1.8041]
[-0.2248, 4.295 ,-1.408 , 1.21  , 0.191 , 0.6542,-2.791 , 0.8066, 2.3404,-2.8087, 1.9175, 2.4415, 1.0709, 0.5752,-2.4184, 0.9776,-0.1578,-2.7875, 0.316 ,-0.7974,-1.4731]
[ 2.2639, 3.1356, 1.3522,-0.4259,-1.0813,-3.0594,-2.6963,-1.9219,-1.0318,-2.3769, 1.2778, 2.1627, 1.0559, 1.761 , 0.9499,-2.8647,-2.1697, 0.1582, 1.9337,-1.8357, 2.3104]
[-3.7951, 3.0469, 2.5979,-2.7345, 0.5659, 3.1118,-2.0379,-2.4857,-2.6803, 2.7827,-0.8965, 2.7503, 0.0661,-0.9405,-2.5422,-1.3362, 1.091 , 2.9248, 1.498 ,-0.0735,-0.7293]
[-0.2161,-0.2595,-1.8143,-1.5184, 0.7928, 2.6372,-1.0858,-2.1535, 2.7567, 0.2504,-2.9628, 1.9796, 2.1263, 2.8982,-1.5113, 2.8599,-0.4178, 1.2397, 0.3517, 0.4396,-1.9662]
[ 3.176 ,-1.6789,-0.5245, 0.7809, 2.7024,-1.6278, 2.1749,-1.3228, 1.357 ,-1.1103,-0.6474,-3.0879,-0.1718, 2.274 , 2.9542,-1.6747, 2.5191, 2.7249, 2.9254,-2.9476,-1.5104]
[ 3.669 ,-3.2565, 3.3385,-2.0568,-1.8284,-1.5027, 1.605 ,-2.6587,-0.9016, 2.5238,-0.4875, 2.0891,-2.6964, 2.6425,-0.8272,-0.6219,-2.7916, 0.805 , 2.647 , 1.1915, 1.43  ]
[ 3.8631,-1.7622,-0.2821, 0.028 , 1.0716, 2.666 ,-0.2834,-0.6971, 0.321 , 2.3321,-2.4682,-2.8447,-1.8429, 0.3103,-2.4574, 2.4111, 0.4856,-0.7116, 0.2169,-0.3357, 0.9356]
[ 5.1723, 4.3604, 4.0258, 2.4032, 1.089 , 2.7233,-2.3982,-3.1239, 2.6081,-1.539 ,-1.5684, 0.8552,-0.3151,-0.6587,-2.5456,-2.0754, 0.9535,-2.5441,-1.676 ,-0.8073,-1.6993]
[ 1.2733,-4.3693,-1.5334,-1.9104, 2.3977, 1.8919, 0.3596, 2.6143, 2.8561,-1.7332, 2.4846,-0.811 , 0.438 ,-1.9998, 2.8858, 2.2575,-1.1183, 1.8596, 1.7291, 2.2767, 2.8456]
[ 3.7147, 4.5678, 5.1234,-2.3539,-0.0728, 2.9033, 2.4662,-3.0843, 2.9065, 3.0277, 0.5694, 0.0711, 1.0853,-1.9732, 0.9405, 1.5559,-2.0537, 1.6378, 0.7755,-0.8699, 1.5811]
[-4.2545, 3.682 ,-1.6273, 2.1582,-3.1023, 3.0073,-2.154 ,-1.6037, 0.4982,-2.9127, 3.014 , 2.979 , 1.5188, 2.8585,-1.6829, 0.2592,-0.2277,-1.0194, 0.3786, 2.4511,-0.2589]
[-5.0412,-1.7519,-1.9889,-1.7492,-1.5703,-2.1928, 2.111 ,-0.1855, 3.0848, 3.0511, 1.0734, 2.2694, 0.04  , 2.3438, 2.0458, 1.3286, 1.1965, 1.865 , 2.5894, 0.016 ,-0.3978]
[ 1.0215, 1.6284,-2.195 , 1.0512,-2.1794,-1.9176, 2.0132,-3.0462, 0.3103,-1.3409, 1.3901, 0.1038, 1.479 ,-0.655 , 1.0839,-1.3064,-2.6546, 3.0122, 2.1761,-2.4103, 3.1079]
[-4.3151,-4.0432, 3.7063, 1.0411, 2.8315, 1.4164, 2.106 , 1.0629,-1.3981, 2.6415, 1.1815, 0.5635,-2.632 ,-0.0085, 2.1639,-1.3374, 1.0514,-2.1032, 0.6867,-0.4608,-0.8028]
[-2.532 , 4.3965, 4.7031, 1.1153,-0.9639, 2.8424, 1.7941,-0.7538, 1.0872, 2.8131, 0.5834, 1.352 ,-2.7569, 3.058 ,-1.1754, 2.4399, 2.8943,-1.2191,-1.7436,-0.1024, 1.5068]
[ 0.5609, 0.112 ,-2.6191,-0.0729, 0.8458,-0.8342,-1.5105,-1.179 , 2.4087, 0.0082, 0.1937, 1.1726, 2.9139,-2.1656, 2.3813,-0.9945, 0.4362, 0.1711, 0.6723,-1.6618, 2.7436]
[-2.4632,-4.4057, 0.2936, 1.9289,-3.0025, 2.5232, 2.1956, 0.3494, 0.204 , 1.5086, 0.9995,-0.0694,-1.0882, 0.6192,-1.9538, 2.3035, 2.7728, 3.0652, 2.4756, 1.3559,-0.521 ]
[-5.1162,-0.6458, 0.1382,-1.8504, 2.7093, 2.4896, 0.0421, 2.9678, 1.0467, 2.257 ,-2.7041, 0.1782,-2.5217, 2.8519,-0.3721, 1.5541, 1.98  , 1.0208,-2.6946,-1.69  ,-0.4323]
[-0.4842, 3.7418, 0.6003,-0.8966, 0.744 ,-3.0156,-0.0476, 2.4429,-3.1314,-2.0565,-0.7032, 2.5743, 1.0752, 2.6245, 1.2741,-2.0579, 0.9455, 0.4346, 0.1796,-2.8176, 2.5986]
[ 3.4764,-4.9746, 2.5472,-2.9291, 1.2695,-1.3561, 2.9227, 1.9405,-2.1106, 1.5692, 1.3142,-1.5663,-1.1123,-1.8265,-1.6544,-1.4231, 2.2297, 0.3616,-2.9375,-1.3447, 0.3244]
[-0.313 ,-1.8298, 4.1124,-2.5014,-2.9959,-1.1072, 3.0782,-2.5367, 2.0117, 1.4125, 3.0546,-1.7943, 1.3559,-0.0462, 1.9896, 0.2071, 1.3518, 1.3892, 2.1154, 1.6938, 0.3115]
[-3.6445,-5.2192, 0.6635,-1.6686,-0.2799, 0.8268, 0.7139, 0.4436, 1.3119,-1.0279, 0.3996,-1.6945, 0.8195, 0.9514,-0.9024, 1.0721, 0.7156,-2.2023, 1.0303,-0.5928, 0.1869]
[ 4.253 ,-3.5768, 5.481 ,-1.5648,-2.5954, 2.345 , 1.4604,-0.1806, 2.9845,-0.4841,-0.206 , 2.9569,-0.7343, 0.2416,-0.5528, 0.5428,-1.5522, 2.2498,-2.8531, 2.2616,-0.6348]
[ 3.9294e+00, 2.6750e+00,-1.8143e+00,-1.5912e+00, 1.5672e+00,-2.5409e+00,-8.8836e-01,-8.6035e-01,-1.2567e-01,-1.4664e+00,-1.3094e+00,-9.7354e-01,-2.0141e+00,-1.7644e+00,-1.0621e-01, 1.3407e+00, 1.2413e+00, 1.7664e+00,-7.1814e-01, 1.4266e+00, 1.2158e-03]
[-1.5981,-3.0181,-2.8941,-1.8944, 1.2724, 1.8193, 2.0064,-1.6063,-1.333 , 1.0678, 1.5393, 1.3868,-1.1355, 0.903 ,-0.5147,-0.708 , 2.7062,-1.0229, 2.123 ,-2.3381,-3.0995]
[-4.0178, 2.1145, 0.5958, 2.4261, 0.9128,-1.4133, 1.4488,-0.9766,-0.9054,-0.4544,-0.9119, 0.9484, 0.0586,-0.7885, 2.348 , 0.6072,-0.755 , 2.925 , 0.7269, 1.4818, 0.482 ]
[ 2.877 ,-3.8477, 2.7681,-0.922 ,-0.6097,-0.2761,-0.33  ,-1.4723,-2.2594, 0.0729, 1.3513,-1.1402, 1.2949, 1.8955, 2.1228,-1.3421, 0.5849,-3.0174,-1.6284, 2.4738, 1.0806]
[-2.5463,-3.697 ,-0.3738, 2.7461,-2.61  , 0.7188, 2.4418, 0.2313, 1.0155, 1.762 ,-1.9807, 0.7082,-1.0362, 2.4549, 2.2266, 2.4944, 1.1783,-2.4454,-2.0858,-0.4429,-0.4183]
[-0.192 ,-3.0923,-1.6614,-0.1231,-1.3399,-1.7548, 1.0649, 2.7587, 0.1354,-1.2608, 2.8426, 1.4156, 1.9667, 1.6805, 1.3965, 0.9326,-1.9082, 2.5882,-1.6275, 0.5209,-0.506 ]
[-2.1198, 0.6495, 0.31  , 0.0953, 1.9595, 0.235 , 0.222 ,-0.1888, 0.797 ,-1.1541,-1.1251, 0.8792,-0.1251,-1.8413, 1.0913,-2.8035,-1.9872,-3.0074,-1.8209,-0.7279,-0.5603]
[-1.8949,-2.5384, 0.3559,-2.1847, 1.0791, 2.8455,-0.4271, 0.8228, 1.0339,-2.0166,-0.662 ,-2.4024,-2.8633, 2.9939,-3.0317, 2.4491,-1.7621,-1.6308,-1.4439,-0.8258, 1.9436]
[ 1.2104, 1.9061, 2.8291, 3.0238, 2.5058, 1.6765,-0.9485,-0.9324,-2.1859,-0.2984, 1.91  , 1.085 ,-0.0556,-1.6418, 0.1486, 2.0783, 0.1377,-0.0301, 0.1671, 0.1284,-1.5989]
[ 4.2423, 1.4037, 5.2821, 1.1446,-0.9122,-2.6235,-0.2975, 1.91  ,-2.4343,-0.32  ,-2.2378,-2.3089, 0.814 , 0.5052, 2.274 , 1.1285, 0.3375, 1.5825,-0.8542, 0.4821, 1.4673]
[-1.3799,-1.7275, 1.6107,-0.1349, 2.7269,-1.4121, 1.2029,-2.9186, 1.7872,-2.6705, 1.1141,-1.2476,-3.0063,-2.5825,-2.5725, 1.811 , 2.1168,-0.1512, 2.0375, 2.4163, 1.3125]
[ 0.5421, 0.0261,-2.8564, 2.2121, 0.6334,-0.9405,-0.1319,-2.5688, 2.5918, 2.9382,-2.1982, 2.6897,-0.0276, 2.2988, 2.3134,-1.534 , 2.5497,-1.706 , 1.5277,-0.1194, 2.7248]
[ 1.416 ,-4.6119,-3.4929, 1.0274,-0.4361, 1.096 ,-2.4818, 3.0129, 0.5676,-2.2144, 0.1813, 2.3054,-2.2569, 0.4916,-1.8881, 2.252 , 2.8044,-2.1105,-1.5206,-0.8576,-0.8256]
[ 3.3223, 0.5841,-1.7686, 0.7791, 2.0169, 0.46  , 0.4427, 1.494 , 2.2527, 1.606 ,-1.5646,-2.5251, 2.3127,-0.3691, 2.1758,-0.4157,-1.6366, 0.5002, 0.9276, 1.8442, 0.0789]
[-3.486 , 0.7284, 1.819 , 3.0704,-1.7402, 0.77  , 2.9228,-0.8878,-1.9159, 1.9811, 1.1172,-0.4134,-2.8714, 3.0745, 0.7914, 1.3859,-2.0338,-0.6287,-1.5227, 0.0461, 1.2516]
[-2.4121,-3.5687,-3.1305,-0.0041, 1.6818, 1.2152,-0.4368, 1.4731,-0.9679, 2.6034,-0.8141,-2.3908,-1.7524,-0.2061,-3.0591, 0.9883,-0.0386,-0.6588, 0.3148, 2.9672,-1.5763]
[ 2.7692, 4.8259,-4.8951,-3.0021, 2.1892, 1.9443,-2.8515, 2.2818,-1.1304, 2.8503,-1.9056,-2.9286,-2.1091, 0.0187, 1.3412,-1.3852,-2.7462, 0.6268, 0.0315,-0.7259, 1.6557]
[-0.9541, 1.7866,-1.9518, 0.6349, 2.2291, 1.3917, 0.2273,-1.5986, 0.4472, 0.7759,-2.5042, 2.9345,-1.4441, 0.9736,-1.0512,-3.1092, 2.6981, 1.1273,-0.7659, 1.8772, 0.1059]
[ 2.9682,-4.6742, 1.9452,-0.0848, 0.0457, 1.7472,-1.4322,-1.8762,-2.9385, 2.2734, 1.8137, 0.0818,-0.1577,-0.6466, 1.3382,-0.8399,-2.4403,-1.3261,-2.5335,-1.3511,-1.6356]
[-2.7303,-4.8472,-2.7054,-0.288 , 1.1353, 2.9932,-2.698 ,-1.3283, 0.792 ,-0.7919, 2.6975,-0.2381,-1.65  ,-2.0991,-1.6735, 0.0616, 2.489 , 2.1329,-2.138 ,-0.0536, 1.4246]
[-0.8371, 2.7187,-1.2096,-0.2769,-2.4391,-1.4205, 1.5669, 3.0883, 0.4306,-0.0225,-0.5911,-1.7305,-1.6331, 2.8715,-1.4785, 2.2031,-0.9931,-3.1283, 2.2392,-0.5596,-1.0248]
[ 4.5947, 1.0397, 1.8322,-2.3968, 3.0691,-2.1065, 0.8628, 1.2944,-2.201 , 3.0719,-2.405 , 2.0494,-1.4412, 3.0159, 0.0439, 2.9793,-1.9189, 1.0898,-2.3845, 0.1215, 0.2092]
[-3.0761,-0.78  ,-0.3428, 2.9348,-2.7844,-2.4763,-1.5166,-2.2715, 0.6878, 2.741 ,-1.4432, 0.0905,-1.9662,-0.2581, 1.6725,-3.1118,-3.1057,-0.4228,-1.8435, 0.3536, 1.5272]
[ 5.4065,-1.8701, 1.9282, 1.8458, 1.9812, 2.0813,-0.5065,-2.0658, 2.0629,-0.3351,-2.4307,-0.5684, 0.2884,-2.3697, 1.5814, 3.1314,-1.5777, 2.9681, 2.1188, 2.9544,-3.095 ]
[-4.5239, 3.9732,-3.1829,-1.5998,-1.4604,-1.7469, 2.8218,-1.9036,-0.8951, 0.4203, 0.3336,-1.9189, 3.1154, 2.7094, 0.5798,-0.2885,-2.6976, 1.4784, 2.7508, 1.2405,-2.3261]
[-2.6389,-3.9581, 2.9836,-0.4232,-1.6385,-0.5047,-0.8506,-2.0569, 2.0687, 2.4802, 2.8277, 0.8845, 1.0496,-1.4297,-0.5815, 1.0609, 1.6511, 2.5745, 1.7444, 1.9634, 0.2923]
[ 3.4085,-0.735 , 0.7074, 2.8288, 2.1992, 2.1202,-1.8936, 0.3717,-0.3772,-1.763 , 0.1774,-1.8781,-2.9644,-3.0978,-1.22  ,-2.3586,-2.7815, 0.2745,-1.1822,-2.9754,-2.9833]
