[-1.1473, 3.9233, 4.7665, 1.8885,-2.3958, 2.7913, 2.0012, 0.485 ,-1.6722,-2.4139,-1.9536,-0.7934,-2.3566, 2.5504, 1.9048,-2.2652,-2.6803,-2.4792]
[ 4.0776,-1.62  ,-5.0595, 0.0952, 1.74  , 2.9657,-1.3351, 2.7475, 2.2978,-2.3799, 1.5907,-0.7534, 2.5595,-1.2672, 0.1501, 2.0502, 2.9591,-1.1869]
[-5.3675,-1.5903,-4.5631,-1.5039,-0.7801,-1.9744, 0.0341, 1.1746, 1.5976,-0.2453,-2.2772,-1.1847,-2.3178,-1.3431, 0.3434, 2.7651, 1.7747,-1.9408]
[-1.2995,-3.9505, 1.6759, 2.786 , 2.4503, 2.7257,-1.6397, 0.2521,-2.3833, 3.1081,-1.0132, 2.0354,-2.3453, 1.194 ,-3.0658,-0.0224,-2.0746,-1.3903]
[ 2.8395, 4.7069,-2.9493,-3.1248, 1.264 , 1.3853, 0.4766,-0.7688,-1.9552,-0.0102,-2.9728, 3.1247, 1.418 ,-3.0389, 2.5978, 1.9684,-2.7603, 2.9087]
[ 3.8486,-2.0642,-4.9626,-0.5761,-1.9537, 1.242 ,-1.2949, 2.0308,-1.7809, 2.2731,-3.0907,-2.8204,-2.5724,-0.6042,-0.7872, 1.5245, 0.4844,-2.0319]
[ 3.64  ,-1.4458,-5.2696,-2.4429,-2.6254,-0.6275,-2.1379, 1.304 ,-2.0083, 1.0514,-3.0381,-1.1261,-0.9286, 2.9289,-2.6061,-2.3392,-1.892 , 2.9779]
[ 0.8799, 2.2993,-3.6579, 0.2684,-1.2943, 2.7725, 2.2354, 2.875 ,-2.1515, 1.9765, 1.5523,-2.8088,-1.9444, 1.6638,-0.3651, 3.0323,-0.4559,-0.0604]
[-2.0898,-5.1651, 1.9387,-0.5241, 0.9621, 2.9488, 0.068 , 1.5567,-0.6596,-1.9594,-2.8911,-1.7373,-2.0718,-1.1256,-3.0544, 2.0452, 2.2723,-0.5761]
[-0.7159, 4.4375,-0.7193, 3.019 ,-2.7289, 3.0109,-1.8267,-2.066 , 1.8825,-1.5199,-3.0266,-2.063 ,-0.1674, 2.2737,-2.806 ,-2.7456, 1.1293, 0.1981]
[ 1.6669, 4.4195, 3.4488,-1.6362, 2.1848, 0.4103, 0.1731,-0.8332, 2.7078, 1.0626,-1.7878, 0.7429, 2.3277, 2.8677, 2.4605,-0.2361, 0.239 ,-0.6673]
[ 0.203 , 1.1903, 0.2799, 1.5997, 0.0897, 2.8318,-0.4358,-0.09  ,-0.2167, 3.0842,-2.8629,-2.4795,-0.2692, 0.0846, 1.4541, 0.5638,-0.5703,-1.6186]
[ 4.1168, 0.8428,-2.873 ,-2.2091,-0.2604, 2.9219, 0.458 , 2.347 , 0.152 ,-2.4714,-2.9202, 0.6146, 2.7159,-0.4038, 0.4018, 1.5162, 2.8912, 1.1006]
[ 0.5754, 3.5841, 1.1591,-1.7504,-2.4422,-1.4437, 3.0268,-2.3951,-0.3362, 0.5239,-2.9451, 2.1475, 2.6659, 2.9715,-2.9143,-1.2029, 3.099 ,-0.4693]
[ 0.0779,-2.4357,-4.7128, 2.7159,-2.2389,-1.4866, 2.5838,-1.5663,-1.6501,-2.4956,-1.1806, 2.0451, 0.8919,-0.1364,-1.6081, 2.2596,-1.2549,-0.4623]
[ 4.914 ,-1.7256, 0.2747, 1.3126, 1.8983, 0.1659, 0.3907,-0.7463, 1.5885, 0.928 ,-2.2093,-2.0397,-0.9001,-0.0821, 2.9087, 0.0655,-2.2004,-0.5466]
[-5.3670e+00, 2.6219e+00,-2.7063e+00, 5.9953e-01, 8.0251e-01,-1.4082e+00,-1.0617e+00, 2.9124e+00, 2.4589e+00, 2.6658e+00, 8.5306e-01, 4.7076e-01,-1.3066e+00,-2.8389e+00,-2.0412e+00,-4.8813e-04, 1.1571e+00,-2.2954e+00]
[-3.3782,-4.361 ,-0.5668, 0.0283, 1.937 , 0.2138, 0.0315,-0.6568, 3.0757, 2.0877,-0.0706,-0.9524,-1.1365,-2.9179, 2.1675, 0.4464,-0.0395, 2.0861]
[-3.2933, 3.272 , 0.4818,-0.8452,-0.4176,-3.0905,-1.8989, 2.268 ,-0.8328, 2.2342, 2.0427,-0.2093,-2.4932, 2.142 , 0.1442, 3.0259, 1.3097,-0.1673]
[-3.7249, 3.2879,-0.1752,-1.0878,-2.1291,-1.9876, 2.2198,-2.3534,-1.6006, 1.9196, 2.1434, 2.6613, 1.9178, 1.1798,-1.2927,-1.8388,-0.33  , 0.2905]
[ 2.6796, 2.735 ,-2.2076,-2.5864, 0.3733,-2.7679,-2.6175, 2.3539, 0.8306, 1.7414,-2.8172, 0.8548,-2.5277,-2.1293,-0.7019,-3.0918,-0.2954, 2.2177]
[-0.7796, 1.3714,-1.31  , 2.5457,-2.4775,-2.3084,-2.0412,-0.4208, 2.8821,-1.6774,-0.0614,-1.5893, 0.9657,-2.4316, 1.1221,-2.3824, 1.2753, 1.089 ]
[-1.3367,-0.7876, 5.4117, 2.5993,-0.8768, 1.025 , 2.0603,-0.7598, 2.2419,-2.2603,-0.5911,-1.0647,-1.4637,-0.1964, 0.3769,-0.8438, 1.2524,-2.2868]
[ 3.7176,-2.9697,-3.5364, 1.4357, 0.6282,-2.4667,-1.8301, 1.7855,-1.3725,-2.1709,-0.897 ,-0.6157,-1.5655,-0.095 ,-1.2219, 0.4591, 2.689 , 1.5092]
[-4.1071,-2.1224,-3.4702, 0.6538, 2.6594,-2.6257,-2.4043, 2.9574, 1.8969, 0.9813, 2.7723, 2.9801, 2.4619, 2.6542, 0.8242, 1.4818,-2.0688, 1.7452]
[-3.0369,-4.499 , 5.179 , 1.9558,-0.269 ,-0.9916,-2.2471,-2.5055,-1.7723,-0.2266, 3.1054,-2.6011,-2.9503,-2.3982, 0.394 , 0.5369, 1.1892, 0.9393]
[-0.2506, 0.4768,-1.958 ,-0.6302,-0.3262, 1.673 , 1.233 ,-1.7954, 2.2357, 1.4569, 2.1361, 0.3515, 1.4656, 2.1842,-2.7226,-1.6417, 1.4062, 1.7683]
[ 2.7152,-2.3608, 2.9702, 0.2545,-0.5749, 0.5494, 1.4797, 1.6413,-2.7364, 0.2034,-2.7976, 3.0169,-0.8804,-2.4336,-1.4949,-0.6268,-2.068 , 2.2987]
[ 4.2993,-5.0945,-2.8346,-2.3826, 2.6066,-2.6339,-0.3119,-1.092 , 1.3656,-1.9748,-0.1522,-2.172 ,-0.324 , 0.1018, 2.903 , 2.0006,-1.0456, 1.9443]
[-0.4598,-3.5818, 3.7484, 2.6575,-1.9585,-0.9141, 2.9403,-0.2157, 0.6822, 2.9951, 0.5401, 2.1569, 0.2488,-0.4049, 0.2368, 2.1948, 1.0749,-2.6305]
[-0.1782, 4.1191, 1.1806,-2.9779, 1.9615,-0.4306, 0.5036, 1.6795, 1.2613, 3.057 , 0.7115,-0.2354,-1.882 ,-0.4394, 0.6251,-1.2663, 0.1145,-1.3233]
[ 0.9474, 4.5356,-5.0351, 0.8951, 1.2962,-1.5777,-0.5063,-2.823 ,-2.806 , 2.6333,-2.1274,-0.8299,-0.2544, 2.1019,-0.0988,-2.9252,-2.866 ,-0.63  ]
[ 0.6388,-5.4852, 1.5279,-2.9424,-0.8304,-2.8955,-2.1407,-0.231 ,-2.1205,-1.9149, 0.5767, 2.2802, 0.5082, 2.8011,-2.9178,-1.0826,-1.8585, 2.0979]
[-4.0956,-3.787 , 3.2022,-2.4777,-0.8178,-0.2441, 1.9485, 3.0837, 1.5614,-0.2893,-1.4286, 2.4475, 2.051 , 2.2498,-0.7491,-1.6596, 1.8114,-0.7422]
[ 0.4589,-0.3698, 3.4039, 2.6572, 2.7115,-2.6763, 2.8724,-2.4523,-1.5588, 2.2796, 3.0084, 0.2858,-2.1403, 1.851 , 1.1415,-2.0462,-2.0716, 2.1321]
[-3.9087, 4.8656, 4.8417, 0.5389,-1.257 ,-2.6513, 1.5021, 1.5365, 1.3241, 2.5324, 3.0879, 1.5401, 0.2253,-0.0289, 0.7948,-0.7084,-1.5157,-0.6074]
[-2.666 , 0.145 , 2.9383, 1.1855, 0.954 , 2.4422, 0.9376, 2.7807, 1.5597, 1.4937, 2.598 ,-1.6201,-1.423 ,-3.0248, 0.2827,-1.6126, 3.1178, 1.2601]
[ 4.9071, 0.5064, 2.7069, 1.4377,-1.507 ,-1.3843, 0.2677, 2.1734,-0.8804,-1.2529,-0.1664,-1.9814,-1.1176, 0.0534,-0.5621, 2.6262,-2.0005,-2.7962]
[ 3.1423, 2.4811,-0.3212, 1.6589,-1.9081,-1.7921, 2.2473,-1.024 ,-2.0798, 2.4515, 2.6684, 2.9742, 2.6241, 0.5302,-1.6656, 0.6215,-0.6481, 3.1172]
[ 5.4566,-0.1074,-3.78  , 1.2746,-2.5056,-0.5334,-1.5021, 0.0167,-1.5236,-2.7758,-2.4281, 1.6977, 0.8145, 1.081 , 2.5835, 0.5634, 0.0055, 0.8371]
[-3.1974,-2.157 , 1.2431,-2.9106,-0.7092, 3.062 ,-0.5581, 1.4861, 2.7181,-1.3051, 2.2505, 2.9279, 1.9861, 2.0946,-1.6246,-0.1267,-0.4897, 1.6216]
[-3.3471, 2.6868,-2.235 ,-0.9884, 0.3119, 1.5116,-2.101 , 0.0651,-1.1014,-2.9729,-1.2878, 2.3967, 0.7382,-2.2166,-2.2492, 0.9683, 1.8612, 0.7749]
[-2.4487, 3.2272,-3.447 ,-0.725 ,-2.5615,-2.6648,-2.5878, 2.4053, 2.7231,-1.7433,-2.9098,-2.1897,-0.1294,-0.0483,-2.9378,-2.9183, 2.6507, 1.0731]
[ 1.6053,-5.2232,-2.7493,-1.7966, 0.6475, 2.2917,-2.8177,-0.637 ,-0.1532,-2.1689, 0.7396,-2.4963, 0.284 , 0.66  , 0.1086,-0.2035,-1.9299, 2.6419]
[ 4.1505,-2.368 , 3.7993, 2.4054, 2.0561, 3.0345,-1.0952,-3.0893,-0.6706, 3.0755, 1.7609,-2.8734, 2.0382,-1.7217, 1.5044,-0.061 , 1.0746, 3.1054]
[ 0.8734,-2.7753,-1.8945,-1.6485,-1.6736,-1.6009,-2.7784,-2.3702,-2.3201,-0.6341,-0.368 , 2.6441, 1.7487,-0.5757, 2.2213, 0.8945,-2.3581,-2.8454]
[ 3.8178, 4.6042, 4.0757, 0.6226, 1.0284, 0.0164,-0.7031, 2.275 , 0.253 , 3.0857,-1.5371,-0.7905,-1.5705,-2.5337, 0.9764,-2.0794, 0.1509, 1.3144]
[ 3.1029, 4.7559, 4.0607, 1.5369,-1.9458,-0.4328,-2.6989, 1.2932,-1.8888, 1.0412, 2.294 , 2.9811,-1.9934,-1.0695,-0.6398, 3.0385, 1.8807,-2.3946]
[ 5.3692,-4.5645, 5.3442, 0.1438,-0.1198,-0.5166,-0.0361, 1.0911,-1.0483, 0.4879,-1.9241, 0.6363,-2.5954,-3.0176, 1.3223,-2.3152, 1.0336, 1.277 ]
[-2.5066,-5.0774,-2.6512, 1.5541,-1.3954,-1.3843,-0.5848, 2.2419, 0.9828, 1.5529,-1.095 , 0.5916,-1.4465,-1.8617,-2.4866,-0.633 , 3.081 , 0.2766]
[-4.5095,-1.1668, 1.9718, 0.557 , 0.5492,-0.53  ,-0.8954,-1.3736,-2.6581,-0.3102,-1.0714,-1.4206,-1.3394, 1.6843, 0.009 ,-1.4547, 1.2452, 2.7048]
[-0.1127,-3.2201, 4.6845, 2.2029, 1.9424,-2.9266,-0.1489, 1.2182, 1.7333, 0.8481,-2.7533, 2.7121,-1.1332,-1.3165,-0.4118, 2.7247, 2.8918, 3.082 ]
[-3.2355,-5.3192, 2.0539,-0.4626,-2.3728, 2.0449,-0.3945, 3.0564,-0.7497, 0.3521,-2.9741,-2.7014,-2.2979,-0.6427, 0.9107,-2.0995, 0.902 ,-1.323 ]
[ 2.5049, 5.1809,-1.1903, 2.1648, 2.7167,-0.1579,-0.8207,-2.7128, 2.6233, 1.4662,-2.325 ,-1.6518, 0.2278,-0.737 ,-2.9701,-0.2889,-1.6871,-1.4082]
[-4.0285,-2.5995, 1.9516, 1.2416,-0.5335,-2.5984, 1.0957,-0.1687, 1.807 , 1.0382, 1.1715, 0.0516,-1.7141,-2.9949,-2.3441,-2.0869,-0.5168, 0.4748]
[-1.597 ,-4.4962, 1.6077,-0.9334,-0.6476,-2.1616, 1.2181,-0.4676,-0.8624, 0.0471, 0.1138,-0.4646,-2.5059,-0.1867, 1.3903,-2.2094,-2.14  , 1.4731]
[ 1.9989, 0.6492,-4.5828,-1.4959,-2.8502, 2.7787, 2.6143,-0.9009,-0.9255,-2.607 ,-1.7944, 2.7487,-1.5121,-1.1382, 2.5033, 2.2782, 1.5056,-0.516 ]
[ 0.9447,-1.1905, 1.4248, 1.1337,-2.9173,-2.2729, 2.3382,-1.5441,-1.2783, 0.2172,-2.9094, 1.7455, 1.7244, 1.5436,-2.8918, 2.1227,-0.8067, 2.3792]
[ 5.2819,-2.3953,-1.2152,-1.3605,-2.8893, 1.2139,-1.3297, 1.748 ,-0.6176,-1.0052, 2.1816, 0.0361,-1.4579,-2.1473,-0.059 , 0.9847, 1.7497, 2.7821]
[-4.902 ,-2.5528,-2.0888, 0.2716,-1.307 , 1.9997, 2.3756, 1.0506,-0.9705, 2.9729, 0.7991,-0.6814, 2.9743, 0.339 ,-0.9699,-2.4886, 0.0555,-0.2922]
[-6.5724e-01, 4.0780e+00,-5.9442e-01,-2.4581e-03,-1.4264e+00,-1.8754e+00,-2.0016e+00,-1.9020e+00,-1.1957e+00,-9.1738e-01, 1.1796e+00,-1.6158e+00,-1.7379e+00, 2.3187e+00, 2.3554e+00,-8.5577e-01, 8.2278e-01,-1.0150e+00]
[ 0.5931,-5.4813, 1.7732, 1.6155, 2.7072,-2.2122, 1.5992, 0.0363, 2.7843,-0.9294, 2.1181,-2.444 ,-2.7198,-0.1664, 3.0491, 2.407 ,-0.9099,-3.0273]
[ 1.5382,-1.866 ,-4.9602,-2.9084,-3.1308,-1.4735,-1.2561, 0.5173,-1.4898,-0.7571, 0.0304, 0.9292,-0.539 , 1.765 ,-2.1674, 0.7559,-2.4079, 3.0949]
[ 1.4071,-0.8706,-0.6493, 2.9005,-2.0127, 3.1403, 0.7056, 1.4078, 2.1379,-0.8494, 0.4082, 1.6082, 2.4162, 1.613 , 0.8969, 2.4459, 1.3254, 1.5699]
[-3.2716e+00,-4.6969e+00,-3.4624e+00,-7.4469e-01,-1.1916e-01, 2.2458e+00,-7.2772e-01, 1.9629e+00,-2.8681e+00,-9.5348e-05, 9.5163e-01, 1.7756e+00, 2.0025e+00, 1.4485e+00,-1.2172e+00, 4.6956e-01,-1.7286e-01,-2.9515e+00]
[ 2.4555,-2.1991, 4.4082,-0.0911, 3.0626, 0.4488,-2.4422,-1.6902,-1.8581, 0.9684, 2.8234,-3.0288, 2.7012,-2.1395,-1.9687,-1.807 ,-2.5272,-1.9973]
[ 0.4851, 4.1726,-3.3376,-1.2854,-0.594 , 1.5547,-2.4022, 1.4601,-1.7476,-1.0221, 1.6638,-3.0532, 0.1474,-2.474 , 0.2424, 1.034 , 2.7119, 2.9474]
[-0.1903, 2.2484,-1.4361, 2.7859,-2.6333, 1.3608, 1.5209, 0.6968,-0.4364,-2.828 , 0.8889,-2.7072,-0.6839, 0.6801,-0.3219, 3.1275,-0.3811, 1.3799]
[-5.1274,-3.9814,-3.8408,-1.4411, 0.7939,-1.3875,-1.1761, 2.1362, 0.8842, 0.4743, 1.5172,-2.5843, 0.8823,-0.6045, 1.7446,-2.7636, 1.2357,-1.7435]
[-4.727 ,-4.8531,-3.8397, 1.1049, 2.7078,-2.4387, 2.7708, 0.8229, 1.5912, 0.2185, 1.8641, 1.6081,-0.7906,-1.2143,-0.8724, 2.6201, 0.2264, 0.7073]
[-4.0657,-1.2651,-0.7518, 0.4436, 0.0445, 3.1069, 1.9229,-1.9763,-1.4134,-2.6792, 2.3766,-1.5441,-0.1868,-1.6861, 2.4717,-0.3556,-0.4368,-1.2849]
[-1.6715,-3.9988,-3.6766, 0.8378, 2.4641, 1.2751,-0.6973, 0.3277, 0.917 ,-0.9439, 0.0464,-2.6861,-0.3114, 1.1937, 0.0975, 0.0677, 2.8589,-0.9271]
[ 1.4481,-0.7427,-1.6741,-1.604 , 1.7696, 3.0476, 0.8653, 0.8308, 2.9833, 1.8878,-2.979 , 0.2948,-1.5832,-1.4956, 1.1234, 3.1397,-0.4541, 0.5475]
[-2.8898,-0.5525, 3.3489, 2.1565, 2.0471,-0.5578, 0.1851, 2.2375, 2.1012,-0.901 , 2.8528, 0.3422, 1.8263,-2.7502, 2.848 , 0.8436, 2.8473,-2.8135]
[ 3.7003,-0.4092, 3.075 , 2.7358, 2.5659,-2.4321,-1.4555, 0.1999, 0.8341, 2.4512, 0.7342,-0.2732, 1.9092, 0.2427, 2.718 ,-1.8986, 1.3046, 0.4925]
[ 1.9849, 4.5293,-0.6689,-2.4753, 1.3145, 0.9719, 1.652 , 2.7356, 3.0645, 1.3798,-2.075 , 1.206 , 1.0476,-3.1099, 1.3984,-2.1618,-2.1939,-0.6191]
[-0.6262,-1.069 , 2.698 , 2.6191,-0.2684, 0.5568,-2.6278, 1.603 ,-2.091 ,-0.3232,-2.0191, 0.9506,-1.796 ,-0.0715, 1.0775,-2.2647, 2.8152,-1.6811]
[ 4.6786, 2.165 , 1.7953, 1.1219, 1.5587, 0.6275,-1.9352, 2.2224,-2.5476, 0.791 ,-1.2683,-0.23  ,-1.7409, 2.234 , 0.6402,-0.3951, 2.9116,-0.2637]
[-0.7378, 2.7306,-3.3396,-0.3995, 2.8526, 0.1966, 1.4374,-2.5619,-0.6825, 0.4664,-2.3255,-1.617 ,-0.1777,-1.3097, 2.7588, 1.6694,-0.6757,-1.9429]
[-1.0611, 5.4501,-1.4451, 1.9042,-1.1951,-1.0082,-1.483 , 0.2595, 1.4803, 0.45  ,-0.4318,-2.7424,-2.0473,-0.2564, 1.5495, 1.2581,-2.3718, 0.4395]
[-0.6831,-3.5972,-0.1936,-0.3489,-0.1265, 1.0853,-1.5527,-1.652 , 2.319 ,-1.0902, 0.8696,-1.4789, 1.0724,-0.9532,-0.7477, 0.4521,-0.8581, 2.6651]
[-2.7791, 0.3911,-3.3886, 2.2271, 2.4756,-2.7812,-1.3875, 0.0045,-0.601 , 2.6693,-1.3873,-2.7663, 2.1873,-2.7046,-2.8726,-2.2616,-3.0458, 1.3511]
[ 2.043 ,-0.9887, 3.4927,-2.86  ,-0.5265, 2.786 , 0.1163, 2.0111,-2.6722,-0.9331,-2.9253,-1.0166,-0.2084,-2.2507, 1.0897, 0.4991,-2.8888,-1.4465]
[-0.4674, 4.6494,-1.3553, 0.6686, 1.5129, 2.3266, 2.253 , 2.0812,-1.5658, 2.1346, 2.96  , 3.129 , 1.5572, 2.4382,-0.0669, 0.3086, 3.1083,-1.691 ]
[-5.2563,-4.0865, 5.192 , 0.3558, 2.8425, 2.9231,-2.7604,-1.9055, 2.4262,-2.1056, 1.9173,-1.6988, 0.9412, 0.5094,-2.1554,-2.7718,-2.3699, 0.606 ]
[ 1.4315, 1.5406,-3.7238,-1.1113,-1.3304,-1.1819, 2.8593,-2.7319,-0.0387, 0.0538, 0.5296, 0.292 , 1.9432,-2.6627, 1.8048,-2.5799, 0.9136, 1.121 ]
[ 1.5435,-5.3019, 4.5257, 0.2272, 1.8533, 1.6061, 0.9028, 2.3917, 1.7038, 0.7434,-2.4082, 2.0415, 0.8826, 0.9187, 0.1099, 2.0666, 0.5122, 2.1028]
[ 3.4361, 3.5472, 0.2298, 0.3838,-2.9145, 2.2937, 0.7416,-2.603 ,-0.2312, 2.4621, 0.5459,-1.6461,-1.6885,-1.4512,-1.3437, 1.4707,-2.8358,-2.8477]
[ 2.4744, 2.292 ,-0.8848, 2.6177, 0.6856,-2.3296, 2.3357, 2.2816, 2.0831,-0.8511,-1.3664,-0.6783,-0.0214,-1.6571, 2.021 ,-2.2663, 0.8979, 1.1547]
[ 1.6223,-1.9785,-3.2703, 0.573 , 1.3672, 2.9879,-1.0488, 2.5505, 1.1003,-2.2719, 1.1176, 2.7938,-0.312 , 2.0435,-0.9388,-1.5391, 3.0018, 0.7069]
[ 2.151 , 2.1593,-4.5932,-1.5389, 0.8124, 2.2879,-2.2574,-2.1339,-1.0886, 0.6414,-3.0039,-2.4942,-1.9755, 1.0975, 0.5282,-0.5109, 0.434 ,-1.1303]
[ 4.1875,-5.237 , 4.8788, 2.6957,-2.3712, 2.6704,-1.5908,-2.0186, 0.1944,-0.4278, 1.6908,-1.9294, 0.8612, 1.3362, 0.0266, 1.6378,-2.7936, 2.4473]
[-4.1304, 2.2407, 4.4257, 2.6723,-1.5123,-2.7744,-2.0971, 0.6937,-1.2732, 1.4291,-0.5956,-1.3761, 1.4363, 0.3784,-1.3197,-0.1667,-2.1035,-2.1705]
[-3.6578, 2.451 , 3.7819,-1.5359,-3.0169, 2.6312, 0.9147,-2.0757,-2.9387,-2.7506,-1.0076, 2.7616, 3.1291,-1.2379,-2.7021, 2.2246, 0.4658,-1.4873]
[ 4.5197, 4.0803, 0.8382, 0.817 , 0.1078,-0.0577,-0.814 ,-1.2247,-1.8623, 0.1781, 2.9169,-0.3829, 2.5469, 0.3349,-1.3899, 3.1092, 2.1001, 1.7034]
[-0.4074,-1.3817,-4.6438,-1.196 , 0.8806,-0.5084,-0.0287, 2.2498,-1.2811,-0.5688, 3.0774,-1.0528,-1.9192, 1.5091, 1.3766,-2.4034,-2.2639,-2.5714]
[-2.9127,-3.7722, 2.7145,-3.0885, 0.7114,-2.4401,-0.7052,-1.9596,-0.1251, 0.4777, 0.9795,-2.9254,-0.0779,-2.6843,-0.2041,-0.1984, 0.6641, 0.9595]
[ 1.307 ,-1.0333,-0.0356, 2.0226,-2.5342,-0.8326,-1.3574,-1.3014, 2.5037,-2.1085, 0.4596,-2.7589,-1.9737,-2.0892, 1.1818,-0.3524,-1.425 ,-1.9462]
[ 2.6135, 0.2718, 2.3777, 1.6282,-2.8063,-0.773 ,-2.9536,-0.9708, 2.9203,-1.7187, 1.3625,-2.2651, 2.6581, 2.1827,-1.4757,-2.9273, 0.4349,-0.4656]
[ 5.1167, 3.026 ,-0.9679, 0.0467, 1.914 , 2.6243, 1.7478,-1.2117,-1.0507,-2.8943, 2.4216, 1.6491,-1.8186, 0.6039, 2.8606,-0.4463, 1.4632, 0.1733]
