[-1.7493, 0.9195,-2.2848, 2.8694, 2.468 , 2.3287, 0.0963, 3.121 ,-2.1515, 1.9016, 0.4599,-0.7341,-0.6029,-0.165 ,-1.2751,-1.8226,-2.9492,-1.4169, 2.6641,-2.5918]
[-3.6114,-2.6689, 5.3392,-2.4584,-0.2838,-0.5897, 0.5182, 0.5202,-0.433 ,-2.128 , 2.4611,-0.8788,-0.8883,-0.3936,-0.9266,-0.0721, 2.8434,-1.269 ,-1.8199, 1.1022]
[-1.9762,-3.3341,-0.5852,-2.6052,-0.8818, 0.674 , 2.2328,-1.0253, 1.2669, 1.2543,-0.7838,-2.2732, 0.7196, 1.2926,-1.6573, 0.541 ,-1.9164,-1.982 ,-1.619 , 1.2227]
[ 0.4374,-2.2357,-0.9372,-0.1674, 1.0851, 0.9417, 0.9887,-1.6864, 0.554 , 0.3151, 0.8253,-2.5595, 0.85  ,-1.5901,-1.4399, 1.0825,-0.4043,-2.3935,-3.039 , 0.442 ]
[-4.0729,-3.2296,-1.4729,-1.9633,-1.8083, 2.4657, 1.5336,-2.2169, 0.6943, 0.8969,-2.3726,-3.0542, 2.0491,-1.1455, 0.2992,-2.1612, 2.6315, 0.9038, 2.2122,-2.5812]
[ 2.4853, 3.484 , 2.8114, 0.3423,-2.7891, 0.2887,-2.2834, 2.8539, 0.3319,-1.8588, 0.4966, 2.5334,-2.1553, 2.5339, 2.8848, 2.2068, 2.1811, 0.778 , 1.2646, 0.1106]
[-0.6691,-2.549 , 0.4116,-2.141 ,-1.5495,-2.5594,-2.5706,-1.1855,-0.2015,-2.9241,-2.3105, 0.2926,-0.8065, 3.056 ,-1.8643,-0.2544,-2.4219,-1.8542, 2.0511, 1.6513]
[ 4.2505,-3.0947, 0.2856,-2.1962,-3.0899,-3.0665, 1.9942, 1.8211,-1.2074, 0.1904,-0.6538,-1.1214, 0.085 ,-1.9895,-2.1943,-0.6249, 2.6831, 2.9391,-1.9611,-2.3273]
[-4.7128, 4.1111, 3.4827,-0.5498,-1.37  , 2.6047,-0.1312,-0.6981,-2.1925, 0.9254,-0.0782,-1.507 , 2.0444, 2.2671, 2.8345,-1.7113,-1.4924,-2.6219,-2.7946, 0.1899]
[-1.6204,-3.3174, 2.8601, 2.6744, 0.4583,-0.6794,-2.1471,-1.5884, 2.9797, 0.8071,-1.445 , 2.996 ,-3.0186,-2.3929,-2.2389,-1.2018,-0.6744, 2.7155, 0.8815, 1.4384]
[ 1.2456,-1.9543,-1.0418,-0.737 , 0.3314,-2.6118,-1.6396, 1.8013,-0.787 ,-0.6446,-0.8759,-0.297 , 1.7078, 2.7216, 0.0955,-0.968 , 1.3326,-2.3526,-2.8205,-0.3449]
[-5.184 , 0.4828,-4.727 ,-2.5384,-2.8171, 2.1702, 1.4318, 0.362 ,-1.4216,-0.1459, 2.4768,-0.9774,-1.6017,-2.1688,-1.49  ,-0.65  ,-0.8523, 1.7533,-2.5561,-2.3423]
[ 1.8131, 5.1698, 2.9713, 2.3288,-0.4938, 1.8939, 0.9801,-1.4017,-0.9938, 3.074 ,-1.1602,-0.6833,-2.9165, 0.5181, 0.9561, 2.282 ,-1.7778,-0.5016, 1.3225,-0.8898]
[-0.0839, 3.4096, 0.6261, 1.5315, 3.1281, 0.167 , 0.4172,-1.107 ,-0.4972, 2.3883, 2.9643, 2.7187,-1.6683, 0.1993, 2.189 ,-3.0032, 1.2255, 2.7389,-2.4936,-1.7132]
[-2.7185,-3.312 ,-1.3424, 2.6019,-1.9527, 2.8434, 1.3951, 2.0472,-0.1268,-2.0424,-3.0406, 2.5241, 2.9479, 2.1541, 0.9485, 1.9174,-2.4496, 1.9289, 1.3153,-2.7376]
[-1.2685, 0.7346, 0.7861,-2.0108,-0.6165, 2.9671,-0.7247, 1.8867,-0.3711, 2.4721, 0.5245, 1.8996,-0.6015,-2.0283,-2.8747, 2.2682, 0.5228,-1.153 , 0.224 ,-3.1062]
[-3.6945, 0.7492, 4.4162, 0.4925,-0.8431, 2.6717, 1.4325,-1.5787,-2.7842, 0.2238, 1.9476, 2.6859,-2.044 , 1.7395,-0.2282, 2.5384,-2.7335,-2.2107, 1.0086, 0.3138]
[ 2.7652, 5.4371,-5.2511, 1.3815, 1.3911,-2.9115,-1.8208,-1.0742,-1.5583, 1.9124,-0.4303,-1.2129,-2.0705,-2.9893, 1.0871,-2.1761, 0.9946,-2.7412, 0.1921, 0.5817]
[ 1.7005, 5.1243,-2.0949,-1.0023,-2.8582, 2.5976,-1.4148,-3.1182,-2.9526, 0.6474,-0.0191,-2.7293, 2.5408,-2.7162,-2.2475,-3.0588,-0.6213,-1.082 , 1.689 , 2.1652]
[ 5.4055,-0.2196, 2.1412, 2.7034,-2.2223, 1.1723, 0.5669,-2.0448,-1.4959, 2.616 , 0.3297,-2.3406, 2.7325,-1.8179, 0.8924,-1.3223,-2.5748, 0.6118,-1.6907, 1.069 ]
[-3.6313, 4.7972, 5.363 , 1.4455, 0.6807,-1.228 ,-0.5985, 0.9175, 0.5989, 1.8876,-2.7741, 0.8894, 1.1208,-0.2639,-0.844 ,-0.7103,-2.6474, 0.459 ,-1.6278, 1.5906]
[-0.0046, 0.5289, 4.1525,-1.8109,-0.8428, 1.5641, 3.0856,-1.0523,-1.2252,-1.6355, 2.1769,-0.7869, 1.9949, 1.4555, 2.6789,-1.0791, 2.5155,-2.0366, 1.1507,-0.131 ]
[-1.3753,-3.2014, 1.0112, 3.0847, 1.8151,-3.0489, 1.1182,-1.1675, 3.0425,-2.8267,-0.5026,-2.1535, 2.1932, 0.7894,-2.7601,-1.428 ,-2.4506,-1.0005,-0.3384,-2.9017]
[-0.9326, 5.4491, 0.2339, 0.9459, 0.1292,-0.7313, 2.8254, 1.5861,-2.7961,-2.9464,-1.3175, 2.972 ,-1.939 , 0.2714, 0.0465, 1.7073,-1.5182,-1.5854,-0.7241,-2.2158]
[-3.5302, 3.0624, 3.2736, 1.7891,-2.9477,-2.5637, 2.0209, 1.1567, 1.9165,-0.9734, 0.4539,-2.1694,-2.5231, 1.0329,-0.7136,-0.7496,-0.7385,-1.1834, 0.4241,-0.9893]
[ 0.3483,-4.8032,-4.4429, 0.3825,-0.8346,-2.3141,-2.5168,-0.6656,-2.1613,-1.7199,-1.467 , 2.5561,-1.2032,-1.4186, 1.7703, 0.941 , 0.7803, 1.8489, 2.2028,-2.3504]
[ 0.4234, 0.4612,-5.2443, 0.4681, 2.5233, 1.9672,-2.5527,-0.6726, 1.8833,-1.2822,-2.8453, 2.3375,-1.168 , 1.2397, 2.494 ,-1.7338, 1.9442, 0.0071, 1.4249, 2.5693]
[ 3.4239, 1.1459, 4.587 ,-2.3324,-0.4683,-1.0912, 0.0392, 0.0323, 1.4729, 1.2025, 1.4397, 0.5802, 1.1708, 2.8392, 2.1964, 1.1279,-1.0678, 1.5302, 2.7098,-1.9754]
[-0.4764, 5.4179, 4.0548, 0.0643,-3.0268,-2.0141,-1.2539, 1.3703, 2.2462, 2.2825,-1.6165, 2.6008, 2.7027, 1.6536,-1.193 , 1.1736,-0.4336, 1.7961, 2.2672,-2.9969]
[ 0.0474, 4.7821, 1.1607, 1.3015, 2.4757, 1.4318, 1.3736, 2.2187,-2.0409, 2.4854,-0.4413,-1.0702,-0.1756,-1.3558, 1.9575,-0.4722,-1.0816,-1.1408,-0.1889,-0.6219]
[ 0.5857,-4.4193, 0.6843, 0.2536, 3.0967,-2.2446, 1.5872,-2.2832,-1.3861,-0.2274,-2.3285,-2.8692,-0.0606,-1.9229,-0.514 , 0.1633, 1.8378, 1.5563,-3.1314, 2.0251]
[-4.2718, 0.8088, 0.9242, 0.5729,-1.7084,-1.0785, 2.1054, 1.9558,-2.3295, 1.7897,-1.8186,-1.629 ,-2.3994,-1.7174,-1.2901, 0.6319,-0.3648, 2.5556,-1.7185,-2.2831]
[-2.7091,-4.2945,-2.4155, 0.901 ,-1.4269, 0.9157,-1.5644, 3.0796,-1.7935,-0.3649, 0.7179, 0.6988,-3.0411, 1.0109, 1.9056,-3.0613, 0.8743, 3.0309,-1.3348,-0.8524]
[ 1.2163, 5.3743, 2.0364, 0.1653,-1.5811,-3.0091, 0.1165,-2.9808,-1.4331, 1.8611,-1.0221, 1.7926, 0.8312,-0.3589,-1.4914, 1.8302,-1.7597, 0.7629, 2.8587, 1.3844]
[ 4.7175,-0.5352,-5.0831,-1.8944, 1.8347, 1.2897, 1.9894,-3.0122, 1.984 , 2.8226,-0.4066, 0.0157, 3.0293,-2.0074,-1.671 , 0.8496,-2.9186, 1.0676, 0.2613, 1.3765]
[-2.9099, 3.5241,-5.1756, 0.4539,-1.3654,-1.8663,-1.204 ,-2.4137,-0.4466, 2.2792, 2.4245,-1.9863,-1.646 ,-0.4961,-0.9855,-2.3248, 0.3763,-0.3223, 3.1195, 2.2747]
[ 4.7968,-0.4614, 1.107 ,-1.4522, 2.8154,-1.395 ,-1.1329, 0.124 ,-2.1639,-0.9019, 2.754 , 2.867 , 0.491 , 0.9578, 0.3471,-0.6308,-0.8971,-0.9875,-2.2797,-0.9029]
[ 2.1678,-0.8241, 4.5885, 1.9564,-0.9993, 0.316 , 1.1367,-2.5342,-2.8668, 1.2752, 0.6419,-1.7487,-1.4169,-1.0395, 0.4627, 1.4172,-1.2027, 2.116 ,-2.5627, 0.6989]
[-0.7825, 4.7165,-1.1592,-1.6254,-1.4945, 2.7067,-2.1302, 1.8871, 0.3665, 1.9035, 0.1887,-2.0647, 0.8867,-0.6749,-0.2254, 0.573 , 2.2789, 2.4068, 1.7238, 2.2992]
[ 0.8271, 0.6254,-3.7004,-0.6637, 1.8032,-2.6972,-2.1422, 1.4047, 2.8898, 0.9804, 2.3785,-1.0567,-1.3008,-1.697 , 0.9194, 1.3188, 0.3992, 0.8837,-0.6819,-2.0065]
[-4.3911,-1.8478, 1.4197,-2.6688,-0.2108, 2.6071, 1.4924, 0.1777, 2.1689, 0.1141,-3.0997,-0.1535, 1.9333,-0.7221, 0.7864,-1.4324,-0.139 , 0.653 ,-1.3633,-0.2557]
[-2.0028,-0.1348, 0.9028,-2.0294,-2.975 ,-0.1782, 0.8952,-1.9584,-2.0768, 2.0936, 2.8545,-1.757 , 2.1405,-1.5932,-2.4361,-0.0125,-1.8038, 2.8084,-0.6555,-0.8387]
[ 4.6148,-3.6136, 1.7196, 1.5917, 2.6179, 0.1363,-2.8355, 2.8257, 0.3222, 0.2035,-1.5794, 2.0401,-0.9112,-1.5943,-2.932 ,-2.5414,-0.568 ,-2.3627, 1.1196,-0.7978]
[-1.8822, 2.3952,-2.4331, 1.8662, 2.161 ,-0.5711, 0.902 , 0.9699,-2.5618,-0.0454, 3.1389, 0.8098, 2.6761,-1.0846, 1.9785,-2.717 ,-1.1306,-2.0381,-0.8019,-1.8095]
[ 0.1988,-0.6691,-0.6332, 0.3393, 1.1122,-1.6978,-1.8832, 1.5024, 2.1176, 1.7112, 2.0427, 2.2651,-0.0486, 0.1299, 2.7309, 2.0385, 0.3096, 0.5993,-2.5658,-0.6827]
[-1.3333,-4.5928, 3.6248,-1.8536,-0.9049,-1.3945, 2.1925,-2.7107, 2.9927,-2.2464,-1.001 ,-0.0561, 0.0549,-0.763 , 1.158 , 0.6584, 2.7059,-1.9669,-1.2435, 1.8019]
[ 4.4277,-2.8432, 5.1008, 3.0225, 1.6612,-0.8246, 2.0579,-0.0745, 1.0258, 0.228 , 2.0571, 0.4102,-0.3796,-3.123 , 1.4792,-2.3401, 0.5726,-2.3941, 0.9696,-3.1305]
[ 5.1444,-0.5664, 0.7003, 1.1138, 2.9081,-1.8881,-0.0538, 1.6953, 2.7918, 0.6714,-2.7806,-1.9999, 1.1163, 2.1007, 1.5855, 1.0245,-0.2244,-1.917 , 2.5877,-0.6338]
[-2.8136,-1.0344,-0.3966,-0.0126,-2.9517,-2.8009,-1.3881, 2.9336, 0.434 , 1.0849,-0.635 ,-1.1188, 1.7806,-2.0574,-2.9573, 0.1967, 0.4015, 2.285 ,-3.1249,-1.8013]
[-2.7176, 3.6131,-4.9046, 1.764 ,-2.3394, 2.6305,-1.3043,-1.4396, 0.8237,-1.8683, 2.3609,-0.3871,-1.8999, 1.8293,-0.0215, 0.1636, 0.0889, 0.3465,-1.7018, 0.0664]
[ 0.1832,-2.7097, 1.3003,-0.6853, 2.2984, 1.0765,-1.6143,-2.811 ,-3.0761, 1.8724, 2.4822, 3.0702,-3.1221, 2.9252, 1.2117,-1.8191, 1.545 ,-2.6093, 0.2122, 2.7722]
[ 3.2635, 3.6906, 3.3569,-1.2659,-1.4789, 0.0075, 1.8909,-1.0475,-2.0548, 2.5652,-1.2631, 0.7135, 2.7392,-2.9235, 2.5405,-2.2213, 2.302 , 0.9281,-2.8592,-2.9376]
[-3.0546, 3.0601, 0.3346,-1.6009, 0.1599, 0.8859,-1.7347, 1.7063, 3.0234,-2.2889, 3.0554, 2.7391, 2.0305, 2.679 , 0.4106,-0.5485, 2.7904,-1.4832, 2.6269,-2.0448]
[-0.692 , 4.6752,-1.6679,-0.6166,-0.366 ,-0.0475,-0.2986, 2.4079, 2.3532, 1.0185, 1.4022, 0.9577,-2.0692, 2.3799,-2.5483, 0.3877,-1.1968,-0.9619, 2.156 , 1.3211]
[ 1.8267,-0.5991, 3.4555,-2.6123,-0.4845,-2.2207,-0.1067, 1.5855, 1.2767, 2.6505,-1.9238, 2.1373, 0.8076, 2.3113,-0.6425, 0.8512,-0.0668,-1.2109, 1.066 , 1.2205]
[ 1.2413, 2.0124, 0.5756, 3.1242,-2.1678, 0.2694, 0.2937, 2.8782,-0.0747, 2.8164, 2.4938,-1.305 ,-1.7586,-3.0859,-0.8405, 0.3703,-0.6828,-2.6586,-2.3063,-0.9788]
[-4.7779,-3.2447,-1.1521, 1.2397,-2.1598,-2.7005,-2.4367,-2.868 , 0.9279, 0.1737,-2.2448,-2.0687, 0.0485, 0.5498,-2.488 , 1.8509, 2.9081,-3.0842,-2.6601,-1.8166]
[-3.8918,-0.6308, 1.7199,-0.2454,-1.7377, 1.7793, 2.2072,-1.3516,-2.2504, 2.1131,-2.4515,-3.0118, 2.3736,-1.029 ,-1.6981,-1.1805,-2.9277,-2.6845, 1.2432,-2.2815]
[-2.5165,-3.3607, 1.5841, 1.4052,-2.0928,-1.2937,-1.3531,-2.9059,-1.1146, 0.0746, 2.4808, 2.3303,-1.4786, 2.8416, 2.2157,-2.5435, 0.6937, 0.0217, 0.3698, 1.1612]
[ 2.6349, 3.8009, 4.913 ,-0.7196,-1.9879,-2.2803,-0.9988, 2.4692, 3.1395,-2.3273,-0.3813, 1.7838, 2.8985, 1.4477, 2.8463, 2.4874, 2.9158, 3.0095,-0.1042, 1.5421]
[ 4.3069, 2.8321, 0.5976, 2.747 , 1.1077, 1.8003, 0.5718, 2.7578,-2.3132, 0.6076,-1.2598,-0.338 , 1.5539, 2.2155,-2.8499, 0.8362,-2.1809, 0.6608,-2.9393,-0.9189]
[-0.1376, 1.1642,-3.8212,-1.8653, 2.6375, 2.5993,-0.2148,-1.2845, 2.4329,-2.4562, 1.2161,-2.7573, 1.4429,-1.5126, 0.4549, 0.989 ,-2.7648,-2.6759,-2.6188, 1.092 ]
[ 0.0803,-3.618 , 4.4488,-2.6068, 0.6507, 0.7061, 1.6249, 2.2254, 2.0373,-1.2222, 2.5717,-2.6167,-2.258 , 0.5913, 1.6726, 1.6438, 1.2529,-3.0043, 1.7942,-2.9044]
[-0.2925,-1.8062, 0.996 ,-0.6233, 1.1451, 0.4014, 0.7047,-1.0222,-1.5393, 2.1891, 2.1829, 2.144 , 0.1241,-2.6341,-2.5729, 1.6994,-1.3825,-0.7171, 3.0397, 0.9729]
[-3.9514,-1.434 ,-0.1538,-0.0213,-1.6058,-1.9858,-1.8211,-2.6685, 1.6523,-0.3315, 0.7985,-0.9782,-0.0715,-1.8531, 3.127 , 0.6471, 1.9662, 2.1339,-1.603 ,-2.0029]
[-3.8635, 2.7781,-0.1634, 2.3807, 3.0825, 0.066 ,-1.311 , 1.937 , 1.5014,-0.4431, 0.6321, 0.0276,-2.9986, 2.0811, 0.1861, 0.5989,-2.2131, 2.8851, 1.4014, 0.9033]
[ 3.8399, 1.1459, 3.1752,-2.6892, 3.1112,-2.1597,-1.8476,-0.9261, 2.5306, 2.6697,-1.6127,-0.2066,-1.5961,-1.6033,-2.8007, 1.4401, 0.3911, 1.8908,-2.8949,-0.7353]
[-0.0528,-4.9371, 4.2771,-0.1286,-0.1893,-1.7334, 1.0795,-0.7072, 1.2022,-1.5297,-0.7597,-0.8631,-0.2739, 1.0436, 0.034 ,-2.9963,-3.0084,-2.3757,-3.059 ,-2.3922]
[-0.1956,-2.095 ,-0.7394, 0.7719, 1.3563,-0.3578, 2.7843, 0.1721,-3.0725, 1.8707,-1.5778,-0.1664, 2.6767,-2.341 , 0.173 , 1.2655,-2.6912,-0.0321, 3.0138,-0.7994]
[ 3.2772e+00, 1.1522e+00, 5.2476e+00,-1.5408e+00,-2.7213e+00, 9.3196e-01,-2.4600e+00,-3.0372e+00,-2.3017e-01,-1.5329e+00,-1.1415e+00,-1.8184e+00,-2.0769e+00, 2.0925e+00, 2.9673e+00, 3.0298e+00, 1.7321e+00,-1.9385e+00, 3.3726e-01,-4.1834e-03]
[-3.2085,-2.1859,-1.3095, 1.9118,-2.6814, 0.3723,-2.8743,-1.9042, 1.0294,-1.0816, 0.7806,-1.6115,-2.4154,-1.5495, 0.4997,-2.2888, 2.7662, 1.0638, 2.5914,-2.4263]
[ 2.0383,-1.6774,-3.3821, 2.0683,-1.6146,-2.7382,-1.3223, 2.0231,-0.1466,-2.5414, 1.635 , 1.2046,-3.0761, 1.7153,-2.2172, 2.2936, 0.9738,-1.9673,-2.8307,-0.5791]
[ 2.4055, 1.757 ,-4.6172,-0.6619, 0.2317, 2.2175,-0.0901, 2.7284, 1.4397, 0.3992, 2.2202, 0.4099,-1.1699, 0.4577, 0.0093,-1.2591,-0.7202,-2.0044,-1.8767, 0.492 ]
[-0.8564, 4.0462,-2.2605, 0.9326, 1.6733,-2.5515,-2.9502, 1.8713,-1.2169,-3.0329, 1.9782,-1.0686,-1.8961, 1.8894,-2.6661, 1.3046,-1.2383, 0.9234,-1.0364,-1.9545]
[-1.6029, 0.4892,-0.2673,-1.4347, 1.3591, 1.0736,-1.397 ,-1.0885,-2.9372,-2.0217,-0.8532,-2.8466,-0.9307,-2.6979,-0.2602, 2.2952,-1.9599, 0.705 , 0.2608, 2.3882]
[ 3.89  , 4.8136, 4.8993,-2.1029, 1.4155, 0.9263, 2.3822,-0.5325, 2.5762,-1.21  ,-0.1781,-1.1584,-0.173 , 1.7759, 2.0624, 1.3137,-1.3931,-0.2486,-2.6336,-0.845 ]
[-5.4973,-2.4127, 1.286 ,-2.0012, 2.3538, 0.8297, 0.2175,-2.2562, 0.3939, 3.0708, 1.7518,-1.3638, 1.2069, 3.0368, 1.3348, 2.8765, 1.7605,-2.9432,-1.8258,-2.3997]
[-4.923 ,-1.9092, 3.4068, 2.9778,-0.6147,-3.0711,-1.1326, 0.0564, 0.3267,-2.9945,-0.5893, 2.9251, 0.719 ,-2.0184, 0.9498, 1.5307, 2.5152,-0.2728,-0.3459,-2.2789]
[-1.1387,-3.2435,-2.2546,-0.5255, 2.5074, 2.2095,-2.1279,-1.5026,-1.8686, 2.7821,-0.2805,-1.4817, 1.3698, 0.3759,-0.065 , 1.1816, 1.9823, 1.8274,-2.9084, 2.34  ]
[ 4.346 ,-0.1002, 3.7698, 2.2986, 0.5183, 1.1554, 1.0731, 0.9616, 1.7972, 1.6523, 2.188 ,-2.999 , 0.4693,-1.0425,-2.3528,-1.4391, 0.4381, 0.2725,-1.0979, 0.4075]
[-1.1344, 0.3346, 0.0409,-2.2433,-0.2413,-0.2345, 1.7666,-1.1191,-2.4234, 3.0046,-0.4528,-2.8297,-2.6035,-0.5311,-0.4711, 0.6463, 2.0317,-1.0387, 2.0345, 2.9382]
[-3.2377,-3.5845,-3.8023,-1.8665, 2.7331,-2.3846, 1.0926,-1.9962, 0.3882, 2.2962,-0.3977,-0.373 ,-1.7656,-0.0503, 2.6968, 1.2212, 3.062 ,-2.4699,-0.5362,-0.6081]
[-3.4125, 2.851 ,-1.1313,-0.6884,-1.6027,-1.6817,-0.1827, 1.6896, 0.5782,-1.1161,-0.7257,-0.144 ,-1.566 ,-0.1664,-1.4568, 1.35  , 2.1989,-2.6588, 1.6244, 2.9245]
[ 0.6095, 2.0738,-5.2784,-1.622 ,-2.0893,-0.4071,-1.0908, 0.1736, 0.2964, 2.3103, 2.6407,-0.6847,-2.819 ,-2.3578,-2.8302, 0.5511, 2.253 , 1.045 , 0.6434,-2.8171]
[-4.9528, 4.2797, 2.1681, 1.6098, 2.1917, 0.5403, 2.3672,-2.0578,-2.7741, 1.0001, 0.5559,-2.3224,-1.8091, 1.6247, 2.907 ,-0.5533,-0.3977,-3.1031,-0.5201, 3.0387]
[ 0.9566, 4.1145,-3.5477, 0.6799, 3.0795, 2.0508, 1.2419,-1.7105, 0.22  , 2.6287, 0.1119,-2.494 ,-1.6189, 1.982 , 3.0082,-0.8648,-2.0177, 1.1206,-0.2572, 2.287 ]
[-1.4283, 4.8331, 0.4237,-1.6672,-0.2278, 1.1331, 2.1007, 0.8104,-3.1219, 3.0788, 2.5186,-1.7587, 2.9394, 0.4893, 1.358 , 0.1245, 1.8   ,-2.1993, 1.4228,-1.0682]
[ 4.8684,-4.7807,-3.9141, 2.1951,-2.9475, 0.087 ,-2.6789,-0.0068, 2.3452, 1.9576, 1.5637,-1.9232,-2.1384, 0.9098, 0.0775,-1.1257,-3.1247,-1.6491,-1.5503,-1.2566]
[ 4.5977, 1.1803, 3.9947,-1.9833, 0.6116, 0.0588,-2.3591, 1.6237, 2.9896,-2.3505,-2.7902,-1.7883,-1.4733, 1.0156, 2.5356, 1.6728,-0.7938,-0.1086,-0.9585,-0.7833]
[-0.6338, 3.7226, 5.0163,-1.7203,-3.0712,-0.877 ,-1.5071, 0.8014,-2.7745,-0.8885,-1.1072,-0.586 ,-3.1307, 2.4491, 2.6258, 1.5982,-0.5943,-0.0604,-1.5612, 0.7688]
[-1.1254, 4.8841,-2.3089, 0.5788,-0.8753, 1.6029,-2.3317, 1.2482, 1.7434,-0.758 , 2.6503, 0.5352, 2.3503,-2.3711,-1.6168,-2.5146, 1.989 ,-1.1911, 1.9304, 2.4956]
[ 5.4306,-3.3468,-4.4643, 2.3777, 0.4279, 0.5157, 1.2528, 1.3329,-0.1424,-0.5546,-1.7649, 1.5403,-2.9865,-0.9888,-1.5444, 1.8731, 2.8524, 0.4322, 2.9957, 1.2504]
[ 1.419 ,-4.407 ,-3.4646,-2.5525,-0.9726, 1.5498,-1.2674, 1.5226, 0.4661,-1.0321,-0.0821,-1.9664, 0.2443,-0.077 , 0.6299,-0.1287, 2.0761,-2.2765,-2.5204, 2.8982]
[ 4.1358,-3.5429, 2.4278, 2.877 ,-0.7133,-0.9967,-0.5724,-1.8543, 0.2652, 0.2851,-2.7131, 0.5353,-2.5194,-1.5636,-0.1398, 2.4696,-2.4954,-1.0247,-2.5715, 2.3996]
[ 3.5507,-3.6165, 2.436 ,-1.4174,-0.6897, 1.6582,-1.1229,-0.1641, 1.2403,-2.7802,-3.0536, 1.2867, 0.5425, 2.3439,-1.2321,-1.131 , 0.4199, 2.3313, 0.2989, 2.7277]
[-4.0658, 4.2212,-1.7862, 0.2729, 1.4357, 3.0964,-1.2574,-0.1961,-1.3667,-0.4182, 0.3979, 1.4085, 2.7037, 1.9289, 2.8004, 0.1226,-3.1185,-1.6566,-0.4305,-1.3885]
[ 1.391 ,-2.519 ,-0.9812, 2.4644, 2.7634,-1.0855, 2.9928,-1.2319, 0.8248,-0.4013,-2.6412, 1.9781,-2.3452, 3.1247, 0.7008,-0.5718, 0.2791,-0.1323, 0.0053,-1.3886]
[ 3.3798,-0.4035,-4.0766,-0.1257, 1.6532,-2.5475, 2.9022,-0.7599,-2.2205, 1.1799, 1.5357, 0.8505,-0.2975,-0.5685,-0.2157, 1.9096,-2.6177,-2.3741,-2.0458,-1.9383]
[ 4.1002, 4.5085, 3.7074, 1.6194,-2.2147,-0.8484,-1.9734,-0.1073,-1.521 , 0.9852,-2.0351,-2.9613, 2.4373,-0.5315,-0.16  , 1.6515, 1.3983, 0.9455,-1.8152, 2.0442]
[-3.769 ,-1.8996,-5.3316, 3.0078, 2.7224,-2.1837, 2.5777, 1.9523,-0.0814,-1.0586, 1.9894,-2.3384,-0.2945, 0.4639, 1.832 , 0.2595,-0.9241,-2.6318, 1.0066, 2.6948]
