[ 5.1751,-4.3846,-1.5366, 0.2568, 1.9137, 1.7364,-2.6203,-0.3966, 0.7281, 0.0571,-2.8334, 0.1908,-1.565 , 2.5861, 1.9946, 2.114 , 2.1463, 1.0851,-2.3211, 2.6411,-2.6084]
[ 5.3325, 3.84  , 2.1592,-2.8115, 1.1021, 2.636 ,-1.4285,-2.7945, 1.7577, 1.523 ,-0.0968, 0.4208, 0.4274, 2.8305, 3.0252, 1.4323, 1.0135,-2.8912,-2.5644, 2.7457,-0.3235]
[ 7.6340e-01, 1.3743e-04,-5.2582e+00, 2.8227e+00,-2.6309e+00,-2.4639e+00,-2.4130e-01,-1.0156e+00,-2.9783e+00, 1.5183e+00,-6.3169e-01,-1.1509e+00, 9.9776e-01,-2.7628e+00,-2.5443e+00,-2.7435e+00,-1.8086e+00, 3.6509e-01, 2.7273e+00,-9.1948e-01,-3.3997e-01]
[-2.8492,-0.7897,-2.8076,-2.1771, 2.8442,-2.5526,-1.392 , 0.1623, 0.301 ,-2.0288,-1.2386,-0.9518, 2.272 ,-2.6445, 1.5689,-1.4948, 2.3523,-2.9937, 0.38  ,-2.5975, 1.8304]
[ 3.9325,-1.2088, 4.1258, 2.2521, 2.8351, 1.2214,-0.3069,-1.8379, 2.6041, 1.3948, 2.6397, 1.6596, 3.1201,-1.5232,-2.236 ,-3.1198, 0.4277,-1.5965, 1.7919,-0.5137,-1.874 ]
[ 2.2233, 0.3593,-1.3013,-0.3441, 2.4423,-0.5362,-2.3076, 0.9728, 1.1056, 1.5872, 0.7984, 1.2606, 0.0692,-1.199 , 2.2232, 2.0072,-0.1305, 1.322 ,-2.291 , 1.7984, 2.9773]
[ 1.4599,-2.2179,-0.1426,-0.0051,-1.9008, 0.4998,-0.7599,-0.1129, 0.5227, 1.4168, 0.179 ,-2.4922,-1.97  ,-1.6329, 2.5017, 2.3955,-0.7096, 0.7543, 1.3006, 2.6882,-1.9501]
[-1.0963,-3.9151,-2.3366, 0.2914,-1.744 , 1.1284, 1.6001, 1.3559, 1.3117,-1.4014,-0.1385, 3.0375, 1.4864, 2.3432, 1.468 , 0.877 , 1.356 ,-2.11  , 1.7134, 1.9238,-0.2758]
[-1.4899,-4.8613,-1.1743,-0.8867, 1.6961,-3.0952,-2.8323, 0.9775, 1.9355,-0.4649,-2.6064,-2.2817,-2.2253,-0.2123,-2.3476,-1.2574, 0.7141, 2.4173,-0.607 , 2.2726,-0.0763]
[-3.3523, 1.2756,-5.4606, 0.2656, 1.1873, 0.1612, 2.4604, 1.9985, 2.0512,-1.2551, 1.3667, 2.3476,-1.9637,-2.0256,-1.0269, 0.6063,-1.2297, 0.1653, 0.0769,-0.1665,-0.7705]
[-4.2998, 2.9911, 3.1792,-0.9026,-1.6358, 3.054 ,-1.6013, 0.3053, 2.1216,-0.7292, 1.4238, 1.7305,-2.6834,-0.8369,-0.2655,-1.2823,-1.7279, 2.1302,-2.3648, 1.6385,-1.6188]
[-4.5089, 2.3597,-3.188 ,-2.124 ,-0.3852, 0.9415,-3.1127, 2.0983, 0.3947,-0.6883, 0.424 ,-1.0737,-0.1676,-1.1554,-1.6137,-1.1654, 2.2345, 0.2015, 1.1406,-0.2135,-1.2243]
[ 4.069 ,-5.4631,-2.6284,-1.4755,-2.8191, 3.0039, 2.9991,-0.5416, 0.7671, 2.3044, 1.7398, 0.696 , 0.4322,-2.0544, 1.2131, 1.9193,-0.2406, 1.6974, 0.5634, 1.7449, 2.0806]
[ 3.0184, 2.4584, 1.2686,-1.1594, 0.5131,-1.8919, 2.3406, 1.8187, 0.5283,-2.4269,-2.8411,-2.242 ,-1.3056,-1.1931,-2.0984,-3.106 , 1.1949,-1.9113, 2.6782,-1.8877, 2.3931]
[ 4.8381,-3.0789,-1.535 ,-1.6257, 1.3086, 1.9935, 0.8202, 2.6759, 1.6708,-1.4742,-2.7575,-2.0422,-0.9706,-2.3654,-0.8906, 0.3761,-0.982 ,-1.4444,-3.0459,-0.3415, 1.0878]
[-0.1363,-1.7528, 4.2047,-0.7479, 1.2599,-0.8148, 0.4012, 1.5843,-1.7584, 2.1737, 1.852 , 3.0775,-1.2837, 1.2811, 1.1588, 0.3353, 2.0844, 0.9263,-0.3975,-1.9627, 1.1106]
[-2.2916,-5.1692, 3.356 , 1.2874, 3.0349, 0.9441,-0.6977, 0.5678,-1.9716, 2.2988, 1.9375, 2.5053,-1.6119, 0.7485, 0.5321, 2.6455, 2.3266,-0.4333, 0.5658,-1.1093, 2.9893]
[-4.9682,-0.2583,-1.2038, 1.2411,-1.3964,-0.0498, 0.3461, 1.0116, 2.5365,-1.7646,-0.8654,-0.9303, 2.0857,-1.1605, 3.0115,-1.4429, 0.4193, 0.5452, 0.3459, 1.6029, 0.9684]
[-4.8276, 5.1894,-0.5868, 1.507 , 0.0208,-1.5091,-0.6054, 1.227 ,-1.719 ,-1.0431,-2.9096, 2.8409,-0.9166, 0.66  ,-2.8773, 1.1654,-2.8317, 0.5738,-1.4439, 1.1885, 2.6476]
[ 1.188 ,-2.7192,-5.4535, 0.4281,-1.1299, 0.614 ,-0.6307,-1.6638,-1.1665,-2.6432,-0.1228, 0.7671,-1.4074,-2.1237,-0.7717,-0.513 , 2.5489, 0.8822,-2.476 ,-2.6847,-2.6631]
[ 1.348 , 1.8062, 0.4183, 1.4598,-0.3112,-0.7379, 0.1425, 1.9523, 0.1393, 0.2137, 2.2535,-2.3556, 2.3796, 3.0009, 1.1197, 2.7418,-0.7967, 2.2899,-1.6578, 2.2398,-0.5871]
[ 1.9139, 3.7263,-4.0816,-1.6119,-0.7091,-2.5214, 2.9675, 0.2426,-3.0031, 1.179 , 2.2131,-2.9747,-2.489 , 2.7929,-0.3804, 3.041 , 3.0794,-2.1646, 2.0124, 2.9232,-0.5776]
[-4.5296, 4.6116,-0.7649,-1.4879, 2.5888, 0.5039, 2.2016,-2.4715, 0.0064, 1.965 ,-2.4966,-1.8493,-2.5252,-1.1449,-0.899 ,-2.78  , 2.2343, 0.9742, 1.7065,-0.0417,-2.7669]
[-0.4206,-4.1414,-5.06  ,-1.0595, 1.3941, 1.5163,-1.8339,-2.1669,-2.4936,-2.7533,-0.1046,-2.0592, 1.5347, 0.2847,-0.0333, 1.4274,-3.0846, 2.9911,-0.9522,-0.918 , 0.3301]
[ 3.3558, 1.1488,-3.1393,-0.8613,-2.2924, 2.1769, 0.674 , 0.0377,-0.9833, 2.8697, 0.3381,-2.3658,-2.4564, 1.0091,-2.4578,-2.257 , 3.0222,-2.6058, 2.8282, 1.6853, 0.9714]
[ 1.5208,-2.0082,-3.9429,-0.9391, 2.5436, 0.2145,-2.6079, 1.823 ,-2.8709, 1.132 ,-0.2274,-1.8101,-1.7649,-0.6219,-1.0212, 1.3597, 1.0531, 1.9531, 0.9631,-2.5216, 1.3321]
[-3.7058, 1.4697, 4.412 ,-0.8659,-1.4638,-2.4109,-0.6484,-2.9573,-0.2289, 2.2212,-3.    ,-1.5022,-1.2445,-2.3459, 1.221 ,-2.1831,-1.7775, 0.8761,-0.3225,-0.472 , 0.5072]
[-3.2055,-0.6876, 4.1646, 2.2175, 2.4766, 0.1896, 1.4589,-1.1224, 0.5033,-2.6374, 1.1529, 2.1029,-0.6147,-1.4172,-2.8871,-0.9128,-0.8375,-1.5471, 1.688 , 2.9101, 0.9413]
[ 4.6824,-3.7033,-4.2436,-0.6725, 1.1434,-2.4418,-1.9301,-1.8882, 0.2044, 2.8507, 1.5357,-1.6086,-1.3448, 1.3328, 0.3121,-1.3507,-2.0161, 2.6013,-1.7791, 2.5806,-1.2184]
[ 4.8157,-5.2524,-3.6359, 0.7534, 0.7366,-1.2411,-0.7468, 1.8427, 1.5809,-0.7101,-1.8312, 2.9391,-2.9337, 3.0881, 1.6707, 2.44  , 0.0895,-0.5274,-1.3208,-2.5208, 0.3475]
[-3.3931, 1.5466,-2.129 ,-2.5739,-2.8067, 1.5644,-1.4679, 2.1531,-1.1857, 2.2447,-0.0394,-2.3381,-0.572 , 0.8859,-3.0958,-2.8736,-1.8893, 0.8596, 0.699 ,-0.2121,-2.2549]
[-1.0607,-4.5272, 2.2758,-1.2255,-0.3094,-0.4979,-0.8676,-2.0295,-3.024 ,-2.047 ,-1.2005, 1.9859,-2.8327,-0.0157,-0.9116,-0.3377,-0.6097, 0.0677,-2.472 , 1.3692,-1.9574]
[-0.3494, 5.3567, 2.7046,-1.8793, 1.6945, 1.1234,-1.8606, 1.4784, 1.1101, 1.4824, 3.1021,-0.8228,-1.1405,-0.3625,-2.8164,-2.3455,-2.8979,-0.7546,-1.5069, 3.0918, 2.4555]
[-3.4541, 0.6226,-0.2517,-2.24  ,-2.2822, 1.6592, 2.2559,-0.0479, 0.4542,-1.6891,-0.3335, 2.8853,-2.3074,-0.2614,-0.5625,-2.9754,-2.18  ,-0.1248,-1.491 ,-0.6575, 2.9908]
[ 0.0276,-4.9101, 3.3698,-2.7562, 2.2987, 1.8475,-2.1052,-2.7518, 2.7277,-2.0924, 0.4769, 2.4165, 2.7491,-2.859 , 2.1592,-2.3967, 0.5206,-1.8941,-1.9876,-0.6925,-1.3954]
[ 3.4822e+00,-5.2327e-01,-1.4946e+00, 1.5109e+00,-1.3184e+00,-1.8731e+00, 2.6367e+00, 4.7594e-04, 4.3105e-01, 2.6825e+00, 2.9608e+00, 9.9773e-01, 3.0533e+00, 1.8491e+00, 3.0911e+00, 2.6829e+00, 6.2826e-01, 1.0617e+00, 1.9719e+00,-3.1083e+00,-1.0680e+00]
[ 1.6357,-3.6118, 2.2418, 0.4138, 1.9118, 1.991 , 1.0246,-2.0806, 2.4848, 0.4404, 0.7421,-0.5702,-2.8478, 0.462 ,-1.8455, 3.1139,-1.9573,-2.3349, 0.0588,-0.6507,-1.6266]
[ 1.1698,-0.5795,-1.712 ,-0.296 , 0.4717,-0.8589,-0.6771, 2.2159, 2.6187,-1.9403,-2.9092,-2.2597, 0.8678, 1.0825,-0.6604, 1.8997, 2.8744,-1.2794,-2.8054,-0.5525, 0.7111]
[ 1.2586, 0.0515,-3.5879, 2.5726, 1.2914, 2.2186, 2.0827,-2.2618, 2.4172, 0.1056,-2.9679, 1.8587, 1.8082, 2.3209, 2.6451, 1.0991,-0.1655,-2.1274, 2.4441,-3.0581, 1.7655]
[-1.6719, 2.3983,-0.7081, 2.6897,-0.1979, 0.408 ,-2.6828,-1.608 ,-2.4497,-1.2892,-1.3438,-0.2012, 2.5992,-1.7959,-0.8169,-1.6865, 2.9311, 2.0453, 0.0638,-0.7887,-2.6264]
[-0.272 ,-1.898 ,-4.5593,-1.269 , 1.7911,-2.0363,-1.1683,-1.3843, 1.1315,-1.3618, 1.1987,-2.5917, 3.1403, 2.8502,-2.686 ,-0.6163, 1.548 ,-1.6096, 0.5075, 1.6337,-2.6249]
[ 1.285 ,-0.1083, 4.4435,-1.2047,-0.6684,-1.3461, 2.694 , 2.199 ,-0.3148,-0.2153, 2.8808,-1.8856,-0.0089,-0.3003, 1.178 ,-1.6646,-0.5504,-0.3288, 2.409 , 2.7352, 0.6823]
[ 4.4342,-3.7297, 3.5698,-0.8555, 0.5834,-2.9055, 1.5192,-1.7417,-2.6874,-3.1151, 2.2141,-2.8803,-1.8032,-1.9233,-0.6202, 1.2875, 1.2017, 0.1582, 2.0091, 0.7365,-1.3137]
[-3.0469, 4.0393, 3.8633,-1.1817,-2.1855, 1.5821, 2.7795, 2.7973,-0.2258,-2.7686, 2.1735, 1.4086,-2.6006, 3.1392,-0.1083, 2.7856, 2.5794,-2.7567, 1.8813,-1.6935, 1.8436]
[ 0.9752, 1.681 ,-1.763 , 2.4351,-3.1028, 0.8515, 2.3132,-1.9167,-2.2073,-3.0895,-0.8747,-2.6258,-1.7108,-1.3835, 1.2826,-2.5083, 0.246 ,-0.0447, 2.9648, 1.0282,-1.8618]
[ 4.4556,-3.3711, 1.6655, 2.9762, 0.5714, 0.4085,-1.7509,-1.9983,-1.144 , 2.5939, 1.3949, 0.6882, 2.2855, 2.2422,-1.6705,-2.3464,-0.9637,-2.5242,-0.7011,-3.0684,-1.2747]
[ 1.8435,-4.9769, 4.908 , 1.4321,-0.5345, 3.0851, 1.7171, 0.5875, 2.6436,-1.8648, 3.0813, 0.5872,-0.909 , 2.7868,-3.0013, 1.9604,-2.8884, 1.8029,-1.2156, 1.5918,-0.9078]
[-4.6005,-2.4648, 1.5949,-0.8382,-2.2284, 0.0948, 2.02  , 0.3095,-3.0241, 2.5488,-1.7532,-2.4975,-0.1938,-2.8293, 0.7624,-0.6493, 2.2437, 2.0831,-1.7094, 2.3264,-1.3568]
[ 3.2652,-4.6238,-5.3325,-0.6848, 2.1165, 0.1378, 2.0101,-2.248 ,-1.4352,-2.5469, 2.0608, 2.7795, 2.1517, 1.8201,-2.5669,-1.8703, 0.6711, 0.4712,-3.139 , 1.112 ,-1.6995]
[ 3.6166, 2.7077,-5.3343,-2.4332,-0.743 ,-0.4064,-1.2592, 1.8146, 0.1363,-1.7596, 0.3707, 1.884 ,-0.6235, 3.1188,-0.8157,-0.9416,-1.5843,-1.0533, 1.3715,-2.3871, 2.3279]
[-2.7889, 4.7862, 3.5449, 0.1939, 1.5434,-0.4529, 2.731 , 0.7884,-2.8883, 1.9121, 1.2961,-2.178 , 2.1215, 1.4529,-1.7917,-1.0238,-2.8144,-1.144 , 0.2971,-1.0799,-1.8093]
[ 2.6581,-1.4695,-5.4533,-0.2275,-2.5922,-1.85  , 3.1094,-2.0704, 2.2962,-0.6851, 2.2811, 1.444 ,-1.9778,-0.6405, 2.4454, 0.0651, 0.1497,-1.724 , 1.6898,-1.4661, 2.2889]
[ 4.495 , 4.9987,-1.7571,-0.0567, 2.3045, 1.2881,-2.2279, 2.3126, 3.1141, 3.0552, 2.0422,-1.1334,-0.4533, 1.718 ,-3.0446,-0.4763,-1.8665, 2.2434, 1.9896, 0.5441, 2.2881]
[ 1.2633,-1.6386,-4.0392,-2.1989, 0.5737, 2.7645,-0.1844,-0.1144, 0.7183, 0.8498, 1.3444,-2.8248,-3.0876,-1.1425, 1.4555,-2.6363, 1.7962,-0.1054, 2.8477,-2.9008, 1.0114]
[ 3.353 , 1.881 , 1.4785,-0.2059, 2.1091, 0.9368,-0.2359,-2.1498, 1.4399, 1.1782,-0.2451,-0.7134,-0.2136, 0.9703, 1.3654, 1.23  , 2.0788,-0.995 ,-2.3904, 1.0435,-0.6325]
[-0.5602, 2.0824, 4.0563, 0.0486, 0.9144, 1.5841,-0.1802,-2.2324,-1.1155,-0.4651,-0.7419,-1.5336,-1.6931,-1.0117,-0.4093,-1.9445,-1.3087, 0.7281, 1.8063, 1.2463,-2.1799]
[-1.2121,-3.6766,-4.8968, 2.6309,-1.5718,-1.8266, 1.6994, 2.0568, 0.7837,-0.0848,-1.3041,-2.6459,-0.1929,-0.2925, 0.7555,-2.0898, 1.5008, 2.9295, 1.4109,-0.8793,-0.5854]
[-3.194 ,-5.3655, 3.2507,-0.7176, 3.1138,-1.4765,-3.1397, 1.7134, 2.2299, 2.9816, 1.2503, 2.6959,-2.9039,-0.1306,-0.2347,-2.6063,-2.2339, 2.1462,-0.6694, 1.6154, 1.2996]
[ 4.2176,-5.3767,-1.4645,-2.6477,-1.4638, 2.7005,-2.4467,-2.3466,-1.7041, 2.7404,-2.8432,-2.5513, 0.072 , 1.8259, 0.4384,-0.3328, 1.8748, 1.5425,-1.0364, 1.4474,-2.5012]
[-0.977 ,-0.5805, 1.2588, 2.3176, 2.9831, 0.8993,-0.628 , 2.0786,-1.2261,-1.4463, 0.171 ,-0.684 ,-2.3873,-0.7486, 1.1938, 1.706 , 0.4037,-1.6394, 1.8606,-0.4271,-2.409 ]
[-5.075 , 2.7106,-3.4304,-2.3595,-2.0639,-2.6462,-0.0666, 1.784 , 1.3426,-0.0665,-0.9793,-0.6474,-2.6695, 2.1923,-0.6476, 0.6288, 2.1567,-2.3187, 2.72  ,-1.0584, 1.8336]
[-0.6057, 2.5845, 5.061 ,-1.3647,-2.0593, 2.1886,-0.4969,-1.1817, 0.948 , 2.0954,-1.2773,-2.9509, 1.9033, 1.105 ,-3.1093, 0.3756, 1.1424, 2.1732, 2.1046, 1.2221, 2.112 ]
[ 4.5461,-5.1515, 1.4716, 1.6845, 0.2007, 1.0874, 0.7035, 1.4745,-1.9509,-0.6249, 0.2344, 0.921 , 0.559 , 2.2395, 2.6904, 0.1628,-2.8173, 1.6133,-0.5474, 2.192 ,-1.9803]
[-5.2297, 2.909 , 0.9239, 1.0101, 2.0925,-1.6768,-0.8937, 0.0289,-2.0269, 1.3695,-2.8932, 1.5633,-0.7024, 1.9558, 0.1924,-0.34  , 2.8849,-2.3502, 0.6923,-2.8552, 0.2069]
[-4.8873,-3.4071, 1.5839, 2.7233,-1.6848,-2.207 , 0.9937,-1.1544,-0.4751, 2.4752, 0.1211, 0.6105, 2.3376,-1.9164, 0.7444, 0.6993,-0.9762,-1.5834,-0.5815,-0.2825, 2.7557]
[ 4.5368, 1.8366,-1.7849, 2.2074,-3.1257, 1.3061, 1.2038, 3.0384, 0.9624, 2.5787, 0.6628,-1.9612,-1.7707,-0.5661,-1.0469,-2.0846, 2.5952,-0.7407, 1.6314, 2.563 , 1.6981]
[-3.4587, 3.9806,-4.8206,-2.4023, 0.2675,-2.9226,-0.3855,-3.118 ,-2.2115, 0.3411, 0.9252, 1.5807, 2.9603, 2.8445,-1.4129,-1.2078,-1.6232,-3.0105, 0.6333,-0.4959,-2.4717]
[ 4.9367, 2.9352, 5.0762, 2.3336, 0.6399,-2.1051, 2.4537, 1.6909,-0.1625, 2.8077,-0.3357, 1.2375, 0.9183, 0.3594, 1.2311,-1.6928, 0.1884,-3.0785,-1.007 , 1.2903, 1.5519]
[-0.2176, 2.1987,-0.6247,-2.3932, 1.7002, 2.9687,-2.2313, 1.6247, 0.5588,-2.8509,-0.4055,-2.9945, 0.1656,-2.7819,-1.9155, 2.8295,-2.2484, 1.8017,-0.2475, 2.2871,-0.7129]
[ 0.5521,-3.5424,-2.8288,-2.52  , 2.7693,-1.3923, 1.0337, 2.3885, 3.0377, 2.1738, 0.1895, 1.0406, 0.9689, 1.8669,-1.7918, 1.5551,-1.5367,-0.3113, 2.4082,-1.1773, 0.8299]
[-4.8607, 0.5223, 5.109 ,-2.558 ,-1.0068,-2.4119,-0.1874, 3.1262, 2.7978, 1.466 , 1.2503,-2.2175, 1.3583, 2.7596, 0.6025,-0.8864, 1.449 ,-2.7255,-0.9111, 0.1849, 2.4909]
[ 1.3561,-4.1668,-4.5702,-2.2546, 0.5524,-2.8567,-0.1718, 1.3015, 1.7748, 2.4928, 1.5389,-2.9048,-2.7089, 2.5264, 0.8547,-2.0063,-1.4082,-3.1375, 2.7784, 0.6103, 1.5814]
[ 3.0068,-3.7412, 3.5172, 0.1989,-0.3143,-1.9536,-0.8982,-2.156 ,-2.319 ,-0.5188, 0.4933,-1.2636,-3.0254,-0.8831, 0.0381, 0.5469,-2.1305, 1.26  , 1.1483,-2.6669, 0.8527]
[-2.7262,-1.4142, 2.2482,-0.4523,-0.8988,-2.8844,-2.3462, 1.9722,-1.4637,-1.6061, 0.3274, 3.0674,-2.7512,-0.0612,-0.8472, 1.8916, 2.7211,-2.7437, 2.7544, 2.6918, 2.6949]
[-3.2356,-2.0131, 4.3586, 2.1365,-1.3496, 0.9097,-0.0805, 0.7492,-1.8516, 2.4064, 1.4262,-1.3875, 1.362 ,-1.7854,-2.4108,-2.1862, 1.9437, 2.6778, 1.1543,-2.503 ,-1.5972]
[-4.2306,-2.8768, 1.8532,-3.0639, 2.6454, 1.3026, 3.0244,-2.1729,-0.7316, 0.069 , 1.25  ,-0.6265, 1.4233, 2.4671,-2.6964, 1.1538, 2.2246,-0.0081,-1.501 , 1.1823,-0.9846]
[ 2.7686, 2.5938,-2.835 ,-0.6441, 0.5929,-0.26  ,-1.9052,-1.872 ,-0.0604, 1.8474,-2.6855,-2.9726, 0.8818,-0.9385, 2.8803,-1.7597, 0.0606, 0.4869,-0.367 , 2.7539, 0.7601]
[ 2.6006, 0.4318,-5.1058,-2.1649,-2.8761, 0.3555,-0.9815,-1.2214, 0.3043,-1.0334, 0.7324, 1.9532,-1.7191, 0.6639,-1.5384, 2.1758, 2.859 , 2.9381,-2.4338,-2.504 ,-0.0223]
[ 4.2323, 4.6079,-4.3435,-1.9789,-1.5601,-0.504 , 1.2392, 0.5629, 2.9359,-2.1096, 2.9149, 1.912 , 1.3028, 1.8891, 1.888 , 1.2837,-0.9668,-0.7995, 2.7039, 2.0628,-0.0125]
[-2.6312,-1.0784, 1.3571, 2.302 ,-0.8352,-1.851 ,-0.8832,-0.6849,-2.6853,-0.272 , 1.7656, 1.3968, 2.9122,-0.7835, 2.0173,-2.9911, 3.0874,-3.0547, 1.366 ,-1.0583, 1.2946]
[-3.7499,-4.4422,-2.1165, 1.3111, 1.5417, 1.8407, 0.3671,-1.6181, 2.1758,-0.2883,-1.6596, 0.513 , 2.4764,-2.2535,-1.9561, 0.9495, 2.3383,-1.1614,-0.4503, 3.1394, 0.5929]
[-1.7934,-2.2509,-1.39  , 1.2777, 1.4837, 1.3644, 0.2419, 1.2598,-0.5306,-2.1209, 1.947 , 0.6998,-3.0774,-0.7367,-3.1104,-0.3714, 2.1753,-2.2022, 0.8402,-2.7513, 3.0472]
[-2.63  ,-3.4643,-3.3221,-2.5342, 0.5563, 1.4806, 2.8778, 0.1459,-0.6998, 0.4871,-0.5544, 2.1733, 2.903 , 1.5676,-1.0563, 1.5992, 2.4816, 1.354 , 2.4349,-2.1513, 2.3195]
[ 3.0624,-2.4587, 2.1554,-2.3972, 1.1344, 1.6851, 2.7724,-2.711 , 1.805 ,-0.9681, 2.2469, 1.2363, 0.9708,-1.1561, 2.9829,-2.3436, 0.1945,-2.6796,-1.6426,-2.4401,-0.4224]
[ 5.3048,-3.0396, 2.8066,-0.1994,-0.2207,-0.5775, 2.0297,-1.3965, 0.5437,-0.6575,-2.5883, 0.5321, 2.8642, 1.9077,-2.8479, 1.5994,-2.3895,-1.2656,-2.8948, 2.1619, 0.1011]
[-5.3902,-5.0734,-5.4909,-0.1206, 2.7797,-1.4637,-0.1634,-2.0709,-1.5237, 2.9899,-2.9981, 0.3237,-2.0697,-2.1936, 1.6085,-3.0216, 0.5967,-2.8973, 0.7947,-3.0337,-1.6486]
[ 2.5801, 2.3189, 2.7451,-1.6003,-2.2316, 0.101 ,-0.8458,-1.3158, 1.5434,-2.1692,-2.6082,-3.095 , 1.5733, 2.5859, 1.4051,-0.2597,-2.3561,-3.1022,-0.472 , 1.1482, 0.3368]
[-4.3499, 2.9673,-2.1674, 2.6435,-1.2676, 0.3266, 2.8823, 2.1247,-1.9734,-0.6347,-1.5911, 2.356 ,-2.4387, 0.3207, 0.6505, 1.0015,-0.2698,-0.7339,-2.6055, 2.8885, 2.9877]
[ 2.0539, 0.0473, 4.7688,-1.0146,-1.1921, 0.145 ,-0.2415,-0.2135, 1.1806,-1.17  ,-2.79  , 1.1577,-2.7498,-1.4279, 2.2304, 1.458 ,-2.8852,-0.5961, 2.7342, 2.8512, 2.3197]
[-2.7005,-1.0166, 4.6632,-0.0621,-1.4992,-1.0778,-2.1157, 1.4783, 2.7258, 3.0281,-0.4184, 1.2032,-0.0851, 2.228 , 1.2595,-1.0125, 2.1583,-2.3698,-1.4922, 0.2378,-2.8546]
[ 0.4274,-0.9085, 4.2926, 2.939 ,-1.6211,-1.2583,-3.1171,-0.2636, 2.3934, 0.313 , 1.4477, 1.8259, 0.0793,-0.3455,-0.104 ,-2.0146,-0.4915, 1.5863,-0.2461,-1.0971, 0.8026]
[-4.705 , 4.2735, 3.2654,-3.0922, 0.5123, 0.7885,-0.1473,-0.019 ,-0.4458,-1.8668,-1.3532,-2.5979,-2.6435,-2.4556, 0.6928,-1.5531, 2.6597,-2.2977,-2.2629, 1.962 , 1.0119]
[ 0.5328, 2.7502, 3.7472, 1.7683,-0.1019, 0.0499, 2.3498,-0.6646,-2.4077,-0.5858,-2.6656, 3.095 , 2.2613,-1.7579, 0.4139, 0.0508, 0.6568, 1.6097, 2.775 ,-2.314 ,-1.8424]
[ 1.6353, 1.3268, 0.1158,-2.8089,-2.5165, 1.6214, 0.5139, 0.4415,-3.0196, 2.3386, 2.724 , 2.7455, 2.6149, 2.175 , 1.6403,-1.6437,-2.8507,-2.6051,-1.1828, 2.5514,-3.1088]
[-2.9506,-3.7689, 0.5094,-2.7419, 0.3387,-0.6019, 2.9303,-2.893 ,-0.2167, 0.081 ,-1.9821, 2.5528, 2.9353,-0.0987, 0.5385, 1.7989,-3.0898,-2.5378,-1.2329,-2.505 , 3.0897]
[-2.2716, 1.6475,-1.3261, 0.4561,-2.8101, 1.9413, 1.5526, 1.5904,-2.0406, 0.7655,-0.7065,-2.1302,-1.663 , 0.1956,-0.1658,-0.4767, 3.0786, 1.0389,-3.0449,-2.1012, 2.7726]
[-3.8709,-4.8615, 0.3696,-0.4589,-0.5536,-2.4568, 2.9654,-2.5048, 0.4508,-0.0168, 0.836 ,-1.5809, 2.6064, 2.7932, 3.0418, 0.1942, 0.2741,-2.3739, 2.6429,-0.4698, 2.3697]
[-2.6763,-1.8987, 0.98  , 2.6989, 2.687 ,-1.2317,-1.9806, 2.8777, 0.198 ,-2.9343, 2.8762,-2.3723, 2.197 ,-0.8231,-2.3659,-0.8109, 1.6317,-1.8231,-1.4909,-2.3219, 2.7128]
[-3.7028, 2.0051,-4.5706,-0.4673, 1.0089,-0.3036, 1.3252,-2.4111, 0.1115, 2.5145,-1.2418, 2.0443,-2.9244,-2.3066, 3.0903, 1.6189,-0.3193, 0.6695,-1.8095,-0.2507, 0.6784]
[ 2.0548,-5.4587,-4.1224, 0.2321,-2.169 , 1.849 ,-2.0993, 1.6604,-2.4839, 0.9219,-0.5345,-1.1154,-0.8391,-2.0661, 1.3304, 2.1029, 2.739 ,-0.9706,-0.3434, 1.229 , 1.8205]
