[-4.4674, 1.462 , 1.8488, 2.6215, 1.7526, 2.9126, 0.1509, 2.0921,-3.0934, 1.0207,-1.0237,-2.1545,-0.4351,-2.3402, 2.5064, 1.3223, 1.1159, 1.985 ]
[-1.5959,-3.2309,-4.9155, 3.0238,-0.0433,-2.7737, 0.7758,-0.7331,-1.4497,-2.3891, 0.8579, 2.4506, 0.7783, 0.8462,-1.2539, 1.5764, 0.1841, 1.1302]
[ 4.3813,-5.0388,-3.7946,-0.1653, 1.374 ,-2.0128,-1.7688,-2.8748, 1.2399,-2.9319, 2.3669,-3.0742,-2.7615,-2.2845, 2.4101,-1.291 ,-2.1178,-0.2271]
[-0.4383,-0.2317,-3.3722,-1.0425,-1.899 ,-2.7554,-0.0603,-1.0273, 0.6646, 2.0062, 0.1807, 1.4403, 2.1029,-2.0509,-0.5319, 0.8976, 2.1672,-2.3161]
[ 3.0894, 3.0253,-1.7889, 0.4035,-0.2922, 1.1678, 0.8168, 1.2984,-2.8956, 1.2634, 2.8996,-1.7548,-1.4084, 1.1463, 1.4305, 3.0826, 3.1153,-0.0848]
[ 3.9106e+00,-3.2237e+00,-2.6847e+00, 2.0275e+00, 2.6153e+00,-2.4723e+00, 2.7457e-01,-3.1155e+00, 2.0254e+00,-3.0465e+00, 3.5449e-03, 1.1689e+00, 1.5321e+00,-3.0866e-01,-1.1269e-01, 2.8635e+00,-3.1184e+00, 1.2154e+00]
[ 3.7711,-5.1531,-3.7331,-0.483 ,-0.0098,-2.9059, 2.4616, 1.5062,-2.0742,-2.685 ,-2.885 , 0.5913,-2.3821, 2.7738, 2.0986, 0.7283, 1.9096,-2.0137]
[ 3.7756, 1.6909, 2.9302, 1.4485, 1.1425,-1.1751,-0.2765, 0.5104,-2.2745, 3.1102, 0.0943,-1.7108, 2.5365,-2.3184,-1.3258, 2.2591,-1.4364,-2.1484]
[-0.8102, 3.9826,-4.6841, 2.0513,-1.5677, 0.6047, 0.2672,-0.059 ,-0.0384, 2.9431,-1.0784, 1.6169, 1.8835, 2.8936,-1.5527,-1.7709, 1.2115,-0.6903]
[-4.1671,-1.6422,-5.1234,-0.9722,-2.6701,-0.1645,-3.0253,-0.8075, 0.7279, 1.4925,-1.5864, 1.4886, 1.3428,-1.527 ,-2.7532, 1.9075, 2.215 , 2.0548]
[ 4.6855, 4.645 , 4.0549, 2.9354,-2.4688,-1.0299,-1.6661, 1.6889, 2.6794,-1.3045,-0.1344, 1.6743,-1.4025, 1.5949, 2.0763,-1.3517,-0.3669,-1.943 ]
[-0.0422,-1.9389, 3.4747, 2.8549, 2.9323, 0.3226, 2.8006,-2.5133, 2.1034, 1.0522, 1.0136,-1.9229, 2.1792, 2.1164, 1.3499, 0.1022,-2.6662,-2.7116]
[-3.8699, 0.5784, 3.6528,-1.6629,-1.6844, 0.8381, 0.0976,-0.0227, 0.1635,-2.4014,-2.8313, 1.264 ,-1.461 ,-1.4935, 0.3966,-2.959 , 1.0487,-1.4354]
[ 4.5478,-3.2942,-4.7728,-0.0331, 2.2964, 2.4173, 2.1157, 0.2484,-1.1932, 1.6316, 0.2942,-0.5697,-1.3097, 1.6398, 2.9374,-0.8483,-2.4587, 0.5366]
[ 5.3115,-2.1695,-4.5524, 1.5422, 2.9588, 2.6752,-1.8156,-0.5796,-0.4824, 1.0495,-1.7324, 2.7191,-2.109 ,-1.0545,-0.5932, 0.8495, 1.2842,-2.0759]
[ 2.2661,-4.9109, 3.1963,-1.41  , 2.8873, 2.5093, 1.7065,-2.9673,-0.3953,-1.7837, 0.3498,-0.2414,-1.7422,-1.4528,-1.0798, 2.5585,-3.0202, 2.5478]
[ 3.0251,-4.2077,-5.228 ,-1.7359, 2.2654,-2.3188, 2.3978,-1.05  , 0.8485, 0.8863,-2.1914, 0.863 , 3.0276,-1.988 , 0.477 , 1.4326,-2.2367, 2.9195]
[ 3.0051, 0.0179, 1.4046,-2.6996, 0.7672, 2.1882,-0.7869, 0.8261,-0.8044, 0.3423, 0.2399,-2.2948,-2.5714,-1.1473, 0.8855, 3.0492, 2.7252,-2.0251]
[-1.9678,-5.2816,-3.5495, 1.3978,-0.2397,-2.1244, 2.1521,-0.6056, 2.4558,-1.3437,-2.8348, 0.4479, 0.291 ,-1.2548, 2.287 ,-0.3084,-2.9446, 2.4626]
[ 5.179 ,-3.2812, 4.1527,-3.067 ,-1.6549, 1.0957,-2.1438,-1.017 , 1.3234, 1.3263,-1.2795,-1.3777,-2.7502,-1.3103, 2.108 , 0.1677,-2.0293,-0.473 ]
[ 1.1105, 3.2144, 3.9929,-0.5544,-1.0011,-2.6325,-0.3747, 2.2547, 0.1998, 1.2846,-0.9641,-1.3372, 0.9351, 2.5018, 0.069 , 1.1744,-2.6417, 2.0255]
[-2.7581, 3.4044,-0.9524,-0.113 ,-1.7084,-1.0096,-0.5412,-0.9045, 0.1138, 0.953 ,-0.1735,-0.2134, 0.3824,-3.0845,-2.6789,-1.4222,-1.794 ,-1.193 ]
[-1.7326,-5.0122, 4.9003,-0.999 , 0.5845,-2.8154,-2.3932, 2.6877, 1.0211, 0.1678,-2.3469,-1.3171,-0.8276,-2.5003,-1.7666, 2.166 , 1.4302, 2.0942]
[-4.1295,-3.8906,-1.1594,-2.5845,-2.1596, 2.9733,-2.0136, 0.9641, 1.7985,-0.877 ,-0.0487,-1.0712, 0.7645, 2.2099,-2.1882, 0.8804, 0.623 ,-2.5348]
[-0.2864, 0.6076, 5.2388,-0.3192, 0.2193,-1.5502,-0.8601,-0.6524,-0.3727, 2.8403, 2.0385,-0.9243,-3.073 , 1.3827,-0.4217,-0.4799,-1.0092, 0.8286]
[ 1.344 , 4.5153, 2.729 , 2.2529,-1.8926,-0.1622,-2.2251, 1.4398,-0.923 , 1.8194, 1.667 , 1.0001,-2.8529,-1.6114, 1.2674, 0.8738,-1.2902,-1.4119]
[ 4.618 ,-2.9328,-4.5435,-2.281 ,-3.0342, 1.6176, 2.0612,-0.7129,-1.3213,-0.5775, 1.5618,-0.1301, 1.1324, 0.179 , 0.5112,-2.1086,-2.8346,-2.4731]
[ 0.8989,-0.3574, 5.3469, 1.7525, 2.7277, 1.095 , 2.4139,-0.0678,-2.2693, 0.5451,-0.3731,-1.5015,-1.1674, 0.8027, 1.4652, 0.7176,-1.3613, 3.0759]
[-1.9432, 4.8141,-4.7392, 0.124 , 0.9044,-2.3386,-2.7914, 1.6211, 0.916 ,-1.3022,-2.7396,-2.8859,-1.0621,-2.6973,-1.4053, 2.7107, 1.6269,-0.3934]
[ 5.1735, 3.3385,-5.0472, 2.5784,-1.7283,-1.9055, 0.7096, 3.0582, 2.3934, 0.4352,-1.8159, 1.6023,-2.057 ,-1.5452, 1.6899, 2.3381, 1.1415,-1.0143]
[ 2.8039,-3.1062, 2.631 ,-2.5159, 1.8915, 2.6339,-2.7362, 2.6684, 0.491 ,-1.1695,-1.3162, 0.6569,-1.9646, 2.4315,-0.9272,-0.8714, 1.8858,-1.5672]
[ 0.7789, 1.6572,-2.1963, 2.5458,-1.5585, 1.566 , 1.8526, 0.7265, 0.9576, 1.8538, 2.5147, 1.4586,-1.6062,-0.2666, 1.5482, 3.012 , 2.2846,-0.1785]
[ 0.574 , 2.0315,-2.247 ,-1.9845, 0.3541,-0.9533, 0.8622, 2.6444,-0.0581,-1.2399,-0.5589,-2.3449,-0.8552,-0.501 ,-0.9663, 1.6056, 1.7985,-3.0578]
[ 3.2732, 3.5017, 5.314 ,-1.3771, 0.4411,-2.9726,-1.7692,-0.0136,-2.2308, 3.114 , 1.9293, 0.478 ,-2.2892, 2.383 , 2.0114,-0.8448, 0.4267, 2.7002]
[ 1.7873,-4.7273, 1.083 ,-2.6982, 1.1688,-0.6133,-0.1421, 1.5382,-2.2085, 2.4206,-0.8275,-1.0338, 0.9019, 0.2892, 1.2968, 2.1195, 0.2144, 0.415 ]
[ 2.2716,-0.2651, 5.3201, 0.16  ,-0.3415, 2.3596,-1.049 ,-2.9873, 0.2105,-2.4154,-0.5388,-2.2491, 0.062 ,-0.5011,-1.8394, 0.7385,-1.1237, 2.4639]
[ 2.6819, 3.0345, 4.2313,-1.2583,-1.7762,-0.6578,-0.7266,-1.6596,-2.274 ,-3.0099,-0.7871,-2.2433,-0.2333, 2.7831,-2.4589,-2.1452, 2.4459, 0.4479]
[ 1.9054,-2.6292, 1.1139,-1.777 ,-1.5516,-1.9044,-2.1981,-2.2556,-1.2121, 0.4253,-2.0913,-0.2596, 2.2581, 0.2349, 2.5841, 3.0229,-2.4293, 1.9448]
[-3.8418, 1.2258, 0.4905,-0.8686, 2.8255,-0.0212,-0.3348,-0.6855, 3.0894,-1.6382,-2.2815, 2.5385,-2.1299, 0.3183, 0.8804, 0.0068, 2.4201,-1.7812]
[ 2.4362, 1.3011, 2.5967, 1.244 ,-2.6668, 1.1201, 2.0642,-2.3623,-0.264 , 1.5577,-0.2008, 2.7294,-0.1961, 1.1544,-2.19  ,-1.9881,-2.987 , 2.782 ]
[ 0.1853,-4.8451,-4.482 ,-0.059 ,-2.1624,-2.3857,-0.6616, 1.7516, 0.2746,-0.3046, 1.7333, 2.8937, 2.2814,-1.7466,-2.6061,-0.3855,-3.0834, 0.3883]
[ 4.4408,-1.7814, 1.3425, 2.0377,-2.0331, 0.3012, 3.0003,-2.6212,-1.9235,-3.0493, 2.697 ,-1.0531,-1.9244, 0.5926,-1.408 , 2.6733,-1.4491,-0.0107]
[-0.3236,-1.1944, 2.4916,-2.6129,-2.3865,-1.9034,-2.1308, 1.2176, 1.8564, 0.1003,-2.2864,-2.3325,-1.6069,-2.867 ,-1.7254, 2.2261,-1.4194,-1.4385]
[ 3.7268,-3.9497,-2.2509, 2.4099, 1.1298, 0.8627,-1.6908, 0.2666, 2.9922, 1.3366,-2.2704,-0.7453, 1.1513,-0.1131,-2.9575,-0.6562, 0.7628,-0.3496]
[ 0.281 , 1.7439, 2.2689, 0.5409,-0.3148, 1.7211, 2.7265, 2.1054, 1.5832, 1.3762,-0.2476,-1.2422, 3.0859, 0.1905, 2.8751,-1.996 ,-3.0447, 0.9283]
[ 5.0174,-2.4217,-3.1796,-1.0201,-0.6505, 1.9429,-0.6183,-2.1524, 2.9785, 3.1007,-0.8582,-0.1386, 2.2122, 2.1767,-2.0085, 2.7203,-0.1324, 2.3388]
[ 0.9202, 1.0075,-1.1087, 1.1934, 2.3179, 1.9058,-0.8191, 1.7256,-2.1028,-2.2174,-2.868 , 1.6216,-1.3874,-2.1021,-2.8137,-2.1846, 0.6024,-0.8109]
[-0.9583, 4.5697, 2.9071,-0.8673,-0.5361,-0.9623,-2.763 ,-1.742 , 0.4932,-0.1067, 1.3628,-1.0576,-1.1423, 0.3433,-2.2681,-0.7308,-1.0934, 0.2326]
[-0.0592,-2.5349,-0.7368,-1.4208, 0.8261,-1.679 ,-2.7588,-0.4009,-2.1146, 0.6912, 0.0345,-1.7872, 1.4428,-2.5122, 0.0296,-1.3432, 3.003 ,-1.6594]
[-5.2901,-2.0913, 1.9528, 1.5206, 0.8507,-1.1683,-2.1619,-0.4528, 1.5354, 0.4284, 3.0337,-1.3302, 2.6063, 1.9464,-2.3297, 1.532 , 1.4484,-3.0989]
[ 1.113 ,-1.2911,-5.2838, 2.3542,-1.1148, 0.1719,-1.0511, 1.2362, 1.7854,-2.3015,-0.2365, 0.4997,-1.4728, 0.3655,-0.8614,-1.8235, 2.2875, 2.0259]
[ 0.8965,-0.5375,-1.7135, 2.1522, 0.4961, 0.8884,-1.9211, 2.0604, 0.5787, 1.4415, 1.9526,-0.6185, 0.7838,-0.7756, 2.7116, 2.871 , 2.6757,-2.9206]
[ 1.4055, 2.9581,-3.4027, 0.6539, 2.7842,-1.4427, 1.3842,-2.5028,-0.7829,-2.2434, 2.9785,-1.2891,-1.8712,-1.1061, 1.5135, 2.6091,-0.3026, 2.4522]
[-3.5416,-0.8871,-2.4893,-1.5885, 1.2402,-0.2445, 1.8274,-1.9614,-0.0511, 2.4041,-2.2583, 2.1391, 0.6052,-0.3288,-0.8286, 0.4922,-1.1503,-1.9403]
[ 4.7063, 0.2304,-3.2413,-1.9159,-0.5852,-1.7795,-0.4013, 2.6906,-0.5172,-2.6219,-2.0154, 0.9096, 1.9303, 0.9837, 2.9497,-2.914 ,-0.5081, 1.3925]
[ 3.6446,-2.5378,-1.8772, 0.499 ,-0.2151, 1.5845, 2.7661,-0.841 , 2.575 , 0.0349,-0.1885,-0.893 ,-1.2811,-0.4925, 0.1438, 1.159 , 2.8607,-1.6843]
[-5.051 , 2.0653, 4.7404, 1.6918, 2.4567, 0.4103,-0.1775, 1.4668,-2.9807, 3.0388,-0.0771,-2.199 , 2.3221, 1.8909, 2.1963, 3.0979, 2.7454,-2.0985]
[-3.4848, 5.1163, 1.7934,-2.3298, 1.4953,-0.6953,-1.3168,-2.3639, 1.1961,-0.492 ,-2.9702, 2.4035, 0.1066,-0.1195,-0.4503,-2.7774, 0.3086, 0.6948]
[ 1.5845, 5.3172,-3.8007,-1.5119,-1.0882, 2.4629, 0.1975, 2.711 ,-2.7873,-0.8906,-1.3838, 0.1889,-1.1357, 2.2289,-0.3935, 0.3804, 2.3642, 0.3379]
[ 1.6861,-1.5411, 1.5677,-1.0166, 0.8402, 1.7019,-2.4021, 1.2199,-3.0518,-2.7195,-0.1098,-1.6076, 2.6115,-2.3961, 0.7494, 0.8135,-3.0583, 0.2694]
[-2.2293, 0.1983, 2.5423, 0.7864,-1.9713, 0.052 , 2.6792, 0.2698, 2.3553, 2.4441, 1.3169, 3.0626,-2.2861, 2.4084, 1.7396,-2.6741,-2.0006,-0.5869]
[-4.1743,-1.348 , 4.0012, 1.2605, 1.1322, 2.0288, 2.4285, 2.4255, 0.2052, 1.6766,-1.0988, 2.0496, 1.6311,-2.3259,-2.2269, 2.7065, 0.8341,-2.2439]
[ 3.4917, 1.5215, 3.6738, 1.8726, 1.9959, 0.6092, 1.7947, 0.5382, 0.4506,-0.6879, 0.8478,-2.6543,-2.5507, 0.9763, 2.067 ,-0.723 ,-2.3384,-1.8159]
[ 2.0763, 1.0082, 2.0035,-2.0091, 1.8083, 1.9177, 0.8518,-2.2839,-3.0673,-1.3945, 2.8735,-1.9604,-0.6976, 0.2356, 1.4965, 2.0171,-0.318 , 2.1973]
[ 3.2276,-3.0209,-3.525 , 1.3568,-2.0965, 0.0069, 2.0934,-0.9872, 1.0746, 1.1348, 1.4706,-0.9161, 2.8143, 2.1475, 0.6327, 1.6167,-1.3174, 0.8335]
[ 4.2112,-0.437 ,-2.1213,-1.0454,-1.098 ,-1.9689, 1.1172, 2.7543, 0.8001,-0.1417,-2.424 ,-3.1229, 0.1769, 1.4953, 1.8948, 1.0509,-1.0629,-2.5379]
[-1.227 , 5.3055,-1.2207, 1.503 ,-2.0148, 2.0232, 0.0222, 1.7116, 3.0532,-1.9319, 0.6464,-1.8389,-3.0033, 1.6134, 2.7901,-1.6653,-1.789 ,-2.2661]
[ 0.8311,-3.4045,-1.6331, 1.6081, 1.8469,-3.0939, 1.4983,-2.3709, 1.7146, 0.1679, 1.4722, 2.6569, 0.2705,-1.1871,-1.8224, 2.9173, 1.8244,-0.397 ]
[ 2.7545, 4.1902,-1.6142, 1.9701,-1.0785, 0.1604,-1.6452,-0.3133, 0.6471, 0.8809, 2.4459,-0.5057,-0.4877,-0.6003, 2.8017,-2.0439,-2.6627,-2.1806]
[ 3.3888, 3.2941,-5.3113, 1.1401,-0.2138,-0.9193, 2.0548,-3.0383, 2.0778, 2.9662, 0.053 ,-2.9713,-1.3891,-1.2328, 1.0193,-3.0487,-2.4318, 0.1916]
[ 4.5727,-4.2462,-3.1567,-1.8954,-0.1398, 2.0121,-1.7493, 1.8831, 0.4581,-0.1885, 0.0258,-2.9678,-0.5906,-2.9981,-1.5327,-2.0362, 1.4506,-1.8122]
[ 4.8215, 0.1558,-1.6235, 0.9561, 1.2129, 0.1181,-1.7897,-3.0615, 1.8018, 1.3238,-0.2682,-0.1085,-0.6303, 2.4905,-0.8327,-0.8579,-1.9173, 3.0767]
[-3.6374,-1.9271,-4.4411, 0.0526, 2.0791, 2.3076, 1.516 , 0.7693,-0.8679,-2.5285, 2.9544,-3.1088, 0.033 ,-2.7945,-1.2465,-1.5272,-2.4794, 1.7881]
[-0.2984, 4.3319,-1.2664,-1.9521, 0.6094,-0.7226,-2.9506,-2.3539, 1.3113,-1.8667,-3.0135,-2.0921, 1.0541, 1.3314,-1.577 , 1.434 , 2.7569,-2.8772]
[-4.2947, 0.1019,-3.0489,-3.07  ,-1.9838,-1.4969, 2.6499, 2.5999,-2.2077, 1.808 , 2.787 , 0.4457,-0.795 , 3.1395, 0.6711, 0.7043,-2.4428,-2.6477]
[ 2.761 ,-4.783 , 4.1267,-2.2846, 1.1275, 0.0222,-2.4144,-1.7144,-2.5999, 0.2279, 0.7114,-0.9402, 0.6173,-0.4875,-0.8146, 0.2669, 2.9647, 0.1518]
[ 4.47  ,-1.2748, 1.2281,-0.43  , 2.6038,-0.4427, 0.3305, 0.3148,-0.5933,-1.8131,-1.9628, 0.1582, 1.6992,-2.3829,-0.674 ,-1.9194,-0.0049,-3.0498]
[-1.0973,-1.0376,-3.0197, 2.0837,-1.8824, 2.7794,-2.1591,-1.0263, 2.6605, 1.8118, 0.0397,-1.1066, 1.0329, 0.0451, 1.0868,-0.5395,-2.357 , 3.1228]
[-1.0286,-4.06  , 0.7495,-2.74  ,-2.2615, 0.4521,-1.9833, 0.3242,-1.9484,-1.2698,-2.4438, 3.0078, 2.4105,-0.3545,-2.6011,-2.881 , 0.7661, 0.7405]
[ 5.4373,-3.5216, 4.1572, 1.2571, 1.7741,-0.1472,-0.1971, 0.6568, 0.813 ,-0.1288,-1.0094, 0.6807,-1.9542,-0.6696,-0.2595, 1.4383,-0.7271,-1.3105]
[ 3.0894, 4.1545,-5.4444, 1.7061, 0.3335, 2.1465,-2.457 ,-1.2038, 1.9383,-2.8186,-1.3655,-2.6392,-2.6068,-0.2848,-1.4207, 0.5217,-0.5376, 0.2079]
[-1.5343, 4.924 ,-1.8965,-2.1996, 2.2437,-1.2454, 1.7579,-0.334 ,-1.2084, 0.5906,-1.2989, 1.1797,-1.8097, 0.6002,-1.0737, 1.5131, 0.6721,-0.9955]
[ 4.5702, 5.3529,-3.8046, 2.4131,-0.5586,-0.2759,-0.4473,-1.1771, 1.1297,-0.1684, 0.2473,-2.5702, 0.4316,-2.1613,-2.7928,-2.8209,-1.5418, 2.8608]
[ 4.3217,-1.1724, 0.8934,-0.3489,-1.976 , 1.9754, 0.678 ,-1.4322,-1.5564,-1.0193,-2.6019, 2.7968,-0.5378, 0.6813,-1.9895, 1.111 ,-2.9178, 2.9624]
[ 4.7914, 0.8491,-4.3852,-0.976 , 0.4277,-0.0749, 0.6753,-0.7121,-1.1214,-1.1293, 3.074 , 1.1038,-0.8913,-1.7292,-2.9435,-2.0082, 2.9315, 2.0455]
[-4.8073,-5.4841, 1.1335, 1.3096, 0.8146,-1.9753,-2.2861, 2.4092, 3.0808, 0.9427,-1.6365,-1.0342,-2.1057,-1.4746, 0.4224,-2.2948, 1.5291, 1.4616]
[-0.522 , 4.591 , 1.7883,-3.1114,-0.3828, 1.9069,-2.8632, 2.5898, 2.5016, 0.1663, 1.9065,-0.2319, 2.4443,-0.9219, 2.2915,-0.0338,-2.9786,-1.3738]
[-2.3608, 3.6179, 3.5075, 1.078 ,-1.3797, 1.4973, 0.4283, 1.8658,-3.075 ,-2.1911,-3.0917, 2.5805,-1.2161,-0.5677,-2.6736, 1.4158,-0.7129, 2.0181]
[-0.6151,-0.2371, 4.574 , 0.4158,-1.2093, 1.9867, 2.0233, 0.4629, 1.0019, 0.0325, 2.0971,-1.0912,-1.4488,-2.6113, 1.4088, 0.0728,-2.0273,-1.8875]
[ 3.5608, 0.6896,-0.1298,-2.3978,-2.7178, 2.8581,-3.1105, 1.6342, 1.1855,-2.1832, 1.2214, 1.4975,-0.3475, 1.624 , 0.0591,-1.0288, 0.4526,-0.0279]
[-0.3967,-0.8874,-0.9778,-1.098 , 0.3731,-0.191 ,-1.4438,-0.5896,-0.9422, 3.0842, 1.8513, 0.146 , 0.6486,-2.8509,-0.6107,-2.4953, 1.8467,-1.2022]
[-2.1741, 0.1102,-1.7869,-1.3235, 1.9727, 1.739 ,-1.6545, 2.3462, 1.9159,-1.195 ,-1.6366,-2.2912,-2.9879,-3.1261, 2.366 , 1.596 , 0.5223,-0.2271]
[-3.0648, 3.1752,-1.1847, 0.0336,-0.1349,-1.3232,-2.8227,-0.3296,-0.3585, 0.3776,-2.9335,-2.6048, 0.1708, 0.4834,-0.7477,-2.7083, 1.7854, 2.8379]
[ 3.5745,-2.2148, 5.0152, 2.982 ,-3.1267, 1.9981, 1.6423,-0.117 ,-3.0819,-1.5732, 2.8726,-0.433 ,-0.3664,-1.963 , 2.7596, 1.7124, 2.6295, 2.1412]
[ 0.1218, 1.2479,-5.152 , 1.6318,-1.3101, 0.746 , 0.7484,-0.9727, 2.8256, 2.323 , 0.4169, 2.1901,-2.3555, 1.2777,-1.2395,-1.2291,-1.1277, 1.6607]
[ 0.1795, 3.779 , 2.751 , 2.4111, 1.102 , 0.5403,-1.4878, 0.2453, 0.0895, 2.2652, 2.173 ,-2.1436, 1.8496, 1.4044, 0.0611,-2.8521,-0.484 ,-2.8909]
[ 3.4574, 2.4878,-5.3396, 1.8969,-0.6388,-0.3517, 0.0523, 1.1805, 1.4811,-1.9514,-0.7529,-1.5012, 0.1372, 0.0228, 1.0242,-1.2311,-2.1355,-1.906 ]
[ 4.822 , 5.1989,-3.3939, 1.8695,-2.5801, 2.3535,-2.2576,-0.1568, 1.8063, 2.7056,-0.132 ,-1.3042, 2.8304, 2.9531, 2.5383, 2.0121, 1.0623, 2.3099]
[ 4.1463, 4.8037,-4.1082, 0.9378, 1.0235,-0.0204,-1.3897,-0.9249, 2.9604,-1.6852,-0.5848, 2.197 ,-0.3225, 2.1968,-1.6046, 1.7018,-0.6497, 0.3067]
[-3.2354, 1.2142, 0.7493,-0.705 ,-1.4321,-0.3936,-0.1785,-2.4892, 0.1291,-1.103 ,-0.5461, 0.6491, 2.0588, 1.1676,-3.1116,-3.0703,-1.2368,-0.4022]
