[ 5.2322, 4.1976, 5.0096,-2.7453,-2.7217,-1.4763, 0.6187,-1.1045, 1.816 ,-2.243 , 1.2823,-2.4163, 1.1343, 0.5205, 1.0691, 1.7629,-1.1838, 0.5823, 0.5932,-0.2998]
[-3.3248,-1.4347,-4.9298,-0.4268,-2.1248,-1.1292,-3.0727, 2.101 , 1.6848, 1.0947, 1.7041,-2.2534,-0.2335,-1.7378,-1.6043, 2.4649,-1.3593,-2.6437, 0.4982,-0.4928]
[-3.8524, 5.1932,-1.9887, 0.1138,-3.0872, 0.0409,-1.6725, 1.9429, 2.9142, 2.6651,-0.8892, 0.8031,-3.1186,-2.1137,-0.1368, 0.7507,-0.8558,-1.3873,-0.5745, 2.295 ]
[ 3.0259e+00,-4.6575e+00,-3.3702e+00,-1.8004e+00,-6.0011e-02, 1.3140e-01,-2.0991e+00,-9.7428e-01, 2.8741e+00, 1.9529e+00, 2.6923e+00,-5.5752e-04, 1.7729e-01, 2.5107e+00, 2.3188e+00, 4.1641e-01,-1.4534e+00, 1.5333e+00,-8.5624e-01,-2.6881e+00]
[-1.5492, 4.5581, 3.4739,-2.8353,-0.008 , 1.7136, 1.6583,-2.1279, 0.3041,-1.5788, 2.1377, 0.378 , 1.5209,-1.8668, 0.0243, 2.7455,-1.6043, 0.201 , 0.249 , 2.2767]
[ 4.5262, 5.027 ,-4.0543,-0.3419,-2.8154, 0.7141, 1.6443,-0.659 ,-0.6365, 0.1838,-0.8582, 2.4367, 2.4526,-3.0125, 2.0123, 0.7715, 0.9665, 1.1734,-2.2985, 1.4483]
[-4.2894, 1.5309, 4.9781,-1.0997, 0.1481, 2.8991, 0.0979, 1.5744,-2.7058, 1.6573,-0.5183, 0.6476, 1.6465,-2.3386, 2.9498,-2.5572,-2.3873, 2.9774,-1.7394, 1.9731]
[-4.8792,-3.2709, 4.9098,-2.471 , 2.9454, 1.5329, 2.521 , 1.9963,-1.9804, 1.7717,-2.059 ,-1.6865, 2.7226, 2.8731, 0.248 ,-1.2187, 0.2779,-2.0527, 0.2912, 2.8438]
[ 3.8499, 0.7386,-0.5115, 0.461 , 2.3557, 2.3744, 0.9525, 0.8735,-2.2752, 0.3058,-1.6963, 1.5919, 2.2119, 2.9045,-2.0855, 2.4169, 0.178 ,-1.361 ,-3.0068, 1.8691]
[ 0.389 ,-1.5802,-2.924 , 1.0231, 2.2901, 1.7909,-0.3353,-2.6191,-0.0512,-2.4761, 1.7473, 2.6598,-0.2551,-0.896 ,-0.8789,-0.0391, 2.5938, 0.6746,-0.2978,-3.0549]
[-4.747 ,-1.7757, 2.9476, 2.2797, 0.7376,-2.6018, 0.8148, 0.3588, 0.5969, 0.8228,-2.773 , 1.0768, 0.4252,-2.4042, 2.5805, 0.8262, 3.0054, 0.4273,-2.9676,-2.509 ]
[ 5.009 ,-4.2888, 1.8712, 1.3811,-2.8781,-1.4962,-0.3592, 2.8019,-2.9777,-0.0457, 1.3434,-0.269 , 1.4292, 0.7033,-3.1349,-2.5528, 2.7976, 0.4162,-1.8602, 0.7603]
[-4.2777, 1.9956,-0.12  , 2.7058,-0.9438,-1.0061,-2.3688,-0.6994, 3.0639, 0.5436, 0.3131, 0.5564, 1.919 ,-1.8558, 2.6925,-2.2772, 2.9979, 3.1171,-2.9369,-2.4091]
[ 5.2   ,-1.7061,-4.3379,-0.8987, 2.8037,-2.1483, 1.6165, 1.5138,-1.9094,-0.4722, 1.4029,-1.7061, 2.0123, 1.4851,-2.0094,-2.9308,-1.5264, 0.9725, 2.0869, 0.5509]
[ 1.1684,-4.4723,-4.1184,-1.4294, 1.8576,-2.6571,-1.6566,-2.6008, 2.7826,-1.2248,-1.5083, 3.1   , 1.8654,-0.6034,-1.2702,-0.3592,-0.5568, 1.846 , 2.7493, 1.0232]
[-4.9656,-5.1748, 2.3315, 2.7239,-3.1318,-2.6701, 3.061 ,-0.2656,-1.2304, 2.5021, 1.9524,-0.8928,-0.0823,-2.6672,-0.4202, 0.752 ,-2.5025, 1.4727, 1.2502, 1.953 ]
[-2.0951,-4.063 , 3.1806,-2.8554,-1.265 , 0.8328,-1.3587,-0.2722, 0.3484,-1.3669,-1.1871,-2.2465, 0.8043,-1.1989,-2.1257,-0.5287,-2.8768, 2.1066,-2.4022, 0.4418]
[-4.515 , 1.5401, 1.7741,-1.947 ,-1.9018, 1.1919, 0.3111, 1.8098, 3.1314,-1.1675,-1.1767, 1.9328,-1.5639, 1.4762,-2.8347,-2.6497,-0.325 ,-1.2699,-1.6525,-0.4913]
[ 4.4151, 1.3346, 4.8349, 2.8756, 2.4421, 1.0887,-0.6255,-2.6495, 0.0997,-1.9236,-3.0694, 0.4084,-0.7582, 1.7727,-0.8964, 1.8167, 0.8155, 0.9235,-1.552 ,-0.8391]
[-2.5111,-0.8344, 5.2688, 2.1018,-1.6131,-2.6566, 3.0424, 1.5371, 2.9705,-0.6018,-1.664 ,-2.1621,-0.6618, 0.8698,-3.0053,-3.0971,-2.9498, 1.112 , 1.1733,-1.0815]
[-1.1863, 1.8735,-4.0666, 1.6889,-2.8456, 0.5112, 1.4348, 0.9579,-0.0414,-0.6573, 2.536 , 0.0171, 1.8212,-2.8007, 2.4421,-2.1809,-1.3695,-2.0393, 0.9326, 0.1875]
[ 2.0105,-4.1219,-0.1159,-1.6758, 2.5793, 2.1204, 1.6538,-0.0226,-2.7651, 0.2211, 1.0589,-0.6069, 0.473 ,-0.3964, 2.1629,-0.6469,-1.0528, 1.7479,-0.5269, 2.802 ]
[-5.1939, 1.2104,-4.1929,-1.2463,-2.8609,-0.3458, 0.6557, 1.8879,-2.8751,-0.2216,-0.8829, 1.1094,-1.1101, 3.0926, 0.8133,-0.3441, 3.1327, 2.546 , 3.0584,-2.696 ]
[ 2.3259, 3.3907,-3.9467,-0.7998, 0.5361, 1.4021,-1.037 , 1.1443, 3.0506,-1.3036, 1.7446,-0.9935,-2.8934, 0.3583, 1.6574,-1.5846, 1.549 ,-2.4286, 2.5589, 1.8119]
[ 4.2131,-1.2579,-0.5887, 0.9342,-2.7656, 2.2633, 1.7236, 0.0722,-2.5876,-1.3694, 2.389 , 2.8577, 1.9084, 0.2519,-1.8156,-2.9231,-2.693 ,-0.0211,-0.766 , 3.0562]
[-0.9378, 5.1009,-3.2573, 0.89  ,-2.8192,-1.7169, 0.6631, 2.4333, 1.7593,-1.3297, 2.5409, 1.4451,-2.2331,-1.569 , 1.9382,-1.3463,-1.121 , 2.1347, 0.0414,-2.5426]
[-5.2992,-0.9847,-0.3861,-0.336 ,-0.1603,-1.3917, 0.4382,-0.5691,-3.0949, 0.0386,-1.678 ,-2.2819, 0.7145, 2.9161, 1.6821, 1.6086,-0.218 , 2.6786, 2.5289, 0.1031]
[-2.2944, 3.2569, 4.104 , 0.4915,-2.5577,-2.9695, 2.3128,-0.9912, 0.3304,-1.2002,-1.6508,-2.7027,-0.0521,-1.2773, 1.9383, 2.6568,-0.5471, 2.7094, 1.385 , 2.3604]
[ 1.9013,-0.8711, 2.8075, 1.3265,-3.1201,-1.4097, 2.3767,-3.1057,-0.4124, 1.647 , 0.1875, 2.7248, 2.5295,-2.4808, 1.7363, 0.9258,-2.3667,-0.6072, 3.0221, 0.6708]
[ 3.1107, 0.7403,-2.6358,-0.7742, 0.5398, 1.1813,-1.321 ,-2.8156, 1.9913, 0.4063,-1.2505,-2.3887,-0.6013, 0.4275, 2.2611, 1.2033, 1.7917, 1.4493,-0.4218,-2.8477]
[ 5.3585, 1.1843, 1.4844, 1.5699,-2.7234,-1.6899, 0.6868, 2.7556,-0.6616, 1.6016, 1.9101,-0.3848,-2.9293, 0.6743,-2.4861,-1.9014, 1.4693, 1.4329, 0.8442, 2.5234]
[ 1.736 , 2.4899,-4.5702,-1.9477, 2.0105, 1.537 ,-2.304 , 2.2814,-1.6478, 0.5508,-0.197 ,-1.068 , 0.9489,-1.7199, 1.5268, 1.4952, 2.9926, 0.659 , 1.9177,-1.6233]
[-1.4337,-0.3498,-2.4833, 0.758 ,-2.3917,-2.2623,-1.8541,-2.6744, 0.8159, 1.9526,-2.5261, 1.9798,-0.0271,-2.019 , 2.4504, 1.7325,-2.5953, 1.4754,-1.3277, 1.4749]
[-0.1369,-4.1794,-0.1928, 1.7789, 2.2936, 0.9597,-2.3333,-1.5731, 1.6254,-0.1088,-0.3772,-1.5709,-0.2771,-2.9218, 0.9144,-1.2126, 0.5199, 2.9839, 2.3905,-3.0762]
[ 2.7917,-0.783 ,-1.6966,-1.1536, 0.2062, 1.7049, 1.7983, 2.1216, 2.6975, 2.751 ,-2.5429,-2.1299,-1.2843, 0.7564, 1.7477, 0.119 ,-0.7784, 1.2726, 2.4372,-2.8994]
[ 2.6286, 5.4548, 3.0073, 2.8758, 0.5476, 2.7217,-2.2388, 1.3612,-1.9237, 0.0437, 1.7467, 0.6993, 2.3921, 1.854 ,-1.8075, 2.2824, 1.9719,-0.8671, 2.5657,-3.1224]
[ 1.3015,-2.2634,-0.2401,-2.4256,-2.5504, 2.8092, 2.1993, 0.0541,-1.9023, 2.7638, 1.4889,-0.5719,-2.9413,-1.9402, 0.7835, 1.3213, 0.9127,-0.3427,-0.9448, 2.7842]
[ 1.5173, 1.7741,-2.1878,-2.7435,-0.1692,-0.6969,-1.3282,-1.6819,-0.8702,-0.0497,-0.0959,-2.2567, 1.4786,-2.2329,-0.4604,-1.2825,-0.9581,-2.2693,-2.8085, 1.6752]
[ 1.8341, 5.0481,-4.7078,-1.044 ,-0.7264,-2.7505,-0.4712, 0.0266, 2.3877, 0.9961, 1.9767,-1.0966, 2.5889,-1.8623,-0.799 , 0.5178,-2.4389,-0.8351,-1.776 , 2.856 ]
[ 2.6698, 0.8616,-4.328 , 1.2459,-1.9993, 2.5044,-1.8403, 0.9731, 2.5143, 2.8086,-0.6546, 2.7201,-0.846 ,-1.8456, 2.6334, 2.3628, 2.3003, 0.6913, 2.8172, 0.1423]
[-1.5496,-0.0677,-3.9432,-3.1195,-0.3023,-0.9305, 1.8226,-1.1834, 2.2714,-1.3336, 1.6678,-2.6715,-0.9877,-0.8926,-0.0472, 2.7825,-0.6371, 0.9345, 2.3161, 2.045 ]
[-4.5094, 3.1612,-1.2022,-0.0403,-0.5988, 2.0629,-0.9608, 2.6352, 2.8179, 0.4202, 1.2367, 0.9216, 1.9921, 1.8518,-0.4935,-1.7903, 2.9395, 2.0055, 0.7668,-2.2538]
[ 1.2867, 3.136 , 3.0361,-1.0094, 0.8001, 0.4652,-1.8172,-1.5048,-2.9435,-1.9836,-2.8765,-3.0186, 2.6939,-1.4982, 0.3235,-1.8144,-0.963 ,-0.8496,-2.562 , 1.4158]
[-4.9947, 5.2656,-4.0776, 1.0901,-3.1241, 1.9529, 0.5986, 2.2368,-0.9263, 1.6464, 0.7179,-2.0834,-2.4963,-2.2011, 1.1917, 2.2652, 0.5444, 1.4615, 1.3882, 0.4824]
[-0.1537,-5.157 ,-4.7499, 2.3473, 1.6547,-0.5458, 2.6838,-2.926 ,-2.1633, 2.1644,-2.6297, 2.4657, 1.7488, 1.2111,-0.3455, 0.9652, 0.0606, 0.7059,-2.1204,-1.9034]
[-3.6522,-3.7015, 4.3247,-2.1934,-0.1877,-2.7605, 0.5344,-1.9905, 2.8641, 1.5059, 2.868 ,-2.7176,-1.9873,-0.9531,-3.0154,-2.7905, 2.2266,-1.7514,-0.6754,-2.3548]
[-0.7577,-1.2234, 2.5875,-0.3767,-2.7093,-2.6209,-1.3159, 1.7441,-2.5672, 0.3961,-1.001 , 0.1328,-2.242 , 2.5289,-0.5662,-2.6525,-3.0548,-1.181 , 1.8953,-0.3953]
[ 0.4927,-4.1522,-0.8242,-2.8551, 1.4357,-0.4993,-2.4092,-2.8314,-2.0792,-2.6885,-1.8407, 1.4251,-2.3989,-0.2046, 2.6194, 0.5006,-0.9688,-2.78  , 1.9464, 1.2473]
[ 4.6845,-4.0564,-1.7318, 2.3943,-3.0466, 2.1521, 3.1407, 1.4054, 2.538 ,-1.7061, 1.4205, 2.6582, 0.5727,-1.1168, 0.9207, 2.655 ,-2.9608, 0.7293, 1.3695,-2.7459]
[-5.492 ,-2.031 , 2.5198, 1.1506, 1.4718,-1.5074, 1.6717, 0.8974,-1.7223, 1.6706, 0.7223,-0.1632, 0.735 ,-0.8609, 0.2458,-1.7662,-1.1655, 2.1548,-0.3978,-2.5866]
[-4.4721,-1.4133,-2.2275, 0.1492,-1.3789, 2.2254,-1.2319,-2.8938,-0.6309, 3.0547, 0.1031,-1.8213, 1.644 , 1.1541,-2.3325,-2.4056,-2.8216,-1.5157,-2.9023, 1.8906]
[ 3.769 , 4.4007, 5.3153,-2.7164, 0.3551, 1.8662,-2.0292,-1.863 , 2.7092, 2.5606,-0.3943, 0.7769, 1.6988,-1.5053, 0.8373, 1.7627, 2.2896,-2.3369, 0.9068, 0.1141]
[ 4.6129,-3.6177,-1.6163, 0.8675, 1.2886,-0.8888,-2.2722, 3.0781, 1.4712, 1.3482, 2.741 ,-0.8314,-2.2692,-2.0795,-1.7107,-0.8692,-0.7424,-1.5716, 1.7075, 2.8297]
[-3.7605, 4.8201, 2.2535,-2.5446, 2.0522, 1.0736, 1.2375, 2.6256,-2.7727,-2.8329,-2.7075, 0.8303,-2.437 , 0.7188, 0.4002,-0.2051,-2.9839,-1.0799, 0.8006,-1.624 ]
[ 5.0767,-2.2505, 0.9113,-0.9695, 0.5759, 1.2672, 2.3107,-2.0391,-1.042 ,-1.1598,-1.3544,-0.5648,-1.2403, 3.066 , 2.6   ,-2.0788,-0.2673,-2.9629,-1.4557, 0.3913]
[ 2.7309,-4.0515, 4.1444, 1.8909,-1.9769,-0.5504, 2.4043, 0.953 ,-1.6155, 1.3   ,-0.9923,-1.7396, 2.8457, 1.3929,-2.1206, 1.9753,-2.8005,-1.4842,-2.0271,-2.9813]
[ 0.1584,-4.4362,-2.3065, 0.9403,-0.3528, 0.9498,-1.0085,-0.8768, 1.9331, 0.3182,-2.8004, 3.061 , 1.4332, 1.6101,-0.6251, 1.0707,-2.6194, 2.0266, 0.2085, 0.9071]
[ 2.2558,-3.7223, 3.2928, 0.5033,-2.7961, 2.3944,-2.2004,-0.1649, 1.5705,-2.0875, 2.7732, 3.0834,-0.9973,-2.9992, 1.162 , 1.6633, 1.7712, 2.3109,-2.4215,-1.2544]
[-4.7871,-1.4994,-5.4192,-0.3463, 2.849 ,-1.4714,-0.7303,-1.7164,-2.9278,-2.975 ,-2.0489, 2.36  , 1.4278,-2.9797, 2.5244, 1.8455, 0.1472,-1.2122,-1.0402,-0.2054]
[-4.2048,-5.2971,-1.7366, 2.9727, 1.001 ,-1.1237,-3.0884, 2.7193, 2.9517, 1.5054, 2.0558,-2.8912, 2.9936, 1.3658, 1.0175, 0.5573, 1.7371,-1.193 ,-1.8179,-0.6727]
[ 2.6190e+00,-4.1624e+00,-1.5036e+00,-4.6839e-01, 3.1319e+00, 5.0351e-01, 1.2400e+00, 2.6957e+00,-6.0972e-01, 2.5871e+00,-1.0722e+00, 5.0575e-02,-1.9500e-01,-2.4104e+00, 4.0272e-03,-1.5982e+00, 6.9154e-01, 1.9972e-01, 1.6614e+00,-1.6424e+00]
[-0.1881,-1.6943, 0.6573, 2.4315, 2.9342,-2.6311,-2.3061, 2.4858, 2.3043, 0.1028, 0.8076, 0.5908,-3.0774, 1.9181, 1.7774,-3.1187, 0.1937, 2.1314,-0.1923, 1.9472]
[ 0.0992, 2.4488, 2.6757,-2.2482,-3.0888, 0.3023,-1.8583, 1.8132, 1.6036, 2.8837, 1.6959,-1.7116,-0.481 , 2.7918,-2.9805,-1.8889,-0.6699,-0.3458, 0.8624,-0.8722]
[ 0.6899, 0.5221,-3.0731, 1.5162, 1.23  , 2.0402, 2.5948, 0.2356,-3.1039, 1.4873,-1.2229, 2.722 , 2.0114,-2.4954,-0.7552, 2.7372, 0.6507,-2.9251,-0.6727,-0.8725]
[ 2.5058, 5.163 , 2.8505, 0.9479,-2.0743,-0.7728, 1.5388,-2.3904, 2.6547,-2.3008,-0.9891,-0.7183,-1.0157, 0.1396,-1.31  , 2.6251, 0.2539, 1.9256,-2.3135,-3.1133]
[ 4.5491,-4.1662,-3.5896, 0.7608,-3.0042, 3.0313, 1.3503,-3.0401, 0.3033,-3.1327,-2.291 , 2.6074, 2.9637, 2.0493,-2.6687, 2.6195,-1.1545,-0.5471, 0.9708, 2.1471]
[ 1.4505,-1.5529, 4.0457,-2.388 , 2.958 ,-1.7771, 2.4776,-2.639 ,-2.078 ,-1.1133, 0.5916,-1.6535,-1.9646, 1.2473, 0.7492,-2.0719, 2.6449,-2.9373, 1.8959,-1.2883]
[-1.0385,-5.2761, 1.2537, 0.271 , 1.747 ,-1.3716, 1.9976, 1.4472, 2.1892,-0.9584,-3.1102, 0.2487,-0.0076,-1.915 , 0.1575, 0.6112,-0.3876,-2.2028,-2.6952,-0.4762]
[-2.3369, 0.8116,-2.4296, 1.984 , 1.5212,-0.1417, 2.0609, 2.6967,-0.5757, 0.5326, 1.2779, 0.023 ,-1.6767,-1.1377,-2.2478, 2.2033, 2.3381,-2.9839, 2.3414,-0.6489]
[ 3.5925, 3.6695, 1.0511,-0.3669,-1.7718, 1.4899,-0.268 ,-0.0377, 1.2747,-0.944 , 0.1732,-0.2904,-0.8096,-2.4253,-0.9928, 1.2297, 0.3265, 2.4814, 2.1393,-0.2369]
[ 4.9984,-4.4657,-4.1834, 0.1641,-1.6575, 0.6422,-0.2432,-2.266 , 2.5075, 0.7952, 0.669 , 0.6152, 0.2044,-0.6666,-1.4779,-0.1127,-0.5355,-2.5775, 2.228 ,-0.7507]
[ 3.1989, 3.921 , 0.0851, 1.8028, 2.3302, 1.2074, 3.1365, 3.0786,-0.113 , 3.1175,-1.7951,-3.0641, 2.4274, 1.926 ,-3.04  ,-0.4947, 1.7633, 1.9565,-1.3747,-2.7552]
[-5.2082,-1.5537,-1.9673,-2.559 ,-0.8893,-1.5493, 0.2587, 2.2344, 0.3612, 1.8017, 2.2725, 1.5825, 1.1471, 2.2809,-0.1594,-1.5165, 2.725 ,-2.1858,-2.1913,-0.7785]
[ 4.458 , 3.1549, 3.6899, 1.1973,-0.9353, 1.3035, 1.8493,-2.6694,-0.4246,-0.6872,-0.8237,-2.0257,-2.91  ,-1.6696, 2.9895,-0.798 , 0.0271, 0.423 ,-2.9867, 2.9704]
[-4.2252,-1.257 , 5.1744, 1.4001,-1.579 ,-3.0234,-0.8371, 1.6485, 1.7362,-1.3268,-0.5797,-1.8598,-2.6634, 2.8759, 1.3489,-0.0472, 0.6546, 0.6245, 1.6992,-0.2651]
[ 0.245 ,-1.66  ,-1.789 , 2.9745, 1.5967,-2.0672, 1.4285,-2.023 , 0.4984,-2.1799,-0.32  , 2.5631,-0.461 ,-1.9855, 2.8435,-1.374 , 0.3262,-0.1178,-1.5207, 2.743 ]
[-0.0745, 0.1792,-2.3838,-2.8886,-0.3819,-1.2463, 1.3516, 1.9028,-0.3387,-1.4134, 1.2415, 2.1056,-0.7078, 3.05  , 0.2357,-2.2495, 1.2568, 2.6098, 1.1786, 3.0712]
[ 2.9544, 2.8937, 3.2174, 1.4902, 0.2795,-2.3823, 0.4862, 2.412 , 0.7726,-0.4387, 1.3979, 1.7259, 2.3382, 1.4514, 0.2285, 2.4529, 0.2399,-1.2442, 1.6868, 0.1413]
[ 3.896 ,-2.0596, 4.1876,-1.8379,-0.9155, 0.3947,-1.9155,-0.2381,-2.7151, 3.0959,-0.3499,-1.6812, 1.6481, 0.0513,-2.6021, 0.6961,-0.8705,-2.7757,-1.3485, 0.6621]
[ 2.6157,-0.0328, 0.3085, 1.8346, 0.0031,-0.7219, 0.1957, 2.1923,-1.2531, 1.9347, 3.0429, 1.4023,-0.2889, 0.519 , 1.9032, 1.0593, 1.7542,-2.1965, 1.0955, 2.9828]
[ 1.3817, 4.4178,-1.9143, 1.9298,-0.5716,-2.2875,-2.6593, 1.3259, 1.1743,-1.3045,-2.7224,-1.7768,-2.8721,-2.5401,-1.5099, 2.5498, 1.5098, 1.1918, 2.4328, 1.7388]
[ 4.4192, 0.8735, 1.3072, 0.6815, 0.1684,-2.4268, 2.4202,-0.5797, 1.7374, 2.0703, 1.5487, 2.1034, 1.414 , 0.3599,-2.5721,-0.8261,-2.1875, 0.4122,-2.2478, 2.2701]
[ 3.2019,-3.6258, 1.3186,-2.5299,-0.5653,-2.0168,-3.055 , 3.1312, 0.1316, 0.0339,-2.4322, 1.0933, 0.5589, 2.9094, 0.7997, 1.9497,-3.0105, 1.3955, 1.0546,-3.0366]
[-0.6086,-4.7758,-0.5937, 2.4338, 2.8827,-2.5249, 1.8633, 0.4256,-2.5169, 2.3316,-2.2822, 0.2143, 2.2305,-2.2789, 2.6112, 0.4622, 0.7109,-2.2533, 3.1388, 0.7908]
[ 0.1203, 0.0261,-0.7955, 2.7057, 2.6592, 1.4498,-0.4922,-0.9879, 1.8671,-1.9947,-0.3131,-0.8674, 1.297 ,-1.4322,-0.3705, 2.1963,-2.0964,-0.0719,-1.0679,-2.2432]
[ 5.268 , 1.3208,-3.3849, 3.0035,-2.2589, 0.8989,-0.3051, 1.8562,-2.9002,-1.384 , 1.15  ,-0.8033, 0.0077, 1.2171, 1.7515,-2.7504,-2.2372, 0.8968,-2.4859, 1.9327]
[-4.0861, 3.8196,-4.1541,-2.9032, 0.4527,-0.1051,-1.9579,-2.2457,-2.2647, 2.2017,-0.0797, 1.3524, 3.0238, 1.2896, 1.0556, 0.0452,-2.6667,-1.4561,-1.2107,-2.8878]
[-1.2605, 4.9273,-4.1984,-0.0569,-0.8664, 0.7898, 0.6096,-1.5991,-2.7462, 1.798 ,-1.991 , 0.3165, 0.9874,-1.7518, 1.5297,-3.0028, 1.5772, 3.1373,-0.8525, 0.4459]
[ 4.8328,-1.0054, 2.2561, 2.0968, 1.4573, 0.6778, 2.2348,-2.5259, 0.1478, 3.0943, 1.7139,-0.208 ,-2.0926,-1.3907,-0.6089,-0.2415, 2.9442,-0.3534,-2.0724, 2.7542]
[-2.6452, 2.1945,-0.7568, 1.1698, 0.9129, 1.6216, 0.6271, 3.0206,-1.2842, 3.0434,-1.5702, 1.0329, 0.6048,-0.976 , 0.5089, 3.032 ,-2.651 , 1.3197,-2.9985, 2.1617]
[-0.0046,-0.8312, 1.0377,-0.1345, 1.6319,-0.3321, 2.6146, 0.5684, 3.1005,-2.7451,-1.8603, 0.5667, 0.1911,-1.0769, 2.2568, 2.3835, 2.4597,-2.6821,-0.6666, 0.3047]
[ 1.6673, 3.9892, 5.387 , 0.4144, 0.3433,-3.1296, 2.1052, 2.6998, 3.0752, 0.4668, 2.5699,-2.8285, 0.3975,-0.7081,-2.9971,-1.4402, 1.3861, 0.8088, 3.1414, 0.3575]
[ 2.5969, 3.7095, 1.037 , 2.1572,-2.0771, 0.5544,-1.9597,-1.3804, 0.9593, 0.955 , 2.7563,-0.758 ,-0.3995,-0.1879, 3.0412,-1.5055, 0.7801, 2.1108, 2.7884, 0.0597]
[ 5.4435,-2.8433, 3.0904,-1.9313, 0.4682, 0.6629, 0.9632,-2.0787,-2.2688,-2.9755, 2.6511,-2.5506, 2.9709, 1.1999,-1.8904,-0.1852,-0.2162,-0.0419, 0.519 ,-3.1272]
[ 5.043 , 1.8672,-0.351 ,-2.453 , 1.5575, 2.0428, 2.1376,-0.3001, 0.6791, 0.3359, 2.2143,-0.7591, 1.9979, 2.971 ,-2.2325, 1.3352, 2.3003,-2.241 , 2.7405,-1.9715]
[-1.1256, 2.7168,-4.2157,-2.0702,-0.6683, 1.3124, 3.0157, 2.9074, 0.7571, 2.4505,-3.0456, 2.7463,-2.1383,-1.8549, 0.5095, 2.7746,-2.7858, 2.3383, 2.0864, 2.1826]
[-3.471 , 5.4428, 0.4936, 0.8497, 2.3789,-1.524 ,-2.1611, 1.0728, 1.2595, 2.8452,-2.172 , 0.7619, 0.8697,-2.8872, 1.2552, 1.3776, 0.317 ,-0.5657,-0.4585, 0.2613]
[ 5.1136, 0.2228,-2.9211, 1.6294,-0.939 ,-0.0257,-0.8758, 2.0146, 1.2132, 2.8701, 2.6231, 0.7852,-2.9028,-0.9979, 1.5977,-0.6708, 2.8948,-0.0082, 2.8474,-3.029 ]
[-3.4859,-0.679 ,-4.4137,-2.7232,-2.8356, 0.0454, 2.3339, 1.9374, 0.4792, 1.7798, 2.9092,-1.024 , 1.4077,-2.8207,-1.348 ,-1.7004,-2.3071, 2.2984, 1.3875, 0.6887]
[ 4.1975,-1.3297,-4.3985, 1.1128,-2.1654, 1.754 , 0.9244,-1.3602,-0.3633,-3.0825, 1.2667,-0.026 ,-1.0449, 1.537 , 1.6458,-0.6118, 2.8535,-0.2318,-2.6189, 0.2136]
