[ 0.8984, 1.3592, 4.3093, 1.7312,-2.393 , 1.9953,-2.8046, 1.8469,-1.2599,-1.7424,-0.2443,-2.8968, 1.6209, 1.5746,-2.3101, 1.9704, 0.2974,-3.1393, 1.5961, 0.7246]
[-5.4017,-1.4949, 4.2607, 1.5002, 0.9871,-2.8513, 2.0638, 0.563 ,-0.1268,-0.9474, 2.0385, 0.7974,-0.4941,-0.9001,-0.226 , 1.745 ,-2.7136,-1.1542,-0.7993,-1.5577]
[ 0.6115,-2.8897,-5.3204, 0.201 , 2.7047, 0.4877,-1.6075,-2.6022,-0.5554, 1.4357,-0.304 , 1.3185, 0.4483, 0.5144, 1.0697, 2.9456, 0.8085,-2.3351, 0.8784, 0.2713]
[-4.5537,-4.6929, 2.2106,-1.3061, 1.8271, 0.3303, 1.8   , 1.3619,-2.2179, 0.2764,-0.7309, 2.7605,-0.7879,-1.4348,-0.9866, 1.808 ,-2.2634,-2.4616, 2.515 , 0.1651]
[-5.0034, 5.2274,-5.1203, 2.1814,-3.0132, 0.3662,-2.2693,-2.4409, 0.3836,-0.5675,-1.5214,-1.0551, 3.1206,-1.5872, 1.899 ,-0.595 ,-0.6914,-0.3748,-1.1106,-2.8539]
[-4.1688, 2.4953,-5.4476,-2.6726, 0.0888,-1.5039, 3.1276,-2.3145, 2.7597, 1.5029, 2.2629,-1.9182,-1.063 ,-3.0801,-1.117 ,-1.8172,-0.6206,-1.1082,-2.0584, 2.1601]
[ 1.6686,-2.1673,-5.1453, 2.0901, 2.3656,-1.0554,-2.8947, 2.7732,-2.4444,-0.1925,-1.9551,-0.0076, 0.8054,-1.6085,-2.0716,-2.84  ,-1.99  ,-2.5281, 0.6422, 1.6004]
[ 0.0991,-3.0014, 2.2472, 2.5699,-2.5491,-0.444 ,-1.8132, 2.7787,-2.8008,-1.4667,-0.6263,-2.059 ,-2.5998, 1.1833,-2.6446,-0.3637, 1.71  ,-0.6153,-1.7362, 2.0264]
[-0.4231, 5.0529,-0.765 , 1.1192,-0.1763,-2.904 ,-0.3021,-2.6332,-3.0367, 2.3199, 3.0484,-2.9311, 0.4235,-3.1105,-2.9281,-0.8093,-0.2577,-1.365 ,-2.508 ,-1.7267]
[-1.6092, 3.2806,-1.3317,-1.6923, 2.5194,-2.622 ,-0.7637,-2.1901,-1.9615, 1.5428,-1.1608,-0.0035,-2.204 , 3.055 ,-0.484 ,-2.3796, 1.6919,-2.8193, 2.7315,-1.0729]
[-4.7723, 0.5038,-2.1075, 2.2623, 2.6928, 1.5853,-1.4548,-1.7501, 0.2283,-0.388 , 1.7545,-2.92  ,-1.7562, 2.2104,-3.0253,-2.3501, 2.0456,-1.1635, 2.0674,-0.8362]
[ 2.1937,-1.5747,-4.8048, 0.7017, 1.3074,-2.7401, 1.2567,-1.7743, 0.8956, 2.9961,-0.6857, 3.0834,-2.0267, 2.9222,-0.3917, 0.2733, 2.3609, 2.3393, 1.5396, 1.4064]
[-0.7096, 2.9602, 3.9609, 0.8666,-0.9366,-0.3735, 0.7387, 1.957 , 0.082 , 1.2223,-0.2613,-0.2272, 1.9754,-0.8518,-2.902 ,-0.9418, 2.6735, 0.94  , 2.3533,-1.1127]
[-2.8349,-3.1121, 5.2467, 2.6255,-1.5161,-1.6754,-2.1992, 1.0627,-1.1317,-2.1942,-2.0808,-2.6805, 0.9008, 0.0079,-0.2014,-0.8615,-0.1994,-3.1223, 1.2239,-1.0854]
[ 2.849 , 1.6548,-4.9623, 0.9263, 1.0034,-3.0731, 2.0198, 0.6655,-3.0642,-1.7498,-1.0521,-1.3729,-0.7129, 3.0554, 2.4056, 1.3739,-0.1349, 2.9062,-1.8461, 2.1463]
[ 5.3406, 1.3147,-3.565 ,-1.8157,-0.2034,-1.6988,-1.6896,-1.7184,-2.3738, 3.0522,-2.8151,-1.6482, 1.7399, 2.5744, 2.7047, 0.1985, 0.2479,-0.6678, 1.8098, 0.346 ]
[-5.3784,-4.4082, 2.3358,-2.4602, 1.1197,-1.5723, 1.2436, 2.6486, 1.0187,-1.2507,-1.7409, 1.9155, 0.131 ,-2.0884,-2.8335, 1.0586,-0.0079,-2.1515,-1.1117, 2.0235]
[-2.6618,-4.4077,-2.9587,-1.5348, 1.0145,-3.0953,-2.7193, 1.9922,-2.786 , 1.1116, 1.7831,-1.681 , 2.0855, 1.884 , 1.1506, 0.4115, 1.6097,-2.8057,-2.0184, 1.6939]
[-1.027 ,-3.3242,-0.1633, 2.8139, 0.3836,-0.6737,-1.646 , 2.3469,-0.8573,-0.1566, 0.0208,-1.4468, 1.6398, 2.785 , 3.0966,-0.8244,-1.6463,-2.6428, 2.8352, 2.9946]
[ 5.2977, 4.4057,-0.7989,-1.1019,-0.3689,-0.6825,-0.0496,-1.5846, 0.838 ,-1.6264, 2.761 ,-0.7443,-2.1024,-1.6597, 0.4511,-2.8369,-0.0871, 1.0684, 2.9555, 2.731 ]
[ 5.1752, 2.4225, 3.7716, 2.0459, 1.506 ,-1.356 ,-0.2508,-1.475 ,-0.884 ,-1.9121, 1.2518, 1.6281,-0.5796, 2.4451,-3.0774,-0.6846,-2.3102,-2.0516, 0.5322, 1.1136]
[-1.6473, 3.211 , 3.8288, 1.3563,-2.8857,-0.8349,-0.2047,-0.6773,-2.2418, 2.7747, 1.5935, 2.4433, 2.5706, 1.1862,-0.4422,-1.0987, 2.7741, 1.6117, 0.3452,-2.9914]
[-0.2966,-3.9709, 5.4884, 1.4889, 0.8238, 2.6052,-0.2953,-2.8685,-1.8345,-1.2954, 3.1105,-2.3593, 0.8759,-1.4568,-0.6447, 1.6377,-1.2975,-0.3941, 2.698 , 2.7176]
[ 3.8218, 0.9157,-5.4053,-3.0834, 3.0337,-0.1128,-1.3914,-3.0591, 2.3357,-2.5743,-2.4322,-3.0523,-0.436 , 2.5408, 1.1647,-0.5968, 1.4815, 2.3629, 2.4891, 1.1079]
[-0.9653,-2.2617,-3.4142, 1.6622, 1.6186,-0.735 ,-1.3715, 1.4149, 2.3209,-0.0921, 0.138 , 0.6432, 1.1319,-0.9704,-0.8529, 2.3306, 0.3591, 0.0334,-1.8712,-1.7659]
[ 4.7493,-4.9851,-4.5822, 0.4984, 2.5007, 1.0878,-2.1355,-0.2382,-0.8887, 2.8272,-3.113 ,-2.9455, 1.3398, 2.2345,-1.8907,-2.7008,-1.5113, 0.3172, 0.753 , 2.9699]
[ 1.3177,-0.8946, 3.1394,-1.6674,-2.7387, 0.716 , 1.2371, 2.5609, 2.5553,-2.5907,-1.2161, 1.7619,-0.0157, 2.4411,-0.2529, 0.3723,-1.925 , 0.8634,-0.3413,-0.4822]
[-0.9876, 2.3685,-2.6886, 1.7958, 2.2204,-1.5535,-0.5075,-0.7056,-0.2932,-2.7809, 1.1116, 2.2552, 2.3112,-2.6757,-2.2566,-0.5563, 2.619 , 2.0182, 1.8871,-2.7135]
[-1.1991,-5.3455, 4.2452,-0.3159, 1.0067,-2.782 , 1.9697, 0.4568, 2.6107, 2.581 ,-1.3276, 0.847 , 0.8211, 1.169 , 1.1572,-1.5918, 0.2624, 0.9961, 0.2327, 1.8264]
[-2.8328,-3.7132, 3.5285,-3.1159, 1.725 , 0.2754, 2.2571,-0.8353, 1.8473, 0.0258, 2.6794, 0.5052, 2.5254,-1.0267,-2.4337,-2.4083, 2.4353,-1.6396, 1.929 ,-0.689 ]
[ 3.6408, 0.2393,-1.2872, 0.5365,-2.8363,-1.7909, 2.7059,-1.1594, 0.5795,-2.7878, 1.3037,-0.1392, 0.9017, 1.2332,-1.5904,-2.0847,-2.3114,-2.4398, 1.931 , 0.6783]
[-5.4264,-1.1594, 4.2211, 0.8348, 0.6208, 2.9152, 2.2311,-2.1364,-1.0219, 0.452 ,-0.5798,-1.1781, 1.4595,-2.7728, 2.3595,-2.6261, 1.6312,-0.6234, 0.2772,-0.0722]
[ 2.1216, 2.4776, 3.3581,-1.212 , 0.9172,-2.6207, 0.9283,-0.0994,-2.0594,-2.9058, 1.5088,-3.042 , 1.6751, 1.3352, 1.2199, 0.1954,-2.7617,-2.3532,-1.3803, 2.0505]
[-5.3016,-3.7229, 5.2438, 1.7464, 0.203 ,-2.3873,-1.897 ,-0.356 ,-1.4484,-2.2288,-0.2122, 1.0425, 2.8148, 0.7547,-1.1737,-2.6922, 1.3323,-1.7597, 2.1468,-1.8875]
[ 0.1172,-1.5485,-2.9587,-0.3138,-1.1382,-2.6067, 0.154 ,-2.5019,-2.1927,-3.014 , 2.44  , 2.5556, 1.3549, 1.7566,-3.0608, 0.7799,-2.7282,-1.8512,-2.9314, 0.6844]
[-0.1189,-0.4899,-4.5323, 0.3961,-1.3755, 2.0588,-0.9919, 2.1032, 2.4975,-3.0956,-0.6089,-1.2258,-0.3631,-2.5972,-1.5538, 0.4786,-0.0701,-1.3094, 0.128 , 1.4304]
[-2.2867,-3.2282,-1.7935,-1.5349,-2.6985, 3.0214, 1.9004,-1.5503, 2.7357,-2.3495, 0.0392,-0.2552,-2.3925,-3.1073,-0.1031, 2.0027, 1.1145,-0.3269, 1.2957, 1.2521]
[-0.0906, 5.0567, 4.1818,-2.8095, 0.5244, 1.8754,-2.575 ,-0.6336, 2.4287, 1.8043, 0.7247, 0.6221,-1.8465, 1.6281, 0.0888,-1.2015,-0.0933, 2.3715, 2.2699,-1.5981]
[ 2.2171,-1.6578, 2.0764,-1.3973,-0.9774,-2.2845, 0.2467, 2.8805,-0.1201,-0.8152, 1.2926,-1.9562, 1.6624,-0.2776,-1.9858, 2.5857, 1.3301, 2.7222, 0.5124,-0.6967]
[-5.4289,-3.034 , 4.1135,-0.0204, 1.1031, 2.3095, 0.1421,-0.0933, 2.7213, 2.97  , 2.1899, 3.0622, 0.1189,-2.1722, 1.5312, 2.5498,-1.3498, 0.7149, 2.7179, 0.3859]
[ 3.055 ,-3.295 , 3.372 , 1.6141,-2.2658,-2.4562, 1.2338,-1.4668,-2.1711,-0.9064,-1.193 ,-2.0034, 2.8401,-0.8575,-2.5181, 0.0493,-1.6406,-1.9344,-2.8672, 2.5317]
[ 1.1038, 1.8602,-3.3893,-0.1964, 1.8766,-1.5995, 1.237 ,-2.0101,-1.5469,-0.334 , 0.1077, 1.0552, 2.6644,-0.1085,-1.7725, 0.0378, 2.2841, 1.2364,-1.6928, 0.509 ]
[-0.7445, 0.9948,-5.1758, 2.8173,-0.2362,-0.8549,-3.0197,-2.6801, 1.0849, 0.0317,-0.0145,-3.1166, 0.7882,-0.9737,-2.9545,-0.5556,-0.2001, 2.1052,-1.9111,-1.4526]
[-4.0896,-1.092 , 1.2853, 1.1123, 3.087 , 2.9676,-0.2914,-3.0041,-2.5859,-2.7005,-0.2317,-2.964 , 1.7585, 2.9573, 1.1662, 1.6142,-2.1645,-2.1053,-2.6565, 3.0045]
[ 1.5136, 3.4178,-5.3014,-2.6937,-1.8275, 1.9557,-2.1816,-3.0323,-1.9462,-3.1099, 2.8223,-1.4676, 1.0248, 2.3632, 2.6232, 0.4089,-0.828 , 2.5857,-2.8976, 0.8395]
[ 1.3465, 2.8871,-4.7637,-2.1118,-1.4934,-0.4318,-0.291 ,-0.8046,-0.8021,-0.1975, 1.4706, 1.859 ,-2.3261,-2.1834,-1.9624, 1.0994, 0.0286, 1.5257,-1.7902,-0.9155]
[-3.5518,-5.4434,-2.0208,-1.1618, 1.8967,-0.6813,-1.0891, 3.0563, 0.3966,-2.166 , 2.3421, 0.0613,-2.5357, 2.1128, 1.1971, 1.5956,-0.13  , 1.3325,-2.8931, 1.2387]
[-4.8262, 2.8086,-5.259 ,-0.6905,-2.2432, 1.5742,-3.0296,-2.3498, 0.3614,-0.5477, 0.9219,-1.839 , 1.0792, 0.4826, 2.3825, 2.8474,-2.4807,-1.0872,-1.5238, 1.9129]
[ 2.1411, 4.9777, 2.7146, 1.4403, 0.7926,-0.3439, 1.1215, 0.8875,-2.4952,-1.6649, 2.6397,-1.6006, 1.1193,-0.1284, 1.4514,-1.5494,-0.5552, 1.4711, 3.0587, 1.5781]
[-4.2625, 2.401 , 0.8803, 0.6352,-0.224 ,-2.9552, 1.3503,-0.3114,-2.5168, 1.5204, 0.6936,-0.1373,-0.3296, 1.3462,-0.5582,-2.7181,-0.5291,-0.381 ,-1.4233,-2.8817]
[-3.3701, 3.2013,-2.718 ,-2.5098,-0.5684,-2.7762,-0.0231,-0.8116, 2.2631,-2.8039, 2.297 ,-2.3795,-2.1163, 1.7018,-1.2176,-0.5946,-0.9487,-1.8824,-2.9514, 2.8045]
[-5.3042,-2.2779,-5.169 , 0.0587,-1.6978, 2.7681, 2.2235, 0.3239, 2.7873, 2.4412,-2.8604,-0.8537,-0.8531, 2.2586, 2.5185,-2.0889, 2.5052, 0.6479,-0.9728, 3.0403]
[-2.3626, 1.6691, 3.9288,-1.8729,-3.1009,-0.1094,-2.9317,-0.1177,-3.1264,-0.845 , 2.6592,-1.3161, 2.8735, 2.5767,-1.6651, 2.0874,-1.9149, 1.3086,-2.1709,-0.693 ]
[-5.3761,-4.2597,-1.0772,-3.0605,-0.711 ,-0.0314,-2.1841,-3.0052, 2.5929,-0.8948,-2.0988, 2.614 , 1.5231, 2.1831,-0.6585,-1.9061, 1.1876, 3.1226, 0.2777,-2.8675]
[ 4.9074,-1.1909,-4.3662,-1.4605,-0.9731,-0.4786,-2.828 ,-2.75  ,-2.2627, 1.5592, 1.0396, 0.1589,-2.6394, 2.2603, 0.2027, 2.9298,-0.5557, 2.411 , 0.3934,-1.4458]
[-4.0628,-1.1905,-4.0983,-1.7661,-3.07  ,-0.5726, 1.7385,-1.2871, 1.4322,-1.7417,-2.038 ,-1.4327, 3.0238, 3.0999,-2.1126,-1.4871, 2.4865, 2.7997,-1.5982,-0.0425]
[-0.098 , 1.2769, 0.5282, 1.3472,-1.4252, 1.7841,-1.3882, 3.1155, 0.4828, 2.3261, 0.2895,-0.4826,-3.1188,-0.8784,-2.282 ,-2.1198, 3.0129, 2.8717, 0.7516, 2.2745]
[-2.4312, 4.3368, 1.756 , 1.8313, 1.3408, 0.9706, 0.9255,-2.1024, 0.4099,-0.1636,-2.7195, 1.1713, 0.5478,-0.2477,-2.552 , 1.7447, 1.4909, 2.8415,-2.7639, 1.6582]
[-1.5959,-3.6505,-0.1819, 0.4165,-0.3406, 1.0747, 2.7472,-0.6914, 3.0805, 1.3008, 0.8848,-2.6594,-0.6619, 0.4883, 0.5229,-0.6857,-2.559 , 1.2479,-1.0949, 1.0569]
[-0.7363, 4.4396, 4.9633,-0.3492, 3.0387, 1.6829,-1.8412,-0.3398, 0.4141,-1.2143, 2.0984, 0.5792,-1.3138, 3.1406, 1.9188,-1.3209,-2.3846,-1.9973, 0.5911, 1.4717]
[ 5.1522,-3.1337,-4.2515,-3.0705,-2.9317,-1.9042,-1.7728, 1.8265, 1.6604,-2.0246,-0.2303,-3.0249, 0.6354, 0.0798, 0.7743,-2.4724,-2.7113,-1.8175,-2.5958, 0.1322]
[-5.3801,-1.719 ,-5.2214,-1.3825, 1.3089,-1.4851,-1.8128, 1.4127,-2.7144,-0.9247,-0.7294,-0.035 , 1.1956, 1.3409, 2.8082,-2.1286,-2.1571, 0.2651,-1.713 ,-2.3345]
[-0.2842,-0.5387,-0.0703,-1.122 , 2.3592,-2.7331,-1.8384, 0.0841, 0.0122,-0.7588, 1.9966, 1.1535,-1.5118, 0.5177,-1.7872,-0.0808, 1.8382, 0.7434,-2.6496,-0.5381]
[-0.2271, 5.0479,-0.1574,-2.1113,-2.591 ,-1.7193, 0.3933,-1.0854, 1.1923,-3.0787, 2.1057, 0.8344, 2.4199,-0.5803, 0.5979,-0.1643, 0.8773,-1.6958,-2.5587,-3.0379]
[-4.1991, 3.0052, 2.0641, 1.6469,-2.5111,-2.126 , 0.1144, 2.2358, 0.1668,-2.7672,-2.6814, 0.68  ,-1.6284, 0.2429,-3.0958,-2.7139, 0.8422, 3.0734, 0.5324,-2.8087]
[-1.437 ,-1.6275, 3.5411,-0.2545,-2.6125,-2.0152, 0.7448,-0.3775, 1.992 ,-2.7692,-0.8735, 1.2143, 0.3363, 0.4952,-1.4668,-1.6159, 0.7216, 2.3572, 0.0059,-1.004 ]
[-1.5981,-1.1665, 1.9896, 3.0873, 0.6561,-2.9308, 0.1712, 2.1277,-0.8378,-2.5063, 2.2559, 0.6569,-0.8575,-0.1175,-1.5381, 0.6667,-2.0392,-0.5346,-2.75  ,-2.9454]
[-0.345 ,-2.3125, 1.123 , 0.0873,-2.6496,-0.7744,-1.7548,-2.3599, 0.9449, 0.8248,-3.0769, 1.6093, 1.4512,-2.2861, 2.0626, 3.0002, 1.6307,-0.6799, 2.2664,-0.4376]
[ 3.2735, 1.3896,-3.8667, 1.1167,-0.1836, 2.4141, 2.6821,-1.9388, 3.0771,-0.6153, 2.6422, 2.5559, 2.3407, 0.672 , 0.3734,-0.3061, 1.1227, 0.7341,-2.3213,-1.3625]
[-1.4052,-0.8324, 2.9391, 0.7521, 0.4554, 1.6937, 0.7505, 1.6825,-2.9307, 0.9893, 1.7786, 0.9304, 2.4627, 0.7025,-2.8414, 1.0167, 2.7998, 0.4259,-2.0214,-0.4931]
[-1.8553, 0.6533, 4.5949, 0.5846, 2.6777, 2.5255,-0.695 , 1.2756, 0.5929,-2.8507,-1.9933,-1.1884,-2.3908,-2.4318, 1.1382, 0.5544,-2.6046, 0.9523,-2.3608, 3.0975]
[ 3.4247, 0.3468, 4.0723, 0.8292, 0.2766, 3.0419, 1.3977,-3.0257,-2.9445, 2.3637, 1.0973,-1.4417, 0.1207,-1.4496, 2.7137, 1.3067, 2.3484,-2.2589,-2.9872, 2.0286]
[-2.3871, 1.9769,-2.7124, 1.7404, 2.6217,-0.4794,-1.8015, 1.363 , 2.4553, 1.0154, 2.3259, 1.9875,-1.3198, 0.8532,-2.6406, 2.037 , 3.0476,-2.5125, 0.9926, 2.8098]
[ 4.5767, 1.834 , 1.0862, 1.4004,-0.4162, 0.7233,-1.4362,-2.4577,-0.5798,-1.1439, 0.6833,-3.0923,-0.7018,-2.0227,-1.7729,-2.802 , 0.7006, 1.5498,-2.1015,-2.1465]
[-4.8494,-2.5753, 4.4731, 0.6029, 2.5192, 1.289 , 0.7007,-1.9179,-0.8974,-1.152 , 0.0375,-2.1923,-0.6067,-0.5481,-1.8713, 2.6141, 1.4981, 0.6202,-1.5829,-2.629 ]
[ 5.0469, 1.9256,-5.2567,-1.0606,-0.6118, 0.2301, 0.7036, 1.9637, 3.0233, 0.2009,-0.1214,-2.1197,-0.8552, 2.679 ,-2.4393,-3.051 , 0.2226,-1.2365,-1.3561,-0.7305]
[ 3.3234,-2.5686, 5.2554, 0.1926,-1.6383,-2.9419, 2.0388, 1.4311,-0.5055, 1.3376, 1.5784,-0.3403,-0.1356,-0.6877, 1.5133,-0.8861, 1.6889,-2.1392,-1.4689, 0.114 ]
[ 5.363 , 0.2581, 4.1884,-2.6656, 2.6988,-0.7804, 1.6429,-1.6866,-0.835 , 0.8762, 2.7335, 0.2912,-2.2807,-2.7817,-0.7905, 2.3721, 2.6368,-1.9388, 2.7873,-2.5017]
[ 3.6239,-0.4892, 0.1357,-2.7973, 1.171 , 2.8967, 0.0838,-2.0008, 3.1173,-1.4827,-0.1441,-1.304 , 1.0521, 0.8016,-2.1916,-1.3171, 2.6511,-2.5145, 2.0468,-2.7661]
[-5.0412,-4.7641, 4.671 , 2.186 , 1.5109, 2.8642,-0.6621, 1.1041,-2.585 , 0.2802, 0.5521, 1.5409,-2.6224, 0.4556,-1.2725, 0.9778, 2.3259,-2.4984, 0.11  ,-2.2588]
[ 5.1404, 1.0084,-4.4046,-0.2635, 0.784 , 2.5579,-2.8515, 2.6896,-3.0204,-0.2561,-1.2551, 3.1341,-2.6608,-1.4816, 3.0497, 2.8246, 0.7323, 0.6999,-1.7689,-1.5671]
[ 4.129 ,-5.3265,-4.6863, 0.9238, 2.4842,-2.6974, 1.5558,-2.223 ,-2.217 , 2.6809, 3.1332,-2.2239,-2.5819, 2.9632,-1.0231,-2.9838,-0.2163, 1.3839,-3.0658,-0.3827]
[-3.9292, 5.0577, 5.4549,-2.2699, 0.8385,-0.9486, 0.529 ,-2.1495,-0.0796, 2.4812,-2.2456,-0.4517, 0.2891,-0.3145, 0.9623,-1.9181,-0.9084,-2.8762, 2.7937, 1.7294]
[-1.1056,-2.8008, 3.2531, 2.3238,-2.3274, 1.2006,-2.3613,-1.2614,-1.5083, 1.2746, 2.5869, 2.2138,-2.4487, 2.1834, 0.823 ,-3.0528,-2.7164,-3.03  , 3.0413, 1.5386]
[ 5.0536,-1.1125, 1.7603,-1.2789,-2.8949, 1.8632, 0.21  ,-0.0522, 1.3378, 2.507 , 2.3673, 2.8479, 2.4856, 2.0686, 2.5748,-1.779 , 0.9333,-1.7449, 1.3027, 0.4618]
[ 3.4214,-0.0383, 2.283 , 1.252 ,-2.3273, 2.6487, 0.2854, 1.729 , 0.0776,-1.9573,-1.3916,-1.5969,-1.2167,-0.4821, 1.017 ,-0.2386, 2.9892,-0.6745,-1.3968,-0.3683]
[-0.0705,-0.5133,-5.1586, 0.0707,-0.1749, 0.1909, 0.0517, 1.374 ,-2.0279,-2.4885,-1.8086, 1.0149, 0.1446,-3.0278, 1.5481, 2.934 ,-2.7705, 2.0446, 2.0889,-0.9554]
[ 0.0767, 1.4648,-1.5202, 0.2312, 1.5693, 0.8045,-2.7208,-3.1134, 1.8688,-0.7831, 1.0854, 1.6108,-0.2773,-1.0926,-2.0415,-3.13  , 1.2076,-0.5704,-1.5539, 2.9925]
[-0.2168,-0.1806,-4.0993,-2.9469,-1.2628, 1.1235, 3.0976, 2.0158,-0.6815, 0.1814, 0.867 ,-1.8622,-1.6754,-0.3849, 1.061 ,-0.4332, 1.9887, 0.8286, 0.9247, 2.7296]
[-1.0573, 4.8922,-2.2785,-0.4723, 2.1766,-0.1787, 1.6542,-2.3099, 1.037 , 0.5387, 2.352 , 0.006 , 0.3788, 1.7205, 0.77  ,-2.3631,-2.6546,-0.1427, 1.8991, 2.5036]
[-4.8391,-1.2477,-3.5762,-2.4984,-1.2092,-2.5024,-0.9211,-1.9194, 0.8143, 1.2226, 2.596 , 3.1324,-2.883 , 0.9545,-2.956 ,-0.4092,-1.3193,-1.2603, 0.1376, 3.1139]
[-4.9885, 0.3509, 2.5238,-2.4242, 0.9192, 0.2983, 2.9291,-0.0431, 2.1139,-3.1386, 2.4213,-0.4031, 0.8923,-1.8727, 2.6805, 0.4348, 0.3046, 0.0842,-1.1785, 0.4293]
[ 1.8051, 3.3911,-0.8626,-2.8748, 1.5014,-2.8665, 2.1689, 0.2077, 2.3124,-2.112 ,-2.1442, 0.0875,-2.5278,-1.5995, 1.7857, 1.6554, 1.0159, 2.1325, 0.4986,-2.1308]
[ 3.2899,-1.5528, 1.4051,-1.2883, 0.5688, 2.6099, 1.0204, 2.8343,-0.1345,-0.7685, 2.7838,-2.8452,-2.1003,-2.517 ,-0.3368,-0.2274,-2.8164, 1.096 ,-1.2788,-0.2363]
[-5.3155, 3.0435, 1.9811,-2.6152,-0.7113, 0.9187,-2.8361,-0.7511,-1.2847,-0.281 , 2.9106,-1.5043,-1.9798, 1.2573,-2.2829,-2.4941,-0.2489, 1.0094,-1.485 , 1.8134]
[-3.8264, 0.973 ,-0.5341, 2.9451, 3.0463,-0.6919,-1.7511,-2.4229, 2.9067,-2.349 , 0.2313,-0.558 ,-3.0693, 2.0638,-2.0689, 2.9452, 1.2429,-0.1503,-0.8015,-0.3881]
[-3.9229,-2.6324, 1.8796,-2.5581,-2.8312,-2.2254,-2.6063, 2.055 ,-1.0095,-2.1143, 2.3354, 1.2279, 1.2108,-0.6754, 0.848 , 1.3663,-1.6824,-0.1904,-2.7864, 0.3201]
[-5.3553, 1.7243, 4.2703,-0.7654,-0.5727,-0.0066,-0.2321, 0.8287, 0.5278,-1.1635,-0.1085,-2.2107, 1.9252, 2.8432, 0.3901,-1.2323,-2.1249, 1.8465,-2.3884, 2.3584]
[ 4.177 , 1.531 ,-5.4171, 0.1064, 2.2422, 2.5909, 2.5636, 2.8725, 1.7611,-0.673 ,-1.5445,-0.7317,-0.7059,-1.9444, 0.7137, 1.0918,-2.0068, 0.5046,-2.4139, 2.4909]
[-4.2717,-5.1654, 3.0089, 2.6416, 0.0216, 2.6012,-0.7658, 0.2245,-2.7494,-1.5835,-1.6659,-2.6874, 0.0345,-0.0701,-1.9496, 1.7361,-1.5677,-1.1926,-0.1769, 1.619 ]
