[-5.4908,-4.5992,-0.3489,-1.4523, 0.188 , 1.162 ,-3.0308, 2.5025,-2.5411, 0.4796,-1.3255, 0.4993,-0.2492,-0.6082,-0.3415,-1.4983,-1.2598,-0.3349,-1.9111,-0.6239]
[ 3.493 , 2.1184, 2.5634, 2.9673,-3.0884, 1.952 , 0.0818,-1.376 ,-1.645 , 0.4023, 0.2148, 2.9274,-1.1017, 0.4789,-2.4044,-0.4291, 1.4704,-1.3572,-2.0489, 1.9518]
[ 2.5232,-3.0214, 0.355 , 1.5317, 1.7909, 2.625 , 3.0838,-2.1908,-0.8174, 2.9185,-2.8874,-1.7834,-1.079 ,-2.597 ,-2.8994, 2.1088,-1.3859,-0.5552,-0.0773, 1.3391]
[ 4.6666, 0.6789, 2.4954, 2.6036, 2.0443, 0.3553, 0.4745, 1.6374, 2.4959,-2.57  ,-1.8402, 1.9913, 1.5165, 1.7718, 0.2457, 0.937 , 1.6613, 0.6904, 2.7891, 1.1511]
[-4.5622, 4.332 , 2.0622, 0.6038, 0.957 ,-0.9113, 1.7695,-1.006 , 1.3065,-2.7686,-3.1392,-2.361 ,-0.3819, 2.2136,-2.8109, 1.3717, 0.7456, 2.7592, 0.842 ,-2.9577]
[ 3.5286,-3.9057, 3.3551,-2.4307, 0.6523,-1.8446,-2.1181, 1.8346,-2.6124, 1.8346,-2.9693,-0.4047, 0.3734, 2.202 ,-2.1565,-2.7989,-1.5275,-0.3754, 0.4749,-2.8852]
[-4.0666, 3.6774,-1.9273,-1.0842,-1.2524,-3.0594, 1.4815,-0.8977, 1.611 , 1.7782,-1.572 ,-2.3956, 2.4098,-1.6643, 1.5753,-0.0085, 0.3133,-0.5672,-2.3894,-1.8692]
[-0.7442,-5.4084,-0.2635,-1.6055, 0.337 ,-1.1545,-1.8828,-2.3809, 0.045 ,-0.1897, 0.8473,-2.6567,-1.4947, 0.3687, 2.2117, 0.2483, 1.7003, 3.0619,-1.348 ,-2.384 ]
[-1.6483,-3.6022,-3.3093,-0.9965,-1.4579,-1.4064, 0.1367, 1.    , 1.2584, 3.0486,-2.472 ,-2.3679,-2.9874, 3.0976,-2.8802,-2.6198, 2.4301,-1.1148,-2.3707,-0.5309]
[-2.3237, 1.4786, 3.0481, 1.8014,-2.2914,-2.7468,-2.9288, 0.2078, 1.6539,-2.824 , 1.3023,-2.4914,-0.2224,-0.1279, 0.9589, 1.7559,-0.546 ,-0.5197, 3.064 , 0.8693]
[ 3.1186,-0.5184, 3.3904, 2.6156,-2.3887, 0.5257,-0.7286, 1.5003, 1.5299,-0.2014,-0.6273,-0.8504,-2.6791,-1.6357,-0.9012,-2.3314, 1.8065,-2.4404,-2.7155,-2.5565]
[ 1.0833, 1.4696,-3.3543, 2.7857, 2.8355,-1.8392, 1.4499, 1.027 ,-1.6577,-0.4773, 0.9095, 0.4263, 1.7713,-2.4055, 0.2645,-2.8192, 2.5285, 1.4926, 2.5214, 0.3773]
[-2.5716,-4.8516,-5.1137,-0.9695, 0.6695, 0.9023,-0.5476,-1.8142, 1.0649, 2.5421,-1.0981,-0.4667, 1.464 ,-0.3687,-0.7578, 3.1185, 0.7344,-0.3732, 1.6541,-1.0319]
[-1.2151, 5.0335,-0.5181,-2.8968,-1.2067, 0.6775, 2.8433, 2.3257, 3.1332,-0.4032,-0.4084,-3.0912,-0.7822,-1.6457,-2.445 , 1.6327, 2.1019, 0.7556, 1.9427,-2.8095]
[-5.1112, 2.4539, 1.6605,-1.5544,-2.5287,-1.4599, 1.5606, 1.4761,-0.167 , 3.0176,-2.1721,-1.6035, 0.4201, 2.5027,-1.6282,-0.4776, 0.5469,-1.9359, 0.3822,-3.1267]
[ 2.3114,-1.5367,-5.1343, 2.5327, 1.5658,-0.5198, 0.1054,-2.4165, 2.2636,-1.7789, 0.2094, 3.0243,-2.0458, 1.6022,-1.4119,-2.7834,-2.411 ,-1.6653,-2.9641, 1.4258]
[-1.7759,-4.7008,-0.4867,-1.3944, 1.8222, 2.576 ,-1.5289,-1.1232,-0.329 , 1.2678,-3.0261,-2.9266, 2.9733,-1.6447,-1.7621,-2.4561,-2.8611, 1.4931, 0.1985,-0.7925]
[-0.7999,-0.0142,-1.5621, 1.628 ,-1.5728, 2.5783, 2.2531,-0.3403, 0.9213,-1.7899,-1.8162, 1.3817, 0.0088,-1.9757,-0.1037, 1.2931, 2.1701,-0.8003,-1.5231, 0.7577]
[-0.236 ,-4.3092, 2.9411, 2.5664,-2.9392,-2.7508,-3.0049, 1.4351, 0.82  ,-2.6173, 2.2542,-2.7962, 0.7125, 2.8866,-0.7908,-0.0573, 0.5162,-1.4218, 1.2451,-2.0516]
[ 4.7001e+00,-2.9064e+00,-3.1236e+00,-8.3085e-01, 4.6230e-03,-1.2587e+00,-1.8779e+00,-1.8926e+00, 6.3550e-01, 1.7616e+00, 7.6771e-01,-2.8247e+00, 1.7885e+00, 2.5579e+00, 1.2271e+00, 2.0418e+00, 1.4175e+00, 8.1970e-01, 2.0611e+00,-1.0305e+00]
[-1.3389e-01, 3.8957e+00,-2.1595e+00,-1.0155e+00, 1.1292e+00, 5.0388e-01, 1.5735e+00,-1.5308e+00, 1.1141e-01, 2.4858e+00,-2.1424e+00,-2.1432e+00, 1.6005e-02, 1.2123e+00, 1.3982e+00, 2.6615e+00,-1.8343e+00,-1.8477e+00,-2.8342e+00,-8.1180e-04]
[-4.5251, 1.1285,-4.2849, 1.4861,-0.7541, 1.6868, 1.472 ,-2.8183,-0.7126,-0.8771,-1.7336,-0.0564,-1.2808,-2.1684,-0.2297,-0.8676,-0.844 ,-0.4514,-2.4554,-0.0524]
[ 4.4257, 2.5595,-5.0311,-1.9094,-2.1467,-0.3758,-1.0162, 2.1173, 0.6144, 0.08  ,-1.3517,-2.8369, 0.2959, 0.4302,-1.2292,-2.4255,-1.8753, 0.6955,-3.0037,-1.3997]
[ 3.8435e-01, 7.3106e-01, 3.8239e+00,-2.7003e+00,-2.3237e+00,-2.3962e+00,-2.5692e+00, 2.5216e+00, 1.3261e+00,-1.7692e+00,-7.2737e-04,-3.0483e+00, 2.9678e+00, 9.3673e-01, 5.0847e-02, 1.3114e+00,-7.6767e-01, 9.4060e-01,-1.2064e+00,-1.6723e+00]
[-2.5881,-1.2587, 1.8528, 1.3979,-1.6231, 2.4654,-0.1074, 1.9108,-1.868 , 0.787 ,-0.0184, 1.6911, 2.3171,-0.8263, 2.7844, 0.2551, 2.8571, 2.2091, 0.106 , 1.3324]
[ 1.9406, 2.5209,-2.1138,-0.1445, 1.2753, 2.7926, 2.633 , 2.3272,-1.6297,-2.8962, 2.9496,-2.5895, 1.1056, 1.9426,-2.9721, 2.4078, 1.3039, 2.7673, 2.4736, 0.2073]
[-0.564 ,-5.4758,-2.9894,-1.7484,-0.2512,-3.0071,-0.9368, 0.2132, 1.8283,-0.6996,-2.8827,-1.8654,-1.145 ,-1.6044,-1.3572,-0.6445, 2.2122, 3.1351, 1.3943, 1.9237]
[ 5.0413, 4.6269, 4.2559,-0.6779,-1.1051, 0.7512,-1.6845, 0.7294,-2.2947,-2.5454,-0.74  , 0.0543,-1.4255, 2.3515, 2.0675,-2.9793,-1.3864,-2.4231,-2.9639,-2.7086]
[ 2.1638, 3.9876,-1.8529,-1.2266,-0.074 , 3.0471, 2.7041,-1.8726, 2.0357, 0.6021,-2.0686, 1.8675,-2.4987,-0.9431,-1.6595,-2.1286,-2.5588, 1.0704, 0.2523,-2.4201]
[ 1.045 , 0.5405, 1.671 , 1.3169, 2.7868, 1.0246, 1.4636, 3.0955,-1.6513,-1.2587,-0.4011, 1.4963,-0.915 ,-1.1102,-2.9419,-1.8479, 0.2973,-2.9988, 1.2126, 0.1031]
[-2.7086, 0.3336, 0.6246, 2.1424, 1.5929,-0.9048,-1.2117,-0.3404,-1.3852, 1.5317,-1.3989, 1.149 , 0.6493, 0.3935,-3.1083,-0.3999, 2.561 , 2.4406,-2.1689, 2.9578]
[-4.5211, 2.2927, 1.0281,-2.9607, 0.0286, 3.1217, 2.8047, 1.2117, 0.9372, 1.1287,-2.5504,-1.328 ,-1.7524, 0.7796,-1.3761, 2.3654, 0.9312,-1.7745, 2.8887, 2.01  ]
[-4.1945,-3.8314,-2.6228, 1.853 ,-1.8037,-0.1118, 2.7823, 1.4523, 0.0938, 2.7463, 3.115 , 2.5033, 1.0961,-2.8724, 1.5751,-0.9566,-1.7023,-2.3554,-3.0776,-0.462 ]
[ 1.0859e-03,-4.4235e-01, 5.0697e+00,-1.6902e+00,-1.9312e+00, 1.4379e+00, 1.5068e+00, 1.1360e+00, 1.3094e+00,-2.4056e+00,-9.6749e-01,-1.4183e+00, 2.2303e+00, 1.6834e+00, 2.2427e+00, 5.4800e-01,-2.5069e+00,-1.0016e+00,-5.7258e-01, 1.2814e+00]
[ 0.0695,-3.5736,-0.4726,-1.326 ,-3.1253, 2.4865,-0.1692, 0.037 , 0.4887,-2.4982, 1.7391,-2.2547, 2.6139, 2.774 , 0.9317, 2.1726, 2.4607,-2.081 , 2.0823, 0.0306]
[ 1.6784, 0.8758, 5.1344,-0.0973,-1.2037,-1.9371,-0.89  ,-1.0035, 0.855 ,-0.6559,-1.2182,-1.6434,-2.5124, 3.0164,-2.6444,-1.5199,-3.0632, 1.562 ,-0.4565,-0.549 ]
[ 0.0463, 1.6826,-5.4311,-0.6582,-0.8779, 2.1599,-1.4441, 0.3325, 0.3552, 1.0702, 1.3011, 3.059 , 1.1855,-2.1888,-2.9645,-2.5702,-0.2012, 2.3607, 0.6537,-2.3618]
[-1.0466, 3.9938, 4.2035,-0.7531, 1.2338,-0.9876,-2.8111,-1.7774, 2.8001,-0.7025,-1.3579,-1.2249, 2.3982,-2.3319, 2.0523,-1.7706,-3.1038,-2.8372,-2.8259,-2.7227]
[ 2.4545, 3.3452,-1.7494, 1.3115,-1.32  , 0.287 , 1.8558, 0.6449, 2.4959, 1.513 , 1.8187,-1.6287,-1.0554,-0.552 , 2.7995, 1.3176,-0.192 , 1.0533, 2.9704, 0.2255]
[ 2.949 ,-3.4893,-0.1   , 0.5871, 0.3851, 1.7649, 0.7664,-2.0946, 2.8957, 0.4302, 0.7819, 2.2713,-2.5849, 2.9735, 0.7592,-2.5486,-2.5068, 1.1528, 1.7341, 3.103 ]
[-2.6997,-2.18  ,-1.4248, 0.6204, 2.2036,-1.8687, 2.7122,-1.9962,-2.727 ,-2.6474,-0.8593,-1.1371, 1.3831, 2.2695,-1.3544, 0.0333,-1.7424,-0.5436,-1.4688, 1.1731]
[ 4.3216, 3.9935,-4.7851,-2.7963,-0.0963,-2.2995,-0.3616,-2.3642, 0.3312,-2.3032,-2.4877,-2.0462,-0.9605,-1.1521, 1.3049,-1.3644,-0.2258,-1.549 , 2.1554,-2.3271]
[-4.9006, 4.301 ,-2.7172,-2.059 ,-0.8623, 2.6823, 2.6159, 1.7475,-1.1814, 0.0721,-2.4423, 0.3224, 2.3803,-0.1156,-1.4491,-0.7135, 1.2365,-1.5547, 2.098 , 0.5756]
[-3.1938,-0.0847,-0.7127,-1.9367, 0.7192,-2.4543, 1.1432,-1.0836, 1.2151,-2.969 ,-0.1613,-1.6993,-0.3683, 1.4396, 2.8575, 1.1004, 0.1242, 3.117 ,-0.504 ,-2.3295]
[-1.209 ,-4.7348,-0.8628,-0.7841,-2.9074, 1.9864, 1.6461,-2.4734,-1.365 ,-0.1445, 0.7706, 0.9834,-2.5489, 1.9478, 0.7763,-2.2358,-0.1616, 1.7095, 0.9295,-1.3442]
[ 0.2445, 4.7129, 1.3011,-2.1711, 0.1365, 0.1448, 2.9319, 2.4102,-0.0897,-0.4651, 1.9752, 0.1063, 0.0883, 2.9288,-0.0334, 2.9179, 1.9151,-2.2148,-1.4122,-0.126 ]
[-4.8431, 3.1702,-2.5308, 0.6887,-2.9364,-1.674 ,-2.4127, 1.851 ,-2.3082,-1.8839, 1.5649, 2.6161, 1.8492, 1.2031, 1.3951, 1.5574,-3.0249, 2.151 ,-1.4126,-2.7224]
[-3.5149, 1.9056, 3.9048, 1.7014, 2.2741, 0.9398,-0.7034,-1.6591, 1.7747, 0.228 , 0.8206, 3.1339,-1.964 , 1.5399, 1.0474,-2.8746, 1.9056,-0.6322,-1.3736, 0.077 ]
[ 2.5929, 2.8456, 2.1225,-2.7039,-2.1435,-1.0069,-1.7177, 1.8905,-1.6101, 2.1157,-1.5176, 0.3377,-0.4963, 2.1968, 0.6459,-1.881 , 1.1111,-0.61  ,-1.6099, 2.9072]
[-4.8646, 0.9115,-0.5236,-1.9175, 2.8859,-2.5554, 2.3817, 0.0406,-0.6406,-0.3589,-2.8375, 1.6994, 3.1108, 2.2663, 2.1523,-2.2001, 2.483 , 2.0968, 1.5052,-1.1508]
[-4.6157,-3.0766,-0.6844,-3.0953,-0.1322,-2.4054, 2.9208,-2.5252, 0.1797,-1.0269, 1.1698, 2.4608,-0.8447,-1.426 , 1.2977,-1.1863, 1.6777, 0.314 ,-2.3506, 2.8316]
[ 2.7984,-5.32  ,-3.1002,-0.2314, 0.4641, 1.6173, 1.1805, 1.025 ,-0.8428,-3.1064, 2.7218,-0.9443, 3.0059,-2.6194,-1.1041, 0.7931,-1.8196,-2.8341,-0.8211, 1.6099]
[-4.4624,-3.5895,-3.5574,-1.0097, 0.7925, 2.6841,-2.662 , 2.9931,-0.1938, 0.6689, 0.4244,-1.9484, 1.6275, 2.5389, 0.8909, 0.8968, 0.6571, 1.5275,-0.3654, 2.3659]
[ 0.6504,-3.9738,-3.8122, 2.8273, 2.7464, 2.2432, 2.0948,-1.3126, 1.2489, 2.2016, 0.4891,-1.6152, 2.6698, 2.0784, 3.0721,-1.8087, 1.0314,-1.9327, 2.1673,-0.1173]
[ 5.0534, 1.1616, 2.5993,-1.8864, 1.1939,-1.4148,-1.8931, 1.3032,-2.5126,-0.4498, 1.3046,-2.1928,-1.1367, 2.0002, 2.8928,-0.4689, 2.8837, 0.6085,-0.2812, 2.038 ]
[ 2.6886, 1.4195,-4.6428,-1.0367, 3.0476, 0.2215,-1.4504, 0.659 , 2.3588,-2.4892,-0.3922, 1.4254, 1.9616,-0.5137, 2.5789, 1.001 , 2.5611, 1.7243, 0.6688,-1.8793]
[ 2.8597, 4.4244, 4.3056, 2.3605,-1.0586, 0.6176, 1.4328,-2.3935,-1.8367, 1.2338, 1.7695, 2.5303, 0.0163,-1.2983,-0.4599,-1.6777,-1.4485, 1.072 ,-0.1014,-2.1025]
[ 5.2355,-1.6614, 4.0314, 0.9525, 2.2077, 0.1669, 2.5335,-0.8873, 0.283 ,-1.1839, 0.2614, 0.9431, 2.6407,-2.0562,-0.4924,-0.9468,-0.2853, 3.1233,-3.1362, 2.3099]
[ 2.1088,-0.8001,-3.1134,-2.8517, 0.1336,-1.1563,-1.1379,-1.9072,-2.8226, 0.2855,-1.2503,-2.1307, 1.7028, 1.6183,-0.0578,-1.1933,-0.0943, 0.7389,-2.4141,-1.5366]
[ 3.2601, 1.2261,-0.4051,-0.5658,-2.5535,-1.0104, 2.0993, 0.8395, 1.6055,-2.9145, 0.6131,-2.6329,-0.6782, 1.2402,-2.6632,-0.6505, 2.3861,-1.6222, 2.1569, 1.3364]
[ 4.6405, 4.3188,-3.7691, 1.2966, 1.2679, 2.9904,-2.8292,-2.5158, 0.581 , 0.8355,-0.9866,-2.733 , 0.9798,-0.542 ,-2.231 ,-0.8076, 2.8086,-3.0992, 1.9476,-2.844 ]
[-5.2796, 3.642 , 3.2244,-1.6551, 1.4716, 2.5384,-1.8262,-3.0228,-1.1146, 2.648 ,-0.2064,-1.5388, 1.281 ,-2.718 , 1.9028,-1.522 ,-2.9501, 2.9199, 2.2649, 0.6824]
[-1.3794, 2.9245, 2.5988, 1.5071,-3.0278, 0.3986, 1.3557,-0.7917,-2.4728, 2.8505,-1.1255,-2.0821, 0.3601, 2.5306, 2.1733,-2.0101, 3.1014,-3.0878,-1.0151,-0.9815]
[ 1.0918, 4.8209, 1.9588,-1.3992,-0.4359,-0.7936,-3.0128, 2.9845,-3.0128, 0.0794, 2.3065,-3.046 , 0.1435, 0.679 , 0.1008,-1.1082, 2.1634,-1.5991,-1.1837, 2.9866]
[ 3.7401, 1.8139,-1.8915,-0.8152,-0.9041,-0.0254, 1.4709,-0.8817, 0.0271, 1.604 ,-0.5221, 1.6817, 0.3561, 1.0073, 0.8242,-1.905 , 1.8546,-1.7374,-0.8725, 1.9609]
[-1.1899,-2.2961,-3.159 , 1.2229, 0.4074,-2.3941,-1.0798, 2.6238, 2.0381, 2.0279, 1.1038, 0.3546,-1.0248,-0.1919, 2.2505,-0.8503, 0.9146,-1.9878,-2.629 ,-0.1585]
[ 2.784 ,-5.1011, 2.8465,-2.1112, 2.5725,-0.6755, 2.2462,-2.4425,-2.3482, 1.242 , 1.7648,-2.2515, 2.5891, 2.9124,-3.1211, 0.3289, 0.6727,-2.0379, 3.0494, 2.7379]
[ 4.6473,-1.6897, 3.7283,-2.215 , 0.3664, 2.9089, 0.554 , 2.8451,-2.4531, 1.3271,-2.1582, 1.4795,-1.7823,-2.975 , 2.3925,-2.4413, 0.8181,-2.8874, 0.0978, 1.3522]
[-3.4286, 0.6618, 3.5863, 2.5943,-1.2083, 1.5943, 2.8619,-0.675 ,-2.6129,-1.3421, 0.8835, 1.0463, 1.2482,-1.2873, 2.8995, 3.091 ,-2.0842, 1.6072,-1.7051,-1.6967]
[-1.9535,-4.8688, 2.2661,-0.4754, 1.6873,-2.7546, 1.1413,-0.3541, 2.389 , 2.2486,-2.8464, 0.367 , 0.1011,-1.1656, 0.7581, 1.7213, 0.4271,-0.145 , 1.3437,-3.1275]
[ 1.7779, 3.8665,-0.602 ,-2.2584, 2.1218, 2.9661,-0.2054, 1.4313, 2.1877,-0.1741, 1.5594, 1.9321,-0.7676,-0.4236, 1.18  , 1.5241, 3.0488,-0.34  ,-2.7462,-1.9425]
[ 5.211 , 2.0092, 0.3847, 2.3138, 0.8731, 1.6028,-1.6288,-2.3601, 2.6636,-2.9216,-0.5285, 2.0815, 1.7592, 0.374 , 2.8383,-2.5242,-2.4461, 0.3736,-0.2636,-1.9053]
[ 4.5466, 1.396 , 0.8256, 2.4904, 1.6034,-0.0994,-2.922 , 1.8695,-0.5047, 2.3282,-0.449 , 0.4399, 1.5848, 1.5224, 2.4184, 0.2642,-0.2951, 1.0363, 2.3155, 1.8098]
[-1.4306,-3.9967, 0.7861,-2.0693, 2.3552, 1.1481, 0.5222, 3.0711, 2.9417,-0.7002,-0.0335, 2.6529,-3.0253, 1.7383, 1.4747, 2.4818,-1.7922, 1.667 ,-0.7986,-0.9649]
[-0.8892,-4.289 ,-1.0409, 1.3455, 2.032 , 1.0437, 0.9026,-1.4667,-3.0931,-1.445 ,-0.8455,-2.2034,-1.8319,-3.024 ,-1.3707,-3.1279, 1.2313, 3.0622, 0.1156,-1.3065]
[-2.0354, 4.6388, 0.1673,-0.3027, 1.1851, 0.9029,-0.3336,-1.3696, 2.6188, 2.8247,-2.1852,-2.606 , 0.4711,-2.4728,-2.8128, 0.4877, 1.0999,-0.1174, 2.5564,-1.3164]
[-0.5123, 3.7663, 4.3633,-2.7448,-1.0345,-2.1447,-1.6636,-1.3632,-0.8168, 2.328 ,-2.6194, 1.7315, 1.3873,-2.927 ,-2.4315, 0.0289, 3.1156,-0.505 ,-2.0307, 0.3344]
[-5.4402, 2.1026, 4.1494,-2.8198,-0.3634, 2.0742,-1.3271,-2.7352,-0.2055, 0.2458,-2.3937, 1.6945,-2.9186,-1.079 , 0.3478,-0.122 , 0.738 , 1.2938, 0.4436, 2.8663]
[ 3.0626,-0.9437, 4.696 , 2.0127,-0.5091,-2.888 , 0.5731, 2.6632,-2.025 , 3.0257,-1.1139, 2.2092,-1.1166,-2.3633, 2.4566,-0.7895, 2.1623,-0.0087,-1.2812,-2.2444]
[ 1.0547, 3.6839, 3.0485, 0.5288,-2.2572, 0.8267,-0.4018,-0.6858, 2.6386, 1.7251,-1.0725, 2.9147, 2.5589,-3.0936,-2.9386,-1.424 ,-2.5922,-2.3287, 2.7268,-0.0866]
[ 5.2207, 5.2157, 0.0209,-1.0302, 0.2639,-2.9575,-1.9656, 1.1927, 2.1173,-2.9363,-0.344 ,-1.0513,-1.2062, 2.7878,-2.9615, 1.0087, 1.2158, 1.482 ,-0.7765,-1.8591]
[-4.2271,-4.4333, 1.0995, 2.3004, 1.2424,-0.7271,-0.4596,-1.146 ,-1.0572,-0.8631, 2.3447,-2.3583, 1.6823, 1.5252, 1.0406, 2.8496,-2.9761, 1.0828, 1.4266, 0.6455]
[-0.3863, 3.134 , 4.5884, 1.7696, 2.2354, 1.8192, 2.7715, 0.9194,-2.399 ,-1.7016, 2.9055, 2.6117,-0.8449,-2.312 , 2.4927, 2.9436,-1.3866, 2.3993, 2.3483,-0.3752]
[-3.9294,-2.0571, 2.904 ,-0.869 ,-2.5389, 0.7939,-0.7672, 1.922 ,-1.4405, 0.0638, 0.4142,-2.183 , 1.0087, 0.2054, 1.5554, 1.4028,-2.4076,-3.0938, 2.7691, 3.0626]
[ 4.2002, 0.7012,-3.5351, 2.0121,-0.709 , 1.7354, 2.8283,-0.0542,-1.0098,-2.9273,-1.6752,-1.7513,-2.7885, 1.0575, 1.9701,-0.5217, 1.489 , 1.7914, 0.7968, 1.2008]
[-1.0123,-3.7402, 0.8655, 3.0423,-1.0943,-2.1246, 2.2779,-2.8363,-2.2869,-2.0614, 2.3557,-1.7095,-1.7554, 1.9206, 3.0952,-0.4098, 0.0577, 0.7441,-2.5352,-1.6292]
[-3.0466, 5.3919,-0.6941,-2.1368,-2.6626,-2.5651, 0.4864,-0.539 ,-0.1238, 1.7096, 0.1145, 0.998 , 2.9848,-2.5122,-2.7908,-1.9571,-0.6749,-2.5378,-1.8306, 1.5991]
[ 0.6089, 3.804 , 1.8956,-0.3316,-0.3223, 2.4026, 1.5068,-2.917 ,-0.5871, 0.855 , 1.5667,-0.7697,-1.8599, 0.1142,-3.0619, 2.4516,-0.0893,-0.6785,-2.5593,-0.8668]
[-0.8051,-2.4598, 0.2408, 1.7809,-0.0506,-2.6456, 2.461 , 0.9969, 1.6017, 2.6807,-0.5261, 0.7804, 1.2774,-1.1836,-0.9099, 1.3615, 3.0333,-2.4477, 0.622 ,-1.8932]
[-4.604 ,-2.3683,-1.801 ,-1.7207,-0.6245, 0.6587,-2.4033,-0.4204, 0.5294,-2.2524,-0.9506, 1.8661, 2.019 , 2.7213, 0.8715, 2.4523,-0.2217, 1.122 , 0.6113,-1.1334]
[-2.001 ,-1.7621,-4.0584,-1.3654,-2.6483,-1.6509, 0.0696,-1.4066,-0.8585, 0.207 , 2.8739,-0.1025, 2.8844,-1.5346,-2.5038,-0.4452,-0.6047, 0.7924, 2.2957, 0.8847]
[-1.0735,-0.8469, 4.7312, 0.1035, 0.9606, 3.0318,-2.7696,-2.7943,-1.3196,-1.5253, 1.7252,-1.0595,-2.9613,-1.4549, 2.1404, 1.1986,-1.6986,-1.0393, 2.522 ,-1.9726]
[-0.192 , 4.3273, 3.6914, 1.8435,-1.5826, 2.4381, 1.3499, 0.3785, 0.2738,-2.5055,-0.2445,-2.8713, 1.035 ,-2.9603, 0.4279,-0.0661,-0.8971, 2.8401,-2.7514,-1.2001]
[ 2.9441e+00, 1.2149e+00,-5.1674e+00,-2.8711e+00, 1.6952e-01,-3.5059e-01, 5.5348e-02, 2.0257e+00, 8.1312e-01, 1.7095e+00,-2.7243e+00, 2.6502e+00, 2.2764e-03,-7.0478e-01,-4.8534e-01, 3.0448e+00, 1.5962e+00,-3.0979e+00, 2.8847e+00,-1.4464e+00]
[-0.8186,-1.9657,-4.629 , 0.3924, 0.4476, 2.1547, 1.4944, 1.0616, 0.2419, 1.0898,-2.6491,-0.7994,-2.213 ,-2.5536, 3.0868, 0.0809, 2.0523,-0.1636,-1.8006,-1.7007]
[-0.0961, 1.571 , 3.3986, 0.5893,-0.8081, 2.4785, 0.2558,-0.6646, 0.7983,-0.4564,-0.3712,-2.1605, 0.6842,-2.9432, 0.4685, 0.0325, 0.6826, 0.3574, 2.3547, 2.2932]
[ 1.7779,-2.949 ,-2.3433,-1.6213,-2.589 ,-0.0256, 0.4691, 2.613 ,-0.8407,-0.779 , 0.7735, 0.632 , 2.2779, 0.526 , 0.194 ,-2.9048,-2.155 , 2.9881, 1.96  ,-1.924 ]
[-0.6054, 5.472 , 1.6999, 1.2051,-2.6808,-0.2601,-2.3257,-0.207 ,-1.5103,-0.7595,-0.5062, 0.1101,-0.6464, 3.0895, 2.8324, 2.7309, 1.6771,-1.2955, 0.2091, 0.2662]
[ 5.1515, 5.4943,-1.7906, 3.0287, 1.5709, 0.6251, 2.1374,-0.0638, 1.9541,-0.4605, 2.3994,-0.3689, 1.2969, 1.9468, 2.5646,-2.1556, 2.8772, 0.861 ,-1.3598,-1.4621]
[ 0.5085,-2.4182,-4.1932, 2.0095,-1.8693,-0.3986, 2.0832, 0.256 , 0.647 ,-2.9688,-1.1442, 1.3706,-0.234 ,-2.816 , 2.7609,-1.0681, 1.7003,-2.1501, 0.9766, 2.5742]
