[ 3.7271, 5.0386,-1.8534, 1.1864, 2.6835, 0.5171,-1.3523, 2.0909,-2.9029, 0.7911,-0.5099,-1.87  , 1.1482,-0.9249, 1.644 ,-1.7762]
[ 1.2675, 0.3815,-1.8614,-0.6352,-1.5516, 1.7868, 2.1813,-1.92  , 2.4622,-2.0923,-1.7729, 2.1282, 0.6629,-0.9299, 0.207 , 1.2472]
[ 5.0164, 3.4579, 4.575 ,-0.2073, 2.2986, 2.8321, 2.9685,-2.8078, 0.0579,-0.1445, 2.0843,-0.5012, 2.5593, 1.0947,-1.3632, 0.421 ]
[ 3.3739, 2.5305,-1.6855, 0.8991, 1.1563,-0.7151,-0.3624,-2.987 , 2.0102, 0.2888, 1.0607, 0.854 , 1.7884, 1.1712,-0.3611, 1.3275]
[ 3.8014, 1.119 ,-1.5924,-1.4698,-1.8048,-2.4982,-2.5142,-2.736 ,-0.2002,-1.8521,-2.4571,-3.0463,-2.1621, 1.6456, 2.6853,-0.6782]
[ 4.8438,-4.2021,-4.6492, 2.6875, 1.238 , 0.2285, 1.9896,-1.6296, 3.0607,-0.2356,-2.808 , 1.5063,-0.2212,-3.1172, 2.3456, 0.0809]
[-2.9284,-1.3829, 1.4836,-0.6351, 2.3768,-2.2932,-1.7916, 2.6803,-0.5684, 0.9289,-2.4369,-0.6157, 2.2412, 0.5207,-1.8961,-0.6993]
[-0.5714,-3.3245, 0.1684,-3.0536,-2.0899,-0.9869,-2.5869,-2.689 , 0.7803, 0.847 ,-0.0712,-0.1587, 2.4169,-2.7327,-0.356 , 0.5212]
[-3.535 ,-0.5784,-3.6629, 0.3729,-1.303 ,-0.9499,-1.1331,-1.0045,-2.1792,-2.2234, 1.7544,-0.0928,-1.7676, 1.9507,-1.131 , 2.3231]
[-3.6435, 4.0507, 3.5846,-2.1752,-1.7534,-0.9434, 1.907 ,-2.382 ,-0.7917, 2.1717, 0.8535,-0.5812,-1.6381,-2.8776,-1.0366, 1.8882]
[-2.0464, 3.5124, 2.1564,-2.3394,-3.0919, 2.3233, 2.0669,-2.1235,-3.0155, 2.0523,-2.1345, 1.7458,-2.0026,-1.847 , 0.7076, 2.1091]
[ 2.9162,-2.0056, 4.8288,-0.0503,-1.0302, 1.5103,-1.7862, 0.1342,-0.1384, 0.208 , 1.7519,-3.063 ,-2.5991,-1.9922, 1.7949,-1.5482]
[-0.9515,-2.6745,-4.094 , 0.793 ,-0.219 , 2.0026,-0.8082,-1.1936, 2.6616,-2.0968, 1.0331,-0.7214,-1.371 ,-0.2439, 0.2761, 2.5869]
[-5.4623, 4.7587,-4.644 ,-2.9057,-2.4528,-0.7302,-0.3202,-0.3375,-0.0901,-0.2136, 1.9927, 0.0078, 2.6584, 2.0488,-1.468 ,-0.7179]
[ 3.6583, 3.8916, 2.3655,-2.1817,-0.2623,-2.9554, 0.0714, 0.3416, 0.1278, 0.6506,-0.3033,-1.9986, 2.0755, 1.6187, 0.788 , 0.3893]
[-1.7311,-3.4638, 0.4517, 0.9296,-2.2509,-1.6574, 1.0701,-1.7526,-1.6941,-1.0135,-0.991 , 0.076 ,-1.4869, 1.5512,-0.3172,-2.0918]
[-1.5311, 4.319 , 3.878 , 0.1719, 0.8075, 2.5767,-0.5054,-2.4861,-2.1488,-2.5341,-2.1074,-1.2392, 1.1328,-0.533 ,-1.695 ,-2.2916]
[-1.9922, 4.6292, 5.296 ,-3.0102, 1.1674, 1.6312, 2.3823,-0.2084, 0.7757,-1.0449,-0.5166, 1.3616, 0.6781, 2.4088,-1.8578,-1.9622]
[ 5.1985, 4.523 ,-2.4883,-1.9361,-1.9429,-1.4648, 0.0552, 0.7911,-2.7907,-1.8643,-3.0469,-1.7829,-2.5053, 1.4235, 2.694 , 0.8773]
[-2.9329,-2.3487,-4.3329,-0.3058, 2.6668,-2.4842,-0.3648,-0.5955, 2.5534, 1.5109, 1.2072,-1.6388, 2.3249,-2.8583, 0.5442, 1.996 ]
[-0.2933,-4.0149, 4.1955, 1.2879,-0.6748, 0.3109,-1.2904,-2.1057, 2.5143,-1.868 , 1.8149,-2.8539, 1.1477, 2.1464,-1.3089, 2.3577]
[ 0.2263, 5.1943,-5.2693,-0.4561,-1.2078,-1.8995,-0.0519, 0.8694, 1.2297,-2.9166, 0.6134,-2.8417,-1.6752,-1.7776,-0.8955, 3.0673]
[-3.2266,-1.0139, 3.2822,-1.1094,-1.3073, 0.0518,-2.1307, 0.5627, 1.0293, 1.3894, 3.1219,-0.2797,-2.4071, 0.8983,-0.1144,-1.1693]
[ 0.8433, 0.1196, 3.2385,-2.8413, 0.5047,-0.5583, 3.0164,-1.8031,-1.3048, 2.895 ,-0.3535, 3.0426,-1.4149,-0.6597,-0.2073, 2.1637]
[ 3.1282,-3.0772, 1.4021, 2.8518, 2.5383, 0.7222,-0.839 , 0.6924, 0.2197,-2.039 ,-2.5548, 0.5457, 1.3361,-0.051 ,-2.0435, 1.8736]
[-2.5544, 2.4377, 4.0445,-1.2265,-1.7196, 2.1883, 2.466 ,-2.4301,-2.9381,-1.7253, 0.1705, 3.043 ,-2.2825, 3.0826,-0.578 ,-2.0428]
[-1.6655e+00, 3.6874e+00, 7.1107e-01, 2.7232e+00,-3.1015e+00, 9.7305e-01,-3.1223e-01,-2.6899e+00, 2.9437e+00, 3.0660e+00, 2.4771e-03,-2.0648e+00, 2.0313e-01, 2.3326e+00,-3.6348e-01, 1.4186e+00]
[-0.1837, 4.2271,-2.666 ,-1.0849, 2.7652, 0.4684, 1.4632, 2.1522,-2.2349, 0.8175, 2.5074, 2.3572, 2.8122,-1.2959, 1.3647,-1.6271]
[-3.7247,-4.4531, 2.0257,-2.6463, 0.8226, 0.0077, 0.6497, 3.0354,-3.0766,-2.8196,-2.0912, 0.8821, 2.6704,-2.3057,-1.5236, 1.0176]
[-1.51  , 1.4831,-4.6843,-2.9623,-1.1815,-3.1233,-0.9693,-1.1579,-1.4623, 2.6482, 2.554 , 2.8991, 0.4713, 2.7135,-2.2397,-0.3815]
[-3.7883,-3.7381, 0.5188,-0.1554,-0.3427,-2.4182, 1.5127, 1.2826,-3.1099,-2.7198,-0.74  , 2.2822, 2.2428, 3.0093,-0.7221,-0.5438]
[-4.7923,-0.2356,-0.2192,-0.7148, 2.036 , 1.4458,-1.8225, 0.3474, 2.0661, 2.1794, 2.3354,-2.8011, 2.8972,-1.9993,-0.6165, 2.9386]
[-2.5654, 2.6133,-2.7988,-0.3668,-2.6936,-1.4068,-0.5066, 1.2036,-0.968 , 1.1691,-2.9625, 2.3273, 2.4561, 2.7956,-3.1218,-1.1591]
[-5.0359, 3.9433,-3.9457,-1.9067, 2.7028, 1.8818,-1.5187,-0.4694,-1.8374, 3.0709, 0.0088,-0.0925, 2.3084,-3.1014, 2.7644, 2.594 ]
[ 2.2228, 3.6783,-2.0797, 2.5321, 1.8073,-1.7574, 2.2044, 3.0162, 2.7873, 3.1321,-0.4319, 2.1571, 1.8842, 2.1159, 3.0865, 1.674 ]
[ 3.0426, 0.6838,-0.6315,-1.136 , 0.7858, 1.3581, 1.7307,-1.2767,-2.2703,-2.329 ,-1.2571, 0.6372, 0.2794, 2.1233, 0.0407, 0.9119]
[-5.4158,-3.9389,-0.7776, 0.4343, 0.7254,-0.2357,-2.8406, 2.3456, 2.3346,-2.5898,-2.7722,-0.1604,-1.8054, 1.9155, 2.0552,-2.276 ]
[ 3.6868,-1.7877, 1.8267, 2.5412, 2.6764,-1.2402, 1.7766,-0.2767, 0.3392,-0.9821,-2.8384,-1.0305,-1.3867, 0.4721, 2.8925,-1.0709]
[ 1.8317, 4.4063,-0.9134,-0.8985,-1.8473, 1.6759,-1.3728, 0.5805,-1.5183, 2.1498, 2.7668,-2.1111, 2.6379, 1.6171,-2.4282, 2.7518]
[-3.9634,-0.1674,-3.0488,-0.3512,-2.1962, 0.4048, 0.8864,-2.1855,-0.5912,-2.7198, 0.5058,-2.3371,-1.1165,-0.8094, 1.3335,-2.1485]
[ 4.6663, 1.1539,-3.3818,-0.2382,-0.6511, 1.6695, 3.0571,-1.6904,-2.9762,-0.6236,-2.931 ,-1.135 ,-1.2175, 2.8712,-0.7495, 0.4111]
[ 0.3005,-3.7289, 4.9058, 1.7155,-2.9385, 1.663 , 1.7966, 1.1706,-2.3304,-2.0316,-3.1349, 1.8496, 0.3693,-1.4748, 0.7792, 2.7411]
[-2.7358,-4.1403,-4.7929,-0.4382,-0.1305,-0.7599,-0.7696,-0.6959,-0.9072,-2.1878,-2.1172,-0.7864, 1.2874,-1.575 ,-0.1702,-0.4311]
[ 1.2876,-2.0388,-3.6209,-1.9754,-0.2483,-0.1379,-1.6077, 0.3654, 0.0595,-0.7549,-1.714 , 0.514 ,-2.1593, 0.933 , 2.3192,-2.3913]
[-4.5764, 0.0464,-1.4183, 2.4305,-0.085 , 1.204 , 1.9111,-2.8745, 0.7396,-3.0128,-2.7566, 2.3177, 2.8786, 0.474 , 0.7441, 2.2815]
[-3.8126,-2.085 , 5.2065,-0.2266,-1.057 ,-2.1307,-2.9876,-1.6763,-0.779 ,-1.9147,-2.9332,-2.7234, 2.0581, 1.8494, 2.7731, 2.6877]
[-0.7418,-0.0498, 3.2933, 0.725 , 1.8765,-0.0247,-1.5145,-0.2133,-0.5087, 2.2952,-1.7775, 0.2934, 1.2814,-2.4897, 1.6757, 0.1077]
[-5.4576,-4.3052,-0.2903, 0.0201, 0.1767,-1.6581, 2.2792,-2.2836,-1.3472, 2.5054, 2.998 ,-1.8261, 2.1052,-2.1249,-2.6259,-0.918 ]
[-2.6142, 4.4727, 3.8028,-2.3552,-0.1041,-0.2912, 1.3042,-2.0578, 0.4222,-1.8483, 1.1245, 2.2392, 2.6811,-0.5242,-2.3426, 2.0948]
[ 0.2255,-4.9587,-5.0762, 0.9494,-2.0118,-0.4543, 2.2321,-0.4915,-3.0136,-0.5754, 1.9049,-2.9183, 2.5446,-0.8583, 0.6466,-3.0342]
[-2.0453, 4.1873,-0.5501,-1.7776,-2.4949,-0.4116, 0.5569, 1.9573, 0.1053,-0.4318,-1.797 ,-0.9585, 0.1167, 0.7678,-0.7629,-2.4946]
[ 1.3559, 0.125 ,-1.7366, 0.7335,-2.8908, 1.8238,-1.3689, 1.3107, 1.226 ,-1.7303, 1.012 ,-2.7616, 2.8792,-1.9923,-2.4234, 2.5374]
[ 0.0545,-1.95  ,-5.1577, 2.3538,-3.111 ,-2.0606, 1.649 , 2.3964,-2.8152,-3.0788, 2.0158,-0.5825,-1.1326,-1.2383, 1.4096,-2.7983]
[-0.7152,-1.0635, 0.5141,-2.6417, 2.1903,-1.7739,-0.4962, 1.4631,-1.2178,-2.2569,-2.845 , 0.3268,-0.3362,-1.6357, 2.3723, 0.4143]
[ 0.3231,-2.5891,-5.1995,-1.4247,-0.4312,-1.8757,-0.4446,-0.208 , 0.7104,-2.1736,-2.7698,-1.8289, 2.4157,-0.6974, 2.3502,-1.6195]
[-3.0682, 0.1168, 0.1624,-0.6995,-2.7873, 1.4956,-2.9305, 1.0237, 2.3314,-2.7542,-0.6192, 2.0455,-2.7345,-2.557 , 1.2512,-3.0045]
[ 5.0106,-3.1608, 3.3481, 0.3649,-2.4877,-3.0825, 1.8399,-1.7859, 1.7621,-2.2867, 0.9285, 0.2118, 1.4289, 0.1681,-0.1525, 1.1853]
[ 1.0586, 4.4262, 2.5405, 2.1351,-0.5998,-1.9319, 2.2719, 0.7783, 1.5583,-1.5051,-2.4853,-2.7951, 1.3662, 0.4761,-2.8998,-0.2448]
[-5.4355, 0.4219, 0.9924, 1.7971,-2.5361,-1.6535, 1.5724,-0.7693, 1.1211,-2.3018,-2.5382,-1.5099,-0.9312, 2.6758,-0.8424,-2.9134]
[ 3.2004, 3.8858, 1.6322,-2.0486,-0.0559, 2.4782,-2.2096, 0.1956,-1.7835,-2.3822,-1.1031,-1.7919,-1.5619, 1.6516,-0.2519,-1.2945]
[ 3.016 , 1.8441,-0.2903, 1.5241, 1.7082, 2.1114,-1.5579,-0.8803, 3.0426, 1.4694, 0.0648, 2.8293,-1.6418,-0.2491, 1.6528, 1.7593]
[ 1.5525, 4.8063, 5.3921,-2.4449,-2.3013,-0.1337, 2.1526,-0.544 , 2.1467, 0.2428,-0.6766, 0.4972,-0.6769,-2.1018, 0.3601, 0.7886]
[ 0.5335,-0.551 , 4.2669, 0.3152, 2.2498,-1.4224,-1.2014,-1.5035,-2.6389,-3.0722,-0.4819,-2.2682,-1.4663, 0.9777, 2.5498, 1.9707]
[ 5.0509,-5.3952, 2.2637, 2.1811,-1.113 ,-2.8447,-2.9276, 1.235 , 0.3439,-1.2802,-2.6778, 2.5386, 2.5544, 2.1914,-0.5073,-2.8415]
[-4.7305, 2.4203,-1.0137,-2.5458,-1.8658, 2.5955, 2.4222,-0.3932,-0.9344, 2.9019, 3.1336, 2.503 , 2.7293,-1.2237, 1.3933,-2.6894]
[-5.2171,-3.362 , 3.8673,-2.2094, 2.1587, 0.8378, 2.1042,-1.3757, 2.5229, 0.1449, 0.5599, 2.0146,-1.2402,-0.2315, 0.8467, 2.3023]
[-0.9919, 4.0825, 4.9051, 0.5148,-2.9553, 2.7357,-1.7271,-1.0552, 2.6431, 2.7101,-0.0238, 0.3606,-0.5688,-2.5934, 3.0515,-2.4278]
[ 2.2329, 0.7735, 2.6095,-0.4104,-2.3225,-1.6666,-1.4933, 2.4362, 2.8213, 2.1837,-1.9209,-0.7885,-0.6304, 3.0082,-3.0627, 0.4676]
[ 3.8737,-1.6176,-2.5328,-0.7114,-0.8557,-2.664 ,-1.5159, 0.5232,-2.823 , 0.997 , 0.8557, 1.3438, 1.2824, 2.5985,-2.6902, 0.515 ]
[ 2.967 , 3.5371,-3.8699,-1.3753, 0.0635, 1.2388, 2.0457,-2.9887,-2.1198, 0.1648, 1.7815,-0.6214,-0.6626,-1.139 , 2.2606, 0.5924]
[ 1.2597, 0.7634,-5.3648, 2.9586,-2.1184,-1.3386, 2.7595,-2.1523,-2.1548,-0.9545, 2.5681, 2.9948, 2.6842,-1.4778,-1.143 , 0.3708]
[ 4.1018e+00, 3.6799e+00, 2.6594e+00, 1.3781e+00, 3.0025e+00, 7.2823e-01,-2.6996e+00, 3.0157e+00,-2.5035e-03, 2.7498e+00,-2.3375e+00, 2.1565e+00,-9.7158e-01, 1.5214e+00,-1.6451e+00, 2.5738e+00]
[ 5.3105, 1.6219, 3.2193, 0.3264, 0.4975, 2.1604, 2.2283, 0.4612,-0.0688,-2.5276,-0.563 ,-0.9321,-2.4931, 2.1756, 2.3694,-1.7458]
[ 5.3622,-4.7713, 4.5849,-0.7916,-0.6409,-1.0033, 2.0133,-2.3107, 0.1937,-0.5834,-0.5737,-2.6576, 1.0455, 1.6649,-1.0231, 2.0913]
[ 4.4936, 1.3142,-1.291 , 0.8355,-1.4138, 1.0731,-0.0251,-1.0425,-0.8579, 0.6832,-0.5388, 1.5717, 2.6893, 1.2192,-2.9729, 2.8902]
[ 0.525 ,-2.0242, 3.6816,-2.4495,-2.4413,-2.2229,-0.1314,-2.2858,-1.7331,-0.2982, 3.1295, 2.4889, 1.34  ,-1.1067,-0.0516, 1.5962]
[ 1.9328, 5.4881,-3.2126,-0.3183,-0.7849, 0.2107, 1.2109,-1.5629, 0.1057,-2.6148,-0.02  , 1.056 ,-1.6737,-0.2347,-2.2644, 3.1274]
[-3.6063, 0.5863, 0.6591, 1.3937,-3.0317, 1.295 , 1.8797, 1.5337, 2.1715,-0.5789, 3.0112, 2.2512,-0.9   ,-2.069 , 2.6276, 2.9738]
[-0.5938, 5.0096,-4.2268,-1.9151,-2.8321,-0.2993,-2.5817,-1.2624,-1.5019, 2.3384,-2.1095, 1.8629, 0.9746,-0.984 ,-1.6356,-3.1122]
[ 1.1141, 1.9764,-3.8512, 0.312 ,-2.4579, 1.749 ,-0.7699, 1.9843, 0.8648, 2.5053,-0.4447,-2.9903, 2.3775,-2.1647,-1.0687,-3.1041]
[-1.7485, 1.756 , 4.3483,-1.2454, 0.957 , 0.4031,-0.692 ,-2.2934,-2.0001,-0.4221,-0.5311, 0.7393,-2.4598, 0.3806,-1.6684, 1.1554]
[-5.3286,-4.3348, 4.9941,-2.3729,-0.3349, 2.6242,-1.5459, 0.1368, 0.2212, 1.6002,-1.5956,-2.6869, 0.3744,-1.8148,-1.7445, 1.0591]
[-3.8343, 0.3344, 3.1656,-1.4715,-1.8696, 2.1674,-1.3384,-2.5569,-2.7481, 0.0221, 1.5948, 0.9374,-1.7923,-0.2463, 0.6921,-2.1952]
[-3.0803,-2.6253,-4.7361,-0.8126, 0.9187,-2.2086, 0.7399, 0.0236,-1.757 ,-1.3118,-1.4119, 2.424 , 2.4528,-2.6287,-0.742 , 2.533 ]
[-0.8476,-0.907 ,-0.3592, 1.5995,-1.5374, 1.6148,-1.8148, 1.4118, 2.0978,-0.4709,-0.6452,-0.248 , 1.1997,-0.8107,-2.8691, 2.6385]
[-4.0448, 0.9728,-3.4611,-0.7326,-1.3247, 0.308 , 1.0797, 1.3584, 3.099 ,-2.9679,-0.0438, 1.0267,-2.0842,-2.202 ,-1.3644, 2.5028]
[-1.1651,-2.3402,-0.1989,-1.7494, 0.7387,-1.0922, 1.2735,-2.0255,-0.8131,-1.1287,-0.0426,-0.9277, 2.7842,-0.701 ,-1.2811,-2.2257]
[-4.7951,-4.7314, 4.1156,-1.398 , 2.0015, 2.9379, 1.0279,-0.4788,-2.52  ,-2.5481, 0.7677,-2.2458, 1.5629, 0.3452,-2.0666, 1.2157]
[ 4.2252,-2.936 ,-5.4782,-1.3183,-3.094 , 1.0104, 2.9737,-2.385 ,-0.7333,-2.8362,-1.6445, 1.0368, 1.1975, 2.298 ,-2.0134, 3.0113]
[ 0.647 ,-5.1469, 4.3502,-0.3642,-2.3862, 2.717 ,-1.5644, 1.1695, 1.8531,-1.478 , 3.1296, 1.857 ,-2.8585, 1.4019,-2.232 ,-0.4847]
[ 4.2435,-0.918 ,-4.3026,-0.2938, 2.9811,-0.4221, 0.0914, 2.8862, 1.4525, 1.1125,-2.9205,-0.2928,-2.2946, 1.3552, 1.5869, 1.1866]
[-5.1335,-1.1665,-2.4179, 2.4485,-2.1207, 0.9613, 1.8889,-1.1076,-3.0953,-2.678 , 2.5958, 2.665 , 1.9931, 0.4505, 1.7911, 3.005 ]
[ 1.0539, 0.7186,-2.8085, 0.1417,-2.9091,-2.9898,-0.693 , 2.486 , 2.3645, 1.5303, 0.6135,-2.4604,-1.8584,-1.3101, 0.5829,-2.9585]
[ 0.2761, 1.3372, 3.8741,-0.2258, 1.4758,-1.1524, 1.1059, 2.3556,-0.3447,-0.2933,-1.2457, 0.7729,-2.2692, 0.9198, 1.4363,-0.5629]
[-4.9905, 2.2602, 4.7237, 0.037 ,-1.2723,-2.9443, 0.7855, 1.2328, 2.9932,-2.6518,-3.1346, 0.6997, 0.6909, 1.9421, 1.8735, 1.0723]
[ 1.1062,-3.4834, 2.101 , 0.7057, 0.1994,-0.3664, 2.2344, 2.8303,-0.9002, 0.2957,-1.8535, 0.6289,-0.2983,-1.0032,-2.5458,-2.2165]
[ 4.0835,-3.6584, 4.0681, 1.1014, 2.4198, 1.3525, 0.4512,-3.1065, 2.4843,-2.2597,-2.7544,-0.4684,-2.5857,-1.2146, 1.9981, 2.6172]
[ 4.8851,-1.2943, 3.1568,-0.9931,-2.9958, 2.4088, 2.5139, 1.9482,-1.1694, 0.9539, 0.2893,-2.496 , 0.9427,-1.9726, 2.5984,-0.7375]
[ 2.9777, 0.7665, 3.9905, 0.3958, 1.9916, 0.3951, 1.7761,-1.8398,-2.3186, 0.8192, 0.8228, 2.1045, 2.8505,-1.9289,-1.049 ,-1.852 ]
[-0.0743,-0.7023,-0.2648, 0.3775, 0.4062, 2.9509,-1.7701,-1.6877,-0.714 ,-0.2962,-2.9683,-2.1263,-0.609 ,-2.4336,-2.8911,-1.9906]
