[-2.2365, 4.0115, 0.8149,-1.1591, 1.0841, 0.3369,-2.5506,-0.9694,-0.3076, 0.3241, 2.354 , 2.5735,-0.3682,-0.3496,-0.2031,-1.1347]
[-0.5614, 1.5519, 2.8539,-1.497 ,-0.0639,-0.6094, 1.3395, 0.1429, 1.369 ,-1.8036, 0.8175, 1.8534, 2.8829,-3.0835,-0.8911, 2.7863]
[ 2.5335, 0.5788,-2.2335,-2.2837,-2.2973,-2.3277,-2.2958, 1.2197,-0.9801,-2.7244, 1.2892,-1.926 ,-3.125 , 1.5203,-0.6965, 1.3182]
[ 2.6674, 5.1583, 0.0086, 0.4768, 1.8869, 2.8792,-0.1345, 2.5079,-1.6927, 1.0276, 0.7994, 0.3949,-1.1152, 1.1198, 1.0526, 0.5496]
[ 4.7534, 1.4584,-0.9806, 2.9788, 0.418 ,-1.7796,-0.1487, 0.9686,-0.9017,-0.4971, 2.7233,-1.3845, 1.6892,-2.8352, 2.0382,-0.8421]
[ 4.5151, 1.8717,-3.6932, 1.3714,-3.0139, 1.1754,-0.522 , 2.413 , 3.0502,-1.8777,-2.5086, 2.7643,-2.7574, 0.1728,-1.0036,-0.227 ]
[-2.7582,-2.9353,-4.8111,-1.0623,-1.5681,-1.5366,-1.5193,-0.3512,-2.8023,-2.2555,-2.7247, 1.0794, 0.7603,-1.1679, 2.6077, 2.2634]
[-4.2272,-2.9466, 2.5886, 0.5033, 0.4375, 1.9968,-1.9803,-0.2749, 1.4647, 0.9917, 0.0699, 1.8426,-0.931 , 0.6738,-2.5368,-2.7561]
[-1.2135, 4.619 , 2.4722, 1.8821, 1.6886, 0.4207,-1.8746, 2.7674,-2.6137, 0.5848, 0.7471, 1.2317,-2.2261,-1.0777, 2.3166, 1.2034]
[-2.0888,-2.7002, 0.0407,-2.388 , 2.1371, 2.4801, 1.3355, 1.4562,-1.7548,-1.8557, 1.4688, 1.186 , 1.1833,-0.0033,-1.5046,-0.9917]
[-3.2998, 1.9851, 0.0838, 1.7922, 0.6393, 2.7806, 3.0988, 2.8624, 0.3611,-1.6957, 1.3787, 2.7407,-1.2993, 2.2818, 0.4605,-1.9836]
[-0.1863, 2.5378, 1.1264, 0.6705,-3.139 ,-2.9254, 1.9861,-0.2917, 0.4654,-1.8629, 0.499 , 1.5837,-0.7126,-2.3758,-0.0679, 2.9423]
[ 0.9135, 3.7776,-2.9696, 1.3274,-1.7192,-2.3372, 1.143 , 2.3002,-0.2161,-2.2435, 2.2164, 2.5502, 0.291 ,-2.462 ,-0.759 , 0.449 ]
[ 5.088 ,-5.2602, 1.0986,-3.0645, 2.5413, 3.1043, 2.8473,-2.0652,-0.189 ,-1.4267,-2.0543,-3.0398,-2.0655,-2.565 , 0.5151,-1.8956]
[ 3.7634,-2.4649,-0.5997, 2.2461,-1.3286,-0.872 , 0.9694,-0.5309,-1.0075, 2.5217,-0.5423,-1.3678,-1.1238, 0.7262, 2.9622, 1.6503]
[-1.8688,-3.775 ,-3.5406, 2.624 ,-3.0278, 0.2005,-2.6774,-0.7077, 2.1671, 2.5835, 3.0362, 2.4923,-3.0321,-0.155 ,-1.2607,-0.7378]
[ 3.0098,-3.2469, 1.7422,-0.8405,-0.53  ,-1.3226, 2.0052, 0.6563,-1.7461,-0.6108,-1.9595, 2.4013,-2.013 , 2.4578, 2.1936, 0.3684]
[ 3.5759e+00, 2.0166e+00, 4.1616e+00, 6.6706e-04, 2.4362e+00,-2.9035e+00,-1.2662e+00,-3.0730e+00, 6.4890e-01,-4.8177e-01,-1.9277e+00, 2.1495e+00, 2.8175e+00, 1.0984e+00, 2.8152e+00, 8.4732e-01]
[ 4.3799,-0.0328,-0.9545,-1.799 , 0.7604,-2.3052, 2.3641, 0.9722, 1.671 ,-2.6856, 1.1623,-2.0394, 1.9138, 2.8774,-1.1964, 0.8201]
[ 0.682 , 1.6974,-0.4535,-1.8256, 0.6651,-1.9151, 0.3244, 2.7389, 1.3263, 1.6698, 1.1505, 2.033 ,-1.805 , 0.3999,-1.0145, 1.2626]
[ 2.0921,-1.4048,-2.4173,-1.8842, 1.0158, 2.1257, 2.8494, 0.17  , 0.7305, 3.0412, 0.0763, 0.6576,-2.9304,-0.9104, 0.6035,-3.0476]
[-0.9559,-3.5284,-4.2414,-0.1861,-0.8536,-1.5985,-2.2312, 2.0794,-2.8152,-0.0147,-2.2627, 2.6107,-0.8998, 1.1524,-1.435 , 1.3059]
[-1.0375,-2.0073,-5.4263, 2.0968,-0.158 , 1.9614,-0.9309, 1.9038,-2.8075, 0.2122,-0.2227,-1.6467, 2.6461, 1.1216, 0.2953, 1.1239]
[ 0.3881, 4.681 , 5.0183,-1.0692,-2.7051, 1.3684, 2.6196,-0.9886, 3.0877,-1.2287,-2.4844, 1.5651,-1.9232,-0.2972,-0.5853,-2.7069]
[-2.7657, 5.0065, 5.4052, 1.181 ,-2.7447,-1.52  , 1.5627,-0.1005,-0.1981,-0.0694, 1.4093,-0.4701, 0.1945,-0.7247,-2.081 ,-1.1135]
[ 3.2565, 4.9194, 5.1014, 2.433 ,-0.0088,-1.1835,-1.1938,-2.9744, 2.6275, 0.3737,-2.2762, 1.7377,-2.2909,-1.8799, 0.3965, 2.5715]
[ 5.2701,-4.8842,-1.3284,-1.8937,-1.7841,-2.2421,-2.9356,-1.7486,-1.7841,-2.9041,-3.0624,-2.4119,-2.9191,-2.0591, 1.2374, 0.7545]
[-2.3224e+00,-2.3643e-01, 2.5853e+00, 5.3191e-01,-4.7772e-01, 4.6239e-01,-7.7132e-01,-3.0215e+00, 2.3219e+00, 2.9953e-03, 9.1818e-01,-7.9413e-01,-1.0333e+00, 3.7311e-01,-1.9953e+00,-1.2593e+00]
[-4.9774,-4.9976,-0.0251,-2.7634,-1.3715,-2.9436,-0.631 , 2.6157, 1.507 ,-3.0822, 0.3357, 2.1991, 1.5458,-0.3915, 0.093 ,-2.1384]
[-0.1634, 0.4088, 2.9374, 2.9779, 2.312 , 1.6544, 0.7455,-2.7489, 0.8305,-1.7242, 0.2668,-2.3532, 1.7913,-1.3322,-1.5133, 0.2303]
[ 2.1774,-5.2014,-4.471 ,-0.0989, 0.9364,-0.591 , 0.2874,-1.2839, 0.2683,-0.7124, 3.0679,-2.4974, 2.5398,-0.1558, 1.455 ,-0.3782]
[-1.6359,-1.022 , 2.4471, 0.7418,-3.1347, 1.2527,-1.2789,-1.3216,-1.7557, 2.6464, 1.813 ,-2.1552,-1.6442,-1.9394,-1.5817,-2.5626]
[-4.4833, 4.9838, 1.5942,-1.6317, 0.6724, 2.2112, 0.179 ,-0.7349,-1.8338, 0.9479,-1.3611,-1.2343, 0.5159,-1.1877, 3.1121, 1.815 ]
[ 0.3883, 4.5846,-0.3823,-1.7341, 2.6408,-1.1254, 1.0683, 0.1569,-0.4439, 1.1718,-2.5361,-3.014 ,-1.052 ,-2.3897,-1.8297,-1.1498]
[ 2.2676, 4.5425, 1.5507, 1.9211,-2.6454, 2.8815, 0.363 , 0.3389,-1.9774, 0.202 , 3.1146, 2.7911, 2.699 , 1.1016, 1.966 , 1.6305]
[-2.1187, 4.7076, 3.2716, 2.1436,-1.1984, 0.4757, 0.7097, 0.5263, 0.5857,-2.5461, 2.6706,-1.6709,-0.4365, 1.5122, 0.8165,-1.6029]
[-4.1606, 0.687 , 4.7163, 2.1508, 1.313 ,-0.4181, 1.1344,-1.5609,-2.0444,-2.2246,-0.4178,-2.9945, 0.3355,-1.5489, 0.9958, 2.8262]
[ 3.4172, 2.3652,-1.8115, 1.8125, 1.9798, 1.3783,-2.4095,-1.3462,-1.6217,-0.223 ,-1.7293, 2.5198, 1.0286, 2.7707,-2.8989, 2.9434]
[-4.2957,-5.415 ,-3.0777,-0.2641, 0.318 ,-1.925 , 1.2078, 0.3137, 1.7639,-1.9728, 2.5579, 3.0911,-2.727 , 1.1859, 1.8734,-1.8518]
[ 1.0545, 0.5728,-0.5887, 1.085 , 2.6669,-2.5929,-0.6713, 1.0522, 1.881 ,-0.8692, 0.4535, 0.9796,-0.9862,-3.1301, 1.9758, 1.5222]
[ 3.4578,-0.0913, 4.7556, 0.5722,-2.3671,-1.3296, 1.381 , 0.3139, 2.097 , 0.4326, 2.813 , 2.5174,-1.0168, 0.0144,-1.8012, 1.7358]
[ 3.9422,-1.3026, 2.1043, 0.2578, 1.3366, 1.8952,-2.4438, 2.049 ,-2.898 , 2.1715,-0.1071,-0.205 , 1.8589,-2.7515,-3.0676,-2.2865]
[-4.0286, 2.2192, 0.3541, 0.9316, 2.3476,-0.7481,-1.9319, 0.8405,-1.9575,-2.7945, 0.4617, 2.1316, 2.8796, 2.0742, 0.7175, 1.6956]
[ 3.1583e+00, 4.1659e+00, 3.6820e+00, 7.6378e-01, 7.8180e-01, 1.4478e+00, 2.8708e-03, 2.8564e+00,-3.0294e+00,-3.0813e+00, 2.0072e+00,-2.4747e+00,-1.8747e+00, 3.0515e+00,-5.8189e-01,-2.0243e+00]
[ 2.4246,-1.1864, 3.622 ,-1.0793,-3.1371, 1.5583, 0.9195,-0.472 , 0.3506,-1.2216,-0.5959,-0.2366,-2.5484,-2.867 , 2.8826, 2.8385]
[ 3.4302, 4.7502,-4.4092,-0.3074,-0.1413, 0.9938, 2.6975,-0.9114, 0.3467, 1.3423, 0.9869,-0.5813,-0.9583,-1.565 ,-2.8495,-0.0576]
[ 2.7895, 1.6334,-3.2033,-1.3561, 1.922 ,-1.5451,-0.644 , 2.193 ,-1.0094, 2.6162, 2.6406, 1.1615, 2.8898,-0.4865, 0.7176, 2.156 ]
[-2.9369,-0.8404, 4.8881,-2.4162, 1.812 , 1.4877,-1.3002,-2.4428, 1.0939,-2.8369,-0.3082,-0.6888,-0.0466, 1.4465,-1.8239,-2.1265]
[-0.0948, 1.188 ,-5.0136,-3.0089, 1.4921,-1.2831,-2.05  , 1.5984,-0.2276, 0.44  ,-1.9832,-2.2088, 2.0371, 0.1432, 3.0499, 1.9929]
[-5.3106, 5.377 ,-5.0287,-2.267 ,-0.0995,-2.2506, 1.8333,-1.2351,-1.0995, 3.0065, 2.7366,-1.1396, 0.6481, 2.0878, 1.5873, 2.7162]
[-3.5174, 4.1367, 2.6202,-2.204 ,-0.5566,-1.196 , 2.1722,-1.8718, 2.7811,-0.4424,-0.3465, 1.6065, 0.8889,-2.1369,-0.974 , 1.2297]
[-5.3272,-4.1388, 0.9343,-2.23  ,-1.0953,-2.3493, 2.4546, 3.1392, 2.9787,-1.4388,-0.6162, 0.9981,-2.4059, 0.2074, 1.9224,-2.6555]
[ 3.5936,-4.3116,-2.7575, 1.4787,-0.584 ,-0.6876, 2.0591, 1.37  ,-2.0391,-0.382 , 0.7771, 0.9483,-1.8433,-1.8489,-1.1832,-0.6314]
[-3.9104,-2.7091,-3.1395,-2.5986,-3.0061, 0.243 ,-0.8025,-2.3353, 0.0683, 1.4882, 2.5191,-1.4242,-0.7636,-1.6325,-2.2301,-1.9401]
[-1.2823, 3.5704, 0.6989, 0.596 ,-1.0547, 3.0316,-0.7158, 2.3018,-2.7248, 0.5719, 1.7131,-2.5659, 2.002 ,-2.4595, 1.2469, 1.0446]
[-3.0363,-0.8707,-0.431 , 2.6826,-2.1031,-1.5223, 1.1575, 1.9946, 2.453 , 3.0701,-1.2096, 2.0068,-1.1919,-1.0933, 1.612 , 1.0028]
[ 1.4086,-3.5004,-1.5298, 0.2234, 0.8904, 0.365 , 1.5564, 3.1184, 1.0105,-2.2104,-1.275 ,-1.5677, 3.0789,-0.6824, 1.8098, 0.7808]
[-1.7478, 3.9663,-2.9124,-0.6449, 2.6994,-2.0371,-2.0173, 2.9208,-2.3995,-0.3361, 1.6995, 1.5436,-3.125 , 2.6285, 0.0677, 1.273 ]
[ 0.9708,-2.4966,-4.7242,-1.6957, 0.4232,-1.5205,-1.5435, 0.5304, 2.4461, 2.9093,-2.1288,-2.954 ,-2.6467, 2.4198, 2.7646,-1.0143]
[-5.0451, 5.1491, 3.4272, 1.3431, 1.7981, 2.2885, 1.9726,-0.4269, 1.114 ,-2.0791, 0.6069,-2.5265,-2.235 , 2.5609,-0.3615, 0.8189]
[ 2.2044,-1.643 ,-2.4028,-2.0533, 2.9386, 1.8522, 2.845 , 1.4095,-3.0286,-1.7414,-0.9258,-2.8459,-1.4085,-0.325 , 1.1607,-0.1387]
[-4.0619,-1.4986,-1.4164,-3.045 , 1.03  , 2.7983, 1.7764, 2.5735, 0.6766, 0.4857, 0.5705, 2.4776,-2.4954,-0.4446,-2.2834, 0.9994]
[ 3.026 , 1.2193, 3.0196, 0.1466, 1.1439, 0.1715, 2.3032,-2.8755,-0.9897,-1.6882,-0.5212,-1.7037,-0.5152, 2.6484,-1.9081,-1.9542]
[-0.5152,-0.4338, 3.5368,-2.1399,-0.7027,-1.8075, 1.7837, 0.1488, 1.2105,-2.015 ,-2.1751, 1.3647,-1.7297, 1.7173,-1.08  , 0.4865]
[ 1.7151, 2.1474,-3.1355,-0.2638,-1.389 ,-1.6511,-0.5057, 1.9301, 1.078 , 1.8648, 2.034 ,-2.5579,-0.0788, 2.5251, 0.7724, 0.5685]
[ 2.845 , 4.8529, 1.0106, 1.8201, 1.7521,-2.3288,-2.4666, 1.1155, 2.8664,-1.9102,-0.3597,-0.6135,-3.0475,-0.7972,-2.0727,-2.8783]
[-3.9442,-0.987 , 0.8556,-1.3396,-2.5459, 1.8023,-0.8994,-2.5985,-2.9733,-1.5917, 1.5102,-2.2368,-1.8921,-0.8692, 2.394 ,-0.4857]
[ 2.9986,-1.9919, 0.7756,-1.2905, 1.7352,-1.0657, 1.9318,-2.1724,-0.6842,-1.0504, 0.9162, 1.6106,-0.7423, 2.4094, 1.9259,-3.0227]
[ 1.174 , 3.4092,-4.576 ,-0.2484, 1.6873,-2.3688,-1.5648,-0.8863,-0.0347,-0.5266, 1.8424, 1.6676, 0.9844,-0.9763,-2.4286, 0.0248]
[-3.9057,-4.5971, 1.6296,-0.7741, 1.5564,-2.7309, 0.6609,-2.8419, 1.5455,-0.6503, 0.0046, 3.1413, 2.5712,-0.1706, 0.2397,-0.6538]
[-5.3852, 3.0217,-0.045 , 0.7444,-0.7484,-0.5451,-1.9765,-0.171 , 0.6477, 0.2554,-2.1018, 2.6681, 2.5133,-0.3585, 2.149 ,-2.4801]
[ 1.0949,-1.4754,-2.7915,-2.7571,-2.4664, 1.3721, 2.1997, 3.1119,-2.4164, 0.0948, 1.2157,-1.5579, 1.6819, 2.6462, 2.4904,-0.3221]
[-1.8159, 4.0949, 1.0995,-1.6427,-0.0714, 0.6238, 2.2527, 1.2655,-2.3653, 2.5715,-0.9773, 1.1918, 0.4456,-2.1779,-1.87  , 2.0734]
[-3.9306,-0.3496,-2.6413, 0.9767,-2.0724,-2.2406, 0.153 ,-2.2358,-2.4582, 1.6915, 0.0087, 2.0591, 2.2361,-0.2348,-0.3902, 2.5367]
[ 3.0505, 4.8993, 4.3921, 2.2543, 0.3449, 2.2917,-2.4956, 2.7541,-1.2439, 0.7217, 0.6497,-1.8762, 1.6667,-0.5708, 0.6533, 1.9904]
[-2.3067, 0.1046, 4.1063, 1.1038,-2.5387,-1.5023,-2.1902,-1.8051, 2.5591, 3.0764, 0.2538, 0.6442, 0.5617, 0.2225, 1.4466, 1.9352]
[-0.1517, 0.5801, 5.147 ,-1.5265,-0.5164, 1.3794, 0.3322,-1.3546, 1.5806, 2.8191,-0.582 , 1.3334, 1.9246,-0.963 ,-1.7509,-2.9485]
[-5.0319,-1.9885,-3.6882,-1.2457,-0.7943, 0.1837,-1.6998, 1.603 , 3.1382,-1.2804,-2.3554,-2.4229,-1.3689, 0.208 , 0.8963,-1.2014]
[-4.0933,-3.4614, 3.8271,-0.9312,-2.6784,-1.9518,-1.7984, 1.0847,-1.6543, 1.7774, 2.7832,-1.0934,-0.881 ,-1.8084,-0.56  , 1.4944]
[-2.4994, 5.1786,-0.4813, 0.4617,-1.9398,-2.0488, 0.2738, 1.8332,-1.486 ,-2.3278,-1.7232,-0.4396, 2.7075,-3.0031, 0.2454, 0.707 ]
[-3.2653,-2.1242,-1.2818,-0.5384,-1.9003, 2.5887, 0.6724,-1.1024,-0.6514,-2.0635, 0.5696,-1.3301, 3.0414,-1.5732,-1.4839,-1.2846]
[-5.1994, 1.7815, 5.3128, 1.8763,-1.2722,-2.6179, 0.0077,-1.5968,-0.1617,-1.7001,-2.2713,-3.1314,-0.9858, 0.1561,-3.0651, 2.1305]
[-0.9486, 0.8541, 4.5443,-0.8851, 1.6285, 2.7989,-1.334 , 1.6098, 1.2305,-3.011 , 0.8097, 0.2618,-0.6673,-2.0024, 0.0382,-2.6583]
[ 1.8102, 1.9897,-1.4456, 0.4722,-2.2439,-0.2099,-2.8575, 2.0216,-1.8357, 2.9899,-2.1531, 0.0339, 0.7625, 2.8191, 2.1349, 2.1999]
[-2.7318, 4.9986,-4.4269,-2.0019, 0.4609, 2.0059,-1.8768,-2.1276,-2.1205,-0.7343,-2.8934,-1.6278, 0.5176,-1.383 ,-1.3701, 1.7374]
[-2.7596,-2.1214,-1.856 , 0.3856, 2.3454,-0.6073, 0.1461, 1.7424,-1.8995, 1.5566, 1.1746,-1.3687,-2.2394, 0.7166, 2.4215,-1.7117]
[-1.3064,-0.0724,-1.0882,-0.2372, 1.0972, 1.7784,-2.9129, 1.371 ,-0.3693,-2.6748, 2.1442,-2.3567, 0.5741, 2.2383, 2.253 ,-0.771 ]
[-1.597 , 2.5936, 4.6264,-2.8765,-0.8953, 1.7741, 0.1665,-2.5966, 1.1422, 1.9389, 2.2189, 2.1018,-2.7479, 1.9542,-1.5213,-0.8052]
[-2.1633,-5.3684,-5.2258,-0.6253, 2.3711,-1.4242, 0.1992,-1.0559,-2.0145, 1.2073,-1.4605, 1.0921, 0.7336, 0.2779,-1.6033,-0.9436]
[-1.7964, 3.7991,-2.8851, 2.2872,-1.6452, 2.1892,-2.4016, 1.9291,-0.9777, 0.2951,-0.7591,-1.3953,-0.6024, 0.9638, 2.856 , 2.8355]
[-1.4731e+00,-2.8058e+00,-6.3512e-01,-3.0371e+00, 1.7909e+00, 1.9836e+00,-2.2684e-03,-9.7558e-01, 1.0735e+00, 5.1614e-01, 2.3303e+00,-1.2734e+00,-3.1391e+00,-9.6217e-01, 1.3547e+00,-2.4625e+00]
[-5.2806, 1.6662, 2.2086, 2.6014, 1.5119,-1.5556,-2.2213, 2.5637, 2.9811, 1.867 , 2.7109,-0.8089, 1.7081, 1.6336, 1.008 , 1.0133]
[-3.7956,-0.0945,-4.4129, 2.542 ,-1.7844, 0.5198,-1.71  , 0.8486,-2.0495, 0.572 , 1.3944,-1.7891,-1.1154, 1.6012,-0.6553, 1.1611]
[ 5.4845, 5.0153,-3.8896, 2.8711, 1.5031,-2.7221, 1.3309,-2.4412, 0.2152,-2.9989, 0.3268,-2.6393, 2.3607,-1.2027,-1.2997,-0.982 ]
[-0.725 , 0.5918, 4.4729,-2.0458,-2.8971,-2.1229,-0.6097,-2.0286,-2.2284, 0.4004, 1.0629, 2.5749, 1.0593,-2.7509,-2.9537,-0.516 ]
[-5.4016,-1.0457,-4.4973,-3.0955, 1.0858,-2.9125, 0.8308,-1.8431,-2.2206, 2.2296,-0.5046,-0.6748,-0.4342,-0.5728,-1.7524,-3.0287]
[ 2.2807, 1.4074,-2.6235, 1.0359,-0.6414, 1.846 , 2.7397,-0.6453, 2.8159,-2.3745,-2.1448, 1.6637,-1.0756, 1.955 , 1.0662, 2.7866]
[ 3.8429,-1.9853,-2.6354,-1.6248,-2.7215,-2.4556,-0.6998, 0.7205,-0.7893, 1.897 ,-1.9304,-1.5464, 2.6272,-1.6944,-1.447 , 2.8234]
[ 2.41  , 1.4173,-0.2387, 1.9376, 0.7096, 0.4117,-0.3218, 0.5238,-0.6007, 0.0412,-0.0064, 0.134 ,-1.8301,-1.7673,-0.9004,-0.4817]
[-3.4039,-1.7889, 3.9066,-0.3553,-2.2767,-1.7329,-1.0493,-3.0929,-2.6829,-0.8185, 0.7884,-0.5088,-0.4974, 2.4079, 2.8549, 1.5977]
