[ 3.6628e+00,-4.7213e-01,-2.9582e+00,-2.5323e+00,-1.6646e-04, 2.3015e+00,-2.1939e+00, 4.0810e-01,-1.9434e+00, 1.8655e+00,-2.6253e+00, 2.6768e+00,-1.3485e+00,-2.4943e+00,-2.8119e+00,-2.7731e+00, 1.4051e+00, 1.2722e+00,-8.3810e-01, 2.2540e+00,-2.9231e+00, 7.5579e-01,-2.2188e+00]
[-3.1181, 3.0972, 4.51  , 1.1555, 0.9782,-0.4413, 2.2267,-1.4878, 0.499 , 2.5799,-1.1962, 2.5952, 1.8479, 0.1331,-2.1852, 3.0242, 0.9541,-0.3843, 1.327 , 2.5167,-0.6811,-1.8068,-1.9937]
[ 5.1084,-1.4381, 3.2701,-0.9779,-0.6472,-0.133 , 0.9343, 0.5844, 0.8794, 2.6715,-0.7741,-1.9607,-2.7612, 1.3886, 0.6475,-3.0832, 1.127 ,-2.9219, 0.1319, 3.0979,-2.5075,-2.4022,-3.065 ]
[-4.7083, 2.8356,-1.1185, 1.1855,-2.8607, 1.0816, 0.6587, 2.8793, 0.2483, 1.1025,-0.0878, 2.7472,-2.1932, 1.7735, 1.8534,-2.9826,-1.5208,-1.4648,-1.6618, 0.3333, 2.491 ,-1.2958, 1.4614]
[ 5.301 ,-0.6317, 1.8081,-1.3658,-0.3903,-2.7107,-2.0679, 2.8825, 1.9808,-0.3744,-0.5556,-1.0479,-0.2788,-1.143 ,-1.3503, 2.0873, 1.5999, 2.616 , 0.8987, 0.9604, 2.6507, 1.2081, 0.4132]
[-2.5888,-4.5385, 3.0181, 2.2621,-0.3413, 1.655 ,-0.3858, 1.837 ,-0.8896, 2.2903, 3.0935, 2.2061,-0.3666, 1.4306, 2.411 , 1.6629,-2.3894,-1.9208, 1.5701, 2.4598, 0.0315, 0.7949, 1.3593]
[-1.2875,-5.3509, 0.6374, 1.3588,-1.4692,-2.5269,-0.3968, 0.6308, 1.1   ,-1.7591, 2.133 , 2.8422,-2.2729, 1.4152, 0.7679, 0.4462,-1.0046,-2.2677, 2.7819,-1.7784,-1.3643, 0.1449, 0.3458]
[-0.2145, 4.0671,-2.7815, 1.5746, 2.2042, 1.46  , 0.7547, 2.4468, 2.7579,-2.882 ,-2.3824,-1.3058,-0.1472,-1.8075,-1.5492,-0.4455, 1.9026,-0.2048, 0.604 ,-1.0689,-2.2196,-1.2775,-0.9435]
[ 1.0485, 3.038 ,-5.2901, 0.1116,-0.1237,-2.0517, 1.605 , 1.0537,-1.4004, 2.7751, 1.0624, 3.035 ,-2.0385, 2.1842, 1.0762, 0.5097, 1.0312,-0.3437, 1.5285, 2.5758,-1.0809, 1.117 , 2.8016]
[ 4.6528, 3.6716, 1.7603,-0.7389,-0.4672, 1.4644,-2.872 ,-1.4876, 1.6134,-0.8014,-2.0166,-2.3872, 2.4303, 0.8482,-1.9321, 2.0193,-2.8309, 1.6528,-2.3337, 1.4895, 0.5317, 0.2671, 2.5262]
[ 1.3883, 1.3109, 1.4211, 1.2558, 2.9099,-1.8434, 2.5532,-2.6575, 2.7154,-0.6374, 1.9202, 2.0251,-2.514 ,-1.1876, 0.7624,-1.2619, 1.3482,-2.1219, 0.5663, 2.0748, 1.1772,-1.3337, 0.7942]
[-0.2782,-3.9847,-1.0009,-0.1579,-0.1288,-0.7425, 0.0088,-1.699 ,-0.024 , 2.5372, 2.4319, 1.139 ,-0.2793,-1.7222,-2.5991, 1.3   , 2.5667,-0.0253,-0.0756, 1.983 ,-0.8821, 1.164 , 2.9271]
[ 0.9677, 2.5861, 4.4603,-0.7715,-2.2857,-1.7582,-2.2556, 2.48  , 2.8537,-2.6454,-1.0627, 0.6286, 0.768 ,-2.5588,-2.2264,-0.1073, 1.6409,-2.3926, 3.0425, 2.3235, 2.2736,-2.2011, 1.5617]
[-2.8984e+00, 3.4949e+00,-5.4294e+00,-1.5080e+00,-1.9080e+00, 5.1821e-01, 1.7803e+00, 9.9055e-01,-1.7717e+00,-2.1132e+00,-1.5871e+00,-8.2765e-01,-9.9445e-04,-1.9709e+00, 4.1173e-01, 4.9057e-01,-1.7387e+00, 5.2300e-02,-2.3787e+00,-6.3446e-01,-2.8267e+00, 7.9149e-01,-2.2174e+00]
[ 3.5203, 5.2165, 4.5686,-1.2034, 1.3744, 1.6498, 1.6055, 2.1283,-0.3806,-1.9641, 1.1944,-2.4444, 1.1275, 2.2668, 1.9874,-0.3555, 0.0811, 0.0164,-0.6133,-0.9201, 0.9849, 2.4866,-1.0284]
[ 2.4319, 0.1528, 2.7788, 0.4826, 1.1588,-2.1894,-2.9004,-0.2661,-1.7709,-0.8261,-2.4533, 2.829 ,-0.7408,-0.642 , 0.6241, 0.818 , 2.5438, 2.2976,-1.98  ,-0.1428, 2.1899,-2.7086,-1.0188]
[-1.7761, 4.4229, 3.3738, 2.7756,-2.5081,-1.0423,-2.6398, 1.844 ,-2.3878, 0.7886,-1.9789, 0.5703, 1.1756,-1.8678, 3.1008,-0.4729, 1.9612, 1.9268, 0.6702, 2.1717, 2.6308, 1.2821,-0.7445]
[ 0.0656,-1.0154,-1.2623, 2.1248, 2.1979, 1.9614,-1.2358, 1.0477, 0.7178, 1.8825, 1.4697, 0.7325, 0.7259,-2.2236,-1.157 , 2.3801,-1.0384,-1.8367,-0.6354,-0.5455, 2.5649, 1.275 , 1.29  ]
[ 1.1769, 4.7776, 0.3331, 0.897 , 2.5741, 2.4438, 0.5142, 1.101 ,-1.4797, 2.2861, 3.0636,-1.3911,-0.8213,-2.5841,-2.1478,-2.1904, 1.1802, 0.2375, 2.2129,-1.0843, 0.5905,-1.386 , 1.5218]
[ 3.613 , 4.9689,-0.9662,-3.0277,-1.546 , 0.2618, 0.2622,-2.0498,-1.7982,-1.6142,-2.4749, 3.0681,-2.5005, 0.4096, 2.8756, 2.7358, 2.752 ,-3.0934,-1.8887,-2.2555,-1.4661, 1.5437,-2.8624]
[-4.3912e+00,-1.9089e+00, 4.1027e+00, 9.1427e-01,-2.0339e+00, 3.6219e-01, 7.9705e-01, 7.3674e-01, 7.7081e-02, 4.2689e-01, 2.3748e-01,-1.6371e+00,-2.1206e-03, 3.8228e-01, 2.8228e+00,-1.5365e+00, 1.9422e+00, 8.6454e-01, 1.8874e+00,-6.4282e-01,-3.1330e+00, 2.6359e+00, 7.6313e-01]
[ 1.3438,-0.893 , 3.4123, 1.2833, 2.4696, 2.6132,-2.0613, 2.8558,-0.986 ,-2.8009, 2.8507, 2.8561, 2.0989, 1.8843,-2.6065, 1.6807,-0.1601, 0.3135, 0.6066, 1.2826,-2.2356, 3.0974,-1.1132]
[-0.9688, 1.9627, 1.7457,-1.6643,-2.6756, 2.1549, 2.0023,-1.278 ,-0.9443,-2.6104,-1.9809, 1.8653,-0.9308,-0.6048, 0.9435,-1.4674, 1.2021,-1.5549, 1.4192, 1.6332, 1.2614, 1.6719,-3.0133]
[ 3.47  , 2.9382, 1.7096,-2.7031, 1.504 , 2.9475, 1.3192, 0.0443,-2.2163, 2.4234,-2.7972,-0.3152, 0.8282, 1.0991,-0.9396,-1.9368, 1.0825,-0.7818, 2.0021,-1.632 , 1.1129, 0.2059,-0.8989]
[ 0.0321, 5.2285,-5.2909, 2.654 ,-2.8824, 2.4732, 1.7484, 2.3477, 2.7293, 0.2484, 1.2502,-1.4082,-0.3614,-1.4832, 0.2601,-0.994 , 0.2688, 1.3952, 0.5269, 1.8342, 1.4416,-1.7592, 2.8313]
[ 3.801 , 0.1352,-2.0029,-1.0163,-1.2581, 0.3944, 2.3819, 1.2429, 0.7589,-2.7557,-0.5764, 3.0178,-1.1043,-2.329 , 0.6542,-3.0621,-0.8171, 1.2261,-0.6848,-1.8267,-1.1426,-0.8402, 0.1136]
[ 1.3512,-4.4154,-0.9325, 2.9128, 2.8882,-2.2058, 3.0613, 0.5682,-3.0887, 2.6423, 1.145 , 0.6551,-0.5203,-0.9064, 1.2215, 2.365 , 2.337 ,-1.8554, 2.0776, 0.6959,-2.0876, 1.8524, 2.1741]
[ 3.8183, 3.1509,-4.2645, 1.3015,-1.8199,-1.6661, 1.9052,-1.6249,-0.5424, 1.779 , 2.7035,-1.4853,-0.7458, 3.0494, 2.2058, 1.2481, 0.7006,-1.7579,-0.8106, 0.3382, 3.0204,-2.5617,-2.0628]
[-3.3498e+00,-2.9111e-01,-2.5027e+00,-2.8022e-03,-1.1447e+00, 2.4216e+00, 1.6489e+00,-1.7174e+00, 1.0439e+00,-1.7292e+00,-1.4549e+00, 2.5878e+00,-1.7973e+00,-8.8411e-01,-5.3562e-01, 5.3351e-01,-1.3201e-01, 1.5482e+00, 1.1366e+00, 2.6935e+00, 1.0059e+00,-2.5888e-01,-2.3178e-01]
[-5.4518,-1.4599, 0.451 , 2.6324, 1.1881,-2.4695,-1.0722, 2.5794,-0.3865,-1.2807,-2.9067,-1.112 , 2.5394, 0.6933, 0.7644, 2.4868, 0.6605,-0.7953, 3.1317, 2.0736,-1.382 ,-0.0933,-0.4216]
[-0.0241,-2.0522,-2.2121, 0.2702,-2.7014,-0.7736,-1.9419,-2.3036,-0.6017,-0.4737,-0.8139, 1.0407,-1.2813, 2.5577,-3.1128, 0.0875,-1.3893,-3.0694,-1.1541,-0.7982, 1.1074,-0.0966,-1.1406]
[-1.6494, 1.9108, 4.4873,-1.9325, 1.9594,-2.6301,-0.1262, 0.3119, 2.8792, 2.4194, 2.2534, 1.2854,-1.7408, 0.4512, 1.6172, 1.8182,-2.5973, 2.9868, 0.5311,-1.8944, 0.4907, 0.1145, 0.2943]
[ 1.4973, 1.46  , 0.2582, 2.1094,-1.909 ,-2.6448, 1.708 , 2.0637,-1.3027, 1.3632, 0.3451, 1.9308,-2.3661,-2.6911,-2.4632, 2.4198, 1.6165,-0.1946, 1.9421,-0.0439, 1.0259, 1.1205,-1.9162]
[-0.0229,-1.8417, 4.4817,-0.1829,-2.1479, 2.921 , 2.6973, 1.1171, 2.3762, 1.367 , 0.775 , 1.1606,-1.093 ,-0.4443, 1.3304, 2.7581,-2.0974,-1.5181, 3.0934,-0.0435,-1.1968,-0.9795,-1.158 ]
[-3.8419, 1.6949,-1.4219,-1.9554,-1.7098,-1.1435, 0.8529,-0.2151, 1.9885,-1.1665, 0.2287, 0.3036,-1.7408,-0.7319, 0.3472,-1.0273,-2.1514, 0.6325,-0.6244, 1.4414,-2.4027, 2.5096,-2.2284]
[-1.5671,-3.8378, 3.5868, 0.1605,-2.5794,-1.8574,-0.7161,-1.6027,-0.394 ,-3.1085, 1.2176, 1.9204,-1.0116, 1.8325, 1.9081,-0.0061,-0.9123,-2.2162,-1.8462,-0.8033,-0.7038, 0.2644, 2.3288]
[ 0.3985, 5.1323,-2.9089, 1.6795, 1.8908,-0.969 , 0.0715,-3.0613, 1.5645, 1.6561,-2.2324, 1.8025,-0.4176,-1.3103,-1.5503,-0.9159,-2.539 , 1.1092,-3.1345, 1.877 ,-1.3904, 2.1107,-1.2136]
[-5.0567, 2.8106, 3.878 ,-0.3949, 3.1346,-0.4032,-1.2538, 0.1395,-1.1226,-1.8294, 2.8156, 1.0625,-1.1631, 1.833 , 0.6444, 2.1519,-0.7461,-2.2656,-1.1077,-3.0746, 2.5503, 1.459 ,-1.7835]
[ 2.5254, 0.3529, 3.012 , 0.777 , 2.0873,-0.1114,-2.9722,-2.9126,-1.3682, 1.5187, 1.4093,-1.168 ,-2.3341, 1.3208,-0.7218,-0.7858,-0.2171, 1.7393, 2.5316, 0.9682, 1.0828,-2.0852, 2.3993]
[ 0.4833, 0.9609,-3.0759,-2.2211, 2.25  ,-0.9885,-2.7666, 2.9761, 2.7302, 0.0103, 2.9112, 2.6736,-1.4249,-2.3958,-1.0265, 2.8882,-2.9808,-0.5097,-2.1209,-2.0099, 2.4934,-2.7399, 2.2523]
[ 4.4265, 4.9397,-2.7569, 0.1326,-0.9364,-0.4601, 0.9593,-2.4546,-2.6152, 2.5386,-1.9397,-1.5507,-2.1677, 1.3916, 3.049 , 0.3827, 0.5912, 0.2757,-2.4995,-0.2807, 2.3129, 2.7605,-1.7329]
[-1.1126,-4.6752, 4.3933, 1.9278,-0.5243,-2.3311,-0.6902,-1.5067,-0.6997, 1.7824,-1.3611, 2.0027, 0.3877, 0.9668,-2.6364,-1.8955, 2.5178,-2.4426,-2.9759,-0.7258,-2.0069, 0.3666, 1.0409]
[ 0.146 ,-1.9497,-2.0859,-0.7241, 2.0144, 0.1226,-1.7475, 0.3642, 1.5101, 0.5297, 2.8411, 1.4583, 1.2563,-1.6601,-1.0227, 0.4295, 2.6651,-2.7488, 0.5532,-2.3374,-0.8613, 2.4564, 2.4411]
[ 3.8847, 1.542 ,-5.0061, 0.7823,-0.8558,-2.9728, 0.7436,-0.5861, 1.1842, 0.3418,-1.2294,-0.4486,-1.337 , 1.0463,-1.3671, 0.677 , 2.3235, 0.7972, 1.9893, 1.3913,-3.0254, 0.9693, 0.2874]
[ 1.71  ,-2.8512, 2.3273,-1.2026,-1.8307, 1.3714,-0.7682,-2.0476,-2.0508, 2.7217, 2.5856,-3.0745,-3.0784, 1.0908,-0.0265, 0.8485, 1.7278, 2.3796,-1.9443, 0.1855, 0.6674, 1.622 ,-2.7646]
[-0.895 , 0.7087,-4.5678,-1.816 , 0.531 , 2.2736,-1.4296, 1.0022,-1.0551, 0.6977,-2.6173,-1.0269, 1.5153, 2.6966,-2.2498,-0.3607, 1.837 ,-0.7144, 2.3098, 2.6489, 1.3959, 1.126 , 0.1862]
[-0.7438, 1.905 ,-2.2021, 2.3895,-1.9493,-2.0288, 2.6911,-0.4268, 1.8523, 0.7004,-1.0809,-2.279 ,-2.0514, 1.9073, 2.337 ,-3.0827,-3.1111,-2.729 , 2.3874, 1.3486, 1.5069, 1.9061,-0.4253]
[ 1.7437e+00,-6.0435e-01,-3.6428e+00,-1.8684e+00,-1.1194e+00,-2.6240e+00,-1.4507e+00, 2.3111e+00, 1.3394e-03,-1.1090e+00, 2.1255e+00,-1.9486e-01, 8.9392e-01, 2.3242e+00,-1.9412e+00,-8.8032e-01,-2.5129e+00,-6.2558e-01, 4.3577e-01, 1.1446e-01, 2.3298e+00,-1.5851e+00,-1.5350e+00]
[ 5.3113, 2.8057, 3.4772, 1.0616, 1.1012, 2.0716,-2.0475, 2.4651, 0.5242,-0.6757,-3.0841, 1.8254, 2.4327,-2.7438, 0.6148, 2.2824, 0.1253, 1.4227,-0.9419,-2.9179,-0.637 ,-2.6415, 0.6123]
[-0.4306,-0.7933, 2.17  , 1.3053, 1.1097, 0.8952, 2.4125,-3.1397, 2.207 ,-2.7609,-0.4721,-2.8265, 2.4264, 1.6754, 1.448 ,-0.1151, 1.0802,-1.154 , 1.7973, 2.5053,-0.9979, 2.4755,-0.5896]
[ 3.1293, 3.9183, 3.2196,-0.9167,-1.5529, 0.3044,-0.4925,-2.3911,-2.9306,-0.3425,-0.3591,-0.7406, 2.1582,-2.4743, 1.4083,-0.9766,-0.0777, 2.2465, 0.2662, 0.7929,-1.023 , 2.0693, 0.7442]
[-2.0666,-0.2501,-4.6756, 0.3144, 2.3269,-2.4422,-2.7477, 0.0832,-2.2526,-2.5993,-2.5088,-0.4348, 0.1684, 1.6559,-2.2428,-1.6305,-2.0046,-0.7986, 2.707 , 2.3842, 3.0922, 1.2627,-0.2247]
[ 2.9179,-1.1917, 2.1859,-1.6288,-1.3321, 1.3837, 2.6112, 1.4318,-0.3466,-1.9824, 2.9402, 2.3683,-1.8574, 2.6575,-3.0673, 1.0869,-0.0687,-1.1088, 0.41  ,-3.1042,-0.6002, 2.7159, 1.1526]
[-5.0119, 4.2534, 3.0734, 1.5345,-1.5494,-0.7447,-0.1086,-0.3549, 0.6357,-0.1961, 2.5959,-0.8632, 2.3534, 2.6724,-1.1278,-2.4646, 0.3238, 1.1883, 0.5572,-3.0171, 0.6989,-3.0842, 1.7504]
[ 2.6338,-1.6086, 3.9251, 1.6491, 2.0717, 1.589 , 0.019 , 2.2134, 0.8917,-2.4217,-3.057 ,-1.1693, 1.5203,-0.1516, 2.2659, 1.4791,-0.4948,-0.9854, 1.6933,-0.1613, 1.8167,-0.1276,-1.66  ]
[-2.7108, 0.5062,-0.5686,-0.1777, 1.2652,-0.6119,-1.4977, 2.9474,-1.8946, 1.0836, 1.7171,-0.3821,-2.0004, 2.941 ,-1.6681,-1.4567,-0.3114, 1.9117, 0.325 ,-1.0232, 1.4034, 1.3933, 1.178 ]
[ 1.1493, 2.5447,-2.2947, 0.9438, 0.1691, 1.5286,-1.1813,-0.8854,-1.6824,-2.8718, 0.5144,-2.5738,-0.0067,-0.611 ,-1.1611, 1.3924, 0.4127,-1.2893, 1.9867,-1.8049,-2.9358, 0.3126,-1.6415]
[ 2.0293, 2.5629, 0.7702,-1.1856,-2.3511, 2.9973, 2.8488, 0.592 ,-0.8573,-1.1664, 0.277 ,-2.9645,-2.821 ,-1.6506,-2.6063,-0.7773,-1.621 ,-0.7872, 0.1971,-0.7346, 1.5706, 1.4787, 1.1304]
[ 5.11  , 1.3619, 4.5115,-0.5143, 2.1102,-0.3803, 0.4372,-0.7497,-2.3098, 2.9081,-2.5015, 0.9935, 2.839 ,-1.2684,-1.1048,-1.0264, 1.9292,-2.181 , 0.0499,-1.2482, 2.0605, 2.3277, 1.3441]
[ 2.875 , 1.5694,-2.3551,-2.4633, 2.1252, 1.3967, 1.7398, 2.9048,-0.3768, 0.5791, 0.5938,-1.8964,-0.0577, 0.5427, 2.0244,-2.6463,-1.8421, 1.0487, 1.4181, 1.8647,-2.1772,-2.896 ,-0.245 ]
[-0.3795,-2.1817,-0.4541,-1.3818,-0.6088,-1.5555,-0.092 , 1.6569,-1.8222,-2.2196, 0.2626, 0.1985,-1.097 , 2.728 , 0.7579, 2.0849, 0.6513,-3.0858,-2.9224,-0.7481, 2.4679,-1.2128,-2.7266]
[-4.8393,-5.2218,-4.4092, 1.8291, 2.7555,-0.3334,-2.261 , 0.8498,-0.2178, 1.908 , 0.0722, 2.0209, 0.8999,-1.7185, 2.2005,-3.1349,-0.5499, 0.6987,-2.168 ,-0.8456,-2.1229,-0.6488, 0.7058]
[-3.5571,-5.3022, 0.6139, 0.7289, 1.6028, 1.6202,-2.2415,-0.2583, 0.2354, 1.9439, 0.4982, 1.7557, 0.7294, 1.5058, 3.0969,-0.9132,-0.3187,-0.3013,-2.7848, 1.5617, 3.1144,-2.1012, 0.968 ]
[-2.5521e+00,-1.2777e-01, 2.1280e+00, 2.0454e+00,-6.6061e-01,-1.7018e+00, 5.6940e-01, 8.2467e-01,-2.4361e+00, 1.8133e+00, 6.8637e-01, 4.7957e-01,-2.6518e+00,-1.5998e+00,-4.2258e-02, 2.2653e+00, 2.8931e+00,-2.0253e+00,-3.0803e+00, 7.1347e-02, 1.9991e-03, 8.4490e-01,-7.4451e-01]
[-4.1987,-3.2169,-2.1054,-2.1055, 0.4813,-2.3032,-2.0759, 2.5574,-2.556 , 1.417 ,-2.3007, 3.0752, 2.3151,-0.1374, 0.3982, 1.0866,-1.8415, 2.8824, 3.033 ,-0.7366,-1.6327, 2.9083,-1.5948]
[ 0.9959, 5.1891,-0.6165, 1.7487, 3.1067,-2.1956, 2.1033,-0.8326,-2.9434, 1.4296, 0.8767, 2.9363, 0.9352, 0.9027, 0.4541,-2.4132,-2.8058,-0.2101, 2.6717, 2.7499,-0.9045,-1.0966, 0.3683]
[-0.6009,-4.8767,-5.2702, 1.2161,-2.2207,-2.3927, 1.4383, 1.5885, 2.029 ,-2.0916,-1.9293, 1.7862, 1.6993, 2.5375, 0.942 ,-0.4723,-0.9588, 1.7401,-0.397 ,-1.5317, 2.2252,-0.3248,-0.9221]
[ 0.4059, 1.7955, 2.661 ,-2.6524, 0.6879, 1.6485,-1.5915,-1.9418,-2.337 ,-2.4932,-1.6873, 1.51  , 0.6687, 3.0544,-3.0639,-1.0972,-1.0144,-0.9153, 1.7489, 2.0029,-0.9183,-2.0825, 0.1303]
[ 5.44  ,-1.6999,-2.3825, 1.0529,-0.9458,-2.7236,-2.7982,-0.3849,-0.1   , 1.008 , 2.3532, 1.452 ,-2.4278,-2.059 ,-2.6464, 0.0968, 2.0973, 0.3422,-1.6716,-0.7453, 1.6359, 0.6298,-1.0619]
[-2.7407,-4.0695,-4.2322, 0.1542, 3.0069,-0.4837,-3.0813, 1.4413, 1.8948, 1.6559,-0.9665,-2.9518,-0.7548, 0.726 ,-2.6507,-0.0808,-3.0556,-0.5713,-0.832 , 0.6582, 1.6628,-0.4172,-0.7628]
[-0.8833,-1.4563,-5.3191, 0.6006,-0.1535, 0.4086, 2.7825, 2.6006,-1.7313, 2.0853,-0.4278, 0.0306,-2.456 ,-2.8352,-3.0761,-2.4885,-0.1541,-2.6775,-1.4812,-1.124 , 1.7772,-1.5332, 0.2376]
[-4.3306,-1.8998,-0.036 ,-0.3107,-1.3692,-2.0835, 0.555 ,-0.9837,-0.7143, 1.2843,-2.4076,-2.276 ,-3.0619, 0.9995, 1.7245, 2.1823,-0.1454, 2.2571,-0.3481,-1.5933,-1.2048, 0.0936, 2.1882]
[ 4.0046, 2.3488,-1.2576, 2.102 ,-1.7352, 2.8397,-0.523 ,-0.3915,-2.6035, 2.7695,-2.1055,-0.6915,-1.0803, 2.145 , 2.0723, 1.9106,-0.9869,-1.5448,-2.3172,-0.8623,-0.7797,-1.1134,-1.6133]
[ 3.0082, 0.9913, 0.7953, 2.0895,-1.3526,-3.0559,-0.8381, 3.1337,-0.6202, 1.0419, 0.2485,-2.3471,-2.6047, 2.318 ,-2.5085, 1.6592,-3.1002, 0.1977,-2.171 , 3.0792,-0.0749, 1.0875,-2.8669]
[-4.0004, 0.0496,-3.5327, 1.7592,-2.2704,-0.2818,-1.4203, 2.8782,-2.1608, 2.054 ,-2.1637, 1.2935,-1.3217, 0.0221,-2.4916,-0.0683,-0.6655,-0.1515, 2.5241,-2.6752,-0.9964,-0.4507,-1.3693]
[-1.2765, 1.7754,-5.1781,-1.3364,-2.4186, 0.2833, 2.9916,-1.1325,-2.7884, 2.802 ,-0.0567, 2.3647,-1.0403, 2.1824, 1.9957, 1.2378,-0.6735, 2.9804,-0.3756,-2.582 , 0.377 , 1.3939,-2.3694]
[ 3.7292, 4.8618,-3.6162,-1.6011, 0.3932,-0.6485, 0.9267, 0.8123, 2.6568, 0.113 , 2.7293,-2.6863,-1.728 ,-2.1825, 2.3078, 0.2571,-2.988 , 0.0995, 2.2338,-1.8638, 1.5608,-2.6408,-2.9049]
[ 0.4686, 0.8554, 2.0696, 0.9725, 1.3287,-1.009 , 2.5599, 1.8635, 0.5221,-0.3306, 1.8457,-0.8274,-1.1899,-0.4403, 0.7422,-1.9045,-0.0859, 1.9071, 2.1363, 2.8816, 2.2789,-2.8193, 3.111 ]
[ 1.1015,-0.6283,-3.3651,-0.1675, 1.0526,-1.5343,-1.6888,-0.0416,-0.8773,-0.4675, 1.0784, 2.3782,-0.9132,-0.3851, 1.7996, 2.7944, 2.562 , 1.6951, 3.1402,-2.1912, 2.8135, 1.8822,-0.5564]
[ 2.5857,-0.8126, 1.7009, 1.6392, 1.9361, 2.4346, 2.2858,-0.0142, 1.3666,-2.519 , 1.2934,-2.2201,-0.295 ,-0.9159,-2.977 , 0.5455,-0.5436,-0.5875,-1.889 , 1.7623,-1.348 ,-2.4335,-2.2793]
[ 4.9444, 1.284 , 1.5795, 2.9391, 0.8164, 2.4991,-1.2941,-2.9764,-1.1786, 0.4915, 1.6968,-2.5899, 2.4778, 1.5395, 1.4441, 2.2313, 1.5096, 2.7885, 0.7298,-2.0158,-2.8817,-2.6957,-0.2281]
[ 4.9717,-2.5505,-4.4463,-1.8387,-0.9456, 1.4591,-1.6034,-0.6733, 1.3541,-2.5057, 2.3991, 1.8804, 1.7892,-2.6075, 1.8175,-0.7781,-1.8462,-0.0166, 1.9986, 1.8575, 0.9522,-3.0287,-0.6764]
[-5.0111, 4.2761, 2.8978,-2.4182, 1.0599, 1.8849,-0.2164,-0.7279, 3.0107,-2.2509, 3.0535, 2.9411, 2.3162,-0.0607,-2.3577,-0.0584, 1.8197,-0.6536,-0.1216, 3.0987, 0.9063, 2.651 , 0.0967]
[ 2.7403,-4.4791,-0.1055, 0.8177, 0.1808, 2.8171,-1.4353,-2.4595, 0.5611, 0.5144, 0.861 ,-2.1287,-1.8661, 2.6626,-1.0857,-2.1044,-0.931 ,-1.6596,-1.3273,-0.22  , 1.8213,-2.253 ,-1.0957]
[-3.8973, 5.0341,-4.4454,-0.5446,-1.7876,-0.4344, 1.6593, 0.0163,-3.0125, 1.3309, 2.6402,-1.307 , 2.479 , 1.1129,-1.4507, 2.6534, 0.9957, 0.2951,-0.0621, 0.4827,-0.6038, 2.6485, 0.4026]
[-0.1892,-0.0369, 3.9144, 2.2009, 0.4763,-1.3438,-0.0985, 2.3452,-2.8591,-1.3382,-2.257 ,-1.8501, 0.662 , 2.782 ,-2.2243, 0.7399,-0.3029,-0.5224,-2.6798,-1.9815, 2.5472, 0.3764,-2.4891]
[-2.2498,-4.9021, 3.7626, 2.9922, 2.2931, 2.7107,-2.4967, 2.5835,-0.4976, 2.2959,-2.8354,-1.8105, 1.8958, 3.1326,-2.9104, 1.5187,-1.5006,-2.7047, 0.497 , 0.8844,-2.1078, 0.811 , 1.51  ]
[ 3.6304, 0.3515, 0.6199,-1.6432, 1.7214,-1.2868,-0.9346,-0.8198, 0.9679,-1.2537,-2.0713, 2.6139,-0.8744,-1.636 , 2.8535, 1.281 ,-0.1302,-1.1551,-2.067 ,-1.169 , 2.6141, 1.8543, 1.2011]
[-4.8914, 0.5532,-3.0933, 0.9303, 2.0669, 0.0275,-0.8855,-3.1415,-2.7127, 2.7176,-1.6044, 0.7843,-0.468 ,-0.7562, 0.6153,-0.6201, 2.5599,-0.3616, 1.5516,-2.1964, 0.1543,-2.5665, 2.031 ]
[-0.9772, 3.7981, 2.5067, 2.371 ,-1.4086,-3.1098, 0.4146,-1.2472, 2.895 ,-1.4653,-0.9508, 0.7644,-1.3869, 3.0828,-0.8492, 2.0882,-2.216 ,-0.5154,-2.7755, 0.2763,-1.8506,-1.2464,-0.0733]
[ 4.3698,-0.16  , 5.0481,-2.8629,-1.596 , 1.256 ,-2.3741, 1.2484,-1.9837,-2.023 ,-0.4451,-1.8895,-1.1576,-2.7343,-0.8891,-2.1288, 0.0393, 1.2616, 1.1512,-2.0998,-2.3266,-1.8979, 1.9207]
[ 4.1959, 1.6039, 5.4888, 1.7728, 2.5001,-2.0605,-1.9994, 0.0715,-0.265 ,-0.5553,-0.3992,-0.7754,-0.7879,-1.885 ,-0.2269,-2.5718, 1.7506, 2.6888, 1.1375, 1.6631, 1.2805,-1.486 ,-0.6289]
[ 0.4894,-0.9561, 1.4225,-0.8308, 0.284 , 0.4897,-1.5943, 1.5863,-2.8243, 1.2612,-1.7572, 1.8834, 2.1434,-1.5609,-0.5308, 2.4313, 2.7972, 0.9675, 1.7766, 1.8037, 1.5518,-2.8654,-0.9312]
[ 1.302 , 0.3217, 3.0774, 2.2426,-1.5011,-2.0876,-2.4674,-0.6362, 2.4433,-0.5268, 2.378 ,-2.3799, 2.8231, 2.5983,-1.9248,-0.9004, 2.1096,-2.1309,-2.8401,-2.5213, 2.1468, 0.8723,-0.6852]
[ 4.7306,-4.3689,-3.7474,-0.4948,-0.2369,-1.5426,-0.3594, 1.9411, 1.4956,-1.9084,-2.5846, 0.6615,-2.7316,-0.6014,-0.6726,-2.4721,-2.1028, 0.7083, 0.3751, 2.7708, 0.4795,-2.6575,-0.9218]
[-3.4593,-1.0846,-3.9645,-1.8395, 1.1671,-1.4751,-0.8039, 3.1041,-0.6664,-2.3387,-2.7335,-0.3099, 1.4091, 3.127 , 0.1027, 2.6255, 0.1806,-1.6918,-2.4032, 2.9746,-1.5152,-2.3333,-2.3413]
[ 0.4092, 3.3635, 1.4739, 2.3968,-1.1082,-0.167 ,-0.7295,-2.6276, 2.0388,-0.1338, 1.7353, 2.9314, 2.5461, 1.3038,-2.036 ,-2.3797, 0.4984,-2.6703,-1.7942,-2.957 ,-0.2222, 2.1378,-0.4165]
[ 5.1156,-1.9887, 0.565 ,-3.0466, 1.3537,-2.3004,-0.2073, 2.7322,-0.6707, 2.3136, 1.3393,-2.9605,-1.7338, 1.1279,-2.5973, 0.0604, 2.1441, 0.484 , 2.9539,-1.4216, 1.1722, 2.368 ,-3.0318]
[-5.0223,-3.6197,-2.2653,-2.3824,-2.386 , 1.2834,-0.841 ,-0.9205, 0.4699, 3.0163,-0.7861,-2.2738, 1.625 , 1.9822, 0.927 ,-2.5087,-0.5973,-0.117 , 2.6855,-2.9054,-1.2955, 2.026 ,-1.4291]
[ 5.3661,-0.9989, 4.7034,-1.0646, 2.8178, 0.3197,-2.606 , 0.4269,-2.7779,-1.8836, 0.0472,-0.9122,-2.6589, 1.3537, 0.5375, 0.8007,-2.8403,-0.2363, 1.5362, 1.2265,-1.5391,-0.7776,-0.0217]
