[ 5.0942,-2.5135,-1.7992, 1.1054,-3.0654, 2.8378, 0.729 ,-1.3046,-1.9049,-0.0739,-0.9225,-0.6908, 2.4675,-0.3549,-1.5403, 0.521 ,-1.4005,-1.0528, 0.3583,-2.5488,-1.6618,-0.2122, 2.9853]
[ 4.6398,-0.0385, 1.3312, 2.1376,-2.9719, 0.3367,-1.8658,-0.6208, 3.0414, 1.9448,-1.5072, 2.5251,-1.1451, 0.8009, 1.5409,-0.0698, 1.5952, 1.0213, 1.892 ,-1.9259,-2.6695, 2.6697, 1.199 ]
[-3.3273,-1.9037, 5.0442, 2.118 , 0.8653,-2.5386,-1.2787,-2.9643, 3.0616,-0.0338, 2.5172,-2.4039, 3.0063,-1.9234, 0.0804,-0.6955,-0.3827,-0.6594,-1.6206, 0.8543, 0.2727,-1.2688, 0.1033]
[-2.5554,-4.4672,-4.3595,-0.4601,-0.1015,-0.2991, 2.5865,-0.2848,-1.0125,-1.9952,-2.5036,-1.6599,-1.7361, 0.0217,-2.7403,-1.6169,-0.8008, 0.1239,-1.6308, 3.0435, 2.9044,-2.9761, 0.0612]
[-3.8769, 0.3914,-3.4978, 1.1285,-0.3225, 0.2491, 2.504 , 1.1118, 3.063 , 0.1328, 1.5465,-2.4681,-2.7485,-2.2049, 1.1157, 0.6324, 2.5547, 0.3837, 3.017 ,-3.0802, 1.4422,-1.6136,-1.8173]
[ 2.1956, 5.3013,-4.0908,-1.7556, 1.0383,-2.7888, 3.05  ,-1.5903, 1.7139, 1.4675, 0.4742, 2.9098,-1.9455,-2.6192, 1.1579,-2.8585,-2.4369,-2.088 , 1.9986,-2.5034, 1.4414, 1.1685,-1.1344]
[-0.1099, 5.4011, 4.9146,-2.0621, 1.7799,-3.0271, 1.7882, 1.4176, 1.5019, 0.0929,-2.865 , 0.081 ,-1.6668, 3.0631, 2.0437, 2.495 , 2.1416, 1.8213, 2.0603, 2.3823,-0.8727, 1.2778,-0.0911]
[-4.3719,-2.2966, 4.2321, 1.8599, 2.5816, 0.5562,-1.6257, 2.5742, 1.3367,-2.7385, 0.2097,-0.2867, 2.363 , 1.6976,-0.7426, 2.6696, 0.4448,-0.0071, 1.0776, 2.999 ,-1.5074, 0.2112, 0.1691]
[ 5.4534,-4.3249,-0.4542,-2.3791,-1.3076, 3.1349, 1.913 ,-1.5273, 3.112 , 0.4558,-2.8784,-1.5209, 0.6826, 2.1552,-2.2431,-3.0257, 2.5878, 1.8729,-1.6581,-0.9731,-1.7319, 0.3028, 1.6507]
[-3.1263,-3.2832, 3.7234,-2.5007, 0.975 , 0.9654, 1.737 ,-1.3072,-0.9592,-2.4193,-0.3785,-1.0358, 0.8244,-2.1305, 2.7615,-0.1332,-0.9089,-0.6925, 1.1301,-1.5557, 2.7877, 0.5252, 0.2134]
[ 3.068 ,-5.0179,-4.311 ,-1.2398,-2.4288, 1.0732, 2.6075,-2.8754, 1.4416, 0.9177, 2.4533,-2.3748, 1.873 ,-1.1518, 0.6257,-0.5354,-3.0056, 0.4644,-3.0138,-2.4861,-2.5128, 1.0786, 0.9534]
[-2.2517,-3.3594, 2.1677,-2.35  , 1.1161, 0.2174,-0.9085,-3.0793, 1.0817, 3.0309,-2.4063, 1.2584,-1.397 ,-2.0533, 1.0467,-1.1999, 2.2923, 2.1579,-1.6312,-1.6355,-2.5383,-1.8938,-2.1097]
[ 2.2233, 3.7353,-2.1955,-1.0757,-2.5351,-0.5459, 1.0603, 2.3585,-1.8259,-2.1394,-1.6377,-2.37  ,-1.9729, 1.2683,-1.2824,-1.7265, 2.9657,-1.7723, 0.8545,-2.6077, 1.7505, 1.9141,-2.633 ]
[-1.9779, 0.7404, 4.8173, 1.5817, 0.5106,-2.9075, 3.0575,-1.6801,-0.4645, 0.2509, 1.8249,-2.1325,-1.1006,-1.5762,-0.8704, 0.6062, 1.8672, 0.6477,-0.4476,-1.8477, 3.1375,-1.2798, 2.1274]
[ 1.7988, 5.19  , 4.8393, 2.2419, 1.1636,-2.6617,-1.3993,-1.7684, 3.1178,-0.6654, 2.921 ,-2.5173, 3.0791,-2.6343,-1.6626, 2.493 ,-1.6181, 1.5685,-2.7835,-2.7724,-0.7075,-0.924 , 0.8189]
[ 0.7591,-4.2872,-5.1848, 0.8982,-3.0512, 1.3171,-0.0816, 1.2777, 2.8023, 0.6571,-0.7852, 1.2665,-1.2074, 2.7494, 2.2655, 2.7888,-0.1209,-2.5213, 3.0541,-0.1286,-0.9672,-2.492 ,-2.4114]
[-5.1394, 1.9097, 1.8306,-2.3984, 1.5381,-1.1293,-1.2303,-0.016 , 1.819 ,-1.9169, 2.9303, 2.7667, 2.882 , 0.4821,-2.8312,-2.3504,-3.0841, 0.414 ,-2.2766,-0.7026,-1.1365,-2.6372,-1.5601]
[-0.5454,-1.1115,-3.4931,-0.6174, 1.8553, 0.719 , 0.6799, 1.5529,-0.9757, 1.605 , 1.0286,-2.7439, 2.8834, 1.0502,-3.0567, 1.8664,-1.8557,-3.0035,-0.64  ,-1.8762,-0.3772, 0.5961,-2.488 ]
[-0.1315, 0.0962, 3.6839, 0.6494,-1.782 , 1.0845, 1.0278, 2.9668,-2.1157,-1.1758, 2.431 , 0.0799,-2.1208, 3.1028, 1.5151, 2.6838, 1.027 ,-1.4041, 2.8153, 1.415 , 0.0938, 2.9476, 1.5412]
[-1.7179, 3.2049, 5.002 , 2.6465, 0.1814,-1.3631,-1.3502, 1.9883,-1.969 , 0.5062,-0.3732,-1.9104, 0.6286, 2.5922,-1.4691,-1.837 , 0.0436, 0.9403,-0.0206, 3.122 ,-2.7767, 0.562 ,-2.4554]
[ 3.4394, 3.1322,-0.046 , 2.4479,-0.0709, 1.8705, 1.9496,-2.3897,-0.3619, 2.5696,-1.9173, 2.444 ,-2.3978,-1.5737,-0.9135, 2.5994, 1.0875,-0.5675, 1.0956, 2.4527,-1.379 ,-1.4073,-1.6201]
[-1.0671, 2.4955, 3.5458, 1.5402, 1.5856,-2.6744,-2.2189,-1.2212,-1.4693,-2.6103, 2.6222,-2.9603, 1.8116, 3.0906,-1.1027,-0.1384, 1.1227, 0.1815,-0.2815, 1.7365,-2.0849,-1.1922, 0.9512]
[ 2.6387, 2.024 , 4.2536,-1.1443, 0.6786, 2.7665,-2.7909, 1.6682, 3.0929, 0.7237,-0.1916,-0.187 ,-1.4055,-1.1052, 1.8519,-1.5302, 1.0866, 3.1153, 2.3694,-1.7773,-0.5199,-0.1435, 1.8186]
[ 2.9292, 1.2632,-5.1615, 0.7923, 2.0234, 0.1238,-3.0449, 0.8163,-1.6806,-2.1509, 2.9002, 0.7229,-1.2254, 2.4189,-2.8719, 0.9953, 1.542 ,-2.321 ,-1.4533, 2.2767, 1.0147, 0.4471, 0.1345]
[-4.7761, 1.2298, 1.1237,-2.5609, 1.8956, 2.0453, 2.0661,-2.6159, 0.2759,-2.1117, 0.3908, 1.1728,-1.2329, 2.4444,-0.3997,-0.1902, 1.9139,-1.4394,-1.9942, 2.8951,-2.7414, 2.3921, 1.3879]
[-3.2643, 1.4598,-4.5975,-2.0885, 0.3163, 3.0047, 0.3928, 0.1772,-1.4884, 1.3998,-1.2319,-1.3146,-0.1186,-3.0326, 1.8832,-0.9637, 0.7028, 1.2282,-0.3706,-0.8473,-0.908 , 0.1843,-1.5863]
[ 4.1379,-0.033 , 2.6261,-1.7032, 1.8155,-2.4452, 1.4202,-1.8135, 2.3567,-2.0985, 0.4143,-0.945 ,-0.3109,-1.7828,-0.7536, 1.9014, 0.1586, 2.048 ,-0.5065,-2.773 ,-2.0228,-0.9437, 0.1262]
[ 2.9944, 3.1766,-0.9199, 0.5379, 3.0471, 0.6568, 0.7084,-1.4665, 2.926 , 0.8084, 0.6616, 1.5634, 2.2062,-2.3899, 1.2024, 2.2622,-1.1587, 0.9365, 3.1396,-3.0631,-1.1975, 1.3777,-0.5199]
[ 2.3619, 2.4297, 2.4755, 0.2562, 2.0453,-0.209 ,-2.5907, 1.1825,-2.38  , 2.4229, 1.7757,-0.6519,-2.3408, 2.9978,-0.979 , 0.2715,-0.6624,-1.4224, 3.0273, 2.2381, 2.5906, 3.016 , 2.0012]
[ 1.6325,-2.8886,-3.6512, 0.2902, 3.0036,-3.0417,-1.0703, 1.0829,-1.546 , 1.71  , 2.8163,-2.5998, 2.7402, 0.2258, 1.5317,-2.215 ,-0.5971,-1.2319, 2.5718,-2.8031,-1.4148, 0.6921,-2.0858]
[ 2.6058, 1.5903,-4.8563, 2.6756, 2.7795, 1.4884,-0.35  ,-1.9754,-2.3567, 2.1024,-1.1829, 0.343 , 2.9923, 2.823 ,-0.7756, 2.7575, 2.0385,-0.9094,-0.7256, 2.3272, 0.32  , 0.9005,-2.2556]
[-3.181 , 5.1131,-3.2132,-1.3678,-0.4195, 0.9041, 2.8128, 1.1949,-2.735 , 0.3552,-1.5486,-2.1015,-0.7939,-1.2432,-0.2656, 2.234 ,-0.2582,-1.4027,-2.7797, 2.3466, 0.075 ,-0.7331, 0.8663]
[ 3.5931,-5.4509, 4.0709,-3.0917, 3.1225, 1.1431,-0.141 , 2.5256, 0.1235,-2.1085, 2.3197,-1.1417, 2.3519, 0.8932,-3.0154, 1.9112,-2.7386, 2.5664,-2.6082,-2.0486,-1.9946,-2.1912,-1.9243]
[ 4.6904, 1.1459,-0.5873, 0.0585,-0.6998, 0.7264, 1.6421, 0.3435,-2.1148, 2.1597, 1.9902, 2.585 ,-1.3622,-2.3222, 2.9766,-3.0017,-0.3631,-3.0102,-1.8603, 0.6606,-3.0904, 2.0878,-2.2214]
[ 5.155 ,-2.9433,-4.679 ,-1.1153,-0.8189,-2.5311,-2.9299, 0.9849, 1.3928,-3.1258,-0.8113, 0.3854, 1.2521, 2.4011,-0.5405,-0.8658, 0.5554, 0.5816, 2.0203, 0.5921,-1.4983, 2.372 , 1.5867]
[ 3.709 ,-2.2988,-3.7783,-2.8079,-0.6441, 0.0705, 1.4639,-1.6612,-2.7638,-0.3266,-0.3759,-1.1127, 2.756 ,-2.6362, 0.7391, 1.2398, 0.4956,-2.0885, 0.0047, 2.4953,-2.0301, 1.967 ,-2.847 ]
[-3.761 , 2.7099, 3.7694, 2.5205,-1.631 ,-2.7736,-2.2436,-1.2535,-1.1377, 2.3144,-0.3081, 1.2921, 1.0125,-2.5361,-1.1104, 0.4046, 0.9024, 2.5152, 3.0875,-2.1132, 1.8201,-2.1376,-0.855 ]
[ 4.3688,-5.1797, 0.6519, 1.9231, 2.415 , 1.9061,-2.1757, 1.4332,-2.6693,-1.4665,-0.853 ,-1.3889,-2.9058, 2.304 , 0.1477,-0.731 , 2.1792, 1.1869,-1.8575, 2.845 ,-2.2553, 0.8852,-1.0485]
[ 3.1455,-4.7028,-4.289 ,-1.9442,-0.3011,-0.9878, 2.8566,-1.9758,-0.3793,-1.2371,-1.2281, 2.7549, 0.5342, 1.4453,-1.0521, 0.4867, 0.6389, 1.2845,-1.5382, 2.7139,-2.7831,-2.724 ,-0.704 ]
[ 4.6684, 1.4093, 2.523 ,-2.0747, 1.5362, 0.6036, 1.7964,-0.167 , 2.8292,-2.0692,-1.3404,-0.9114,-1.6988,-2.3438, 0.7637,-2.6411,-0.7031, 1.6633,-1.589 , 0.208 , 1.6813,-0.136 , 0.9767]
[ 0.6505, 0.037 , 0.4791,-2.9893, 1.6637,-0.3799,-1.0578, 1.8665,-2.0142, 2.2697, 1.4209,-3.0025,-2.3018,-0.6261, 2.2017, 2.6942, 0.483 , 0.9853, 1.1604,-1.6376, 0.4603, 0.5691, 2.6863]
[ 4.4519,-0.3266, 5.4231, 1.5899, 2.6851,-1.2233,-2.5538,-1.0267, 0.2672,-2.5862, 0.8465, 1.2792, 0.4062,-2.2956, 3.0612,-2.1151, 2.6692,-1.6654,-1.4951,-1.3554, 1.6123, 1.828 ,-1.2107]
[ 3.5896e-01, 2.0729e+00,-4.8518e+00, 7.1887e-01, 2.6077e+00, 1.6289e+00, 1.9350e+00, 6.7242e-04,-3.0850e+00,-2.4167e+00,-3.8960e-02,-1.5460e+00,-1.3619e+00, 1.2044e+00,-2.8484e+00,-2.1418e+00, 2.1373e+00, 1.9963e+00,-1.5151e+00,-1.5899e-01, 2.4922e+00, 2.1299e+00,-1.1179e+00]
[ 2.0398, 3.2984,-1.094 , 1.9032, 1.5946,-0.9491,-1.6784, 2.8547, 2.3937,-0.6652, 1.7883, 0.4003,-2.3819,-3.045 ,-2.0803,-2.2564,-1.6129, 3.0607,-1.0192, 2.9701, 3.0519,-2.6013, 2.0704]
[ 1.5225, 1.5874, 4.615 ,-0.8448,-3.1109,-1.8965, 2.3519, 2.1841,-1.9637, 1.5319, 2.8057,-0.5805, 1.7021, 1.2378,-0.0073,-2.6134, 1.9732, 2.8583,-0.31  , 2.3373, 1.6721,-1.9765,-0.6351]
[ 1.403 ,-0.9299,-3.2529, 3.0438,-0.013 , 0.9984,-0.3434, 2.1596, 2.3641,-0.3013,-0.1014, 1.8862,-2.3146,-0.5305, 2.9913,-1.731 ,-1.3576, 1.7816, 0.4259, 0.2523, 0.1436,-1.4244,-0.222 ]
[-4.2721,-1.1581, 1.5428,-0.1708,-1.9195, 1.7301, 2.6177,-1.5684,-1.2592, 2.1279, 2.2413,-2.4762,-1.8332,-0.1277, 0.8212,-2.7262,-2.1942, 0.8022,-0.3113,-1.2061,-2.25  , 2.9208,-0.1499]
[ 1.2976,-2.1377, 0.1338,-2.5059,-1.7282,-0.4916, 2.2485, 1.2211, 0.9003, 1.5425,-1.4421,-0.5824, 1.6016,-0.4425,-2.5526,-2.9604, 0.4449, 2.7206, 0.282 ,-1.8164,-0.599 ,-2.9052, 2.2681]
[-1.1536,-3.2632,-3.1546,-1.3149,-1.6148,-2.0739, 2.4269, 1.5862, 0.4854, 2.3696,-1.6398,-0.3803,-2.5192, 0.7706, 1.9686,-2.7614,-0.4832,-2.5083,-2.7221, 1.6039, 2.4544,-1.4293, 1.5922]
[-3.3348,-5.1543, 1.0853, 1.5944,-2.0236,-0.3177,-0.1939, 0.5036,-1.9201, 2.3768, 0.7035, 1.803 ,-1.9841, 0.9517, 3.1126, 0.7377,-2.3458, 1.5987,-2.7918,-0.063 , 1.0645, 1.4296,-1.465 ]
[-1.293 ,-1.0951, 2.7887, 1.6265, 2.0916,-1.1718,-0.3148, 2.6698, 0.4607,-1.9727, 1.1904, 0.3984, 2.7447,-1.2736,-1.6063,-1.3765,-3.0049, 0.3632, 2.6092,-2.6367,-2.7575,-2.7133, 3.1092]
[ 1.3028, 4.8544, 2.5032, 1.7982, 0.9451,-2.8864,-1.7278,-2.3025,-1.0136, 1.3047, 1.7172,-1.4372, 0.0197,-2.9437, 2.6921,-1.8859,-2.7953, 1.9767, 0.9275,-2.5305, 0.3957, 1.7121, 2.5983]
[-2.6091, 3.0713, 3.648 ,-1.5042,-3.132 , 1.4513,-1.9236, 2.6405, 0.8381, 2.9885,-0.5671,-0.1832, 2.9784,-1.0903, 2.5196,-2.8973, 3.0069,-1.2161,-1.0172,-0.1603,-2.0369,-0.5121,-1.942 ]
[ 4.0841, 4.9309,-4.9403, 0.8092,-2.1809,-2.9524,-1.6516, 0.3524,-1.446 ,-0.8303, 0.2393, 0.3233, 0.4806,-2.7977,-0.5116, 0.7839, 2.5257,-1.7647,-0.241 ,-2.6212,-0.8615, 1.0131, 1.6673]
[-0.7688, 2.0909,-3.6567,-2.5639,-1.6737,-2.3759,-1.9954, 0.112 , 2.0563,-0.21  ,-1.5195,-1.4453,-2.0311, 2.2531,-1.9364, 1.0799,-0.5692, 1.8061,-0.4975,-0.8655, 1.5755,-1.2305,-1.8579]
[-3.0524, 0.2725, 4.3583,-2.8456, 2.5467,-0.407 , 2.0485,-2.8007, 0.7267, 2.3841, 1.6429, 0.749 , 1.0705, 3.0206, 2.4539,-0.1487,-1.3401,-0.0665,-1.2978,-1.6646,-0.6887, 3.0972, 0.2192]
[-4.1536,-1.42  , 0.1566, 1.5784,-2.1655,-2.7982,-0.8171,-2.4609, 0.5556,-1.6155,-2.3239, 1.0312,-1.9819,-2.563 ,-2.3389,-2.0002,-2.077 ,-2.0995,-0.0938,-0.9383, 1.3183,-0.4523,-1.4736]
[ 0.1557, 3.2563, 1.9943,-2.5174,-3.0113,-0.4803, 2.6938,-2.2045,-1.5207,-1.7639, 0.5218,-2.9443, 2.324 , 0.888 , 2.2399,-3.1276,-3.0213, 1.5022, 0.3203, 2.1155, 1.8603,-2.7493,-2.1163]
[ 0.7305, 4.685 ,-0.5192,-2.1555, 0.7617,-2.5321, 2.9766,-1.9978,-2.9206,-1.7895, 1.0533, 0.4897,-1.4262,-1.9959,-2.5628,-1.1055, 0.6841,-1.8189, 2.9043,-0.042 , 0.8929,-0.7033,-1.2779]
[-2.3097, 3.7777, 2.6723, 2.7533,-0.5165, 0.9701, 1.7501,-0.6749,-2.0002, 1.1338,-1.5709, 2.6637, 1.4679, 1.0089, 2.4123,-2.2537,-2.7189,-2.3366,-1.9018, 2.0326, 1.657 , 0.0269, 2.1879]
[-5.3084, 3.551 , 0.9547, 0.6869, 1.5393,-0.1697, 2.1036, 2.1932,-0.3868, 3.0243, 1.3187, 0.366 , 1.9947,-1.6486,-2.9053,-2.0477, 3.0582, 1.325 ,-0.0532,-1.236 , 1.4328,-0.3982,-1.6554]
[-0.8804,-4.007 , 2.7012, 0.8007,-0.5698, 2.5534, 1.0645, 1.6838,-0.5397,-1.4612, 1.3841,-2.4255, 1.3625, 1.7119,-2.0153,-2.4995, 1.3448,-2.4319, 1.8345, 2.1048,-2.6808, 1.5384,-1.5019]
[-0.3696,-3.8918,-4.6646,-3.1204,-2.9379,-2.4765,-2.6718,-2.4842, 3.0149,-0.32  , 1.9752, 0.1838,-0.5848, 0.6661, 3.106 ,-2.2577,-1.8797, 0.23  , 1.9544,-1.9612, 0.5667, 3.0716,-2.2695]
[-1.7266, 4.4884, 0.9785, 2.4718, 2.1183, 2.4099,-0.0651,-1.8601, 3.1017,-2.7038,-1.9183, 0.1193,-0.9041,-1.8757, 1.7772,-1.5513,-2.2458, 0.4618,-0.0094, 1.3247, 0.7213, 1.8695, 2.5402]
[-3.7418e+00, 1.0587e+00,-4.7337e+00, 2.1682e+00, 6.8190e-01,-2.4152e+00,-1.1688e+00, 1.4788e+00,-1.8456e+00,-2.3385e+00, 3.2551e-01,-6.1773e-01, 1.8054e+00,-2.6496e-03,-1.4682e+00,-6.4087e-01,-2.7138e+00,-2.9216e+00,-6.2818e-02, 1.8876e+00,-3.1293e+00, 2.4555e+00,-1.1217e-01]
[-0.3467,-5.0233,-1.4757,-2.6236,-2.7289,-0.5733,-3.1273, 1.2171, 1.015 ,-1.9218,-2.0676,-2.    ,-2.2136, 0.4829, 0.7099, 1.804 ,-2.6911, 0.6751, 1.0118,-0.1116,-1.6359, 2.658 , 1.759 ]
[ 1.5532,-0.609 ,-4.3164,-2.7723,-1.1571, 3.0559, 2.2605, 2.0789, 2.9017,-0.6655, 0.7691,-0.9617,-0.1348, 0.3022, 0.246 ,-2.6066,-1.2914, 1.5013, 0.499 ,-2.8618,-1.9355,-1.9154,-0.7181]
[ 3.7713,-1.8048, 5.2374,-3.008 ,-0.6801,-1.2372, 2.9197,-2.1878, 2.0724,-1.2804,-1.7667,-0.707 ,-2.668 ,-2.5892, 0.2585, 0.1074, 3.0068, 0.2726, 0.5004,-2.0935,-1.994 ,-2.7799,-2.214 ]
[ 0.9006,-1.1911,-3.3209,-1.7309,-2.7873,-1.8196, 0.9421,-0.8367, 2.0051, 0.8108, 1.535 , 0.1526, 1.295 ,-1.9696,-1.15  , 2.9127, 2.1486, 3.0778,-1.5512,-1.0459,-2.7323, 1.2161, 0.9275]
[-2.5164,-0.8171,-3.849 , 2.6296,-2.437 , 0.2002, 2.6121, 0.3914,-1.9777, 0.3906, 0.9607,-1.9771, 1.7051,-0.4566,-1.8276, 0.2611,-3.038 , 2.0733, 0.4255,-0.3955, 2.788 ,-2.0266, 1.0389]
[ 4.1173, 0.9574, 4.4354,-1.2778,-1.2604,-1.0068, 1.8644, 2.4777, 1.7851, 2.9022,-2.2527,-0.3453, 1.2796, 1.7374, 3.0783,-2.5137, 2.2487, 0.4094, 1.1065, 0.3433,-0.8882, 0.744 ,-2.636 ]
[ 3.8842,-2.1478,-0.5955,-2.4596,-2.7521, 2.5265,-1.3214,-2.1418,-0.8098,-1.435 ,-0.0386, 0.5373, 0.6096, 0.5784, 2.4387, 1.4184, 0.503 , 2.6443,-3.0879,-1.4094, 1.4819,-1.7288, 0.1183]
[ 0.9563,-0.5466, 0.6232,-1.9153, 2.2751,-1.3848,-1.6544, 1.7564,-2.4241,-2.1506,-1.8375, 0.5707, 2.9389, 2.894 , 2.6853,-1.3015,-0.4604, 0.4887, 1.4362, 1.2683,-2.4016, 0.8997, 0.2482]
[ 4.1164, 3.6405, 5.0939, 2.9381,-1.7853, 2.9324, 1.5523,-2.0577,-1.0419,-0.7187, 2.335 ,-1.1212, 1.5994, 0.6452,-2.9815,-0.932 ,-2.4239, 1.836 ,-2.925 , 0.4237,-1.5925,-2.4473, 1.0885]
[ 2.9254,-2.4151, 0.4496, 0.5469,-0.1459,-0.9299, 1.2253,-0.2286,-0.9595,-0.2719, 1.9384,-1.3029, 2.3692,-0.4465, 3.0059,-2.2493,-0.2711, 0.4101, 0.5972,-1.1471,-0.0652,-2.1878, 1.0462]
[ 0.9448,-2.3183, 0.0108,-1.773 ,-1.2928, 0.4278, 0.3148, 2.2262, 1.0849,-1.9916,-0.3921,-2.6937,-0.2691,-0.4362, 2.5594,-1.9766,-2.5348, 0.4673,-1.7312,-0.4093, 2.7586,-1.3152,-0.9031]
[ 3.534 , 3.7474,-4.9916, 3.1162, 2.0758,-1.3425,-3.0814,-0.7882, 2.6546,-0.2865, 1.7248,-0.5379,-0.3157, 0.106 , 0.5867,-2.8941, 0.2757,-1.9376, 0.0469,-2.129 , 2.3339, 1.8498, 2.6223]
[ 5.4658,-0.4013, 2.2699, 0.7752, 1.7472, 2.2872, 2.4423, 1.0991,-0.2848,-1.2597,-2.2389, 0.6524,-1.9365,-2.1373,-0.4233,-2.7427, 2.6696, 1.9339,-0.8658, 3.1249,-2.7984, 3.0335,-0.1196]
[ 3.4644,-3.0528, 4.6031, 0.5992,-2.6254,-0.6022, 2.7465,-2.6849,-0.7022, 2.8611,-0.2715,-1.6778,-1.7554,-0.1638, 1.5408, 1.146 , 0.6304, 1.1263,-1.7128,-1.3987,-2.8893, 2.622 ,-1.3887]
[-4.7227,-5.0691,-4.6698,-0.0754,-1.6577,-2.9487, 0.7377,-1.6344,-0.31  ,-1.7943, 2.4219, 0.868 ,-2.7768, 0.9612,-1.5772, 2.9953, 2.8536,-0.3987,-1.1341,-1.6509, 3.1159,-0.5693,-2.7715]
[ 2.3327,-0.0392,-0.2518,-0.4991, 2.8465,-2.8032, 1.5482,-2.8839,-3.1274,-1.1091,-1.7701, 0.4355, 2.5189,-2.4765, 1.2555,-1.5387,-1.6312,-2.7246,-2.8372, 2.0815, 2.9657, 2.9391, 0.3309]
[-5.4084,-3.9415,-3.6367, 0.5411,-1.1016,-1.0629,-2.7887, 3.0619,-2.0214, 2.5039,-0.9527,-1.6845, 2.1286,-0.0454, 3.0281, 2.633 , 3.0088, 2.3781,-0.0733, 0.3818,-1.5128,-3.0511, 1.2206]
[ 1.4114,-3.0065,-0.7414, 3.0757,-2.5874, 2.4923,-0.3616, 2.1702,-1.1781, 0.271 , 0.9115, 2.723 , 2.7504, 0.3423,-1.0169, 3.1015, 3.0351,-1.1194,-2.1707,-2.0582,-3.0751,-1.0737, 0.3571]
[ 2.5434, 1.0734, 4.1927, 1.4501, 2.5063, 0.4053,-1.0018,-0.5998, 0.7617, 0.331 ,-0.0361,-1.7414, 1.6673,-0.1971,-1.9798, 1.7845, 1.8384, 2.8162,-2.165 ,-0.947 , 2.8195,-2.5106,-2.8609]
[-3.5271,-0.8482,-3.5074, 0.3189,-2.5236,-0.0328,-0.7288, 2.2747, 1.846 ,-1.108 , 1.0935,-2.1249,-2.0739,-3.109 ,-1.3494, 3.0416,-2.071 ,-2.0343,-0.9323,-2.7569,-0.5756,-1.0936, 0.0096]
[-0.5408, 4.7557, 0.1355, 1.8781,-1.0258, 1.5527, 0.4862, 2.6992,-0.2467,-1.0998,-1.2521,-1.862 ,-2.1248, 1.9766,-0.3796,-0.4712, 2.4003, 1.347 ,-1.5923,-1.8444,-2.2973,-0.5746,-2.2653]
[ 4.6586, 0.4142,-1.146 , 0.2553, 3.0402, 2.2699,-0.7849, 1.1598, 3.012 ,-1.3782, 0.9635,-1.1859, 0.5956, 1.0414,-1.3116,-1.5725,-0.763 , 3.0535, 2.2361, 2.0357,-1.5476,-1.1468,-1.1629]
[ 4.3465,-1.9889,-1.8759,-0.2973, 0.9011,-3.0152, 2.7078,-1.2327,-0.6584, 2.7436,-2.5071, 1.8917,-1.1631, 2.8243,-1.5617, 0.7193,-0.0781, 2.2563,-3.0683,-2.1964,-1.6871,-2.3658,-2.2233]
[ 3.3728,-4.0304,-2.8149, 1.6485, 0.8106,-1.8234, 1.1037, 0.022 ,-1.7379, 1.3925, 1.5252, 1.1507,-2.3732,-1.3313, 1.2557,-0.3736, 2.6858, 0.8888,-3.0749,-2.0784,-2.4966, 1.4302,-1.7596]
[-0.9725,-4.3994, 0.7254, 3.0737, 2.2131, 0.549 ,-2.6043, 3.1192, 2.8337,-2.7775,-2.7124, 2.3176, 0.2343,-1.1655,-0.6499,-1.0455, 1.8235, 1.8021, 1.1656, 3.024 , 1.9628,-0.4807, 0.4411]
[ 0.7434,-3.0795,-1.2311,-1.331 , 0.268 ,-1.5093,-0.8478,-2.1973,-1.5893,-1.3221, 1.7044,-1.6662, 1.2539,-2.655 , 1.2322, 2.4184, 1.505 ,-1.0761, 1.0828, 0.6802, 2.8439,-1.7231,-1.8065]
[ 5.141 , 1.9904,-1.4566, 1.3123, 0.302 ,-2.7003, 1.2987, 2.5337, 1.8149, 0.3643,-0.1782, 2.4344,-1.1608, 1.8726, 1.7732, 2.6352, 0.5768,-2.7778, 0.367 ,-1.2718, 2.6834, 2.2902,-1.1531]
[-3.9866,-0.6647,-1.5452, 0.1504,-0.1   ,-1.4015,-0.6661,-0.6446, 0.6156,-0.5292,-1.2751, 0.9125, 2.2919,-3.0275,-0.3017, 0.6459, 0.667 ,-1.8453, 0.8196, 1.8079, 2.1669,-1.8105, 2.3087]
[-5.0916e+00,-2.4562e+00,-3.3051e+00,-2.7742e-03, 1.5892e+00,-2.8659e-01, 2.7233e+00, 3.0015e-01, 3.6867e-01, 2.2927e-02, 1.8711e+00,-1.6471e+00, 1.1165e+00, 5.2360e-01,-1.6892e-01, 2.5286e+00, 7.5853e-01, 1.6599e+00, 3.7679e-01,-4.1746e-01,-5.8166e-01,-6.6051e-01, 2.3856e+00]
[ 3.5648, 1.007 ,-3.1658,-2.2481, 1.1006, 2.6964,-0.9459,-3.0445,-0.4122,-3.0861,-1.5796, 0.4999, 1.8741,-1.7328, 1.0515,-1.2546, 2.0792,-1.2846,-2.845 , 0.6957,-3.1003,-1.1648, 0.0675]
[ 5.2702,-0.2312, 3.088 ,-1.7609,-1.5588,-0.1426, 1.5095, 1.9724,-1.1486,-2.9232,-0.4026, 0.2488,-2.7262, 2.8789,-2.2748,-2.0652, 2.2887,-2.8284, 0.7236, 0.7564,-1.8228, 2.2674,-1.0842]
[-0.7596,-1.0036, 3.1244, 1.2143, 2.393 , 0.3779, 2.7511,-2.1778, 0.9001, 1.7056,-0.7291, 0.4746, 0.5554,-0.9716,-2.5566, 2.1282,-0.0072, 2.1249, 0.8102, 1.2385,-1.8089, 2.075 ,-1.54  ]
[ 0.3365, 4.0546,-3.0146,-3.0701,-0.439 , 0.1394,-0.1871, 0.3088,-0.943 , 0.0346,-0.5899,-0.2197,-1.8737, 0.9825,-2.5764,-1.6197, 3.1329, 1.0437, 1.7096,-2.4773, 1.0408, 3.0439,-0.1601]
[-4.6123,-5.358 ,-1.1832,-0.7175,-0.1318, 1.7124, 2.3187,-1.5033,-2.1611, 0.4728, 2.5124, 1.5552, 0.2433, 1.9685,-1.9587,-1.254 , 1.9367,-2.717 , 1.7114, 1.4563,-0.4423,-0.1688,-1.9334]
[-4.8925,-5.216 ,-0.6569, 1.1303, 1.2624, 0.9308, 2.4793, 0.9474,-1.5695,-0.9561, 0.1697, 0.7216, 2.6298, 1.4053,-1.5295,-2.4687, 0.9811,-3.0729, 2.4644,-1.5437, 0.7609, 3.1386, 0.9438]
