[-0.9292, 1.0949, 0.1425, 0.888 ,-0.385 , 2.0001, 0.1204, 2.6856, 3.1321,-0.0728, 1.5659, 1.6255, 2.1616, 1.0952,-0.3276, 1.2518]
[-0.3828,-1.8039,-0.713 ,-0.9299, 2.8598,-1.7854, 1.8439,-2.5719, 3.0519,-1.4049,-1.0694,-2.1556, 1.8339, 2.3299,-2.4631,-2.1893]
[-1.7843, 0.3723, 3.0484, 3.0237, 3.1356, 2.8011,-0.8124, 0.6513,-0.3998,-0.8446,-0.7948,-1.0223,-1.4794,-1.855 , 2.1611, 0.0937]
[-4.4604, 0.8769,-2.073 , 0.2576, 1.9708, 1.1659, 0.8466,-1.7244,-2.759 , 0.3646, 2.5383,-3.0463, 0.2852, 3.1279,-2.6943, 2.4363]
[-1.6589,-3.4265, 2.2383,-2.3699, 2.7315, 0.1849, 2.3955, 2.3295, 2.7492, 2.9615,-1.3973, 2.384 , 0.0576,-2.4054,-3.1313,-0.4382]
[ 1.9049,-1.8879, 0.1507, 0.4355, 1.428 ,-0.6365, 2.425 , 2.1117,-0.1078,-1.9208,-0.0447,-1.3762,-1.618 , 2.132 , 2.4856,-2.7732]
[ 1.1984e+00,-1.8472e+00,-5.3706e+00,-2.4176e+00, 2.1642e+00,-4.7324e-01, 2.1304e-03, 2.0584e+00,-8.8276e-01, 1.5689e+00,-8.2816e-01,-3.0255e+00, 2.7630e+00, 1.0604e+00,-6.5799e-01, 2.4219e+00]
[-4.4828, 3.6348,-3.12  ,-2.9803, 0.5662,-2.6461,-1.3147,-2.1879,-1.1814,-0.1159, 0.7672, 1.9094,-1.4579, 3.0875,-2.9573,-2.8025]
[-0.1361,-4.5381, 1.6483, 2.3051,-2.1628, 2.356 , 2.9343,-1.1486,-1.7008,-2.2733, 0.7011, 0.2716, 2.7394, 0.3694, 1.7662, 1.1888]
[-3.5249,-3.463 , 2.3045,-0.9128,-0.3276,-1.3785,-0.2488,-0.0885, 0.2365, 0.2511,-3.0136, 1.7084,-2.1124, 1.2586,-1.5413,-2.1367]
[-0.0267, 4.7056, 1.8176, 0.485 ,-0.4041, 1.8045, 0.5728, 1.2945,-1.8797,-2.9252, 0.3253, 1.5197, 1.4947,-2.4579,-1.9805,-1.8853]
[-4.8711,-1.8928,-3.1531,-2.9505, 0.4657,-0.891 ,-2.6822,-0.6031, 2.7234, 1.0838, 0.3053,-0.7046, 1.163 ,-2.3766,-0.4759, 2.3742]
[-5.4943, 0.364 ,-4.9785, 0.1175,-1.3683, 2.5757, 1.8193, 3.0369, 2.3667, 1.1807, 2.5801,-2.379 ,-1.879 , 1.0228,-1.7364,-0.2022]
[ 1.1504,-2.5156,-3.4477,-2.6317,-1.5328,-1.1359,-2.8734, 1.3663, 2.9322, 2.7814, 1.7145, 2.1426, 0.846 ,-0.1515, 2.5016, 1.5084]
[-4.784 ,-5.1243, 2.08  , 0.6933, 1.6571, 1.6987, 2.4422, 1.0748, 1.4612,-0.3225, 0.6473, 0.8665,-2.5546,-2.869 ,-0.1908, 0.1533]
[-5.2884, 2.1889, 3.855 ,-0.4635,-2.63  ,-3.0857,-0.2686,-2.0068, 1.2148, 2.6339, 0.9407,-0.6357,-0.192 ,-0.6561, 2.9802,-3.    ]
[ 2.11  , 0.8721,-0.6162,-1.5389,-1.9399, 2.2008, 0.215 , 0.6096, 1.2723, 0.1093,-3.034 ,-1.5075,-2.055 , 2.3248,-1.4143,-2.9005]
[ 1.3458, 5.123 ,-0.3568, 0.8555,-0.4089, 0.9381, 0.6103,-1.0475, 0.7783,-1.0322, 0.1702,-0.1044,-2.3913,-1.9392, 3.0177,-0.7747]
[ 1.5717, 2.2717, 2.4145, 2.5654,-3.0344, 1.8734, 0.1683,-1.2802, 0.9547,-0.6259, 2.9448, 1.5531,-2.4324, 1.8665,-0.5942, 1.4838]
[ 3.4412,-5.0486, 0.2492,-2.6439, 1.8772,-0.1742, 0.0961,-1.0329, 1.1041, 2.2073, 1.5005,-2.5984,-0.2992, 0.9856,-1.8663,-1.9419]
[ 3.8229, 3.8937,-2.887 , 1.5451,-2.5661, 1.4272, 2.6797,-1.4127,-1.4895, 0.7961,-1.8286, 1.5705,-2.8103, 2.7631,-0.2662,-0.9859]
[ 4.2349,-0.394 , 5.4512, 2.9846,-0.2615,-1.258 , 1.7022,-2.3878, 1.8685,-0.872 , 1.3792,-2.2703, 3.0223, 0.8321, 2.3915,-0.6802]
[ 5.0686, 3.5299, 3.4582, 2.7444, 0.1314, 1.8962, 0.393 ,-1.8583, 0.8245,-0.7826,-1.9467,-1.9688,-2.2403,-2.4232,-3.007 ,-1.7454]
[ 4.3249, 1.0977,-4.4763, 0.6718,-2.7834, 2.1258, 2.4688,-1.0674,-2.2772,-0.6408, 1.8245, 0.5993,-2.4038, 1.1825,-1.5231,-1.0987]
[-0.7052,-4.4728,-1.887 ,-1.2335, 1.4666,-0.3939, 2.1428,-0.6581,-2.1561, 0.1033, 1.9554, 2.7057,-2.9458, 0.4676, 1.3084,-2.1457]
[-2.6599,-1.939 ,-1.3953, 0.6726, 3.0515, 0.5882,-2.6564,-2.2582, 1.3706, 2.8919, 1.3052, 3.1048,-2.3503, 1.225 ,-0.8151,-0.822 ]
[ 5.1875,-4.109 , 4.4722, 2.255 , 2.2832, 1.5164,-2.7706,-0.4713, 2.0834,-0.5005, 2.0231, 1.5326,-1.5644, 0.8657, 0.72  , 2.4138]
[ 1.3025, 1.5347, 4.2655, 2.7006,-0.2442, 2.0921, 1.5889, 2.7712,-1.8715, 3.032 , 0.5623, 1.8276,-0.2775,-2.0713,-2.4974,-2.0734]
[-2.5796, 3.5198,-0.9987,-0.7504,-1.7925,-1.4364,-0.6274, 2.0462,-0.6672, 1.1516,-2.8926, 0.7707,-2.4374,-2.6159,-0.8553, 0.2432]
[ 3.4967, 0.7155,-1.3856, 0.7619,-3.0863,-0.0806, 1.6569, 2.0435,-2.5563,-0.5031,-3.0569,-0.8791, 1.4679,-0.7399,-2.5797,-1.5187]
[ 3.0926, 2.0037,-0.9202, 0.6931,-1.609 , 0.1005,-2.7138,-1.4504, 1.9313, 0.2455, 3.039 ,-2.8584,-2.4785,-2.1135,-3.1024, 3.0735]
[ 0.1859,-2.4543,-2.2678,-0.3217, 2.5684,-2.1492, 1.1259, 2.2108,-1.4893,-2.3047, 2.6796,-0.8999,-1.1219,-2.8478,-1.4042,-2.7342]
[-0.2385,-0.288 , 2.747 , 2.9532,-2.5638, 2.1291, 0.5338,-0.0351,-2.8353, 1.311 , 0.1068,-1.7884,-0.8727,-1.1993,-1.9441,-2.7385]
[ 3.3283,-2.5753, 2.0835,-1.0949, 1.676 , 2.3633, 1.8419, 2.8112, 1.9051, 3.0396,-1.5165, 2.5232,-2.75  , 2.7   , 0.6506, 1.3984]
[-3.2803,-4.2286, 4.4835, 0.9397, 1.2972, 2.3583,-2.6733,-0.6842, 1.5681, 3.0447, 3.0793,-2.3217, 2.3454, 0.5012, 2.8987, 1.9324]
[ 1.8247,-4.6494,-4.0905,-0.1881,-2.0877,-0.5015,-1.8253,-2.4568, 2.689 ,-0.2842, 0.9835, 1.1007, 0.3386, 1.019 ,-3.1095, 0.4054]
[ 3.7289, 1.7545, 0.7719,-0.3956, 2.1303, 1.8465,-1.72  , 0.8494,-2.5712,-1.5241, 0.3596,-2.817 , 0.0342,-2.7766,-2.6128,-2.1112]
[-4.7452, 3.3804,-4.1755, 2.7888, 1.2425, 0.7936, 2.6446,-1.1454, 2.6311,-0.0637,-1.7275, 0.4731,-0.2187,-1.8525, 1.0758,-1.4215]
[ 5.4106, 1.3944, 2.9395, 1.2582, 0.0379,-0.9689,-2.7926,-2.3429, 0.29  , 2.7481,-2.9072, 0.6654,-2.9648, 1.6818,-2.5177,-2.1365]
[ 0.9362, 4.1793, 1.5459, 0.0751, 0.2925,-3.0834,-0.2048,-2.6878,-2.6778, 2.6017, 3.0469,-0.2623, 0.4914, 1.7321, 0.0566,-1.2624]
[-2.762 ,-2.5919,-1.9298, 0.4867, 2.1806,-2.0017, 2.2313,-1.3858,-2.0031, 2.8445,-2.177 ,-1.4569,-1.3891,-1.0729, 1.6466, 0.5585]
[-2.6842, 0.2381, 4.5373, 1.856 , 1.1497, 2.6868, 2.4848, 0.9231,-1.6812, 2.5602, 2.4029,-1.3714, 2.7174, 3.0617, 0.2385,-0.6763]
[-4.4592,-0.8821, 2.0774,-2.329 , 1.7987,-1.8303,-2.97  ,-0.8464,-0.9689,-0.6772, 2.5056,-2.6826, 1.685 , 0.7094, 2.696 , 1.599 ]
[-5.3668,-0.2603, 2.2592, 0.9807,-1.8521,-2.5541, 1.1119,-0.1554,-2.2653, 1.2529,-0.2272,-1.2885, 1.233 , 1.7989,-2.9898,-1.9595]
[ 6.6756e-01, 2.3229e-01,-4.3505e+00, 1.6880e+00, 1.3231e+00,-1.0221e+00,-1.9073e+00,-1.3159e+00, 2.8108e+00,-1.5501e-03,-3.9148e-01, 2.9241e-02,-2.5961e+00, 2.4996e+00, 2.8646e-01,-7.8725e-01]
[-1.8333,-0.2844, 5.3817,-0.1685,-2.1764, 0.8047, 1.9418,-0.3475,-0.2111, 0.2713,-0.5658,-2.0403, 1.4713,-1.252 , 2.0944, 0.2686]
[ 4.1484, 0.634 ,-1.7459, 1.813 ,-2.238 ,-2.2225,-2.5065, 1.1942, 0.6128,-2.1951,-1.0661,-1.0214,-1.8166, 0.651 ,-3.086 , 2.0179]
[ 4.1553, 0.607 ,-0.8509,-0.4597,-0.7367, 0.1049,-0.7257, 1.3249, 0.5731, 0.8682, 2.9212, 2.1037,-0.9451,-1.5656,-1.1266, 2.2838]
[ 1.2384,-1.9975, 4.4154, 2.731 , 1.2683, 0.837 , 1.0557, 1.5442, 1.485 , 2.259 ,-1.9689, 2.4987,-1.4723,-1.8008, 2.0944,-1.5299]
[ 0.5976, 2.081 ,-2.0962, 0.0637,-2.9504, 1.5718, 1.6614, 1.1896, 2.4765,-1.1496,-1.0523, 0.4555, 2.3777, 1.2815,-2.5689, 0.9655]
[-0.1068, 1.1066,-3.4555, 2.035 ,-1.5205,-3.1236, 2.2085, 2.4634, 3.1144, 2.761 ,-1.8517, 0.8286, 1.7244, 0.3893,-1.1444, 2.0097]
[-2.5024, 4.4284, 1.4403,-1.6711,-1.5395, 0.934 ,-1.9484, 0.7571, 1.8526,-1.1345, 3.139 , 0.3661, 2.8751, 2.3534,-2.2222,-2.9386]
[-2.7102, 1.7074, 4.5133, 0.9168,-1.2019, 2.2997, 0.2793, 0.722 , 0.6676, 2.1808, 2.8534,-1.3869, 0.2921, 2.2948,-1.6615,-1.7443]
[-4.3722, 0.5146,-2.0118,-2.9248, 0.1549, 2.6384, 2.5593,-0.7539,-3.1312, 0.0567,-2.3156, 0.3618, 2.7703, 2.3876, 3.0596,-1.7593]
[ 0.152 , 0.1787,-4.8438, 2.9967,-2.2083, 1.7883, 3.0246,-0.372 , 2.4836, 1.4501, 0.8618, 3.058 ,-0.8888, 0.0936, 0.2173,-1.9333]
[ 0.1354, 3.4153, 1.3691,-2.4345,-2.3971,-1.1338,-0.0567, 2.865 ,-0.5971,-0.2397, 0.4222, 1.1287,-2.7227,-3.0424, 0.3051,-2.7395]
[-3.7142,-5.037 ,-4.0798,-1.6496, 1.5734, 1.2971, 0.1305, 1.7778,-1.515 , 1.8357, 1.2215,-2.2655,-0.9263,-2.2362, 1.0207, 0.5601]
[-4.1842, 1.273 , 1.2594,-1.1894, 1.2461, 1.1659,-2.3484, 2.7572, 2.518 ,-2.3883, 2.3281,-1.9687,-0.9726,-2.2881,-0.16  ,-2.643 ]
[-5.2378,-3.734 , 4.8133,-0.4991,-0.9811, 2.4652, 0.3641, 1.1811, 0.2005, 2.444 , 1.0835, 0.1256, 0.1085, 2.2741,-0.2288, 1.881 ]
[ 0.3503, 0.3539, 4.102 ,-1.7505,-2.007 , 2.5118, 0.4782, 3.1299, 0.6384, 0.2838,-0.3463,-0.2147, 2.6622,-1.6801,-0.0441, 2.5832]
[ 0.7871, 3.8012, 1.7422,-1.6338,-0.8863, 2.1197,-2.2657,-0.8518,-2.0795,-0.8599,-0.0675, 2.0299, 2.513 ,-2.2246, 2.448 , 1.6512]
[ 4.403 , 1.8612, 2.6477, 2.5235, 1.0195, 0.9149,-0.1331,-1.138 ,-1.0837, 0.8835,-0.9391,-1.7522, 2.1341,-2.6044, 1.8701,-0.0546]
[-3.2831,-1.5574,-2.0155,-1.2746, 1.1285, 1.9147,-2.2256,-3.063 ,-0.3615, 0.3203, 2.8457,-2.8186,-2.6629, 1.9806,-0.6064, 0.9254]
[ 3.8496, 0.6631, 1.8455, 1.7877, 1.5099, 1.3291,-2.3792, 2.3412, 2.9652, 1.1182, 2.6289, 2.9247, 2.014 ,-0.2189, 1.9544, 2.3254]
[-4.4912, 4.5068,-3.571 ,-0.7818, 0.9946,-1.4291,-1.6193,-0.9191,-1.3945,-1.075 , 1.5807,-0.2474, 0.6524,-0.6827,-2.1994,-1.9838]
[-3.56  , 4.6291, 2.0446, 2.8568, 2.3706, 2.2666,-1.3918, 2.2845,-1.9185,-1.9836, 2.1376, 0.5493,-1.9965, 1.984 , 1.0367,-1.1856]
[-4.8784, 1.2187, 3.8218, 2.8927, 2.9649,-3.0625, 1.8465, 0.7053,-2.3379, 0.0632, 0.5898,-0.1892, 0.527 ,-1.4694,-0.9613,-1.6403]
[-0.7954,-2.1613,-4.7695, 0.2863, 0.5615, 2.4444, 1.8088, 1.523 , 2.9765,-1.1302,-0.0873, 2.7025,-2.4701,-0.0526, 0.4306,-2.1072]
[ 2.1002e+00, 5.0416e+00,-1.7231e+00, 7.2055e-01,-2.9451e+00,-7.0345e-01, 3.4020e-01, 2.6254e+00, 2.2951e+00, 2.7588e+00,-6.3590e-01,-2.9782e+00, 1.4708e+00,-7.7151e-01,-1.0712e-03, 1.1444e+00]
[-5.0763,-2.0526,-0.6517,-0.9803, 2.3371,-2.12  ,-0.7255,-0.9608, 1.8065,-0.9804, 2.1195, 2.1769, 3.138 ,-1.3367,-1.0991, 2.4077]
[ 0.1403, 3.4478, 3.148 ,-0.2502,-0.606 ,-0.4137, 2.206 , 0.7192,-2.6896,-2.7799,-2.8119, 0.6503,-2.7689, 0.0863,-3.0195,-1.1561]
[-2.6379, 0.3002, 1.5479,-1.9204,-1.9462, 0.0054, 0.5285,-1.0878,-2.9097,-2.432 ,-1.7553, 1.3904, 2.9278,-2.3988,-0.8577,-0.7729]
[ 4.9   ,-1.0767,-3.6558, 1.6286, 1.439 ,-0.9609,-1.2803, 1.12  , 1.4998,-0.8327,-0.643 ,-2.9261, 2.4   ,-0.0786,-0.269 , 1.6217]
[ 2.1259, 0.5757,-4.4891, 2.9719, 0.4497,-2.1842,-1.2368,-3.0712, 2.4056, 2.7994, 1.7999,-1.9806, 1.2106,-2.338 ,-1.9078, 0.8668]
[-2.5535,-3.1603, 3.2004,-0.4574, 1.2945, 2.2965, 2.4204,-2.8627,-0.8902,-1.7858,-0.17  ,-1.1721,-1.3127,-0.4936, 2.9047,-0.4061]
[ 4.9684, 1.4657,-1.3276, 1.4216, 2.4401,-2.9615, 1.9895,-2.5568,-1.1781, 0.8046, 0.1696, 2.3762, 0.8947,-0.8261, 2.6951, 2.002 ]
[ 0.2533,-1.926 ,-0.1455,-0.2202,-1.1714, 2.6869, 2.957 , 2.2247,-3.0419, 1.7305,-2.2744, 2.7794,-2.6467, 0.1298,-2.737 ,-0.1827]
[-3.6869,-2.7566, 3.9618, 0.2994,-0.1032,-0.2319, 2.7673,-1.6434,-2.0978, 2.4274,-2.2957,-0.7985,-1.4362, 2.5006, 2.0671,-1.2441]
[ 3.7845, 3.4357,-1.4524,-0.1221, 1.312 ,-2.1861,-3.0025, 1.0707, 2.6302, 1.6579,-0.0495,-2.6095,-2.9641, 1.0364, 1.9709, 2.8836]
[-0.8123, 1.0341, 5.3243,-2.5247,-2.1226,-2.1744, 2.8598, 2.9097, 0.8214,-1.8258,-2.9992,-0.1931, 0.8495,-0.0599, 2.2382,-0.0208]
[-4.1604e-01,-3.9342e+00, 5.3657e+00,-2.4349e+00, 5.5203e-02,-2.3202e-03,-2.8361e+00,-8.1684e-01, 2.6803e+00, 2.0947e+00,-9.6787e-01, 7.4758e-01,-2.1926e+00,-1.6470e+00,-2.8670e+00, 3.9058e-01]
[ 5.3684,-2.0984,-2.5129, 2.2089, 2.1791, 2.6469, 1.2667, 2.3636, 1.2068, 0.0176, 1.3056,-1.2051, 2.7598, 1.8659,-2.474 , 2.232 ]
[-2.3502, 3.7376, 3.0512, 1.4208, 3.1029, 0.9815,-2.8804, 1.2859,-1.2251,-1.5379, 2.3689, 2.3221,-2.9279,-2.3259, 0.4899, 0.6537]
[-4.5394, 1.4192,-2.1313,-2.8551,-2.3168,-2.3605,-0.1865,-0.1064,-1.2719,-0.9455, 0.2048, 2.9366,-2.285 , 1.8758,-2.1582,-1.6572]
[-0.3344,-5.4937, 4.872 , 1.0168,-2.885 , 2.6084,-1.4791, 0.783 ,-2.2838,-2.9818, 1.75  , 2.0706,-1.0021,-2.0615,-2.3487,-0.7891]
[-0.5184,-5.3303, 3.9683,-1.1467, 2.6436, 1.0947,-0.496 ,-1.9054,-2.5105, 1.4044, 2.1956,-2.7439,-0.7217, 0.6312, 2.1496, 3.0597]
[ 0.0579, 1.5311, 2.1408, 2.9944,-0.2342, 0.5688,-3.0243, 0.444 , 0.5516, 2.0581, 0.1978, 0.0308,-2.0785,-0.4152, 2.7542,-1.8776]
[-2.1309, 4.5225, 1.9764,-2.9311,-0.2813,-2.563 , 0.8554,-2.3271,-0.9959,-0.0117, 1.1817, 0.3672, 2.2528, 0.5564, 0.5644,-2.6817]
[ 0.8864,-0.7802,-4.9824,-1.9866, 0.2949,-0.7752,-0.4374, 1.6879, 0.1393,-0.6968,-0.8594,-1.8909, 3.0615, 0.6742,-2.0808,-2.854 ]
[-4.2796, 2.1918, 1.3248,-1.0389, 0.8191,-2.6022, 1.168 ,-1.1455, 3.0947,-1.5856,-1.9321,-0.7539, 1.1461,-2.4186, 1.495 , 0.0942]
[-3.5868,-2.4016, 3.947 , 3.0359, 2.0707,-2.6858,-1.3348, 0.7925, 1.8401, 2.6124,-0.3317, 1.0107, 1.7591,-0.6954, 2.524 , 2.9563]
[ 3.8522, 2.5116, 5.1481, 2.1718, 1.8432, 1.3346,-0.723 , 0.5298,-0.5624,-0.8357, 1.4544, 1.0833, 3.0267,-2.1572,-1.2055,-1.7547]
[ 2.9459, 3.2191,-3.979 ,-1.8393,-2.4353,-2.1877, 0.9971, 2.5397, 2.6994,-1.2999,-0.4067,-0.5534,-1.7925,-2.4685,-2.5096, 2.8488]
[-4.6072,-3.0403, 1.1756, 0.6794, 0.9335, 1.8806, 2.9222,-0.735 ,-0.3621,-2.361 , 0.0152, 2.4114, 0.4251,-0.3331, 1.6017, 2.4008]
[ 4.3979, 1.1692, 3.4062, 2.9161, 1.8822, 0.752 ,-2.1802, 1.4511, 2.9302, 2.3971, 0.0635,-2.3552, 1.9684, 1.0827, 1.3536, 1.0835]
[-5.3351,-1.1767,-5.2722,-0.1773, 0.9666, 0.7055, 2.7447,-0.381 ,-0.7783, 2.2204,-2.5687,-1.7306,-0.8316,-0.2233, 0.3948, 1.8477]
[ 0.2718,-0.521 , 3.1185,-0.6122,-2.2639,-1.8296,-2.6159,-0.1321,-2.6176,-2.4354, 1.4582,-0.458 , 2.6865,-1.5191, 0.3513,-2.3665]
[ 1.5691,-0.8595, 1.743 , 1.9086,-1.0929, 2.4687, 2.4794,-0.9469, 0.1865,-0.1569, 0.8707,-2.3329, 1.6814,-0.4439,-0.2299,-0.5659]
[ 4.5412,-4.1195,-4.3168,-2.1009, 2.679 , 2.5502,-2.3403,-2.7305,-0.7556,-2.8573,-1.4225,-2.5768,-1.374 , 2.713 , 0.2194,-1.0579]
[ 2.9048,-0.2461, 5.3145,-2.6895,-2.3736, 2.2551,-0.5443,-2.0643,-2.9436, 1.3592,-1.2822,-1.9053,-2.6828,-0.5357, 0.0083,-1.1075]
