[ 2.9524,-2.3196,-2.1395,-2.9311,-0.7521,-1.5028, 2.0892,-1.2535, 2.9472, 2.3201, 1.6762, 1.5919, 1.5056,-3.0512,-1.843 ,-2.5442,-3.0036, 3.0311,-2.7552, 2.1308,-0.7522]
[-4.3775,-0.7001, 3.1953, 0.5107, 2.1414,-0.966 ,-1.2375,-2.4281, 1.0062, 0.2457,-0.4729,-2.0112, 3.1334,-1.454 , 3.0977,-0.2491, 0.4642,-2.3279,-2.5186,-1.1309, 3.1173]
[-1.5537, 0.1844,-0.2055, 2.9927,-0.8025, 0.3007, 0.2575, 1.8041,-1.6065, 1.8648,-2.7979, 2.6157,-1.8892,-1.8517, 2.0038, 2.6084,-2.5379, 0.19  , 0.2672,-2.8189, 0.6787]
[ 2.8667,-1.1051,-5.2994, 0.5781,-2.3222, 2.6183, 0.1326,-1.4625,-2.2331, 0.8571, 1.4184,-0.476 ,-2.8462,-2.5434, 2.8173, 1.7712,-1.7438,-2.5268, 1.0962,-2.0498, 2.0939]
[-1.2005e+00, 4.9930e+00,-2.9575e-02,-7.0469e-01,-2.5307e+00,-5.3067e-02, 1.6785e+00,-1.6162e+00, 7.4952e-01, 2.2151e+00, 9.7693e-02,-6.3132e-01, 2.4339e+00,-1.6443e+00,-4.8796e-03, 1.5242e+00, 1.3109e+00, 8.9417e-01, 2.8234e+00, 2.4184e+00, 1.2566e+00]
[ 2.2105,-4.6615, 1.118 ,-1.2494, 1.0871,-2.3633, 2.5247,-2.854 , 0.4201, 3.0375,-0.7484, 0.8918, 1.7746,-2.1519,-0.9884, 0.4879,-2.0441, 0.4462,-2.7915, 0.9842,-2.4991]
[-2.2821, 5.4448, 3.7392,-0.3556,-0.2007, 0.329 ,-1.3017, 2.0432, 0.3397,-2.1028, 1.1334,-2.7708, 0.1599, 3.0436,-1.0386, 1.0195, 0.9534,-2.7362, 2.4175, 0.0587,-0.9825]
[-0.4258,-2.6723, 2.8346, 1.8664, 0.0654, 3.0551,-0.0622, 2.1337, 2.7654,-1.9569,-1.2747, 2.4459,-3.1061, 1.6676, 1.6372, 1.7567, 1.618 ,-2.2512,-2.6205,-1.3293, 2.079 ]
[ 1.0506, 3.6501, 0.3874, 1.989 ,-2.5663,-2.2269,-0.5399,-3.0785,-2.074 , 0.1106,-1.4467,-1.3948,-0.831 , 0.0068, 0.2915, 3.0746,-1.8929,-2.6008, 1.8742,-3.0267, 2.7786]
[ 2.0361,-1.3565,-3.17  , 1.7329, 0.9501, 1.6836, 2.0284,-2.5515, 0.0505, 0.2446,-0.6378,-2.0335,-1.9494,-2.6276, 0.2916, 1.8735, 0.3879,-2.7874, 1.2852,-1.1135,-1.7232]
[ 3.3616, 0.2203,-4.0133, 2.5107, 0.8913,-0.1446, 1.1513,-2.0678, 0.7413,-3.0316, 0.8671, 2.5479, 2.5301,-1.0591,-1.8094, 0.2144, 0.6469,-1.0622,-3.1038, 1.9737, 2.3397]
[-5.1201,-4.9127, 4.7252, 0.2432, 1.9495,-2.6802, 1.5263, 3.135 , 2.3245, 1.1661, 0.0964,-2.1415,-1.3929,-0.6165,-2.1876, 2.4656,-2.0945,-0.5698,-1.8976,-1.9689, 2.7226]
[ 4.9513, 3.9849, 0.2185, 2.9487, 2.8842, 2.697 , 1.6619,-0.4761,-2.2029, 1.7496,-1.163 , 0.2303, 0.0547, 1.1144,-0.0105,-2.3183,-1.4735,-0.1626,-0.4165,-0.5026,-2.6149]
[-0.6573, 4.5629,-1.8133, 2.9281,-2.5069,-1.0097, 2.0198, 1.9028, 2.9858,-2.1795, 1.613 ,-1.7755, 0.4637, 1.639 , 2.4397, 2.9367,-2.6928, 0.6256,-0.709 ,-1.1479,-0.687 ]
[-2.6788, 4.9022,-3.1601,-0.0757,-1.0206,-2.3867,-0.1923, 1.0687, 0.5675, 1.6649,-2.7378, 1.9543, 1.9792, 0.5809,-1.8612, 2.459 , 0.4029, 2.7549,-1.6994, 0.7018, 1.193 ]
[-3.5721,-3.5083,-3.2272,-1.0992, 1.3665, 0.0114, 2.3057,-2.0061, 0.0916, 1.3824,-0.9413,-2.6107,-2.9025, 2.8066,-0.5613, 0.1014,-0.8552,-1.4272,-2.9988, 1.0917, 0.7762]
[-1.7914e+00, 2.5430e-01,-5.8618e-01, 6.1543e-01, 2.5808e+00,-2.5858e-03, 1.8533e+00, 2.1980e+00,-1.9188e+00,-1.2354e+00, 7.3014e-01, 1.1517e+00, 4.8515e-01, 1.2510e+00,-2.1172e+00, 2.8678e+00, 1.8706e+00,-1.0363e+00,-1.7864e+00, 6.0542e-01, 3.0174e+00]
[ 1.886 ,-4.6174, 2.9186, 2.8104, 0.3788, 3.0017,-1.7538,-2.8598,-2.1614,-2.8057, 2.0021,-0.2555, 0.7701,-2.8286,-2.6985,-2.424 , 1.0006, 2.7972,-0.6455,-0.8757, 2.1121]
[ 4.7422,-3.2073,-5.194 ,-1.288 , 1.6418,-2.7166,-0.423 , 1.2523, 0.2848, 2.0245, 0.3635,-0.3012, 2.3763,-2.4527, 2.6863, 0.2325,-1.4957,-3.0831,-2.4301,-1.9045, 1.5927]
[ 4.929 ,-4.2783,-0.4835, 1.3995,-0.5757,-2.4055, 1.3301, 3.0893,-0.8345, 1.8724, 1.9119,-2.0147, 2.3917, 2.0872, 1.5454, 1.322 ,-0.354 ,-0.4108,-1.5009, 0.8096, 2.5554]
[ 4.1215e+00,-5.3519e+00,-5.1668e+00,-1.1413e-01, 8.3485e-01, 2.6520e+00,-2.0350e+00, 1.7652e+00,-1.9691e+00, 1.5030e+00, 1.1651e+00,-2.7446e+00,-1.8943e+00, 4.5544e-03, 1.0978e+00, 2.0528e+00, 1.5960e+00, 9.6280e-01,-1.6665e+00,-7.6627e-01, 2.4280e+00]
[ 5.2694,-1.6838, 0.1351, 1.3741, 1.2213,-0.9244, 2.2892,-0.6513,-0.4299, 0.01  , 0.3681,-1.3022,-1.5084,-2.831 ,-1.6304,-0.9696,-0.8313, 1.0944,-2.4205,-2.744 ,-2.3345]
[ 3.9751, 1.8832,-5.3389,-0.4722, 1.3886,-2.974 , 1.2551,-1.915 ,-1.9599, 1.4627, 1.1229,-0.1476, 1.0053,-2.1549,-2.34  , 2.0655, 2.0219, 0.9241, 1.2364,-1.2021, 1.6417]
[-1.4857,-3.7513,-4.4452,-2.8181,-1.0507, 1.3634,-2.6216, 2.3942, 2.3218,-0.072 ,-0.9742,-1.009 ,-2.8563, 0.2205, 0.5597,-0.4088, 2.4699, 2.3219, 1.2769, 0.1884, 2.7765]
[ 3.9208, 4.3639,-0.2938,-2.6875,-1.2898, 2.4873,-0.321 ,-2.5569, 0.4065, 2.6982, 2.5499,-1.6402, 0.3362,-2.04  , 0.0206,-2.993 ,-1.5228, 2.5672, 2.0291, 1.3096,-2.9766]
[ 3.0188, 3.7503, 0.548 , 0.3253,-1.8118,-0.964 , 2.0692, 1.2447, 0.6065, 1.3407,-2.2826, 0.5382, 1.2228,-0.0384, 1.1697, 2.3489,-2.548 , 3.0704, 1.8252,-2.4195, 2.116 ]
[ 3.2034,-0.537 ,-3.8215,-2.2008, 2.9177, 1.2655,-1.8631,-2.1572,-0.8463,-2.323 ,-2.8875,-2.3933, 0.7796,-1.0423,-0.3313, 1.4838,-2.7019,-2.4733, 1.7858,-2.8149,-2.7176]
[-3.2231, 3.0677, 5.3738,-2.8557, 1.2624, 0.7353,-0.3474, 1.6769,-1.2148,-1.618 , 2.1499, 2.057 ,-2.9672, 1.7568, 2.3715, 1.0195,-2.9545,-3.1014, 1.123 , 1.0955,-2.4417]
[ 1.3762, 1.5634,-1.1709,-2.9299,-2.2134,-2.5985,-1.6549,-0.0423,-2.0326,-1.5801,-1.618 ,-0.8885,-2.1186,-2.72  , 0.269 ,-0.3772, 2.3567,-2.8105, 0.0609, 0.4612, 3.0235]
[-0.0357,-2.2302, 4.6599, 2.2906,-0.252 ,-2.786 ,-2.8585, 0.3854, 1.5869, 1.9715, 0.4774,-1.8015,-2.1426, 2.1348, 3.0399,-2.008 ,-2.0136,-1.6869, 1.277 , 2.8527, 0.5082]
[ 3.127 , 0.9717, 3.2454, 1.8058, 0.6737, 1.3353,-0.0052, 2.1246,-2.1097,-0.451 , 2.6053,-2.512 , 2.3387,-2.8599, 2.8189,-1.9193,-2.8967,-0.4171,-0.8059, 1.2923, 2.224 ]
[-3.6859, 4.49  , 2.8477,-1.2175,-1.2002,-1.9871,-0.8782,-3.1171,-0.0955, 2.3057,-0.1431,-0.9271, 3.0336, 2.7366, 2.1745,-1.3353, 1.9064,-3.0727, 2.6474, 2.4335, 1.288 ]
[ 4.2017, 4.4344,-1.8288, 1.0556, 1.163 ,-2.141 ,-1.2993, 2.7203,-2.4776, 1.9513, 0.5287, 0.3489,-0.5231,-1.06  , 2.2803, 1.2184,-0.8049,-0.0422, 1.9219,-0.3545,-2.0241]
[ 4.256 ,-3.0967, 1.4261,-2.1779,-1.2977,-1.0604, 2.5698,-0.2955, 2.677 , 2.5629, 1.6415,-0.1777, 0.7246, 1.14  ,-1.9117, 2.7019, 2.6357, 0.5618,-1.9079, 0.0834,-1.3731]
[ 4.5111, 3.7061, 1.9323, 1.3477,-2.2345,-2.5387,-3.0891, 0.5419,-0.0851,-1.1201, 0.4047,-0.9468, 1.1542,-1.3178, 0.3284,-0.3942,-0.9156,-2.1623,-0.2179,-2.6364,-2.5814]
[ 0.1041, 4.8607,-2.4282,-1.9467, 0.1996, 0.0693, 0.536 , 0.4384, 1.3264,-0.2961, 0.913 ,-0.7819,-0.516 , 2.3488, 1.5203, 0.16  , 1.3036, 0.6114, 2.5113,-1.8633,-2.5122]
[ 3.9505,-2.1883, 2.8624,-1.7065,-0.2113, 0.4886, 0.1352,-0.4637, 0.0772,-1.536 , 2.4724,-1.8081, 1.531 ,-1.9258,-2.3683, 0.1893,-0.2559, 0.4166, 0.5094, 2.6537, 1.6551]
[ 0.7641,-4.1055,-5.0172, 2.9343,-1.6489,-2.2553,-2.6032, 0.5373,-1.4646,-1.7583,-2.5992,-2.768 ,-1.7009, 2.0807,-1.2391, 2.9049, 2.5167,-0.061 , 1.6275,-2.5124,-3.1341]
[-4.1366, 0.1279,-5.0366, 1.0038, 1.0045,-0.2506, 0.9496, 1.9472,-2.4494, 0.5043, 2.2249,-2.8127, 2.7376, 2.1308,-2.1481,-1.3823,-1.4161,-2.9425,-0.3377, 0.6352,-1.3399]
[-1.8966, 5.4553, 3.8389,-0.5345,-0.2564, 3.0507, 0.9266,-2.1918, 2.5653,-0.4451,-1.3415,-1.155 ,-1.0706,-2.7152, 1.1899, 2.2084, 3.1224,-0.7819,-3.0005, 0.1317, 2.0672]
[-4.4385, 2.4153,-4.2263, 1.5158,-2.557 ,-1.932 ,-1.3999, 2.0751, 1.5267, 2.66  , 1.1496, 0.6227,-2.1265, 0.7163,-2.4213, 1.6376, 0.5277,-0.791 ,-2.298 ,-1.3406,-0.2455]
[ 0.5855, 3.0251,-3.6417,-0.5199, 0.0222, 1.3453,-2.3809,-0.8876, 1.8982, 0.0827,-2.6291,-0.8676,-0.5961,-1.6199,-1.0338,-1.46  , 2.7889, 0.4999, 2.6797, 0.5756,-0.4072]
[ 4.2306,-2.2025,-1.8092, 0.8643, 2.4889, 0.0986,-1.1183, 1.9991, 1.808 , 0.0567, 2.896 ,-1.163 ,-1.9945, 1.9288,-0.8097, 2.8991, 0.018 ,-0.812 , 0.5572,-1.334 ,-2.7378]
[ 2.9743,-0.8862, 0.7697,-2.8451, 3.1065, 2.5931, 1.719 ,-0.6454,-2.9472, 3.0771, 2.4753, 2.2065,-1.3285,-2.2815,-1.5097,-2.4958, 1.4865,-2.1882, 0.1303,-0.0946,-1.9619]
[ 3.2096, 0.8439, 2.113 ,-2.0089,-2.9722, 2.292 ,-2.142 , 1.3979,-0.5228,-2.2058,-0.544 ,-2.7876,-0.0113,-2.4383, 2.1762,-1.68  ,-3.03  , 0.3156,-2.5925, 0.1208, 0.3098]
[ 3.4925, 0.6254,-1.2001,-2.1762,-1.6716,-0.827 ,-2.1768,-1.8523,-1.6135,-1.7261, 2.4051, 1.6629,-0.4468,-3.0124, 0.1253, 1.4882, 1.5779,-2.2576,-1.3828,-1.904 ,-2.8939]
[-4.4075,-3.5045, 0.8526,-1.7598, 0.6722,-0.9641, 0.3282,-3.0909, 1.0505,-2.7717, 3.0088,-0.9131,-0.384 , 0.2319, 0.8507, 2.1322,-0.6139,-1.9551,-2.6033,-0.0799,-2.1854]
[ 1.1259, 2.5424, 1.3266, 0.242 , 1.2731, 0.3332, 3.0661,-1.52  ,-3.0931, 3.1294, 2.3215,-1.9702,-3.1116, 0.4813, 0.892 , 1.065 ,-1.843 ,-0.5378,-1.1724,-0.7961,-1.9036]
[-4.2357, 1.9036,-5.1971, 2.1832, 0.9004,-1.6556,-1.5737, 0.8341, 1.7434,-1.9594, 3.1364, 0.6823, 1.9516,-0.4312,-2.1642,-1.2455, 1.5433, 2.8771,-2.9685,-2.4108,-1.4283]
[-4.3991,-1.8351,-4.42  ,-2.1139, 0.1892, 1.6406,-0.095 , 1.6908,-1.3921, 2.3341, 2.194 ,-2.2329,-1.7671, 0.8948,-0.0211, 0.3144,-2.5717, 0.5948,-0.53  , 0.9954, 2.8225]
[-5.2401,-4.3402, 0.7408, 3.0824,-1.6065, 1.5007, 0.3701,-0.735 ,-0.1569, 2.0119, 0.9299, 0.0203, 1.9549, 0.0293,-0.9486,-2.0387,-1.9959,-0.6783,-1.8999,-0.1438,-0.6786]
[-0.1468,-0.372 ,-3.2287, 1.2248, 0.2203,-1.1628,-2.9777,-1.1638,-2.1773,-0.4506,-1.1703,-0.7618, 0.8009,-0.2082,-2.8096,-1.3925, 2.2459, 1.5125,-0.6199,-0.8016,-0.5113]
[ 3.1798,-0.8148,-5.163 ,-1.0378, 1.3025,-2.6137, 2.9417, 2.1307, 0.015 , 0.7658,-0.2494,-2.2493, 1.6508,-0.2857,-0.1432, 0.8349,-1.3392, 0.679 ,-0.232 ,-2.0733,-0.809 ]
[-5.2985,-1.6295,-1.818 , 1.6628, 2.3899, 1.3717, 1.1241, 0.4191, 2.7134,-1.3999,-2.6457, 0.486 , 2.0636, 1.8301,-2.704 ,-0.8358, 1.1526, 0.5203, 1.7698,-0.0727, 1.8935]
[ 5.0828, 2.8179, 4.8909,-0.0863, 3.0928, 2.35  ,-1.8591,-0.833 ,-1.6458, 3.0609, 1.9352,-2.3799,-2.4972,-0.0729, 0.8635,-1.4955,-0.0541, 2.5259, 2.323 ,-3.1013,-1.1141]
[ 2.9697,-0.5066,-3.9234,-2.7786, 1.9233, 2.9291, 0.2746,-3.0547,-2.5842,-0.5905, 0.5319, 1.0444,-1.2404,-1.0082,-0.9196, 2.6828, 1.2688,-2.3082, 1.2305, 0.586 ,-1.3072]
[-4.9546,-3.0959,-0.3316, 1.7151, 0.4806, 1.6835,-0.1551, 2.2581,-0.0438, 2.315 ,-1.7449, 2.2857, 0.0376, 2.26  , 3.0993,-1.4837,-0.8149, 2.5601, 0.753 , 3.0138, 2.0926]
[ 3.9804,-1.7831,-1.9735,-3.0712,-2.9347,-1.3381, 1.2057,-1.5056,-2.5171,-0.9895,-0.8513,-1.3044,-2.264 ,-0.4191,-2.7157,-2.5217,-2.5607,-0.482 ,-2.4404,-0.7754,-3.0227]
[ 5.2133, 3.3679,-3.8389, 2.5356,-1.0404,-0.4576, 1.1037, 0.0713, 2.1509,-0.8009, 0.4319,-1.2241,-0.7014,-2.2656,-2.4036, 1.3295,-0.3526, 2.6608,-1.2522,-0.0066, 2.1991]
[ 4.8098,-3.0002,-4.6968, 0.4162, 0.2213,-1.1149, 0.3848, 2.4334,-1.1657, 0.437 , 1.8404, 1.1522,-0.739 , 1.6284,-2.1618, 1.3331,-2.5079, 1.8983, 2.0342,-0.9842,-1.9214]
[-3.4281, 1.0673, 5.2404,-2.8241, 1.5668, 2.422 , 2.6669,-1.3065, 1.8774,-2.0275,-0.8635,-1.0344,-2.3494, 2.4366, 0.9759,-0.2108,-0.3414,-0.9308, 0.8253,-2.6414,-3.1314]
[-5.4702,-2.1451,-3.4868, 2.438 ,-2.4117, 2.8012,-0.1374,-3.0509,-2.3502, 2.0021,-2.0654,-0.1076, 1.3204,-2.897 ,-0.1089,-2.3272,-1.6841,-0.9105, 3.0278, 3.1107, 1.9107]
[-3.684 , 1.5838,-5.2139,-2.2341, 2.4334,-1.2824,-0.8023,-2.3141, 0.4017,-2.105 ,-2.2392, 2.8967, 1.5933,-3.0465,-1.7029,-1.7506, 0.9082, 0.4308, 2.9072,-2.1321, 1.4159]
[-1.1634,-4.4236,-3.6954,-2.6893,-0.2999, 3.0608,-1.6694, 2.3149,-2.4531, 2.953 , 0.1191,-0.1562,-0.9445,-1.2479, 2.8525,-0.6273,-2.4401,-0.4148,-1.1079,-1.8052,-1.3849]
[-1.6527,-2.1193, 1.3949, 0.3293,-0.9559,-2.1684, 1.6376, 0.4941, 0.4616, 0.3822, 1.7694,-2.3267, 3.0824,-1.4053, 2.5817, 1.1719,-1.1701, 1.1107,-2.4716,-0.4376, 0.6643]
[-4.5731,-2.9197,-3.1589, 0.9205,-2.3177, 1.9121,-2.7922, 2.6474,-1.2698,-0.8898,-1.6424, 0.9901, 1.1167, 2.5468, 0.9509, 0.7507,-0.5726,-0.2908,-2.5377, 0.2365,-2.4627]
[ 2.2877,-4.1885,-0.5435,-1.991 , 0.2535, 2.412 ,-1.619 ,-2.1562, 2.8447,-0.7027,-2.2492, 2.9921,-2.0899,-0.6627, 1.5695, 3.0348,-0.6502, 0.1214, 0.9424,-1.0915, 0.346 ]
[ 3.0492,-4.9721,-1.9814,-0.1469, 0.0803,-0.2715,-2.012 , 0.0734, 1.5766, 2.8593,-1.6694,-0.9765, 0.9534,-0.7126, 2.3831, 2.2462,-0.5951, 3.0822,-2.5451,-0.6677, 2.4486]
[ 2.7752, 1.9954,-0.671 , 1.2216, 0.0346,-1.2359, 1.2677, 1.1692, 2.544 , 2.8585, 0.1158,-2.9502, 0.5998,-0.8047, 2.8937,-0.0636, 0.7304, 0.1214, 0.4914,-1.2728,-2.914 ]
[ 2.3319, 1.4711, 4.8329, 1.3135, 0.9735,-3.0056, 0.3326,-2.7416, 1.2885, 2.1395,-0.3778,-2.4949,-1.2377,-1.9208, 1.1684,-1.4667, 0.1988, 1.4513,-0.4443,-2.251 , 3.0201]
[ 2.798 , 0.7545, 5.466 , 1.2779, 2.7708, 2.9112,-2.9784,-1.7492,-1.1374,-0.3683,-0.442 ,-2.3552,-1.8804,-2.5559, 1.9315,-1.5063, 1.4346,-2.2326,-2.3189,-1.7804, 1.5443]
[ 3.0408,-2.773 , 2.4336,-1.0169, 1.4928, 2.6379,-1.6923, 0.7254,-2.3967, 0.3506,-2.8441, 2.368 ,-2.0092,-2.4451,-2.0333,-1.4294, 2.356 , 2.6318, 0.5898,-0.2716,-1.7172]
[-2.5024, 1.2811,-0.1856, 0.0123,-1.2267, 0.5101,-0.5375,-2.2944,-1.3549, 0.8039, 1.1911, 2.044 , 2.773 , 0.1892,-1.7612,-0.6695,-2.7358,-2.6454, 0.2424, 3.1089, 2.0367]
[ 1.1592e-01,-6.3187e-01, 4.3851e+00, 2.7520e-01, 4.5875e-01, 2.9870e+00, 1.2020e+00, 2.6436e+00,-2.4128e+00,-1.7222e+00, 1.9780e+00, 2.3865e+00,-8.8554e-01, 2.4749e+00, 8.6481e-03, 1.1992e+00,-1.0333e-01, 2.6378e-03,-2.4980e-01,-1.2500e+00, 5.6694e-01]
[-4.1452, 0.2835,-1.6326,-2.0974, 2.4203, 1.5262, 1.526 ,-0.6235, 2.7298,-1.8174,-0.8738, 1.6801,-0.9433, 1.1874, 2.5599, 0.5215, 2.9871, 0.8561, 1.0232,-2.5422,-2.8876]
[ 4.885 , 2.0832,-4.1584,-1.3839,-0.1985,-1.9336, 0.0584,-1.6031,-1.0284,-3.0592,-1.5919,-1.9382,-1.4996,-0.2101, 0.5508,-0.3088,-1.8128, 0.275 ,-1.9118, 1.6131, 2.3686]
[ 3.9769e-01,-8.1670e-02,-1.7585e-03, 1.2881e+00, 1.8726e+00, 2.3643e+00,-1.5451e+00, 1.9340e+00, 2.7478e+00, 2.1219e+00,-1.6182e+00,-3.8886e-01, 2.3718e+00, 3.0257e+00, 5.8124e-01,-2.3098e+00, 6.6732e-02,-1.1889e-01, 1.5702e+00,-3.1210e+00, 1.2921e+00]
[-2.3064,-2.1767,-1.2244,-2.819 ,-0.9228,-0.4714, 2.0422,-1.6016, 2.964 , 0.1485,-2.735 ,-1.7601,-1.1527,-2.8266,-2.5255,-1.5619, 0.1414,-1.8083, 2.2266, 2.1002, 1.8743]
[ 0.7225,-0.0747, 4.8139,-2.4274, 0.8791, 2.1187,-1.434 ,-0.9621,-2.6513, 2.9007, 0.3895,-0.8863, 2.6285, 2.4127,-1.0434,-0.0922,-1.506 ,-0.111 ,-2.0344,-2.8117,-0.2681]
[ 2.2047, 2.825 , 4.054 ,-0.1556, 1.8969,-3.0024,-1.7971, 2.8218,-0.7237,-1.8914, 2.3813, 1.1627,-1.3663,-1.9914, 2.9432,-2.8578, 2.2712, 2.6859,-3.0952, 3.1098, 2.2754]
[-0.462 ,-1.2043, 3.3102, 1.9836,-2.4148, 1.1161,-2.3358, 1.4345,-1.83  , 0.3579, 2.1502,-1.6695,-2.0858, 2.2937, 2.1052,-1.8288,-1.7782,-2.437 ,-0.8871, 0.4733, 0.203 ]
[ 3.6743, 1.8183, 2.0274, 1.234 ,-1.9659,-2.0785, 1.7805, 2.2199, 0.1788,-0.0235,-2.2519, 2.6695,-0.6749,-2.7573, 1.0484, 0.2963, 0.8463,-2.273 , 1.1454, 1.7416,-1.9895]
[ 4.3197, 0.4455, 4.5352,-1.6913, 2.5687,-2.6146,-1.5231,-0.9365, 1.7368, 2.3353, 0.3715,-1.8357, 1.8269,-0.4424,-0.5048, 2.748 , 1.8543,-0.0713, 2.5335, 1.1918, 1.3222]
[ 1.8373,-0.9665, 0.5144,-0.9607,-2.3318,-2.5708,-2.5922, 0.5525, 2.0241,-0.34  , 2.9533, 0.8645,-2.9985,-1.1089,-0.6447,-0.4784,-2.6003,-0.494 , 1.0958,-1.8039, 1.1612]
[ 1.198 , 4.2572,-3.0242,-1.3684, 1.63  , 1.0887, 1.9736, 1.5893,-2.3147,-2.6834,-3.0095,-0.097 , 0.414 , 1.6583,-2.7319,-2.8591, 3.1045, 1.9988, 2.2092,-0.5157,-2.9523]
[ 2.7647, 1.1933, 2.2184,-1.0126, 1.9715,-2.7006, 2.743 ,-0.1835, 0.0855,-2.7227,-2.139 , 2.4089,-0.1574,-1.4931, 2.854 ,-0.7145, 1.9116, 1.932 , 1.0256,-2.1645, 0.8291]
[-2.5082, 3.1837,-3.7137, 2.9436, 2.5491,-1.9301, 1.7577, 1.0555, 2.7531, 1.4182, 1.0118,-0.2659,-2.198 ,-0.4085,-2.9547,-3.133 ,-1.5246, 2.3984, 2.6647, 2.6221, 1.2838]
[-5.2855, 3.7202,-2.2561, 0.1214, 0.9553, 1.8184, 2.4355,-2.9696, 2.1519,-0.4593,-0.1708, 1.9109,-0.9845,-0.359 , 0.8821, 1.8383,-2.3055,-0.6844, 2.6931, 1.3753, 3.0605]
[ 4.8652,-5.1573, 1.748 ,-1.3205,-0.4049, 2.7759, 1.7438,-2.4694, 1.2387,-1.5846, 1.6162, 2.867 ,-1.1361, 1.0437, 0.6301,-0.3394,-1.3047, 2.9734, 0.3756, 0.6716, 1.0886]
[-3.9672,-1.0308, 1.3837,-1.1755, 2.294 ,-2.012 ,-0.7926, 2.613 , 0.2496, 1.8345, 2.2963,-1.2304, 2.9362, 1.0281, 2.3288, 2.6677,-0.0255,-2.8269, 1.6728,-0.7163, 2.666 ]
[ 4.1512e+00, 2.1109e+00, 2.4728e+00,-6.6945e-01,-1.6476e+00,-1.0624e+00,-1.3030e+00, 1.7351e+00,-2.6091e+00,-1.4544e+00, 2.2284e-01,-5.1071e-01, 2.7662e+00, 2.5246e+00, 2.3518e+00,-2.4707e+00,-9.7151e-01,-3.3512e-03,-1.3003e+00, 1.7225e+00,-3.0363e+00]
[ 3.6954, 0.5813, 2.3352,-2.6399,-1.7907,-2.7221, 0.7255, 0.9973,-0.0718, 1.3395, 2.7923, 2.7717,-2.7701, 2.1296,-0.1594,-0.9805, 2.4605, 0.5665, 2.6819, 0.1622,-0.4914]
[ 5.2958, 0.5995, 1.8087, 0.1376,-3.1301, 2.0296, 0.2648, 0.7545,-1.7179, 2.3341, 2.2638,-2.6422,-2.1579, 0.7314,-0.3607,-1.1054,-1.8631, 2.0253,-2.33  , 0.3581,-2.3579]
[-2.9631, 4.9879, 4.6227,-1.0633, 0.2468, 2.212 ,-1.1117,-2.5851, 2.8202, 1.4751,-0.8537, 0.1484,-0.9926,-0.1818, 3.139 ,-3.0678, 1.4388,-1.1415, 1.9526,-1.5293,-0.8042]
[-2.8457,-0.9618,-0.1301,-0.8539,-0.9758, 1.811 ,-0.736 , 2.2511,-1.0876,-0.905 , 2.8849, 1.2262,-0.9326, 0.9216, 1.9177, 0.935 ,-2.5374, 0.0891,-1.7376,-0.2328,-1.2746]
[ 0.1381,-0.2699, 2.1219,-2.3021,-0.6741, 1.5076, 2.0678,-0.0921,-2.2958, 1.4043,-0.7749, 0.8677, 0.8288, 1.8845, 2.6683, 1.9467,-0.1047, 0.1763, 2.1662, 0.0428, 1.225 ]
[-3.1352,-0.5898,-5.4492, 2.2229,-2.4157,-1.5486,-1.12  ,-1.7475,-2.0546, 1.1505,-0.3124,-1.8233, 0.0663,-1.1595, 1.4146, 1.0543,-0.2633,-2.8243, 2.1392, 0.0362,-2.445 ]
[ 0.3274, 2.5365,-4.0862,-0.0961,-2.0562,-1.6844,-2.1072,-0.585 ,-0.6018, 1.2609, 0.2412, 0.9715, 1.1353,-0.3178,-1.88  ,-0.7498, 1.2135,-2.0812, 0.1557,-0.0308, 2.2442]
[-3.0166,-4.5011, 1.6452, 2.1484, 0.2171,-2.8829, 0.5928,-2.0704, 1.4183,-2.1004, 2.3042, 2.5389, 2.828 , 3.1029,-1.8568,-0.1115,-1.9933, 2.3249,-0.9523, 0.1623,-1.8401]
[-1.0497, 2.256 ,-2.3325, 1.4619, 0.4197,-0.7972,-2.498 ,-0.0379,-2.4717, 1.9277,-2.7415,-1.0261, 1.8658,-2.1841, 2.7066,-1.416 , 2.1193, 0.1712, 0.7565, 3.1107, 0.2345]
