[ 3.4004, 2.3145,-1.3763,-0.6141,-3.1058,-2.173 , 0.028 ,-1.8233,-0.5751,-1.7224, 1.0919, 0.7392,-2.8752,-2.5756,-2.9795,-0.9535]
[ 0.1727,-3.8806, 2.861 ,-0.4394,-1.0587,-0.5172, 2.3039,-0.4287, 2.0008, 2.1229,-1.5356, 3.1372,-2.6581, 0.3968, 2.5951, 2.83  ]
[ 5.2931,-2.079 ,-2.6369,-0.8718,-2.7374,-2.5516, 2.0148, 0.4871, 1.6081, 0.4313, 1.4302,-0.6574, 0.2406, 0.3075, 0.2552, 0.8892]
[-4.3768, 5.4482,-2.2666, 1.7869,-1.6579,-2.6366, 0.4921, 1.4016,-0.2304, 1.4441,-0.8348,-2.0556,-3.0977,-2.6552, 1.8643,-0.203 ]
[-3.4102,-0.1871, 3.0748, 3.062 , 1.5594, 1.2756,-0.0529,-0.8197,-1.0341, 2.651 ,-0.4984, 2.618 ,-2.6832, 1.2908, 1.7729,-2.4976]
[ 3.6723,-2.1619, 2.962 ,-1.9562, 1.2979,-2.9551, 3.0841,-2.9546,-1.1993,-1.5466, 2.5645, 0.0794,-2.6263,-1.7984,-2.3059, 0.2872]
[-2.5058,-4.1735, 0.077 ,-1.1568, 2.5843,-1.1902, 0.4443,-0.4671,-1.3433, 3.0653,-1.4233,-0.114 ,-1.045 , 0.7096,-2.6402, 0.1002]
[-0.9224,-3.1626, 0.7338, 1.1245, 2.9928, 2.2546,-1.7264,-2.6744,-1.8275, 1.8742,-0.0076, 2.2776,-1.1235,-0.2097,-2.1138, 2.2493]
[-0.7937, 5.1453, 4.4478, 0.6882,-0.1489,-0.3718,-0.3791,-2.3694, 1.691 ,-2.6062, 2.0459, 0.8396,-1.6031,-0.8472,-1.8515,-1.709 ]
[-0.8947,-3.5256, 3.5288,-0.3264,-0.7858, 2.2702,-2.624 , 2.3792, 2.3466, 2.9032, 2.046 , 2.6112,-3.0779, 0.2843,-2.5564,-0.13  ]
[ 2.938 , 2.9957, 1.0906, 2.6998,-2.2765, 2.6805, 3.127 , 1.1344, 3.0269,-1.0339,-0.4767, 0.529 , 0.253 , 1.5755,-1.0214, 2.8305]
[ 4.9076, 4.8761, 4.1301, 0.2668, 1.9139, 2.3652,-3.0731, 2.8335,-0.8139,-2.924 , 1.0622, 2.9677, 2.4298,-2.7869,-2.0437, 2.4408]
[-4.6005, 0.297 , 3.8088,-2.2507, 2.548 ,-0.144 ,-2.358 ,-0.157 ,-1.5628, 2.3108, 0.4052,-2.6531,-0.0912, 3.0198, 1.9052,-2.2372]
[ 2.9898, 4.4279, 2.7607,-1.6118, 0.1459,-0.5837,-2.933 , 0.9924, 0.2541,-0.7931, 2.2089, 0.493 , 0.2429, 1.5381,-0.6173, 0.4033]
[ 1.4855, 2.5285, 2.2162, 2.4604,-1.9782, 2.2582,-2.0168,-2.8718, 0.6719, 0.5269, 0.5105, 3.0605, 0.3171,-2.9968, 2.9534,-2.5453]
[-5.3963,-0.1276, 3.1516,-0.7368,-0.8078, 0.2102,-1.4043,-0.4583,-0.0708, 2.7925, 0.2623,-0.2056, 1.3241,-2.405 ,-0.8645, 3.1352]
[ 1.24  , 3.7624,-2.7767, 0.5066, 2.4621,-1.6854,-1.8078,-2.4345, 2.5085, 2.5089, 2.9176, 0.4249, 0.5734, 2.4737,-1.5556,-1.1666]
[-1.7672,-4.1749,-2.8267, 0.5661, 2.5943,-2.7201, 0.6039,-1.118 , 2.529 , 2.0501, 3.1042,-0.5703,-2.1553, 0.4078,-2.4946,-1.0498]
[ 0.6448,-3.9211, 4.0713, 1.8293,-1.7294,-1.2405,-0.292 , 1.0813, 1.6916,-1.3921, 1.2063,-1.7204,-0.7799, 2.697 ,-0.6375,-1.0547]
[ 5.2917, 4.4951,-1.9394,-0.6742, 0.9087, 1.014 ,-3.1266,-1.2952,-2.4159,-0.4315, 1.1541,-2.5743, 1.64  , 0.8175,-2.2181, 2.716 ]
[-3.3919, 3.8756,-5.1729, 2.8904, 2.6024,-1.2034, 0.3364,-1.8162, 1.4745,-1.5465,-1.1965,-2.7287,-0.6735, 1.6339,-0.882 ,-1.4337]
[ 1.5737,-0.1094, 5.441 ,-2.4214, 1.6803,-0.9479, 2.0298,-1.6683, 2.3078, 1.4285,-2.0702,-1.346 ,-0.327 ,-2.483 ,-2.0378,-0.3825]
[ 4.2621,-4.0489,-3.0973,-1.0196,-2.0043, 0.2736, 1.7158,-0.52  ,-1.2158,-0.8657, 0.475 , 2.5638,-2.2999,-1.5992, 0.3972,-2.8918]
[-2.3164, 1.9318, 0.3268, 2.9589, 0.1756,-0.97  , 1.7927, 0.4242,-2.6496, 1.8712, 1.9365,-1.4464,-2.8631, 2.0141, 1.494 , 0.9116]
[-1.2036,-3.9886,-0.9026,-0.0138,-0.268 , 0.3191, 2.1353, 0.8449, 0.6854, 0.8747, 1.2438, 0.5417,-1.4489, 2.55  , 2.4868, 2.9757]
[ 1.8697, 1.5169, 0.4103,-1.2916, 2.1459, 0.327 , 0.6154, 3.0854,-0.0274,-1.5246, 1.4704,-2.7355, 0.5672, 0.2118,-2.354 , 1.5078]
[ 5.1813,-4.1735,-0.7019,-1.3923,-0.8991,-2.8136, 1.7889, 2.4166, 1.1555,-0.43  , 3.0044,-3.0053, 2.4401, 2.0127, 2.2956,-2.471 ]
[ 4.4035,-1.7806, 0.1628, 0.3183,-1.6199, 2.4676,-2.6396, 2.6672, 3.0397, 3.1164, 1.397 ,-1.723 ,-0.8334, 2.7404,-0.1629,-1.5887]
[-5.0509, 2.2413,-1.928 , 1.2067,-0.9973, 1.104 ,-1.229 , 0.3667,-1.1526,-1.9672, 2.0946, 0.7691,-0.2133,-1.3895,-0.3675, 1.211 ]
[ 4.9633, 4.0685, 4.0672,-1.8707, 3.001 ,-2.4392,-1.0148,-2.9081,-1.8841, 2.231 , 1.1217,-0.1051,-1.0801,-2.1072, 1.6473,-0.7849]
[-4.4875,-2.5081,-5.4295,-0.245 ,-2.4551, 1.9699, 0.1536, 1.1153,-1.4567, 1.0314,-2.9097,-1.2912, 2.6441,-2.4853,-1.0569,-0.2585]
[ 3.2618,-0.6029,-5.3575, 1.2617,-1.8536,-2.4606, 2.7958, 0.7923, 2.9416, 2.9131, 2.5396,-0.2277,-2.1418,-0.9012,-2.8876, 1.1801]
[ 4.4978,-3.8963,-5.0649,-2.447 ,-0.2894,-1.6679, 0.2473, 0.9709, 1.7708,-2.0374,-1.2815, 1.95  ,-0.9428, 0.3807, 0.6996, 1.0705]
[ 4.9463, 1.9092, 1.4593,-0.9429,-0.4963,-0.7564, 0.3005,-2.4191,-1.935 ,-0.0742, 2.6832, 0.0254,-2.139 , 2.2847,-2.5458, 2.7058]
[-4.5902, 2.2616, 2.8927, 1.7108,-0.7689, 2.7098, 2.4075,-1.4762, 0.805 ,-2.8938, 1.151 ,-0.4893,-1.0011, 0.7948,-2.0513,-2.1453]
[ 5.3972,-1.7926, 2.9421,-0.128 ,-0.1098, 1.6515, 1.6183,-2.8589,-0.1118,-1.7175,-0.5815, 1.5466, 1.257 , 1.6616, 1.3876,-1.4816]
[-3.6784,-2.0647,-1.8373, 2.6175, 0.3274, 1.349 ,-1.8196, 1.1987,-1.2092, 1.2117,-0.2836, 2.3419,-1.2368, 0.5749,-2.3883, 0.5251]
[-1.4293, 3.6338,-3.6278,-0.9705, 2.6888,-1.5589, 1.2335,-1.6948,-0.5959,-2.038 ,-2.5128, 0.846 ,-2.1132,-1.6898, 0.0198, 2.3179]
[ 1.934 ,-1.5035,-1.6459, 3.1341, 2.9921, 1.3239,-1.2279, 0.7036,-0.1907, 0.8252,-2.1524, 0.1392,-1.3498, 0.0397,-1.6568,-1.4273]
[-2.7928, 2.755 , 4.2964, 0.8618,-2.2091,-1.1642, 1.0305, 3.0014, 1.8268,-1.4766,-2.227 , 3.1178, 1.252 ,-1.1548, 1.9801,-0.599 ]
[-3.9525, 2.8408, 2.7176,-2.693 , 2.9524, 0.1995,-2.0798,-0.3973, 0.3792,-1.589 , 2.7871,-2.0047,-0.8845,-1.4107, 0.3533, 0.3322]
[ 3.6707, 2.8673, 2.8437,-1.0773, 0.7442, 0.7209,-2.9728, 2.6796,-0.5107,-1.7458, 1.2984, 1.6789,-0.6745, 1.0041,-0.1016, 2.5484]
[-3.3175, 2.2679, 0.3457,-2.0208,-3.1187,-1.5092,-3.1055,-1.3626,-0.3173,-2.413 , 1.0864, 2.4031, 2.9092,-1.0258, 0.8124,-2.3257]
[-1.2465, 1.3725, 3.6633, 0.8063,-0.4122,-1.6541, 0.1881,-1.0108,-2.3832, 3.0777, 2.8513,-2.2496,-2.3816, 2.7176, 1.0269,-0.3166]
[ 4.7451,-0.0512, 1.0303, 3.1016, 2.7323,-0.1462,-0.9205, 1.3131, 3.0208,-1.139 ,-2.7827,-1.3285, 1.1621, 0.5789,-1.6197, 0.7019]
[-0.2689, 1.5996, 1.3719,-2.273 ,-0.6722, 1.9878, 2.6455, 1.3488, 2.6417, 1.959 , 1.2179,-1.4064,-2.0422, 1.1484, 2.7568, 1.2885]
[-1.6725,-5.3317,-4.2351, 0.86  , 2.7887, 2.3524,-0.9067, 0.784 , 2.6185,-2.5596,-2.3815,-0.4508, 2.7184, 2.656 ,-1.3599,-3.0405]
[ 4.7512,-0.0283, 1.9649,-2.7416,-0.8196,-2.372 ,-1.2743,-0.3626,-0.176 ,-0.7197, 2.2904, 0.6971,-2.2726,-2.3226,-3.0106,-2.5685]
[ 2.7868, 5.3402, 2.0371,-2.3397,-2.3154, 1.2603, 0.4333, 0.3483,-2.9899,-0.8976, 0.3064, 0.3612, 3.1323,-2.4383,-2.3044, 0.3591]
[-0.6429, 4.9295, 2.1677,-0.0702, 1.8442,-1.2586,-0.6371,-2.9219, 2.2451,-0.8462, 0.5729,-1.051 , 1.7894, 1.3331, 0.4305, 1.6942]
[ 4.6702, 3.6325, 3.0566, 1.5311,-2.9859, 2.7886, 2.0291,-0.2664, 2.3143, 1.3663, 2.9695, 0.2282,-2.0277,-2.9568,-1.8431, 2.3126]
[ 4.8993,-3.0105, 0.6924, 0.2095,-2.6046,-2.032 , 1.7677, 2.7064,-2.4324, 2.0832, 0.7477, 2.6658,-2.6152,-2.4086,-2.3693,-3.075 ]
[ 0.4438, 1.9959, 1.5786,-0.907 ,-1.7286, 1.2705,-1.9747, 0.5236,-0.088 ,-1.8823,-1.4642,-0.241 , 2.1091, 0.89  , 0.6033,-2.3998]
[-1.43  ,-2.7096, 2.338 , 1.6518, 2.9956, 0.8819,-2.7064,-1.2262, 0.722 ,-2.5357,-2.7233,-2.6605,-2.1879, 2.45  ,-2.0922, 1.0846]
[ 0.6764,-3.025 ,-4.9746,-2.4766, 0.0541, 2.4708, 0.2705,-1.8403, 0.5751,-1.8355,-0.7935, 2.5065, 1.2292, 2.7353, 0.3598, 0.7176]
[ 1.8416,-3.4354, 5.4322,-2.822 ,-1.7824,-0.7901, 1.9655, 2.5867,-0.2516, 2.7097, 1.2976,-1.2339, 3.0168,-0.3238,-1.8304, 1.2581]
[ 4.2362,-2.1947,-5.3554,-1.6126,-0.7571, 2.8892, 0.9536,-2.0431, 1.3447, 2.598 , 0.4291,-0.1485, 0.1002, 0.8276,-2.7329,-2.8577]
[-3.0029, 2.3685, 0.4145, 0.9906,-1.1217, 1.4793, 0.9926,-2.7739, 1.3292,-1.5048, 2.1049, 2.4373, 1.1412,-0.8066,-2.3887,-1.3519]
[ 1.6695e+00, 9.6209e-01,-4.3187e+00,-3.8843e-03,-5.4733e-01,-1.6373e+00, 1.4534e-01,-2.5850e+00, 1.1378e+00, 2.4598e+00,-3.0462e+00, 7.0759e-01, 2.9482e+00, 1.3454e+00,-5.1160e-02,-2.0342e-01]
[-1.9345, 2.4056,-2.8606,-1.1665, 0.1029, 2.8685,-0.7315, 1.9643, 1.833 , 2.578 ,-0.0423,-0.896 ,-0.5464,-1.287 , 1.949 , 1.3855]
[ 4.2826,-0.1096,-0.3612,-2.1123, 2.9243,-0.1143, 2.9729, 1.1211, 2.4253,-2.7047,-1.8395, 2.2077, 1.6167, 0.6296, 1.7946, 1.5723]
[-3.7536, 4.3753, 3.5282,-1.5437,-2.1904, 1.5989,-1.9746, 0.142 ,-0.4207, 3.0578, 0.4359, 1.4188,-0.6631, 2.2322, 0.7833,-2.0073]
[ 0.8833,-1.7058,-1.3247, 0.3755,-0.1734, 1.94  , 2.3657,-2.8292,-3.1331, 0.678 , 1.    ,-1.5153, 3.0013, 2.3102,-0.308 ,-2.4992]
[ 3.454 ,-0.4766, 5.0068, 2.1277,-3.1091,-0.3019, 0.2481,-0.0666, 2.0297, 0.8822,-2.7707,-0.1331,-0.5645,-0.0315, 2.1094,-1.3481]
[ 0.8129, 0.1957, 3.1726, 2.6341,-1.8086,-2.7149,-1.1437,-1.1135, 3.0138,-1.5912, 0.6901, 1.8013, 2.2047,-0.5757, 1.1504,-2.0075]
[ 0.4969, 3.9549,-2.5671,-2.8909,-1.9354, 2.7824, 0.3645, 1.6462,-1.5532,-1.1533,-1.0473,-2.8874,-2.3631,-0.1083,-1.7092,-3.034 ]
[ 0.0559, 2.2936, 2.3823,-2.9113, 2.5296,-2.9141,-2.4824,-2.4661, 2.1881,-0.7422, 1.3323,-2.6604, 1.1243, 0.2168,-1.7331,-0.9987]
[-4.3708,-3.1415, 1.9673, 2.6991, 2.7356, 0.4946, 2.7527, 1.9493, 0.4066,-0.7061, 1.4833,-0.2971,-2.0097, 0.8239,-2.721 , 1.7029]
[-2.5265,-4.7666, 3.8955, 1.2411,-2.6595, 2.9276, 1.3478, 1.6602,-2.5554, 1.5361, 1.3702,-2.6742, 2.3659,-2.3855,-2.1392,-0.886 ]
[-3.3989e+00, 2.9579e+00, 2.2395e+00,-1.5832e+00, 1.0450e+00,-2.6670e+00, 1.0635e+00, 6.9492e-01,-2.0588e+00,-8.5717e-02,-2.7355e-01, 3.2777e-03,-3.0072e+00,-2.2409e+00, 2.6275e+00,-4.6793e-01]
[-0.4943, 5.4028, 0.7992,-2.7335,-0.3957, 0.6094,-2.6924,-0.3007, 1.2925, 0.1425,-1.515 , 1.3061, 2.5647, 2.0058,-0.7736, 2.5758]
[ 2.7899,-1.0565,-4.4594, 0.3141,-0.1547, 1.0649, 2.3579,-0.0711, 1.3511,-2.1484, 1.6796, 0.5622,-0.7193, 1.6849, 2.7876, 0.1588]
[ 0.812 , 1.8726, 5.261 , 0.7411,-0.2063, 0.3213, 2.3092, 2.9162,-1.3895, 0.6824, 2.8543, 1.0281, 1.7236, 1.0242, 0.5705,-3.1378]
[-3.0791,-2.4237, 1.1666,-3.0366, 1.4355,-1.4838, 1.7106, 1.8713, 1.4707,-0.6778,-0.9821, 2.7155,-0.9003,-1.7691,-2.2164,-0.2578]
[ 3.64  ,-1.2374,-1.4714, 1.0412, 2.8075,-0.886 , 3.1376,-0.1772,-0.9923,-2.5312, 2.4395, 3.0059, 2.5984, 0.3347, 2.6104, 0.3523]
[ 1.7025,-5.0621, 4.3328, 2.816 , 0.0675, 1.0398, 0.6676, 0.7725, 1.0231, 3.036 , 0.8142, 0.652 ,-1.9471, 1.561 , 0.3482,-1.1633]
[-0.1021,-4.201 , 2.8426, 0.3352, 1.7364,-3.0222, 1.2991,-0.7204, 1.1132, 1.1192,-0.4536, 0.9427,-2.024 , 1.4755,-3.0307, 1.7377]
[-1.3494, 1.2844,-2.4915, 2.5531,-0.4842,-2.8601,-1.0066,-2.6831, 0.9241, 1.9876, 1.9556,-1.422 ,-1.0615,-0.7004,-1.3861, 1.7293]
[ 3.0834, 1.8262, 5.2335,-1.996 ,-1.8279,-0.5507,-2.6724, 0.9399, 1.0396, 1.3639,-2.3836,-2.7613, 1.6408, 2.8353, 1.6752, 1.5283]
[-0.645 ,-2.1645, 0.5156,-2.952 ,-1.4219, 0.7346, 2.3838, 1.0456,-0.6742,-0.9595, 1.5748,-2.3734,-2.6077, 2.5085, 0.3555,-0.7167]
[ 1.3576,-2.7174, 1.0901, 1.9922, 1.7155,-2.0984,-0.0557,-1.9648,-1.0907, 1.7475, 2.5277,-0.7175,-3.0289, 2.2591,-1.584 , 0.9304]
[-1.4758, 0.1802, 1.4697, 0.6203, 0.3494, 0.5446,-2.0045, 0.593 ,-1.606 ,-2.7437,-2.2813,-1.5844,-1.2689,-0.6687,-0.4898, 1.4974]
[-0.1753,-5.007 , 4.7172,-3.0797, 0.5381,-0.6851,-0.4526,-1.8674, 1.804 ,-1.4833, 1.5218,-1.6364, 1.2116,-0.7232, 0.1002,-0.6878]
[ 0.8284, 2.9889, 4.7456, 2.9053,-0.0813,-2.1012, 1.4114, 0.252 ,-3.0138, 1.1522,-0.7595, 0.0459, 2.7037, 0.9934,-1.7873,-2.6866]
[ 4.7838,-4.8096,-3.631 ,-0.293 ,-2.7831,-0.4826,-1.2696, 2.9848,-1.506 ,-0.2182, 1.8756,-2.8982, 2.0025, 0.2919, 0.1984, 0.3114]
[-4.7543, 2.8924,-1.1065, 1.4981, 0.792 ,-2.6155,-1.7546,-2.3485,-2.7375, 1.0472, 2.04  , 1.3881, 1.127 ,-1.8705,-0.8655, 2.2352]
[ 1.4058, 5.1457,-3.2461, 3.101 , 1.4665,-2.7104,-1.875 , 0.2852,-0.6508, 0.4616, 0.109 , 2.7339, 0.5434,-1.5457,-1.0937,-2.9493]
[ 3.3579, 0.4759, 0.4477,-3.0506,-2.0264,-2.1722, 0.443 , 1.7429,-1.2315, 0.6723,-2.0341,-3.064 , 0.665 , 0.5624, 1.7567, 2.7467]
[ 0.4036, 1.1118, 5.4033,-1.8168, 1.4588, 1.4714, 3.0654, 2.8842, 2.0055,-2.8265,-1.8605, 2.3675, 0.1926, 0.4881, 2.3221, 0.1747]
[ 5.2643,-4.7155, 4.8708,-0.5789,-1.0893,-1.5969,-1.3602,-2.1568,-0.5415,-0.2314,-3.1231,-2.6738, 0.525 ,-0.2037, 0.9238,-1.1414]
[-0.0151,-4.8857, 2.2759, 0.8479, 0.7579,-1.555 ,-1.258 ,-2.466 ,-0.4284, 1.5457, 0.1747, 2.9148, 1.9263,-2.809 ,-3.132 ,-1.7744]
[-4.0256, 5.1898, 3.7858,-0.9679,-1.3594, 2.7849, 1.588 , 1.521 ,-1.9152, 1.8759, 2.0548, 0.6735, 1.9258, 1.8382,-2.8733, 2.5001]
[-0.1916,-1.4008,-0.18  , 2.7518, 1.8074,-1.6068, 1.9931, 3.1157, 2.6706, 0.299 , 0.4065,-1.4521, 1.4103,-1.9623, 1.9815,-1.4183]
[-3.6556, 2.7942,-1.7179,-2.4109,-0.5009, 2.4429, 1.9198,-0.4066, 2.5942,-2.1944, 2.6632, 0.4222,-2.9536, 0.7721, 2.0088, 2.4049]
[ 2.1058, 0.8589,-1.5863, 2.9296,-0.9902, 1.3194,-0.2702,-0.6144,-0.4359, 0.4779, 1.9438,-0.5696, 1.5753, 0.0655,-0.5082, 0.3523]
[ 0.1395,-1.2181,-0.723 , 0.7699, 1.0209,-0.3736, 0.8329,-2.8949, 1.5667,-1.0883, 0.6747,-1.7496, 2.1418,-1.3979, 0.2142,-1.3412]
[ 3.8954,-2.4726, 1.7984, 2.4193, 2.0146, 2.2382,-0.8721,-1.3209,-0.8037, 2.9613,-3.0413,-1.3009, 0.9915,-3.023 , 0.5001,-1.7395]
[ 1.5115, 1.5141,-0.2532,-2.1065,-1.2578,-0.0683, 2.5999,-2.1637,-0.81  , 1.2781, 0.9564,-1.2736,-0.4201, 1.7358,-2.124 ,-2.6483]
[-2.3786, 4.1988, 0.1182, 2.7769, 2.434 ,-1.066 ,-2.4282,-1.7946, 0.9102, 2.4864,-1.0512,-2.5277,-3.1061, 1.0163, 0.1597, 0.4889]
[-1.262 , 3.9912, 5.3573,-1.7946, 2.43  , 2.1023,-0.3888, 0.8648,-1.1917,-0.6004,-0.5057,-2.5752,-2.5359, 1.7268, 1.0892,-0.118 ]
