 4.84346496161 -2.73477606909 -3.59357308332 1.96380944394 -1.75797279181 -2.12192815264 1.01650486283 1.46600822683 -1.27357308718 1.13576373294 2.58581514384 -2.68027192116 1.51677955151 1.14015232837

1 1591.65064314 -5.2204583205 3.4332430227 1.68923311185 -2.07884986201 1.23586424304 -0.233887694514 -1.44495341276 -1.57322712959 2.65330166599 -0.483388081007 -0.567719589125 -1.26293817458 3.03700436147 -1.78580732434 4
2 1945.22494347 -0.554093820209 7.65783661121 -1.01930620663 -1.74995581914 2.5183437162 -1.26538655226 0.614955829459 2.20211447187 1.47434282823 0.24698255138 -1.09080554255 -1.81155282452 0.385163039489 -2.55458651063 15
3 2253.32068437 -2.34066740986 -1.5840136547 6.0454682106 -1.35878737437 2.93368158139 0.681571379048 0.0863310378845 0.241810381697 -1.27895153035 -2.7082292669 2.38243888437 2.08721975917 3.07706151362 -1.83863589755 27
4 2390.73758398 -5.77607564373 5.26965189856 2.31993109787 -1.66685350828 2.63448026415 -1.2660246362 0.6349357178 2.4412647597 2.9800720669 1.11853178664 2.75801704004 -0.273635007617 -1.37117831573 -2.03853094914 10
5 2694.19934092 -5.09864664943 -1.97438324645 6.29573420248 -0.81824396792 -0.206336481938 1.17472396085 2.04141911462 -0.241453602809 -3.14025783441 -0.310304184381 1.42159956663 0.887433859021 2.07373797168 -1.66314176223 23
6 3439.05252111 -3.42893698226 4.40966275387 -0.233631892725 -1.71631206844 -2.61125824036 1.97556989767 -2.20437268437 -0.042995928501 -0.960207698096 -3.0312561391 1.74686112114 2.57601150872 1.82652976671 -0.333850428135 4
7 3648.66347923 -1.64875683475 5.17421213274 -0.0201226018803 -2.12472392428 -1.57063154399 -0.353227991036 -1.72834429379 2.84522178689 1.57614174789 -2.39797384313 -2.53856347534 -1.91192997666 0.24802544044 1.27468712309 15
8 3971.69823384 -3.48320976883 -1.51612242992 6.4575574602 -2.31832849167 -0.911362223052 2.06661957637 -0.424022190962 -1.27818549444 2.03290914885 1.7511720753 -1.93587485816 1.60678385106 -2.48144423153 -0.806838761654 23
9 4082.65509413 -4.52246096002 2.70632464106 5.51111848457 -1.05420762312 -3.00431857155 -0.585319163022 1.32216069665 1.49731999461 2.00764155907 -0.649193135722 0.251865706684 1.88381627293 1.79608070823 3.1345463904 5
10 4084.07119752 -6.56820487055 6.30144577607 2.20273399142 -2.04872345224 -0.8344637268 1.51532392364 1.34754341188 -0.907926560528 -1.92579874677 -2.99464363032 2.41441526739 0.921095230443 -1.05425862014 1.83235010825 10
11 4413.8777999 -7.71449430972 3.81699465117 0.00158319710684 -2.17587229093 2.66628545567 -1.57994755582 -2.90391670017 -1.34581624832 -2.18518898339 -1.51124404735 0.502974962509 -2.61111693024 -0.524565238783 2.27946775131 7
12 4506.61718556 -6.08387459129 -2.24577474735 8.53781146639 -0.41485794132 -1.88630186698 -0.719393267502 3.03055303079 1.2482426182 1.30588229043 -0.912805344857 3.1344504777 -1.81026979633 -1.21849230609 1.78073651896 23
13 5303.04197089 0.368204155128 4.51610985162 0.379967990633 -2.33515644935 -1.06751290817 0.489848086285 0.830011047906 1.76182678169 3.0072322917 0.369131034755 2.29575509485 1.40454131494 -1.86673574599 -2.01572610799 6
14 5393.46885561 -3.28783923257 7.53786759287 -0.151710869619 -2.9313871487 1.07186844541 -1.03455614538 2.68433624733 0.329479527934 -1.96254259537 0.271560708648 2.84891776033 1.60284153805 3.0741024032 0.0501352387398 13
15 5395.90018376 -5.02670564083 8.12673574117 0.600040300518 -0.932701182253 -0.209136217771 -1.20697676733 0.29071306678 -0.850551585985 2.78445014455 1.37258490738 -2.41841508591 1.32803406632 0.921633558696 -2.69801520826 13
16 5659.91728809 -6.86674467405 7.06711620309 1.02169450627 -2.41720441232 1.18371686017 1.77546407007 1.02319934635 -0.716779266915 -2.49860469649 0.807470955181 -0.946185876114 2.18135415534 -2.2478494226 -2.67143431083 16
17 5862.20328588 -4.49561613909 6.0999092378 2.53841974021 2.08810114733 3.00087451012 1.69071456943 -0.925847976453 2.13864212598 -1.65550005147 -0.253581109759 0.0173819602023 -2.15852258834 0.131925201571 1.12934609548 10
18 5951.59463671 -4.28311255619 -0.279277308798 0.792882963973 -1.15166330935 1.02676629789 -1.37148530473 -2.02838422484 0.129252846433 1.3744984948 1.37400071662 0.478005858749 -0.547776293719 1.50451723319 -2.14905007672 22
19 5954.67722911 -3.35306578052 0.114512551615 0.329869265523 -0.804823335973 -2.49676205171 -2.27806314143 0.599362321581 -3.0310969789 -0.54898444069 2.45386133197 1.92025346725 -0.824908996553 -1.56513193507 -0.133201919322 22
20 6270.01909439 -3.19201208313 4.34681469288 3.26032851017 -1.6586477407 -1.99429719566 -1.28440125368 -2.45809133172 2.21487541146 -0.00227910968976 -0.795609251922 0.803227204579 1.1034686033 2.07226878749 -1.8648896481 1
21 6276.29437088 -2.64212649312 8.1412424593 -0.873232038006 2.89535976002 -1.28800148325 -1.82063610503 0.0995014581107 1.53556381665 -0.970147661659 1.91601540636 0.536246110734 3.01494663721 2.43168535564 -0.879787046549 15
22 6346.73904412 -3.89557046075 4.78963643703 1.48199529923 2.18934276185 -1.23273612494 -1.83462110774 -2.19945552804 0.154653894354 1.59187659934 -1.12067420032 -1.19654805506 -2.37060156089 2.21760288983 -2.69080737485 13
23 6561.44015296 -1.99472974291 2.70597299777 4.9907590956 -1.87904343444 -0.701817263499 -2.33180864878 -1.90828170396 0.218872891161 0.206514811462 1.10043426174 1.90824406101 -2.82433362037 -2.61669465452 -0.694961611559 3
24 6877.14933337 -1.43751773578 6.64285128649 0.311424944319 2.69699812719 1.88037375506 2.09674196606 -1.36037862492 0.617643489808 0.837868923932 -2.38242828688 -1.20433641893 0.862816194248 -0.364263120424 2.9826607714 15
25 6921.68507171 -1.21029137867 -0.544525685334 1.73667961193 -0.89223652652 -2.93375455361 -2.44529692333 0.478978017135 0.923900707778 -2.89892811074 0.379351383901 1.68277442797 0.105179384925 -0.131545256378 -0.644900236836 24
26 7049.22453684 -0.562910479293 5.78066531876 -1.73255828186 2.32032394213 1.88403267995 -0.694875247477 -2.26197229672 1.22613985747 -2.29711617548 1.50024361508 -1.11324155471 -0.299974774034 -2.20880029693 -1.76336468804 15
27 7280.76373267 -6.35344554127 4.40697835487 -0.75761351644 3.04936399002 -2.77559593693 -3.13131371416 -1.2502617677 2.93829263147 -2.11380466343 1.85511044483 2.98597867545 2.11937464109 0.60511049061 0.14501646199 4
28 7359.52966342 -1.03148570002 7.27776373228 2.81971122973 -1.60155264217 1.88348856004 0.380783206343 0.424808771369 -2.50766028682 2.00864613583 1.17143446577 -0.536067869931 -0.115990056877 -1.61306735256 1.91111863381 12
29 7386.29723721 -0.917830033376 3.73362078471 -0.546604799142 2.131506744 -1.51292271159 1.84113055237 2.69214824754 -2.16585574953 1.15033882135 -2.87737452245 2.00483602203 -0.72291522689 0.962761848038 0.0138103500061 6
30 7581.52938175 -7.22109452506 0.711310798738 3.94132502247 -1.00973416139 0.942014827352 2.84902084085 -1.73011216378 -0.753657453268 -2.32312604418 0.0754045550724 0.0284161232111 -0.0343858398317 2.46088048117 -0.410385512577 20
31 7650.84217523 -0.0454103816361 4.67167337594 -0.617521270214 2.51318165694 1.80818331408 2.92967941651 -2.80971174477 -1.13224765468 1.4499250312 -0.796641702432 0.0428843142708 2.46999969282 2.0252495335 -2.21839970978 15
32 7659.25556979 -10.2982859366 3.81872585269 0.828786649563 0.564948480786 -1.63482003437 1.50641914168 -0.892855036967 2.27378547256 1.07319936941 2.76062534687 1.59024882409 -0.409063524927 2.45848548923 1.29955620355 7
33 7719.53676437 -8.79615242999 -1.91517937969 5.14755218756 -1.89857734224 0.64765218853 2.9101026957 -2.8384251491 1.73689289633 -3.06609135496 2.74698633462 1.27657467234 -3.00345135585 -2.19979769676 -0.729051875579 20
34 7903.36054129 -6.46092988772 3.59264486795 3.75978050136 -1.09876077749 -2.92742930369 -1.92446851816 1.91975101763 -1.31619047698 0.967932270935 1.96556369507 -0.14688066515 2.99072139655 -0.360697790141 -1.95895636961 1
35 7917.32732416 -0.707164514786 2.11069148821 5.47407127753 -2.81127082573 -3.08873753144 -2.92911783132 2.05500459113 0.27127156722 0.961055803195 -0.332306148822 -0.196294003362 1.83255089991 -1.74368649822 -1.00285963076 9
36 7921.89274108 -0.130841223892 -0.267527979595 0.364521815418 -1.59724032656 1.81010808979 0.639405258437 0.189568658562 0.95005252961 -2.27158723491 -2.01686535588 2.35202425997 2.33532319417 2.83643305435 -1.52994421171 24
37 7976.13350428 -4.61417122704 2.46636843557 4.97625639082 -3.02654985822 3.01565526136 1.35505775684 -1.11032716184 -2.20993395481 -1.61254019141 -2.3892360398 -1.13244651276 -0.896953085297 1.84728202146 -0.852068653003 1
38 8013.59459932 -5.55552439867 -0.817437066152 7.57138121141 -2.26418723677 0.600991667184 -2.67629561139 -1.85210761294 -0.419733647611 -1.45992632096 2.18675888765 2.53884754782 2.01842316831 -0.130139593174 -1.85037983224 23
39 8125.78675261 -2.00984182575 1.75843943536 -1.21186230118 2.1278233196 1.34165719993 2.08893669042 -3.04992148548 3.12165423151 0.0484489369703 0.113551465467 0.401398068459 -1.32683268387 -2.26287856804 -0.331299039802 6
40 8206.08441305 -3.72430814409 1.68462845091 3.40492823661 -3.12651036473 2.15710701473 -2.69210961376 -1.73089905138 1.82002386044 1.19939838921 2.13803232571 -0.707696530706 2.39639207013 -0.318135552713 -1.55880707042 1
41 8262.58896959 -10.1860258248 3.88489130781 2.18421263667 -0.833171208931 -1.47614786958 0.112150226887 -1.51100368139 1.03087843813 -2.83398940389 -0.289685737746 1.66951070961 -2.86543123317 -0.32063247267 0.426820911265 2
42 8297.96436166 -5.98710381972 5.73684514865 1.05334735694 3.06458255978 2.17914369574 2.28236361592 2.48449248742 2.95375577909 -0.667514576847 -0.887155663789 0.651121449158 2.67213298792 2.64127255624 -2.6306183846 13
43 8542.14443516 -3.04587910063 7.78608121931 1.51007880174 2.81944792428 -1.64586728686 -2.70988619607 -1.34560165776 -2.59020798215 -1.73819125428 3.11898216542 -0.837951901835 -0.382970963149 1.70163466878 -0.0981286661735 13
44 8626.67076853 -8.6778127555 -0.201767121024 1.09168975218 -1.02345196674 -2.78466784271 -0.623212626709 2.87317278414 0.272689094157 -2.20678502047 -3.11146976984 2.04334803965 -1.26952063077 1.40053738843 -0.35976886775 25
45 8637.3933124 0.00427171990735 -1.33386649155 5.54548655439 -2.84485123992 0.305918915792 0.515102354639 -2.55777883062 -1.14018749377 -1.54750401327 2.00312242638 0.536710112241 -0.384619693376 1.23475154231 1.03700583001 27
46 8711.79615382 -1.8884911323 2.30157689807 1.01252033123 -2.25541034965 1.04444509715 -1.66854306476 -0.649610762015 -1.84906070251 3.10232155856 -1.14694558804 1.61220517637 -2.73754567905 0.937589753404 1.31662013557 6
47 8750.46499434 -4.01479385448 7.21404078339 4.58155358434 1.93138791635 0.530266601315 -0.656789994629 -0.398593755918 -0.704375147926 2.5836480432 -0.325558967727 -1.6470517894 -0.554820895577 -2.79822249426 1.17338113072 10
48 8850.21478961 -0.237976143541 -0.101243992948 3.54440797916 1.69445624123 2.3679953798 -1.03689638822 -0.117199439998 -2.01351485983 -0.548043290982 -0.937864189579 -2.29007375284 0.20816722255 0.667773950664 -2.39545945155 21
49 9065.39830422 -6.60979685321 3.47747713603 -1.16082750645 1.77663220356 -1.91948711148 -1.41735440791 -0.356415091605 0.0964440713573 -1.64606841464 1.38148714064 2.82711349211 -2.95485164728 2.51321399446 0.744069600076 4
50 9123.67199355 -10.3234322618 -0.879925456141 4.1723623419 2.74662843197 1.81740283736 -2.5757239843 2.18198524979 2.06866102588 2.08089457388 1.36253104229 -1.50216559816 1.98879456643 -2.41819733349 2.91874995733 20
51 9154.04887101 0.360711379463 4.15247308798 -0.5706446677 2.3642881455 2.05625838495 -2.9662831308 -2.52638331433 0.112378774046 0.343956621443 -1.26192445806 1.89630308729 -3.02595746137 -2.96961799274 1.79694647077 6
52 9201.20637542 -0.523097212139 7.77565421468 4.17820927296 2.95259576532 0.263701778517 -1.13353737851 -1.04321399902 0.422927543861 1.32735185008 0.35165181926 -0.195824754958 2.51925196941 -0.594717293453 3.04357492902 12
53 9237.27271602 -4.16319156571 1.09566725802 0.221917427592 1.96346279181 1.77765145 0.589939389809 2.13116101064 -2.99943187695 0.365305441038 1.93270923763 -2.79732230991 -1.81119324229 -0.0915275231551 2.3233529469 4
54 9358.16576425 -8.09437525359 -1.00649915369 8.68985093375 2.62569495472 0.13822430565 -1.37439610054 1.01966580819 -1.17317403677 2.74603705597 2.44172831212 -3.1151841552 0.801993220706 -0.853830641215 1.95008970536 26
55 9429.4415934 -7.61155546989 6.99073834753 2.68802781221 -1.25568801141 -2.32879094005 -2.03697659067 -1.23179070946 2.36517093128 1.56985547999 -0.118832563168 -2.75550092077 -2.5332790166 -1.38670615986 3.10662600215 11
56 9583.72596088 -7.6165077515 1.01001242236 2.94268315261 2.24454904773 -0.74473385328 -0.582448279153 1.34461759695 1.48855794285 -0.594698915748 -0.156483538729 -2.3798541274 1.12170528688 -0.441276703328 -2.96252396356 2
57 9583.76743002 -7.95109875715 5.27201124365 0.586868960988 -0.615290863046 1.69089749405 0.525780697245 -2.84325465121 -0.19038455438 2.07179437339 -2.95665207861 0.822659852587 1.03747300263 0.732507971456 -2.69731426503 16
58 9628.88358515 -2.34543942555 -2.44428526828 4.91906316901 -0.137325438239 1.71233731326 -2.80499612773 0.145664011686 -2.43084309864 -1.31112415621 -0.9361478778 -0.80648985306 -1.85697180804 1.22751881873 1.04236935062 21
59 9701.19734128 -4.44118939423 2.57227946324 6.1929541136 -2.69327164979 -0.779169737328 0.557372452698 -0.49292302062 -1.50992340519 0.467529483548 0.1228724417 -2.18979661222 -1.00517364368 0.23652498756 2.78702900929 5
60 9716.03502169 -4.20152277034 -0.727181594367 1.9686005281 0.879271659657 -3.04436714021 1.53193350135 -1.41863438624 -0.794751775986 0.267016534573 -1.29551026936 0.165860871738 3.02220181438 -1.06091632008 -0.20763873827 19
61 9782.95381006 -7.89430205654 3.99226799905 4.03833561622 1.609784835 0.331291602547 -2.15088801441 2.99553678439 -1.65867233832 1.74451217604 0.815595797798 -1.17808157433 -2.25533951613 -1.00705969775 -1.88122892684 2
62 9822.27180328 -7.55859506272 2.47043260329 -1.16341855296 -1.30588425143 -2.70202046766 -2.25995235001 1.74334690765 -2.89116647872 -1.35449052032 -1.17527922381 1.61804987277 2.15050301741 2.84928575613 -1.76735691233 7
63 9904.55109499 -6.62962510969 6.54389868358 1.75693591018 0.776109428888 2.55638135341 -2.29048785073 1.28971472377 -2.75644641635 0.841373619826 -2.87262194557 -0.950700357882 -2.86061870277 -0.0994472830385 2.86330430279 13
64 9952.8331374 -2.50012995813 -2.24636108026 -0.746929171307 -0.795139991013 -0.150211438915 2.88104591947 0.15205493719 -0.969915642768 -1.99248252287 -0.738688229434 -0.166899532335 2.0420297409 -2.2111772748 -1.29860724905 24
65 9954.38061449 -8.04583678291 -2.69102671464 8.60247667019 -2.68932457034 -0.283495643536 2.2907916477 2.84393927355 1.39280087296 -0.52135427311 -0.63504413309 1.437649126 -2.04761327028 2.9019983065 2.57483641776 26
66 9997.20182909 -0.0262517666673 -0.243559393879 2.56412232314 0.979856367895 -2.42207631382 -0.0049772673988 -0.302922095863 -2.76590807269 2.60588441082 1.63625420294 2.75387501686 -2.31243141817 -1.91232829305 -2.31376109634 21
67 10068.7661736 -6.67763149535 5.69109302323 0.878978698187 -0.0524603844264 1.87716331804 -2.229031602 0.278526970202 1.14334545947 -1.12529476438 -1.46754094147 -0.987759271061 -2.42028696496 -2.77258596267 -1.97855529055 16
68 10108.6576778 -7.08705464779 7.79682679727 3.54804482927 -1.08481885281 -0.0327557724644 -0.660163354195 -0.420202040174 -0.439709025099 -1.2298900094 0.518433043039 -2.97500112045 -2.9597603594 -1.62502502444 -0.284346746385 11
69 10115.6959843 -1.33264064351 4.81415251835 3.43085236038 1.8536041463 1.5610779694 1.65924106644 0.449805845203 -0.523793618253 0.876015992466 2.33605582696 -2.45213566868 2.81866499089 -1.13476301804 1.64614030249 12
70 10146.2099158 -7.42593153488 4.60498619813 2.3209601782 1.25662913707 -2.08972788563 -1.2870938998 -0.407878523775 2.89207666335 0.74926010386 -0.977355514302 -0.174969465732 0.847927120417 -0.741789901232 1.40424853472 11
71 10194.0618155 -6.91668993695 4.07136229501 -1.13073818281 2.82390714698 2.06996412585 2.07928928522 -2.23666405665 0.215363351136 -1.46948106144 0.437992901678 -2.94167646105 2.99195822639 0.0768049173676 2.55559899509 7
72 10206.6786765 -1.78826419945 4.23605507482 2.52132601617 -2.39114724853 1.13602367103 0.405482329228 3.03848621255 -0.984400573385 2.10236715191 -1.24425377193 -0.261916123859 1.29857840529 -1.02731639932 -2.34421665244 3
73 10218.8806071 -5.14342094878 1.64536325885 0.898886408636 2.79525124287 -1.28401897177 -1.4480257613 2.25896424893 3.13463662028 -2.1173175949 0.0572108492342 -2.29502938121 -1.40816925238 -3.03318052592 -2.71535121158 4
74 10221.6627376 -7.20658042449 5.62122655982 -1.30696063681 2.78658720487 0.369174276754 2.23772444875 -0.456180779216 -1.22590728074 -2.83981219113 -1.64488319252 -2.77496099778 -0.1658268093 0.1992796632 -0.156179715256 16
75 10399.8966664 -7.26107072412 -2.33082715437 7.66247416248 -0.0632883205234 1.55431838378 2.49502128961 2.50673805603 -0.591613906185 1.0361420805 3.09337878996 -1.82097403875 1.15689332146 -1.6483322849 1.86280255488 26
76 10440.1186433 -6.25569310355 1.98264432434 8.06268145833 -0.138528321207 -0.0567328966949 0.815108118845 2.19512933201 -0.929567200989 -2.25460295742 -1.17247304072 -1.75451499083 -1.42415438618 1.19584632517 -1.87958250908 5
77 10498.2010032 -2.00299757964 6.04319999875 4.78141957364 -1.02832976842 -2.36642819739 0.489358799963 -1.90738525042 -0.382491622329 2.46335136513 2.53072669622 -1.54181344116 1.00921149047 0.531911855739 3.12177048744 12
78 10510.3148283 -6.01175570182 -1.58667385362 4.68661849741 -0.319331079731 -2.05895734276 -1.97484232483 -1.68047356221 -0.243690581234 2.43059814913 1.1823668425 -0.305055895571 -1.36111100234 0.544643536768 1.46940755887 19
79 10546.6392989 -6.75923578256 -1.52893791532 1.37538209574 2.99004294716 0.0748329513875 -1.14209420487 -1.93156640336 0.242987651402 3.05402709704 1.29156522829 1.46212625554 -0.134754869846 1.12538268612 -2.64768816571 25
80 10634.6872313 -6.27754761337 1.91767460777 6.43047868757 2.30891955742 0.230138505174 1.94979158791 1.95702821176 2.51257390486 1.12527614975 -0.954383310567 -3.01177335636 2.14969123087 0.214155979553 3.02123812612 5
81 10648.9120966 -6.62075918675 1.32755068386 8.18996729345 0.396794823703 0.245369119338 -0.655937628863 -1.10065389842 2.97151094153 -2.30087166723 -2.55904393479 -2.26025286929 -1.61207160418 -1.8213836069 -1.3711883911 5
82 10722.0390493 -8.99058688254 4.23583913674 0.768521013433 -2.64424442207 2.55034273483 -0.95734248494 2.96400805948 -2.22191930135 -2.45104186901 -0.42480937997 -2.37846784864 -0.677475169429 0.829248315745 -1.2025480528 7
83 10749.9606175 -0.713284311578 3.25696257342 4.86921144013 -2.40662668748 -1.50402875541 1.49597199661 0.356495665015 0.530321248525 1.94515662642 1.36037227787 -1.63857814654 0.39954328944 -1.4093676928 0.223057550179 3
84 10853.0696071 -1.50693974722 -1.37687152051 3.95481340294 -2.65539320571 -2.92510656714 -2.87400111769 2.65259304267 0.998346715304 0.970053813793 1.46011378513 2.64973047454 1.4978811362 2.9717928865 -2.66447322143 21
85 10978.1745477 -6.61162428458 2.02844494825 2.49210186299 0.18955091028 1.32777633966 1.31378229314 0.73195593691 -1.53078027179 3.02019816858 0.0615848179648 -0.149086260021 1.35563917481 -0.732511392121 0.123629515672 1
86 11101.7211683 -4.20368478349 4.19040035523 1.99741056982 1.07728173777 2.76958187195 2.37228041492 1.87886033472 -2.57467242423 0.287418197727 -2.01744396701 0.0225312098667 -0.278144947303 -2.48544433023 2.45601651618 1
87 11102.4603874 -6.79511779759 0.868804128005 7.07657193922 -0.610014271337 1.32806320857 0.746857617258 0.578902646507 -1.51355340947 -2.38340969964 -2.3844500199 -2.37685596602 0.0680100817318 0.3899780935 1.93328060437 26
88 11213.1811229 -7.90279709969 5.693654303 1.10062034586 -0.0181611505985 1.69589228355 1.06700663065 -2.37149920492 2.76491209994 0.348999721934 -1.71047600276 -2.22153240021 0.264662300966 0.51398232197 -1.87873877571 16
89 11223.1292997 -9.17044460557 3.02187489109 -1.51362185807 -2.3260025908 2.74808646499 1.4601696373 1.41465038662 2.27369199197 -2.50959675733 0.261371293945 -2.26814402212 -0.574121945969 -1.3602982215 1.14842180474 7
90 11286.8993619 -5.48299817211 0.386351657362 5.68904863857 1.62658479453 -0.0632277442136 -1.82465342605 -1.30489920487 2.0559971273 1.86172387398 -3.10412961739 -2.27874164953 -0.0734812586823 1.05300914108 -1.63027738047 23
91 11519.2384205 -9.03280523814 4.17090479697 8.7423453646 0.627007564526 -2.42447445844 1.63475122546 -2.02506588242 -0.0245734756934 3.11915638547 -0.142631407347 -0.409642394909 -1.58294448126 -0.0685048735452 -1.75688241306 8
92 11541.5407085 -6.87995166242 2.8567648887 7.93733908866 0.219319900016 2.2960972602 -2.94818802644 -2.24448889127 2.98000469937 -2.85518321224 -0.750983352779 1.90366762607 1.95660379141 2.8807158265 0.92804925179 8
93 11760.9690793 -0.253424253535 2.14923615482 6.50116185156 -1.83704050168 -2.82904507451 1.02269813408 2.43447248481 0.385454216127 3.10215515153 -0.747352285789 -1.28646816637 -0.0535724722503 -0.96304451038 1.69285932888 9
94 11764.7943661 -9.23504960563 3.15300247028 3.21913721861 -0.403604876821 1.12371053924 -2.90492195171 -0.264120941312 2.10997795365 2.8253963352 1.28526347037 0.906309864811 0.802883072816 -0.229749081911 -0.620021388735 2
95 11770.1765593 -8.90300261341 6.29380084629 5.37486442104 0.394688570272 -1.66789527703 1.02227592599 -2.30997221138 -2.90162292516 -0.155232976981 -0.996332499399 -0.331628844251 -1.76513023066 -2.41240004273 0.357355776695 11
96 11871.5863508 -0.275141108973 7.89902851733 6.8253744065 2.24243475106 1.20992071045 -2.29802601593 -1.32463181667 2.62425210513 1.78064655962 -2.62145974194 -0.0350699366399 2.3520378274 -0.692096693357 -2.53848169512 18
97 12066.2960057 -6.81805335099 -2.73106429547 3.71656726903 0.406220921083 -1.76043481937 2.57934411856 2.76757633769 1.22157200923 0.37467035658 -0.614824617483 0.467860881998 2.79726917939 -0.082792376532 -1.69509870446 20
98 12068.7942078 -6.90102755869 3.45179128738 3.59579958645 1.41569994259 2.73256739311 -2.10068452103 -0.719354759955 -0.902437570025 -0.35051177942 2.6503954409 -0.419910559224 -1.69730075748 -0.115298091469 -0.601018723209 2
99 12068.8392224 0.450976915803 0.461838754937 5.30869397518 2.13870832198 -1.4229154318 -0.675769620888 -0.648471117229 3.03643875005 0.691467678364 1.48523088771 1.98773152632 1.4891251578 -2.40700784804 -1.8742783496 21
100 12124.163111 -5.07265756684 7.29182935358 2.20561846631 -0.0416062324548 -1.55009017701 0.394788858486 -2.88300114048 0.860304639738 -1.97087719988 0.487435824965 -3.12156553836 0.215870881345 -0.433597762658 1.89976707093 10
101 12170.7486941 -9.60569333874 7.89603854424 6.68011243412 1.90340168185 0.401173563979 1.31302788237 -1.43491313295 1.38210201093 2.21816667461 -3.08874011603 -3.0148601911 -3.01406638837 -0.308825259545 -1.27846864936 17
102 12199.5374529 -1.82324395568 3.03172207001 5.0136601662 0.109691717134 1.12132805406 0.701104757343 -2.03273217152 -2.07069722629 -2.28617212389 0.363196936871 0.867190103167 -1.09036031287 -0.184563729838 -0.376626737073 3
103 12203.9886514 -1.89541080521 7.19895324 4.05916602312 1.22321860897 0.762421361187 1.56856317083 2.5479206152 1.06627357861 -0.162770329375 0.626489959333 0.466932583597 -2.12588014933 0.370768745896 3.07234409951 12
104 12242.9001555 -1.68910625174 3.11305303571 -0.260800207431 1.15634317001 0.000893010548249 2.49714383293 1.72867912947 2.41082224419 2.78198136586 -3.07422212168 2.0184851208 -0.11710518502 2.04549131648 -0.411205510258 6
105 12347.1067174 -7.32808768685 3.17462347057 8.35625346636 -2.3189386266 2.8291938329 1.42828042415 -1.72476902459 -0.900575746109 2.82772903161 1.40737396848 2.19110256782 2.12008472331 2.10395730695 0.597046447905 8
106 12448.7946306 -5.34195559541 -0.879019491012 2.2179700684 0.786159202798 -1.65128200524 1.51695223418 -2.91802198131 1.7575403763 0.983122975075 1.28723157826 -1.48152661787 -0.134322486385 0.660040179744 1.65329543325 19
107 12509.7362596 -2.19676118419 4.21250575497 6.54334696387 1.53900485077 -2.16989969989 2.2237075695 -0.369446644393 -1.50340408086 -1.17742707197 -0.691971080131 -2.03958086792 1.53296120516 1.90460287834 -1.64426013749 9
108 12584.6367162 -7.68347895308 0.180940558582 1.59254744352 -2.61258173265 -1.42350771053 0.083107342002 -0.44335590232 2.82913507109 -2.57311935836 -3.04128326325 2.01476038621 -0.824117788625 2.30904539707 1.58597198887 25
109 12634.850203 -7.72148527078 3.48407946044 5.66756127268 -1.41949059583 -2.37160057657 -3.12311966392 2.94319588791 -2.62158582251 1.69123354994 1.97122100085 3.11538063161 2.63367369376 -2.40506337788 -2.17978003205 8
110 12757.0689322 -9.08434411 6.21966597288 3.49018895657 -0.155085178242 -2.15346187559 -2.94470301624 0.110584190549 -0.551177083265 1.28942421602 -2.44716813302 -0.221043901343 -0.950064732856 -1.129713444 -1.18332211641 11
111 12870.6430526 -6.66673838022 0.140721045243 -0.137158878298 1.55654547731 0.329521079819 -0.231306136496 0.0470096182262 -1.22521577996 -1.19162152192 -1.23014972264 2.52159880703 -0.37335198282 0.18163031872 -1.97024049062 22
112 13062.7629806 -7.05258082234 1.95992449969 4.95901855098 0.214610213399 0.907196778217 -2.73930544929 1.88644699002 -1.16588889917 0.211771235046 2.1710077536 -0.499123128245 2.10524465724 -2.03931016914 2.7424885276 2
113 13067.3011201 -4.29016840104 4.85094057089 5.89761552731 -0.930163456264 -1.75571982103 0.215073310244 -0.676261998335 1.27691809093 -0.560592877952 -2.95705921955 0.988008097139 1.46705591708 -1.10143287261 3.0980869928 14
114 13093.9516432 -1.7091376692 1.01403979888 2.51486208129 0.801214537165 0.909878015071 -0.815678967401 2.23542440062 2.97144044647 -0.812181670054 -1.79260569456 2.66607606265 0.391250288252 -1.86894222532 -0.245746492603 3
115 13134.4599621 -8.38252550941 5.307912114 7.38681595136 2.39509683147 0.303191749053 0.593532679918 2.85439388439 1.55447823092 2.5638032552 -0.789966299648 -2.92969849524 1.83023059815 0.338821885146 -1.35948142907 17
116 13156.3302672 -3.25632831538 -2.41923296249 -0.823576355527 -1.60157005994 -2.13585012642 -2.28834266211 -0.922222346221 1.43139149021 -0.693667165951 -0.187124216353 -0.320336113313 -0.995370340792 0.520217514633 -2.2725948805 22
117 13169.3452056 -1.06006847388 -1.43076836908 0.331416982286 -1.85706592956 1.7797445941 -2.25831677275 0.309889104437 -2.34447571717 -0.370482639856 1.71505732444 0.948115695017 -2.32037546102 -0.992894000111 -0.97026620931 24
118 13398.1160061 -5.56714494776 6.42103170493 4.47146396545 0.765696444686 -2.96283208855 -1.74116059827 0.800783746827 0.765741478205 3.11209326756 1.28202103159 0.813856924334 0.617879054916 -0.0576481038107 -1.31672365136 10
119 13486.4768531 -2.39711066973 -1.56005021931 8.61030932705 1.82156300975 -1.31448275099 -1.62325246346 -0.738542877253 0.726847984815 -2.58894918261 1.43007453909 -0.432381490956 0.637409824677 2.13229551532 -1.2465933716 27
120 13520.9680251 -6.95934811983 -0.379169576263 7.27310818921 2.36449668061 0.527831529229 0.432673745045 0.44885233639 -0.373331610821 -2.6876408567 -1.49285873356 0.915641759344 -2.29828921204 2.81112094886 -0.550260099093 26
121 13685.6998952 -5.04015875553 -1.50949550547 2.9796559991 1.97072415887 -2.90267768007 -0.94992625392 2.33013256707 -0.302061742846 -0.424047100442 2.03230539532 0.283113371424 -2.12126285626 -0.0308903707249 2.79847321627 19
122 13793.4672772 -6.73728038542 7.26115391477 6.28862510039 0.865853302117 -2.62775150976 -0.284833989821 -2.00816959634 -3.09704685299 0.722593723618 2.27871990535 -1.08285473705 -0.180611634658 2.06086714522 -0.542997444319 17
123 13895.8326254 -3.64832413155 -0.923538143631 4.44681433603 1.85004257735 -2.02534347869 0.659502565654 1.86717730604 2.48339976533 1.51322537239 1.46141239166 1.50863968349 2.12841141815 -0.0831425443066 -2.54809140955 19
124 13956.2621288 -2.20531262504 -2.32557457779 0.858736798947 -2.59268891622 -0.221649295235 -1.85827792519 0.266864953281 -2.81952169623 2.03566334463 1.18999155774 -0.384812805198 -1.77005639609 1.61596490805 2.31177793865 24
125 14227.3515664 -5.53619288233 2.89127969977 6.24617639855 1.89850759676 -2.56028955979 -1.96569758263 -2.86249836537 -1.58805703047 1.24209211089 0.556309140131 0.0645407964899 2.1748009232 -1.93452478877 0.392912475019 5
126 14234.0547046 -8.05362370137 3.23837975986 8.0862352964 -0.0368493354382 2.68937423591 -0.642335088414 2.71005278533 -0.905888260634 -2.27670104696 -2.36702485864 -1.24721690431 -2.73662746722 1.22226047921 1.00342965153 8
127 14500.9230795 -9.60085071943 -0.949320312904 3.03355978138 1.8518198161 1.81325549104 2.61978319736 -1.62412916046 2.38081840111 -2.0615284922 2.11079036359 -1.73216197757 -1.62629969318 -0.83597066071 2.63627069037 20
128 14606.0241064 0.00294256999243 0.441370269015 5.51890124097 0.206341203731 -0.632377737372 -0.824921976251 -2.48095291704 3.01322712363 1.47511047879 2.76484335449 0.51176333511 -0.341145823268 1.94589761435 2.34634667879 27
129 14689.2663081 -6.5297164796 6.787968794 8.89360878329 2.33337001023 3.00380631051 2.50955407396 2.48653720212 0.621158295013 1.81964439532 -2.62870237774 -0.84681154284 -2.67437816547 -1.15431624585 0.203242347352 14
130 14768.9585366 -0.400374709235 1.65175870814 7.20591925258 -0.82469511721 -1.24011164195 -3.0025301338 -2.9066324389 0.155424909876 -1.30556744298 -0.754327480906 1.23260103922 -1.7173057811 1.40971506653 -2.95301852638 9
131 14941.9855746 -0.922016049088 5.9046174658 5.05481881517 0.186216265267 2.39343022273 -1.47906432937 -1.51053887044 0.662206060573 2.3366615392 -0.555543797008 0.025071246546 -2.06695938867 1.50628125131 -2.31194210629 12
132 15044.8889005 -9.3155081106 7.74365006617 4.07694992893 -0.174809507393 0.296572145965 1.83122489903 -1.86658653619 -2.38955618234 1.83992303687 -2.75768947116 2.44082331923 1.58894744027 2.80157478455 -2.1985747107 11
133 15073.0607904 -6.39315946436 -2.23767754118 0.208935988239 -2.23698183739 2.94081462291 -1.227696483 1.6411262293 -0.483635646893 0.779906671739 2.11370445976 -2.3686980399 -0.680642311043 -1.30062727201 2.40389589963 22
134 15131.6897598 -5.90405411294 5.17849691785 6.61608917641 -1.50138044899 -2.71149102837 1.62735582592 0.310054833341 -1.04273458582 -2.92492421036 -0.622679623299 1.60853014762 -2.14861661078 0.711415065772 -2.58605012814 14
135 15340.3819044 0.61833444694 3.85756469711 6.88685512959 -0.349932767121 -0.665729983765 -1.09218529499 -0.312754714458 -1.7184383085 2.5872142495 -0.857200625984 2.4038420118 -2.30790688325 1.93833248473 -0.941156590878 9
136 15427.5318568 -0.301652315226 6.08637370985 8.84646915229 -0.991568199105 -3.11165246962 1.89001343443 -2.49318073719 0.174013708629 2.48320046003 -2.05296387335 -0.929578643091 2.79316435826 2.34484050969 2.47114392335 18
137 15723.4955123 -8.31538099716 3.93308582321 8.25780567541 -2.81075444069 -1.89646631943 1.07182063567 2.03645228569 -0.779101996439 -2.05302800264 -0.20683272492 1.30782516905 0.847675585758 2.97891743186 2.11106387903 8
138 15864.4462751 -0.816505818844 7.85482824355 8.6655247347 1.82063423493 -0.518254580041 2.64180781193 -2.7135262412 2.15601336593 -2.92661541477 2.36218747837 1.01410468958 0.0700595354896 -1.01235799459 -0.41385752852 18
139 15952.2634196 0.621479207762 2.97548414154 3.43671584119 0.560178057792 -1.78593758949 -1.65371632281 1.48513100032 -2.8579906791 -1.34143520072 -2.9947036247 2.49586673696 -2.26880848447 -2.95137712342 1.21192304653 3
140 15968.7191555 0.448583325019 4.5534635313 8.51027468233 2.34769713385 0.557177244911 0.834106133503 -2.55466116282 2.62116589265 1.65570890317 -2.72349316432 -1.66859037555 -1.4328968275 -1.50130162461 -0.377535253603 9
141 15975.4913704 -4.14071821778 5.1749612898 6.60899976623 -0.384155084222 0.957519813801 -2.79001504807 0.297543904661 -2.35613959825 -1.41409922495 0.00149361740381 2.56385009889 -0.741699859488 -0.285227568135 -1.50097820581 14
142 16282.1067029 -9.77349495034 -0.330636599105 -0.235886317934 0.1544220463 -0.652903408442 -3.06162375509 -2.88828070588 -1.35790329734 -0.2422436559 0.591490659634 -1.44954835639 3.0673334124 -0.972541495225 -3.09307693123 25
143 16413.8345517 -3.655296639 7.85345392743 8.12404614343 -2.7456615904 2.64403737798 1.92294587763 1.2990433997 -2.81417001597 -2.73700859868 -1.74819452638 2.44359009195 -2.2686903427 1.14825390816 -2.31248287319 14
144 16450.1017904 -8.9733608115 6.37352462989 5.73724083174 -0.311295256747 1.72887172144 -1.66046050395 0.410666999411 1.73963522719 2.8977064386 0.569622124914 2.95543867487 -1.78517925455 -3.09631266506 -1.83632329718 17
145 16506.387441 0.328717477026 -1.11460071583 6.36497757243 1.91398458338 2.46102119177 -1.54805134502 -0.976769767128 -2.71678462395 -2.72001434338 0.945840201478 -3.07335725537 -1.72886737515 -2.13720181319 3.09709958659 27
146 16794.0927282 -1.69141481524 5.4434338926 8.01260652547 -1.26409326947 0.774105132339 -3.12956029155 -1.06918340851 0.616761247818 -0.16572019324 -0.566258713116 -0.121117026775 -2.7026036032 -2.93168395827 -0.873342308496 18
147 16870.5831875 -8.33216426672 7.76547456366 7.35326481383 0.63876468065 2.31700787898 -0.902199510862 -2.74819147396 2.04719686158 0.549721351604 1.29852646527 -2.06580232819 -0.308462542042 -0.829564494148 0.0187620425954 17
148 18267.0233785 -8.28506978494 -2.58508102319 -1.66331097503 0.639767617055 1.77551350822 -2.77832384111 -1.41656945861 2.58105463079 -2.46416174255 2.36656777645 -2.30753407545 -1.36458992264 -2.95350619717 -1.19043065604 25
149 18345.4767286 -2.67184957021 6.39601862287 6.50365698613 0.504813758987 0.602830206932 1.43820974177 1.460216719 -3.08882450703 0.411701648514 -1.24013993084 0.565093887235 -1.68768860137 -0.775467712725 1.70973063782 18
150 18463.159898 -5.49487535476 8.2266158125 7.39685635689 -2.62475297165 -2.77621841867 0.887561185679 2.52110184644 2.54887584129 -0.103128621325 -0.742733997893 -0.278973604622 -2.40228761186 2.08761051406 2.20200552696 14
