 -3.25004572776 0.724332076736 -1.92957097405 -1.51723853556 -0.906828058612 0.0864622798274 2.46583934402 -2.45847297053 -3.02539470865 0.873915795255 -0.404222339059 -2.41738301533 -2.21294850575 -1.04984859123

1 301.712593384 1.28966101857 3.58125028625 -3.11552555485 1.03521938511 0.958296852458 2.71870266141 -0.54424562802 -0.1914562751 -2.80234701475 1.29044658252 -1.29570472399 1.72149891639 1.38323284933 2.2245620376 16
2 1197.71241791 5.1501611045 0.565122988454 2.570565184 1.60470811533 1.58352503428 0.398062470243 -2.03256817628 2.1535218199 2.57768188398 1.36204677703 -0.292348453687 2.84019442051 2.16150464128 2.08334968209 3
3 2190.70706207 6.67182136885 4.75509467467 -2.71963752992 2.93612181324 1.01789839872 1.26729195993 0.987697607681 0.938772817283 2.684295895 3.1353736589 0.771799127944 1.28959961516 -1.42828057036 1.92705286909 15
4 2400.26590754 4.60547524117 4.75944085525 -3.05895872908 1.3871348207 0.748728138879 -2.07280148142 -3.10652094909 -1.82184154162 -2.74050317606 -0.974532433961 -2.14813383564 -1.06862596876 2.59010733792 -2.34959264386 13
5 2670.67669251 6.10476398321 1.98460848002 0.192604847547 1.49385822546 -0.489274907395 -1.03869885437 1.51742145696 2.66980889011 -2.64041802209 -0.275589657327 2.20603836264 2.28559012901 -2.64899344093 1.63362214811 12
6 3379.15343714 2.68343312787 -3.09052546708 3.73264598913 2.20231220586 3.10827775697 2.36905063539 0.233465015379 -2.47742587304 2.33972826261 -2.60868844058 -1.30665091719 0.417611739912 0.914675919203 0.783450878469 19
7 3549.49720783 4.53219042189 2.19273508338 -2.31771972268 2.34956517152 0.914584917813 -1.73017481175 -1.8423392522 -1.32285751012 0.138712319421 -0.286833297504 -0.44910724437 -3.12292161961 -1.98943277528 -0.718982214694 13
8 3794.95457112 5.23548212777 -0.137689578335 -1.86790068627 1.44066672064 2.46804421134 1.47510725034 -0.153867592681 -1.84329790334 -0.719458977495 -0.0856821876064 0.027420760531 -2.62122209913 -0.157055009742 -0.550702192679 6
9 4076.20811216 -1.58679062327 3.8705300375 -1.33758583992 1.92387389339 3.07076230665 -2.94137935254 -2.3180713119 2.832638492 1.58023590876 -0.368296837055 2.76730612844 -1.99284546401 -1.32964467796 1.21703755277 16
10 4152.62087042 1.87820941755 -3.50281907902 5.19525716086 1.84828619314 -1.61352581671 1.52233261301 2.23561207626 0.726070329544 2.59095573279 -1.86673704337 1.3577917435 -2.53601187954 1.15601455771 1.22525938252 23
11 4165.30551542 6.87500789149 2.12850992061 -2.62741930794 1.530646738 2.99051277873 -1.57040597284 -2.07417902256 -3.11697405097 -0.0779864836474 -1.38807515297 1.45371695823 -0.0553345288139 -0.980874836311 1.76040791715 15
12 4337.9003327 5.13224372302 -3.03136571155 -1.24488782486 2.46258589032 1.31936275218 2.75591856723 -1.24615326729 1.09490576972 -1.74047233715 1.67830912837 -1.65175861347 -0.832731964005 -1.71081779955 0.508051004519 24
13 4396.37528954 6.54913324661 -0.17042424606 -2.78532263015 1.86338249695 1.98360014366 1.59949714366 -2.26277698833 2.37264900807 -0.00920927797383 -1.87236624948 -1.51045960346 1.35518751651 -1.9937735709 -0.269434461669 6
14 4789.62853347 6.08968249203 -1.57663193559 4.11375582672 1.78048452071 -2.48737709047 -2.23824753711 0.389668537519 -0.833782190598 1.87293409783 3.11103462356 -0.139933588515 -0.946456589677 1.51061328882 -0.5664179099 9
15 4960.63456246 7.73936047072 4.24249671357 -2.33209643663 -2.80062001045 -0.286136170179 -0.164218386844 2.76019688784 -0.667412964968 0.267061192207 -2.79693508348 -0.985650221549 2.17478462303 -1.29203810484 1.99984411186 15
16 5041.35631449 3.02121133702 -2.58754719231 4.95733741771 1.75998836309 1.55973215067 -0.0239282906356 -0.843300443265 0.88343832384 -0.165784963798 0.259820321339 -0.263324569935 3.06280258231 2.97228681075 -2.26847194943 23
17 5301.43118274 -0.427749292798 -2.51685317239 1.66127122317 2.07389330634 -0.936763048307 0.328609663903 2.76618165636 2.99611824907 -0.455763812931 0.61053943719 -0.0420403515659 -2.90629177919 -2.88533140848 -0.213136557554 2
18 5347.47076822 3.94787497216 -4.22306293447 6.16701613429 1.64919419907 1.67964080108 0.795268468792 -1.27678318986 -2.51967908156 -1.22828371095 -2.80107334952 2.57400027044 -2.67064435067 1.03932769236 -1.78924739237 23
19 5475.64030527 4.87178838222 4.50796906114 0.124856275801 0.672217696781 0.685596695053 0.505782158813 0.565969604562 1.43521341684 1.4196665019 2.83008539723 -1.49462553545 2.30086100978 2.25961032951 1.31110179865 10
20 5689.79389407 -0.426704457109 -5.82651456254 4.93956461013 1.92831831769 1.50279460502 -1.63413806608 -1.17667014286 -3.08256081932 -2.55449530294 0.42007883977 0.542089449429 1.0242060332 -0.29488232565 -2.22873750503 26
21 5797.37492234 8.23973919069 4.39364514846 -2.72435075486 -2.83222821333 -2.24495614242 0.923528393252 1.26879969245 1.36653517155 1.31931281472 0.186902421201 0.151441530653 2.2093002723 -2.64407425425 1.51114156096 15
22 5989.13501592 3.32080260999 4.73603160097 0.90280903915 2.30524794076 -2.97586987095 -1.93216318875 1.60220278633 -2.72563237969 -1.6092534074 -0.852808405455 -1.7838948317 2.75741375433 -2.84921319033 0.504142009351 10
23 6223.35659888 2.32216169317 0.27315356714 -1.79819458847 1.42918049294 2.86954371222 1.95906936359 0.838271195012 -1.25545832048 -2.30093281278 1.80332345352 0.415028151498 -0.899947802595 2.38728043496 0.952705142724 4
24 6342.17302628 6.27281678952 -3.25739395921 -2.98959405743 -0.848996066954 -1.64544179654 -2.35137275846 0.838744494924 -1.14646896579 -2.69614048723 1.60644058275 -2.659221521 1.40046078099 2.20343798324 -1.47004842372 24
25 6506.61472387 5.4411670421 2.8314127853 -3.26410128165 -1.97522311082 -2.52119648631 1.90840890149 -2.84334275119 1.89450314772 0.422702816822 1.66351312726 2.19273880458 -2.2856504061 -1.6330325138 -2.48008757495 15
26 6538.07712634 4.96107975805 4.43780618739 -2.44695805171 -0.61732962532 0.691106657756 -1.59410953579 -0.493423144035 2.08475730364 -1.16089501988 -2.53183046948 2.15336563582 -0.346925344516 1.56407172604 -2.85630446612 13
27 6710.66790099 6.82626725444 -2.27100180635 -2.31824230955 -1.85968358324 -3.05347761099 1.45184375507 -2.45697155359 2.82383074527 0.134536879886 0.497107281552 0.574183495834 -2.45850310648 2.92911494103 -2.35269801422 6
28 6800.45652953 3.14872086848 -1.81857843266 -1.38426598873 2.51266236891 2.97867812158 2.51307833105 1.94123861086 2.95181726987 2.62090472773 2.16653479049 1.2702359965 1.42772341496 -0.646872031425 -3.09466228873 4
29 6916.18074764 5.39408110033 1.51031057316 -0.0719004160448 0.216072410592 -2.6415600563 2.40173574499 0.540099203646 2.85719188443 -2.82422110459 -1.23743272777 -1.41688056956 3.01241396807 -0.117596736192 2.76349989301 15
30 7066.62902017 7.57692590112 -1.75352766704 -2.22888554494 2.31875522522 0.860818403227 -1.95213629524 0.347415078787 -1.31475838715 0.892622285246 2.40464174644 1.05489064639 -0.120954328709 2.29661050782 0.305404954878 6
31 7110.02446267 5.47177972445 -1.36891906535 1.6598249898 0.508463995414 -2.11814688513 -2.8926435983 -1.43268375401 1.38696980005 -1.79119427206 3.05877542753 -0.12991730339 1.5643820155 1.09366854742 1.50128624419 3
32 7170.54835735 2.82477862736 3.28777570047 0.281173287283 2.64216050151 2.43699689248 2.8562672389 -1.35226586134 1.28549154119 2.89962859797 1.1642170367 -1.94663874248 -0.668443226921 0.448625564301 -2.71152332835 10
33 7406.02582826 1.2172624194 0.826048254964 2.50790856171 0.499873126209 -1.8413024126 1.46033442614 -1.27761447609 -2.0680938626 -1.82909787127 0.620642150515 0.177672376156 2.51326109973 -0.820452931851 -0.330719731569 2
34 7592.40674121 -1.31882136742 0.29201033621 2.26983019955 1.80605183559 -1.42104308591 -0.548528371024 0.721002692182 -0.265211424471 1.8621136626 -0.622060558128 1.85692755074 -1.05450089086 -1.71307590325 0.19621649694 2
35 7668.14363979 -0.687557898484 4.75283483456 -0.417090484021 -0.988593935706 0.471699124942 -3.09168453838 -0.485018158717 2.89587530012 -2.31761439624 0.0598374211121 -0.818877564163 1.26764149069 -0.07739662362 -1.50781227653 16
36 7720.76618789 5.80768161025 -5.39480287174 0.476216374122 2.85955226174 -1.4337456732 2.95196155643 -0.812643656278 -0.718749493729 -2.73854270438 0.22258513745 2.98346580765 -0.0958201473644 0.208487206395 -0.370284806769 21
37 7795.63209718 -1.89796948012 3.35278184736 0.292592975094 0.976605015782 1.8170855632 1.70642006135 3.1381694414 -2.88616362093 2.09665585635 2.02270144512 0.0380728058395 0.37216340646 -0.519731720993 -2.79571799249 11
38 7796.7784743 5.06857312102 3.46120655139 0.0163657302752 -0.309537556584 0.976595795002 -0.886046034123 2.37949390885 -3.00504727702 -0.398183615224 1.09288939823 -0.302110126535 0.996460430716 1.20360010047 3.03726168899 13
39 7854.82169005 -0.631529868496 0.271905033201 -2.36462168506 1.91867400299 -1.57554037234 2.17253195198 -0.852065138221 0.156193870713 1.40573449104 -1.59222642754 -1.07924199058 2.59070828083 -0.45900459154 2.56222162762 7
40 7904.57905117 7.36739120541 -5.84709876006 6.6138598985 0.733252314655 1.60258039283 2.17634428455 0.685751637985 -3.10408357116 -0.886117050311 1.71233787965 1.63878012458 2.7632287617 2.26902513369 1.03059305129 27
41 8001.6966489 7.93375411628 -5.60313697352 -2.71157190426 -2.22187118564 2.3354506305 -0.599722108311 1.80876590731 0.774481783174 -2.35259995757 -2.09381436014 -1.71249074024 2.58950255625 -0.604435246964 -0.594629428918 24
42 8013.60321535 4.98589298533 -1.35620525355 2.67628813285 0.300846687038 2.95868547035 2.24631191772 -2.74084594903 -2.90993500395 -1.98846506236 -2.59081610209 1.99929465138 2.91385990417 -1.87103800952 2.67302240587 1
43 8024.71856811 0.259914655108 1.06396350997 -2.47225886818 0.105805092024 -2.79893591808 2.88811409247 0.967445882081 2.34169567703 1.40856467882 2.57433203786 3.05857809483 -2.03647224501 -2.34905942349 1.88520845974 7
44 8087.79723676 0.995243542753 -0.5829261566 0.694627270448 -2.01828417196 -0.466036703918 -2.60986699666 0.196999958181 0.519788382156 2.72527441044 -2.18680404263 1.33717351659 -1.70059278477 2.63332226025 0.258005546428 2
45 8173.95483682 6.19100184754 -4.99759003216 7.23862307783 0.442737476027 -1.48693568034 -2.09421845688 0.945985511916 -1.92763728698 -2.79025158295 -2.12299931792 0.883154957665 0.241649894668 2.78561557628 1.36933826053 27
46 8301.80857148 1.4296301312 0.343021884675 -2.94277123692 -2.63320692197 0.996575491201 -1.04447690302 0.957036661331 -0.903254991575 -0.161407663247 0.929187958971 -1.48310882004 -2.00800005808 0.575379608426 3.03221752517 4
47 8302.40487056 1.24345306283 -2.2717908843 6.09783665804 0.299798440524 2.27261513487 -2.48329286138 2.19342017171 -1.94358895568 1.60408940271 -2.14686096246 2.77088280513 2.06323004409 0.148128306799 1.5373243388 8
48 8365.06786868 3.97654053888 -1.64732546983 -1.16843477993 -1.89920887508 -0.99391927345 -1.7039636824 1.52434172419 1.15218862989 -2.5721990345 2.64197786004 1.96651402407 -1.94748797301 0.261184180398 -1.57668172768 4
49 8435.03432041 4.31830294448 -3.15004687454 0.199039565658 0.367733356162 -2.9205160362 1.21494334604 2.89766309255 -0.865531921724 -2.50591638687 -2.92399227684 -2.14659983921 2.8224283497 -0.398997093044 -1.60909598196 19
50 8563.83793389 1.06295321502 -5.6616166982 4.33608192516 -0.243861388386 0.446185020065 -1.65729208632 -0.379104352121 -2.37256850137 0.364696572943 -0.736026430763 -2.04992211861 0.437424326074 -2.67418546361 -2.79962358477 26
51 8600.27138231 3.45787658633 -5.67119343167 2.02343147914 0.401580566539 -1.90791595739 0.776875813094 3.02178542929 -1.18258764715 2.5930608442 0.560136545024 -1.7304492491 -2.02304817086 -1.23659468294 -2.27904380801 19
52 8627.62102833 8.2704281029 -3.96517272278 -1.96932830111 -0.198711408321 -2.88794323093 -0.979395001592 1.89319831284 1.66023939793 2.03916325486 1.58461311511 0.202676381279 -2.20213848602 -1.56394416345 2.39078617313 24
53 8947.85344606 3.59963966698 0.147763199704 -0.554878182443 -0.0938982036159 -0.123217674708 -0.224522362306 3.04921283857 0.615866817543 -1.73296024071 1.50997048982 0.282591792206 -0.000459583418567 -0.879327786524 1.94599670287 4
54 8959.58009278 2.13096016125 -0.888211675672 4.76286979878 -0.237574660323 2.51826962821 -2.89741341956 -1.43312253052 2.73763940031 -0.0236511910101 2.56099722429 1.75032786427 2.41133382081 -0.614322812594 1.45216330314 5
55 9095.81891236 -1.51608578239 -3.08871013036 -0.906522916068 -2.67889859834 -1.09222716801 1.29914692961 1.66868886392 -1.60433064329 1.94680337899 2.9870917986 -1.11382921889 0.249459087116 2.24929924862 -2.20536310471 25
56 9171.30250783 -0.738905602134 -0.356477483297 -3.05251236434 -0.114787894847 2.020768867 2.19730242285 2.5712066166 -1.43618327894 1.82746061517 1.36001455216 -0.40990741091 -2.63249704591 1.70299747542 -2.00739092241 7
57 9294.93327778 -0.530641942057 -1.31636487154 -0.159733198449 -0.203783570395 -1.70976110882 -1.769876415 2.80282148789 2.67643522942 0.346504297714 -2.01605123356 1.76305266029 -1.16569060432 2.39525276303 -1.43697240662 7
58 9324.91723296 4.36511896511 2.98396607226 -0.786585766516 -1.40730189216 -0.519801702013 2.52410361085 -0.328620881437 -2.82513169673 0.601357474413 -0.520185052473 -0.466402375777 -2.44588969587 1.43804196863 -2.0517030928 13
59 9343.16274479 -0.737773579818 -2.53758706939 5.41764900597 0.868493889575 2.338457842 -1.87070119323 -2.42993926843 1.61290574741 0.554889539785 2.4913683425 -1.26410152553 -1.80213361701 -2.89817370373 1.1535257255 8
60 9358.04605411 0.959766818579 4.22602436531 -0.833660860234 -1.23987979185 2.61909322515 2.45704135578 2.53375734148 0.459059093946 -0.725990460157 1.46784013482 -2.3898382298 -1.51469008265 -1.47374158814 0.486874097792 16
61 9419.84997743 -1.33301195651 3.74418661917 0.203932179276 -1.99827019704 -1.99950175825 2.43538652898 -2.17820577508 1.27166325829 -0.830328984382 -0.229655008847 1.6379707276 2.07075288874 2.12875243024 0.985159807218 11
62 9490.046591 -2.00936484972 -1.9176136788 1.77147262912 0.873909452903 -1.49116395157 0.651645060484 2.90943285735 3.13074553459 0.329313882531 3.10328085056 0.000503923362077 0.0347850835793 0.368498893574 -0.719335880768 2
63 9500.26397815 -1.32226805121 -0.079899405219 1.08835837546 -1.42742481321 1.60344561733 -2.39717909455 -1.28464548621 -0.894903871553 -0.526762815702 0.456126399514 -0.0473674980332 1.05287292786 2.23453275647 -2.05593655677 2
64 9661.59212249 3.92908107362 -4.37977627982 -1.42346987463 -2.34493319287 -0.937756647073 0.6610710251 0.014477905496 3.13489569051 -0.329540282469 2.35321106928 -0.208785787999 0.0540933454894 0.784482554116 -1.39184270807 22
65 9705.04180848 4.88017514328 0.224770058379 3.27509239917 -0.0807303044074 2.42705759336 -0.0298360444047 1.34640899079 1.18310420964 -1.67416720605 -3.08294177724 1.12298249747 0.0624308771447 0.51733298372 0.46248956529 1
66 9739.97327548 4.7691144812 -0.286464457851 4.02016905642 0.182205724075 -2.98206811943 2.48046011494 -1.29107845866 2.63294768697 1.93564889083 -1.83345825754 0.721935003841 1.42275189689 -1.4484060828 -1.19246134191 5
67 9953.1144581 7.39659614185 -5.11743081622 5.22818117274 2.99401923041 0.0105738663571 -2.92827428918 -1.10614405056 2.94779117415 1.84926122823 -2.1373316215 -0.476668011721 -0.557567771091 -2.4369821661 0.699138895357 27
68 9987.44977637 6.16435119644 -1.12396715978 3.00334400501 2.57257184186 0.261959962461 2.91189463847 2.56551262973 -1.968499639 1.2386376764 -1.21265551448 -2.03576725991 -1.62068092488 -2.6586963029 2.36688440862 3
69 10118.7875917 5.23722637231 3.26273673733 1.75377642652 1.23309323509 2.66759361339 -0.914409596502 1.01285990497 -2.69299173974 -3.14025898064 -1.35868540373 1.67729489457 0.852041924204 -0.719127175158 -2.23360510881 12
70 10206.1668406 -1.49850484492 1.53561486419 2.50102516273 -2.22431562728 2.79112709368 -0.0771033637547 -0.654909502674 -3.06972750591 0.801503976939 -0.265479331677 2.86905861896 -0.351375571137 2.9840145701 -1.08599774239 11
71 10341.4439539 5.30360796243 -5.00245527568 0.927793009559 -2.67887444826 -0.289553301839 -0.00412258743129 0.332752034515 0.383226793367 3.13540708422 1.85348301871 0.274156189667 -0.177224022262 -0.845382345345 2.82460160758 21
72 10398.969494 5.88031418823 -1.51195916152 -3.12231444146 0.693787711812 0.504745200563 2.46738217892 0.0621901936025 -1.34762354588 -1.53450573629 2.46480782738 1.79073484519 -2.13743768666 -0.538530197157 -2.54970912486 6
73 10427.5490273 1.20538216237 -0.794008114448 5.412102583 -2.4535345698 0.696208671422 2.16999435997 3.1298508596 0.00762124011803 1.69290728866 0.415341066974 -0.452379267667 2.13198019554 -1.47973682108 -2.76458872689 8
74 10463.7552823 6.83533549659 0.81061107828 -0.134176936991 -1.03020551132 -1.50582751834 -2.92096430733 -2.77329871539 2.99741365626 -1.9714057516 2.46784208872 -0.260490124948 -2.14430903435 2.94583972354 1.09949595825 6
75 10681.1852614 5.90553016702 -4.00642574823 1.66855475015 -2.67740651661 -2.5944042377 -1.83387545512 -2.55728511083 0.394172670545 2.38025604652 -1.73286638719 0.579365462946 2.52476804355 -0.48676746314 0.0293687112775 21
76 10705.4288376 0.18504656689 4.06524656798 -0.755817342411 3.10414555658 2.29742073708 -0.114084773921 -1.82797028828 1.29271922026 3.12667100741 -2.81408832249 -3.06423888292 1.62092665754 -0.355985070265 1.95564382834 16
77 10738.648341 6.69278496847 2.10638662812 2.12938274053 -2.90309043473 -2.66426420516 -1.96841739927 -0.627655811379 -1.69363137062 2.89382021339 1.01650468735 -0.610590136017 -3.06253609752 0.955044365515 2.49755166263 12
78 10813.0175722 7.04019941812 -0.41960891608 7.19678239086 -0.331581155006 1.75943542938 -3.02238175392 -1.86847919452 -1.39954330987 0.925833476575 1.87593468571 -0.752534713882 2.6611417479 -1.31262117248 -1.30939515944 9
79 10979.1355735 -0.0522016846879 4.27776472209 0.533555993633 -0.650709589008 1.57776813383 1.55139523057 -2.70831385551 1.6603178286 -1.53424069315 -2.77141631051 2.17539327614 1.12479012882 -2.89321835832 2.51006898586 11
80 11106.0139897 2.78917228729 -5.99524253778 -2.43585224251 -1.93286857477 2.4245243265 -1.20795872129 -2.41962085686 0.742874854832 1.06094786077 -2.13842780779 2.90061392329 2.81660800374 0.242381505084 0.478096912552 22
81 11160.1606627 0.289616166433 -2.98455859442 -2.35104424829 -1.57464124655 -1.35279200313 0.714572953689 -0.967723725608 -2.68261971027 0.408133666949 -1.28744437868 -2.13502101376 1.56270622611 -1.77378258805 -1.22062383055 25
82 11170.1031854 4.88498982198 -4.26135826284 6.72227129647 0.33566361162 0.261930874672 1.69875503695 -0.784795920227 0.0099251410976 0.519090439076 -1.60855499052 -1.61368926447 -0.725629032983 1.59141775457 -2.36037683896 23
83 11230.0897188 0.408267793698 2.92528453923 2.92213639436 -1.03823619186 -1.44572751293 1.77855848473 1.70282985948 -1.34691733879 -0.721924347429 1.00129560987 1.68305314744 -3.02391737206 1.35192368907 1.92576060483 11
84 11258.1194877 2.7598545842 -1.64371115753 7.40487155285 0.216972883844 -2.29218800624 -1.06994644887 -2.6140004077 1.85229249962 0.218869168236 -2.81235836053 -2.65365322888 -0.814585697991 0.891491137748 -2.3979674557 5
85 11275.7848435 -0.254578060729 -4.19824820494 -1.04950767034 2.09432565532 1.67749494508 -1.38119624616 -2.62253351046 1.6260263101 2.20639218878 1.7606756354 -1.26116334988 -0.215939221559 -1.54908348224 0.704326988499 25
86 11323.5120001 8.72162396164 -3.41472508357 -1.81493530797 -0.280380300971 -2.69162685713 -1.90291655045 0.0855038845463 -2.37169393818 -0.466605541855 -1.93205971475 0.811258082591 -0.762471098444 1.65853448685 -2.31697890179 24
87 11335.1245594 0.127661588994 -5.47797373722 5.54385004634 0.588433941084 -1.03588725442 -1.03883226406 2.27031412145 2.08093423665 -3.06749646389 -2.87233509667 -1.56494945866 1.46218429705 1.55048688988 -1.99445997328 26
88 11364.9499583 2.09411804196 2.96897951299 -0.755100776596 -1.22414337843 -0.156663995088 0.848628010283 0.50862144353 2.69441947286 0.0120262073648 -2.17298608371 -2.02280466472 -2.30994796067 -0.61248466501 0.0186844778744 13
89 11465.8132008 -1.09777536726 -0.767777097055 5.25241403946 -0.933113732933 1.03708079103 -0.844805335741 -1.78379771616 -2.27715759594 2.95351083812 -0.632015174626 2.57844389891 1.93135408726 0.238829246411 -2.01939811735 8
90 11590.4098275 1.87538276507 3.3342998202 3.62047672998 2.25294464708 2.4155925217 1.90783933561 -1.86507562844 3.12645775025 -2.86959286459 1.91375392565 -2.44946172819 2.18445596667 0.911163919416 -1.60484121268 10
91 11602.3653315 -0.633704833392 -5.97254512467 -1.41768335847 -0.54627637194 -3.04750301592 -0.590960240499 -0.902473115638 -1.25506505949 0.4394608147 0.014281730409 2.90735194264 1.78480796034 0.197829014184 1.92951024334 25
92 11655.0554385 5.15579563799 1.48001649724 3.61521448571 1.6181426783 1.90775508293 -0.323118908318 -0.61800733439 0.541466656181 0.650554654676 0.730757403553 -0.945801067868 -1.64187570792 0.932583809832 -1.1616963953 12
93 11666.7931409 4.42981179983 -1.85019000102 0.494908781308 -0.658429201761 -0.0174566495524 2.28520346505 -1.58275453168 2.21444517267 2.05794294764 -0.947052882189 1.78204659586 -0.64275171202 0.890516812122 0.0779519613904 1
94 11870.0591695 5.81524939891 -2.10707817029 2.11662784233 -0.961746518253 -1.28961707526 1.56140917891 -0.234685953913 1.56462625908 -1.11906333588 1.13865760113 -2.47867499202 0.10948928253 0.916480784804 -1.96156049259 3
95 11892.5623428 6.38971327776 -4.34854640727 2.11262260013 -1.07839269123 -1.35826135833 -0.726715672591 1.79415537922 -0.365207798257 -2.52268396994 -1.19209206582 -2.89916903933 1.61564905954 -3.08774271324 -1.97835955587 21
96 11942.9223114 0.802068014818 -1.03203968735 -1.17701175387 -2.08438969827 -0.366931241869 -0.929680820651 -3.09621596426 -1.52150222109 -2.58583029943 0.742635398079 1.8880518131 -0.0615565243916 -0.455818860611 -1.96844796017 7
97 12053.4878348 -0.108230888072 -2.66456042977 1.03171491078 0.104238201939 1.68699513007 0.464015440452 2.45631166375 0.420811895618 -0.217582188634 -1.5215240704 -2.53195214401 -1.66935275697 2.70173586546 1.20343436151 20
98 12132.9404241 2.76041552921 -5.42765607945 -1.06529481683 -0.31145320942 2.80875915246 2.39100729453 -1.43878976722 -1.05177173148 -2.76560774309 -0.450236278075 -1.98655465945 -2.76725100314 1.89135587804 -2.07892335632 22
99 12133.8373562 4.26007908382 0.866087008751 3.42912608749 2.80672345448 -0.0720817427803 2.9757226187 -0.459200437311 1.01146663464 -3.00812497812 0.527021902241 -2.12326129467 -1.87906084453 -2.565875101 1.30846458364 1
100 12237.9942422 -0.964692904427 -5.90107368219 1.20009837443 -2.39649186168 0.900861047189 0.776194907714 -2.45221299496 0.176780802636 0.286713658465 -2.80825287981 1.37648174426 1.30335479294 1.06379532968 -1.16969277037 20
101 12245.7793894 5.51637631364 -1.42874740527 6.13279797978 2.95227227845 2.15079091452 -1.50408033327 -2.90064769404 -1.71479761714 2.23317621159 -2.13947798306 -0.190426995406 -2.20716881188 -2.99382569376 1.82159301513 9
102 12387.9429833 -1.01201042843 -5.09876371876 6.38975932708 -1.39794179245 1.70411264396 -0.926790572656 -0.598673660118 -2.6535308442 1.54966839606 0.93898106872 1.30138221918 1.56735947171 1.2389323785 1.591266188 26
103 12458.3394844 5.97748027312 -0.945896531318 0.698880778738 -0.525914745738 -1.25357680588 2.04944452378 0.676844969789 0.270969784591 0.143146007743 1.45065855169 -2.80996495938 -0.374980526593 1.77368170221 -2.99566656971 3
104 12516.0645048 2.67232675391 -3.57938772134 -2.84915856219 -3.07736643569 -0.369095700781 0.855465607064 0.578249574961 -1.31368726163 -2.445988674 -1.06145074602 2.79712691471 1.28604770431 -1.86473928006 1.01720778231 22
105 12533.6281553 2.65167585862 3.86696315285 2.68148202483 2.99725995365 -3.06448536796 -2.93466639155 -1.41430505172 -1.86354082341 -1.98853529301 -0.708269468338 -1.72754649388 -2.73355166859 0.0959428501821 -1.26254847898 10
106 12569.9662571 7.59593116075 4.3779432532 3.00899957024 -1.03398526758 1.21903792301 -1.77845064187 0.823394909911 -1.04360256526 1.14994745399 2.1431611862 1.609582489 1.02615228218 -0.471712091502 -0.822525452826 12
107 12639.5934578 8.35946975837 -0.821141404565 5.39934052773 1.62840780626 1.0993210889 -3.04561523277 0.000805150425267 -2.55826927427 -0.358702370317 2.84027739313 -0.13014572717 2.49006781018 0.18880789994 -3.07526603409 9
108 12681.6221439 6.01412509535 -5.35628100423 3.99611114563 -1.24153075606 -2.98373251854 2.95392653896 2.00985570767 3.00742761632 -1.96101860598 2.82992152303 -0.0860158700975 -2.70805795829 -2.0601570222 -2.91148353546 27
109 12900.8445755 3.03586924332 -1.18559158209 2.2744883142 -1.82171888896 1.86989138465 1.41800046471 -1.43438838438 -0.379535162035 -2.20671553887 -0.926337620375 3.10722461058 0.649049052677 -0.848974313198 3.04568488823 1
110 13030.8986856 0.970952408056 -5.90165210832 3.16217392409 0.0590914597219 2.56748396819 -1.43155070471 1.21077736156 -0.274012794618 -2.65582776382 -1.09648537088 -1.12891764143 1.71573202958 -1.99006765799 -2.68096488555 20
111 13053.0262211 1.96243959125 2.81132914896 1.62196320157 1.45538198053 -0.801931271528 2.89245168586 2.63942948898 -3.10565596467 -2.02140358212 1.06041804234 3.14143031428 -2.65536729691 0.684932579006 -2.34302304968 10
112 13063.1417954 8.22584699926 4.50461250463 6.98689791492 0.239299112062 1.41060838787 -3.05366993564 1.03221115504 0.61805893749 3.06104672198 2.84148274703 -2.94784442712 0.699905665053 2.81614437273 1.90133787378 18
113 13078.2693916 3.79718152836 -3.78870177563 -0.754456919085 -0.683963950901 1.75962058999 -2.48707547505 -0.629110938897 1.69999595898 1.08176580597 -0.903415689535 -1.79123868922 -3.02051328041 -2.76898769902 -2.23304025603 22
114 13137.2182392 1.45618447908 0.466589408842 -3.55106089495 -0.0438361623845 -2.63572340046 -0.509911798387 -0.337174408625 -2.52045533565 -3.05209227816 1.45408173637 -1.95370996407 -1.01973888985 2.75750300538 -2.99918945469 4
115 13304.3766699 2.58412791439 3.16919268137 5.67591028598 0.311480075525 -2.09368150601 -2.40138566108 -2.17073846039 -1.82713612521 -1.34678014172 0.783407094197 -0.673620241693 -2.63893537715 -1.0033160881 -2.03728186153 14
116 13312.1041151 1.74525428553 0.257828486037 3.55504495554 3.07764066162 -3.00590772528 -0.800458153615 -2.15926562859 0.696700595412 2.6963296492 2.97448142609 -0.354517821744 -1.21022581023 0.868748814898 2.7994563687 1
117 13400.4431613 -0.755392154757 -5.01750490798 3.14155759315 -1.64755005598 -2.11437505811 -1.92198767471 -0.354605461961 -2.80565638202 0.8521486156 1.06960963842 1.02920598239 2.71551866214 -1.2948124932 -2.20914747518 20
118 13455.3157494 7.70451876068 -6.16792300186 0.291120633004 0.0505285475626 -2.97256824814 1.15304795504 1.21349674967 -2.9455095093 -1.32273407543 -2.32821911387 2.19872451223 0.853424141097 2.4581037945 0.689515748406 21
119 13477.9430701 0.608020828335 -2.88506598411 1.38531960285 -1.61285399663 0.070658194424 -0.94157469666 -2.61518470095 -0.432464365134 -2.95938954052 1.95006126189 -1.35291293245 -2.12652695326 1.1704049625 1.96780384877 20
120 13573.236074 8.24381856804 -0.553616560165 1.45658072057 0.100133028402 2.5792634478 2.37794335221 1.44242012748 -1.17223954248 -2.19524028045 -0.975108888114 -2.47035538236 -0.789328925693 1.82088900834 2.29929672299 3
121 13730.6578517 4.84567925268 -0.89958038748 5.2013774208 -0.254780285165 -2.17272047155 1.48962889839 1.73154079409 0.785202254165 -1.17013988529 2.83246237266 -1.27743808656 2.49655809399 0.598077075613 -2.96691723337 5
122 13774.3556009 -0.500561147211 -1.69314942872 3.85767706206 -0.211902014855 2.52109904446 3.11142420117 -1.44692270021 2.18361917936 2.85445658123 1.89848106182 2.99052200354 1.5831442689 -0.903400516177 -2.08036044076 8
123 13855.3722202 2.9702672705 -4.13104409759 6.16987045543 -2.33984686325 0.00254661525409 2.09573150927 1.20890999028 1.54011525371 -0.153759765154 1.91265940854 1.17102224093 2.43579556326 -0.0232348784929 -2.68698510557 23
124 14141.9091737 1.68851779332 3.92809326003 6.39061225653 0.0478737703828 0.193682942929 -1.24211466577 -0.906383826763 -1.61116784325 -0.750868112183 0.518612023081 -0.498140701023 1.82180673603 0.60760951866 2.96434971933 14
125 14182.1255136 -0.778158100699 -1.76892104577 -0.185613631177 -0.924304523713 -2.38310948952 2.69837283048 0.187127955356 2.43975160259 -1.29464707158 0.782923893655 1.62729337351 2.87969223732 -1.83714493675 2.28194227755 7
126 14232.0434228 8.49221412523 -3.03008441311 6.84413409409 -0.817522593602 -1.60690168471 0.688256010528 1.66923694999 2.3821960468 0.560346742143 2.90813850754 1.10024716 -0.27359156515 -1.47266297155 0.411322436982 27
127 14273.7262382 7.86852891461 4.47966879122 2.6485177752 -2.61964722036 2.67859152796 1.02328613004 -0.265077237746 1.88871949919 2.72439792055 0.488591096585 0.840284846727 -3.06132370309 2.16769308473 -0.986519481112 12
128 14428.8569469 2.13636322553 -3.82978771492 2.00336735351 -0.908793339478 2.28024050919 0.34575686078 0.698198393708 -3.12187661137 1.05894829152 -1.85959013046 -2.99135947137 2.72423444482 -2.11076717849 0.839181265735 19
129 14436.0441806 4.07558984198 -5.71887747864 2.21120707187 -0.833956645583 -0.907297626987 2.17042859059 -0.66260468487 -2.87972420828 -1.08119229927 -1.95904360941 1.76987833538 -2.93810612901 1.36225806421 1.02414291449 19
130 14608.2211709 0.571004083409 -4.92169814247 6.99862239458 -0.841775433551 -0.526157163105 2.05217470097 1.4085081508 1.63672135555 -2.47712257062 -2.49444609286 -1.06195286482 2.76965561682 1.32665543205 1.020955175 26
131 14733.511853 4.09898808289 -0.729576174237 7.31790402768 -1.96328132591 -1.96431849074 -0.520403741219 0.375571169358 0.410987935235 2.49414273443 -0.308803472874 -1.2421568634 2.23234250019 -1.79555164229 3.09752664518 5
132 14865.8489671 -0.633829920948 3.92622942912 3.97061386088 1.78323340265 -1.6062204642 -2.6357864349 0.886087807307 -0.290209631478 -2.78477667808 1.23001723762 -2.64671902007 2.98385407286 -0.891138835506 0.604817223281 17
133 15000.0279385 -0.676116534851 2.45125239403 5.96069485306 0.547278707512 0.0539980489664 2.19840644469 1.15472857289 1.50804263196 1.66380545514 -1.99223112057 -1.37647801485 2.56479799844 1.33297477091 3.06882482712 17
134 15149.8828557 -2.18915274938 1.0095542251 6.4911210626 0.289231882999 -1.46074005653 1.20949154087 -2.89987092328 -2.20305904329 0.667391284493 -2.77211851898 -2.81629946445 0.678719906266 1.28363666725 1.20587517341 8
135 15327.6388632 -1.51088638341 4.57465739757 5.78089419506 -0.438225269946 0.246327049215 1.33274567455 -3.08387509507 0.794373753727 2.17756570079 1.60916242022 2.62034147182 2.37571215626 -0.627280673079 3.07979794622 17
136 15384.3541613 -2.19047373256 3.23941901014 2.62414588237 2.05259878832 1.93142016077 -1.27781564327 0.123143500003 -1.98341555047 2.84776301395 2.64306624501 1.86668713207 1.62004280065 -2.96356372946 1.9196040262 11
137 16262.9453657 3.03015351113 3.54957078228 6.72573960093 -2.36720746642 0.829292464236 -2.42776628829 0.612803929122 -0.627904011904 -0.512279149018 -0.576919214771 -1.85696004259 -2.63927629757 1.58563971198 3.11780853537 14
138 16413.0517414 2.83171953636 -0.0518432949187 7.39941945597 2.44381179967 0.889431479729 -1.83490095486 2.88150937989 2.22725072404 -0.954581788108 -0.961425931012 2.0888818731 1.6599113314 -1.76712042861 -0.427823065999 5
139 16581.4829536 2.00530059491 1.89999992592 6.12481921243 1.43239942117 0.571467052942 -1.71719824688 1.61516322718 2.21607984798 0.325746004285 0.568762686155 1.43280523883 3.1159733602 -2.32695351124 1.26923607184 14
140 16799.8196873 6.49769809134 2.92128189846 5.001712006 1.46394141785 -2.31185200347 3.10661023798 2.88244214042 -2.01228992908 1.80211290308 -1.31530587068 2.61376236285 -2.03410101901 -0.480166361814 0.944652572057 18
141 16898.6855741 2.61834883061 3.89015623636 6.66236967493 2.54579018908 -1.72805979482 -0.131946425784 2.11958958948 2.2276190396 0.0245522279177 3.06706578811 -1.21110049833 0.121829741488 1.23985194202 -2.79829765554 14
142 17463.1732968 5.95540029647 0.770736416356 7.39681839972 -2.92124968174 -2.48669009766 1.01803633959 -1.02284584363 1.35345715678 -1.101661436 -2.35044447951 -0.954454566607 0.866923129363 2.44013845783 3.0590734873 9
143 17512.3786698 6.40384146778 2.63231838307 6.93266574279 -2.29600150065 1.75219809506 -2.30445233192 -1.27686244464 0.257754505091 -1.13846744079 -0.143367729633 -0.509850808082 2.76135288245 0.189072178566 0.13479861324 18
144 17625.7153409 3.67984524778 3.90951663954 7.30146130704 1.00697152261 2.75010399406 -1.00047023098 -0.225440987369 -0.842281759553 -1.97237033654 1.02617654754 2.03950013038 -2.99766776729 -2.27796565027 2.69602268657 14
145 18023.4549597 -1.54329144444 -2.84858274011 -1.40002597284 -0.441903052734 2.01211596827 -2.39134269924 2.52008387044 2.69609857084 0.594793703949 1.15628464027 2.34589082287 2.60820316328 0.5686301482 -0.3680230831 25
146 18376.5880438 1.24326582792 4.20741215592 5.704060519 2.02225910848 2.90489758729 1.01476015964 0.121595321783 2.24401066828 -1.27802708557 -1.92339971332 2.30574870923 0.858964263004 -1.33474832298 2.502645358 17
147 18635.1169428 0.965626866864 1.16454470213 7.1218462104 0.438034544146 1.39580875867 -2.57097388608 2.15459625653 -0.982619003306 -2.85415023882 2.40400912006 2.81415809058 -3.06117894156 0.257926808391 -1.9259441554 17
148 19319.5275538 8.50811432379 0.724377361475 7.35055006238 -2.60141506819 1.31266186128 -0.438959113315 -2.71829758805 -3.08105391028 -0.944979079183 1.11970740361 -2.2004231247 2.91887552205 0.82510538892 1.34023627656 9
149 20018.6590681 6.54620328086 3.44617175816 6.55531105868 -2.16275253774 0.729343335385 3.13586718194 -0.378859632812 -2.92157034703 -1.11344989359 2.95889644645 -0.693670138995 0.145397653227 -1.95972260779 -1.74539841321 18
150 20727.3261233 8.61314353116 2.52706188058 5.56778896013 2.76294628225 0.984683117431 0.84306797237 0.37726892676 2.24773231195 1.46572640652 1.11441589023 -2.00869063542 0.370327751203 -1.9248005255 -2.64216962459 18
