 -3.64648445744 -4.30992282102 1.21809631764 0.716480617648 -1.56575625981 -1.74577387329 -2.82761652813 1.21569748933 0.794614170012 -1.06499802743 -0.525665125098 0.52023605796 2.63344963471 -2.06415455767

1 1721.16571842 4.36098504029 1.92546799078 0.325873091391 -0.645671489498 1.66264076414 0.350501160032 -2.51032383529 0.892755768979 -2.04496488592 -0.658561586621 -2.07722765349 -1.34403662007 -2.36380588694 1.24519174199 19
2 2419.87116837 4.84548315768 7.1485445677 -5.3016514732 -1.22603847533 -2.67938772272 3.13055980161 1.194136256 -0.171110241188 2.16724778638 -0.297152979454 -2.76357017967 -2.96131326761 0.195554500855 1.75719236113 13
3 2704.30705099 4.05834056953 5.71203580607 -3.67176398625 0.0653092849112 0.925452685081 0.254027687541 -1.69214233159 -0.301192361557 2.54287865161 -2.92629021975 -2.27065124896 0.51319000222 -2.57452080371 -1.83886708854 4
4 2705.04874155 4.87770246722 -0.969817005731 0.6807387464 -0.377244938236 -0.150439059574 2.83205968597 0.391395907821 -1.46826168737 2.44362553227 1.00634974663 -0.0608456339673 2.71426971789 -0.295307534018 -2.01633894134 23
5 2970.10980667 3.51098974153 -0.925611760447 2.65969151554 -0.421977780317 -2.47637407089 0.0859799441083 -0.552629185854 2.70545890786 0.802114388 -2.22845704358 -2.83017431899 0.131194386276 -2.15282098076 0.0821460018976 23
6 3121.44784605 6.35234829091 7.52734951477 -5.71001574516 -1.2302402489 -2.83095835036 -2.08950253162 -3.00351571763 -2.02287126423 2.23642008541 1.41849674856 0.0777630863095 1.60920254497 -2.15144533243 0.0933304779872 15
7 3354.56964613 5.52164647519 6.41240195418 -5.5681670278 -1.49039376024 0.0656698791636 3.12375930353 1.86393343811 1.12866925317 -0.906903468106 -2.09112879308 -1.51523925068 0.596943790918 2.69149919595 0.510982718187 15
8 3671.44672717 7.85281949657 6.23417609832 -5.97270457938 1.33424694402 0.646907239522 0.889640307473 -1.94802883087 -0.810855264551 1.69028660004 1.47510961818 2.45403279011 -1.91319459722 0.737742941969 2.21231494575 15
9 3687.33680333 8.28816116646 7.71979367229 -4.13375171817 -0.54882948916 -1.25300933128 2.93241044466 -2.00274325052 1.51549152256 0.531004444826 2.22943446896 -2.18028435005 0.795150819048 2.15820584365 -2.48278298906 15
10 3963.15155937 5.30974583063 3.83675352553 -6.59351652127 2.30651198096 2.31922528452 -0.74316300109 0.498193187293 -2.40246107097 0.525292406496 2.97391392651 2.01816030765 2.24534862003 -1.11586775872 3.08836186392 4
11 4238.53922424 7.10508931036 8.39614152293 -4.00687323541 -0.893882682959 -2.11573529486 -3.02455175436 1.34606798391 -0.823707856223 1.86033043708 2.71018463076 1.77542284295 -2.33883242225 -0.0708641930673 1.07865348092 15
12 4480.19534873 2.47171654662 -0.157590068662 -0.5481369689 0.00114834224478 -0.425811730377 3.00741823748 1.68142612384 -0.0777742666391 1.8801800591 2.02089363527 2.88705717727 0.521929489801 -1.56302536428 1.74218284043 19
13 4812.86266296 5.51928851496 7.92555993785 -1.99374079837 0.460380584764 -0.530284579642 1.3628280891 -0.575943309273 1.45390176384 1.79427998284 -0.982024891333 0.308604976616 1.3097163568 -1.8093874605 2.51186675992 12
14 5178.87673814 5.7518741013 4.87824205959 -4.20461275625 1.17235456173 -2.98248586157 0.518583724857 -2.26978617012 2.46533602295 -0.252996023269 -1.79761861036 -1.3742945997 -1.44840381854 2.82585874303 -1.67476249046 6
15 5427.60856758 6.43245929239 3.77226048097 -3.84755997563 -0.122619976494 0.907778714292 1.22130729045 0.509767028775 2.45257456878 -1.99586843801 -3.01092585212 2.1095599675 -2.93990480721 0.544657529493 -1.13795682256 6
16 5427.721769 2.18703167807 2.84908902585 0.645407865272 -0.532255780986 0.529308356459 0.610040076567 0.77655629794 2.42605631266 -2.26773524903 -1.08078095984 -1.35270082328 2.38092461378 -0.518963908426 -2.68189151814 5
17 5556.70458513 5.1155514009 8.27302055069 -2.39941666917 -0.738080137056 -3.07550519838 0.0298959702245 -0.0098736938551 -2.31271541903 0.903141009776 0.382781999572 1.0905960027 -0.463348880319 -0.507820812075 1.77620687898 10
18 5572.45334933 1.78414119332 7.77153684267 -2.48443168473 -0.292462939305 -3.08708953574 -0.191007828603 0.242402255901 -0.16295315224 -2.08235545811 -1.6293538483 -1.58042841638 2.82680255082 1.70582415777 0.840268547735 11
19 5650.7858157 6.74944915723 0.720562930853 -0.910091598782 0.0170726812316 -0.611605277111 2.80999535456 -0.98925994715 0.856315308342 1.34020303894 -1.43315386255 -1.24151935953 0.868061287608 -1.11513638043 2.41055168755 21
20 5736.60066213 2.96919196173 0.353107768534 2.21179929435 -0.894804199935 -0.108064104864 1.84272201148 -2.32742645457 1.6492528816 -2.21956831462 0.694659146512 -1.24827639353 0.983399886481 1.15356577487 -3.00729762722 23
21 5789.18616242 8.6444560933 3.18749348748 -2.1451310715 0.350077757174 -2.06648520647 -2.44799858384 1.93379110779 -2.77445132575 -1.98125994969 -0.0724387026609 -0.12884978222 1.10215140056 1.45557303689 0.921252259586 3
22 6072.34725703 3.76355598595 1.00522019217 3.33761507341 -0.986792504943 -0.201040195288 -0.836014898266 2.544246324 0.258650164035 0.906015330668 2.57949532 -1.37209189257 0.807233634872 -1.11187451331 2.79405516475 23
23 6327.71605246 5.09522911787 8.85444767083 -3.25132733935 -1.69417780923 2.54440367203 2.07389393856 2.81216305288 -1.1984051083 0.447693934759 1.44946438185 -2.90032181677 -1.10948046789 0.399099392067 2.59410996533 13
24 6941.75574363 5.66754706362 -0.552577566025 3.49230655901 -1.88422722916 -2.87778879576 1.56260857135 -2.08402744624 -1.63170121724 -1.41123864483 -0.099496129127 -1.75328874924 2.12938223593 0.129037104515 -1.52305951702 27
25 6978.17221912 3.59477900741 9.09985592916 -5.03798004715 -2.21689886414 1.15212149089 -3.06573888213 2.3857786955 -0.450044946228 2.84954425435 -0.818123432943 -2.14983538829 0.173193239002 2.30759951883 -0.834516709892 13
26 6997.73143777 4.63305465054 4.89231731653 -2.54481496913 1.52039118893 1.79692089125 3.07184326873 -2.16602529447 1.008790841 3.03036136866 2.32538981233 0.482934782024 -1.41924265371 -2.5451257472 1.64558931781 1
27 7075.17682556 0.787057864258 -0.625347033184 1.79488108855 0.0705444181922 -0.611466680296 0.135562808185 -1.36883918235 -1.62748333945 0.89996411594 0.46554977009 -0.00210848375541 -2.81803689403 1.61584777345 0.255837503918 26
28 7086.45496634 7.50824629471 0.299833484237 -6.70088155748 -1.72628111737 -2.47540371464 -2.16468961975 1.58483739253 -2.13132548313 -0.155065601386 -2.57185455613 1.50056560287 -2.91384744489 -3.03432856218 0.453045204467 24
29 7293.70806229 8.79860960035 0.991391659073 -2.54544619226 -0.406767067401 -0.0300541691503 1.76107899625 -2.26570161564 -1.15986986492 -0.949927980753 -0.119987301707 2.15657260536 2.83730380454 0.409205979578 -1.25479916637 21
30 7363.79610097 1.43602141554 4.3603324353 1.24869627188 -0.517100308841 -3.06471986472 2.33195929343 -3.12653262344 1.55235803794 -0.4025904834 1.38014346704 2.26075321583 1.47379876759 2.26594568272 0.233459209872 8
31 7372.33678857 7.74676677581 2.6720056157 1.37870989536 -0.749065883939 0.732056993187 -0.777318645262 2.20424820409 -2.64616296491 1.49518711059 -1.25762025785 2.19060202251 1.35573719808 -0.276306546097 1.53769481831 9
32 7405.41743862 0.251990325475 8.12364717763 -6.45673925581 2.56769447969 -2.85964527239 0.271283126466 -2.59954427738 -0.413948571332 1.48290900252 -2.25381640269 0.157979174093 -2.03318512972 -2.02430929779 2.06202441501 16
33 7826.31082878 3.54159982522 7.91125323921 -1.92968625838 -1.17413672345 1.46258775716 -1.98426422971 -2.1181901504 -1.79624907979 1.29313134371 -2.64810711902 1.62241507994 0.31267734609 -2.84723015458 0.0146792270088 10
34 7901.23848978 8.90119536915 9.66459886825 -0.22574406055 -2.08016517051 1.52220659535 2.08504082473 1.18364594485 2.41468910221 -1.19878607039 1.46772972188 -2.24045378829 -1.64339261764 -3.07402976309 0.075823604056 12
35 7986.60730391 5.05912285214 3.41041622811 3.01579825534 -1.13123710519 -0.919192056345 1.31545367773 0.322404644999 0.0316486203916 -2.73625807052 -1.3656184646 1.26438039546 -0.104223300905 -1.56146281289 0.988818312306 5
36 8038.25543397 8.87241605278 9.7428389142 -3.99284900802 -2.17893504858 1.93810597138 0.46631196917 2.66605079152 1.80251797095 -2.72296893091 -0.687403560988 -2.10138180382 -0.237103668155 3.02136944704 -0.772110566781 15
37 8132.84872501 -0.347128766169 0.874093314663 1.04350986208 1.31100936997 2.20434736069 0.955620263619 1.02432502823 1.4225457742 2.79068394797 1.39413394388 0.455680666983 2.21393946927 -2.53244043826 -1.7024432017 26
38 8288.11168699 -0.496636779511 5.16514686926 -4.62041231402 -2.36416107462 1.10769050547 -3.06195734805 1.19362052564 0.891097388558 2.39784370201 -2.52433613236 2.36590647455 0.656783028916 -2.14312953568 1.55309484976 7
39 8310.045365 -0.421884583265 3.46837561452 -5.49988287012 1.43824803196 0.686812821055 0.0919424206929 -0.0878774183527 -2.15598567954 -1.69132579717 -0.294723088105 -2.75525147285 0.522243233871 -2.53749565609 -0.0400510856721 7
40 8317.78040211 5.21786614084 6.61624788301 -5.06387774532 -2.63669506008 -0.231305389459 0.37362861203 3.102324727 -1.84654176312 -1.75275099528 -1.82676641952 -1.79124118064 1.08419982246 0.426136863394 -3.11277138099 13
41 8355.79400097 6.99724755544 3.41847990864 -4.83613077149 0.852591471446 2.30952987255 1.59591842823 -2.10798528832 2.21825889786 -0.0819088265778 -0.877070494401 -2.21593967729 2.26636239335 -0.740810108576 -2.44125698315 6
42 8435.96561197 3.24480264785 9.03495738947 -3.86039756456 -2.57448771944 0.284203838387 0.575441571825 2.96649317307 -2.33345468042 -1.26880687993 -2.38692869318 -1.91310227989 -2.68600631963 -3.01978248797 -2.73397007999 13
43 8445.95753767 6.53114493977 1.04073930173 -5.40315978727 2.66138367387 0.885779249774 3.06184557561 2.36171279197 2.27311806175 2.38216685571 -0.757391446101 0.0569430700101 1.61996838757 0.726261799408 2.12815036908 24
44 8449.6084036 0.587759921457 2.02497152946 -0.917712085083 -1.32410061978 -2.23367524578 -1.52763754303 -2.43700272951 -2.01475381967 -0.652653914916 2.05721879252 0.317365662399 1.42129527225 2.55364585444 -1.88464190058 20
45 8543.50241612 7.86583506954 3.25792525674 -4.63460634246 0.928737885923 -1.33021779072 -2.55796773716 2.04821700368 -2.04624502652 0.00559266047785 1.34665774967 2.89121343563 -1.46953595639 -2.76247473367 -1.58989169115 6
46 8694.58146067 1.29018294109 5.44337039881 -1.74449061074 1.62764094367 -2.48611181581 -2.60444043692 -2.76937916147 -2.3284569195 1.01721556116 0.0168752455834 -1.02316514384 -2.647711657 -1.94252839539 0.720813121933 2
47 8890.98445901 1.51346076629 5.6492054859 -5.35950927343 -3.13212703284 1.14573080883 0.820095958584 1.01822596572 -0.870159539703 -0.981101280116 1.92475020662 -2.67446632627 0.129826849227 1.01838076148 -2.89253183516 7
48 8934.32453269 3.7855882856 6.83420259273 -3.93182869854 1.51847616651 -1.53026703604 0.346085737288 -1.86942899399 0.760797101515 -3.02328049463 -2.11309864538 2.97269395523 -1.25797964172 -0.44787551738 2.90971284585 13
49 9047.6658674 -0.943894888806 6.45184063756 -3.3464238981 2.24332398519 2.57333193337 1.06673451658 -2.75801702097 -2.03929142033 2.78247972581 -1.53845533048 1.2415399859 -2.98774301957 2.82543232173 1.38859024893 16
50 9110.46343705 8.05553138152 -0.143420958518 2.09973302801 0.67633150971 1.07705692981 -1.76996177868 -1.77312178163 -2.32868606259 0.0273540998137 -1.41665145128 2.38976577151 0.788322150097 2.01149534834 -0.911521795857 27
51 9163.72714082 2.25145452827 2.96961034143 -1.62762862618 1.91119329572 -2.74108823582 -0.676126879271 -2.22063343583 2.54560119954 -0.91610610617 2.40877216592 -2.61033778451 -1.09097111286 0.342551394766 -0.415106364881 1
52 9218.51941832 7.10213148149 2.54264888009 -6.16799125123 -1.03833134447 1.4398422412 -0.502294848049 -0.762379526343 -2.22909754224 2.79009116433 1.92833830707 -3.03275348086 -1.82479522364 -2.91912562936 0.828423285596 6
53 9241.82847568 2.01201119893 6.1140857164 1.83479789707 -3.09561655472 -0.47841485963 1.11286714493 1.11664805461 -2.54239425361 -1.77947401758 -1.04657919479 1.2862464013 0.980146960799 2.8995691601 -0.107700621516 5
54 9286.02097474 -0.342640689906 1.0003136148 1.7517491314 -0.0383624779243 0.508448096456 0.327362405166 -0.59347396322 2.3024714414 -0.946645984689 0.708048298389 3.01599283485 -2.1737524482 1.10489037324 -1.67055538123 26
55 9452.3503089 6.84476967728 3.24768650301 -3.15171508362 2.90531183624 -0.221487169707 0.453753806489 2.76635701206 -3.08164207675 0.232293243263 -0.106746944555 0.753251483142 1.84059696685 -2.00262380968 -0.698675678162 6
56 9456.04800415 -0.290909442409 6.21274776415 -3.87212666388 1.3256191126 -0.703766724245 1.85256570222 1.22564742014 1.83276387 -2.71874369436 1.54972975843 2.68144645262 -1.86802165481 2.96816146973 1.75848368813 16
57 9590.97434407 2.09699239213 3.36118595628 -3.29435551269 0.40749706883 1.3275956948 1.68291024427 -3.12184200693 3.0620190303 2.10247344208 0.13138581902 1.39378677819 -0.386674898058 1.31765860836 -0.802219252713 4
58 9658.6501299 -0.708249898403 3.43743812702 -2.45257023115 0.342261193648 1.35689671377 0.672024397094 -2.29444221049 -1.63962930546 -0.59071286565 0.265132315381 -3.13564165758 -1.44478801365 1.90279143394 -2.79851790931 2
59 9661.42408136 -1.43057662684 8.97756819338 -0.611424549815 2.40856844074 0.498579343261 -1.63972347292 1.89171592474 -1.48642924749 0.678751416272 0.353211095738 0.0251875424965 -0.910130589867 0.517154256878 2.36250786533 11
60 9686.16916795 7.61690916869 -0.480517976054 -2.75264089592 0.753664515815 -0.384940579175 0.37980014982 -1.83292451214 0.129524203111 -1.17556131412 -1.86850546191 -1.34889844864 0.136335364528 -2.0179624554 -0.168064917408 21
61 9876.06827731 -1.52722566954 9.19498433578 -3.95908802569 2.01938393761 3.00558645456 -1.90385393046 0.485719815531 0.763003226998 -2.61553842584 1.75080137408 -2.61904532614 2.55307347726 1.34534467577 -2.73015871742 16
62 9903.31248718 1.01728708047 1.13776836935 -4.8413307738 1.1739038179 -0.364895496494 1.43614874554 2.31991548721 2.85820011331 3.03221146896 0.365069035382 -1.37610924766 -0.515602102988 -1.78811441516 -0.191300496873 25
63 10256.3815435 5.7881720026 9.07401170269 -1.79163694061 -0.719598081169 1.55046378154 -1.19233846486 -2.53129296221 -0.438721947367 2.50785388429 -1.73327067292 -1.72816801566 2.96316749123 0.776362033208 2.33770869808 12
64 10317.1201055 6.52585712653 3.81708225666 2.96658908842 -2.55068026459 -1.7357320049 1.16240720386 -1.49528072186 0.305565547729 -0.798590870488 -2.80580643832 2.05529579166 0.174906127861 2.610458519 -1.07976754374 9
65 10383.0805864 5.86762818652 6.40997271246 1.35491602417 -2.78894666069 -3.13975281131 2.19519530949 -2.68491577805 -1.95457432743 0.480766410619 2.94119628745 3.08518570346 1.98563684977 0.887812277657 3.13120497719 18
66 10461.4958521 2.31506635223 0.824558559341 -6.04748082125 2.82944473435 -0.238532014271 0.515671083203 1.99326099273 2.28133486375 1.54095253831 1.21594307425 -2.3185738191 0.910718063597 2.07126069885 -0.860777386989 22
67 10575.8146509 7.24318627188 5.9645064071 3.19038775188 -1.24998806492 -1.50233939433 -1.17350292277 -0.0915835170393 3.01814639425 -0.972420064488 0.335683171359 -0.742316186739 -1.7072625925 -1.56084843727 -0.602226163656 9
68 10621.7992562 2.05699956933 1.2722384383 0.164987454184 -2.48531077981 1.36228809318 -2.61140373794 0.581949440539 -1.80112779635 -1.39821453378 -0.30653660134 2.48723723307 2.23458791008 0.760819313709 -2.37796769502 19
69 10684.4484055 0.048853079458 7.35420631868 -0.0171685570956 3.13464718493 2.26940311915 -1.62246304641 -2.434545091 -0.149028354701 -0.945699124136 -1.22914324489 -2.92373528954 2.17983411922 2.49683935425 -0.304251360611 11
70 10702.9357872 5.75882047438 2.17801299601 -1.54066693759 1.21897508739 -0.769308570043 -0.29401508059 -2.58125652275 1.97056355225 -2.76164407143 -0.796524995646 -1.08822142845 2.56425357811 -0.115001323063 -2.99540278612 21
71 10731.0484526 4.85055551148 2.592375136 1.79635600994 -1.99507757535 2.02387849635 -0.0908868110182 1.29978123595 1.91030601975 1.71548479897 -2.03233531821 -2.00448357561 0.233191258483 -2.63570968131 2.77312728358 5
72 10740.5374414 7.05043616814 3.50305529258 -2.86577962498 -2.65137173645 -3.03019335644 -0.287981164714 2.52329699231 -1.13887207444 1.86530834909 1.41357351179 -2.04532833048 2.17009427469 -1.40240243178 -0.685830478171 3
73 10848.8325083 0.20438069749 2.89140356796 -6.26290486959 0.00128112092622 -3.1395126583 -0.114192687502 -0.927185974157 1.09815465606 -0.122005997925 1.89746555281 -1.16582862174 -1.06132660429 1.55220282203 0.654691096309 7
74 10935.7689392 -1.56583036283 2.2077598933 -1.56940672366 0.108663562461 -2.18397963331 2.25296277962 -1.99524636892 -1.72278843095 1.66440429012 0.810648520507 -0.618714198823 -1.60570440288 -2.37905908006 -1.79506564385 20
75 10960.1401863 2.66116431837 4.98659053476 -5.39299314807 -2.74174622056 -2.4706699113 1.6551298377 -1.10717668857 2.86949402329 0.901425545154 -2.80492392461 -2.06498189873 -0.258685458496 2.03380502525 -0.161138204633 4
76 11044.5134853 6.16707612769 5.97094224432 -2.65763510977 1.99254153837 -2.788030048 0.22998899913 -2.08124187426 -1.08140293397 -0.24929924976 -2.06330930528 2.06524463509 1.22758765474 1.74292983046 -2.19233373887 3
77 11054.1681934 1.11278494336 6.14172567405 -2.06519362021 0.730769341548 -1.39073432803 1.71821197112 -0.754666708923 -0.185621485586 -1.87257630017 2.43579061545 -2.4387923122 0.437907055279 -1.18864563133 -0.182295596965 2
78 11082.9118477 6.43245175739 6.77264257292 2.72319762317 -3.061505932 -1.92947206673 -2.83613078574 2.31678678502 2.34670115757 -2.331728795 -1.02298701444 -2.54003323126 1.9853919688 -1.39357160303 0.244508891112 18
79 11256.5130873 8.04580001235 4.88496724709 -0.078097613374 -2.93758983404 2.32791236823 -2.56033981728 1.72802002259 -1.58531939375 -2.06006025383 -2.84630012758 -1.87449010654 -1.46439169032 0.797355155296 -0.770602847406 3
80 11345.4264477 3.53826690984 7.65159737962 -1.64413253307 -2.03289924696 -0.887401718688 -2.61314154933 -2.90971923778 2.72217494814 1.37646864231 -0.444446207589 -1.24322864303 0.887839992505 2.06444820803 -1.13841310339 10
81 11387.7614852 8.87135666351 -1.01112182118 4.28058160151 0.0803222971712 1.54447093361 2.3670542052 0.750816315776 -2.9366414008 -2.25045155457 0.906790871875 1.94248068079 0.328493831179 1.88130033706 -1.39704991717 27
82 11490.3400467 -0.13915500462 8.99995476094 -4.642118971 2.26117280472 1.46566535639 0.603452718745 2.74537029839 0.0194279413505 2.5715182041 -0.799649801072 -2.17113995396 1.1764459515 1.50431066798 1.99061822502 16
83 11523.670334 3.25290370367 8.011103554 -0.17274065381 -0.800385674267 -0.763291554944 2.88910337197 -2.41670502098 1.11102791356 -1.74226271462 2.20157701349 -0.599787835862 -0.229872919135 -2.99171505809 0.244995679687 10
84 11645.1321356 4.39502601344 1.91016694714 2.98224561352 -1.90373448261 -0.909821126378 2.98114951815 1.49821350762 -2.59747781041 0.606328441787 -0.222260466309 -1.61462166142 -1.73257077187 0.965451994177 3.05916579373 23
85 11674.4701107 0.726548432247 0.456410188156 1.07741942871 1.93079936801 0.146789221748 0.15978326384 0.600877137472 -1.11810902831 2.89011201255 -2.3801367571 -1.1007938061 1.87978570303 0.319761618141 0.327182276187 26
86 11684.8242685 8.78745048172 6.08538966707 -1.97286707574 -1.68652900307 -1.9810155337 1.68901416411 -2.8732351875 0.374500462145 3.1085995237 -0.991567407044 0.846027033334 -1.97337010398 0.725086640263 1.06560651333 3
87 11724.0000645 0.534618881902 1.37681729449 -5.15676270045 -0.884276667012 -2.27608864751 0.543578469953 0.376576950958 3.10692269697 -2.99438703037 0.70774355792 2.03190850058 -0.389426537439 -0.376727750219 1.41470896117 25
88 11765.3877738 4.80670406606 6.18232870689 -0.773824117034 1.16534017049 -2.10977119912 -1.24384678987 -1.02762033137 -1.98216579497 1.24948164925 2.56461128532 2.93004372652 0.666624482557 -2.70075296951 -2.91508498557 10
89 11765.771397 4.46417961775 -0.331279540749 -4.38669471325 -0.735982007316 1.161967459 2.88506402924 2.22128646651 3.0634235061 1.66292661149 -0.324244438985 2.56491336487 0.294401292272 2.39658103293 -1.49160101712 22
90 11853.900941 -0.103943982134 9.26311300011 1.36011322412 1.81717880968 0.684879933209 2.69583196179 2.03652454036 0.412885579124 0.668958026279 -0.169711120747 2.10608542172 0.950463357911 2.92726810074 0.324273987202 17
91 11872.1235013 2.00749590476 2.75608518431 -6.27432237539 -2.3110467883 -2.44814487354 3.12457527881 -1.38047319925 -0.437125750654 0.265733249439 -1.75183433109 0.875034070786 -1.57426126072 -1.2376214619 -0.71192991153 4
92 11919.32101 -0.0303819407978 -0.842351478791 0.0316906699203 -1.48559074266 -1.25757662289 -0.461295177117 2.70782599774 -2.10242821117 0.428949036098 -2.29984525411 0.63200770921 1.50447013141 -0.7823557005 -1.63867784879 20
93 11921.95075 0.1076979761 3.34748735367 4.15047394735 -0.681553307495 0.467188185643 1.80731129492 -1.38321725062 2.407304519 -1.19385640234 2.23245077467 -0.779093402736 -3.04342136497 2.15418485912 -1.18537562377 8
94 11922.4983226 -0.181160228749 4.28961002847 -4.21447081697 -2.07062796384 1.12962043601 1.1899092774 0.744136312776 1.23316214291 0.918203777631 0.554528432094 -2.49520451635 2.97643695219 2.12742954087 -1.99392535625 7
95 11956.8428061 0.378194676739 4.35850772958 -2.06118573706 -2.76647071441 -0.988502566506 3.01991191208 -1.83741475016 0.740431238796 0.772112676424 1.42980364183 2.865885414 0.847830612103 -1.3179882495 -2.27205811876 2
96 12049.7544823 1.94624111762 6.58904711172 0.865478633827 -0.651154787578 -2.82368715381 1.96711605957 -0.0100945148859 2.85084952494 -0.448789423768 0.561160776387 -0.101004763398 -0.268584002433 1.38392890914 -0.929237647331 14
97 12155.7361754 5.57758777417 0.955550727137 0.762186844266 -2.81870305499 -1.53903206602 -0.913944379299 2.79137447395 -3.13240484188 0.772792784675 2.2738878844 -0.520599079547 -2.02922099553 -2.10408480648 -2.53236854758 27
98 12185.58621 5.66937316031 6.73738586955 3.69016791712 -3.05284789813 -1.78951145501 -2.4288692605 1.52155365338 -1.46382593441 -1.69102873058 1.49709696252 -2.2905976573 -2.77815728228 0.310071808301 -1.17668958191 18
99 12190.6897901 4.10842885457 3.62076000423 -5.1463241591 -2.65659374755 -2.72016611144 1.14457599415 -1.30022236469 1.11750987711 -1.75981449261 -2.08626281511 2.87787927913 -1.83934758587 0.211518451845 -0.822371848155 4
100 12212.2472755 -0.101814383474 4.11124163887 -1.32870314973 0.294663802725 -1.66588143501 2.30375902534 1.99338252532 -2.16436905917 -2.19442597742 2.59796703249 1.06861811414 1.75608432753 0.0988310610144 -0.248779427609 2
101 12214.5136733 8.6883249596 3.23570059075 1.77807583982 -1.69472095892 3.0591102649 1.12503206438 1.51485448429 -1.72429798203 -0.660035291928 1.7338669127 -1.44453876878 -0.900112098247 1.421596817 -0.256399784769 9
102 12309.1088894 5.09141029728 1.27660235373 0.549443305015 2.20639040724 -1.02278778134 2.16576510036 1.9600272212 1.59265804755 -1.97172429403 -1.12752740952 -0.860473741687 2.26209338021 -2.33681390679 3.0018734727 19
103 12315.0443307 5.98838474535 3.55528406222 3.13883351351 -0.727852728518 -1.14585676828 -2.15372501562 0.53878895478 2.007910386 -1.46234882091 -1.79085346863 -0.219926125689 2.30272433032 1.97429678925 -2.78839823641 9
104 12367.6624529 3.78134658794 9.31859722314 3.59413692675 2.4271577383 -3.12292124043 -0.0268970704796 1.9909182556 -2.68756780405 -0.00978262706073 -2.63947901021 3.07744118225 -0.44599342092 1.85985908965 1.55674375515 14
105 12427.7252199 0.901625157777 9.04999043349 -1.18123405477 0.785233268551 -1.06921026126 -1.384717175 -1.79316817288 -1.94032329564 0.589612888827 1.86098648962 1.75563832349 3.10259051155 -2.17345480946 -1.26455024119 11
106 12488.9329712 7.22077296017 0.945185594924 -3.80363700159 -0.835991081588 -0.325115601324 0.626836743738 -2.76795947993 -2.90939851985 -0.69850590846 0.908941379279 -0.929041141172 3.09748904672 -1.88546329669 -1.51210170712 24
107 12531.1188443 5.02510974105 4.96178563214 1.42728204178 1.31826120428 0.537244673338 2.8697768088 1.29532292109 0.255947298215 -1.38821016666 -0.409319164678 0.706337623495 1.54639829248 -2.21668820159 -3.00102511782 5
108 12540.7143323 -0.347453621465 6.72454406623 0.0793531435907 1.6231005418 1.00361206556 1.00244291359 -0.775194987505 -3.12004818617 2.86371238011 -0.583773732093 3.01042633683 -1.60015494721 -0.706065248164 -0.00141023993707 11
109 12772.8752375 4.53917872673 4.28890819884 -0.0441185659341 -2.87094328112 1.2369783853 -0.972161800576 2.14626352952 2.05509298765 2.73318759851 2.32775428305 0.882929742306 -2.40758525331 1.81086872747 -2.56290300127 1
110 12911.3235888 4.24218949215 2.67532720778 0.337761191469 2.83191319559 -0.651902698919 -1.17983131982 1.02804718554 -1.71472042295 -0.442251771346 -2.75517482685 2.03205337242 -2.19733896821 -2.21460954751 -0.140264006998 1
111 12913.4606437 -1.77481796428 8.58095414572 2.73253078729 2.05761665568 0.0873673715897 0.130943963528 -0.624903600114 1.27732628958 -1.43142785445 -2.1651527925 -1.88629399265 1.26235520769 -1.34672137215 3.09729116509 17
112 12996.5447561 5.00647767042 5.37702878994 -2.3499910994 1.8753974623 -0.745024052102 -2.24311307583 0.0706501975685 0.783487937287 -0.894919432606 2.51024668325 -1.41932271281 1.06439255504 -0.0913444162829 1.88765479143 1
113 13166.8592356 5.44505844417 3.49528392844 -0.0802387272272 -3.01065021164 -1.54095882717 -1.39566387594 -0.0580703103072 1.64656743386 2.16578493531 0.266339524144 -0.483014196947 -2.80897779585 2.7956374081 1.7001317302 1
114 13188.7681862 5.82238616687 8.40112458647 -0.624943262232 2.96704817281 1.18610689126 -1.22675449647 -0.163784144987 0.518599291739 -1.43991136891 2.3271947517 -1.12105344046 -2.59707328534 -1.4179668558 0.452328832289 12
115 13379.3082071 0.469183605964 6.0320529363 1.12842483104 -1.91840783725 0.790252393806 2.94965664641 1.07815860616 -2.70065649874 -0.335044546809 -1.91087409632 -0.609778286552 2.97005092531 -3.01704083071 -1.32069986641 8
116 13381.5406393 5.67770775004 1.51840828008 1.17691626685 -2.36887232833 -2.11542959751 -2.13818235746 -2.15212703781 -0.157437599845 1.10250655532 -2.49071257919 -1.60568648084 2.75542288844 -2.07710390356 2.27881613073 27
117 13446.3643047 2.8560274553 7.19157416913 -1.63112922875 3.12379650846 -0.455918747495 0.17364497599 1.72742843546 0.0686217711721 -1.4883392739 2.85192037076 -2.27370536466 1.68953130023 -1.76467347614 0.471595582899 10
118 13554.4892935 -1.35364416124 7.78486056137 0.834483750718 -0.235846647067 -2.93773401904 2.5298562106 -1.25885420998 -1.29195758278 2.49531340607 -0.00894324980099 0.549648139698 -1.66728385549 -2.66220486343 0.512158390046 17
119 13696.1306613 -1.07192392245 4.10137537883 0.462065222326 1.22442812133 0.0283388732857 -2.94477315358 -2.72054845104 -0.486096999669 -2.36527382816 -2.42212921751 -0.401321320875 1.98749237828 -2.95139572056 -0.642677779083 2
120 13714.3010645 -1.66096375719 1.6094950272 -4.73168742884 -0.324667697021 -1.01205906433 -1.9510298053 -0.243347367603 -0.954992417615 1.75641092398 -2.69895618171 -2.74907829808 0.75026367278 -1.65210871544 1.93107300481 25
121 13833.5564291 6.39775910626 6.50907563221 -1.81093744871 1.78391611061 1.07180011057 2.52050708084 0.383258784713 -1.61557393417 1.14924425928 -0.402475214736 2.93985864041 -2.87501197901 -2.97273494198 -0.186063242729 12
122 13841.3327145 -1.70636342616 0.12393435654 -4.71544131373 -0.498912870236 2.317773225 1.12451202755 2.49665718 0.943157700435 1.2832212334 -0.459617491387 -0.885381151903 2.57704134325 -1.99203042933 0.631464772188 25
123 13914.4411332 0.848978519034 9.80192912778 -0.440317312013 -1.46879375399 -0.121436515102 2.68111875094 -1.09009123504 2.62886732582 -1.63194503629 0.896532019002 1.9138569757 -2.75756921934 1.98711654698 2.19773254719 11
124 13956.8526381 0.367060781899 0.196652969763 2.27843921655 -2.8354504011 2.16139630309 -2.4919371242 -2.68779350498 1.20439311651 0.101742395047 -2.7829059197 -1.60627133954 -1.26385374234 -1.75917337549 -1.71842780433 26
125 13970.5692071 -1.41736377129 3.6889484852 -5.42524904194 -2.58648461831 -1.88018020641 2.42443526009 1.75228135351 0.795430234046 -3.13813630777 -2.66812837241 -3.08594154409 -2.64685870755 2.62931071829 -1.45649190457 7
126 14021.1215748 -0.989080544638 2.27120511923 -1.86881260056 2.92761800981 1.54912266936 2.49712895309 -2.51805984056 2.42348101932 2.4758042141 0.592100395534 1.92892799527 2.45439304574 -1.30936957497 1.53620878765 20
127 14150.6865548 1.82966539282 1.64735720316 -3.20274440504 -1.50322787248 -0.300006617163 -1.53643005977 2.34173665395 -2.64167413966 3.06189074216 3.00470840968 0.733848666812 1.08601163686 0.963482932941 -2.57651104821 22
128 14155.02687 5.13760374899 6.54173708727 3.23754551673 2.37941695717 -2.47176687449 -2.41369177708 -0.244517579531 0.916917044398 -1.2133969945 -2.45297980649 2.62482859386 -1.36021942728 -2.48030593139 0.423609932137 14
129 14189.9912074 5.21621899278 9.76754927683 1.85042628377 2.97793412694 2.81940637006 -0.571769506254 1.61734863827 -0.662879144488 -1.63399280949 1.93965693782 1.71864334499 0.937955313639 -1.75040943076 1.60072982266 14
130 14230.9891566 -1.29634551109 -0.145891583957 -1.99058669958 1.76417002663 2.9286467622 -0.463660554649 -2.73676710581 -1.30604950646 1.70213058951 1.76328499123 -2.3219642434 -2.88565378526 -0.00324765452978 1.31527119948 20
131 14277.7468546 5.77148470555 9.65583435613 0.109752592664 -0.266802706887 -0.715824584437 -2.47692124118 2.10655994105 2.07104327585 -1.81224125605 0.328294120485 0.946913418953 -2.88774983274 2.08514376289 -1.655762457 12
132 14334.4964191 7.64034044342 -0.841093454981 -3.5811506446 -2.4315113293 3.13312989282 1.26095687382 -1.12009104058 0.356072455295 -2.01622036664 1.95562284483 1.99842548613 2.1351296866 2.27722074622 1.13280054492 24
133 14399.8804786 -1.70438427486 7.80560061477 1.6157512276 -2.39559564751 0.473433139126 2.21328621015 -2.17062125251 -2.90069668073 2.29884674796 0.690300264771 2.55794312974 -0.420976389086 2.86834811664 1.91717038989 17
134 14619.1472535 -0.70376027633 0.735599483595 -4.71445447345 -0.157566594769 -1.4842901791 -2.41373548591 2.78189270999 -2.68416146905 1.46378306067 -2.43141390473 -0.690734661977 -2.99567744935 -1.85905575005 2.75036539006 25
135 14677.6948273 8.18646523873 5.10243708009 -0.863603967217 0.940635248963 -0.722108308375 2.01191241183 -3.06002819926 -2.81848296853 1.46904816867 -2.40634942132 2.63012383169 1.73679017554 1.48724590334 1.05070583523 3
136 14916.1279614 5.00936620241 1.43849551751 -3.5057579445 -2.77849132317 2.16723765927 -1.52829775986 -2.11080501319 2.89427887528 1.16933336321 -0.17564122301 2.60882722835 0.864481791088 -2.40246175967 2.5384048665 22
137 15011.7137786 3.11260309422 0.225886318944 -3.7657601111 -1.91160970787 0.447642525703 -1.66012443263 -3.12817224297 0.332550501733 1.97179026294 -1.54833029296 -1.64213268088 2.48032132963 -1.38251955898 -0.903260434741 22
138 15074.2001814 3.40299673136 6.67708866615 2.6102851412 0.639781607765 -3.12975177567 1.38439977909 0.562385286353 -3.12859766804 0.93606680017 2.91607639846 -1.77918316565 -0.666848750137 -1.25109075003 -1.89983336699 14
139 15305.9557201 8.13521978327 1.18159766045 -1.75901119807 -2.27821753241 -0.83749420861 2.93608018439 -1.42803238536 -1.29879410513 -1.73649806593 -0.246365009756 -2.12898886759 2.66419537399 0.199961164507 -2.55998063002 21
140 15317.5425543 4.4024256357 -0.0973502787974 -1.55763700627 2.58746785332 -0.353845548423 0.188895887006 1.89890067435 1.13807835927 -1.40886488731 -0.255792824447 2.93738865527 1.22719406721 2.58623922519 -0.493047429704 19
141 15329.9520761 6.64775045437 -1.08903720679 -5.42727812813 -1.45687004787 -2.29403620511 1.58091709487 0.0152158255049 -2.80579591605 1.45491689279 1.76678747927 -1.70899545605 -1.77570043281 2.06497971023 0.703426117446 24
142 15600.8529124 7.46846182568 3.75199034391 2.98137796244 -2.2190892197 0.683868950386 -1.95521149243 -3.0618561786 -1.86644538392 0.0630730002768 -1.15905284989 -0.430615222701 0.977232260255 -1.64407527065 1.75956577671 9
143 15765.9825129 0.0297246923472 4.76341321776 3.8486273352 0.662339169958 -0.392791857103 1.93228578574 -3.0377874326 -0.0668426670777 1.90645582477 2.36480803546 2.33024877501 -2.21928185627 -2.82742649979 2.20094695713 8
144 16605.7299472 6.73851372433 7.22360563893 2.76108965645 0.107652629688 1.5647134937 -2.30198221041 -1.87989651862 3.04026519425 -0.841149651222 -2.51768175608 -2.51783811707 -1.26881982382 2.0723870598 -0.529901223636 18
145 16757.9072674 -1.7746878329 7.36974118304 2.41200335225 0.30048200756 -0.0827778209275 -1.18833803957 2.13939652375 -0.462067728957 2.58289391749 1.80266695423 -1.32730960004 2.60678237531 1.18531746347 -1.60448845016 17
146 17045.7658712 7.48863860476 7.53654502855 1.25539752179 1.65405097344 2.83614917545 0.524787975492 -0.350375669566 -2.0004030067 -1.54883766498 2.51067017588 -0.621965065026 2.70596617884 0.347699542688 -1.44808855497 18
147 17167.8998279 -1.69535009794 5.75224119987 3.77962052712 -1.05370084359 -1.51279481078 1.99625764445 -1.60264936894 1.68228871883 -2.87517226844 0.984637603227 -0.596680494824 -2.11897440724 -2.66619587731 -1.20445545889 8
148 17671.9377455 3.02761351347 7.60972139469 3.79305936324 -1.09129610809 -0.52993709651 -1.07349284431 -2.05471933863 -1.99990443975 1.47310472216 -0.043651375127 2.31710986519 2.0133298653 1.05651561473 -0.104041164618 14
149 18154.931979 0.376274004526 4.51855017913 3.79851366504 -0.840177444525 -0.346828456738 -1.79850548559 -1.6888358066 -2.8816127332 -0.78761537082 -2.89513386063 -0.748514835796 0.813481697252 -1.31708137516 -2.19669726984 8
150 19812.6954028 4.9725761431 5.57146014005 3.86648219523 1.46357564776 -1.51400000699 -2.87528747903 3.12348879424 0.775186865083 3.12237135698 0.898110580447 2.87101259183 -2.95997631878 0.835666244406 1.88488270409 5
