 1.70123839602 0.150473967873 -1.30224033594 -2.53487522247 -3.03807108692 0.83881561554 0.341587620006 0.797930788156 1.19145572975 -1.46025382493 -3.03843181885 0.781137358319 -0.813393675742 2.13046439608

1 635.700445334 -0.982897881758 0.671396009811 -0.799996446743 2.39741556492 -0.769673999863 0.506933731665 -1.82970429237 2.01345039389 1.50961082747 -1.35435025798 2.17498569732 1.81123412312 1.34410270673 -3.04627114803 4
2 1772.64906005 0.493272731248 2.31924406136 -3.0544574462 -1.69785957917 0.222326158375 2.6110429362 -1.160852307 0.527246819141 -0.428707690394 -0.407522592866 -2.74297809487 -3.05530681504 -1.22587225056 -1.16331929466 15
3 2251.43388435 0.359377129165 1.36660619528 -0.749347598527 2.83276689627 2.76724233289 -2.45874810334 3.01419584001 1.91276535142 -1.19242364411 2.65678757326 0.291759076442 1.11988332213 -1.97464331897 0.760949268861 6
4 2414.37513579 -1.31302667508 -0.768504377966 -1.27320623908 2.60543668079 -0.304110117077 -1.39142507418 -0.0309040023141 0.0697481602729 -1.97906460803 -0.600839062451 -0.588480969801 2.00793100828 1.59039675603 -2.63570320163 4
5 2759.23175064 -4.60292394056 -1.60282352711 0.291620523282 -3.13411617111 -2.1188140505 2.35252236214 0.559972182106 -1.6073321979 1.34602279422 -2.44632754218 -0.411491520857 0.685618712505 0.567505575889 3.08941515771 2
6 3160.16190116 -2.86519361136 -5.42879811647 2.07533390634 -2.95787065815 3.09978785755 2.35180246671 -1.238261531 2.54756445142 -1.27691812642 -2.22263187192 1.13639958034 2.08606894433 2.41557886443 0.974793743293 19
7 3339.20737604 -5.32576236511 -0.349537279986 1.03237954749 2.60800543169 2.96518064264 -0.56059752352 2.65266098043 1.53575312223 2.17352459168 0.148652494459 0.618638157744 -1.95643423092 0.274808974188 2.27794124571 2
8 3462.98310488 -4.55333043649 1.05907614878 -3.11905578754 2.92396005984 3.02314237095 3.03635648482 -2.27557892825 2.80756766309 -3.01207065217 -0.440734944707 -0.99090046122 -0.620496313142 1.00096443005 -3.05784008654 7
9 3727.86202546 -1.90534872073 2.49302057462 -0.444310282413 -2.94267780378 -2.82952780255 0.974917317414 0.741307096138 -1.79930479607 1.46369694338 -0.83111028476 2.58519263178 -2.26469159178 -0.526200884457 2.145786176 10
10 3819.31588633 -2.58720007396 -5.24041900367 4.99803826954 2.49188396922 -2.85493565902 2.69734027006 -2.78070610879 0.504330328986 1.27195383937 -0.439256644704 1.74006453 -2.19235223657 1.23619194854 -0.6941883942 23
11 4032.48138995 1.12927635561 -0.576255215068 -4.09244696923 -1.87344519016 -0.758582278823 3.09745252569 2.83498273551 -1.59296618719 0.5528989598 -1.8087999463 1.0523564552 0.705778152019 -2.74794576663 -0.734937876118 6
12 4154.92965224 1.80019652301 -3.27539406964 1.77732722135 -2.95454311177 1.89396906925 1.24218120564 2.55239060102 -0.906121959993 1.36239199467 -0.150917490042 -0.405598685689 0.40444790692 -0.58137723343 0.373221601622 21
13 4175.95147078 -1.03573482863 2.28669614542 -2.75415126232 1.6950219962 2.91519287175 2.29039088764 2.08742325445 1.72709633458 2.26591261625 3.01572553612 -2.34692282889 -1.33147271499 -1.92938420786 2.60205027127 13
14 4567.11459799 -2.28062758755 4.50825317417 -2.88361442429 -2.74305359806 1.2075843089 -0.0332553121119 2.80448429451 2.23003225053 0.727260897237 -1.95452138293 1.20694892273 0.364598400627 1.02865742849 -2.79781679275 13
15 4591.12524395 -2.59831434593 3.4994596537 -0.367441180753 1.87179414932 -2.89580118996 0.470832589055 2.88674740239 -1.82678552994 -0.460101669844 -2.45540671092 2.56649008794 -3.12230381834 2.82581446038 0.263097898445 10
16 4733.93851516 -5.47695134981 3.50213686272 -1.0872272953 3.10629975825 -2.20275425774 0.951616376761 2.36238553772 3.12215658686 1.96975017454 -1.59579529813 -1.93200479687 -0.515604781813 -1.44867072071 -0.686575564229 16
17 4883.4025502 1.0212110017 1.4986014837 -3.26601998391 1.44735116913 -2.36780597072 1.16224809055 -1.94675418923 -1.49306082114 2.52861751062 1.21009896334 2.21298197703 -1.73028844642 -0.982757098887 2.14339644728 6
18 5286.58197636 -6.4767289176 4.82781026808 -3.8972513467 1.47508361577 -0.830839310513 0.117077029825 3.04573568353 -0.632729605295 -1.17682507022 1.86413400335 1.69921349424 1.92149519803 -2.06412436583 -0.79113700685 16
19 5358.74773852 1.62854126316 4.95172894754 -1.30882690159 1.43464635684 -0.883467440738 -2.86496360867 -1.77363208571 1.07251601495 -0.112886184037 1.06683784508 -1.36873638794 1.3218495849 -2.15608427123 -0.162809920475 15
20 5519.80501585 -1.52232843747 -4.01778130579 -2.85175859789 -0.600384256058 -1.63884621373 1.39064368019 -1.57428019904 1.76343564725 3.05115723979 -0.762458742257 0.873221823758 -0.633106966966 2.54784495957 0.133518327199 22
21 5551.97004628 2.92669019634 -5.59711165499 2.73448523934 -2.54831557934 0.725543558426 -3.12451561464 -2.76940977983 1.8962431699 -0.581660621748 -1.12853173898 -2.55334753583 -0.766258482128 1.73474170322 -0.143810536323 21
22 5820.80262275 0.312206381932 2.6663506237 1.41832777395 3.07265939625 -2.78177983619 -2.57901345335 -0.314946932854 -1.32554685457 3.12367576289 2.21228368014 1.46937477777 -2.25653477689 0.388958531155 1.49760560879 12
23 5914.81836958 -0.537842918943 0.302596404467 0.0755365672553 2.32796443841 2.31126598927 -2.12836358941 2.65573876621 -2.45089255045 -1.09542776909 0.466107834888 0.0441705453083 0.514285346703 -0.693939441149 2.39908165721 1
24 6045.90815834 1.93021391675 -3.18611428036 -4.14302986385 -0.106837432716 -2.55559635924 -2.52163496339 0.192495508254 1.60673110129 0.691688866484 3.03967094815 2.74626669589 0.576639492579 -1.62941332049 0.371493492471 24
25 6201.71366805 -0.0793822344973 -5.34105570975 3.2664459041 -2.72488857888 -2.23761167018 1.33104290751 1.39072080328 1.14037340744 2.46909320936 1.5373551048 0.735824715113 1.20440768923 1.04574072001 -1.35685405532 23
26 6317.82721639 -0.715916460965 3.96861047303 -2.70562843626 -1.047185486 -2.60157552937 -1.51681145475 -2.47711166249 0.370662788678 -0.802571881156 2.00318440411 0.408263098755 1.07313357138 1.31343824222 -2.78024352647 13
27 6366.85828528 -3.33472725767 -0.538183139391 -1.00086484202 -2.59506931893 -1.80938052409 2.17491145869 -0.572655648598 2.13100191948 -1.42547063658 1.5629198331 0.76057854401 -2.12035796672 -0.689758442006 0.740231371579 4
28 6682.43300498 -2.84447350333 -1.24998313546 -0.322251416399 1.94684861613 -2.21295557691 2.33092904854 -0.206782595428 0.814651833209 -2.02249668167 0.266054737808 0.0225568239843 2.02218303452 2.62190833076 1.3408164105 1
29 6695.55070374 -2.38805864284 5.28865456776 -2.55349406962 -0.596650158469 -1.02575386305 -0.761115280448 0.650881831877 1.70421587501 -1.64256797329 0.834986662745 -2.40189017215 -2.45804341539 -1.34258969903 0.567415013255 13
30 6823.51178915 -1.5188953427 -2.39134476116 -0.160043551052 -2.3155583729 -1.61650170605 -0.567140022017 1.91173200703 0.259862343707 3.10183788591 -1.5534680747 1.10492115888 1.09913988597 -2.4063356621 -2.90824072812 19
31 6862.02657316 3.15678149513 2.34312717138 1.36609790268 2.58432268715 -1.70964121347 -0.172333448972 1.64297641606 -0.627620497846 1.3491259985 -1.79343837987 1.38466032048 -1.77753067357 -0.926561359915 -2.22455863945 12
32 6899.89404544 -3.28609692899 -1.55303914012 5.37442428933 1.77915150228 -0.439002441661 -2.86334487077 1.89598971993 1.98297002996 -2.16354203809 -1.89569908101 2.53897464581 -2.58669896773 -1.60347504912 -2.37749216811 5
33 7146.55696569 0.676716944358 4.65296980047 -0.631784397273 -2.1037340891 2.81144678329 -0.519411603828 0.274991784565 0.831399221961 1.77663466312 1.21831905587 -0.488177847113 -0.403753133269 2.2859681125 0.707932892513 15
34 7166.57486852 0.843401176864 -3.0288211032 4.74760700837 -3.06274622259 -1.25551390123 -2.36472853093 2.60432085913 -0.555852560551 -0.946950996657 0.177424789274 1.62150153509 0.605435286773 -1.83215242511 1.30190191722 27
35 7228.28777153 -7.18286886544 1.44719801298 -0.92252370075 1.4523894683 1.91615190764 0.231085298098 -0.966333308285 -0.0658963910486 -1.31014136313 -1.56760745581 1.73242660264 -0.327504289577 -2.11714477923 1.92792831817 7
36 7505.49955308 1.52675202199 -0.205096235769 4.27189083366 1.45771501966 1.24274934494 2.5986728984 2.43737316291 -0.572956937532 2.16445981007 2.63815553653 -0.636563826267 -2.25912700929 2.45780567179 -0.183663529471 9
37 7517.76402024 -4.85129937382 -4.7112531937 5.02929189494 -0.968013942757 0.0732859124408 -0.310242461693 -0.676643372365 1.26061068984 1.73962239031 -1.00303053084 2.53686280116 3.09398372196 1.60083189001 -0.313478032716 26
38 7519.88440628 1.94133197984 -5.56817574992 3.5932333445 1.66429047259 -1.2809354014 -1.68557570617 -2.58297151146 -1.22661735325 -2.88849149363 2.44670362046 -0.515184705453 1.14479024043 -1.07623834566 1.83313467718 27
39 7637.19660028 0.198663951826 -0.711626056236 1.76361293395 -1.79208753452 0.0129144620567 3.04434779221 -2.36189547789 -0.155848525329 2.39637892388 -1.07632918317 -0.77360699715 -3.08363719422 -0.321430629856 2.07114150298 3
40 7661.83753252 -3.3689296606 5.19818536162 -2.55838439138 -2.25392622027 -2.02925023227 2.1889736888 -2.33597069109 2.86575325175 2.91586625095 1.19125952597 -0.476137550175 -3.07693083284 0.403879145633 -2.33106662947 13
41 7737.18228132 -5.107224047 -0.415676299432 -3.27602905559 -1.46586374266 -0.265360199334 -0.148896829608 -1.72082758562 -3.06106049923 -2.25787541973 2.41065508745 0.484761566112 -1.11856976734 2.43351581475 1.83425783934 7
42 7904.73563022 -5.23952819166 -4.34741167148 5.07001687086 1.70328698744 -0.859561265447 2.4291463718 -0.290578606677 -0.59488186446 -0.550251483642 1.22786345129 -0.571725742516 0.150245454087 1.82296023236 -1.58956802514 26
43 8008.16117456 2.23973557093 -5.3479589174 3.69617159699 -2.3687189836 0.8703257515 -2.05741264235 2.47181531323 3.07557142549 -2.50367805311 0.0284811078286 -0.580930161929 -3.07103638382 1.15139229059 2.87117584745 27
44 8191.53104536 -3.27057239479 2.8109456799 -0.305713825497 0.173965177514 0.633416261583 2.37114033077 1.43631311088 -1.87159953545 -2.89147226858 -2.78256979132 3.06198321029 -3.081901774 -1.48281775646 -1.91125664487 10
45 8440.96133818 -1.66495226742 -5.44531926715 5.4025020086 -0.768875409169 2.5497100395 0.111612266889 -2.14069097171 1.44563901807 -1.96679713577 -0.802883699877 3.07912283462 -2.98745527987 -0.805478300345 -1.91945031575 23
46 8441.52181664 1.03959714347 -5.19452211435 2.12528392666 -2.18096021 -2.91046736875 -1.97293221035 1.85520429932 0.120440738439 1.66826051053 -1.4422416295 1.92591516961 1.57147804341 2.73099425339 2.78423140567 21
47 8448.87708668 1.25444482261 1.11566253692 -1.23816201467 1.3241735709 -0.905591865376 -1.36189048884 -3.05774489094 1.66992334754 -2.3023953408 2.43551879527 1.023863774 2.93360578604 -1.8821675227 -1.41031807111 6
48 8634.72609131 -6.07953143224 2.95081190349 1.98088192148 -0.107975905766 0.760777463721 2.14044724588 -0.712728770877 2.67255651152 1.99298027771 -3.06670946689 2.65751495204 -2.34691711258 -0.419884228602 1.12731964054 11
49 8650.89882105 -3.84707691642 -2.37824090927 0.129648822261 -1.91266749009 1.88606253038 1.91122780534 0.238303061018 -2.90901360411 -0.606643531988 3.08749234824 -1.74174570139 1.84205280617 -1.58539747421 2.71784957401 20
50 8703.22389294 0.350454861705 1.02889737569 -0.66519023152 0.140506948461 -0.0618800450004 1.42365215409 -1.27916454631 -2.16823214623 -2.42608254093 0.0241582358826 -0.274196124264 -2.32921563657 0.141902785123 -1.38719745634 6
51 9019.46718944 -4.66874400268 -3.60679371454 4.68454568045 2.28821656879 2.7910888639 0.00613000274625 0.790388835252 -1.09804335236 -1.08165433351 0.167934946002 0.916748201023 1.90966367316 -2.14750277745 0.0643739862645 26
52 9027.41390403 2.36738502039 -1.8116932698 1.68860733403 -1.98601156317 -1.59970007942 1.78649715378 0.0942049899117 -1.20625519001 -0.606042461564 1.99238719718 -0.0262346461711 -1.14966258285 -3.10543217893 -2.48754550591 3
53 9097.93867178 -2.91491048541 1.58895972399 3.64626397868 2.41393024068 -1.19060760108 1.8494843289 2.72263595224 2.22698739366 2.5372406742 -1.25308134195 2.67907549095 -3.07287764565 -2.44764902432 -1.39272620001 5
54 9114.17354544 -4.3168650912 4.71277561473 2.34961817202 -0.0290194633362 2.96657651111 2.21823537809 -2.70134122078 -1.44318722485 -1.50142058775 -2.83184836473 -3.03591997483 1.82899141048 -1.29875973477 -0.147158984581 11
55 9196.7929376 -4.68103013898 0.776923346971 -2.60655590977 -2.40049310751 -2.42834235548 -3.04093008165 1.56900741086 0.643869657689 2.06335379369 1.17139888444 -1.02973321851 0.981031464638 2.41683914585 2.46665357584 7
56 9220.2256755 2.81959210186 -0.154045419088 1.9068588395 -2.47258949268 3.00504983276 1.2207993598 2.77799057708 -0.831034989256 2.68381322406 0.0883348887989 -3.11489904071 -1.92350096981 1.77983887429 -1.68685986509 3
57 9306.40860067 1.20646834972 2.92882552549 -0.203583084672 0.224247548757 -2.98343033415 0.384749084826 -2.41566687913 -1.52308473616 -1.80759358195 0.218277524536 -0.0321377213688 0.908837785649 2.01076240019 -1.92311869018 12
58 9357.76433571 3.26809725114 2.42935673391 -2.62532321531 1.11879477205 0.603854123863 -2.35971134423 -2.63147762348 2.7771582849 0.0515779508173 -2.89990546643 0.910842828574 -2.66788997709 1.09887028937 1.09906125786 15
59 9682.89582763 -7.06198445237 -3.85997908773 -4.18137461316 0.638852882159 -1.59220559977 0.455978851465 1.34923453881 1.76176378828 1.21550536516 -1.92462906922 1.63345302558 -1.05334043936 3.13854257758 -0.836381836833 25
60 9931.20366974 -2.14309127785 2.3662453842 0.814179980775 -1.11008124857 1.97330755617 0.709526679783 -0.891658839443 -2.40502248948 -2.53804892451 -2.34030783428 -2.62430961986 1.81005819227 1.86863504936 0.866920408967 10
61 9977.53863291 -0.356672234968 2.21026503942 -3.43715450452 -0.796827445319 -2.79194037796 1.07896872855 -1.80982649668 0.665125125028 -2.65182260097 0.571984058886 -1.39525415861 -0.518036386363 -2.77077538545 1.24104681323 13
62 9997.72150665 -2.50201197006 -1.85278804637 -2.08275219031 -0.753415883624 0.773579796018 -2.64044344641 -1.96895232495 -1.13180891751 -2.91763125981 -2.64038320402 0.27554671017 0.187364614526 -1.73181799628 -2.70087974446 4
63 10027.1842953 -0.618315828803 -3.72360092969 -0.830866913943 -1.08115459243 0.725731086114 -2.46458167506 -0.937341822102 -1.4810022851 2.20168770677 -1.30513156807 1.73688486218 -0.633430001595 -1.9293404505 -0.178235362936 22
64 10182.569156 -0.170070068455 -2.79246075677 -2.42508058324 2.24638077634 0.858731559969 1.03044865265 2.88241965339 -0.092269483182 -0.997072217509 -2.5292810711 0.178751596643 1.3151226837 2.62677051516 1.14170117524 22
65 10214.8087304 0.216991439626 -1.92416279372 -1.38427138471 1.61819496104 3.08891751638 -1.08873092352 -1.15866364153 -0.735522257505 1.48049928947 1.35037235468 -2.26161140438 0.241196883795 0.411494309049 2.03789338167 6
66 10273.1365603 -5.4591808942 4.94759981084 -1.52176549096 1.34591860251 -0.750611076709 -2.54249539344 2.79676627038 -0.939620411333 -0.583372260497 -1.95080075134 -0.0377362413908 -2.36467354899 2.68315913642 -0.720840755183 16
67 10328.6682322 -3.0422342683 -0.230954353041 -3.69883471644 2.01629025723 -1.40354228476 3.10393179311 -2.58438653349 0.236244211961 -1.97460653958 1.34734636602 -1.04644238118 -2.07122402296 -2.73407499315 -0.606686453296 4
68 10333.1201854 -2.05430387719 -0.0567598781627 2.84763428639 -0.576666376082 0.592995470795 -2.36626502501 -2.22645619141 2.40257924701 1.27716421133 -1.38796343547 -1.14362039728 1.67805491634 -2.73741412829 -0.609435134531 1
69 10407.4056407 0.157753154132 3.03458223237 5.73581768131 0.389361628276 -1.34169089134 -0.91357725034 2.18632717836 1.83386062902 -2.428234178 -1.99251625461 0.60729516704 3.10720217749 2.75362078291 -1.47287158764 18
70 10431.0910789 -5.14459220005 4.99090453689 2.485680504 2.72954086786 3.10218712276 2.03564935394 -1.14808367548 1.18924257853 0.603713207152 -1.30475309046 1.0240114394 -2.86269275092 1.24535554585 -1.80277499738 11
71 10471.0304331 -2.28878664998 -3.06468471335 4.26432137573 -1.18631079982 1.63812764695 -2.40606295079 -2.59776090512 1.72058022798 -1.3584961155 -0.343415475346 2.89457341959 1.20137728708 1.60960782748 -3.140676169 23
72 10491.8828678 -3.13337639876 -1.85923356462 1.41863320872 -0.485705788921 2.99304763344 0.615602152915 -1.37395113868 -1.03475954293 1.45242377851 -1.11770294892 2.70172208294 -3.09563618222 1.18752688029 -0.799407336568 1
73 10609.3099641 1.23049984947 5.00871997669 1.69154028978 0.6066786555 -0.927840481192 2.61605181126 -1.49803974421 -1.45562999071 2.39019143353 -2.87172924678 0.100480085351 -1.06914304045 0.145394603461 -0.0230299859697 12
74 10651.3824582 -5.89342050364 5.22296627807 1.12086697747 3.06015690237 -1.67852719907 2.48840847615 0.724476105527 -0.0946164280539 2.56111928053 -0.930961784491 0.634185908676 1.96040978844 2.67365808221 -0.813212678598 11
75 10673.9969731 -3.61234439606 -0.934049193922 -2.06946403442 -2.04520379923 2.70781915458 1.62073230952 -2.74085288607 -1.17925548812 -2.66677796857 0.0858431394111 -1.30941077408 2.82968874017 2.28375870149 -1.4669892503 7
76 10768.1661982 -7.12410698885 2.57709999724 1.1479265456 0.673710381024 -0.459838498971 0.503896611453 -0.0785922700261 1.31479398371 -2.0096467122 1.21356468885 3.04964952495 -3.0181239759 2.95118679858 -1.71631497057 11
77 10788.8501508 -4.56253022867 0.733983489823 3.30041117989 -2.07118806633 -2.76603928401 0.240670663605 -1.13320602581 -1.81655439699 2.85451179474 -0.317214728912 -0.978121691806 3.02545214969 0.825723674609 -2.68582902314 8
78 10804.9226948 -6.90130907161 1.61465996821 1.03937153352 -0.483616242683 -2.84759762854 1.59879097023 1.26795810169 2.4322387627 0.182301119271 -0.292803793681 1.00545944601 0.185359075172 0.953091587083 -1.53216258228 2
79 10806.1585971 0.702264399056 -4.76464948454 -2.11823965531 -1.2132727575 0.174365036191 -0.589075354131 -2.67203780231 -1.57255427139 0.207097993733 1.37225238576 1.80046835523 -0.788900329972 -1.91227451241 1.16306501506 24
80 10815.5644898 -5.05698061996 -2.85028694198 -1.68036712198 2.65830980362 3.05499185184 -2.05815591764 2.88663537394 -1.76833354594 1.12863314589 -0.193891186953 -0.836394374584 2.6393627625 2.99760572753 0.655503452664 25
81 10894.1315892 -1.71461520659 0.0265908417218 3.20678540796 -1.63452669285 1.30437763519 -2.1206532114 2.25883395711 -2.20868257835 -3.02666155152 -2.1857639973 -1.39289855346 -0.490807204585 -1.25367202001 -2.82185455626 5
82 11053.5865848 -3.17321230992 -0.816441144834 6.26789872846 1.40666030837 0.168651055825 2.89189158064 2.26915891199 -1.66201548856 -0.111313423459 -1.47012748882 -1.17992000655 -1.01175316258 -0.727992043202 1.99040756592 5
83 11068.0371652 2.98894413503 1.87362678589 0.504869538107 -0.364984502911 -2.18887294681 2.61899945843 1.58459384557 -1.09986570712 2.80066971858 1.64151949675 -1.70122381542 -3.12814621522 1.42740832872 -2.22930835054 12
84 11085.5852243 1.6075062089 -5.45106091363 2.97551982368 0.947671639606 2.35096462189 -2.7186168368 -2.77630066832 2.43671254826 1.12730320383 0.671077375059 -1.0775844212 1.23156389211 0.554519425748 -1.92366863983 21
85 11109.5874692 1.18606867809 -0.00533014241224 0.542848573396 -0.249068922903 0.244790413668 0.714839767933 -1.87506959991 2.15003536077 -0.589379415305 0.994156265265 2.36082137728 1.33535362719 2.48536339864 -1.29054059003 3
86 11113.0182551 -6.33532572406 0.183214410822 3.60899696226 -0.262659389666 0.323089851672 0.903402706695 2.90706998653 0.16988006327 1.55754676346 0.179798503592 1.01742379789 -2.22518661882 2.83068660575 -1.78981105107 8
87 11200.7364513 3.50445576932 -1.0258584978 5.34787171243 1.63246699743 -2.15545092941 -0.961365644522 -1.01060820946 -1.3893456778 -1.68333287259 -2.04786088806 -0.562024307972 0.360657112335 1.40263902313 2.31979315113 9
88 11226.4645894 2.78519214795 -4.94057723785 -2.294311101 1.13307535422 -0.160224128637 2.82104500497 -2.02060480077 1.83110213536 1.65014382872 1.99876383261 2.26366311392 -1.27195056219 -0.311935067643 -1.02536035985 24
89 11335.4186739 -3.37875238903 -4.3716912269 2.01982969717 -1.7535223966 -0.890763581355 -1.46998803842 1.24012651703 0.961203750126 -0.481111254574 -0.601662182556 -0.4756450128 0.779520981918 -2.58728341772 0.265070162721 19
90 11380.9416639 2.07279913506 -4.64787486344 1.18274339074 1.88890359653 -0.752143872374 2.18734712336 1.61298832076 -0.600878048547 1.13225263068 -2.70077459931 2.89276982873 -1.13120377901 1.75321702765 1.65049135043 21
91 11385.5201959 0.0737813409894 -5.33009028764 -1.03936813356 2.87986089051 -1.15679039339 -2.7188564949 -1.74516182502 -0.970975671023 -1.82935505549 -1.53394821627 1.88973245009 0.134247397409 -2.76550048975 0.889869703618 22
92 11452.2396566 3.43551971006 3.45001499574 1.4187859701 -2.35166163416 -2.5064634598 2.16092794043 -0.881314404719 2.93810111341 -1.96987773469 -0.606984473423 -2.74981333081 2.58291723998 -1.85051634847 2.78621581913 12
93 11512.8895144 -6.33376165386 2.18858913556 -3.61853490509 0.215694213555 -0.829956903906 -3.01183688148 -2.38929243428 2.11457171065 -2.53351151227 -2.84450826451 -0.897945323904 -0.0646817030352 2.6960774909 -1.71924766861 16
94 11523.1715261 -5.94144295974 3.54483718874 -1.29052308917 0.682725591981 -0.465865892908 -1.68923883877 -0.26164472899 -1.90228896621 2.8226980046 1.03891017779 1.133973535 -1.77288759871 -1.79081196078 -0.722474268413 16
95 11587.5596273 -7.12816819747 2.25313206853 5.57024743396 0.975129557 -0.501838073277 0.103143426269 -2.73612604086 -1.05175168276 -2.97881854351 1.64439024154 1.5495547732 -1.4364921045 -2.44825675435 -2.11147012859 17
96 11847.8349533 -4.85223035761 0.209166329983 2.69587034242 -2.23870189627 1.97399724272 -2.84743916431 3.05286174775 -1.41696507913 -0.687997400463 -1.52763476678 1.49218845011 -3.10248470722 -0.357161123942 -1.55101853496 2
97 11855.2386642 -2.05621636734 -0.460947705265 -2.89845054865 1.65397642737 1.05078726954 1.57198730434 0.488338369072 2.90967047787 -0.505699761123 1.62838162396 2.12231879158 -2.28973949723 0.47199445454 0.871234800185 4
98 11881.1295516 -2.66401655662 0.462977572245 1.61390418808 0.618472276664 2.72130273229 -2.80868776437 -1.75582291295 2.14121138304 0.0726186679825 3.07786981489 -2.1980826567 2.0896859894 0.172077259432 1.51331943304 1
99 11886.3485577 2.95472561516 2.0270974154 -0.706593958769 -1.34627820628 2.3702771324 -2.45497397426 -0.731502592572 -0.969015182471 -2.24216942695 -0.406368743695 -2.39594572721 -0.953502377116 2.14751753196 -1.04016133358 15
100 11906.6377394 -3.46692923371 3.77183753162 0.479818413223 0.770097020168 0.211288624487 2.21680542227 -2.54710895067 3.13180536755 -0.720998147706 1.49614377709 -0.247513606427 -0.842900926856 1.07968085318 -2.84322349077 10
101 11951.2502667 -1.6849711546 3.12120685427 1.7189584209 -0.930460808615 -0.991311624026 0.681150872046 1.6060257554 -0.136909536572 2.49567801666 -0.376273962005 1.78235330924 0.431034944102 -2.9232955748 1.45574156957 10
102 11969.6703281 -5.82619215844 -2.95383857028 0.923587730632 1.40369632675 -1.75667481589 1.69961231068 -0.706716820333 -1.56511902406 1.48692916321 -2.05721731024 2.70940230211 1.46217463111 1.35237026721 -1.73223749357 20
103 11988.302332 -5.83684682672 0.425586975048 -3.78600726892 -0.0306222039334 2.97427108064 2.51568205988 -0.346342001949 -0.295850627154 -0.0441527192924 -0.580555517519 0.747292052622 -0.670464754822 -0.0764519265832 -2.25635022488 7
104 12065.1442429 -6.97780606633 -0.0566653689363 5.68114865233 -2.65859088273 1.66511724804 -1.98810852955 1.1033688412 -2.65612144754 2.60005493131 2.57524056714 -2.40492977436 -1.78213173774 1.92124600826 -0.306128278659 8
105 12108.633453 -0.136951398224 -5.55465445529 4.64695581405 -0.192001610399 2.93527027189 -0.103916016352 -0.861570042263 0.155654922213 2.012651301 1.48786192637 0.437312553926 -0.785947138928 0.676718837523 -1.37434729691 23
106 12168.9629923 -5.98446669777 -0.820136182231 2.02394770181 1.01920636711 2.20588160183 0.207059496703 -2.87207898608 -2.48169661379 -0.925603318096 2.22923907101 2.52035241637 -1.01373206441 1.48553801717 0.341584209074 2
107 12235.0276967 2.04709381761 -1.04478782773 2.42923541587 0.528945109875 -1.14356085653 2.59507960324 2.30186339463 2.04860423946 -1.18685769041 -0.382907139899 -0.926418352758 -0.853268145532 0.526200224675 1.28671776412 3
108 12271.7542102 -5.84695114106 -0.153300153731 5.74909389659 -2.04654501039 3.0148714263 -3.14091370968 -1.92749249186 0.228291593108 1.01347895912 -2.38858378154 -0.0580102600561 0.920290851168 1.80529857769 -0.232642101731 8
109 12301.2328756 2.18427692065 -4.27822492909 5.19940983113 -2.3079839633 -2.20559642965 -1.15390297669 -1.43434345477 -1.36268528165 -0.859454738958 0.915817308449 0.840042206882 -1.08325314008 0.910740639529 3.14063309411 27
110 12310.775842 0.501116730999 1.82669583324 4.61127303653 1.32764745805 -0.527336346269 2.96695946908 -0.585204436987 -1.87850163566 1.13096087923 2.20179909735 -1.79604939125 -3.08696432336 -0.869638510614 0.724820614747 18
111 12524.2974557 -6.47837469733 4.59368250807 2.25278104816 2.09055210317 0.765498383596 2.49152650031 -0.401660019498 -1.03678708791 -0.724219115864 -1.70392939896 0.411347940444 2.4671777735 1.24457428947 -2.73746190031 11
112 12545.5329238 -6.24798641989 -5.4548695922 -0.454981278264 -2.58327729477 1.09536079564 -2.41441718391 -1.55093261856 -0.00662009412993 -1.10972913792 -0.071492666446 -1.30666584986 -0.264649426772 -1.01723820515 -2.659549001 20
113 12615.8984829 1.42346984031 0.796847469786 0.305846397726 -1.38968163772 1.34871059459 1.40912107849 2.25586420294 -1.62720308356 1.88211248717 1.23261790502 -0.762505853071 0.70566867889 -2.6487542598 -1.88288228038 3
114 12684.5909103 2.54628093666 2.65979790502 -0.834126432148 -0.087820823348 -0.118490561768 1.80635498334 0.516512519919 -1.48057874396 -1.33774227333 -2.96318105908 -1.16032094667 -3.11502054247 1.93741577031 1.53331313332 15
115 12755.1649238 -6.94091920371 3.41108088677 3.37795027159 -0.646951386345 2.88097563123 0.973430253011 -3.01207360386 -2.30823945324 -2.25964209298 -0.716423095315 -3.05150105748 -2.9020730046 -0.869107957921 -3.0297742689 17
116 12810.3571984 -6.03206280815 2.21166141447 5.9576705922 -0.837106072767 1.2360880555 -1.88399096221 -2.95827051069 -2.17739946233 -0.333718997982 1.36577813644 0.367214268389 2.95201443016 0.924107079309 1.88886240976 17
117 12916.4654535 -0.490001291829 4.65264769809 4.5846375428 1.54630105539 -0.417832341682 -1.55160310624 2.15840101811 -0.187763621584 -1.07219078668 1.34046430195 2.18633327997 -1.39472522343 2.09237224516 -2.4802007239 14
118 12935.405347 -1.87127229274 -5.15057498834 1.62709614372 -1.35054366651 1.64758634185 2.0839957339 2.53836148179 -1.04424271227 0.971193529424 -0.191746574024 -0.701696860382 2.5996060811 2.22252993851 -0.270419133588 19
119 13133.6248855 -4.47577776982 0.65117900366 -0.0319624112748 0.55790821702 -1.80597920336 2.68758081145 -0.469886284307 -1.67733859106 1.42999415339 -0.748700375103 -0.181085774908 1.46864903545 -0.274298932051 1.79105253393 2
120 13172.5876497 -1.22457679775 -4.85845262527 2.98205073288 -0.167144882011 1.28810984572 2.31983463844 2.46487172638 2.98293807029 0.507373009225 -1.89383212218 -2.30396133099 3.04776718055 0.265814948537 -0.629334412737 19
121 13368.2026856 -5.09610104111 -2.86686226484 -1.46285153569 -1.13127054832 0.933692324797 0.986336374706 1.9318950765 2.47900894543 -2.75598911333 -0.263840331082 0.69705429681 2.66137736371 -2.88247907753 0.416096006419 25
122 13599.8055399 0.370327663074 2.24007846161 5.6318139426 0.7241084788 -0.089229784547 2.71957588416 1.56924458877 -0.220831613879 -2.90983364223 -2.06618411857 -2.67510132972 2.94385903685 0.20627075836 0.534144749035 18
123 13688.134277 -4.21828710273 1.09199644841 4.46457371454 -1.53633385178 -1.13266568279 1.17340587593 -2.32586579866 -3.06248848023 -2.76258742961 2.22931397882 -2.08472527718 -1.56805990867 -0.97747721171 0.922758331038 8
124 13704.4129382 -1.10889444882 0.73925843185 4.37069237476 1.21440429139 2.31705107877 0.224550011004 -0.461854993138 1.78136381351 -0.630131809858 0.23345117378 1.25253701111 -2.97297937448 0.152783069895 -0.11250665151 5
125 13946.8042605 -6.76294002307 -4.44987298457 6.54462989962 -0.123883943298 2.74172172552 -0.495867759485 -0.277442160399 0.156013341022 -1.67525434649 -2.82580150101 0.683597622618 -2.36552610435 1.84235441291 1.84639600773 26
126 14236.8409653 1.29172520447 -5.50530692779 -3.43539102397 1.55575310611 -1.50316521426 0.460339578008 0.680642233207 -2.61648143304 1.06578630493 -1.01135641452 1.9657349915 -0.648658450815 -1.83908294486 1.48696070674 24
127 14280.026748 -2.07243038276 -1.50581283429 0.24996611606 1.22848352549 -1.87773845941 -0.345087689178 0.886492910677 -2.2624392525 1.26474121723 -2.10010970529 1.12859636783 -0.50485203843 1.65124357208 2.90784509285 1
128 14298.2893573 -4.78360610268 -2.47104452175 2.11670894579 -0.232295327328 -0.00515169324102 -0.275886982091 -2.62366269388 -1.97101033766 -1.33987984463 -1.10235058514 0.357377646659 -2.33782189693 -0.598907158482 -2.23889360758 20
129 14422.95871 -1.80168971591 -4.7962837378 -2.49925350109 -0.240053215461 1.6664894334 -1.47564290115 -0.157413407827 1.99721356949 0.663240115816 -1.77261909863 -2.41054685698 0.650382325353 1.56569510833 -0.335351719095 22
130 14618.2458667 -4.37440798575 -4.07854160857 0.505150621883 -0.950019578077 2.00514559524 0.308385955729 2.06220458757 0.998334117992 -1.6417972441 1.61088612734 -0.128104194486 -1.62136993447 1.88783313703 1.30519742052 20
131 14669.3211117 0.749625013829 0.870487932656 5.92244487503 1.12688758416 -0.525706166855 -0.808056486143 -1.90325866644 -1.55675227122 -0.180873824988 1.36239716153 -0.985293931588 -1.22221369932 0.99943753906 -2.22245985663 9
132 14749.5483836 0.55963729143 1.33113815649 5.62529573121 -0.290639272151 -0.909187166357 0.177800485022 0.511124560584 -2.77277969644 1.18798491447 -2.63716095369 -1.54673951654 2.00476427681 -2.49252236127 1.18400780215 9
133 15276.8172715 -0.628438119932 -0.238846657903 5.34829269663 -0.425180520888 -0.149634216972 -2.75641539942 -1.81256203579 -0.682166388697 0.659649837404 0.0748651841204 0.371715565722 -2.20540014096 -2.55452643722 -1.86815095722 5
134 15493.9670456 3.63452722407 -4.34132299402 5.70267873731 -0.564198060033 0.173785094108 2.15331422769 -0.292546444096 -1.70385520186 1.75611873278 2.84317201153 -0.162415519213 -1.57726643727 -2.90179155399 -2.51636796905 27
135 15969.2849557 -5.72863009252 -2.00413676095 5.54936519578 -1.70454600507 -2.69476491714 -1.34209571759 1.65158909343 -2.60816929985 -1.41288999349 0.977044768082 2.92490506659 1.83827102599 -1.48031039591 -0.143953629717 26
136 16006.4476969 0.701453087371 -3.95091549705 -1.21149691769 0.371529248323 0.0296410189003 -1.9340523905 -2.29456067522 0.219655954148 -0.783980279974 0.195627616785 -1.12439380369 -2.68279994925 0.851380874042 1.19211529973 24
137 16173.1816564 -4.97828758176 0.173262390797 4.71739370497 1.13026191095 3.05381617642 -2.3870168417 2.65073527498 2.82530450239 -1.20881053977 3.0172468606 2.7257437923 1.33065017928 -2.16585015165 2.48250166637 8
138 16369.7121725 -4.69526364318 -3.10247060698 -3.62623133145 -0.780106020142 0.3249506724 -1.16398226008 1.45214551093 -0.643339312156 0.118419440461 -1.06225326351 2.42909246168 -1.21292345669 1.66130636247 1.89683209048 25
139 16375.1764636 -4.11483855814 3.87121549376 5.36173995046 1.57382299157 -1.90890473496 2.69065052504 -2.53603257798 -2.45032722128 1.18535616091 -0.387253307199 1.15278075493 1.91796652606 2.62963437444 -1.97469483641 17
140 16627.55612 -7.09759090288 -3.16394865045 -4.10240890146 1.86212738048 -1.34806815298 -1.30667012634 -3.14121260062 1.42892257493 -2.15262635907 -1.60396823005 1.60171934473 -0.596921734541 -1.9856330317 -1.67163171219 25
141 17113.6856957 -6.01014716246 3.35100668521 4.45196151306 -1.74244955361 -2.70659620014 -2.53303487672 -2.01840659392 0.772334106925 1.71061426191 -2.48840270101 2.14085230376 -1.55509999864 2.51629978645 3.07504190645 17
142 17221.7489334 2.2570303844 -0.911298041227 5.28982642889 -0.97005292703 1.01947843212 1.0637371961 -2.7465960286 -0.692250644828 0.38811004271 2.36983068109 2.2024681148 2.16366372433 0.0954059034449 2.35392010176 9
143 17552.5073361 1.54352956281 2.10122093522 3.64822270855 -1.67700354515 1.30345718674 -2.75200102605 -2.13436350292 -1.60487197805 -2.22269175162 0.0720175794862 3.14123671779 -1.01642422644 -2.97265473348 0.40934488621 18
144 17684.9514387 -0.507280475411 4.95436787686 5.62325873131 -2.84986027163 -2.32065496715 -1.2825487367 -1.77415459345 0.619742168814 -0.829488725393 -2.04162956415 -0.90020763296 -0.338520382072 -1.3395814894 2.5901274304 14
145 17760.7939089 1.33443055986 1.53756373735 6.65089086721 -0.633393323137 1.81936353669 -2.15628674852 -2.15790728524 2.04052178496 0.201897211014 -0.0927698258178 2.46357744752 0.579743491181 2.26323044802 -0.476380811462 9
146 18473.3971081 2.63515536495 2.34214425423 6.12243397586 -1.63473809122 -1.31999666209 -0.879234571817 -0.396382293327 -2.95251955994 -3.02201389461 0.512231693626 -1.16116538473 -0.504931084753 -3.12061697131 -0.728843975879 18
147 18538.3851287 -2.08219725565 3.76890239024 5.01768622468 3.11625450512 2.90415847668 -0.319606099591 2.19733580434 0.294032881 2.32693324641 -0.893630367164 -0.910224231463 1.25208579666 -0.530357694511 0.922527191393 14
148 18672.3688162 -3.08978685551 4.22739809267 4.48859218663 2.3832503642 -2.36231495738 -0.834343305019 1.28853361871 2.43810409227 0.449035237709 2.33903813224 -1.05746030208 2.79328398031 -3.05601193748 0.66209659556 14
149 19213.1996282 -2.78001814201 2.82195358253 5.35278823853 2.12057010878 0.359404151026 -2.1048807424 2.00066600735 0.513329604691 2.71879577462 2.11315893585 1.39358608941 2.34223913197 2.8775489234 0.785751999551 14
150 19427.778604 -3.16956201594 2.12098615476 4.9340805092 2.4564940935 3.10833035972 2.8936378841 -1.08329888799 1.00581763438 -2.43862268198 1.28033756452 0.117929116987 1.75709909567 1.90746825678 1.81938741038 14
