 -5.15793609169 0.251483928945 -2.67560834665 1.67593763401 -0.812776451037 1.21361401743 -0.0867908978213 2.22339958728 -2.95738082016 0.287316995082 1.69496942874 0.853067693443 1.92989911679 2.40116438516

1 1620.62059344 2.6831744331 0.351058580274 0.273806657639 -1.41226579391 -1.9531300422 -1.87885978515 -1.54969489731 0.910842061705 -2.78342230427 3.12212939244 0.674542293862 -0.151339740576 -2.30583962942 2.72531265508 7
2 2841.32053309 7.18115564053 3.0724588022 -1.44837438725 0.090902344129 2.3157759659 -0.815433294338 0.845530341939 1.43169162852 0.148765137338 2.51358903184 2.8179010455 2.2560786008 1.5347484017 0.249131200453 15
3 2901.42009838 5.93641114841 2.39719777014 -2.10264218879 -1.25183522078 -2.77352211885 -2.74657455509 -1.96496021269 2.54040124647 -2.95680651385 -0.331480056927 1.58568091046 0.47777764055 -0.697049746969 -2.18858954646 13
4 3377.46273513 6.1797338358 2.76928923323 -1.65645629831 -0.730883302471 2.25097161417 2.77130033055 1.24911113987 0.567899615514 1.97324465305 2.11845510755 -2.92154710009 -0.850896952602 1.79587783567 0.115994075243 13
5 3384.79164521 1.52889951522 4.14999507871 -2.49168943815 -1.01217629709 0.640303163148 -2.08475728484 3.04833055002 -0.906250249796 2.90011910487 -2.62361913639 2.11981062596 -0.574479612943 -1.70143905859 1.24296381977 16
6 3598.07828651 8.26657195655 5.07608584137 1.14054550196 -0.259004297562 -0.565773900076 3.04941412134 -1.02349953022 -1.71116048243 1.22299975387 1.77986189708 -2.90944453078 1.66994589288 0.878553080503 -1.05738809629 12
7 3951.48246409 8.58819237321 1.33732053673 2.79143043109 -0.853212160111 2.54959780855 0.956629616115 1.71860432122 0.689020083511 0.352129583522 2.54864488014 2.49895854891 -1.88060672958 2.51939460263 0.455998568244 3
8 4115.8663168 8.81409057677 3.33295722309 -1.17839531916 -2.113482687 -1.9589638917 0.24822743786 0.388462101089 1.70645337056 0.105709628526 2.23957343915 2.87652724451 3.08174698023 -0.336902718441 -2.80543498829 15
9 4361.39850712 5.81042138143 -4.50216774203 5.9113925947 -1.65190777553 2.72987684251 0.123615849173 0.912208117306 0.960821876745 -2.02561026398 -1.66368649978 0.864513247486 1.70874646973 -2.85615672087 2.06215154758 23
10 4433.88328726 7.55990459998 -0.778705368701 4.71407112327 -2.05760760032 -1.42721627028 -0.155298653942 2.97343732171 0.418209098219 2.50903984534 2.95905897944 -2.69094818088 -1.55540512804 -0.910284548725 -1.75925638869 9
11 4518.62023865 0.694666907271 0.141679632853 0.718230067415 -1.64797622612 -1.12924908216 -1.78991087347 1.76631779927 -0.229027198341 0.52828560051 2.49931282879 -1.77853300983 -0.275594040811 -0.31726255427 -2.52449220753 7
12 4807.41899812 4.35846626645 4.00071019277 1.12926209259 -1.86579815684 0.753233564737 2.72116033456 0.80973985322 -2.39766180961 -1.08094266344 1.85252728236 0.511699293921 -0.179354791342 -1.42814817969 -1.79192358509 10
13 4877.50038206 1.42651454098 3.80818861283 -2.0664059742 -3.05818291092 1.98363415935 1.06144186135 -2.6967037332 -0.573550485035 2.46236432816 -1.02336780243 1.03906072768 -0.726151601853 -2.62997690178 0.63985222118 16
14 4998.65159358 6.6370229856 -2.76222074989 6.55590022755 -1.48155566518 -2.975562311 -2.18394436871 -2.84062648008 0.352936532316 -0.863527516981 0.408969957415 -1.76590046233 2.74635351391 -0.216275341892 0.456198133962 23
15 5017.44109677 5.93311764146 4.31936854565 0.654452771948 -1.2700159296 1.49613914097 0.634587226265 2.72389236345 -0.23845199843 2.55032484469 2.87402785679 1.28892835933 2.22590069784 1.79052330968 1.89713372379 13
16 5496.38130386 10.2715042154 1.64431153092 -1.86656930881 -1.55218587971 -1.75616793921 2.75258529801 1.45768726803 -1.48621648166 -1.91896725535 -1.15394601219 1.73741439729 0.158754245026 1.19602894944 0.372233621861 15
17 5538.38355975 3.08432214139 1.32883135977 -1.92558603712 -0.686942461506 2.67621339413 1.40645720174 -0.37988446994 -2.21611936424 2.24457366527 2.71633260477 1.82279494012 2.22643225675 -1.23843210257 2.8510147656 7
18 5681.76248128 7.625443192 -1.86037356087 0.108389637071 1.62031121661 2.05923509898 -1.28110274295 2.37667179284 1.79377069126 0.757092366638 -1.51553205636 1.25466541673 -1.45240188387 -0.0989516410228 2.16487057131 6
19 5769.27046398 9.18220737593 -0.341427620338 4.08528183913 -0.756638506877 -0.759261656664 2.06842218573 -0.145855069694 -1.83610828127 -1.14291253627 -1.37667719654 -1.6289624959 1.72512921247 -0.590832135763 1.05640719231 3
20 5948.52064208 2.85643931315 2.82060248893 -2.34555101016 0.953175433726 -1.54118463581 -2.96507898493 1.76928951268 -2.9298227658 -0.302800897972 -1.14277154956 1.63660053721 2.48633208293 -2.75456153056 1.73907952735 16
21 6100.43803366 7.15870948844 0.42352204349 1.01258163858 -0.439348435352 -2.16313539196 -1.25893602762 -2.83264756473 0.992166292189 -1.67231991274 -2.51091773402 -1.35197074821 -1.13973636206 2.45946544296 2.72819511828 3
22 6146.01896648 3.57845112057 1.28441818936 -1.98193223616 -2.33630848576 1.72471532826 1.19730137532 -2.33823116847 1.81714420388 2.2108116056 -1.183291323 1.62054351378 -2.97099863291 -0.19309281655 0.949462105464 4
23 6811.48273791 9.76793280342 -5.12290800672 4.39545261561 -0.32109623561 -0.221184565042 2.32661348705 0.677388658567 2.12219148299 -1.79420542091 0.44307736553 2.02267166111 -0.228988427602 -2.11271187293 -3.00691546514 21
24 6884.30017561 0.851224522389 -5.14958982421 3.98503551245 -1.99544121884 -2.3939102496 2.97499648509 1.48783368934 2.6362623417 1.47018096867 -3.12020678748 0.172158505669 -1.26750664967 -1.34572292265 -2.94714607855 20
25 6984.93060015 6.93521321038 4.26477045411 0.725320777637 -2.87968419343 -1.62731481655 1.35552547819 -2.45589109162 0.837111706352 1.93082728154 -2.41352716956 -2.36548392822 -0.717278556186 -2.38562204267 0.548407548135 13
26 7142.68523647 3.55774617282 -3.08874426766 5.97963641269 -1.92789077797 -0.344065253984 2.00866104219 2.7944368294 -2.12058911793 -2.19238099256 -0.533812261901 -2.43382238735 -0.552949736033 -1.68801181217 -1.83836378334 23
27 7323.09877573 7.44487951218 -1.35809833751 -2.01396200507 1.65700056421 -2.01087494135 2.42157970963 0.860778879031 -1.93551157253 -1.0717493787 0.745286580485 -2.01767693043 -1.96769524792 -1.2899104916 1.61636674119 6
28 7547.20369081 0.155563678546 -1.29762724495 0.337048613038 -1.2846352751 0.455088773883 -3.03999081843 -2.21384221463 3.13063777743 -0.148138134128 3.12968623252 1.24226877062 -0.846185910488 0.863443132195 -3.06717226844 7
29 7610.4372527 9.08801527846 -5.53851752796 -0.619280189821 1.7195787945 -2.34285985074 -0.348276213875 -2.24816490073 2.4721554038 -2.26457797904 -3.12798028664 -1.74065575412 -0.617639528325 -0.900721463897 1.22061471369 24
30 7672.10563255 6.01511884265 -1.12169128909 5.2986804299 -3.03627970692 1.03899279745 -0.990913620997 -0.905854218167 2.20636641208 -1.3450267515 0.084981688877 -1.74568902187 -3.04216771101 2.06111303752 1.67361083609 5
31 7711.26979965 -0.208592588148 -1.14667560792 2.61198393728 -1.70797961159 -0.566697832232 -2.23004486005 -0.0582822379205 -1.38442929732 3.0022600577 3.05882249785 0.263586606724 -1.08228770336 -0.0379413091658 2.6689866478 2
32 7801.55791326 8.34810290565 4.64514022735 -0.710925137746 1.42584623439 -2.56232922556 1.05837493631 2.92686139876 -0.832491163319 2.44568943765 0.251670889581 2.51982711634 -0.0227442820185 -2.99751153613 2.27837122317 15
33 7832.56312775 5.24123447577 3.33537454222 4.02799358205 2.66710130458 -0.703859108862 2.09736710556 1.07312616884 -1.40938473127 1.01706295309 1.34909644176 -1.13151885593 3.04871342814 0.51002196094 -2.80803766976 10
34 7933.38993734 0.390614670689 -1.12768857995 1.10016783727 -0.94242908615 2.75328659843 1.83603889252 0.755031254722 -2.73664730426 1.949086301 2.69284857262 -2.95074811467 -1.95674565309 -2.30556062888 0.413656278467 2
35 8005.59398327 4.33043997599 4.66103462014 0.224581942682 2.96821314152 0.172195686225 2.22543112116 -2.18689807299 -2.63333538729 -1.03006641553 0.171625029625 0.133460434021 0.0293184136416 0.0229254702944 2.30985084904 13
36 8007.97338339 4.44253571043 1.80215092006 4.28096004878 -1.09275946275 -2.15936877896 -0.566931132683 1.71312569922 -0.0789873267162 -0.779787760279 -0.203104246816 -1.18652505799 -2.37592075535 3.01365509489 2.11486532667 10
37 8014.8051755 3.821150163 -0.54833363241 -2.67572553194 0.771424339157 -1.16578134349 2.8654133041 2.97933140051 2.31795281834 -0.445200639161 1.48425150397 3.06461464039 0.441059376393 -2.52941403878 -2.14200622132 4
38 8122.61509056 6.87915467313 2.23960894846 -2.538656771 1.18236732075 -2.61651010005 -0.136831235398 0.902993850405 -1.27230967244 -0.452518514983 0.485532674617 -0.92318739183 0.739721524417 2.03077488355 -1.83236613 13
39 8149.2043847 10.0392524541 -3.84197554916 6.61319545649 -1.14260184056 -0.756964605346 2.62769142082 0.514979073806 -0.544011610765 -0.0116419392368 1.9233290975 0.0262564252629 -0.991196911487 -3.01343784566 0.931200745317 27
40 8221.45543562 8.55086336909 0.401375260049 -0.367518609927 2.98519036729 -1.28941805384 -0.858792196757 -1.57578188193 -0.367336779115 -0.519582108204 -1.79681192508 2.54142234643 -2.7212860499 -1.31048795515 -1.15661766726 6
41 8492.11218824 5.82175904234 -3.06587086279 5.37595167031 -2.16671760298 -0.427199107451 -2.68009428025 -1.12495579586 -1.80499901403 2.54600084074 -1.5576025009 0.543564960048 -2.78747102195 -2.1765945338 -1.0027647613 23
42 8601.16233751 8.61102670884 -1.64167504761 -2.05022787285 1.68765701113 -0.98400481883 -0.641494510257 -0.631430958255 1.40379686336 -0.0561033907803 0.539860764468 -0.166043075994 -2.21236596112 -0.978718978039 -3.12133061733 6
43 8726.79386568 2.61232037 2.66348031876 1.18892045082 -2.18099743316 1.50877078093 -0.160171780162 1.8811680269 -1.63928542636 2.375538143 -2.1309766271 1.35389113661 1.9502243623 0.304535478715 -2.64680117299 11
44 8821.86600495 1.4419809764 -4.60890526479 6.72963962586 0.86885486193 0.597335790346 2.01888694798 2.37408878071 -1.73817586797 -1.82149757689 1.40875694835 -1.57142771311 2.35775249603 1.37130693574 2.77374034678 26
45 9053.14643997 8.33746371041 3.23483612928 3.26990383855 -2.52251653124 2.17436946629 -0.385273935035 -2.08478951079 -2.50902259721 -3.14137630974 -0.307623250518 -1.05992907164 -0.543217280907 -0.782347806944 -0.780836202891 12
46 9079.28018032 8.54404944146 -4.77709869801 3.8657955742 -2.49940112849 -3.0781332132 0.86321180046 1.38302051463 1.55349933011 -1.02526878714 2.72286461292 2.05516629329 -0.554559413319 0.179949116719 1.80713137659 21
47 9133.57663404 8.03357587755 -2.97131790043 7.90109644227 -2.64446757335 2.39882580225 1.98506627687 -1.90005684703 2.90954210134 2.3146194319 -2.77385312397 -2.07290217397 2.99799830492 0.0825120269726 -0.202929191471 27
48 9346.72312746 0.818441740238 4.55114349041 -0.373408626979 1.06256226256 -2.53943170205 0.161159208445 2.76301280917 1.25918916002 2.13197141449 2.93829245405 -2.16623643316 0.354124335853 0.262389646926 1.53409402384 16
49 9360.94125712 7.47877644851 -3.06974895585 -0.747269875666 -0.00147986277636 0.171124887737 -1.56644205971 -2.38111939458 -3.12594111747 2.32677371331 -0.721177271315 -2.87897023187 -1.02724171766 2.1627582102 -2.49738774451 24
50 9380.61834713 7.27221829578 3.04727271853 -0.353782514357 0.961812979699 1.32099736305 -1.12568313951 2.53279796502 -2.03383829345 -1.6834857276 -0.267936376305 -0.253979348801 1.97955768494 1.79104631826 2.10125286586 15
51 9429.49897404 0.006263348978 -0.719762469037 -2.49594994245 -2.34017311218 0.934779746701 -2.83885380038 0.824810660619 1.39810198757 -1.5995994037 0.85299601368 2.65767569743 0.38258391577 2.17172080947 -1.77686443445 7
52 9472.49039643 7.56011996824 -5.72812171633 -1.42401213869 -0.0192796190802 2.1059907162 1.45220711965 -1.77966319496 2.4925841609 0.289735824328 0.323236096158 0.552538834223 3.0635339971 -1.49441704745 0.185253340183 24
53 9534.78884096 8.33812308682 -1.9143697718 4.87241315593 -0.640624402607 2.83498158433 -0.170770071844 -1.00034002787 1.78059685703 -2.84489269216 -1.4297432556 1.75073224878 0.905869946006 0.558845126763 -0.598413230192 9
54 9681.78232709 9.45175953701 -2.41268684778 -1.9520218982 -3.04176054191 2.10101913166 -2.93809310023 -0.555837723968 -2.79998368916 -2.42844131719 -2.81047985945 2.33813052371 -0.481197469041 0.961813059466 -2.06491470542 24
55 9714.44805504 8.74444298961 1.56583514351 -1.90155607115 1.65819890836 -2.82641392112 2.56411696042 -1.16286063786 -2.42940151912 -0.384495207684 3.111362469 -2.83031540415 2.73103072619 -1.68853412404 -2.63660500786 6
56 9817.99820643 2.99698153188 -2.48368591107 5.82209394824 -2.32111159366 2.01651718764 -1.02334627828 -1.46069523291 3.04256749883 -2.42645437589 -1.10649617857 0.127905649264 -1.61095601769 -0.816865949044 -2.75724508007 26
57 9867.36073273 4.46665725253 2.93686724227 1.23567450867 1.78358178151 -3.0009083297 2.92342696105 -2.97486226662 -1.94208456458 -0.999714934593 -0.187234889475 3.06493715324 2.17260808986 2.3191772611 2.37977292482 10
58 9969.29591117 9.52822595845 3.43695095237 4.17614468897 3.02280778235 -2.594449079 -1.71570073674 2.37662203507 2.43777482743 -2.16565562291 2.54088204685 -2.37682517184 -1.62918849326 -2.06619876634 3.0456224174 12
59 10125.5145772 5.37095301046 -5.10037172853 1.1537683306 -1.21237103883 1.36112399138 2.13403764613 0.867284542602 2.62108281641 0.0326643623253 2.1568964357 -0.00655077797126 0.924151499998 2.12531095424 -1.14471165389 19
60 10198.2190126 8.75995802012 2.28441115055 3.92001585262 2.33284439928 -2.81021941669 -0.225205783621 -0.888376250225 2.43871161008 0.236676451939 2.25386388439 2.59452978494 -0.717644311172 -2.19236524642 2.53195204606 12
61 10258.685584 3.5937819323 0.00574292002946 4.39643536773 -0.88370196712 2.29151537342 1.12192084475 2.60712996386 -0.218453131374 0.699605162207 0.600146702942 1.89126927093 0.657900141415 -1.2276292313 -3.07821984167 1
62 10272.789172 0.5202538107 0.493564094359 3.56684555095 1.40981886711 0.878682812402 1.76519325781 -1.39866402694 1.98154121255 1.00693129798 -2.7971650831 2.11105584535 -2.95318187601 -2.72587577252 3.08504299532 2
63 10288.2116654 9.53111423645 -2.25512142097 3.82298469471 -2.12231576717 2.45698209829 -2.0298956423 -0.623823487544 -0.472965765193 -1.22346922019 1.86771862028 -0.978782653392 -2.6249040586 -2.2082661799 -2.44658650573 21
64 10338.3016749 4.71363673113 -5.03554023001 0.745750970631 -1.27346199948 0.722839804172 -2.18576873152 0.745351099586 0.480809129718 1.07218689326 1.63009879865 -1.62022773225 -1.63513170893 -1.23061076805 2.17390615918 22
65 10397.7698777 8.8285887952 -1.55440374101 2.3158787654 1.64894306997 -2.6138557469 -3.12119076366 -2.23294658908 1.31976499052 -0.17717562621 2.88687539068 -0.997573641347 1.9103227671 1.44592919846 0.939842947256 3
66 10484.1215748 2.13914338692 1.28872322926 1.48700920112 -0.0384971731252 0.288243382494 1.20509313212 -1.00842478235 -0.991908642876 2.46028393601 -2.99701645543 -0.706027617215 -0.882561406015 -1.01593021248 -2.57128947514 2
67 10588.2374711 4.1375419275 -1.03079391944 -2.51383427943 -0.330140236055 0.737356254879 -1.34940331934 2.5727289784 2.19457485333 -3.12402302943 -0.32575712451 1.24154746815 -1.56549744066 0.236889250033 1.5173610092 4
68 10691.198603 3.63137234724 -5.24698190243 3.01506525002 0.200504678701 -2.41509886274 -2.54660728654 2.33046627772 1.66681292862 0.319060650967 -1.98040823429 -0.826530702606 2.21091907625 -0.911307379657 -1.01256582989 19
69 11041.7807832 9.15025834938 2.60277201062 6.48035292123 2.38713971398 -1.80289747714 2.97711077387 -1.92024850151 -3.13295461052 -2.38709394769 -2.2494301684 1.54734137879 2.14325547892 0.606586698028 0.168862610498 18
70 11131.8202254 2.97690219702 0.19619602729 4.64993081345 -2.90048074797 0.515092353302 1.4370473301 0.276151284904 0.419062123628 -0.724251171337 -0.474244418524 0.684340398361 -2.8306030973 2.74710279841 0.266840606169 8
71 11153.3756358 2.30824997511 -4.14038994432 6.31996528836 1.89171408379 -2.66563532851 -2.99819549261 -0.828936917176 1.03194856833 -0.675256668504 -2.06141782142 0.284654269571 -0.862592223983 -1.61166910126 -1.44054475719 26
72 11164.93062 3.57574258322 -1.71165473072 0.52049199637 1.71728080591 0.00591814822833 2.0135608127 1.88750054361 1.15528422691 2.22466649026 0.455850543211 2.67862506339 -1.68801990784 1.5067137813 -0.172063413737 4
73 11220.5188789 6.39997703939 -1.99164420256 4.17798931708 0.315832737013 2.80340496766 0.776902579238 -2.07205495183 1.152843945 2.37734047545 -1.79279746241 -3.10771182749 1.05789032281 2.65622077958 -2.92864366123 1
74 11311.8888685 4.44950207023 -5.73049417507 2.86411041823 -2.29223554688 -0.644501018839 -0.41927799557 2.89320703578 2.83338146467 -1.87596344392 3.12863448463 -2.48957514425 -2.37497350999 -2.09736468238 -2.48833652857 19
75 11335.8149229 7.9455807964 -3.40246033431 7.23808152694 1.95500435927 -0.0661666386535 -0.143233903939 1.05988264528 -1.82859336142 0.595357113413 -2.03557291714 -2.97175528107 -1.61100270406 -0.124012821704 2.89367378606 27
76 11375.2310632 7.92179466683 -3.65132647006 -2.69941441287 -1.60992971466 2.77945437913 0.730161726102 0.551507092852 -0.0940222740625 -0.397310098792 -0.803203308047 0.551004819932 1.65665502345 2.08034885066 2.10226994566 24
77 11379.9775602 2.53279939605 -3.79144508459 2.53850115961 1.90718396427 0.430733740797 -0.718397722954 -0.316686102965 -0.106791981501 -2.76712026729 2.89510090077 -1.96086203128 -0.727346186264 1.98488810599 -0.0377273607317 20
78 11406.0226658 0.345985246005 -4.1442151216 1.60601140078 -0.615698392577 -2.74364100667 -0.164711741171 -2.89826827653 -2.56100894597 -2.97235251076 -1.0023680486 -2.62881336406 2.87281615741 2.53854422531 2.1681572994 20
79 11444.6664794 6.95379113534 -1.90438159635 -0.941487101762 0.192693431456 -2.73641170667 -2.69927573588 -1.14686430885 -0.0250595881239 0.872668633101 -3.07103105061 1.27870101935 -2.88652365455 2.48473722758 1.04337463774 4
80 11454.3555953 7.8439632686 1.06974914773 4.42073422709 -2.78992595437 -2.26213295614 0.772941986124 -0.795957654334 -0.821974913971 1.90074143551 -1.41872251237 -0.583705761904 -1.09586548751 -1.78472104021 2.88008362418 3
81 11461.0081557 10.5062223845 0.0455130800841 -0.369111830504 -1.4943328087 -0.449797895495 -2.65949033433 -2.9363245747 -1.50192543557 2.20965549515 -1.57501204474 1.11688522267 1.63389936051 -0.168342241538 0.339669912691 6
82 11492.0592428 0.92486257939 -5.42135704965 -1.26165071239 -2.28305650728 -2.4607035747 -2.25934317688 1.27744640171 -2.10922328116 -2.00460886791 -3.05059675369 2.41415373369 0.153363640818 0.228554759864 -0.297798832556 25
83 11499.6676562 2.06473279399 1.40385189627 -0.249085747809 1.39233808431 -0.0371350566014 -0.633149018352 1.53932812209 -3.06203944421 2.91967237018 3.08329799351 1.62394442543 -0.279078325919 -2.14532866289 2.83089283181 7
84 11586.2002011 3.53754118475 0.0839015489182 5.75621930866 -2.72987080109 -0.138351359522 2.74228350446 -0.605109302272 1.67506580757 1.4179454402 2.76659540732 -0.67087102214 1.63708583887 0.395107825143 3.00030424978 5
85 11630.8045578 5.78900549953 -1.61689979688 3.82856858462 1.89453951408 0.568833735378 1.91877562936 0.506786589589 1.86091704729 2.27715235761 2.5456410155 -2.01702150035 -0.500563888732 0.46423348062 -2.52897049903 1
86 11633.8438455 5.39131639757 -4.96318647178 4.41437857454 2.07600478416 1.9439746885 -2.66077403716 2.45276032556 -0.298459238697 1.93924390846 0.104508902202 -1.76889717219 1.56270431732 -1.62217059203 0.615712287273 19
87 11665.288044 0.593766440131 4.44473828044 1.60702112755 1.62449184358 0.735595833612 1.21636950282 1.2733512129 -0.649428183144 1.49600184399 2.32513389816 0.226095332551 -1.73994052658 2.63879509972 -1.18108649392 11
88 11676.8138868 2.51675089313 -3.50385674027 5.25552369114 3.09185298094 -2.77960085637 2.92556642202 2.44392260645 -1.55658724008 0.821926742052 -1.64404752283 2.04460467556 -0.547409936791 -0.82585329588 1.10583369202 26
89 11787.503638 3.82683150632 -2.02147942812 7.56176743204 0.254876720867 0.457965516193 0.74535836713 2.80302588329 0.00627023674861 -2.44467865129 -0.671870277198 -2.55063973472 -2.87880713271 2.31425665859 -3.04872853019 5
90 11935.6303631 7.30444387828 0.781552063007 5.59306320542 -0.993365968636 -2.65768285342 0.0136164890866 0.939900039153 -0.425427236848 -0.562514697191 0.969350308477 -1.35076804368 -0.264221967386 -0.317950640546 -0.216216807076 9
91 12031.6982871 0.37996889767 -5.21637347074 3.68990994493 -2.58199080581 -0.666855830566 0.0465385078624 1.96372098146 -2.69503212984 -1.08602635834 -2.42837589623 2.10517259068 2.05556606391 0.0509662054536 -0.835578514799 20
92 12056.6485328 4.39886875351 2.26510600189 5.05186415745 2.39018857287 0.23718952891 1.77315199228 -2.33863373589 -2.86591299791 2.23820760702 -1.54472598915 1.8367360541 1.42910084329 3.01718574899 1.29960343442 14
93 12093.488837 6.64154642723 -1.29521857637 2.72055511188 1.34650170434 -0.527600365029 0.325323029473 -0.599225065113 1.41487597583 0.970838741958 1.42952327024 2.40476859196 2.86775961814 -2.10895319421 -1.66307107536 1
94 12109.1172601 2.27761596628 -2.26381793633 1.42035286698 2.80194357583 -2.66256252449 2.54227343342 -0.942432028135 -0.66710205942 1.14106410195 -0.396970256107 -0.0801354780323 0.534001346984 1.24348843165 1.66735409715 20
95 12129.8467775 2.25835040487 3.55190081841 0.479517349071 -3.12477079051 0.679834178786 1.49074561542 -1.16663911943 -2.87000614735 -0.200057560436 1.62177089138 0.716115099184 -3.11952155571 1.62042523046 0.138143635112 16
96 12238.0865752 5.91855899635 0.0189195761153 2.30933300646 0.473064131828 -2.82024595133 -2.78377864462 -0.164332332862 -3.0155048354 0.626841011872 -3.06481888133 0.976003540862 -2.06464829029 -2.38370175879 -1.83842249506 1
97 12323.4540431 10.5345827605 2.73784752525 3.61314484687 2.30931947936 -0.139699766574 2.22087174137 -2.51405257298 2.19694686489 1.99918969032 0.152087778296 0.362692172618 -0.70468256849 -1.40623705962 0.479779811377 12
98 12363.3516075 -0.104713338435 3.91753442324 2.47229346398 1.47680537227 -2.84569054682 0.725491654164 -2.1731026226 1.90511883803 -0.523351998597 -1.95591091106 0.692386297707 -0.705535264304 -1.93377364071 -0.411952281759 11
99 12465.384472 0.657496139277 -2.78217668501 -0.776891476157 0.826511490538 0.851253859454 2.25992450615 2.5569244015 2.12389865288 1.58220986839 0.397240211559 1.85556969527 -0.859480101287 -0.52463472003 2.28997429028 25
100 12475.5158149 1.07806785437 1.61759155703 5.69744829443 1.05933956466 0.0698241608335 -1.15532723749 -0.281946444171 2.67823545535 -0.4763925371 2.5514807413 0.492985586367 2.01595952197 1.60541592692 -3.0100690309 17
101 12660.1735032 6.47458777097 2.76194951845 3.41982276351 1.31010139601 1.41550575607 -2.57591891226 0.898217127482 0.358305493325 -2.85014576478 -2.21081353747 0.959114186655 2.98296522633 1.40913220483 0.219805537108 10
102 12692.6268932 8.15899387167 -1.27139103009 2.46496777323 2.80964626695 0.924839494764 -2.32904532524 -2.74855433406 3.01522300247 -0.0884655469579 0.0721463843041 -0.515578308279 0.626383058903 1.98908231793 -0.702074287846 3
103 12749.8572158 2.96629041538 2.0988211905 1.68524376592 2.53738938718 2.0165005496 2.03345021437 -2.23343857389 1.25001192854 -1.54748122352 0.942220740744 2.89592593965 2.80796290898 2.43409740381 -1.42166729552 11
104 12775.4696282 1.97342330872 -0.796368137444 7.23745550258 -2.3545139182 2.04777846332 -0.622805738073 0.566312202314 0.484288126383 -2.94874961979 -2.50300290449 2.6524753969 -0.197869418631 -2.72734049955 3.10965691334 8
105 12790.2111295 5.252884429 0.90714610884 2.75343472704 1.39302360038 -1.18500137389 2.27199326306 -1.79027752652 0.835961545396 -0.0945748814007 1.57855922288 0.342376378178 -0.190261999361 -1.66295128329 1.63558274179 1
106 13146.4355884 2.85128714763 0.0274531813743 6.88139547315 -1.85142261918 -3.12689716638 -2.12386128375 -2.29232640165 -0.725202000801 -2.80534898324 -0.481224602214 2.11872104355 -2.57173627046 2.03283235299 0.916747305463 8
107 13180.92594 -0.291737115184 0.353420383568 3.66001020783 0.719763032619 -1.6046861977 0.45791603023 2.98993323873 0.7458254483 2.01378488566 -0.424608775597 -1.09886233498 -0.368986523222 -0.217643672676 3.08864235799 2
108 13199.2562526 3.50869696538 -2.27522955366 -1.68653211188 2.87485433421 -0.927209873561 2.30764108415 1.29336290279 -0.792285704797 2.79210499853 1.44177839702 -0.542996674063 1.93500698926 1.40093936209 -0.726846346656 22
109 13320.0860673 9.82396773573 -3.05153251698 7.46629985668 -2.65912150466 -1.84974589239 0.617327851174 -1.1121562466 2.28726570313 2.80903507228 1.22365519567 -0.573066411843 3.08812915447 -2.00860443553 1.17335049093 27
110 13334.887822 0.909889825657 3.330945972 3.87614372977 0.637228822517 -2.61759317092 -3.10801396209 -1.89278700607 1.5525644882 1.32040459448 1.17631853656 0.9762569591 1.70932521551 1.08146863277 2.34290926589 11
111 13461.0690848 0.533578822439 -0.854860715026 7.77870158861 1.19784660461 1.82011894355 2.84798393561 2.27169183569 1.35112226493 -0.539732157812 -1.03329559194 -1.72037834875 -1.98436729097 1.84174188653 3.02646467274 8
112 13484.7486242 8.1206159687 -1.9484943079 5.97096296872 1.90916144535 3.0049863884 2.86504233239 -0.540385185663 -2.3248534072 1.38457542237 -0.904516540867 -0.437404886644 -0.38703162133 -0.3615827564 0.0331050583159 9
113 13539.0266984 10.471921267 -4.38453174844 6.41827750413 1.02650165706 -2.01080885276 -2.51746614665 2.89614678447 -2.95980293469 0.563916998351 -3.13333255909 2.30947543974 -1.17642123179 1.78334154787 2.27950389748 27
114 13544.2868447 3.61708175367 -0.115011629451 5.13374246976 0.493751443692 2.2451905294 -0.902872411549 -1.89245370261 1.69521180848 -0.0195398248395 1.34025693082 1.57732627214 -0.346686960316 1.87580552091 2.75508644257 5
115 13609.0485433 5.57263651741 -3.69908944274 -2.1977722631 -0.137324905785 1.59420444568 -1.64220422038 2.32617145631 2.69432355505 1.25879607888 -0.0538765065412 0.19514534534 1.05368436438 3.04501121787 -0.517890430969 22
116 13655.871363 4.70060025969 2.43335634486 7.64888346647 1.90818676338 -0.386420278153 -2.44139741248 -0.494155917192 0.595449114763 -2.88059587636 0.603994866342 0.9303629137 0.774607600513 -3.08889944672 -3.12282243492 14
117 13691.6882405 9.2117046104 -2.43857456264 1.10774334137 -3.14067162816 2.27229584589 2.8025477629 -2.19000347434 0.742178481012 0.37813371987 -0.895007888586 1.27298636716 -1.81807245456 -0.717259792197 -1.81589056644 21
118 13835.7947392 0.131057295377 -1.87968317116 3.79282246081 0.991202062846 0.0665032689697 0.838509864202 0.574713230184 2.07784377864 0.814292029277 2.37443859618 -3.04329944361 1.10543733623 0.795391121046 1.9189365261 2
119 13914.0857878 6.76514232802 -4.61673239717 0.603816168368 -2.93208545665 1.90343826569 1.67691568822 1.17067462175 0.141609829093 1.25822336766 -1.57171016815 0.718750284377 -2.67610643213 -1.97563204697 0.138491993286 22
120 13927.6016051 -0.07210696424 1.93957437193 5.76686987944 -2.00949896506 2.16233231709 2.95801219108 2.61458396808 3.11255094579 0.879230257481 2.0937710587 -2.13705358715 1.42940398962 -0.513195947052 2.30980945191 17
121 13950.5248959 10.4909838181 0.741524043885 7.33164524056 3.04434782177 -2.69851495927 1.50443792126 -0.266496849502 1.12602804073 -2.68016864616 -1.40441246601 -1.5288869047 -0.846172500152 0.904242438468 2.78106197878 9
122 13974.4245385 5.59677190916 -2.1858231527 5.01816047372 2.16864626821 0.278158843653 0.317288975638 -0.618411826711 -0.913650381062 1.95816981511 1.21940028509 -0.852822957191 0.111728392037 1.03781917875 -2.02207633182 23
123 14066.4597724 1.92174818437 -5.75094368 6.82089810627 1.91058089918 -1.82903380014 2.65321306444 -1.79192588235 -2.91446930231 -3.12890214563 0.509759253879 2.70319765285 -0.775525918365 2.88346679068 -1.1539000084 26
124 14068.8966075 10.019020072 -0.0732498908969 7.87728521366 -1.6569324264 -1.48639134008 -1.03396683456 1.39947692411 -2.76533605648 -2.74494017304 2.36673934475 -1.43962330626 -1.43515107515 -1.69488189469 -1.10410274449 9
125 14087.6904366 2.16579119579 0.59258512054 7.66275420595 -0.900977533636 -2.19531142801 -0.869158118416 -2.86934936865 -1.17697257999 -1.63509053241 3.11743325925 1.61149804873 -2.44254730398 1.16222091231 -2.14081015689 8
126 14252.6270163 8.62679906292 3.5542368968 0.0394254406509 0.760722369347 -2.03930204263 1.79705379252 3.10096087038 1.6377562653 0.340168251635 -0.447995587199 -0.304718199821 -2.1072560525 0.188554718989 -0.685545305332 15
127 14332.4667444 5.02394305846 -1.74340520524 0.723289555562 0.573574170521 3.11409698407 2.00190869498 1.4238488933 -2.93914370343 -0.94291694008 0.386262046764 2.87453722226 1.61645730477 -3.02334059616 0.755683526331 4
128 14394.6492197 8.7871298485 4.40943605813 2.71644651311 2.24094616932 0.637385933593 2.16969326288 1.54594188345 -0.624495190763 0.716236909778 -2.86922205984 -1.69809931301 1.36321469983 1.68681302871 0.163016039001 12
129 14416.2166095 5.02557653557 4.55667248408 4.3258056804 -1.46717533849 1.08665961121 -0.0801810383125 0.80906298644 3.13190630294 3.05383253692 -0.396464215844 -1.65970631976 -0.656144123135 -1.74738041232 2.34368128771 10
130 14444.3750469 5.54967371024 -5.02182866955 2.83765688324 1.91241515998 0.867969490252 -2.71521799415 -1.38108031437 -0.0675476916516 -2.52112831984 -1.64524998951 -0.230208430782 2.80279005676 -0.375750566833 3.09841298303 19
131 14467.6562156 3.678647764 2.56506269021 5.74675370679 -0.522298515184 1.01204343231 -1.84850520197 2.2279112674 1.41400324897 1.90397800635 -1.06330326217 -1.23483536994 -2.95537101127 -0.198967993152 -2.89621472621 14
132 14487.0920477 0.0607586370463 3.1833025219 6.42416131113 1.80409858976 -1.46648047306 -2.54029447007 0.0674458644673 3.05539778893 2.65726056013 1.12770433364 -0.879150953461 2.60196120801 2.17233820591 -2.33211255741 17
133 14508.6020962 0.737658673846 3.28194487146 6.22379776959 -3.1340518195 -0.898231624108 -0.190407652362 2.04056644887 0.994809613257 -0.272191181639 -1.5506817919 2.09390417409 -2.3867783313 -2.31749941677 0.264502710327 17
134 14511.631426 0.298890186346 -5.37239921134 0.086085519845 -1.2942629155 0.582480458896 -0.604022236709 1.02258275502 3.00531046083 0.0740851019072 -2.76468637946 -2.27637990065 -1.06473887168 -1.31730142856 2.78971308439 25
135 14611.1021889 4.23666776028 3.94827419742 5.43650648534 -2.18598797395 0.0525045774686 -0.144418576145 1.08104969708 -2.00936752423 2.18679588935 -0.374494786508 2.3773341242 1.24436357967 -0.63767919862 2.77374072924 14
136 15035.6961852 10.288721536 -2.46931255167 4.42416072511 2.378203935 -0.805311279332 -3.03669689577 1.82007728518 0.176990719519 2.35791076643 1.96949685331 -1.29708123675 1.51661508115 2.45527273326 -0.843733051019 21
137 15077.0922485 6.83247709183 -3.92779059529 -1.22546328479 2.13902290967 -2.91391832486 -2.57312499323 -0.378996313685 1.97606891054 1.44063418757 -2.49067946572 0.680151645562 2.0362509948 -0.104801046313 -0.243879439803 22
138 15408.2289912 0.0737830802237 3.7481258716 6.90533254886 2.74370117602 -1.77055437747 0.267159820956 1.86070194585 0.329844501043 -1.43321764704 0.485663241893 -0.0291092794931 0.347806580348 -0.128732911984 -0.999573697786 17
139 15477.8071365 0.193316562101 -3.31215077381 -2.2760444117 -1.93156473666 1.30995081679 -2.59823141396 -0.770674728957 1.1947696435 -1.74829845044 1.15739435113 0.358509209741 0.191082871288 -0.371139307939 1.56058533498 25
140 15997.1102063 0.174224335598 -4.88496284054 -1.37226250063 -0.58696453901 -3.13035748639 1.05386874028 -2.92854324028 0.323703048244 -0.217217603594 2.75591539997 -1.20113461402 -2.10925010599 1.19447005844 -2.21003184426 25
141 16148.4428551 3.95749416567 3.56066237953 5.08656367486 -0.750442655108 3.00249725835 1.41621766569 -2.74781931594 3.12995943061 -3.01696361283 2.65559125746 1.43094974587 0.436368025572 -1.11904356482 -0.928446415808 14
142 16212.5936667 0.407124948645 4.45006005188 3.47135663759 0.0716298440189 -0.25439284729 -1.64701152472 -1.54548453119 1.93817763811 -1.09216559055 -0.464784436388 2.82063249344 1.67232369607 -1.02924344911 0.782672103061 11
143 16332.0360278 4.1393711779 1.03190896765 7.12006387092 -0.598403467293 -1.16527537048 -3.12428906368 -1.35665913317 -2.14470513861 -1.30870854314 -1.81509505495 1.25114375367 -2.69194679148 0.710110115045 0.844556410473 5
144 16385.3220439 8.61945046801 4.08325082142 7.98108190444 1.02169422758 -1.72601593615 1.63769271934 0.0279318047037 -2.75525756161 1.758215062 -2.30567202365 0.0181427715993 -0.599110142861 -1.31375337701 2.33393259407 18
145 16440.7390086 7.514717458 3.79547300076 6.72628837298 1.58926535745 1.04546001062 -2.99075938531 0.021163351023 0.689522768482 -0.140695842931 -2.8286746162 -0.461935147613 2.35221524395 1.66278897198 1.97267878613 18
146 17326.6049757 6.70509671395 0.631468518167 6.22124886995 1.0352667097 -0.373989812422 2.56372347385 2.3819759237 1.36494175088 2.39958831615 0.190351156472 -1.4110584778 1.62949049275 -0.374657950137 -2.96288124049 5
147 17700.6694076 7.11792958575 4.98044166341 7.98325919269 -0.821812427615 -1.18008740853 -2.26088806024 0.640637316653 2.66765937812 -0.398094758376 2.82137006334 1.40827617507 -2.81615129006 0.368987949192 2.27359851168 18
148 18017.2498657 7.90729951674 2.85990892478 7.33082350265 -0.409593203584 -1.83211370001 -0.151995415553 1.99586150923 -2.78190552972 2.22862494248 -1.71931295525 2.31582116845 -1.26296315998 -1.42575367439 -1.6242404659 18
149 18256.1961182 1.11809674783 0.348164564606 7.84455474085 -2.34862456323 0.532730708849 0.901920394852 1.28039261914 -1.83582052297 2.38971379525 0.177432156314 -1.0523889096 -1.95954377171 1.66750848078 -1.00018215129 8
150 18790.2504025 5.35922403739 4.11810653217 6.13545490728 -1.56343230093 -2.96154571688 0.799314974958 -1.19462722252 -0.164680823274 -1.72605390341 0.341947744051 0.666929261678 0.00504162754615 2.65776978002 -0.500578670682 14
