 4.23622425487 4.7245302548 -4.00560903869 2.67843611078 1.31138104466 -1.82037275345 -1.00697761018 1.50130965463 -2.7995945463 -3.12957474143 0.0306810421945 0.718584118707 1.90121688553 -1.97149151521

1 243.857585519 -2.83929324185 -0.660122257326 -1.00599227224 -2.20235449289 3.08833493273 -0.483976130147 -0.812094915447 -1.30188616329 0.197149859549 -0.261729972429 0.58700742709 -0.530258247706 0.808575515493 2.19750474804 13
2 1574.42561607 -6.0719820784 -4.58200861022 3.18746252829 -2.60863399345 2.91303062028 2.19540785423 3.07197659517 -1.20619227792 2.82182960117 -0.544992660856 2.37886044839 2.5722301243 -0.719910861895 2.00847055685 2
3 2057.5700004 -7.3733542203 -0.783349239126 1.54326846957 -2.9157706844 2.54759694328 1.47890179006 -2.28199690213 -2.57453066227 1.15383672728 2.38332372165 2.74382568783 -0.495134620075 1.1917889752 -2.91347958629 16
4 2493.12070388 -3.22009764131 -2.19102446404 0.689490351749 -2.36326369726 -0.0759730543396 -2.96498554263 1.44825898072 1.25844888582 -0.699538347362 -2.11537306501 -3.08103986377 1.09650283331 -3.00728923464 1.10463421626 13
5 2662.26555287 -5.46794541332 -5.97978478728 4.82553366185 -2.37175509507 -0.424048079817 3.03710211091 1.46245970641 -1.30604399285 2.77410120174 2.72004795969 0.936447423012 -0.336934214361 -2.13453105844 1.86387186145 1
6 3383.07935152 -0.696299866377 -1.37585745958 -0.822992048399 -1.75728760689 -0.814505798392 -1.53251741174 1.26766854133 -1.41746675075 1.40400358784 1.39791890161 3.03405192114 0.177628286115 2.10096677248 -1.62234704448 15
7 3679.72397011 -2.6427199433 -0.370812644941 0.262304075713 -3.01500555544 1.60816320297 0.314887255733 0.217107068797 0.55492881804 3.01274571064 0.0116964080704 0.161768865602 -2.33761733633 1.89741888444 2.45767888159 13
8 3793.10906249 0.47248660898 -1.80461841623 2.35779355992 -1.61624034504 -1.33907985097 1.40649668716 -2.9873324418 1.29415289887 -1.36799341502 2.36857155453 -0.492500473317 3.04712488773 2.97554117221 2.28380098618 12
9 4757.96841805 -4.62133288271 -9.55977050857 3.05472526694 -2.15973340172 -0.133105410642 -1.74555552109 -0.956296953158 2.68101929387 -0.546651130021 -0.316544310708 -2.21225003489 -0.526670248212 3.09553656567 3.06427403855 19
10 4876.40433193 -3.02013592929 -7.78467665447 7.35341682666 -2.92013856268 -2.13243798852 -2.53682472617 1.25914377222 0.0599841219626 1.63650354918 2.55370645133 1.69391571187 -1.09148367817 -3.09028615042 2.20662857492 23
11 5013.34349711 -3.96255517054 -4.98380857482 -0.543772001923 0.784989841714 1.39508677504 -0.2138643099 2.92895585133 1.9124326134 1.38997461125 0.210658382911 0.974814810397 2.67718345644 0.742336381336 3.1338573766 4
12 5016.99413874 -6.40381399304 -5.66063952488 5.80970058388 -2.23583766098 -0.334434256428 -3.03625717581 -1.69352491626 -2.15431507397 0.15283230052 1.13279436905 1.56428808411 1.19036767788 -2.43675002637 -3.02203198988 2
13 5333.11735917 -0.0167545531555 -7.91297837514 2.35142843035 -1.7819215907 1.56001978525 0.395874875303 -1.00678747082 1.79227431262 3.02625591873 -2.5424469637 0.129096485822 -1.74208771836 -1.65992890264 -2.17013711352 21
14 5346.84299725 -4.96261742446 -2.98354857287 -1.43767293166 -1.8066702058 -1.17999781289 -1.4304252481 2.54720668018 -2.32689497266 -3.07586350274 0.847973371271 -0.894263316623 -1.24670628245 -0.451394904723 1.61522798851 4
15 5598.29925561 -4.87172582235 -0.0219706441221 -1.09853537014 2.14879836017 -1.43721940246 1.93491186826 0.965134920293 0.085420332757 0.9641388419 -2.69451680587 1.40103966112 0.547398640067 -2.99695449298 0.0466799183352 13
16 5775.85268116 -1.99041091775 -0.101343912288 0.00374069149884 2.85853951117 -0.796840327474 2.00497919169 -0.793297384705 1.24632637161 2.39191830792 0.449332181796 0.405135140577 -1.22218263453 0.734485704283 0.17619875414 15
17 6041.09402893 -4.65753645983 -9.46215611982 6.01793387988 -1.12956627148 -0.11625377005 -1.86390766878 -1.64532644629 0.279711009579 -1.83552485475 -1.78659757572 1.58931744344 2.03338591269 -2.33318799807 -2.14385171532 23
18 6043.94455831 -2.73960783729 -3.95036167515 -0.406324329852 -1.32640130411 1.73068091525 0.800584091571 0.287237185277 -1.81232559667 -1.95597709464 -2.75140960117 1.58067957497 -1.26797277058 -2.16215930734 1.6644997391 4
19 6456.93646018 -3.35528843523 -4.14460676983 6.81975923114 -1.67237398321 -0.675920284098 0.191611097062 -0.202762828907 2.68477972146 -0.59792670187 2.49029626359 0.953004710921 3.06735970692 0.207054199009 -2.32153086398 5
20 6525.95307443 -0.918225759711 -1.10287168143 -0.0957899564943 -0.16571749848 -1.33430196571 1.09740545999 -0.0971566409126 1.90537978422 2.44258227831 -1.08757795543 -0.371336694794 1.18037726172 -0.262399353969 0.326440938031 15
21 6548.87415525 -3.36103203052 -4.6443511598 1.49468319663 -1.49321349441 1.8380411984 -2.72596365978 0.843772805268 0.47070393616 -0.429532438638 1.30399921508 2.42089275421 0.926224458451 -2.40475857237 3.05484499489 4
22 6753.46571123 -0.991061651606 -3.06212712663 3.4106966795 3.05531529054 0.416138705854 -2.81905188231 2.82423857367 0.589620320538 0.838692576525 -2.91671678372 -1.76029910703 0.491920140484 -0.176388624625 2.07344763816 3
23 7144.37076023 -0.865035506825 -0.977360354276 3.69565937653 -1.65756708495 -1.07711683441 1.1205050459 0.75189946696 1.29054689954 -2.55928142826 -1.53695684328 -0.610001298005 2.98429373377 2.15842419927 0.505992400191 12
24 7355.16068256 -7.09112160453 -3.84365984503 -1.4834699073 -0.257426336961 1.89377454251 1.12698022813 0.458925733233 1.61434020246 0.118276523958 0.502956519321 -0.522507889779 0.34777667863 0.132027240815 -1.01131038985 7
25 7519.72006834 -1.74352846252 -1.52069772311 0.127191925145 1.09592107482 0.971671788286 2.71990298191 -0.106249357311 0.051767267168 -2.5188742863 -0.861981055143 1.0376838643 -0.264678195905 2.92162676766 -2.55332794477 15
26 7547.55140134 -5.90299381236 -8.25698976907 2.15951011096 -1.5325015254 -2.71849007426 -1.46213202487 -0.364061344952 1.41395409966 -2.98784396013 -2.21462630652 -0.451506977586 2.67690456865 -0.211927310088 0.545404959922 22
27 7593.84278074 -6.46129576049 -7.85925194372 3.25477155197 2.56018050646 0.00193388394322 2.12995683929 -0.865107886014 -1.99413622801 -1.89540705331 -0.250328068883 2.15123647918 1.36146841191 -2.62002122065 -2.89801208116 20
28 7650.15296675 -8.94893383091 -5.39955731134 4.10797527424 -2.30240446425 1.85400528732 -0.719104633691 -2.21695727516 0.666091858872 0.492827885305 1.79845073099 -1.82420213995 2.54969210791 2.92170383034 -0.777688674444 2
29 7845.14659843 -8.51551935078 -4.98450216791 2.48525965909 -0.414891672871 0.476709331603 -0.379747245727 -3.10953418247 1.19605584955 -2.91569538206 -0.381243082078 -0.070949734087 -0.366145364796 2.92231779093 -1.40672445835 2
30 7906.76215295 -0.630356676794 -1.16716183026 0.320073531177 -0.0468839709141 -0.654067679183 -0.463484458738 -0.224868133415 -2.04385773897 1.86807283677 0.282884692266 -2.67422192638 -1.02907117025 -2.11690425691 0.453903148873 15
31 7932.62064667 -3.41706380189 -0.30122648843 3.57145779785 -2.77263877366 0.786376495061 1.91517497887 2.30644316092 1.73147134042 -1.36202774419 1.88479418272 -1.25661509464 -2.806244113 1.61578454401 1.5089199469 10
32 8074.73038119 -4.38428762217 -2.89634738622 3.15218778082 -1.009650886 -0.909985903351 -2.93470036647 -1.67989889963 2.34558248469 -0.856711014487 1.73791280592 -0.045096754229 -1.87770135973 2.71342827594 -2.29723791749 1
33 8085.61186829 -8.65300282354 -10.000629179 7.14964858435 -1.18373683974 2.85909395179 3.10106990408 -3.08180826359 3.13656996635 -0.258674921241 -3.11103382837 -1.13914781185 -1.05994421724 -0.359594276022 -0.781600160256 26
34 8128.7608584 -5.94549773168 -6.94081173625 7.5211758942 2.40663523161 0.946677107028 -1.1933570576 3.09838958062 -3.13665121927 -0.738629664533 0.460404322101 2.53434440525 1.02555147633 0.629830871956 0.691364245809 23
35 8142.93865226 -0.698530701016 -4.79376560562 0.13773786409 1.66991206677 -2.74753615336 2.73789786679 -0.410934411301 -2.93468609703 0.655759886236 -1.21533902717 0.343678521465 -0.744052395544 1.50794490875 -2.39326635443 6
36 8246.47288532 -4.71450093633 -5.30496884765 4.28880220071 -0.571682639977 -0.93796993548 1.98771569298 1.11991870892 2.44552762224 -2.19544306751 0.961597641471 -1.31475381111 -2.81427688922 -0.19427230533 -2.39800705531 1
37 8251.90561177 -7.11023998387 -8.12094524226 5.06333698599 -1.45685162188 0.245162921095 1.99418123234 1.31567511245 1.00879974654 0.924953528617 2.05311883502 0.746863925943 -1.16570440333 1.2604862252 1.98133073845 20
38 8385.11270286 0.0967588485293 -2.90131572662 2.54941751277 -3.03020271623 -0.28520695946 -0.625034107378 -3.12879671936 -1.69404003039 -0.38158265884 2.58356111896 -0.121046698287 -1.15187459511 -1.1868993169 -1.75551766197 3
39 8426.71602025 -2.08271843675 -8.48558119519 9.13050435499 -2.23013730914 1.47250886005 -2.86603408126 -2.64082219662 -1.51560495713 0.226073831894 -1.5484101375 2.4790363698 0.714677360889 2.87449437373 2.53639880293 27
40 8436.3312595 -1.65982251959 -7.19190590902 4.07782428401 -1.81742918396 1.06856177793 -0.735373830483 -1.66081764466 1.83153525566 -0.27035860367 2.15326804406 1.26218855333 -0.539814479259 -1.380499031 -0.333870181115 21
41 8498.32432607 -3.35475793155 -1.72189820657 1.80132529215 1.4250107578 0.0109564904748 0.332349674812 0.757316159152 2.2508338697 0.738631568905 1.29285408371 -2.77438214102 -1.87603171198 -2.7977907058 -1.71454798153 13
42 8535.86869287 -2.66624683033 -0.437060629022 4.56292893149 -1.88824594799 2.17613525191 0.134152014605 0.0825578910143 0.53758838399 -0.187661396644 -1.95027673845 1.9644004643 2.80466556749 -1.43898807298 0.468133451085 10
43 8589.24591357 -1.970627788 -5.66010795478 2.03764043268 -1.2515553441 2.95056008738 -0.736642546969 2.05324445411 1.75179316705 1.82901226037 -1.10209819435 2.75330497144 -2.99870747008 0.144132256456 -0.40981491558 6
44 8614.68610559 -0.95245773006 -2.73726951663 4.65894971826 3.04192543462 -2.06463090497 -2.24391080246 -2.31827055761 2.12301841707 -1.33285290243 -0.638306619198 2.5615416548 1.98949575626 -2.95846274921 -0.271143153573 12
45 8712.72564053 -2.66925366278 -1.82531974826 3.91930613077 -1.26844241932 0.978571175505 0.940058842601 1.81233418965 -0.475223388776 -1.3319560887 1.68045755469 2.44069864436 1.91105906057 -0.280800736275 -2.64551866309 10
46 8762.88438154 -2.26963356791 0.175938909103 4.62456389647 1.0929143585 1.31474823045 -1.98687852933 0.446069294141 -0.453118147587 2.3783979877 -2.59794818098 -2.77717371174 2.31303547028 0.358156852649 -1.33611483623 12
47 8829.13845395 -0.332884508448 -7.62116107995 -0.313106675696 1.95132072665 -3.0261356459 -0.312189196063 2.51042727166 1.62669529396 -1.67666302729 -2.08050342586 1.12361937446 1.4980312869 2.00825681865 2.12873243019 24
48 9000.51890844 -5.63657313326 -1.50390509628 7.28991597051 1.90342021385 0.875246575327 -1.95640585625 1.0959836719 -1.62095761734 -2.30826072467 0.760166127882 -2.8926608461 0.00750449418685 -2.4189004018 -0.487927546448 14
49 9027.24356126 -4.37746410171 -5.06937014101 7.87838792194 2.73484841301 2.24026109319 -0.783998717469 1.55160274236 -0.499712777368 2.86599951957 0.592955775345 0.135210373118 -1.87001041355 2.9218896257 0.173850047016 5
50 9085.49954253 -8.5728440592 -2.05326066645 -0.142532118085 1.04395412034 2.25879711558 -1.17253331148 2.84824324631 2.31598005033 -1.29010505403 1.12912676021 -1.825543113 0.103798112686 0.148245137923 2.78544077989 16
51 9187.78792672 -8.64058784363 -8.63489499219 9.27615302742 2.61567103777 0.32873754344 -3.08279761461 -1.74037183887 -1.0942570568 0.0305330738227 -0.182735302387 -0.553418660981 -1.83060306296 -0.787461375177 -2.66330333476 26
52 9242.10897794 -1.6600635219 -5.59253374692 2.82041164363 1.29683233341 3.08635067224 1.85122707446 0.546908585897 -2.18628352235 -2.46169431233 1.60342971069 1.38366985987 -0.383405024676 2.42863229771 -1.54214415746 3
53 9315.99694423 -7.71415469549 -7.72706822968 -1.22541248934 -1.53972875892 3.03721484417 -1.40884561666 2.63509963509 -2.95822855253 -2.76447299062 -3.00986398262 1.19052559509 -1.5431353638 -0.70899551902 -0.413134958883 25
54 9354.22809974 -1.88525969148 -10.0370360675 -0.0148263761336 -1.78701747316 -0.452564700009 2.02137897175 2.93688140673 -2.4018358397 0.871789956031 -1.10174168036 -1.62481857306 1.91538614304 1.52788648543 -2.34351730017 24
55 9392.81276627 -6.5463559328 -2.95218699931 6.47075187021 0.874204529728 0.598591491954 -2.82369628979 -2.88210909613 -2.77543198602 2.99035622174 1.82787210177 -0.570370337849 0.465757463072 -1.8546445904 -1.26349614563 8
56 9411.4465287 -2.25841897162 -1.6531412329 5.23696898015 1.08958445174 0.522380314268 -1.94126349493 -0.818949226945 -0.035241313138 -1.64098303978 -0.835074583801 -3.07390395485 0.845878266109 2.6926966261 2.03084796437 12
57 9422.74388077 -7.41236749492 -4.27145556829 -1.40582899684 0.61030902089 2.9609563424 -1.92918679607 0.873527059655 2.90104368078 2.48180655897 2.92480479596 1.75311941767 0.509114218121 1.44444103731 1.87885356856 7
58 9492.81101918 -0.144062564854 -6.47651551843 -0.923560264962 1.68264725062 1.40121255623 -2.99752598236 1.52330550565 2.91735035746 0.142909410192 2.70674094231 2.60150834631 -2.60191564502 -1.73204794691 0.699602416825 6
59 9569.90912987 -7.33691177676 -0.397242196537 0.927947461528 -1.28014179724 1.09766001338 -1.52216794456 0.23669193003 -2.91059329142 2.62720255732 2.96516237877 2.57666501639 -0.829695071906 1.992871688 1.0641205916 16
60 9583.53943926 -5.73353249802 -3.67084708211 1.5874463676 -1.114676488 -0.220663907168 -2.31432126965 -0.584380976472 0.476608125841 1.13864265719 -3.08830797384 -2.59666523589 0.31563814446 -1.48659325638 2.99518478011 4
61 9593.81458286 -3.14107878783 -4.22642150249 3.65550798728 0.321606759487 2.59096576599 0.970150241801 0.985938846608 -2.67172111521 1.87897915698 0.448521865741 0.875316241395 -1.04232474839 1.17172839612 -2.45303276537 1
62 9621.99848182 -2.71449692147 -0.934223088054 2.08822796697 1.52166043202 -0.460966019819 -2.74424818765 -2.04363803284 -1.05048330242 2.10376508609 -1.73581899484 -1.64560465661 1.02758314908 1.27230209014 -0.149223928499 13
63 9802.80409546 -6.56730678807 -7.59650249448 9.42779201764 -3.12349830384 1.55399856 0.704140590501 0.266308131713 -2.09928851753 0.121035151799 -0.181268785118 2.91777812962 0.984543872684 1.64143923139 -0.591908541732 26
64 9860.06766068 -3.95693689999 -7.93005447984 7.0426917862 2.44907029136 2.580305998 0.483709915945 2.11356630826 1.84944609475 -1.44830168916 -2.08061742978 0.47674002245 1.64989274207 -3.01919601169 -1.576780308 23
65 9906.69133303 -9.32535469923 0.320569484749 1.05452537461 2.42339179743 1.79153088693 -2.06668879641 -1.42471229593 1.93916845498 2.55647568762 -2.70409727822 0.680931338598 -1.50176883862 -2.26669618598 -2.13778807089 16
66 9940.36741127 -3.10845603392 -9.79384878398 -1.00863715367 -1.1745782056 2.87134793716 -2.16614320218 -1.31572913478 -3.00167790753 0.481910475142 -2.38855675057 -2.91094784649 0.969564912586 -0.382819335175 -3.01942875775 22
67 9966.68289801 -9.05281369984 -0.054528116869 3.63225261246 1.2528146108 1.01276917727 1.25404828764 2.58162860112 -2.64042102444 -2.65357958049 2.47711915254 -0.961620840667 1.62344786936 1.94788874907 -0.602740330184 11
68 10205.2844648 -2.5485592792 -8.63862832123 -0.517138534234 -1.28071365438 -1.300575147 2.00720323539 1.77996074893 0.625582308092 -3.07026986048 -2.00376072999 -1.4623259142 -1.84097036953 1.53684778625 1.8692831102 22
69 10389.0514075 -5.44750461803 -5.24601042579 5.67746659226 -0.672970283763 -1.01053097617 2.71431933954 1.00881934515 0.541650061988 -2.04145524639 -2.814080666 -1.19165951461 3.11046236516 -2.00629188049 0.308346978698 1
70 10445.3591238 -3.89986970206 -3.51085186972 6.86958470509 2.95724310347 1.5080288446 0.00151674015826 -0.610343023614 -1.56832118965 -2.99814460086 -3.07540539848 -1.04495186592 1.46909700695 0.0202866719658 -0.78245764767 5
71 10458.9354071 -2.2471344681 -6.11733962746 7.37933166887 -2.56694575854 -1.76225103329 -2.01490854409 -0.731154300252 -0.759767778853 -1.85285202827 1.85026170902 1.66625500403 0.343677054129 -0.205963050844 -1.03270139809 9
72 10539.1180641 -8.11386219852 -8.60108922368 5.77223893499 -0.0280067985729 2.37349437408 -2.99834246106 1.42749575334 -3.0014044809 1.59065001603 -0.519712150222 1.40017251327 2.58394621832 1.05523586462 -0.0179218505441 20
73 10542.4491429 -0.725461843213 -9.70761592471 8.41192937188 1.39964138809 -2.93344482086 0.578579293866 -0.895338056986 1.19958094088 -0.744294989668 -1.81234220964 1.27124091016 2.66196694708 -1.71412544123 2.45716974686 27
74 10609.3796635 -5.09941126413 -8.12472508478 -1.40317060324 2.17960447262 1.73804289024 0.56908544473 2.64915064379 1.52256685871 1.27616263777 -2.25277183308 -2.08614205691 0.348204968473 -1.35895941343 -0.0828109054746 22
75 10728.9985059 -6.42557788336 -1.15353754066 6.89655932176 0.944513814194 -0.594095797905 -1.50114500583 0.500685427684 -0.274819840212 1.10663667811 1.12522230245 0.922895214731 -1.29189721725 -3.00154358713 -1.00970741891 17
76 10735.3580431 -6.08672110551 -5.79031733885 1.21631043208 -1.23116885723 -0.582765383281 -2.57740882061 1.0524823589 -0.398366901768 -0.80154480943 2.09071638336 3.0579359779 2.22445874437 -3.1058228222 0.231517583879 7
77 10752.0457108 -3.25974239143 -3.34082523935 2.89847356204 2.6698633333 -0.396411945777 1.89878239475 -2.50481160991 0.196733906603 -2.73842794526 -1.06610510983 -0.913110164305 2.27061761523 0.125337564194 2.94956967552 1
78 10768.1802253 -6.24087724436 -3.66041301896 -0.323132030422 1.68715381985 0.350969583748 2.1514790338 -0.478564209136 -3.0570671793 2.94175659644 0.906994179207 0.164072634459 -0.617519196357 -2.64373015832 -1.13803595651 7
79 10789.4342209 -5.42737949759 -8.93747531055 8.20518966768 2.72066853576 1.37458447373 -0.611120973345 -0.44502876858 -2.69518179821 1.23145895141 -1.30578780021 -2.58150184718 2.2670267537 0.0178743025777 1.9007354667 23
80 10888.9238333 -8.58766644547 -10.0934208964 2.41339336644 -2.80498393129 -0.866448865428 0.236112937947 2.68984918215 -2.73702101151 -0.787753300214 -1.59675709871 -2.94366297084 -1.38777921635 -2.39355347976 -1.32789598378 20
81 10962.8269927 -1.46530176424 -3.21271843449 0.395609073191 2.36052351838 -2.8999921159 -1.56858811932 -1.28206052552 -2.15687922427 1.56258943327 1.76150298485 -2.36568096824 2.28482025625 1.29004536003 2.22157143623 6
82 10976.6409293 -5.3454504303 -0.470987635516 7.12905613857 1.93560639192 2.44895583908 -2.7535658797 -1.66127150137 1.91884049597 2.01464849666 -3.08660014634 2.62283772599 2.52750734343 2.12648447484 -2.40646490723 14
83 11086.1450844 -2.92165903431 -1.83000611977 5.82320271401 1.06201979704 2.0635771169 2.02403081598 -2.65188666344 -1.25833184883 -0.74353189421 -1.45571533813 0.492009106193 -2.01982260126 1.65432225787 -0.633737405085 10
84 11315.6428378 0.785735612637 -4.2311506012 0.125640974395 -2.44871044101 -0.624106284552 1.22834672931 -0.268833481641 -0.954533812942 0.892593498009 1.63985887849 1.40988906322 0.327570022777 -2.37920675683 -1.34098395731 6
85 11358.4396356 -7.71173406582 -9.46344324874 4.92373023301 1.72923949864 -1.4126304881 -2.15018483952 0.779975474409 -1.79588329154 1.90245234728 2.52744442866 0.769847982627 1.66830078953 0.0714990567004 1.9331707763 20
86 11455.2710249 -1.62213959389 -3.498893376 3.97684699936 1.92336593176 -1.63600255041 1.86121753017 -1.85760168671 -0.107066424684 0.639756568811 -3.13555679792 -0.566525571723 -1.94567696973 -0.757812329091 -1.06375138636 3
87 11503.0589094 -8.23327044249 -5.16874051756 5.44807158105 -2.84207745282 2.86232053322 -1.97578683652 1.08068662112 1.14204200789 0.386633700471 -1.13671429719 -2.5797862536 3.0133581456 1.12927900167 -1.39643490061 2
88 11577.9641983 -5.97274891098 -5.62128470995 7.40971447593 2.21025663233 -1.90073661734 -1.26244117926 1.47311740706 2.74792160435 -1.58521289227 -0.223754923958 2.4361888752 -2.40011085988 0.1571256464 3.00967235089 5
89 11637.032225 -5.08597291928 -6.52262714647 -0.0173680826749 3.02540387295 0.590202966581 0.570747066945 2.50823790376 -0.484408738628 -3.12921315875 1.3120603547 -1.00721792744 -1.52454341085 0.19069969451 0.567823659285 4
90 11659.1711599 -0.16081397301 -4.79159170357 4.35851185139 2.93016561276 3.09162305866 -1.52003185859 -0.626392209752 1.53725812224 0.0842523839627 3.02578413754 -0.804858123066 1.61139509996 2.22308990121 -2.87354556632 3
91 11725.6136293 -1.15997352151 -8.44947902001 1.39577064689 -2.4801326313 -0.199563359668 1.17877867837 -1.42919211205 -2.93240183551 -1.9481848178 -0.260582683058 -0.895319214806 1.93241560053 -0.873264595759 2.40417464537 24
92 11740.7541448 -0.943614517929 -4.08948543478 3.61722443574 -0.332920459413 0.647804822855 -0.867381611049 -2.94346572013 -1.83368539495 -0.0837721899692 0.239643650854 1.16397364549 1.99084625162 0.771658766635 1.74454288948 3
93 11742.6352198 -0.0949121839819 -3.97453227373 7.60526060226 3.00212812066 -2.99201801438 0.367296737033 -0.384062738718 -1.15232125238 -2.77727039886 1.4371040597 -0.025675517583 -1.81911505939 0.209157293505 -1.5963434147 9
94 11774.6872666 -4.53751041097 -9.1074929325 3.20436849468 3.09721764335 -2.9384572137 2.42084158982 2.39261111791 2.50151429075 -2.41822086682 -1.39192212404 0.446054196629 2.660437617 -2.46673400737 1.73604836124 19
95 11830.5300974 -9.58405260823 -9.75552961025 -1.14406493824 -1.26922253915 -2.23737107958 -3.02278886025 -1.99143940973 -1.14913406868 -0.734020246804 -2.93946703703 -2.39008559967 1.24282884408 2.38350101987 0.451425222569 25
96 11931.4773311 -6.08814669392 0.419340555836 3.90260660423 -1.34974116116 -2.69720146037 -1.93205255553 0.555694187511 -2.9264252973 0.0392667738791 1.89090562186 1.30756810757 -3.06978111986 0.348468737476 2.44666298235 11
97 11962.2944493 -0.691352943103 -9.99875651598 3.625982137 2.81708889994 -2.15619909492 2.46050039627 -0.316706301503 -2.56635785108 1.50317087526 0.156554190948 2.36371718736 -1.63589460005 -1.365153201 3.13049161259 21
98 12110.3591978 -4.81690037422 -6.8360103689 5.04228894972 1.84927668546 -2.69264401973 -1.59714255927 -2.23814549484 2.93289872644 0.775826896306 -2.16200305095 -3.05035674539 -1.80278844236 1.41475205563 3.05226857439 19
99 12263.9505336 -3.26734544316 -9.88805306471 4.89703861777 -0.288769116954 -2.84049616675 -0.968262641437 -1.44862050293 3.07740533459 2.3396604124 -2.2017088059 1.89402978695 1.41147647612 -1.03157423211 -1.76272754819 19
100 12281.5942121 -8.42773556988 -4.65856798613 8.68147303475 2.67654201402 -1.59651500585 -2.08071843408 1.27836498659 -1.62347606296 -3.01224230156 1.43833877928 0.679901511572 -0.365205660999 2.23765666058 1.33637309065 8
101 12314.5212463 -9.34093432626 -5.61880240948 5.97265059493 -0.726631154953 0.04171632151 2.45081690301 1.05862807373 -1.02262411937 0.824352561774 0.90926594435 -0.830673938561 0.735834207781 0.141233919143 1.46009117689 8
102 12437.1218974 -0.542919615501 -5.88795215825 7.44231767648 2.0553431841 -1.1410165225 2.74656936439 0.73569270119 -2.21554310799 0.193273758262 0.00861237181176 0.487120791041 -2.68967651731 -1.32302868712 0.969901152699 9
103 12515.6941341 -2.49173227357 -5.48603124486 8.84949132472 -2.22455362335 1.6010851885 -1.01991158138 0.277596860462 -1.32948117286 -1.40104095396 1.21115776389 -1.34642654381 0.166954278615 2.98623595362 2.12673509414 5
104 12550.6462729 -3.17628410612 -8.77067962789 5.32222686371 2.04171580694 1.93152872969 -2.04317621549 -1.27367941084 1.85481992679 -0.549834180098 -2.60521188875 -1.63821623567 -0.678488017507 -1.25151624132 0.663582462515 19
105 12554.081088 0.217680999313 0.424579931007 1.37956074983 -0.419781973708 -1.65381408609 0.87441835579 -1.0069907811 -0.302992522926 -0.85060131049 1.62542611766 2.58645255 2.14791414799 -1.70500437 -2.04688245342 15
106 12689.352633 1.08513150119 -9.51504496769 5.6710353295 -0.763652769306 -2.13223645057 2.54716285338 -1.29965162501 0.118250686534 -2.85038932706 0.275626114113 2.10860103664 -1.51193322267 2.2128874153 -1.83158401432 21
107 12699.9016743 -5.5926559715 -2.8587824241 3.37727961761 -0.556969361102 -0.802190867253 0.522299152868 -2.94697281954 1.20207096329 0.0686099753345 2.63238332147 2.83875643045 -1.60844926076 0.373754787837 2.5190061464 10
108 12773.02013 1.21100347355 -1.28893723336 6.45908308976 -2.31047806365 1.30521956431 1.66825427735 -1.00084675161 -0.970950395442 0.563936107878 -1.38882604719 -1.79643394904 -2.94377198539 -2.95089380298 -1.11267701884 18
109 12923.575599 -9.06506498287 -3.0249831219 5.49289849853 -0.0917605281184 1.75251902233 -0.0415750941567 0.245210526976 -1.57208925826 -2.9245124923 -2.7653532692 -1.89255434537 -1.1241380548 -1.04836719773 1.97836202418 2
110 12926.3614589 -6.41825665626 0.0800739775149 8.3644142729 0.651959661777 -2.48234960318 -0.210518752907 2.71310290054 1.92238649199 0.0590400859655 1.32448513223 1.57716562588 -0.431414604501 -1.56251013101 -0.583407217196 17
111 12943.059154 -9.10516371032 0.333852347014 2.61889286026 -0.105980146126 -1.83427010784 -2.72459610928 -1.22109731636 0.173266503808 1.41469382712 -3.00748137872 0.346599566472 2.81580283378 -0.456619248759 -2.52817431712 11
112 12944.2397318 -6.81460091659 -9.57875813717 1.6222292938 1.48289939429 0.297886065823 1.62985549068 3.07437900732 2.08781796579 -1.88848227117 -2.38938441364 0.444743682359 -1.92279761327 -1.56769200788 1.00312072371 25
113 13020.8013915 -1.18825083311 -9.35778110925 -0.969408855249 2.88859845702 -2.74244187317 0.92963076279 -2.07038141107 -1.79266791969 -0.912646588677 1.28791336096 2.30390748834 -0.696647479964 -0.813164800616 0.841986586811 24
114 13101.0017721 -9.03272025686 -1.75114422419 4.82438482376 -1.02240737048 -1.60621623643 0.685853381591 2.35246683298 -0.529331582309 -1.24001669682 2.70318345299 -2.17917646771 -0.593611437868 -2.39082537573 1.08791441743 11
115 13102.5544962 -5.94116894475 0.0669905970954 5.00803231966 -1.1788165932 -1.78212373679 -1.94515616891 0.420953607828 -0.772536149262 -1.94441743181 0.891135857714 -2.59705546075 0.405657014295 -2.47183823131 2.75087345758 10
116 13164.4031618 -7.95783419029 -0.146008460661 3.57052520838 -0.546616997637 0.699917838245 -1.68472029654 -2.71086801614 -1.97602607955 0.825054444816 -0.0361224520443 -1.3096387853 -0.863842169402 -1.87666980883 -1.84407450462 11
117 13165.4877122 -1.70538712582 -7.45609128839 1.57835592382 2.71401940284 -2.57408624831 -2.34116398899 -1.07923061555 1.13648453305 0.725314132325 2.60933319469 -1.58469127997 2.88437045992 -2.01940597063 -0.624507096967 24
118 13281.0201393 -5.39103692651 -5.66050266893 8.68431531026 -3.11746829586 1.60397880254 1.14438057091 2.77100789458 -2.24279707735 2.45109822626 -3.02957220885 -2.51162923706 2.0664191156 0.958478173117 -2.64880776808 5
119 13352.0450742 -8.5836048754 -5.04366836011 7.98821632876 -0.949555072054 3.00188407488 0.190832411555 -1.16802036931 -2.75335183766 -1.46103111329 -0.0186808563243 -2.01608078727 -2.88080828156 -1.62447359497 1.64778023528 8
120 13510.5279227 -3.90384563764 -8.27525454947 1.29445492815 3.02945185631 -2.51090095658 -1.08091599835 1.00660508772 0.158392437976 -0.358866485551 -2.95147883216 -2.86402535046 -2.40364453808 -2.16013534385 -0.431788575179 22
121 13533.5117188 -1.88080658289 -6.27959871396 1.00467574187 2.25076211519 -0.329591571755 3.00948141959 2.81365634713 -1.28311906554 -0.0969738248414 0.084285985297 1.65271843426 -2.81780190218 2.15302794083 -0.16983964831 6
122 13581.3347168 -9.38369456105 -0.0214115564163 8.5652762789 2.58028303792 -0.805075100021 -1.5639214448 -2.94005220762 0.0215217943915 -2.15194433649 -1.22498900159 -1.32050512637 -0.804024637449 -1.46249583422 -2.37515794953 17
123 13605.8978031 -8.50265328386 -4.67844676195 1.70253686906 0.300722078854 2.56209352184 1.98380853578 1.48027111575 1.12503750555 0.608320788259 -1.89786269166 2.19243438011 2.75261981221 2.5082370145 -0.118785830648 7
124 13735.5648404 -4.77078528732 -1.78334344899 8.72225099829 1.29688491253 1.37179057429 2.83380829039 -0.686673349969 -1.27666200587 0.887771946148 -2.40076346375 0.340008654166 -3.11335203312 -1.16700962824 0.629068333609 14
125 13751.3704647 -7.33423390084 -1.5812189948 1.71971725551 0.348171827794 1.0184773883 -1.53635701006 0.341597628948 0.211856207485 -2.3946026724 2.33798057739 2.30704264915 -1.35040744491 -2.13209988458 0.0184085649685 16
126 13921.539455 -9.26190363221 -9.89751910224 6.64002955233 0.180976869761 -2.76666058609 -0.280219058829 -0.374436168195 2.56252787863 2.80904655976 2.81704562131 -2.6299758448 0.218435120549 2.28343324796 -0.767230869011 26
127 13982.284882 0.70284081055 -6.70718894111 7.21233847543 1.58405590671 -1.39831126225 2.40903261745 2.4586671239 0.0325890368146 -0.343228863249 -0.101760297529 2.07266538705 0.383321450163 2.27623035645 2.78885096383 27
128 13982.9184379 -1.13039926374 -9.86002649233 4.527913632 1.82386865222 -1.58691815415 -2.62813761303 -0.528890447324 -1.85052834244 1.6782632725 -1.41738202993 -2.748372995 0.844488218266 0.772346668874 -3.03985960246 21
129 14071.7498261 -5.28889496127 -0.996129607936 6.1647287597 -1.95515779238 -0.875552596759 -2.5860680921 -2.06198529506 -1.10390702425 0.558071297107 -1.07839917159 -2.04675258084 -2.69818519789 -2.93985979192 -2.60621462776 14
130 14133.198987 0.199045244414 -1.85112251037 4.89504047722 -1.25969276655 0.648880391742 -2.06432687434 2.84064189483 -0.857329854889 1.32734702966 -0.842294394831 0.194166781185 2.90794241308 2.00180326486 -2.41279755128 12
131 14216.9811277 -0.890318734529 -9.87081287932 8.79740689478 0.916165140985 0.0980692226302 -2.84008635572 0.27854366998 1.97119478088 -3.11451183269 0.261151894885 2.9197523427 -1.92967042628 -1.59184685908 -1.50196328185 27
132 14496.8257595 -7.83923687986 -9.39098440435 0.0312622832706 2.93866970066 2.82034663832 -2.90207660828 1.83957409702 1.04371099126 0.72975808774 -2.97040862015 1.88607525209 1.26190002971 -0.285450277136 -0.643676313654 25
133 14589.0766054 -6.17037961426 -4.68865724255 6.1750382558 1.2889204355 0.74345168679 -1.01845121376 0.331684007483 1.20051519789 -3.12092404332 0.33504839767 -1.74758470434 0.240245670638 0.240607713478 -1.33232467413 8
134 14621.5489602 0.377485819275 0.756392878383 6.95692314601 -1.26420611997 -1.04309146975 -2.77660250016 -0.352370759196 2.9568314152 -2.80413578596 1.40946101094 -0.66093891277 0.218085597651 -2.59881921237 1.06240341337 18
135 14648.1981868 0.0618293201172 -5.5169019256 7.76539529413 -2.01863654826 -2.98060301383 1.03096208304 -0.509227799141 -2.73528610905 0.573268630899 -2.73346716896 2.8353603557 1.18152565378 1.12239252844 -2.54889435 9
136 14670.8902367 -8.06924872184 -3.3106233612 1.19563343702 1.41599325872 2.83572271254 -1.03057389471 -2.3209323869 0.978617697795 -2.7022698723 2.88890137724 1.56931430671 -1.95451145431 0.847017726284 1.94732284203 7
137 14761.3135507 -6.88799752291 -2.75412610099 9.48164357432 1.73135878451 -0.893282243707 2.23041119104 -2.68732172284 2.13494050382 2.78871148517 2.85761665804 -3.10017761424 1.86045919759 2.4166280829 1.06068145393 17
138 15338.9413351 -7.71537753975 -8.80696773475 8.33935640213 1.12421287114 1.24907495085 -2.19236143764 0.116800976965 0.711392855841 -1.17523003012 -2.06841213493 2.3180093714 2.85519651493 -1.75147629534 -2.97217055486 26
139 15390.5424656 -8.16438073141 -7.33856860491 1.68199552554 0.468789411629 2.3074330889 1.81129114157 -3.08192069051 -2.36646683149 -0.307553910101 -0.11728514578 -0.831101696563 -2.60217738029 1.77688615368 -1.15501376943 25
140 15433.4995072 -3.63095043393 -2.3007627133 9.20330570704 -0.579513575864 1.46035625261 2.74499825384 1.76633715282 -1.9736395194 2.58228397759 0.316479149247 0.704827108745 -2.21946894485 2.47855954463 0.146533830256 14
141 15441.909574 1.03243048371 -8.57922210249 7.34919176361 -1.21250331834 -1.16622890488 -1.68925860203 2.59633832809 -0.262225834979 1.47679938768 -1.52321325474 2.83228385409 1.25657112948 2.34636811716 0.155218913792 27
142 15548.448953 -6.6348481165 -5.70393496712 5.94522337357 1.82675386372 0.462868821176 0.49469958489 1.97430870948 2.33953503397 -1.73351673598 3.03437872848 2.89760816603 -1.6170435312 -3.09604228222 1.44608666434 8
143 17068.2934538 -5.62872398255 0.380135521354 9.27289544759 2.51618133507 -1.46381350352 2.88747384342 -1.15564495673 -1.43699550276 0.692857289907 -1.69699123547 -0.35165849198 -1.40632253618 -1.72410004394 0.120907959064 14
144 17381.3105585 0.522860849491 -1.17171537309 5.97812299225 -0.0652716394439 -1.02963602302 -1.2976346235 -2.33891760172 -0.851019906146 -2.06577262121 -1.27294165932 1.54316967238 -2.17728047553 -1.27043734984 -1.98483439473 18
145 17578.3087246 0.548871814418 -2.5751165173 9.23208711716 0.889288705309 0.191525120528 2.94488777692 -1.44776758997 2.90801002577 -1.44167307333 -1.29708570968 -1.20784954839 -2.62564162707 -0.17237037241 1.9900068853 18
146 17847.632457 -6.76147698182 0.0700245460018 8.7247244694 -0.27316077759 1.64388237483 -2.92948021578 1.1129057968 0.557919648799 -1.08364068659 -2.12569888902 -3.04843889122 -1.75044230908 -0.852700841756 3.08504035893 17
147 17866.1502318 -9.55484882227 -0.784717840801 4.42201403987 -1.0917270088 0.65348443917 -2.2723012741 3.01532773235 -2.38957636563 1.42382629339 2.55552013632 -2.78146499714 -1.82831907592 -0.721151286837 2.64558344299 11
148 18147.1472908 0.695194817162 -3.44262484843 8.81751197893 0.0199381928971 -2.59324618142 -0.514278648156 -2.1260347273 1.14544962672 0.909983859938 -0.661131530985 -2.22199532859 0.0903108351283 3.02883086063 -2.19496701157 9
149 18544.4233894 0.31435901777 -4.42967564257 9.13103386291 -2.20719725699 -2.67957318985 0.385285413416 -0.0899606488812 2.93975360381 3.0708170853 1.4287898204 1.9870734611 0.520748793103 -0.381571669577 0.316088128695 9
150 20183.0998838 0.873026305268 -2.4367543879 9.35832305852 1.3556632687 -3.10073282315 2.11755623782 1.76640927913 2.93675211379 2.51940050568 -0.844307419863 -1.30847268667 -2.30387665418 1.62546055998 -1.94481214416 18
