 -5.15284765284 -0.0740731351623 3.69687452706 0.376081339577 -1.49255759994 -0.0551597279537 1.89553747332 -0.678657401569 -1.95335633429 2.55380723067 1.22687249395 2.17324304677 2.39176276821 -1.7750588926

1 429.466115293 5.61983737053 4.5355291205 -7.95678430608 -0.366759315126 2.86979598155 0.193509784515 -2.21036038629 2.00730005845 -0.420283920886 -3.10688128636 -1.67347164995 -2.05329042792 -2.42323996808 -1.40313828233 13
2 767.740220021 7.93215652525 1.34397826022 -5.82519422718 -0.405935542195 -0.926007885858 2.82923470023 -0.0448847297409 1.18453400007 0.814698246315 1.37413307836 -2.77144119054 2.16855845071 -1.97688486384 -1.02229917888 6
3 1769.50002456 4.33375024619 4.33635071695 -8.58338721293 0.217819380023 -2.70330599203 0.329508643234 -1.0089378619 -2.10809645343 -1.65780201046 -1.1567938824 2.55441167147 2.3254647414 2.24322248327 -1.06363492238 13
4 1912.69545206 3.19376762406 3.17729273901 -8.64493739662 -0.806360634187 -1.36483309039 -0.429756094744 1.03026793392 1.60649206071 2.51192159679 2.29853886384 2.11650643227 2.42430069377 0.334386313689 -1.03523318867 16
5 3259.63773568 3.99897968657 0.171562083347 -2.95400675398 -0.822361367271 0.485686915664 1.59038741324 -2.58865045474 0.10916380518 2.78057725554 0.771826569526 -2.753955506 -1.92451953377 2.0028228451 -2.25895562323 1
6 3266.42987534 6.98750774046 1.50063053229 -4.23553051447 0.81779579592 2.9805464404 -1.62496471833 2.00711548552 1.33066133236 -1.38187846581 0.218334313083 -0.444439192293 0.299192994876 -2.44021552374 -2.00702718623 3
7 3682.0560021 8.19346398002 3.87051640238 -7.76233446657 -0.907938487726 2.74144408697 -1.57080824786 0.217730845498 -3.05341397901 -0.893596983142 0.191993814113 2.43405490293 -1.8816083815 -2.6170136363 -2.79020681925 15
8 3923.05992595 8.63690106811 4.63545045278 -7.97239684009 -1.20482976968 2.70543444069 0.829706474479 -2.50879726169 -1.19901854973 -3.13112886842 3.01294608606 -1.38463216504 -2.08985635687 -0.12666174437 -0.999329960115 15
9 3979.1190145 3.6717159112 -0.00234093359331 -6.52819727539 -1.01270074792 -3.02881975447 2.9551807135 0.980210497579 2.02041234656 0.286191220941 0.422699877233 1.66686124359 -0.73954693972 1.11844445259 0.390671515073 4
10 4062.44358091 4.91545512343 4.15413318175 -8.44034437279 2.05490918917 0.161256644526 -2.13059068546 -0.106196581421 1.83865620659 0.849877285972 0.8114390413 -2.25705780761 -2.72682008566 1.57978829401 1.39639478762 13
11 4411.82863491 3.68332579857 -3.33878771788 -4.94306389927 -0.0133240154053 -0.842950716334 -1.0667480631 -1.5420254348 1.63305237455 -1.34742721224 1.68512149458 2.69829384672 -2.53628126054 -1.79014230596 -0.262635897754 19
12 4971.95747959 3.99580599269 4.90625338785 -8.05646968309 -2.03352584668 1.56725164897 -1.38126994041 -2.94503879212 3.04655634812 1.54950063784 -0.251505574488 -0.312318032315 -1.54441974373 -1.47705061828 2.09801758816 13
13 4999.86454823 4.54748248073 0.426476301546 -6.44093113294 -0.644379890827 2.19226585307 -1.79179803861 -1.91536361275 0.218657652783 -1.64638105818 2.32047895191 -2.96767440828 -1.25580850316 0.80144575142 0.737971178105 4
14 5195.32328667 0.832719773523 3.48580441398 -6.96499036631 -0.963150525993 0.275797935387 -1.82078723924 1.55866737973 0.0281714723666 0.428951875574 3.00755704956 2.06378848588 1.44601699276 0.0613174223324 -2.9838405491 16
15 5299.95385396 4.74332850996 5.45293321911 -5.43471746929 0.561064428606 3.01599651406 -1.13242921861 1.07698550161 -1.01626023881 1.34584258675 -2.88224592986 1.5157682195 -0.768513998968 2.57918544221 -2.13304572661 10
16 5322.67378262 5.55008701746 -1.15701686313 -7.48234284317 1.35849690004 2.54849738281 0.839571959487 2.05414784651 -2.16537076104 1.65466442892 -0.0391443323918 -1.11239930123 2.04759064189 2.73934664516 -2.57533604678 4
17 5498.52980056 7.37933282323 -2.68247897262 1.20947492692 -0.28297990838 2.29704466773 -2.61003280269 -0.0584791790886 0.187535431532 2.848548466 0.449478340557 -1.78861983825 1.63848217832 0.553092336921 -1.97062193142 27
18 5511.63010608 5.87868865629 -2.14951845131 -7.2452480289 1.25688974255 -0.487601298825 -1.86364557176 0.969251495045 2.63461255736 -2.82068593849 1.58679559093 -0.688228775909 0.666524057722 0.185463186512 2.88197929389 22
19 5588.3063978 7.66065012677 3.63176614686 -7.8080379754 -1.91619882455 -0.491624957251 2.62686769671 -2.99148201371 3.1366096152 -0.923173167678 -1.62441163366 0.286613887291 -0.883094449068 0.90272951601 -0.801569676525 15
20 5677.75090571 3.71410740181 -2.76647120307 -2.9996929712 -0.283657283823 0.837712940979 -2.93499122973 -0.164866152194 -0.238404370777 -1.27075924601 -0.261898194482 -1.76050955666 2.18557385485 1.23609628617 -0.843616305927 19
21 5900.54019209 6.03639790097 4.56387665114 -8.15366177084 -1.6285313561 0.183994279834 -2.80307566157 0.551187646885 -0.42228476605 -1.04391934738 -1.02796335352 0.295381223305 -1.30951555958 -2.49387351606 1.83174177793 13
22 5925.9408578 2.31141525219 3.87476802441 -5.30397643444 -0.924832189557 -2.52322431031 -0.837617967972 -1.79366762082 1.55671618703 0.578726446351 -2.00785346411 -1.40648707001 2.45029322317 1.41802631407 0.140029006322 11
23 6061.52369732 9.79521480035 2.3283008774 -4.21945460725 -0.790180174353 -0.809266210933 1.15944150298 2.21835534182 0.476903225974 0.633616097187 1.43619251076 1.51723353956 -2.42119774379 -2.51477615436 1.57893168822 12
24 6304.68718674 9.63635960827 4.23319523325 -8.78671763447 -1.92356813076 -0.864112810371 -2.78832779246 -0.906949932483 0.980847020149 0.285274214083 -0.65666035734 -2.66752217993 1.97009811672 -0.715111117782 -0.989980184272 15
25 6310.33921257 4.9767784427 3.15821529825 -8.54304760134 -1.67152992505 2.26140366702 2.45587362316 -1.05258541594 0.575843346951 0.0198526709663 1.16001886864 0.57701460085 -1.77475765844 0.738686065212 -2.72196889557 13
26 6524.26396338 2.57021617587 3.38063417795 -5.56609783838 2.87939831447 0.228640967327 -0.00808655727575 2.71464317855 -0.223058526095 1.31338822447 1.38981552187 -0.154435855433 0.119285145335 2.10841654814 0.838785872429 16
27 6750.21622687 1.36269644528 -1.40519137954 -3.98669081755 -1.16828979263 0.173684907585 2.79870761385 1.02620888196 -0.412437356303 3.07883622944 2.09740844012 1.84514613155 -0.505771229698 0.888699058286 -1.12937182287 2
28 6773.31597243 1.32159818576 -4.43290840664 -2.00183918179 -1.81685609163 -1.22097768691 0.0732554512342 -1.19282493507 -2.03322103419 -0.361159760593 -2.84990156516 1.51898872506 -0.315708127621 -0.691502513661 -1.84517952213 20
29 6865.34573721 2.27419741437 1.30123173869 -8.78446809668 -0.803992152003 2.275041072 -1.87543902217 -0.434856661116 1.42835464466 1.47618366298 2.35263292449 -0.911405959886 -2.08991001227 -2.26623212318 0.805581404916 7
30 6967.16537667 7.1313704026 1.3253959413 -9.03053804447 2.99214891938 2.98447359626 1.03795701254 -1.54028885556 2.13041984916 -1.03124064213 -2.7834189181 2.46711433024 -2.65170141766 0.340036362476 -1.89510490518 6
31 7103.60146316 6.85254347887 1.57560308532 -4.06575231748 -1.28351311355 2.46793732334 -1.66148132899 1.14139275928 -3.08999865483 2.34862914805 -1.06820346457 -0.39311933858 -0.340751981473 1.11752009108 -1.78780568931 1
32 7202.25156913 10.4982971671 2.57627498515 -3.90852438374 0.379647283151 -2.48150303589 -1.69038819833 2.76739168833 2.25070863681 -0.87836677852 -0.777505717412 -0.233154421867 -0.985613847432 1.68891910789 -0.271881315288 12
33 7266.96254202 1.59046191578 -1.90821796976 -4.73912849631 -0.510273987591 -0.817263970212 1.10473457366 0.242632334999 3.09064929368 1.39612472374 0.881398941513 -0.0494995533645 0.533809708569 0.32528011502 -1.10159191807 20
34 7306.55265632 7.56962691682 -5.07610615547 -5.78472065058 0.947215311409 0.785193335464 2.56761514719 -0.46104067448 -1.55887356148 -1.51645184729 0.251348453058 2.84120418162 2.01682673068 1.443331687 0.00408597187028 24
35 7400.32135138 7.50622017825 1.00607651516 -8.27125079649 3.08683001028 1.37983246053 2.43517730175 0.83506940206 2.74158706827 -1.56656218256 -1.72445682553 2.86430657887 0.859933609975 -0.142430303775 1.66142602435 6
36 7520.19871398 8.41544393277 -1.2975338649 -7.31877367508 0.651682554487 -1.31983073133 1.5407498905 1.44903391446 -0.377994606183 -0.538096996362 -2.10447443802 2.44323109731 1.74368841098 -0.305459923269 0.690971712788 6
37 7707.18669145 1.96884663124 2.67612445266 -5.9729378124 1.81964106675 -2.43858128449 -1.79973665373 -2.63216963425 1.78113713117 -2.34532689537 1.27250936118 -0.494460266444 0.941746346851 -2.84863897052 -3.03403239322 16
38 7727.35836359 9.69525482494 -2.52313217773 -5.94430075637 2.52125591485 -2.96226281624 0.586975650671 1.90912590556 0.509384047913 -2.3438351908 1.69523202502 1.12244374616 -2.30614191399 -1.65671232151 1.06415413649 24
39 7735.18596639 5.93606095524 0.0172552017477 -8.61229699894 -0.117897679074 -0.152315836708 -1.62581504313 -1.93547340349 0.550320279305 -0.231649153911 0.85539100436 -2.31858126862 0.772619254442 -1.81678797163 -2.09161493361 4
40 7838.66497857 5.57914152777 -0.138763466383 -3.87589797147 1.57168027583 -2.82909644487 1.92830744351 -2.12996053839 -0.986897161725 2.42143164596 -2.20497829882 0.452836376952 1.18051023899 1.36587799879 0.471190263615 1
41 8229.84728642 2.55605853001 0.81424305568 -8.42493156471 1.82113896312 0.962013116562 0.946818175812 -1.62645486104 2.25501989331 0.068032282888 2.84300336092 -2.40604500132 2.9753928137 1.5061312546 2.2787192509 7
42 8382.48128611 7.4677123045 -1.5602378455 0.49998461648 -0.774058417698 -1.20890429754 -1.28031088916 1.5884957998 0.154273054373 2.56653681776 -1.15378968685 -2.48248279404 -0.131302399068 -0.19315207851 -1.90015988585 9
43 8465.61989638 7.27871626017 0.98280695193 -3.78314713894 0.771329225081 1.50754012766 0.216978942679 -0.315510468439 2.84014883699 -1.36688024546 -1.37689815128 0.564701105051 -2.23208612171 -1.34141273853 -2.02155280022 3
44 8693.50920356 0.427257525816 -3.67622656303 0.184114667741 -0.913455787455 1.56559086832 0.281746207273 -0.950081152849 -1.20324294197 -2.72435672074 -1.71364247774 0.0334497973064 -0.765054865929 2.28612668819 2.7219270892 26
45 8862.94062043 2.98589741938 4.37189790233 -4.94220039057 2.80725858037 2.42643664538 -2.38061843601 -1.82272937332 3.11916178186 -0.0912390703862 -2.06142692955 -1.59274514922 -1.43243081824 -1.13006767278 0.36203695939 11
46 9035.12820801 2.61752834882 1.68283248042 -3.61014261634 2.77028891468 1.54870651425 2.03772097506 0.605804796791 1.75115074126 -2.01220624498 -1.55654621367 0.479692904053 1.52694901756 2.80135675768 -3.0811766807 2
47 9304.49499956 6.49317611091 -0.632275655239 1.63537074497 -1.43042836779 0.532989276952 0.737202220737 -0.754552676004 1.79848088799 -0.592663090431 -2.84635149664 -1.3527630373 -1.21840844564 1.34714030226 -0.134867346428 5
48 9359.82545956 6.25734477192 0.360760498766 0.0614299421889 -1.09839553379 -3.04710066216 -2.1898542985 -0.283275683893 2.35613623137 2.5567448354 -1.08853760661 -1.93764591906 0.370511046062 -2.51106217155 2.7164896325 5
49 9387.51592159 4.51648501696 5.33691401294 -4.51565791323 -1.09344357446 0.414219462647 -2.51753645237 1.67397800311 1.08082430094 -2.18318900488 -3.07006726272 2.23534222913 1.6172330193 -1.84950032278 1.08242298703 10
50 9412.17766967 -0.0973730115643 -2.62410809072 -5.84999090106 1.99806704964 -2.14528020831 1.40070723319 1.35021923545 3.01435791524 2.77336519533 2.8581437796 2.84199048202 2.28275052784 0.984927269061 -2.27759130764 25
51 9426.38116884 5.12814111384 1.18481893562 -5.12174039213 -1.83126699404 0.401007729694 0.320988216207 1.5263760329 0.947497502904 -2.32165259981 -1.76946998778 -0.797966494175 1.24756444655 -0.635666686592 -2.29161867403 1
52 9440.81071732 0.0800736427654 1.78361161113 -4.90998403033 0.899468223993 2.99847403666 -0.785385026066 -3.05353696122 0.875600359644 -1.82079165893 1.53963335075 0.205970991289 0.717279330948 0.447193495572 -0.934759141567 2
53 9695.69437396 4.59669962994 -4.09162317064 -0.390968559745 -1.92586697716 -0.962639207575 -2.72634225639 0.580329596415 0.658163265228 -0.816040756743 -1.49784106526 -0.929974149896 1.59863112996 -0.498688102847 2.85052791501 23
54 9774.57805707 0.208198398569 -4.34402452644 -3.20083843665 -1.48663702557 1.9015708314 1.92118696573 2.8485515172 -3.09086259013 -2.40199994484 -2.55607904841 3.03877182845 -0.0209189962266 -1.56665887263 -2.81152148745 20
55 9867.68275679 4.40001940645 -5.01310381638 -3.64732462612 2.62451672568 2.21807463009 -2.75596400021 1.85070063617 1.57334492491 1.4158164944 1.13141820669 1.54493713973 2.8143033848 2.84569250252 2.9020784243 19
56 9951.83297176 10.5496302655 -0.387632422113 -8.03542456332 2.90954736613 2.99556979364 -0.382490859937 1.7895749354 0.657601799886 -0.88518077439 -0.869880933879 -0.160100194632 -1.27022058178 -0.657654170535 1.32525638556 6
57 10041.4544008 3.37359658695 -1.09409019693 -8.27399605213 1.31939009803 0.762123677866 -0.472681124294 -0.256891967349 -2.51923864033 1.70703023754 -0.327861340479 -0.660100417903 0.0366393986937 -2.87273369877 2.17141255882 4
58 10065.1820193 6.03351925854 0.0134129481599 -2.35886727664 1.56001952521 2.85858994835 1.35159473013 1.65742077358 -2.76504914802 2.23054411736 -2.88757577008 0.755696555537 0.991259694828 2.50581851039 -2.15048126478 1
59 10093.3920695 4.0187588187 -5.34314930271 -8.4395289219 1.37989992836 0.0649777490563 -0.999298846173 -0.868931235063 -0.462924744738 -1.51639306273 2.64752497163 2.78866894512 -3.1077322567 3.03442742804 -0.287023809382 22
60 10171.4456667 3.71961087258 4.07623846813 -3.79428802252 -0.463673171962 1.37743231605 2.87836996884 -0.858558611128 -1.89827310932 -0.35047842391 -1.57966636933 -0.914973674661 0.774012311569 2.12373116195 2.70217383714 10
61 10187.5086624 7.96526898449 0.66615564214 -2.78869958945 -2.93629119991 0.916164308691 -2.69180457335 1.61066841363 -2.74419439263 -2.27654474132 1.70891269551 -2.80288547828 -1.76756673966 -1.95827955194 -2.0111465692 3
62 10288.3265718 -0.290845305855 2.23736563574 -4.10770616904 1.52165751579 0.511085531718 -3.00959687019 -0.650698972663 2.07884967429 2.34899195402 -1.92514600158 2.41004524448 -1.4777799127 -3.02014622618 0.876379187224 11
63 10338.9003677 8.95963714116 4.53383914848 -5.96859437024 -2.46230104898 1.10902904688 2.55996757238 -1.72002667065 2.01785988191 1.1602119967 2.74665808968 -1.99640854743 -1.29741992738 0.230810484954 1.48256104353 15
64 10347.3522834 0.972163816855 0.280255827741 -7.45177887638 1.70836621499 -1.86091088232 0.436092447917 1.96585876152 -0.619509974773 -0.434120930816 -2.69924984105 2.06726932732 0.204287004676 0.147245245117 0.29716878618 7
65 10360.2401339 2.51374835102 -3.70460260329 0.412671162576 -1.18267870805 -1.96184952986 -2.79470459762 2.63123977756 0.904611098455 -0.68629889006 -1.3840304524 2.95901942656 -1.8960805931 -1.5022481213 0.162148132457 26
66 10370.4867013 0.543762971913 0.640808472939 -4.37856505665 1.04383524091 0.992505070341 -0.791845374469 1.89872539273 -1.81186426341 -0.0227442743321 -1.42824455047 0.66739058502 0.567153272603 1.00304999669 -2.99320187654 2
67 10433.2519387 8.47401543072 4.70471825291 -2.30438041811 0.845888023964 -2.30249473253 -0.823767418031 -2.10963441167 2.21562833001 -3.04925159214 -2.78544504984 -2.33568963121 -0.985686762334 -1.77373813977 1.8184844953 12
68 10508.9183946 10.4521527627 4.97462849432 -7.27984791518 2.1152403588 0.0162059503169 0.995746160339 -0.836678413417 1.57627529229 1.01685210944 -1.23342403158 0.62691030916 0.23289902005 1.63735696386 -2.02340546524 15
69 10515.4445539 6.87469470612 -5.40514179377 -0.802390246483 1.97035868196 -0.457831365 2.22246564054 1.58743563112 -0.373963456035 0.902801425557 2.42897208014 1.42457285432 3.04583135956 -1.8958014935 -2.67746458854 23
70 10704.9247041 2.22634636692 -0.136380658435 0.0655797289603 2.3465445745 -2.52321355745 -3.0179295479 -1.68644064899 2.16408078952 1.11357276297 -0.629588567689 0.93678965005 2.46734824637 -1.61094326617 1.46099507253 8
71 10790.5975597 1.11340823307 -1.40491256356 -8.38397069113 -0.476310373675 -2.14583937088 -2.16813089975 -1.23029533082 2.40745154605 -0.967461885376 2.35522675457 2.91477567095 -1.739041724 -1.62070651109 2.33859894845 7
72 10803.1542482 8.61552586507 0.516798554017 -0.450738859743 -2.24793859327 -1.9773411516 0.589503416682 2.73038392035 -2.91232147909 -2.25304825292 -0.924247145368 0.371796273543 2.20818238457 -0.659973458445 -1.33488080111 9
73 10860.5074103 6.72204589865 1.71212924555 -3.42122349631 1.96973980863 0.450140368637 2.57694580878 -2.60884947842 -0.998736638991 -0.134864788019 -0.525032099 -1.61295604922 1.42907124051 -0.700875790525 -0.283937524031 1
74 10922.1087484 7.49417555319 -1.71907946586 -5.19979372142 -2.7429781333 -1.0692163267 0.609535297789 -1.65272017827 -0.129874481709 2.30121755834 -1.12894710132 -1.44746459204 0.994378342246 -0.353767567199 -1.33124152535 3
75 10958.9303874 3.35242174328 -4.75139975524 -2.46796783973 -1.28850307965 -3.10781870583 -2.17539354261 0.965502034245 2.12222889123 -3.0246625097 -1.89532032119 -1.85959107386 -0.405526620081 2.31659874563 2.23201327344 19
76 11016.0859122 6.26469388351 3.54444520917 -3.41117733102 -1.17412064582 2.39784244864 -2.22684506812 2.66661942971 0.713996432375 -1.89970948391 -0.249121033067 1.93852009534 1.21418816426 -0.776609478128 1.98726178868 10
77 11066.3552319 7.93063342283 -4.51220978852 -5.85901549671 2.49848361909 2.16273750222 1.32867243382 0.0305587756385 -0.316323615211 -3.11487029652 -1.80485795267 1.69210773358 3.01481917265 0.119469624074 2.93283550547 24
78 11260.315947 5.84099458343 -0.300542471473 -1.30036344758 1.50749552834 2.6489026269 -2.49638325706 0.63248368712 2.40349678652 -0.325148291073 1.84577630636 -2.13491859071 1.14745419714 1.72704840517 0.778528356712 5
79 11261.8973712 2.17952070538 4.64038596104 1.27075907656 -2.40032699619 -0.68405054337 0.222150777327 3.13820042522 -1.57546456597 0.110762360226 0.763204514771 -1.96734342141 1.74136274284 2.02987066967 0.201714094001 17
80 11418.7797321 9.16570756034 -3.50976379343 -6.6409397218 1.79411862909 3.02752651314 0.472874652517 2.84256663217 1.01284251159 -2.4554330406 1.7583732808 0.706136421306 1.47789465944 2.54399716899 2.41678129262 24
81 11422.1865544 1.47835766534 -5.11601330253 -3.13614654868 1.73219932695 2.83695377234 2.44125377054 -0.0511581801206 2.86939969648 -0.380048000364 -2.16694893572 -2.33963324195 -2.4812677396 0.389083822317 -2.35064612097 20
82 11535.7605806 1.42674350585 4.89403250257 -3.11546773391 -0.347078820859 -1.04991815306 -1.0908847057 2.05961532856 2.95725630163 -0.319999420847 1.35459892718 1.92468680174 3.00048360574 -1.95919427256 2.1867230384 11
83 11712.518334 4.69267032708 -5.31247297988 -8.86270569392 1.73052240834 3.06841664404 1.00753328806 -1.60400375926 -1.62056221175 1.98623381205 -1.60782113411 1.4639464556 1.45258032228 1.61727618626 0.579136221304 22
84 11753.0239868 8.43321496981 -2.64239909059 -2.01617883005 2.40618433526 2.05389662034 2.57511787798 -2.28076597338 -1.26491066504 1.02691281147 -2.68581820958 -1.05726929557 1.69693066533 -1.5011416068 -0.197992472168 21
85 11843.2719016 7.30980305439 5.43009944298 -2.18243416368 0.634140734708 -1.94533007821 1.01128007036 1.11147791815 -0.255622070473 1.63202239678 -2.44108824743 2.01338886074 2.33736456368 0.955506234999 1.13306483901 12
86 11891.8918682 9.76843342258 -1.21940516746 -6.28935458058 2.17955899617 2.3106964132 2.57344370342 2.95473944386 1.82837481185 -3.04405376531 -0.838970052865 1.93072708076 -0.745847271754 -2.51974164612 0.291473157349 6
87 12027.8168822 0.643197327079 0.704555676051 -5.39219834661 2.87526791696 -2.7308937774 0.66308185325 -2.77054425342 0.633298308517 -2.89677698351 -2.41640664164 -2.68006399569 -2.32733229858 -2.22985954291 2.12967906334 2
88 12029.6077737 5.66258502518 0.901548091639 -5.61213142097 2.33630273187 -1.74530619611 0.360639118673 0.488108916718 0.410330265132 -3.10806716079 -0.703316560759 1.28308093099 1.1524255745 -1.78203952345 0.999090928001 4
89 12072.428455 5.77060860897 -4.40467192415 -4.54394045191 -1.37504547458 -1.80550046255 2.24341152078 -2.82413331783 -2.74283441294 -0.897365966127 -0.751965896995 -1.40765125202 3.0916076241 -2.13833067901 -0.545820419559 19
90 12104.3169444 0.529300415468 0.102877978261 -5.93415554223 1.27506049523 0.97438273783 1.46747990657 1.96164360448 0.527904804062 -0.0560472819859 -2.44467224755 -0.125905946246 1.51977192734 -1.66976984198 -1.46240001187 7
91 12132.8615898 6.93754334636 1.94597071075 -1.32815690822 -2.05509566986 -2.48575034319 -2.11625912409 -0.252894668374 2.57044325716 0.604515493475 -1.82885524842 0.938367344439 1.20089532452 -0.176688357633 -2.17422121459 14
92 12145.1048255 1.19069580894 0.396902589518 -1.26910896154 -1.39038098551 1.66231976477 2.31629487693 1.39892603271 2.85358120209 -2.08530003869 -1.20543183527 -0.0898295063882 1.01423637747 2.27239147876 1.20928978322 8
93 12169.2814653 1.85686941668 1.86743406752 0.134348627142 0.280721222148 2.87772873644 -0.418000120951 0.598636026841 1.758460907 -2.39860809427 -0.263637718417 -1.59552267639 -2.25172589845 0.798294273375 1.1798536413 8
94 12195.8984989 9.03033704579 1.6719563313 -2.53158968069 -2.93125399414 2.02026447908 -1.49534396978 2.66738123644 -1.69803496047 1.82634821421 0.596114105095 1.10028750891 -2.18782898503 -1.59952973016 -2.35084309418 3
95 12203.8315289 9.16782581199 -2.97166876015 -7.74024387665 -0.524944622845 -2.86136260858 -2.75859369829 -1.12691292721 1.62430789762 1.50659034965 0.29717446275 1.76641189843 2.72451607843 2.14920747184 -0.15074072332 24
96 12208.2649618 0.870071467131 -0.544403109458 -3.99329551797 0.697962402458 -0.886012628231 -2.66397954692 2.81076673719 -2.19916029421 2.91342043658 -1.63925605509 1.27469232365 1.11591847411 0.404448475528 -2.93722308565 2
97 12209.1144962 1.94877383486 -5.21758919071 -1.05292597563 -2.41273634356 -1.95979840728 2.44354556309 0.881866560654 -2.11821970017 -0.285208054517 0.0526879040002 2.37023158022 -1.20916857486 2.68730978914 1.58198602597 26
98 12370.5961536 1.90296845833 -4.12181383918 -6.7397786113 -1.97921530623 -0.65275979293 2.40773706583 -1.16808552464 -0.183781950683 2.2659092468 -2.16678381104 0.0069719354609 1.46574629392 -0.595346516272 -2.75175852799 25
99 12373.1857511 0.335292147829 -4.27144704311 -2.49873686386 -1.75527532006 0.117035798281 2.61878496992 2.24249928077 -2.4867355779 2.8898079397 1.38982962718 2.86632354605 -3.11952556484 2.22733464843 0.894040817467 20
100 12401.4308307 9.18549446484 4.66175000254 -1.01841121515 -2.76601018597 -1.49463484284 -2.26494990689 -0.567519997127 0.48620062417 -0.325304629735 2.60932920565 -2.81633880262 -3.1054650408 0.363161207748 -0.782480729261 18
101 12495.5893597 3.12433787494 3.33432805614 -5.78654468787 2.44349755255 2.55644174888 -2.88903277571 2.94802545094 2.88181468512 2.17814963803 -1.73785294815 -2.68242914069 0.477998159082 0.584313396543 0.202462672018 16
102 12500.0850628 1.39070195166 -2.86837315891 -1.36898392421 2.46608640265 -2.57923167717 -2.62144721078 -2.9942759595 2.6835520975 -1.96307864951 1.19229524643 0.0652370483126 -2.31865193901 1.22684637283 0.663057144497 26
103 12564.2772356 4.74452745211 -2.39773643438 -6.07833474547 -1.83803923241 -0.49838099027 3.12067459791 -2.47275786662 2.63495563055 1.79208582531 -1.22312084331 -2.63412452585 0.0674001878568 -2.93779548627 -0.639498513652 22
104 12746.447918 7.53561063634 -1.93836584637 -4.24811541567 -2.61142631482 0.327047178796 -0.235135678475 1.14414583469 -2.89762150918 -2.11430315892 2.23113237444 1.47491858644 0.642497209832 -2.53903729641 -2.68141290011 21
105 12809.4583515 8.59720171452 -0.00953828249004 -1.0303671693 -2.80804656999 0.595532401795 -0.631927193716 0.0577369159658 1.73794572378 2.60477915392 -0.142985132161 0.0211560112532 3.06128545003 0.457085602634 -1.92603350603 9
106 12866.5645246 10.3952780246 -1.77365636574 -0.218504210596 -1.78934419613 0.835391880749 0.106457359503 -1.110546744 1.84702262465 -1.89219557199 -1.88693731617 2.83011869895 -2.49285089942 0.789910409258 -2.74762556353 27
107 12881.3460028 1.90862100752 -1.0331285059 -1.70157951935 -2.86662061149 -0.654412941784 2.47802118125 0.595819371009 0.130521667189 -1.44314657832 -2.26200420312 1.20368158508 2.35467855706 -2.60425754918 2.01160439919 8
108 12904.3205242 3.86268609083 5.1716610029 1.61314176927 2.32234269122 -0.859776351832 -2.56169582381 0.751265937444 0.648282720954 -1.03468183747 1.32837293109 -2.46162226503 -1.75852201998 -1.64193193709 1.88066935525 14
109 12974.944736 7.01481847916 -3.26150007512 -3.04601091478 1.46080123581 -0.530906636974 -3.01093180461 -2.87409238874 -2.42911143873 0.341886052099 -2.34366241987 2.41196784874 2.49896369515 2.3268497141 1.02158041352 21
110 13041.0606354 7.35235081097 2.99641137426 1.05890771821 -1.33242542462 -0.461717720545 -0.661536257091 -2.97784627135 -2.2813483948 1.53892701017 -2.79023946902 -2.48570411126 -1.09967838256 -1.93380052738 -0.458029796252 18
111 13080.5029175 1.82193610547 2.03413107066 -1.95824124323 2.76936692915 2.43951909543 -3.01150446485 -2.10150383966 -1.6210896104 -0.00591817638529 -0.285345569439 0.309712835413 -3.00432806234 1.99091695301 1.24300362038 11
112 13212.2042395 6.14686920503 4.63305410293 -0.509991518848 2.37048169586 -1.43860616678 -2.45675213651 2.44204700362 0.243147186361 -3.00910904965 0.655913581799 -0.818298017181 -2.85527474656 2.93092523523 -1.11086357844 14
113 13639.1603409 6.0859923433 5.1334343818 -1.03379630731 1.01105433256 0.112084620819 -2.48646182181 1.15845009929 1.42331095876 0.581213681345 -1.50708050325 -1.7869837522 0.682105416914 -0.928111842363 -0.834279924775 14
114 13647.3092733 4.89048328124 -1.8617129367 -0.157842989227 -2.12154602479 1.43489925962 2.85898897607 -1.82875315707 -1.42866925732 -3.0287048634 2.29535620631 -2.30964817437 2.40965185187 3.03733793734 0.579554585007 23
115 13744.274581 7.77062417624 4.76811209639 -1.86573424846 2.73408788355 -1.11146110533 1.48084349312 0.119077998954 1.62268475347 -0.496590497151 -2.5300814408 1.40030381081 -2.39669461891 1.15160810121 -0.989245310977 12
116 13759.6049266 4.39010744928 -2.31848760148 -8.03376936813 -2.21143569873 1.38315410421 -1.30839150113 0.0720760427698 -1.30285649286 -0.0321729892294 2.57547915953 -0.884882906468 -1.93499336867 1.08334881923 2.20000382915 22
117 13767.9622802 6.57078172766 5.44035025795 -0.572918098884 -2.77266844602 -1.7683675119 -0.69826006248 0.584945400204 -2.14382150448 1.22803488769 1.46245653072 2.64351153866 3.13768171231 -0.73699814451 -1.0303309453 14
118 13894.5228715 6.55376179007 -0.760839978922 -1.60139799664 2.34415983421 -2.83961325959 -2.23807154798 -3.07843483701 -1.64810322556 -2.14362937272 -2.46843257769 2.2952810297 1.23601746018 -0.526451103072 0.220133613854 5
119 13935.427066 2.60409439562 4.08028189306 0.329842174532 1.89123999577 2.80461212236 -1.91921359898 1.40756691582 2.53805300806 2.87276208736 2.31751056238 0.247577931331 -1.7593441561 2.8081458506 -0.010993746647 17
120 13948.9293329 2.83549754311 1.00346879629 1.73110520504 2.73821606614 -2.84972106294 -2.89084318911 1.78921331959 -2.09308591125 3.13812379109 -0.287549545496 2.71139166933 1.69076768456 -2.60136706797 2.13713399321 8
121 14052.907104 -0.0732708220097 -2.76674116355 -0.163819149527 -2.23278423581 2.44238772371 0.12916558625 2.0619832897 1.14908886171 -0.3498436682 3.00335317663 -2.13630921717 2.70804308046 2.87371422537 0.253112475381 26
122 14324.5294389 6.19633499793 -0.443523954358 1.67246137295 2.16324508365 0.148178109878 -2.10658756863 0.482249828656 1.31260366611 1.16645845747 -2.37176217315 -0.135151155262 1.63486082626 0.984683525084 -0.662611954275 5
123 14549.5478823 6.44294855087 1.92695705422 -3.15762448657 2.59220439823 -0.536958333959 1.56968874347 0.321427478923 -1.34280624323 1.60534592026 0.87485583793 -2.8838522563 2.66137011286 -1.15302076595 1.50723729078 10
124 14641.8381172 2.92311510116 -4.08452640508 -5.8855268944 -0.624423049613 -2.58742606112 -1.19220833419 -2.38350385694 -0.0427919354549 -2.27319809669 -1.79035547939 3.05772956876 -2.94222510527 -1.52281121274 2.2675593299 25
125 14720.0136664 7.34538369291 -5.0943010161 -1.31078871649 -2.65883847226 -1.38826470101 -0.597304886472 0.959976978953 0.43915929137 -3.12182182306 1.6334752887 0.0417072970618 -1.77000565559 2.99274075214 2.50152791075 27
126 14908.7030469 -0.194350251383 0.420544990675 -7.89455982802 -2.88017988174 -0.0428801002919 -0.23436363168 -1.01033592151 1.06284671156 -1.91254991769 -3.06770515942 3.06905888988 -2.3911007359 2.42197315693 2.38201407911 7
127 15001.3645141 7.80299161889 -2.14943941174 -2.79231428002 2.91188030714 -2.79966632447 1.22987911743 2.52745995544 2.11673076687 2.36412457497 -0.721467110717 0.702632419812 2.64101267523 2.8615920798 -0.634393955153 21
128 15097.0829148 7.71244839051 -5.16182021676 -1.90083554677 -2.83083200226 1.18400774033 -0.862489581875 -2.3011501565 -0.495570728272 -1.78442105799 -2.38492908594 0.404685658564 1.87839721157 1.75875911937 2.28059095825 21
129 15207.8741431 8.58529412744 -2.6387027049 0.899768658177 -1.62285626749 -0.234165864869 -2.06855647537 -1.86265037378 -0.185891599641 -0.237904575929 0.143877640973 -1.99119735867 0.956682578193 -2.42037088045 2.74333554016 27
130 15357.3402328 2.37869853949 2.41219912318 1.11303326598 -1.75234962351 1.71310458487 -2.12988403539 1.70501765956 -1.51010380858 -2.99611665232 -0.504537879087 -1.10208085909 -1.73211550976 -0.382511011335 0.0715066790873 17
131 15390.9224888 5.21158429538 -2.21530272426 -0.427642221156 1.95861078833 2.76328771846 1.31706518496 -2.65993759873 -1.33091871534 0.854430441714 -1.87816421883 1.97965674743 2.85083224608 1.1338406039 0.531756021731 23
132 15476.9508579 8.53259633767 -3.17443992802 0.282029850334 -2.54887386287 -2.4063504481 1.87197689971 0.524424631199 1.8159189892 2.13459792121 1.71106747189 2.35127169754 0.476975680986 0.85962170071 -2.99316082957 27
133 15610.1541489 5.92532798156 -3.43239026289 -0.3373816896 -3.08329279935 0.577625640324 -2.04940704523 2.71817158037 -2.49024666672 -1.39881398265 0.545247095411 2.41980281963 -0.371897805633 1.10952077033 2.05355403793 23
134 15671.4561602 0.289951262077 4.57642110889 0.0269308199861 1.85811153464 -1.28343219058 -3.03932947132 -1.91156565427 -2.39539788287 -0.647753234113 -0.752052029699 -2.11958066478 0.951712430214 -1.48909679536 1.95162573359 17
135 15751.2295084 2.7424044689 5.45154151528 -1.98095088436 1.64380927663 -1.49231302933 -2.55502650457 -0.998541216768 2.49760501714 -1.34916967925 -0.724865099722 -0.86961917305 0.519723371664 -1.3705628967 1.89020034879 11
136 15911.6695971 10.5141961928 4.1536101681 -1.22461759014 2.01131691682 1.29004176902 0.0338008393638 0.441499672272 -2.29702757324 -1.17189421639 -1.97379759766 -2.08501442981 -0.623381589775 1.05935174808 -1.16514983118 18
137 16481.7056521 9.61077848933 -0.696318996328 0.373833731603 0.846038378332 -1.37227609823 -1.05620332843 -0.193421172042 -2.39076561646 -0.0278809243832 -2.32536385098 -0.109240902118 -0.369566227613 -1.82458353511 0.309406430951 9
138 16511.0896731 6.13297066873 1.741631153 -0.0981905492028 1.93316728258 2.30280435283 1.25634245129 2.0091223597 -0.232298998833 1.76480498825 0.493376827131 2.91510671651 -0.592167438323 -0.666896813188 2.1107349745 5
139 16513.238677 7.01348336205 2.19649466081 0.150036029458 2.72345778534 1.09228180419 -0.171202058738 -2.3695927632 -1.11068106861 2.77485864466 0.0399528267012 -2.67437931651 -1.7733011295 -0.976706034244 -2.46176403163 18
140 16543.7057532 2.27628276482 -3.23437880737 -7.79887165852 -0.917505168156 1.04456642447 0.86658061038 -1.85924763569 -1.65339324092 0.128910520587 -0.569205933363 0.366256502173 1.37885851685 -0.586221721261 0.926391564542 25
141 16626.0112717 10.6274333659 -1.39997631824 -0.979865776984 -2.14291829382 1.93650240995 0.842363852057 -2.47163277464 -0.952214287288 0.567651184849 2.5938917383 -2.0250173808 2.17659451254 -2.49965976495 2.53762443295 9
142 16684.6420762 8.42701623241 -1.542056898 1.47924319753 1.52461152792 1.66000521619 -1.11735030023 0.765471115874 -0.96139324374 -2.89934357799 -1.92549779226 -2.43243950182 0.276868223268 1.25512662339 -0.638668135577 9
143 17000.0092246 -0.0453727370226 1.63396730916 0.480838604086 1.3895358908 -0.823388267952 -0.93510742717 0.515813716451 1.89340909849 0.36010539436 -2.75147812516 0.985449670593 0.308393602118 1.61311993344 0.0073514176798 8
144 17020.8683655 0.807786040992 3.95224182262 -0.0975012241403 -0.111500109204 -1.05199060008 -2.71127484731 -1.38567882885 3.1354509613 2.3672055281 0.961677211148 -0.827014931669 -1.65403263954 1.30610618867 0.241750807251 17
145 17043.9250881 9.40876760324 3.1027950999 -2.09056929302 1.61101473376 1.08390156203 1.74950181621 0.0751354757335 -1.3607618125 -1.89925181668 -2.06320704598 -0.899054686756 -2.04230388453 -0.308194770569 -0.328253377067 12
146 17073.3156557 6.5501198155 2.98967080576 -1.93982701846 1.56917478747 -1.22599840126 -3.10201451308 -2.71206323716 -1.4828994081 -0.511837196476 -2.37441418083 2.6338169561 -1.32964678445 -1.80566228339 -1.35272105739 10
147 18424.3536785 -0.0621402556633 -4.35361245961 -6.41512620372 2.32644611258 -0.740510202227 1.37025078173 3.0721252731 -1.27481680082 -0.0987821292719 -2.25968283783 -1.28822780685 -2.68790575746 2.79966563768 2.51337353719 25
148 18657.6005168 5.14178598484 4.42888737479 1.37947248133 -1.46167976685 0.903339402248 -1.70434101312 -1.65377903358 -0.151139145331 2.59171381892 -1.4757605426 2.13877204501 2.08484553913 2.79548627898 3.09481393342 14
149 18931.3306397 10.5057964297 0.597866495631 -4.21496454261 2.5656246301 2.51317267724 0.0913187356507 0.935286718059 -1.67044730736 -2.46729729385 -1.48006092904 -1.84522848418 2.0439513978 0.416795258016 2.06595007491 3
150 19109.9646483 9.48990659887 4.73801640609 0.714219358064 -0.231298470003 -0.0288570375041 -2.28378522142 0.122858438113 -1.29769528855 -0.852233786818 0.781558371359 0.438118011913 1.34866660287 -1.58295701524 -1.3779035036 18
