 -0.543047892627 5.30744666493 -0.901408082951 0.827674897261 2.67937695934 -2.83827531539 -2.90665383474 -2.61394548121 -1.26940096433 -1.11842928688 -2.9260286064 1.84403357105 1.97237521576 -1.88925001675

1 250.34194306 0.928031298247 -3.97361504006 -1.76271547951 -0.889760600177 -0.4166781257 -2.09527110809 -1.38740219641 -1.31744667335 -2.5979090216 2.16934145415 1.31956522201 -1.30385179695 0.903807841935 -1.02627187626 4
2 1710.80628775 2.53183376 -2.65008665495 -2.38401613972 -0.743955706943 -1.02354719399 1.00852301746 -2.70684758121 0.0207697292392 0.512335006701 0.659181538065 -0.0784567799226 -1.49660442857 -1.43245657054 -1.1281472296 15
3 2001.12106538 4.04456169663 -5.63667579716 0.16944613171 -0.337149357249 2.05870002393 1.43922931529 2.33432093382 0.171995873338 -1.84995923312 -0.917119615876 -2.56002536565 0.495763096453 -2.40287724642 -0.882666051308 3
4 2133.93449975 1.07624193682 -3.110945662 -3.11056420517 0.0686566807813 0.321508779947 2.88359062372 -2.06015860255 1.10832471827 0.490925386615 2.73485836804 -1.41260393466 -2.29959393492 -0.956890574796 0.452099385275 13
5 2862.62354446 1.33405325413 -8.14803504016 2.41000669713 -0.521452850782 2.63649354434 -0.294117531115 2.28669265954 2.71287975271 -1.72641943289 3.06873298569 -0.0998496673302 1.29230786922 -0.628051061917 0.973999357386 19
6 3104.73785025 3.34864028211 -3.99566041683 -1.47468045047 -0.414806226845 -2.47254888398 -2.96921394691 -0.385724266986 -2.02877554729 1.18806285531 1.72419570976 0.860266171429 -1.36432261969 1.14365980305 -2.35130275912 6
7 3187.22018675 0.94166801897 -0.138078307786 -1.32310284397 -0.949067991604 -2.19673182141 -2.91090087397 1.37147971629 -2.08182333293 -1.0112044893 -2.86371211149 -1.91245057659 0.857272248008 0.96839749936 0.728321536231 13
8 3509.2315914 3.42965887609 -1.6297644767 -3.17535038979 -1.1418535006 1.15450538094 2.27358453635 2.54720796107 1.10546307745 -1.87642072192 -0.966557268425 0.313084968078 3.12777430873 1.62927577743 -0.471164597255 15
9 3545.04100956 0.398544044911 -1.38884820344 -3.72615306238 0.0947937668971 -0.376635711086 0.67346624513 2.05342224009 0.633238299758 -2.78573894555 1.26836059027 0.359168723785 -1.51187439949 0.331909500849 -0.0882152861744 13
10 3903.16950624 -2.34631109062 -10.2095715705 2.54712954908 0.0530673805523 -2.75920479287 -1.74205219003 3.12624206567 -0.934076105479 -2.37254489253 1.89228891741 -0.2061941095 -2.96821621217 -2.79367441672 2.38168597596 20
11 4272.58576354 2.1297017339 -2.86775377616 -0.196337017172 0.78813004167 0.740705852402 -0.371624497156 -0.698162961333 0.303398658846 -1.03242584327 1.903182087 1.85566223113 -1.11168446677 2.54508573616 -2.28590999595 10
12 4566.70095753 0.333591496645 -6.86543892158 0.167666013091 0.851367417744 3.05292867344 -1.83065534219 2.96874370951 -1.16735390751 -0.379175560846 -2.31510395139 -1.78050504666 0.898439388939 1.78795216666 -0.282348826252 1
13 5066.74907628 -2.627107846 -5.64829575889 -1.87034269716 -1.33386841615 -0.0389046437789 2.40472182504 -2.31553983596 1.1765484312 -2.64158797651 2.2692530719 0.579542186912 0.147261233866 2.88641142138 2.98735040404 7
14 5410.65102156 0.873713986024 -0.449652029208 -4.13566091626 1.81016619093 1.68843597722 2.67792343688 -2.51283030348 2.09938144522 -2.45085351956 -0.0631369534236 -2.88312840653 0.404919466799 1.16773576604 -1.44872601137 13
15 5576.85442167 0.462659346374 -1.97931159952 -2.79907585459 -3.03727413949 -0.144724736136 2.54386680001 1.48547820626 -3.08089127929 -2.56824089233 -1.24674709349 -0.0312920784518 -0.363370641012 1.57300438976 -2.02388347452 13
16 5641.76481285 2.89174224758 -9.69903157731 6.26986096852 -0.929189779961 1.0844377695 -0.40904223909 -2.26928449924 1.33113912483 -1.52068040764 2.41848922626 2.59183640446 0.410170887266 -2.14543833052 1.3162973702 27
17 5684.14054669 -2.88046507146 -8.13950577545 3.51777849509 -0.39164423388 2.68205614013 2.57319587072 -1.81353666415 1.58831690243 -1.85387990623 0.693732579074 -2.68132192557 2.35162868113 2.69155501159 2.92024633156 26
18 5738.10689374 5.7304894431 -0.0292345012766 -0.13286931003 -0.0296645733448 2.94510055663 2.50554482705 2.60566206428 1.10123809388 0.448453900203 1.49999773204 1.80939235833 2.87884231219 2.52055072409 -1.19055565558 12
19 5843.9585011 -1.16426760012 -2.39544999247 -3.20465883885 1.17245633653 -1.88906733196 -0.807683898013 -2.38962082591 -2.83305272321 1.11294230791 2.88195780467 -2.67673814634 -0.158723871582 -0.255735216708 2.09813767515 13
20 6209.21664429 4.91516469518 -6.07242174271 1.6246764152 -1.21653282643 -2.00244405964 1.76646398651 1.6360018241 -1.20012933539 0.980768669032 -1.76142479184 1.90277342963 -1.47683440747 1.52682987285 -2.94750528825 3
21 6233.9515532 1.38838415845 -10.2158575761 3.93758443177 -1.55035210244 0.851229244183 3.03038890647 1.38571004465 2.84728435847 -0.514519304194 -2.85187720069 -1.19316250649 2.72510571134 -1.83991933259 1.69611657192 23
22 6493.04343058 2.95785075013 -9.36173383925 -4.54070877822 -2.50740025567 -2.17388038013 0.429114608885 -0.0519653261911 0.309352839303 1.27281409915 0.519586751551 0.8380404186 -1.89255107126 -1.90799360558 -0.641712799514 24
23 6656.47385361 3.64030217513 -8.37143750162 -3.10180695936 0.283198348627 -1.14505179829 -2.82477777154 -2.98873574422 2.20480894721 -0.989849969438 0.746955383584 -1.87598107913 0.181285531692 -0.989736718847 -0.743050173573 24
24 6764.09381376 -2.70521766263 -3.52093453741 -1.44160807572 -1.78581263622 0.0207340804088 2.37871982639 2.52108036165 -2.85822220547 0.573290189411 0.106171692779 0.462587211404 -2.60082570064 -0.367011142185 1.88768926303 7
25 6818.28053231 -0.0395999840856 -5.52393915006 -0.823366279575 1.79366860325 2.65953356043 3.09061685286 2.61657863552 -0.609323308939 1.44896591764 -0.156219275384 -2.8256172003 1.46987807104 1.39170872919 -1.91706782454 1
26 6932.63961011 4.22088811985 -9.12882247856 -1.82841105827 -0.0173053023803 0.876809822504 -1.85409304859 2.90021623169 -0.469424569286 -1.15799880833 -2.67950395016 1.48109669535 3.09463400794 0.628511941524 2.43284561987 24
27 6964.89355325 0.0678723956931 -7.90297386037 3.96095463164 0.634080885347 -0.786172488755 -0.431850043987 -1.70636459771 2.42953387906 0.785219840886 -2.96406610007 -0.772231195296 -1.12537755112 1.10594569083 1.2146958021 23
28 6986.81791933 0.217944343621 -5.19451519182 -4.06683302435 0.0661682434413 -2.22073866575 -2.06290270865 -0.362678255258 1.73776830836 -0.183088533014 0.471452077755 2.12927442742 -0.916396935829 -2.12497496462 2.33526986281 4
29 7140.30269332 -1.91842820344 -2.97100093896 -4.54847151076 2.0904904976 -2.86644996365 -2.81144517133 1.19082998446 0.502127400913 1.45368309415 -0.512401717864 0.110270629457 -1.89278953785 2.17014813508 -1.52948173415 16
30 7181.05980385 3.45401531691 -2.34068822232 -4.04445160004 -1.69454240745 1.54548050543 1.70635695215 0.235650667237 0.0309231778099 -0.168768797462 1.21541034432 2.11500764028 -2.70101413909 1.4859877927 -0.103680808581 15
31 7280.90667737 3.59843767608 -3.07890634848 -2.20306248276 0.908079620292 -2.21798376468 -2.88160270352 -2.95652657992 1.21558432536 -1.13179755982 1.87403349653 -1.8763433833 1.8849196794 -0.0018149588364 1.50250447507 15
32 7490.67705712 1.5211671665 -2.43783200874 0.448233149928 -1.7750713043 1.12536431591 1.40719177169 1.71577631433 1.8327864167 -0.498385267341 -1.29992435335 -1.07308459983 3.02088750567 0.824050202858 -1.24153231746 10
33 7765.45455802 3.51915632658 -6.43700966829 -1.6813125814 -2.30373328428 2.26427007735 -1.24548123255 0.921940144302 -1.73939002831 -2.73333129025 2.30312245632 -0.798845757391 -1.25767882158 2.02164595602 1.88228541935 6
34 7855.38296231 -1.59477323919 -7.96801009896 -2.27403957361 -0.184874599692 0.807498589505 -1.36400091758 -0.604300322395 -0.856350615237 2.66330635277 0.751566944177 1.99720312331 -1.11064679882 2.4924903329 -0.301228355909 25
35 8018.85511223 -0.136032054975 -8.62232741378 3.12271556144 -2.05874341713 2.72860546467 -1.87698897973 -0.412050480084 1.47603268855 2.46216854451 -0.846988089656 -3.03616357413 -2.9639737269 -0.762715227701 0.337971594453 23
36 8026.2001374 3.1172653225 -8.13376838284 -0.68709813458 0.375109936546 -2.30638486636 -1.28331528674 0.40062186295 -1.53711245551 0.498463828929 -2.63142986849 0.0578819142857 -1.93939249156 -2.8412591302 -2.45401837119 21
37 8047.0210554 -4.34145110824 -2.56289127845 -2.157312834 0.420554332891 2.662180471 -1.51348856002 1.58978002391 1.69624307574 -2.3680575974 -1.3255994796 -0.933933612318 -2.46313689992 -2.96445927933 2.66200442888 16
38 8079.55758821 4.20424409666 -5.39026010542 -2.47087661633 -3.00511181618 1.5920810986 0.658614641313 1.78638438352 0.42413637374 2.65165957271 2.54385083871 -2.50114652839 -3.01386635552 1.21164559066 0.381183413351 6
39 8113.62492056 2.56745312696 -6.2419269514 -2.45437983404 0.916473412225 1.53604125041 -0.381165020786 2.46163131984 1.76900633173 -3.08181743462 0.507801653885 -0.269393318714 2.51049491941 0.834577624305 -0.323449840976 6
40 8120.99067694 2.67528496458 -4.63382614194 -1.57952620091 -2.03721786141 2.54301211201 -1.9749187307 -1.42216584594 2.45682565736 -0.784206095638 2.2963219879 3.00939539835 -2.98146771255 -0.757626777073 1.62662010972 6
41 8280.97865352 -1.53024233905 -2.39262481968 -0.360627460684 -2.02378223558 3.09822140966 0.56613590117 1.25690090604 0.0468888073255 2.49654526017 -1.98045774761 -1.96488537981 0.00812005450154 0.660317241515 1.1075696574 11
42 8314.0567113 0.134963641044 -9.87051115757 -0.752403321862 -0.00754764894055 1.00877992962 -2.82139512574 1.96393321781 -0.593224879337 2.95375081663 -1.67233513273 -0.103191060929 -2.09441491534 3.069602831 0.331326783964 19
43 8319.05307018 -2.17351259474 -7.2462636358 3.55883725671 0.703691038266 -1.42886672357 -1.8354544085 -1.66269278977 -2.64232486039 -0.735856588752 -0.810810976316 2.83272375244 3.08754025329 -2.64454424403 0.358993491537 26
44 8450.34999433 0.604324387581 -7.86247071831 5.45825655106 -0.898350301998 -0.998409880415 2.44314268539 -1.2422065321 0.212002372479 2.58821967449 1.59390058526 -0.199609824106 -2.79388138619 -2.9966787788 -1.1626386312 23
45 8497.37671722 0.697652979298 -2.28495055362 5.47989047555 -2.79374057868 -1.9859945193 -0.452293434773 1.39573513768 3.04066822661 0.17662031369 2.97558315236 1.83064198235 1.26843093342 -2.14443772157 -3.081827103 14
46 8511.89363256 4.98990268612 -4.7003805199 1.99704798604 -1.68591066816 -1.21198489642 -2.02844387528 0.0466647543642 -1.78035703534 -2.56290411579 -1.85365700633 2.03338625652 -0.0199310296812 -1.82083056082 0.217968174313 3
47 8533.15406555 -1.98971956172 -6.27156013677 -1.5863513698 -0.158045882692 -0.0912739906196 0.498760687127 1.13336689976 1.57698310264 -1.93030433299 0.832361243825 2.88516492327 1.64566080474 3.00463138265 -1.12012906943 7
48 8538.09676799 0.656748884231 -6.99042110378 -1.92603985779 0.966214958929 1.5169188332 0.323696396514 1.29468900917 1.97690880592 -2.02515114347 1.16830380555 0.512499462259 1.32647806696 0.44204241732 -0.22206527176 4
49 8557.67455184 -4.57828412318 -1.187306847 -1.38009697992 0.160104217705 -0.0255959190399 2.61071306393 0.77260073033 0.0743741912864 -3.08155020038 -0.86668938528 1.83132744084 -1.39837432459 -0.274716916407 -2.40007695716 16
50 8565.55451486 -3.36412762776 -7.18473533172 -0.873403437237 -0.0410695229658 -2.83493569514 2.55871862792 -1.88994841583 -0.778285615317 1.76499943708 -0.541059343128 1.52005014431 0.39186766411 2.89990599922 1.90138497798 20
51 8634.50073273 -2.24706988734 -6.19577860831 1.74748461216 0.801103156213 -0.873698570807 0.596751506007 1.37290044386 1.31299430891 -2.97331731693 2.47704904735 -1.82004854886 2.80353813233 0.342402015275 2.67694462733 2
52 8675.83643098 2.16759485396 -6.92200880032 -4.08005731499 -2.56389430321 -0.226317439675 0.988409805342 2.24824961576 -2.20685491593 -1.85582252908 0.0496330989219 3.02759884744 -0.700141396709 -0.724378001116 2.80948599707 4
53 8693.29756055 -4.33828139568 -2.26691194611 -4.58626963362 -2.29530370402 2.12528900678 -2.53404682728 -2.47811076357 -2.86732665802 2.23078949351 2.61739453463 1.82286839199 -2.16048070704 -1.15615960259 1.8878103445 16
54 8701.3985917 1.25381198642 -9.50454013218 -4.48414240668 -2.25774775827 1.87628078034 -0.962991649933 -1.17764904288 2.70792974458 2.2943368845 -0.0832913944298 3.09273241059 -0.259225280115 -0.723789182583 0.12383287371 22
55 8743.78331165 0.635506930704 -4.45559580901 1.95482021436 1.5731918001 -1.3084731959 2.41184008698 -0.0768212061708 2.27488406872 -0.979165136268 2.34241211705 3.04652988501 3.01130555518 2.88423095013 -2.11497314184 1
56 8890.25368293 -4.86926032875 -6.54131399313 -1.47758240342 0.782309313404 2.94268383525 -2.34318683664 1.75436974387 -2.6282109585 0.557309358922 -2.45463364168 1.30762876507 2.75859075246 0.468271026176 1.67797839856 7
57 9062.71373826 0.924956016758 -6.77528144542 2.49659971825 2.1744429163 0.799059650585 1.66167911792 -1.2193597641 2.34651217819 2.57192819649 0.874934623309 -3.09467083287 2.64936879787 0.306134421169 -0.741203481949 1
58 9229.77879896 3.12067453836 -8.75597297835 -0.588668828133 2.39399986109 -0.176582556282 -3.13589836463 -1.12422433596 -2.6514220337 0.811254209666 1.92338316389 -3.02369471311 0.971616503129 -2.72106835813 0.248272106038 21
59 9251.43374576 -2.90039158719 -3.81138773118 2.9315480132 2.96240916449 1.10037827325 1.09529390966 -0.579807229079 1.7242265177 -0.431803256593 -1.46971082145 -2.00454247521 1.4036573451 -2.59520128729 -2.28271959687 8
60 9325.15153615 0.220297360407 -0.674822585818 5.64283985317 -2.73764377997 2.80670093932 0.348991330523 0.200560824398 -1.32499902043 0.356867239724 2.69772132248 0.0465482024037 1.8118797427 1.94720291824 2.88827976594 14
61 9448.35975817 1.96573719297 -10.0571230197 -2.16945440998 2.13474043978 -3.13416398809 -2.81926053865 -0.476102997845 2.17355217211 -1.01408080976 -2.01160045731 0.0395617714307 2.8636153463 -0.483142767219 -1.92490565713 22
62 9506.82082362 5.82515595869 -1.34556154008 -1.69597968377 -2.37898978005 0.811913597336 2.62503637279 0.795127492038 0.924733042733 -0.426357954286 1.11214821895 -2.01291620215 1.57582722791 -0.970179566104 1.88439695389 15
63 9833.87211027 -0.0818082063814 -9.90867880216 -1.05871803553 0.277846379019 2.49597932882 -0.869327371041 2.99701752531 2.15949463644 1.41938449878 -0.0522846081643 -2.1708116347 2.66686383788 -1.4795786367 2.77296719843 22
64 9897.43020628 3.08846960585 -1.94390893743 2.41241764225 0.163754320521 1.18123557131 1.14253126288 -0.463446149553 2.38009344531 1.25130814885 -0.966847924723 0.545343039121 2.4426213758 -0.983380659266 -1.83862168573 12
65 9963.0568112 -3.6320217473 -8.65655875815 4.20115327476 -1.77594946433 -2.70463958171 -1.37783658787 2.88054828469 -0.261881174512 -1.62306308928 2.50923835737 2.52103372417 -2.3204913344 1.69895629101 3.09131976984 26
66 9986.03778259 0.386229873642 -1.7315628679 2.59945414788 2.24242967226 1.84227146159 -0.0783668024608 -1.96754832205 1.78995003171 -1.10036671619 -2.82530004329 1.313260221 -0.689089501952 -0.43524292874 -0.424796078788 10
67 9995.69263668 0.31772335697 -2.89248958764 0.860845909335 -2.64261151718 1.22531095316 -2.85602963283 -2.35278730679 2.47992890867 -0.709292049821 1.13608123013 2.92471022451 -2.72931613181 -1.57676679788 -0.474747802948 10
68 10022.805744 2.48372566452 -2.96810966404 4.18881078507 -2.42086158353 0.888691024444 2.72885705768 2.33503218639 -2.56408270832 -2.58918614061 -2.22798231475 2.08200603613 -0.526219781131 0.611307778348 -1.74544910942 18
69 10038.844324 4.44604254 -7.19979354858 -3.10567466658 0.952886045137 2.80999507223 1.19601986694 2.07113273317 2.70192903395 -2.12175605545 -0.217034432709 -2.37500499709 1.89374085374 -0.941351765247 0.0149786890513 24
70 10149.1107286 -2.01055317658 -0.0340537465813 -1.50222928697 1.97720135472 -1.78453848313 1.1671361225 2.56113312615 -1.98572698191 -0.664630814925 -2.13849950387 -0.314062497167 2.84786174639 -0.513008045547 0.666452848092 16
71 10233.2453144 -0.195582229164 -5.07116166802 -3.29851378234 -2.87213810571 -2.09231289114 1.48938794132 1.40837991435 -2.70161110394 2.47192679793 2.81825359317 -1.55683641504 -1.69295969696 -0.938948039849 0.528689109606 4
72 10241.1458027 -0.389423049329 -2.60047683765 3.39278202887 2.97263339416 -2.75268801894 1.26261360881 0.100544156537 -1.68288694337 2.37266713115 -0.303695742057 1.71143846479 -2.41593927812 0.330808995292 -1.87363012327 14
73 10289.4187303 3.01613218735 -6.53398399749 -2.142073231 2.16559777272 2.86097356558 0.289863955863 -1.28684070601 1.29845575798 1.37488227164 2.33894248758 -1.902124198 1.37480375281 -1.89517770669 1.03970667028 6
74 10413.7989506 5.36045931037 -8.55648140513 -3.45893861377 0.493587100347 -1.26774998315 -0.325688779735 -0.314476983082 -1.62013571076 0.738384453103 1.95616153806 0.780243000781 2.32040804262 3.02601581811 -0.139536847256 24
75 10429.7543576 1.17152919273 -6.08908061492 3.64064089997 -1.80090482505 0.85892917901 0.31019808021 -2.9605911304 1.50870032437 2.9684981263 0.413580776836 0.125356921351 0.0461479455208 -0.0131609838481 1.82977610176 5
76 10485.3242293 2.28270903626 -5.63880649379 3.20570568079 -2.43475378964 -0.367254234108 0.35794323554 1.37717054885 -0.386593029188 0.00299961258985 2.22399305736 -1.24271502294 0.403566176488 2.56666039106 0.393118683296 5
77 10544.7409542 3.80791259545 -4.0061629558 2.85841007673 0.140906960942 -2.17618968421 2.09609763875 -2.29609119874 0.666531555444 -1.58259080777 -0.785891947397 0.722294195686 -1.315284622 1.42618200276 -1.85337183701 9
78 10550.6901639 -0.950786375125 -4.93673095773 -0.452456159246 -2.35888715337 1.66355732153 -2.65525066601 -0.0255332206762 -0.225132085864 -0.192170116946 -3.10073424983 -0.837813246158 1.66548426876 -2.2662909643 2.58880730254 1
79 10564.0847605 0.190614672922 0.19111615846 1.82677834399 -2.12596001822 0.465904776039 0.931631807818 -0.336245669824 2.18203676834 1.60647197249 -1.83448170926 0.167192310575 0.705817178611 -2.0270383003 -1.45483784818 10
80 10661.2954107 -1.19501784939 -4.02174904923 -2.95561292125 -2.09936007705 -0.389726893102 1.71381092284 -0.830870903516 -1.70358520136 0.590167066868 1.03901402023 0.826929635479 -0.561274483664 -0.670226011029 -1.71811052078 4
81 10681.6622936 -1.52326429889 -7.4786161837 -4.48813336688 -2.09729932958 2.94783403313 1.85515596333 2.18794939276 2.76692696743 1.29401600098 -1.13867339749 0.699658994107 -2.00225488939 0.974307545692 -0.17416217068 25
82 10738.2812183 5.71925075203 -2.28075034967 2.36600674726 -2.07688418474 1.00435533128 2.8055324332 -2.65329387769 -1.53457002528 -0.494971303769 -2.90764440879 -0.387747974818 0.243921322509 1.82293627866 -1.41236247912 12
83 10930.0389662 0.176402600912 -6.95147306713 4.42711852381 -0.268695776903 2.8925975894 0.707114194272 -0.353910711422 1.92054839918 -2.0635643093 1.30639979005 -0.928345375094 -0.821421614046 -0.478058564303 -0.578406416199 5
84 11027.9608843 -2.08897618214 -3.16328714017 2.56752108145 -1.48012881962 -2.9351687849 -0.121540155497 -0.159010886234 -2.55766300761 2.50514718081 2.91436565358 -0.79955898546 -1.04461180445 2.66615989737 2.35146735977 11
85 11189.1978472 -3.77507338998 -5.61222830879 0.910401679992 -2.06544585219 0.291694965432 1.96365051711 -2.25000818994 -1.40562886735 0.71700630916 -1.44557145288 -1.34017373477 1.64557673029 2.15566453011 1.28384320974 2
86 11263.2077801 -2.5947639747 -4.85537191488 3.25364623748 -1.61474451801 2.10211001059 0.973658004453 -2.47041636401 -1.1018701342 1.92578877117 1.94187622675 1.55287447143 -2.13802011156 -1.27628919122 1.87657435977 8
87 11400.0095258 5.59098791861 -6.66021893878 -0.332190451812 -1.31303357673 -0.297748159158 -2.66834534083 -0.500194392706 1.39347364404 0.742000313948 -0.614136627535 -2.57703634276 1.35073162052 -0.139092348411 -0.209618197991 3
88 11430.5110175 -1.67582066759 -3.91501881352 4.3531316312 0.505929135521 0.785840844667 2.34282907883 -1.64150379899 -1.36108964174 -2.3182185334 -0.196400790431 2.52876073308 -1.96233569393 -1.26266439586 0.493309681769 8
89 11466.4596827 4.25736112016 -1.80907473438 1.77390040417 0.0332134389875 -2.1387471636 1.36200983237 -1.32603764455 1.60532312917 -2.36721087582 1.90188191756 -0.2520209613 -0.9107961873 -2.47558289142 -0.882456442503 12
90 11484.5795035 5.7724802067 -2.57436391213 -2.06846762467 1.54077498616 -1.69820045569 -1.32334995959 1.43262293463 -0.485301934416 1.51156380874 -3.10624466385 2.43007536821 -0.36500728441 -1.03156873369 -2.17223861301 15
91 11489.6041165 -0.978838697582 -9.31077567494 -3.59793406133 1.71468056297 0.401832963554 -2.54147143095 -3.07563785455 -0.713759909033 2.70877403188 -0.327814854565 -2.07482939198 -2.82298495082 0.233592920796 2.56277647164 22
92 11517.5361317 0.491927866811 -0.276162057646 2.60492529746 -1.3187629672 2.75524617989 0.823451644064 -1.46148609991 -2.27462756505 1.52960105033 -1.72887167587 2.52107440209 -0.334926819187 -2.93848181494 1.52177273863 10
93 11547.4941802 2.63921772156 -3.16558660047 4.09471478815 -2.81713137526 -2.34213767957 -2.35067071251 2.16467227304 -2.47801410785 2.04920311643 2.48965036874 0.238280258645 0.124665190014 1.65753858155 3.125930612 18
94 11593.9990845 -1.3156426267 -2.39621578883 5.35997132658 -2.71127162006 -0.671621470166 -1.82842359562 -0.726264921276 -0.0528528803131 -1.29536498388 -2.58365854689 -3.11124227997 0.10193327872 1.60194244031 1.70981373243 17
95 11637.1794544 -3.66613573531 -3.6389763554 -2.98243263711 0.91873351161 -0.743323234858 -3.10649226404 2.14075167792 0.0662364266091 -1.66517001388 1.31366686881 -0.360351001922 1.15261918845 -2.16932136607 0.643714687081 7
96 11641.7853539 -0.937442443585 -8.15669774288 -2.24767855198 1.76579906523 -0.513073772686 -0.156035397064 3.03796961922 -1.97847528271 -1.05973031793 -1.14122277646 2.58914640723 -2.06973367919 -1.57706886465 -2.22812898357 22
97 11685.2452797 -4.05762292569 -2.26312416295 0.349443532808 1.04157986561 0.851907101593 1.77487472752 -1.00448821045 0.304890513599 -0.461433601655 -1.50189311455 -2.39117569124 -2.30141501136 -0.231828986293 2.13477025891 11
98 11860.9999289 -1.93111248121 -7.25017328391 2.36681736788 1.87494723042 1.07459741901 2.82020403753 1.14526976812 2.90278894214 -1.63909206038 2.43541955619 -2.33000232392 -2.36653062442 -2.33472827317 -1.75822611495 20
99 11903.5074255 1.17153444432 -7.4825339493 2.86397539617 -2.45401482063 -0.683828035994 1.79619542344 -1.29208197826 0.532632275316 0.119470760961 -1.33411407773 -1.75064488745 2.92338127267 0.646895424737 -3.02289214705 23
100 11905.3585383 -2.82768774255 -1.92483030934 3.61171638458 -1.66814926004 -1.54307621771 -1.3172356565 1.16343923612 -0.65167900605 -0.851008333985 -0.135577324099 0.898445556106 -3.07529166067 1.8460026672 1.19009067444 17
101 12041.95993 -0.0865775338766 -9.6897916452 -0.0575998590895 2.05759010963 -0.233889565215 0.787284356417 1.85342397728 -0.481791006798 -1.07043627382 -2.25453514408 -0.14291853551 1.18319056906 -1.37452352282 -0.715789230452 19
102 12275.7304653 -4.88531730761 -8.20382169661 2.66990284015 0.888471838398 2.91888411795 2.19073528211 -1.43807623124 -2.44384576345 -0.26683650332 0.747509511111 1.32903040292 2.96554671362 -1.5252596013 2.82169470339 20
103 12482.52958 0.217260682422 -6.95234394595 3.84024911361 1.99434171547 3.11604549427 0.42089955183 1.9063284491 -1.7522430484 2.81360593207 -1.52529844745 2.63050776247 0.349574275723 -0.983108449127 -2.41695207803 5
104 12573.8512996 -3.42289772549 -0.464756514133 2.20380611501 -1.81245615922 2.79806902337 -0.665949413257 -2.0508831701 0.740714729124 -1.12854184704 -2.71653772276 -0.0475913590005 -2.81209582115 -1.6001679458 -0.747569262062 11
105 12633.5478663 -3.35353111651 -7.57547826636 4.51707506731 -1.19714060291 -1.76769398954 -1.13866385959 -2.58405133101 2.97490758327 -3.02532933878 -2.67061869655 -1.53847904198 -2.88348945772 -3.03398507799 -1.40635948534 26
106 12640.7668975 -1.07839879677 -7.02567607564 2.70785859394 2.35616157757 -2.90505060729 -3.05848160013 -0.819495364705 0.654372230024 -0.279179119747 2.02576028289 -2.80742362492 3.0489163701 0.948631931315 0.261492561296 1
107 12649.1102138 -3.83914692874 -2.30124966152 1.78527398986 -2.91305571112 2.92324275969 -3.13255021392 2.10484155219 0.951780782354 -0.423078789992 2.56540913393 0.0890521867105 -0.62344329193 0.927426506856 -0.733803877552 11
108 12660.097331 -4.18132371318 -6.35103656523 1.54720007886 0.14203524903 3.05829687741 -1.33572119888 -1.05954596575 -1.29381745568 -0.807046252139 1.86778889541 -0.758003374829 2.14786989399 1.81708503924 0.476818270619 2
109 12665.0835771 4.25807449872 -8.73829599853 5.86836421792 2.97719584277 0.296669269234 -1.73984088853 -1.6164603726 -2.01835131204 -2.51545245843 1.11958608129 2.42031537516 -2.44095603142 -2.28888257502 -2.90134436234 27
110 12681.2617113 -1.46839667183 -2.17510655852 3.61038421548 -3.00596530113 -2.616398618 -3.00416157858 -2.12786362015 0.951116502578 -1.27549833869 -2.79147079224 0.896433454617 0.860711525039 2.71167997451 1.90036725943 17
111 12691.8273392 -2.83663771555 -7.98268794768 0.6257656972 3.0850326472 0.998052143533 0.320385736729 -2.25018796481 -2.23253310523 -0.226242385207 -1.90260505597 -0.989664976221 -1.87489303288 -2.91373389003 1.08898177304 20
112 12757.3833984 3.29923462134 -2.02096880627 0.598277189351 1.73940813743 0.0123891401396 -0.436829652784 2.80899160685 1.75663380854 2.15249106896 1.42539612089 -2.7436720675 1.42256049534 -0.334014479232 0.299877372064 12
113 12776.8495295 -4.69500823151 -6.32393061371 -0.229686318078 1.74438921021 -1.15118412539 2.46968953616 2.34660861176 -2.42023555981 1.17068638301 -2.13658320832 2.83602963648 -2.94653914067 -1.01078736276 3.08538446185 2
114 12792.1713215 -2.02877478343 -4.90925983986 0.925444326575 -2.82636436058 1.75403262803 1.80095965941 -2.13816640302 2.21785870743 -1.36524511787 -1.82007473912 2.51614706818 -0.154075704661 0.0809233259142 -0.106985952949 2
115 12830.8216745 -2.56151631064 -8.47663514848 -4.12686978914 -0.78803871074 -0.368472855003 2.89095116638 0.4453467662 2.77312083585 0.15726179296 1.64309510064 1.55090378612 -0.162157327418 -0.116007248309 2.07094275132 25
116 12886.6555989 4.52264589491 -8.85374887994 5.98999152405 1.53100983446 3.08738052467 1.95359143142 -0.619143907061 1.91032233057 1.66904895647 0.424059110123 -2.10934224432 -1.77478465244 -2.51873808214 -1.86085920232 27
117 12980.5926352 1.73792447606 -3.20266747985 4.43570206221 -0.450978317842 0.604969845747 -0.982352612157 0.564741428858 0.1863370415 -2.28284453409 2.82273778488 2.57169398838 -2.43941368343 1.14498401001 1.34644238979 14
118 13153.273964 -4.47210686556 -1.72877273471 1.25496639237 -0.476205416435 0.711491318255 -1.66754904724 0.0758194970388 1.93920301695 0.755966617157 0.0682855663978 -0.275654733352 1.37844139377 -3.00110822572 -1.32672097489 11
119 13193.7633709 -3.80970553305 -6.62243517083 4.35930893915 -2.17611126965 -2.90970899351 -2.92393221107 1.79825107632 1.01442993079 1.83720125283 0.740087123865 1.38704382234 -1.49349588888 1.39016190007 0.0212749143547 8
120 13270.9355075 0.673328431636 -10.7024133415 1.6956535686 2.40722104759 0.432454575896 -0.637213751336 -0.666330538679 2.53616549102 -2.44568810466 -3.07796440291 -0.131200331988 0.600203273932 2.88680716747 0.699263868062 19
121 13702.7381679 1.76126267541 -10.2243056692 -0.897515277711 -1.28512925614 1.91006282781 -2.95304121941 -2.10513780261 -2.51202501463 1.294916014 -0.229918587502 1.99564428108 2.88101446924 0.116305657214 -0.0238634653505 19
122 13715.0694286 3.8964372603 -5.50199366441 2.12264358759 -2.54757397227 2.75110174755 2.34741971622 -0.283946640001 1.01573886144 1.3284124143 1.73436354591 1.33945845776 0.850679804742 -2.03792446473 -0.534860356924 3
123 13774.9660141 -0.478178372108 -3.75413506595 5.24141277892 -1.0343947121 -2.24405432965 0.0809438559886 -1.50007645985 -1.6454914171 -2.88145740571 0.312339456525 -2.68263609556 -0.719419204574 -0.643026856963 2.20246657947 5
124 13777.8447869 5.61189242168 -5.49871534325 3.14241608543 0.82594297553 -1.61374889976 -1.53050031746 -1.40983815961 -0.0760277593591 2.37349771702 2.80983915579 0.902619933853 -2.52673375069 -1.37057887351 1.30416296448 9
125 13894.8014274 -3.31528484036 -7.40801530234 6.26572518041 1.59945617256 0.0858938169186 2.19341678592 -3.07542530992 -2.7872707531 0.254196701604 2.40057824034 -0.730474621854 0.161445087612 -2.59699111243 1.35210101161 26
126 13949.5430143 3.75552755043 -9.97574003427 0.063124384101 -2.04659939139 -1.63992439758 -2.22083501377 -1.51231470362 0.19003540081 0.977177013469 0.987705434121 1.75181297603 0.785110133497 1.80262467568 1.08703138231 21
127 14032.7672041 2.70841614163 -8.37952085396 6.33185640134 -0.0508005286421 -3.05538556415 -1.95103422874 0.0430724574315 1.49043450108 2.28567713872 -2.96779209556 1.68449573667 -0.523316020822 -0.799124465923 2.6227403728 27
128 14179.2312464 5.96668217986 -6.40904155213 1.20846319824 2.55485195118 1.33103917935 -0.00874355388612 2.39860095822 2.38117984197 0.301740056374 -0.541551560117 -0.867047985263 0.153137413058 -1.62125299107 -0.197513468913 3
129 14344.5196791 0.705564006821 -5.93679789958 5.4327760377 1.00652211276 3.00466574473 -0.0332054855078 2.64677170547 0.890026580857 -0.725971013437 -1.7776095444 0.167924911311 -0.6151330944 -0.715804555365 -2.82486002178 5
130 14395.4531872 1.84832788284 -3.39239373002 4.85653910895 1.89776445697 -2.69036479904 1.84783720297 0.297669715072 -2.87114993581 -1.38487290316 0.133333616346 -1.45964775251 -2.00538754342 1.81187457071 -3.10246012566 14
131 14492.4346818 4.73181303662 -8.0740045507 5.55672030398 2.114484532 1.88210707831 -0.924221463922 2.47859443751 1.17232714788 -1.8637357723 -2.22811909546 -1.90837290994 0.859454348769 0.524062220111 -2.14840311935 27
132 14614.1551315 4.07683735998 -9.18345597659 2.10326119333 -2.88832604178 0.867710246658 -1.54342662979 2.55682359773 -3.12952004802 -1.51200494417 2.45495397083 1.25450416142 1.71508645289 1.44768142761 -0.773955155383 21
133 14743.8444098 5.68426562129 -2.65624948786 2.09155954799 1.57857462169 -0.439074358989 -2.12404476966 -1.65931910753 -0.735693343008 1.43208248422 -1.43477338376 1.7256259117 0.170465670394 -2.26050945713 -1.92878967991 12
134 14749.015475 -3.83352392673 -7.02035201368 -1.69158621334 -2.78017405242 2.27877036513 1.5842272441 1.55709022842 1.93857809638 -2.64972233703 0.301151405013 2.69558980585 0.139433562874 0.573583914684 -0.510406670218 7
135 14778.080549 2.99018383966 -2.80725551497 3.61496125196 -0.744093913473 -0.0102790250266 -1.57527436826 -2.39562239303 0.0469148984055 0.152646819809 0.772487922873 1.18192324374 1.50418025185 1.37058229821 -2.53909488573 18
136 14974.2701132 3.05600684077 -5.51076450386 4.93952416956 0.657110631781 -0.758892496169 2.47951433976 -0.148433565835 -0.600736476894 -0.948075974533 2.34750146731 -1.89011557788 -2.47932295373 3.00086568345 2.57611468665 9
137 15138.3099345 -3.31796408839 -5.56408869033 4.76954065592 1.1736854788 2.7603486967 2.46968723913 0.977341236229 1.73180658332 -1.43912782588 -2.04610832026 1.72602429943 0.356838487261 1.58668319087 -2.73540668304 8
138 15347.760945 0.848313947751 -3.21360378143 6.32345803485 0.489961030734 -1.90614619729 -1.78681252839 1.51483520928 0.894458950667 0.465243015092 1.52533993115 2.72504687145 -3.07224431201 0.695726263482 3.01226226551 14
139 15630.8325521 -2.91455336715 -0.674414867108 6.09629020076 1.28308762157 2.7517347496 2.65382546412 1.6166401758 3.02452636079 -1.13997752475 0.570497082904 1.35875413724 -0.612264121808 0.640078097565 0.812905440175 17
140 15690.7562421 4.98138089668 -5.78229272819 4.32500529169 0.359563569622 -1.27646665295 -2.78882114619 -0.990564658376 -0.853820958761 -2.83773813953 -2.26691674712 0.986539979478 -1.02099875218 -2.32186437839 2.02125848389 9
141 15867.0110119 2.60880998006 -3.61217693959 3.75305435752 1.79068284822 2.81705870329 -2.74701909116 1.09154869599 -2.14209056368 1.6477389725 -1.23981329847 2.75946861573 -0.347792406892 -0.802291042621 1.8434423495 9
142 16010.5260731 -3.22283241113 -1.56310214866 3.90022598731 0.958808064678 -2.89406674897 2.3760065131 1.70178075875 0.543639071547 -2.56302438483 -1.34086233854 1.75197557509 2.86621455349 2.69437474503 -0.026173100058 17
143 17156.4806884 -4.79182899938 -5.90313742999 2.5686443075 -3.03186786965 -2.68011152975 1.21172056893 -1.70666722148 2.74853131039 -0.318453029011 1.79352718215 -1.77473032862 1.56499640532 1.08275016892 0.328434511122 2
144 17271.1394119 5.07051206924 -3.30267355771 5.82253660999 2.72799782973 -2.28782835681 0.449350705265 -2.58748082751 -2.37810927133 -0.445703170006 0.24350872899 2.95174597728 -1.57158253137 1.79849999801 1.37710551608 18
145 17333.3878279 -4.90700317389 -8.89275485949 -1.72766109567 -0.907939521685 -0.302842407178 -0.985378394153 -1.67779986917 -1.8072577195 2.03302592578 -0.658412229244 -2.74730892012 -1.93078004165 -2.7034280722 2.22330945632 25
146 17390.5890653 4.89057586476 -6.06979143399 5.65307608036 0.795184512292 2.38953920128 -0.484714687544 0.167263395951 -2.65054321887 -1.65594595679 1.41733326157 1.44813010577 -0.410039973361 0.604667796096 2.04839322753 9
147 17400.0842145 4.1825112313 -9.84236675353 2.5797447568 2.88092346166 -1.20811033404 -2.95336677745 1.90473038397 0.00517410686107 -2.4311033588 -0.323626123513 -2.69431799004 -1.78060441631 -0.992154755869 2.5611381286 21
148 17551.564204 -3.71424537846 -4.41106804248 6.36330903092 0.498323500015 2.92022033478 0.70031247696 -1.45249751505 -2.24562689924 -1.04094167011 2.99177998393 -0.638653843657 1.15240849047 0.780730650383 -1.13686560128 8
149 17722.6077567 -3.9130892092 -10.0353377222 -2.16246280959 2.76252598115 -3.06457351771 0.281563645185 2.6181141762 2.50505323744 -1.66789160458 1.48898570158 -2.68462279218 -2.24668003467 -1.89171941788 2.00812440113 25
150 21265.042392 5.73679004989 -0.928625601468 4.82357477632 -0.0904515515684 -0.0418173720853 -0.596553711433 2.10181034946 1.59227259751 1.04173022047 2.99361855185 -0.981860696391 -2.06590962984 -0.566712127316 1.39741890187 18
