 -1.39622301508 -3.02116795685 1.08295976757 1.32573139209 -1.80932626231 -0.0624565789998 -1.80733304687 0.443226053319 2.82645733101 -0.95508169323 2.70186743087 0.207508760502 -2.13024313561 -2.07861898235

1 2217.97840085 4.81862203195 0.998872085248 -0.337423254984 -1.17520748663 1.98014922196 0.895678349502 -0.164278893573 0.188004784552 -2.88052939154 0.527882527975 -2.71276718972 0.255693492331 1.662782913 1.08359509714 21
2 3173.19094018 3.89393732764 0.975515139233 -2.30046872799 -0.841030143703 -2.96636529178 -2.9198221084 2.36033592529 -2.60932596988 -0.347692134826 0.229561003905 -2.13405202249 2.67306668399 -1.41434451068 -1.17627674575 21
3 3256.33798419 4.86854527205 2.54637233107 -3.86036286919 -0.179445723144 1.13916885716 -1.17299152687 -0.483053902903 -2.27424224783 2.20758435433 -0.925548897295 2.87942455325 -0.345334621328 1.07763310577 1.76379528403 6
4 3260.22348261 5.59912293466 5.68321399069 -6.02714679258 -1.04496068082 2.87869194093 -0.6601692524 -2.99507405867 0.460739150987 1.65888244398 0.026983465578 1.11619929355 -2.85992085155 -0.0161382096888 -2.58841898565 15
5 3306.92039537 3.5235487855 3.8061166736 -4.84446532613 -1.33415854308 -2.19258776141 -1.91940566442 0.750477102955 1.64775764665 0.0793739807229 -0.0711124868099 -1.40439504462 1.25925860735 -0.027984687221 -1.97108539122 6
6 3604.43847948 5.13866991204 4.97454837159 -4.97387483237 -0.747063416183 -1.49869729795 -2.18109677649 -0.535887358718 0.5159956464 0.557111725594 1.54175209112 2.6873086686 -0.372868243036 1.96163175019 0.437836502289 15
7 3660.04732825 -0.375098569718 3.96383612916 -1.10044303891 -0.774209405842 0.918392004497 -2.08369694418 0.531997920348 -1.54622477808 1.87557528028 2.32816229611 2.98265226245 2.92033345824 1.57220297487 0.0620527466364 1
8 4153.65747657 5.84839920385 7.30250793936 -2.84161766191 0.06257020489 -1.29779359346 2.0980091105 2.3870380011 -1.42477756869 -1.46547298852 -1.68506927455 1.81634014643 -3.13235420597 -0.346876168482 1.81882172965 12
9 4284.40416194 4.53182585784 3.18674718139 -1.40264601002 -1.02318859541 -2.18509668039 0.160164489934 -2.55835346582 1.49285789828 2.75424207214 1.92008782729 1.33719422948 -2.86416659044 0.633122486633 -1.83612987504 3
10 4524.28213232 5.39572288008 -2.13810223293 -0.728122745047 -1.00133914054 2.48107720603 -2.90322386526 -0.466837851685 -1.80403111412 -2.10759845643 0.526292038344 2.47357239689 -1.85320041199 1.44990558829 0.778103285368 21
11 4826.57732439 -0.626470634225 -1.38761241612 0.179751650821 -0.201961627107 2.10920724017 2.50333087513 -1.02443198997 -0.83437207499 1.78023910308 -2.25675536055 0.240510015817 -2.2744906572 0.989724125631 -1.96332620061 20
12 4837.35210447 5.75697806707 5.98084280494 -6.03483478187 -1.08956493657 1.32031100485 -1.87821982666 -0.437023204274 1.58426355687 -0.320723226648 -0.344896981245 -1.67745615599 -2.61525283152 1.15124289041 -0.430228476583 15
13 4917.01904644 1.91898385093 3.29251643033 -0.923603643207 -2.08185609715 -1.82843286702 -1.98820069953 -0.724675666779 0.812220524636 -1.09946824177 1.3629783518 -1.51542024144 1.96702878162 -0.177223179969 -1.90769846257 1
14 4961.269572 3.54486483256 1.72451675544 -5.66596487715 -0.225341507773 -0.426291227562 2.1113075825 -1.12273339088 -1.8803961873 -1.46384821015 -0.785977615981 1.61687659745 1.06426779592 2.26921991955 0.276437522238 6
15 5083.28191795 0.721041521537 1.73817064229 -3.63558508432 -0.864365129989 3.13907614884 -0.217817328986 1.12982059402 -0.000684458053093 -0.393287521688 -3.12104223293 -1.30626938997 2.25841926361 1.39853059169 0.944135913135 4
16 5216.53842019 1.59106636289 -2.4253954056 3.55472115018 -0.129283719426 -1.57508518979 -2.23359826688 -2.27303703361 1.56640089932 1.27477896024 2.28968435973 -1.38691462666 0.0575036482512 1.48713516905 3.06485874391 23
17 5394.99413381 4.89328603341 6.08329767666 -2.77774402022 -0.927296108016 1.72071595055 -2.3982750912 2.65091944271 1.51841310276 -2.28681967845 0.532695240813 -0.627023270525 -2.91184694895 2.24572357845 -1.00515339182 12
18 5656.34745306 2.20093734481 6.50802141874 -4.87503031318 -1.69848460952 1.94290682607 2.36332567599 0.274450869886 -0.949065829004 2.59517858281 0.323893472402 -0.396282960376 3.04872166422 2.53264193981 1.52950713779 13
19 5743.65058939 0.0279538145535 4.38961767404 -2.4589939495 -1.96182513123 -0.0597132069064 2.27626376989 -2.42646023536 2.66998436753 3.00004141471 2.66036546199 -1.54724620371 -0.41488354498 -0.666157918939 -1.14270073562 1
20 5807.48311831 -0.538763681303 -0.441276925722 0.35088621367 -0.390759124485 0.30475334501 1.49430921778 2.84038328202 1.01893240731 -3.09482232761 3.12341027576 -2.04632337274 1.58193070359 0.449025516965 2.87107997156 20
21 5956.11554963 -1.85484288193 3.7637326093 -6.30117610101 -1.1169784236 1.68077511177 -3.07989561877 -0.140283896163 0.40329621722 2.03776299559 -1.10824102261 -1.62932014055 -1.36015987553 2.27450171196 -0.0981047943827 7
22 5985.42898573 -1.43081615286 -0.133096169997 -1.08199944411 -1.33478240613 1.52329293479 0.34734264312 -0.765330323459 1.79484759313 0.441625978029 -1.98390221884 2.73079106132 1.59843242523 -2.86848011645 1.04651822196 20
23 6466.30899432 -0.722724217806 6.5922060809 -5.17897484047 -2.26848612859 2.29286001515 -0.763052953012 1.29565005855 0.335884462677 0.634546422057 2.29932454055 0.633331958911 -2.05536413944 -1.33915456614 -3.00197031292 16
24 6485.63488594 5.77030162261 7.58547487716 -6.29531415778 2.09279740155 2.59755569347 -3.04190731945 -1.40428724836 2.83503863563 0.798089754744 -1.14913658324 -2.8942015675 -0.451084466759 -1.60932077631 -1.26809525389 15
25 6549.54679254 2.42755711025 7.44222409007 -6.37722945195 -2.8639576795 2.98327792623 3.03882120236 -1.37040813581 2.84192316767 0.937762117401 -2.51064849596 -2.55008941672 -2.00508313937 -2.66204487094 0.0454250775949 13
26 6599.23020595 -1.37450020396 7.42977472221 -2.62129369555 -1.28676501555 -0.225699811869 -3.00418452582 2.64538966345 -2.27659744743 -1.84721036749 -2.7911793738 -1.1065444024 -1.96618736309 -1.44658156759 -2.84541937652 11
27 6607.15036224 0.335970970194 6.26627194878 -3.99536171125 3.12393000785 1.56826862274 -2.24731219876 2.80136606485 -1.09422701982 2.01798909699 0.979318412854 -0.645595680794 1.79621788647 2.43110551354 -2.82951913862 13
28 6710.34918289 6.72987121807 6.55595644284 -3.58963718973 -0.801542064355 2.93545923946 -2.9582197037 1.19086286632 0.57632598357 1.15414771096 1.92749750763 -1.67543002213 -1.09011656937 -0.314214723324 2.61785417996 15
29 6736.75401531 0.9607600515 0.286370748718 -2.76669379225 -1.62426379253 -0.502472128303 -1.79728740467 -1.11830653637 -0.37076978988 0.862888191336 2.55442097517 -0.879688801595 -0.718529219356 -2.85208723088 -0.946633270934 19
30 6752.2537684 1.45639941922 -2.11328756906 -1.38690305907 0.115934179764 2.44131063744 -2.01809248413 -2.38344955113 2.44464572461 -1.92172743288 2.14263132312 0.372063907158 1.21132392605 -0.342460842829 2.97802208689 19
31 7067.28675703 -2.1996976987 -1.86690294595 3.4590491041 -2.22561964926 1.35551044047 -0.0791492777309 -1.83394255959 -2.77714640956 -0.626415407951 -1.52459437067 -2.34282583463 -1.88667905268 2.14123188788 0.643916150921 26
32 7077.494914 2.95395961836 4.59933856789 -4.72165504185 -2.87177126341 1.93757685112 -0.3341272467 1.48153254648 -2.93372345566 -3.05328460675 2.37144824676 -3.12888768539 -2.71509918614 0.376018570838 0.92980752054 4
33 7123.36365171 6.09729007115 4.33300564619 -0.458969173318 -1.46880395103 -2.8549719317 1.74652021856 -2.09292364702 0.141983844796 0.665151047045 -2.70001728139 2.59080745164 2.87181750554 1.40015149214 -0.36097476606 3
34 7125.90037217 -1.54602416449 5.51111842649 -5.42805200367 -2.35360817855 -3.04807324864 1.86855962598 -0.781214221359 2.14284539024 -0.823987832701 0.876999689175 2.98408746835 2.43212218658 0.139388080352 1.44052659095 16
35 7143.21985726 3.43392499111 7.56746768524 -2.96884380537 0.662420393652 0.102982938235 -1.88356819847 -2.60076129519 0.326847372614 -0.136967297611 -2.00851996905 1.76501129204 1.9942353329 0.546296221152 0.148297379727 15
36 7292.63582165 -0.376496507566 6.96463765109 -5.86243555534 0.429475591503 2.35409908617 -0.0638429863151 -0.900078184033 2.11077602687 0.773736161625 1.3279866514 -2.52443228268 -2.97923926867 2.11243540228 1.9711949854 13
37 7482.3693795 1.03124836313 6.9305507814 -1.69827840112 -0.933274384728 -1.28206974669 -0.703833211369 1.93015835159 1.5022867935 -2.13203961569 -2.51156375907 -3.12099250944 -0.427577960881 -0.974109355942 0.990382366422 10
38 7666.3481408 -2.27282107689 7.50793549503 -6.34000172534 3.03779130993 0.276526243707 1.64578630629 -2.47860006275 2.97501523423 1.0799810142 -2.99502422523 0.541133960632 -1.35227888232 -0.801982274951 -1.63394955678 16
39 7757.79808193 2.71561407734 2.81755078749 -2.27720211225 0.403572593878 -1.0086935488 3.1088261691 -1.59346958406 2.53080082747 -2.9956370673 -0.733729409789 0.927203070534 -2.62606195627 1.96207136151 -0.392655469744 1
40 7796.25561623 3.15617431527 0.704306756932 3.63247232333 -2.02479111101 0.218608053063 1.81619117453 -0.325872557384 1.40431002524 -0.786343148461 1.06016593424 3.11167976647 2.48317044438 -0.838108262714 1.36504789875 23
41 7970.10747677 4.31287984691 2.11602053801 2.13001174381 -0.512445112861 -2.53604595245 1.20529037652 -0.544720084095 -0.773291171552 2.66097091347 -2.75429841843 -2.90217322113 2.17184798617 0.101228949254 0.61290838225 9
42 7999.97051688 0.605614528332 6.46630511121 -4.8020816243 2.15339459845 -1.54533418185 1.58830980906 2.60111316965 2.16628151559 1.26628221246 -1.31280850256 1.85439095514 2.77199195822 1.00676241188 1.25214803635 13
43 8119.08057603 5.32494185086 2.13323277987 -5.6189550368 1.7074105112 3.11929330737 -1.03161327314 1.10741843492 1.90130119941 0.158540558012 -0.0258191879672 2.61425977088 -2.36676062089 0.40191515423 0.721731768711 6
44 8150.4244393 3.43363245169 -0.198413376855 1.1032097389 -2.12378023934 -2.05814569292 -2.0544084001 1.01056073118 0.241618744269 -2.93266400802 1.54076008003 -2.459322765 -0.745575280145 -3.0682301705 -2.62345312992 27
45 8339.93238684 2.34545250892 4.89566067606 0.587281170315 -0.964575806981 0.837738176411 -2.06024630228 -1.43158458932 -3.10614942384 -1.56443172584 1.65943816617 -0.860621822649 2.1066172952 0.100528265483 1.03171672732 10
46 8379.31222154 0.116707194384 5.50789232615 -4.35006067539 1.15642285561 -2.53091196325 -1.50497420091 -0.2315346959 2.50478907587 -0.450200026543 -2.87379973935 0.623294801657 -3.05108967389 2.35013966595 1.34385872287 13
47 8479.10699554 -0.479215065254 -1.28972939176 2.966057165 0.0872779378012 1.34370480429 0.52321373692 -1.24696344763 2.2870812747 1.75772702591 2.45361503225 -1.20347043703 -0.373836787726 -1.73581745486 -2.5087976324 26
48 8505.36872429 5.33066111353 3.69181323341 -4.9985701106 -2.8441709464 2.97581012674 2.00835324925 0.118261731485 1.34074769701 -2.45203030461 -2.44728509746 1.03216982405 1.48797349027 0.902841082941 -2.14940066751 6
49 8628.50704525 5.33461052095 -1.87584855318 -4.68288046658 2.29783728575 -2.69179742202 0.406553338878 -1.15720120884 -2.07953640671 0.890905635256 -2.41805366869 1.84856643807 -2.89783335931 1.11885836235 1.99025583808 24
50 8653.40848974 -2.77613288705 4.6630506514 -3.76342503728 1.20713223741 -2.98532736861 -2.88457582281 -1.64021903817 1.97810961562 -0.257979301141 -2.9957177646 -2.50075653181 -2.93093520433 -0.145138803119 2.02043683289 7
51 8708.70575359 2.69509524159 6.46591436042 2.5467192072 -3.04715159941 -2.69574500286 -0.779324738615 0.415208314114 1.47887592482 -1.12979190009 1.53273942279 -2.9834490318 -0.0738714716787 1.95891423179 2.21807818379 14
52 8820.93685464 6.65817620089 4.47240656398 -0.706702739657 -1.90888026629 0.492740240808 2.87780443421 1.6744479361 -2.61835468816 -2.81168738561 -1.70572555478 -1.47108566774 -1.31142327707 0.131140363515 -2.20413216925 3
53 8912.33841182 2.94044515438 -0.959329613656 3.34118784533 -2.79046948377 -2.19141732808 0.630648089487 0.888371105884 2.24218333896 -0.18353278084 1.51326235828 -2.35109935687 -0.620740512444 -2.58936547529 -2.95795180342 23
54 8925.42035422 -1.22585164496 3.56382505372 -2.4517747441 -2.49018174315 -1.9906502076 -1.4619347762 1.78100115503 1.321750225 -1.5889268612 1.79416264314 1.58917808656 -0.484226938366 1.32273539165 2.64011166762 2
55 9057.96944168 6.69489539556 0.538385369944 -6.19889540653 -0.699544543459 -1.0444718187 1.26208070337 -0.100233715321 -0.226210506965 -1.81618264652 -1.78436234938 -1.30888983258 -0.440704639945 0.829842643043 2.26757688443 24
56 9081.204655 1.26050138022 -2.03146378722 -5.90050014735 -2.78281035477 -2.1191361537 1.24773059053 -2.57794757725 2.60158201266 1.36607575371 2.31990707865 1.62934117316 -0.892892052953 -0.50591133728 -1.48622860624 22
57 9459.81890853 0.560995470401 1.05105536089 -4.3901917864 1.51208029971 -2.21181777234 0.608146085849 0.356607797685 -2.77451441333 -3.01244439314 -0.595252789659 0.91285393171 1.36739534683 2.52440642283 2.98949060457 22
58 9505.1962839 4.88102030775 3.27742363147 0.798816344022 2.7437592629 -2.32461515924 -0.944322939545 -1.36826904612 2.58685084137 1.5128635718 -1.77707312772 -2.07772884793 0.0689205236233 1.12339599548 0.474834385076 9
59 9530.38234325 -4.0164640519 4.66505977749 -6.5756010075 2.16642796153 -2.46024928064 -1.34827326096 -0.408191904199 -2.48688884779 -2.05287885142 2.86707276938 -2.84169634575 -0.0799294560216 -2.90932426122 -2.79858019925 7
60 9548.56754081 -2.2756124812 0.654804093119 -1.11570454367 -0.552179539136 1.85561900672 1.33138594241 0.289682432056 -1.01304312831 -1.75724620935 2.05594582729 0.579513860198 3.00913957256 -0.118591614203 0.957473031703 20
61 9565.88293046 0.437192547112 7.47370944547 -0.769475021729 -3.00227248127 -2.68549245061 0.774985019311 -2.73571348459 -2.02722649369 1.77542748023 2.62902051422 0.027326442394 -0.811424226403 2.09873565036 -2.70699237013 10
62 9576.41647259 0.847606122914 2.99333942756 2.63828996562 -1.48590043563 -0.0975260356995 -0.892833283854 -2.53230071055 0.726249158751 2.41698197982 -0.936569754148 -1.59574677996 1.58393466306 0.0834239272619 -2.23550952197 5
63 9727.02836226 -1.09240477536 3.55549804264 -2.910914326 -2.78215680657 -1.61421094224 -2.5828842088 -1.00006812928 0.117072299213 -2.55982215848 -1.49284961724 1.00977057328 -0.280464347328 0.56899663973 -2.85934478108 2
64 9840.45854742 0.32366815366 6.30438741941 -2.50420198346 2.92539326323 -0.98545589238 1.46702863105 -0.969885096097 0.0378662726535 0.514989207746 -0.421663437768 -2.43581887259 0.0483316698045 -3.07481123899 -2.09863120599 10
65 9841.92619579 -2.38972818312 -1.56644107448 1.50060420608 -2.09071117571 1.09298678323 -2.06799341259 -0.28185843361 1.77599789032 2.81818499071 -2.25972536292 -0.645028240318 -1.76929619666 1.01915544569 1.92830402733 26
66 9846.33823954 -2.54367342006 8.22450734792 -3.72322713059 -0.401886455773 -1.82476549275 2.67865612884 -0.574671065057 -2.96237675325 -0.846426498182 1.06954407734 -1.49517722667 2.06513663507 -1.07171782626 -1.1894040654 16
67 9876.49983613 5.79000153827 6.98404188142 -0.0867402188379 -2.8965412237 -2.13581206575 -2.11888812555 -1.65681879514 -1.61860834978 2.22230956748 -2.12977214577 -1.17205011708 0.0683910388012 1.85507753254 -2.05256154836 12
68 9943.9533544 4.54640686263 2.43089203358 -5.47976512331 -2.09750464666 3.06583170626 -2.01151730451 0.889505753746 -0.174918583634 -1.89912615798 -2.08268956018 -0.256661440124 -2.1206714601 0.941448643051 2.34366365545 6
69 9964.74491839 -4.07312107833 6.73152128353 -0.743288129774 2.63713738659 -2.75514670723 1.60396619278 -2.34539576012 -1.49964338244 1.91657035435 0.938477276 -2.22282214964 -0.0476221116894 -1.6781220378 -0.63030388311 11
70 10008.3177164 -3.58136292974 5.48055610051 -2.11929066706 2.25307719886 -0.93553775566 0.117647626961 2.82438583231 -1.96197477081 1.0365264367 -2.55722059115 3.1267285767 1.72136204389 -0.541660506109 -1.25924885233 11
71 10063.032121 -2.24325226049 6.90220062508 -3.62429740043 0.220673308609 -0.204683577946 0.54062983753 2.20421479166 1.43808490906 1.39796029347 -1.90007509949 -2.47438179371 -0.660788684551 -0.574254305483 1.7148928899 16
72 10068.1752131 1.09230967438 5.30674821682 1.60373616891 2.30296824553 1.37193882499 -2.4196955751 1.64538659094 2.13745522685 0.844073580948 -2.66236340192 -2.14389026568 2.66880373081 2.75294567747 0.152466074282 14
73 10081.1722463 3.01367624535 -0.208224044139 -3.88456869306 1.65172915603 2.74319944886 -0.411842900489 1.85321728894 -0.905847488576 2.08210021711 0.882674303435 1.12597427502 -1.80171811125 -2.04279046376 -1.56061594322 22
74 10102.5407313 6.75284799403 3.97624823969 -1.32434181864 -1.27195467032 -0.698885601043 2.12481589451 2.96813174416 1.30335027064 -2.66220908234 2.92566315521 3.02717141269 -1.30564910584 2.88844648367 1.4335918612 3
75 10103.4976399 4.96384526545 4.47758101332 -2.18868782131 2.58699158583 -1.56956240066 -2.84159530186 1.94572169815 2.18098357653 0.40028203987 -0.369514565414 -3.021703005 1.56509747883 1.25102988256 -2.90786499975 3
76 10169.8681504 2.33625219286 -1.79405565631 1.76802600585 -2.59502419785 -1.85426988696 2.76706001787 -2.60906991798 -2.53261895258 -0.671295350219 0.778685115627 -3.13311530457 -1.27942215068 1.16027181057 -1.65760087556 23
77 10280.8368696 -1.01244033644 1.81510493776 -4.97970092436 2.09792877757 1.72690106088 3.06722011489 -0.745545458365 -0.257591037331 1.67090863414 1.55022272242 0.0780941201988 -0.575189032277 -2.32552840016 -2.87670983764 7
78 10378.7653333 -3.68696111743 0.69875216303 -1.10728692616 -0.335629750428 -0.427017125093 2.46854984757 1.17174144665 -3.13788289621 1.11486605784 -1.43824033909 1.98692570478 -0.625547195927 2.73606352786 -1.65282970032 20
79 10481.3055396 -2.71738107282 4.04115006191 -1.49173407396 -0.0113428887483 0.15865419442 1.8335483234 1.72683664379 1.80128168939 -0.320559633681 -2.5850057041 3.0667834815 0.582020992481 -2.07652995613 0.699158476869 2
80 10532.1267806 -0.843927717862 3.78182372934 -3.28393281621 -3.02730958526 -1.61765050496 2.88191234921 -2.20837367583 0.813416999696 1.97702216377 -1.86388640648 2.63879866764 -1.14308795603 -0.402142755251 1.20081536746 7
81 10637.524566 5.91572436062 3.03562195079 1.1093768732 -0.584257320791 2.50201145404 1.69139468906 -0.326062147556 0.43245303947 2.60883621608 0.422726608193 -1.47334038846 -2.86645817444 -0.227729551471 -0.979391093006 9
82 10673.7235863 4.70750826251 -2.37145824349 -4.2131514857 -0.364173388864 -1.06789876796 1.43660063163 -3.00825116813 2.05272946855 3.04988367368 0.433777127879 -1.65231808284 -1.95451403266 0.563008736868 -1.70715321041 24
83 10717.9819702 3.84959488086 1.68112435886 4.349111953 2.32097335386 1.22648148951 -2.33734043192 1.48222218284 1.69673398128 -1.86811140668 0.75479303724 -0.847577780318 -2.77740368456 1.80356499417 -0.520862296904 9
84 10822.1531199 -3.80643161738 -0.303179363314 -5.06344976015 -0.0952677331141 -1.55578248671 -0.496351127903 -2.81972030167 -0.802101509537 1.37070403958 -2.87752236608 0.664292303709 0.134585108424 -0.253956509102 -2.97827431737 25
85 10841.5482831 -3.86687457725 1.73227085897 3.53567253774 2.70981360523 0.70895031296 -1.96842351528 2.45234705076 1.9205716122 -3.03198299914 -0.804932015094 -0.918240961906 0.0320339476883 -0.331256790641 -2.33133463817 8
86 10865.3608928 0.212389653707 3.67964445944 -0.166508525913 2.27718052494 2.72626341686 -0.506654155459 -0.755519423137 1.00322347645 -1.27820887568 -0.0354762773354 0.213025770225 1.40011711269 -2.06624334881 -0.131979590508 1
87 10915.9273188 -2.41480290365 2.71787439438 -0.0384411126435 -2.43079241685 -0.459844843264 -0.209163486749 1.69033380862 -0.37854464479 -0.411396750467 2.77649116228 -1.49039213269 -1.03333478925 -1.69010385007 2.63913408914 2
88 10987.6222947 -3.87579455356 4.9020281548 0.736207917521 2.68886329222 -2.99054371489 -2.117532363 2.46305176021 1.04494292206 1.77139520196 -2.63346791023 -0.693686237593 2.52390206241 -1.61668038195 -1.83341877747 11
89 11092.811856 1.63675903625 -2.35167870879 -4.75337912972 -0.945017860453 -2.71079444482 -2.67299808483 2.07961690826 -0.996640261166 -2.37676174945 -2.93181860263 1.21655391248 2.240835648 2.81286406279 -0.0736607563536 22
90 11169.7529768 2.38803548081 8.30445418172 0.419891038997 2.61421200612 1.9825397499 1.74859960334 1.44281922814 -0.235982607234 -2.39963896305 -1.94112485085 -2.59906665349 -1.84209983802 1.68976956697 -0.855502293954 10
91 11246.3213383 -0.203860552005 1.97814190672 -4.97639459623 1.88615521858 -2.99059483539 -1.04495478747 0.957749750916 1.41823516003 1.86423953592 1.77140930957 -1.09017466649 0.796894526958 2.24032125186 2.48770652606 4
92 11312.91825 -0.00417438495749 1.1565253167 4.16237971521 1.49961671854 -2.56703013037 -1.42143475577 -0.969371158373 0.342673090042 0.00680897263439 1.19306593788 -1.57564400078 1.45814142812 -2.44069049411 1.66285373036 23
93 11339.3555532 4.08429718678 -0.923005618255 -3.05449565498 -0.463229112892 2.76848697826 -1.45319987163 -1.82530575541 -0.216109277014 1.03076977014 -1.85908597334 -0.713399105556 -0.252503209977 -2.35842032218 1.09955015394 24
94 11370.9634951 -2.68824610928 -0.425056989 3.62482857112 2.91864960406 -1.79084090142 -1.28203510947 -1.41996879072 2.57155412076 -0.459174166539 0.437616161545 0.178606201599 0.825451418671 0.823668313072 2.70985955557 26
95 11441.4014505 0.64164857239 2.21797792407 3.52877372914 -1.48273688854 -1.23885770991 -0.637595983179 2.61369304828 -0.881548008078 1.61944381996 -2.93638146702 1.82043328191 -2.61505501825 -2.07746946371 -2.77681764923 5
96 11479.625066 -1.19025742276 2.20333493585 -4.63370236731 -2.84448932558 -1.02732659897 -1.62531430493 -0.763848070901 -2.05173242702 0.882790260804 0.33934217291 -0.495812826167 -0.470524956944 -1.14359439543 -1.92728842966 7
97 11549.2695232 2.38806566577 2.83255698568 -3.64826111588 0.827644582127 -3.09356655855 2.73673942467 1.64317967827 -0.951939120337 1.17247460162 -1.03731676166 0.822213583621 3.02293969167 -2.1906814887 -0.339245612809 4
98 11597.5424839 6.5455545193 2.53661480502 -0.778129078445 0.00673115029358 -2.61145169596 0.847025449573 2.58835476671 1.41895998081 2.56252343456 1.83150791021 -0.846000740285 0.89461767815 -2.43023716327 2.52136402223 3
99 11655.6850038 6.34124657781 0.807469918409 -2.14160069986 -3.10427384367 0.748078446483 2.20666442948 0.276187820603 1.51318516877 -0.10479846047 0.806250136441 2.40878931209 0.711570308141 1.94523139379 -1.13197649793 21
100 11800.0493608 2.51208640616 -2.33895414435 -6.07262231297 -0.979574581479 0.511632152854 -0.485769026581 -1.23161184701 2.31032157829 -2.65582908971 -2.95289977261 1.17453426194 -0.487908819078 1.42995618345 -1.15313858817 22
101 11824.3614834 -1.240436442 7.80416604684 -1.11205142271 3.0089457886 1.89406614737 -1.91715924891 0.475599863618 -0.129218912848 -0.400884958251 0.337708974254 -0.648485174679 0.634511694943 2.51061574534 0.653332421224 11
102 11914.4749119 0.375450982653 4.30621725146 -2.4430882019 1.43549189696 -0.152406261164 2.99898359679 0.5679416189 -2.33901620619 1.75267781945 -0.781013660772 0.52009339399 2.10723608943 -1.86632013035 3.12633917586 1
103 12016.5039626 3.44074155995 -0.617065758978 3.61036024247 -2.84521956597 -1.93380455856 -0.745167223471 -0.619462965566 -0.139389474243 0.528470205768 -2.59989450837 -1.74831473602 1.04549804013 1.06807493176 -2.262072181 27
104 12093.2104453 0.199326509657 -1.2134062702 -2.47084732484 2.8830132578 0.930179140284 -2.43681694529 -0.0507325886466 2.50342121191 -0.334730567636 2.29284862647 3.01537227012 0.604016295649 1.83745483387 2.89264981527 19
105 12220.5153402 -1.61389651235 0.0220676646964 -5.21363226683 -1.41631971312 3.12256702662 -2.0913588664 1.29221595339 -1.58013485151 -0.887922199463 2.66779429106 0.928480756191 -0.388194520962 1.15276122925 -1.11558982322 25
106 12413.625484 2.35642709063 3.42280408967 1.65761680498 0.235956041425 2.38049487293 2.03615297185 2.32666820248 2.21748203504 1.799960482 0.685313541381 -0.930424668264 2.491340714 -0.988787480576 1.66589252786 5
107 12464.287476 -2.67093779052 1.40265042346 0.121844195603 -2.53334770495 0.665901963025 0.823793348947 1.03038642439 -1.23022484429 -1.15207540939 0.989261988254 0.737547760249 2.15330221229 -0.203950284933 -2.6886849197 2
108 12513.6052296 -3.92404253407 -0.225680181938 2.09190095933 -1.80178271936 -1.4252877376 -2.0609665302 1.34222214733 -2.75183660583 -1.86182658146 0.0959003500872 -0.167618579309 2.25233528887 -0.600162930342 -3.06069593503 26
109 12562.648713 5.04306087909 -1.65185681479 0.692723009176 -3.08505447902 -1.1663681334 1.09404856433 -0.54379875141 0.119660197068 -1.68711224369 2.51138344283 2.2778887571 1.90134248623 -0.824498761781 2.39881831776 21
110 12599.7182414 5.82160635499 0.59857882472 1.99147029777 -0.114751371823 -2.75994068343 2.43176069459 -2.86510723041 1.8635395036 -0.0473931041469 0.343280714972 3.01035456072 3.08606433148 -2.57345222812 1.08847186663 27
111 12612.385062 -0.661622731236 3.67371027652 0.848074168183 -0.530098731754 1.71457518339 -0.852504269355 2.45937019672 0.0327658426697 -2.10654229578 0.428289590051 -0.551302580953 -2.47039168915 2.08203361569 0.301200768824 8
112 12905.0569432 6.11558958102 -1.3533980221 -4.86116687354 -1.94759216586 -2.49991601794 -2.64482570018 -1.43898328303 -1.80323402648 0.277664144664 2.22640593654 -1.01787564724 -1.12880694413 -1.14183496602 2.82669597925 24
113 13068.642281 3.78866390145 2.45097273782 2.23130893553 2.64391114785 1.6250301969 -2.72369817484 2.32208727566 -1.27307409115 0.601557526194 -2.62216689416 1.71730884937 2.78469912403 -0.0713334809125 0.973100189016 9
114 13100.1507124 3.70597981286 6.29026095552 -1.53830477283 1.15447572369 2.80189088204 0.201384171738 1.3526143826 -0.755032003363 -3.13462226808 2.97188777548 -0.287490001323 0.549020666496 -1.41534701823 0.159242724147 12
115 13234.6336848 -3.47140055858 8.248435204 0.0464258760465 -2.3113591293 2.5286938719 -0.397658328001 2.57406956724 -1.70226094462 2.7977466364 2.68996285586 -0.501784198449 0.371565960725 0.450151841313 -1.80077879793 11
116 13280.3898137 0.0590595051477 8.31727181183 -0.0998850502318 -2.69001599965 3.04151419333 -2.38510284009 0.70149896753 -1.02216174564 -0.00739998298583 -1.49072036035 -0.825563608864 1.27714261231 -1.84860041011 -1.80565266128 10
117 13315.9108106 5.50585107573 -0.0368683442595 1.01945345432 0.354878667389 -0.896855433984 -0.511439119352 -2.86778445709 1.54058701484 1.1538943907 1.43225181734 3.05848700151 1.72627755339 -0.327093571891 -2.79112654816 27
118 13433.5265484 2.40712281124 2.61103092068 -4.30466672673 -2.70163700323 -3.01384543309 0.240053434838 -1.80847608607 0.827355454575 -1.22506278808 0.239849477614 0.0481095017671 3.03561766156 0.170738138398 0.0533339199116 4
119 13436.5547236 2.23547136984 -0.156997182172 -1.21879489122 1.60079829317 3.09001575936 0.435307389095 1.18972960371 1.96886813617 2.73885886901 1.16035009821 -0.946649736624 -0.587623711221 -1.73832298707 -2.34813414513 19
120 13468.6125679 4.02540150606 7.70782083174 1.58955663086 1.89378156009 -0.533530661189 0.49012550645 2.309792707 0.192117520529 -1.06490176893 2.53780390632 0.416849836449 0.751671939944 1.08031663345 1.36753947997 18
121 13676.7694078 6.74560013481 7.31799934619 -1.92797972523 2.15164434423 -1.35859843269 -1.72884112787 3.11584140361 -2.85647009389 2.91877654595 2.58366954316 -1.62072737804 1.01463291018 -3.10651081492 1.42059742881 12
122 13826.0335233 4.10033977507 7.68413514746 3.68159137109 2.24648471258 0.643911692194 3.01282500231 2.78902259111 0.95858169993 -2.51490609452 -0.713537031072 -2.66779508326 -0.61231024848 -0.554113944203 2.25629979602 18
123 13842.1500227 -0.604498919507 -2.33868522084 -3.47764164136 -2.73434950208 -2.29638336678 2.52298393815 -2.17048765836 2.36897712349 -3.09439093235 2.98844875462 1.63561441059 1.22073303503 -1.12860734631 2.68184740094 25
124 14114.877577 1.43433491307 8.49337789453 2.4105204319 1.31940948567 -0.512669799272 -0.206347111542 -2.93350589014 -0.221425245998 -1.33292317326 0.989814615242 2.11249344799 -2.40523284525 -2.69290222843 2.8689621406 14
125 14524.4793183 0.421993567922 6.23653730312 3.81870986277 -1.55827627597 -1.6999749624 -0.483834742001 -0.276275671797 2.61734854259 -1.357327764 -3.0318072577 1.66659601559 0.312621107032 2.15547908507 -0.336442190264 14
126 14837.3779081 1.71704377926 2.35119426873 4.3525458521 0.668893492488 -1.46206152953 -1.08339219292 0.190547836288 -0.505833562998 -0.0900508460069 2.25501028328 -0.174101104709 2.17285911192 -1.46427781893 2.42495597667 5
127 14840.7536364 3.28370021906 5.96066383659 2.21608865476 -1.73575554744 -2.3008987072 2.70519852308 1.19279451833 1.59766090713 1.57738139592 -2.78463826099 1.94311863384 -0.0478544915444 -1.63590856054 0.782749554063 18
128 14915.7966268 -2.7975503893 1.79125587165 -1.80069101854 1.90003293887 -2.62670219785 0.977888865544 2.90349199743 -1.27524761097 2.21877660794 1.30173287021 1.1141078462 -2.11731460591 -1.89356926531 -2.28151797838 2
129 14977.2775756 1.95107300955 1.39949319586 -3.90183443498 3.10921591614 -0.272148279087 0.324884987752 -2.70889447296 0.0838354153587 0.384950115637 -0.642541993222 1.13183953596 1.75894155348 3.04211548912 0.858937345394 4
130 15083.7345286 -3.8754748927 7.80620522926 1.70520916674 -2.45064933862 1.09809363922 2.56897098874 -0.145214963429 2.26255913777 2.57231544239 -2.59682531142 2.41337134854 0.22235803672 -1.26671443391 -0.490171914828 17
131 15085.9488476 6.17322612492 -0.192721174424 3.15097730294 -3.13554689973 1.71884151422 0.755917163691 0.300424612772 2.14350628335 0.845541360225 0.00822254639466 1.28809130027 -1.47392311874 -3.12590814858 0.982611697245 27
132 15171.1908823 -1.03114760877 4.7487413804 1.0994086009 0.264934032727 1.41701932782 2.88310851217 -0.82143883257 1.15298903655 -1.71741670761 2.97694692621 0.365309563402 2.46917027809 2.82650079831 1.20167986854 8
133 15226.9604859 -1.85417024 -1.82618986436 -4.909534226 3.05711721897 0.591238447003 -2.39476375215 0.613250903885 0.691093053642 1.26772184412 1.81320888621 -0.953455421154 -0.230319960533 1.32828522249 -0.528496424583 25
134 15344.5685694 0.202883433278 2.21873200124 2.79067076695 2.71879484275 -0.67059545214 1.03767672217 -2.31427860504 -2.99831096343 1.11627330499 1.67544969489 1.32276931294 -0.984669249951 -2.89774356539 -2.43404078453 5
135 15388.5860709 -4.01610459422 5.23973124302 4.30233237835 -2.81663926799 0.293793202981 -1.20839523575 3.13779041557 -0.94589734871 0.362414675093 3.0825657 -1.98719954017 -2.962536487 0.430152136195 -0.483990989706 17
136 15415.1362469 4.23923157853 7.91789345581 2.09982669282 -0.707762832127 2.16456595751 -1.12763671217 2.50716126521 0.422750040174 -1.80624215649 -1.9472660841 2.53654576864 2.44740542108 0.1546628842 -0.203406264866 18
137 15419.2620964 4.91035674553 6.67421033591 2.128897613 0.922375197278 -0.522982518991 2.7750896981 1.76976970674 -3.07545272344 -2.263591528 0.559300711917 1.99453818947 -1.29154778781 2.68181394087 -0.696158894813 18
138 15468.4300671 -3.65876292949 2.85314587186 4.01336502287 0.933984134425 -2.74633102434 -2.55353584863 0.111233009282 1.31648548228 -1.65950260959 1.20928842612 -1.96415913979 -1.75379082286 2.8046886697 -0.609090830505 8
139 15542.6265533 -3.02047177213 -0.687162477025 -6.57880306773 -1.3321510082 -0.89789911528 1.85878183593 2.38832892374 1.05720872549 0.588939614419 -0.102627856993 -1.17763717936 1.72286084109 -2.65818711756 0.138950921363 25
140 15583.028322 0.243164738716 -2.42375001812 -2.86269013787 2.70812581129 -0.733500437747 -0.837814511821 -0.902578685642 -0.109041653253 2.73986589715 -2.75969517871 3.01510482231 -2.02074996398 0.0714779619893 -0.364636546555 19
141 15740.9555264 -3.1543892386 8.11766436206 3.25387961264 -1.33263135016 -2.86630376689 -2.06734745333 1.72660548316 3.13403795915 -2.26717515437 -2.65169066888 2.56975696706 -2.27467992546 -2.49837462631 2.00963139431 17
142 15872.2449326 6.07932511788 5.1893391379 -1.32495317298 1.21245603124 -2.12480904816 0.520093986789 -2.29784632422 2.50563909973 0.520020791341 -2.80646820174 3.02320716519 0.0672930892911 -2.2744983461 0.885786104359 12
143 15936.7286299 -3.70414479391 1.26850616175 3.1042944855 0.790263274352 0.99590743533 2.2490323538 0.301797598215 -2.40606767414 3.10353806749 1.73152328826 1.04874855021 -2.6660138559 2.58695190506 -1.97186849937 8
144 16166.5434499 2.04680286678 5.87574288148 2.73972260146 0.208235195822 0.186078111333 -1.79578665489 2.30043498969 -2.61234665249 -1.47350808787 -0.449615098955 -2.88512046727 -2.82554484218 0.862309419007 0.176088741569 14
145 16292.5696778 -3.82272469595 4.42351838083 1.29463732628 0.685687473262 1.80082788526 -2.3224925951 1.29473409484 0.270805122683 2.71746839279 -0.722656677276 2.0116475815 -1.67022177041 -1.60316078427 -2.12442611165 8
146 16368.0480464 -2.41097604473 6.80241058203 1.8532527605 0.120218012393 3.04735838398 1.76957183834 -0.840672229403 0.86336697368 -1.40829367203 -2.87508106895 2.33182848913 0.0836257302665 1.18192816148 -0.742113864447 17
147 16669.2374582 5.93265767714 3.75533156801 3.56172117339 2.11071638669 2.64312210855 1.78125736619 1.07044491558 0.0751940598069 0.344390786945 -0.335255703119 -1.37937846614 1.50278000147 0.983329033486 0.80250162545 9
148 16797.9754329 2.94428702745 4.41657519181 3.45687665358 -0.0942965782996 -2.31918895308 0.15119761177 2.79729353106 -1.60849700029 -1.15092079147 -0.283390650805 -2.09233980821 -1.7160187632 0.487309980916 0.769345433336 5
149 16810.9029774 -1.96951691776 7.06512411266 4.18791033602 2.19813918795 -2.52784477339 -2.25345160158 1.93909051478 1.79962927483 3.04958563787 -1.62554527849 -2.64331543315 -0.687695176727 -2.02243992443 2.43109495069 17
150 16857.5390336 2.31439123889 7.55450133212 3.34931292392 -1.50053666487 -0.348038429628 0.53624197289 1.01531891929 -2.1882268942 -0.668267582183 1.35078389321 1.68816213261 3.03743217413 -0.654081962043 -1.85261938336 14
