 4.6645139111 -4.42710003806 3.77902677427 -0.858083306579 2.59562598799 -1.35850567087 1.86840558936 1.18469334559 -0.144474535286 2.26342415811 -2.2054753378 -1.71137810135 1.65632059984 1.31994536787

1 610.795008433 -3.49204700117 2.20007686138 -4.03264954956 0.782560117026 1.11324317494 2.33981761782 1.44425124919 -1.32632538201 -0.711949732069 0.698279881842 -2.49693117128 -1.69740970364 -0.666073920939 -2.39889505911 19
2 1197.09659565 -4.2231358383 5.39438487752 -3.53843199916 1.07664060074 2.25109156964 -1.79878905492 1.76786059596 0.410755727826 0.622927887529 -2.73936644854 1.79961922587 -1.29579615487 1.82774729581 2.52695651126 1
3 1341.90832994 -2.84446939487 3.69316138586 -4.03211357695 0.837939406438 2.62054264018 3.11515496504 0.359889001624 1.37826041559 1.59004655764 0.422617429211 2.08450586833 -1.89804749849 -0.0596363518906 2.25449930522 1
4 3027.09529993 -1.51323024569 5.73944758177 -8.29088647445 2.55501133855 1.655127086 -0.921721367711 -1.6771746906 1.26993696963 2.01347441103 -2.57845820335 -0.554344780183 -0.869748485737 1.48037964513 -0.629441253498 6
5 3139.35758594 -6.56464222211 4.08906788953 -3.09916511899 0.753536756667 -0.0836800684401 -1.10462350571 -0.970057631562 -1.01721453981 1.59026546461 -1.0079051269 1.05027019222 -0.114796319462 2.88664080613 0.867171861947 2
6 3701.43990984 -4.33166110447 6.6838570871 -6.24036076245 0.391372546357 2.13383201587 -0.393838168518 -2.19854966457 -2.84628175106 2.31462856009 -0.540503728899 1.11142293289 -1.65360219136 1.62557584986 1.11737579398 13
7 3757.31962831 -3.55074098233 0.908202115845 -2.95808709602 1.41906140157 2.26356951633 -2.39745315816 2.37235132335 -3.11048912527 3.13655021293 -2.65507517279 1.37283569621 1.47605885226 3.0217361162 0.0353553695284 19
8 3757.83645479 0.0713283007106 1.73224045124 -2.96644014242 1.56907353406 -2.45616186491 0.0542034344708 -2.06670379344 -1.82268461977 -0.316672070634 0.637565482219 0.870782968414 -2.9801020034 -2.60039477752 0.205591636996 21
9 3790.2724571 -3.16442064084 1.27855446602 -2.13431963541 1.61637933086 1.90565247772 -2.88421306204 -0.47664427883 -0.370281037384 -2.79605472328 0.321202535899 2.47872827845 0.532224729663 2.08110791484 -2.68917223736 19
10 3843.47805895 -4.66154638855 3.34207610737 -3.58354571244 0.364174904591 3.02581559149 0.915852682954 2.41261557164 0.0597827846276 1.77995503259 2.83320493214 2.01348133289 0.891518735293 -2.4345981939 -0.654813311768 1
11 4078.33568783 -8.63707706982 6.41417382829 -4.47659083626 0.965141650404 -1.85794097421 2.07059456411 0.351318114314 1.80516763406 1.54570282914 3.12584324669 -0.033517549606 1.60725483588 1.81691150902 -1.65409409091 11
12 4398.6874399 -3.07638512312 6.34374060286 -8.1092597697 2.14636740864 -0.836227795509 -1.48307651872 -1.73643845596 0.170250915019 -3.10967266421 -2.30676602069 0.355979380173 0.651853354973 -1.84029872765 0.164174113745 13
13 4798.63135974 -2.50251147757 4.60552360244 -1.96516363494 1.8422814805 2.42501185401 1.15104887557 1.1733885959 -1.10094884064 -2.15672801145 -2.62524412789 0.979764351444 0.446542014892 1.98743810918 0.358689375413 3
14 4868.81006813 -6.14804341807 6.27420713204 -5.5397706568 1.76822191711 -0.269527573239 -1.03561772042 0.739062036595 -3.10729732356 -1.10410552674 2.36428042017 -1.87489185185 -0.138465184016 -2.666043431 1.75883597506 10
15 4929.77913543 0.0908521023725 9.06793593373 -5.47156318319 1.72904548966 -1.53056415533 -1.72578029844 -2.46111013588 -2.85239402287 1.63117346418 -1.57947367541 1.87262227863 -3.04266987201 -3.11755735028 -0.333128980872 12
16 4984.36912516 -8.76800745551 8.01375942163 -5.41784197248 1.1005450549 -0.753577797552 -0.263136429616 -1.67405280913 -0.745763631068 2.01497654679 0.760214674776 0.854720231513 -1.41207648271 -0.0517068234729 2.45850656811 11
17 5183.85567142 -5.71436503374 3.26182298257 -6.18414174704 0.389937669698 -3.1126396367 0.97770154075 2.31039107615 -0.695506086674 0.541909792336 0.714447724843 2.42679533186 1.7562145541 -1.42771270951 -2.691680942 4
18 5285.99856574 -2.15728537748 2.06931076812 -0.705093166868 1.94994204049 3.03287290988 1.1420333608 2.57570870994 -2.23598967363 1.28224635763 1.25271794011 1.90388494751 -0.262839593331 -1.04326118985 -0.097866353328 27
19 5365.18226138 -7.70004075583 6.11570028924 -8.12970112199 1.38674871363 1.62644959338 2.354828912 -2.80089493439 -1.81371965117 1.79154419925 -2.66890516115 1.43023709055 -2.20949074243 -2.20824084421 2.54049260391 7
20 5427.31269968 -3.55944974282 6.0946379801 -9.15883308553 1.04894746866 -0.118781823494 1.09956689702 -0.212075536247 1.01274609552 -3.126665379 -1.02675403336 2.44946709537 -1.30052828708 -2.4279892152 -1.62995429527 4
21 5809.40346996 -2.65725809821 9.78491936443 -9.02642945093 -2.38119340217 -2.31222607872 -2.10425451541 -0.669378070252 -2.81863104987 1.45339185294 -2.03438973921 -0.850864549374 -2.45099014325 -0.741591486654 -1.50982030424 15
22 5888.29068559 -3.2014703591 3.29176241093 -8.90724496936 2.80827474129 -2.93251224737 2.73085105229 0.665441194735 1.90703050548 1.74984138873 1.27053501967 1.91154531657 0.507850975174 0.291807649168 1.40850999146 4
23 5958.13242024 -7.45105911426 -0.584091241586 0.0127128713467 2.37645538782 -2.12182897908 -0.0084684826139 -2.66724977152 -2.59997062264 2.7215471733 0.559266515278 -2.08965493064 0.78680445927 1.08708103838 -1.50343058171 26
24 6082.13927649 -1.68959427234 7.21206966062 -5.72436271388 -1.09687244315 -2.42298454185 -2.1510139221 -1.89934471168 -1.4986984253 1.57958258762 -2.05826048776 1.10163514903 -1.18039465481 -1.83359420148 2.8977741955 15
25 6107.67060305 -6.6373973818 9.75130841937 -7.50438622056 1.89845387545 -2.7682270596 0.0585044320622 -2.74222522965 3.03141111915 -2.07584907706 2.85519947893 3.13647201321 -0.477383054148 2.95835697903 -2.02065852119 16
26 6289.16178121 -6.09626768219 -0.617116452861 -2.20589695152 1.17421792748 -0.697840907866 -2.53486605373 1.5249585198 -2.43789773391 -1.75017714059 -2.01669902248 0.816081829372 1.05235940966 1.72819223242 -1.27234422242 19
27 6354.71778834 -0.56046768391 1.39842262863 -0.703274931397 0.163995495088 1.16291255875 -0.807878402475 -0.0981790057178 0.686413256405 2.8434689797 1.91848390832 0.364254797185 -1.19857700911 0.497832655033 2.74987462843 27
28 6412.9086978 -5.67781305547 6.37320286643 -8.14166894075 1.45104803115 2.88069720772 2.92187918787 2.97050174961 -0.0166100861297 1.165013783 2.98163379741 -0.853451204361 -2.18622839689 3.07767762559 2.94714698752 13
29 6723.33375286 -6.30614975244 7.95345177693 -5.20571857345 1.63485519229 2.00967420237 -2.35957715769 -2.18900563995 2.86957968605 3.12803342444 -2.99749659037 -2.60234032288 -2.98221202471 1.48413603825 -0.803524489663 10
30 6763.58432497 -2.20797222199 8.72676111509 -6.76139792892 -1.01927313993 3.04974182734 -0.492500084716 2.4375834577 2.98961856668 1.79095718667 2.00160694002 1.91601799395 3.06005927704 0.22857455649 -0.986496546601 15
31 6803.09845532 -1.86372035751 6.40816551869 -6.57585048173 -0.458340764535 -0.385595824554 -1.60110407491 -2.83964128265 1.92308700517 2.5675736568 -2.94263948192 -2.75289897539 -1.5871606418 -0.811629517322 2.94675939525 15
32 6931.37962145 0.592405956374 8.62015186988 -7.45990025014 3.00514315408 1.59136315322 -2.41374514444 -0.938350748848 2.50402407786 -0.485865080015 1.3384220808 -2.2763025639 -2.55148247849 -0.744330384412 3.02176074293 15
33 6942.64100985 -0.746836124954 0.678310388459 -1.36820756886 0.195036386738 2.89679372653 -1.9899374927 -2.29444106403 1.65155548119 1.14619215205 -2.42407717778 1.56190625539 0.53771227074 -2.78345539043 0.258294645751 27
34 6977.55091285 -6.5440666501 -0.127844011654 -4.5080475731 1.12894508965 1.6244907701 1.25592297674 -0.147701651848 -1.47941697427 -2.19834715897 2.05254826475 -3.06656384734 0.982492729083 -2.47321393466 0.63896353066 20
35 7074.33252012 -8.96281837075 -1.03461095738 -4.03175620794 2.43505870704 -1.03292727598 -1.54145483098 -2.06616175084 2.81718387405 1.32300499247 -2.24035173009 1.34123597192 -2.56939454766 1.68367589583 -1.91616542458 20
36 7087.89734018 -2.27479786744 8.71176919591 -4.53354112136 0.0809493437402 -3.08750780035 -2.96062983894 -0.860130752333 0.108792393185 -1.09911709002 1.20450877868 2.22943232625 0.852647574901 -2.00188617266 -2.63018812907 12
37 7098.87546286 -1.39331920106 -0.0726791225943 -8.59255205524 -2.47882260295 0.972739789917 -0.891976969751 0.562164239322 3.07385480075 1.19778504648 -2.60906541868 2.17019176074 -0.862344791425 -3.07552968421 2.08883965678 24
38 7163.3902325 -2.88688324285 9.58387501126 -7.72922427691 -1.68979301397 -1.6941688515 0.172044052093 2.09491596887 2.22766786549 2.85552141525 1.01887742884 -2.26114842132 2.07434452981 -2.49361364955 -2.55064036287 13
39 7266.19335007 -0.958379816544 -1.01133302222 -8.36176161824 -1.60813668502 1.79688710523 1.98935596072 0.657262261456 -0.480308661948 0.644201453111 1.58137654017 0.818645551527 -2.14954995294 1.22436957867 -0.669519332598 24
40 7304.74360119 -2.53238497591 1.42764370754 -9.04101857305 2.21735409845 -0.853203337788 2.58765523903 -0.266174928134 2.18404556514 -2.14657382116 -1.3707180176 -3.04391698014 -1.89145030798 -2.42014230824 2.81812818386 24
41 7372.12177261 -1.40692627871 4.08434300141 -8.86990913112 -2.71886063952 -2.16897315017 0.0585637809987 3.01894646672 -2.03596717323 -0.87357497626 -0.163535279648 0.556373009514 -1.18383113263 2.07325820819 -0.643911410404 6
42 7416.33018409 0.501661635112 0.77268920384 -2.31308230609 1.7310019085 1.17834752152 2.27466667223 0.0918280874622 -3.11639296003 -2.18506592643 1.75472310682 -2.59369559796 -2.10855746586 -2.77280618687 2.38933045459 21
43 7505.56015834 -8.43677578262 3.22275033039 -5.74537681219 1.81697568095 -2.34610412005 -2.41343013755 -1.68725192813 0.454208278024 2.01692337747 1.07989900362 -0.649393293791 -1.20452190028 -1.52317923672 -0.76351150519 7
44 7588.78152851 -5.02270711272 2.05195550486 -0.465314695873 1.9772471015 1.08368436885 -1.96469429736 -1.15421275478 0.343890799543 -0.473376451295 -1.54805734352 -1.03619080937 2.027928908 2.45885171688 -1.39446420798 23
45 7830.32657743 -8.70192377015 6.58530990357 -6.30979057762 -2.88173153772 -0.935812496459 0.712153343595 -1.01329214267 -1.051591676 1.11670290232 -0.297752780788 -2.4912689021 -1.89568863827 -0.0479488584769 2.71957171754 16
46 7849.04137506 -2.38370860567 0.854695205096 -4.55652006086 -2.39511772087 -0.397651382609 -1.17455654463 1.15855745287 -0.502589079526 2.77095526864 -0.0931424072619 2.85304829237 -2.63660289659 -1.76738351884 1.6535444611 21
47 7908.49257157 -1.51069287937 1.02517360486 -2.79269182327 2.09506702508 -0.102557359465 -1.04029933775 1.950767798 -2.98962712455 -2.33797172176 0.555907289131 0.548384164658 -1.87548698611 1.63911847872 -1.38012098788 21
48 7934.41775865 -9.8253383045 8.53908854425 -6.62135360519 -2.2910885939 -0.987821865792 -2.20381316233 0.69139592652 -2.6305386472 1.26028073181 -0.320522797715 1.75370356789 0.770385380387 0.152075475475 0.253081758877 16
49 7997.48909601 -7.07863334852 7.78421571697 -8.56083159501 -0.995721852719 0.0737832819271 -2.17804770913 -0.889033858724 -0.454725166261 -1.89272453705 -1.74988904049 2.84020501771 -0.0188727225263 2.78469862473 -1.9982230129 16
50 8121.7209415 -9.40217516758 -0.366700027904 -1.97327440452 2.17678196353 -3.13398153758 2.0231120693 -1.03020707684 -3.09718375281 -2.5028154999 1.28087865108 0.637997302641 -0.361007789111 -0.858071326147 -2.54912688116 20
51 8128.70081496 -5.0398872726 9.34733749739 -6.52950086205 2.85407332514 0.27299769527 -2.76624788507 0.674881627263 -1.57837101234 -1.30570082128 0.395939727079 1.14850073204 2.17661986109 -2.49840872807 1.80645881055 13
52 8181.44149196 -7.82825870289 3.20310017145 -3.13616963762 -0.30297683244 2.99807662582 1.33081778135 -0.662988341472 -2.9518335186 1.93765162288 0.000176163977767 -3.10691973522 2.01443663064 -2.03283713384 -1.98535665721 2
53 8332.38186756 -2.87835575147 2.10333316196 -7.32250738184 -2.50579528749 -0.11443373392 1.98083851903 -1.85839774111 2.13112453353 1.50212350062 1.62350257211 2.76385026157 -2.74161015779 1.12829518884 0.630896109011 22
54 8826.2457633 -1.47835433526 5.95424713278 -6.90442426286 -0.912480451937 -1.21721693002 2.43783343901 -1.41703654561 3.09967281196 2.55930892631 -0.826511186409 -2.26803703289 -0.653142471811 1.53159262917 -2.48943529033 6
55 8839.51708938 0.695422181331 7.40683407674 -5.8784677437 0.0485481285433 -2.85573532544 1.1429992807 -0.16865878694 -0.405331686177 2.40884733749 1.03366709765 2.61682309985 0.51818468475 0.912973184055 1.304267862 15
56 8857.73721375 -7.16569620492 7.21269482421 -7.69593681557 -0.399588715317 2.55635487541 0.438535038382 0.00544101306832 1.7625218539 0.0137194530574 2.23330920996 -2.50143661811 0.642950898161 0.424619344424 0.721219658344 16
57 8884.31368349 -1.00001157401 3.53162296627 -9.18262925258 0.218856430286 -1.35579363728 -2.95359746689 -1.40326950783 -2.07556749866 0.646620973302 -3.12840905122 -2.14190420123 -3.05810053968 1.18228010019 -3.10231306086 6
58 9147.27227925 -5.53000819141 5.11101295337 -7.56248408 -2.00103559687 -0.765895447524 1.86737386948 -1.43108992439 0.500004566958 2.0934818005 -0.385975898513 -2.917513579 2.84180648298 -0.0862194024122 2.19686022748 4
59 9151.68164946 0.495527788027 5.03826790112 -3.46225035953 0.757604304527 0.77332266731 0.633123499941 -0.544374024145 -0.824795760932 2.49748277795 -0.559187816498 -1.58060322561 0.727103975425 0.859111839502 -0.0558858008889 3
60 9315.41646656 -8.49153888919 4.33755195935 -7.60310604503 2.41369002211 -1.93956203226 2.39593289842 -0.927074331296 2.26090973716 -1.21105380252 -2.38510053033 1.65249699886 -2.44423854926 -2.52809271746 1.54934752721 7
61 9355.79107216 -10.0703934937 0.476272214895 -4.84249634848 0.879444240883 2.83941160335 -0.0503043148614 -0.245541652736 0.990831731096 -0.708063725191 -1.75246094218 -2.27914326621 -2.00385991077 -1.51116384685 2.53502591669 20
62 9427.47357019 -6.30474591684 5.28606608718 -8.15636439005 2.23429203007 -1.39437110806 -0.559699243119 3.10156253522 -2.70535300444 2.25753095618 1.33820809966 2.75631072173 -2.59740262715 -2.82025325899 1.31530966807 4
63 9466.9041802 0.426388022415 -0.637161609698 -3.9188440697 2.4264482068 -2.61740278761 3.14103558976 -1.96496750353 2.07291413487 1.01228696944 2.76788526515 -1.64041433396 -1.74497963992 -0.497640896003 1.79132595341 21
64 9569.35773104 -5.76864309242 6.44179969494 -2.57771052254 -2.62667327491 -1.67777011603 -2.14786237072 2.49656835843 0.304422833268 -1.15363557323 0.820504158875 -1.91058736993 -1.45311849161 -0.711169561891 -1.82343334302 10
65 9620.50013383 -6.70292427079 1.02521599223 1.41476522033 -0.899063830097 -1.58360277192 -0.475785923445 1.03864330387 1.62937182313 -1.54277071116 -2.42024919025 -1.95834624668 -0.846633800776 -2.92052672481 1.00097106534 26
66 9651.65878716 -7.71197542453 1.00868605755 -0.126854043545 -0.114521020991 -0.378778551954 2.84062023655 -2.40635403483 -1.1414025966 0.182181165309 2.36052163345 -0.727157343156 0.492769684271 -1.57874016988 0.877742545799 26
67 9675.65901549 -3.62882019763 1.9639122308 -8.66357494986 -0.912235719972 -2.37711729716 1.97158432011 -1.13106505638 -0.456431933013 0.086484554453 1.22743607103 -0.0164747594957 2.36027396591 -0.994068862897 -0.604108828325 22
68 9769.72020386 -4.18755489429 4.42407201475 -4.17598978863 -2.2816698636 0.288536695812 3.11842903614 -2.36442629561 1.77577001716 0.909469554489 -2.0497925845 -2.67767636719 -3.06529031405 -2.67175096232 2.30245154559 1
69 9898.7084454 -2.94080757748 3.93105316505 -6.22626770491 -0.445204490506 -1.04523318473 -0.599715828065 -0.790570234554 1.28294728754 2.90997538942 -2.67449044838 2.91318484324 2.8278366185 0.0518769983729 0.855811747399 4
70 9908.98484369 -9.69092462969 6.06852734956 -1.41077613763 -1.0776720937 1.5184896524 -3.04839168984 2.79419195752 2.61846256486 -2.72470901915 -0.489483242523 1.79733751088 0.672268288041 -1.89791780948 1.95439586615 8
71 9909.80759717 -7.43820797352 4.64284964892 -7.08889916225 2.00025451745 -2.83187553644 -1.8428203023 1.42072868925 2.25628885544 0.135373113934 -2.11545347642 2.39782391069 2.93407224319 -1.70933964493 -0.901436541956 7
72 9927.18722434 -2.15325291288 4.81885082381 -6.58694680928 -2.77797888914 -2.76805453046 -2.02993704233 -0.601053074619 -0.815185004072 -0.271287361689 -0.715385536169 -3.00783017559 -0.73830766396 -2.72454042579 2.6650595122 6
73 9961.86990095 -2.61211555783 0.0426336970615 -8.21605690725 -1.62772675515 0.352125655371 -2.28885396564 -3.03239480559 -1.98950005505 2.07252404402 -0.934708413998 -2.00768340758 -0.707235406438 -1.47169914741 -2.72993344731 24
74 10000.0043382 -4.87921462703 -0.925487332371 -6.52899669584 1.29052818734 -1.91126430358 -0.00621061829631 1.61421491529 -0.897599583425 -2.92025917815 -0.174853599415 -2.0328369911 0.865406584525 0.0194891523311 -0.359848614412 22
75 10078.3611044 -2.36130832482 0.484643018611 -5.68541982064 -2.87521902588 1.44715299038 -2.33185236941 -0.774654950468 -0.831892592571 -0.500399373591 0.099008500403 -2.74687269656 2.38962979853 -1.49176650765 -2.50438922705 24
76 10079.6198664 -9.51737966122 1.17896308534 -1.04070653761 1.70593997588 0.0782706614296 0.520153042534 -0.916035167556 -0.990355992414 0.114623534589 1.22006037536 -1.89866656296 0.218019654953 -1.61535617651 2.00608827545 26
77 10140.6753771 -5.34800019993 8.03421018431 1.05397854677 -1.42053315183 0.790459848425 -0.583682342345 -0.246210674658 -1.57609569087 1.1469446055 2.2463581203 0.210550265756 -0.775301421688 -0.858432053963 -0.752079451682 14
78 10166.8048059 -6.38073052511 7.78532014902 -5.85202412761 -2.68759896425 1.09398518128 1.15967730104 -0.34339236676 -0.00204213676782 0.61762888952 -1.88131338319 -2.15437772284 -1.00450718632 1.15992025625 -2.47563546101 13
79 10204.7793772 -2.37852854296 1.3095035734 -1.926262329 2.5201489758 1.07150417263 -2.20649909539 1.12276891031 -0.646549840749 0.598940518727 -1.5046224999 -1.39058700077 -1.78965012661 -1.05694329676 -1.58541060984 27
80 10345.5655153 -8.45753473386 0.371489965834 1.26295790208 0.995920900853 0.674861305365 -2.66530360204 -2.67343411823 3.04816871708 -2.05544077964 0.901417409484 0.0620903684823 1.58593655304 -1.85302061717 -1.25198394439 26
81 10569.2796925 -9.46785288288 3.74689080161 -5.09432184539 1.60637277199 -2.88280702695 2.9439132283 2.65622188913 -1.30026593408 0.437368209124 1.48998585868 2.53500505689 1.54320334695 0.746282715425 -1.69510911792 2
82 10670.4187208 -5.30581235908 2.66159975424 -3.57171619396 -2.77809495779 3.04633241484 -0.835759529433 -0.821699407689 2.5043926047 -2.79068589357 2.48087369285 -1.46408930717 0.6644230387 1.81268937045 1.18590210573 1
83 10697.1290842 -1.52278700782 4.76131795748 -2.80236814265 -0.12622228906 2.81376152156 -1.79032126185 1.26293860009 -1.89521760476 3.01827725672 -2.57253141095 -2.87344898818 2.50208422487 -3.11703159389 -1.94635785833 3
84 10956.564803 -1.10105104778 7.57905920055 -1.20452889693 -1.70397048766 0.348983430161 2.91665441182 -1.80923303326 -3.00853759932 3.00246768381 1.73569543972 -0.763666199346 1.40422856913 -0.715762717154 -2.58774769787 18
85 11111.1803025 -3.05740460479 3.55030430495 -1.73448022443 -2.23968670856 -0.523479343861 1.8646546151 1.70270538471 -1.28255688458 -3.0319030005 0.641211365354 2.3990392978 1.1255786731 0.332300189276 2.81146872166 5
86 11232.6322263 -8.59929009158 4.72249298426 0.376648224513 -2.12443827131 -1.23610249236 -0.180488204657 0.72423280739 -0.852221152151 2.79157422603 2.28199563836 2.4396369001 2.74660544427 -2.78380700863 0.815198735915 8
87 11251.114224 -0.112329772693 3.3251946296 -5.70436711474 -3.03252177619 -2.52653360562 2.70791544266 -0.00963212918618 2.20825288017 -2.40404774586 -3.11416283232 -0.584434011179 2.8722619297 -0.318939858118 0.332693751544 6
88 11434.7250133 -4.75437599379 -0.831309103135 1.71187374325 -1.5880779111 -0.51052843093 -1.08565509929 0.673526986073 1.20086568703 -2.31040515327 1.31918297178 1.60672002022 -0.0525698965328 -2.7301447179 1.00535608828 23
89 11526.4361907 -6.66446188136 8.99007430229 -3.29529280895 2.0085490403 0.999448690239 0.86251107028 0.941449176909 0.863712786604 -2.33040823024 -2.41120148876 -2.47054926958 2.79975057168 -2.59875470221 3.13643796706 11
90 11578.3804762 -2.62128770679 6.83278468246 -3.63743418466 -1.79105445618 1.75300907351 -1.22775612942 2.46621070124 -2.50784066632 2.9537757055 2.39586573732 -1.42706320341 1.68049351117 -2.39151655978 -2.58767045923 12
91 11584.674748 -8.16054305544 8.36116333427 -2.12413300582 -1.68255826742 -2.23977560162 -0.0872341334479 -0.0768621385316 -0.636713657252 1.80235530826 -2.17332619526 0.998398033707 2.4353041862 0.405228791701 2.85841686602 11
92 11593.8706284 -7.7082038269 5.81886095416 -2.83072840169 2.30242488287 2.85610194215 0.386599607808 -2.92847771205 2.86672605115 -2.31506160005 -1.18185770044 -2.06736960978 -3.12391281638 1.8184167812 2.8048847075 2
93 11634.2486337 -7.70993070249 6.96212398605 -1.28521850122 -0.241220230974 2.42357317931 0.820995209736 -1.28704634588 0.219623653095 -2.3780429912 -2.16147447251 0.906919189571 0.960700123296 1.20547366832 -1.36651435635 17
94 11714.7083738 -1.33228964719 5.40421160928 -4.82189780644 -1.92467177147 -1.56526907056 -1.96077376695 -1.87263529295 1.77834705692 2.86504722957 -2.21115289248 -1.53334425409 0.656303599692 2.93983838569 -1.0448190213 3
95 11722.9788897 -8.03061764356 8.60974320079 -5.57211591238 2.04219937737 1.57074447572 -2.07735604097 0.465719472343 -1.35701026767 -0.795749226521 1.81760240858 -3.05046405849 1.82672040114 2.8329976119 2.64977092891 11
96 11739.4807924 -3.56863243713 7.30536149613 -0.498920345992 0.600825377459 -2.99751851851 2.4680387048 -0.377264749738 -0.435528188468 1.19576120813 2.82482005365 -2.32336868408 -2.83198866184 1.44088332759 -0.899036714307 14
97 11748.8237696 -6.17015202775 3.89341857447 -2.42590949868 2.97434933322 -3.13029087022 -2.55490563617 1.07834613221 2.89795117237 -2.90987056418 2.83209894653 -0.459860718764 0.586000912078 2.59432907374 1.46469242771 1
98 11765.9643107 -1.94591398205 5.06131716574 -2.35267643862 1.94744289767 1.13947940468 -2.34253335876 1.21533332656 -0.48132572509 0.825642053152 -2.83231527726 -3.00947166129 2.21015699657 -0.577169852248 1.17182701782 3
99 11799.1202101 -6.18539254659 1.40618757071 -3.82136187427 -1.98896095014 -1.2327565533 1.20691748521 -3.13635004954 2.60545972136 2.29611515624 0.344215153575 1.41142613663 -3.11310194049 3.09613142517 1.98335870247 19
100 11815.5496487 -6.28532739776 5.17161628595 0.761016186037 -0.464513856453 1.38401235192 1.71425320985 0.0485366120248 -1.64671296487 1.96210022856 -1.83299162089 1.03694008521 -0.588501462964 1.98786996472 -1.19283181007 5
101 11831.6457239 -2.07452537894 9.81254113312 -4.39707051726 -1.63439093765 1.74897829431 -0.190369036268 -0.899386735307 -1.80609678232 1.11911772701 -2.35806205913 2.93553720052 2.33942298601 -1.01199040603 0.359222252506 12
102 11870.6407488 -2.88634325254 8.60986858004 -4.04998952323 -2.58004167815 1.30189174235 -1.14431837715 0.756933706684 -2.31983441331 1.19416513427 2.0478393595 0.761648721218 -0.754513640823 2.06056776206 -2.6908390268 10
103 11966.556137 -8.06539717792 2.54551983331 -6.63750859803 0.8991181028 2.27022692771 -0.937905342677 2.39083426391 2.28987863401 2.81519449975 0.639583769538 2.83201214008 -2.7870572715 0.719827016847 -1.6760658286 25
104 12002.613382 -4.72462069253 6.51114639309 -1.3426089821 -0.504221932067 2.74416976503 0.809885046939 2.14005812803 -2.47811706983 -2.31964603237 -0.665860043612 2.86459314955 0.569299555887 1.48725046442 -1.25165746133 14
105 12026.0726258 -5.483652431 5.18396096154 1.60076544083 -1.77240737054 -2.09859599545 0.648967971465 0.0668581342582 -1.28607848072 -1.30121464457 2.47307181456 2.17773839925 -1.05263563956 1.06321961146 0.607543664 5
106 12300.0857395 -4.33566412252 -0.663725284645 -5.89068574894 -0.268375487767 -2.36341927268 2.69677790633 -1.83295647916 -0.672501739379 -2.14169538802 2.99950528948 -1.19896705416 -1.47981127021 -0.823302977306 -2.30382158692 22
107 12322.3897933 -7.48478705604 3.3951058 -0.585020553276 1.73736473882 2.24214387283 1.93416171416 0.211464704156 -2.4402455874 -1.60934625912 -1.59330921343 -1.46169338113 -1.32003257942 3.12875080662 -0.90643422868 8
108 12391.1154103 -7.31790583506 7.52881963935 0.524632482506 -2.73179101821 1.18445756826 2.27155892934 1.87567901229 2.79564973685 -3.06186953666 -2.0318965451 -1.51813352125 2.15721324747 2.63803387138 3.12304589831 17
109 12419.7081317 -8.33699916229 5.73641070436 -2.78807195746 2.38006776989 0.603018726752 -0.104795553686 1.61345145152 -2.22197390289 -0.36667203181 1.86674459033 2.38304181156 -2.98627486099 0.642657432556 -3.0144914396 2
110 12481.241504 -2.15028777704 7.6681402236 0.199241985391 -0.0664088210371 0.655497698912 -2.11240465079 -1.64213427102 2.57446676673 3.11912857774 2.3241094949 1.5028606409 0.55583094546 0.991582621506 -0.981413117059 18
111 12525.448261 -9.95679460199 8.30131778914 1.51711376466 -2.13334955241 3.09989071961 2.99421597362 -1.0848592331 -2.75080836261 0.0461637562299 -1.26092103171 0.409931310733 -0.141174859632 -1.9084389307 2.32114718424 17
112 12546.4018525 -0.0689178966353 -0.173297282446 -0.28417455237 2.79024910267 1.14917453621 1.1632479132 -2.73029005755 0.35152835242 2.92258259228 -0.387329501025 3.14114183439 -0.590327392811 -1.70001000784 -0.000875224444297 27
113 12594.4214018 -8.65439529479 2.39443343038 -3.48587995038 -2.65817992791 0.22453482319 2.24570672748 0.956044336431 -1.62460320597 -1.49139704429 -0.726730312269 -0.0668986275278 2.39655859671 -0.334981152849 1.695176768 20
114 12853.1220056 0.504905310888 8.47886566624 -4.04153032244 -2.72266788454 0.654459345578 -2.84391793471 -1.25372758377 2.47299712908 0.841026405272 -2.69314440469 0.151327445079 0.306685950769 2.66147673188 1.57055034839 12
115 12856.3165326 0.312465946188 9.11069167934 -1.99823822445 0.00622275106358 -1.82131289548 -1.06822946563 -1.9321410345 -2.84228457151 -1.62227805752 2.85509857332 0.274895518582 2.95109854109 1.14085802876 2.93513105534 12
116 12890.1619511 -0.047114088954 2.93222107806 -1.7190649819 2.96871543398 2.69813344658 -1.34729165179 -2.70412861843 0.418634337491 3.0712820374 1.19119582514 3.05505606829 -1.15259797508 2.21968061436 -1.6714789931 9
117 12909.3447254 -8.50031764441 4.76288286935 0.153254687754 1.75092509958 -0.31190118837 0.0256724968982 1.78050403231 -2.16848949883 -0.615225923504 0.401134366905 -0.209221965553 0.986463496461 3.05598746199 -2.24789685412 8
118 13202.8721563 -1.94122867593 7.00474228439 0.474511110504 -0.861044788597 0.348133509083 -2.57386869587 -0.743673806925 2.35042997848 -2.96897661353 2.61852958713 0.0766459260819 -0.312319261982 -0.0157387718101 3.13363285633 18
119 13268.3001736 -8.21037578939 -0.0200251107011 -6.89402217832 2.71862094097 2.3634632302 2.07242925001 -2.23886746217 -1.80149222718 1.55458340267 0.259622194651 1.22120517243 2.46309056042 -1.57524901276 -1.79626593736 25
120 13268.9220008 -8.09909970177 8.72628595674 -4.87716079654 2.57281654392 0.628268675673 -0.0252020393859 2.05099809943 0.892342534839 -0.57287392438 3.09266006434 1.14766754768 1.93363837979 1.12470977754 1.41043608595 11
121 13430.5254532 -9.15054889585 3.22545925363 -8.12462549473 0.446111704479 1.28643993908 -1.46591028925 2.29439164826 -2.09066122323 -2.68697111815 0.827027673075 -2.93017623661 2.78367895885 2.57867260198 -1.3674323658 7
122 13510.0992607 -5.63608815866 2.3859221816 -1.39944707143 -1.69777966788 2.56043779309 1.31779358992 -0.57960595627 -0.799839992422 0.6021203069 0.522169451847 1.09026812084 -1.26858882421 3.12755544351 1.86635458142 23
123 13560.8071092 -5.80060477656 0.519078917632 -1.93613996305 -2.76483199533 2.27094194047 1.97439612994 1.85006448342 2.18163925178 2.41085976285 -3.09219764766 -2.8951519269 0.755107985375 0.202290556128 1.57780268005 23
124 13693.6576012 -4.06143931999 7.89023713012 -0.333238753325 -1.52075228945 -0.213334742719 0.385736854325 -3.13857964404 -2.58488516429 1.20666127524 0.425703178109 2.75149062891 0.298029467118 -1.49640160161 -1.97108131545 14
125 13723.9105439 -9.93376563624 -0.874130239333 -6.20442375173 -2.04443399144 -1.59523503499 -0.808952311494 -3.09202693609 1.6565648425 -1.81789251252 -1.44298996469 -0.205362359451 1.8255400712 3.08083845414 -2.09911823001 25
126 13754.8286375 0.107456597067 3.18137429099 1.04566438423 3.10901094102 -0.261524735935 -0.688406927201 1.00347725993 0.0810052078095 -3.03481172841 0.135393053352 2.15246955349 -0.371633318377 -1.20544441342 0.308998211843 9
127 13981.3807651 -9.93911897408 1.8411514588 -7.60029192271 -0.145021816499 1.73366771987 -0.905714941348 -2.29680184677 -1.84036016636 -2.43133600333 -0.574751027652 -3.14152960468 -1.96914826404 2.50455341432 0.138929036697 25
128 13991.359079 -2.00296114265 5.01816666583 -1.26561430814 -0.925330088939 1.16732769174 0.537249497781 2.41425262583 -1.54621566252 -0.0625740514372 1.0565437997 -0.931848960389 -0.182488036748 -2.84765941838 0.960208032528 9
129 13995.2560875 -8.71741048117 3.94383215559 -2.89917042069 -2.00600406567 1.74160470892 1.9899960955 -1.06560062707 2.23407788235 1.22653087453 -2.54214289796 -2.4041397704 -0.414959696518 -0.971347457222 1.16348718702 2
130 14181.9757147 -7.15995682046 5.75858826558 -1.43959414232 -0.73874863417 -0.831127582284 0.776420813033 -1.3348125175 -1.86492362165 2.07756915364 -1.61002465592 1.90694596231 -2.10396400693 -2.67658036909 -0.136041930154 8
131 14203.364346 -9.92239814515 2.13529647005 -7.69412246479 0.801597355267 2.46304384551 0.614041452659 -0.230440939637 -0.270661679361 0.0129521815045 -2.87963238792 -1.52744097979 0.348377942966 1.67041840905 -0.922931358197 25
132 14317.7494175 -3.013398141 9.86115729873 -4.3302613524 -2.36316651836 3.06003497704 1.43879332445 2.16325557633 -1.14185147332 1.79681091567 -2.280187439 -0.223750328035 0.260832376114 -1.60322151495 -3.0558245558 10
133 14354.9118268 -4.75780843773 -0.690432317087 -8.29593068356 0.535819136626 1.53135782087 -2.22075585627 2.01186044185 -2.31234057525 -2.00715328086 -2.77032369192 -3.11070191643 -1.95974040108 -0.0842828959601 -0.639446201376 22
134 14409.5406452 -6.30311900656 5.44289870133 1.29100661623 2.991009265 1.77456597529 2.25658969652 2.5897408158 3.05790947275 -1.31032128662 -0.453368169452 2.34520444256 0.932872064856 -1.03520923622 -0.925827844186 5
135 14440.3918947 -3.9930561391 7.87637854216 -2.81030112271 0.890059971136 -1.11003004893 0.845276181903 1.13225712473 1.99334529798 -2.27234816427 -2.01320556783 -0.935567576893 3.02358345332 0.474096978897 2.34598543677 10
136 14530.786768 -0.534010294829 3.35696599615 -2.5350472387 -2.20822818042 -2.62970546166 0.388738630641 -1.05233883786 3.09272634243 0.732176208037 -1.98806269568 1.28904132132 -1.31706526059 -0.398389320325 -2.33966069314 3
137 14567.1553307 -9.88275466846 4.220857952 -5.92876197716 -1.77413760385 1.47839008028 1.00730311533 2.10302737581 -1.29378484691 -0.976569731764 -0.0508046073353 0.318550171322 -2.84078120249 -0.791676068923 0.70334003735 7
138 14647.9825655 -3.44740486553 1.99732710671 0.406430744842 -3.07485296584 1.56327286581 0.754283747148 0.845941292682 3.13172531757 -2.84665735982 0.868294576897 2.42169467762 -2.07048321199 -2.47207676113 -1.92351226481 23
139 14751.9301943 -1.27301591617 4.28670949552 -0.192727436342 -1.53247992101 1.40757579046 -2.21734609317 -2.27358271242 2.96389465138 -1.8636053243 3.08447738207 -0.280924908471 -0.899233105348 -2.69381161481 2.63501441877 9
140 14795.2753821 -0.0220166418635 7.49208586477 -0.982416058443 -2.53930891848 1.19430420981 -2.16628909455 -2.13456033518 2.88305746628 -1.0163990159 -1.04007553419 2.89234994609 0.117295414432 -2.11405049248 0.99459195966 18
141 15685.6456245 -0.681099298622 3.80171103614 1.38279064679 -3.12200108596 -0.451507689921 2.34268215512 3.07716253309 2.58422688074 -2.80019563175 1.71380499884 0.631150953863 -1.68229305336 2.73257954268 -1.91763631936 9
142 15722.456369 -6.99737020614 6.81413373215 1.09773283947 -3.0876708237 -0.0634568915861 0.683744204211 2.7735354218 -2.28504071914 -0.889124731503 0.708672572953 2.78205246265 -1.66151236873 -0.648284125369 -0.41437280113 17
143 15981.1058456 -3.4712760629 5.23368144109 1.30507254952 2.46451582298 -2.89135126308 1.11063660956 0.997253879213 1.79569856361 -3.071724287 2.46686329024 2.48441347953 -1.73762574311 2.66468828178 3.07306321641 5
144 16593.6743193 -7.42602830231 4.70993124522 0.835124380884 -0.412360154015 0.367838085557 -2.24889363695 0.977363616277 0.730058075186 -2.54284329795 -0.988304476455 0.996942410859 2.43313264543 -2.56900403013 0.256063531994 8
145 17152.6945393 0.20272283745 9.69598333625 0.571150509612 -1.9785541532 0.364293387405 -1.90844521861 2.67265258634 -2.27084086232 1.81953137634 0.200012170629 -2.15589259377 0.211687334645 0.275423240733 0.398741560719 18
146 17738.8390884 -2.99980254426 6.23671897206 -1.68478282216 3.01554800647 0.515855478364 2.49188065817 1.14037691626 -1.24046514191 1.08674394879 1.34637577573 -0.755364002509 -3.00771601033 -0.771087998467 -1.62699908489 5
147 18371.6486404 -6.79987762108 6.70354381007 0.378167127087 2.49777672432 0.619900194532 -0.223005873734 1.67669990815 -0.674596604116 2.61119968484 1.42725293177 -1.82498506746 -1.00945308316 0.60102419307 -2.69626137482 17
148 19447.1221755 -5.92630010277 8.7091281134 0.417470291123 0.4366715738 -0.640051520559 0.582624752581 -2.4242631866 0.851660749462 -1.80473434709 -1.22104796286 1.28127168653 0.596683962557 -2.9263761448 -2.64228262576 14
149 19638.4845522 -5.78736722927 9.36200025947 0.950316285188 1.47379956593 -2.81406665544 -2.06460501102 0.566537576681 -2.14952345414 -1.22080145571 -1.2171165719 -1.69741292228 -2.00161966258 3.12187534448 -1.72645701893 14
150 19939.94896 0.308167357283 5.76912787464 -1.13659731014 2.73906218561 2.67331921604 0.265710539003 1.73465586126 0.366018584887 0.521502679225 2.38830166671 -1.37070730265 3.07537615741 0.528226257709 0.471449991882 9
