 -3.49633157178 3.53976049661 0.660484855386 -1.82892048605 2.33700000945 1.65145666695 1.63654485733 0.434369079857 2.14350374301 -0.0564529916635 -1.02769658957 -1.6543269175 1.85562703238 2.63407246906

1 2415.2763158 1.19124694705 -3.9421807646 -2.76501073457 2.12587344221 -0.0589275902707 1.89421940526 -2.85607275614 -2.67340983 -3.10114507066 -1.84755560102 0.317192804079 2.17410180795 -0.000760991752446 2.74481169442 7
2 2616.76673746 5.80259735741 -0.00144660110136 -4.32408290117 2.28750256606 -0.935500742266 0.305651376888 1.35080635309 -1.90495024623 0.871231524147 0.784696230826 -1.48155636403 2.13068806186 3.0848516539 -0.989000583551 15
3 3438.76207842 7.51475725453 0.809334320333 -2.7941371673 3.11717311412 1.03041935934 -2.17579036707 -2.51943401645 0.920277032208 2.85596786835 -2.93751806545 -2.3344828401 1.01918381342 2.29857757358 1.03307691243 15
4 4146.23135769 4.21723347583 1.03658797087 -5.98571384801 -1.84913387988 -1.35953055827 -0.627667696445 -0.65809462352 2.57715451939 -1.57874670861 -2.39782176058 2.68342261605 1.61722885274 -0.259944273795 1.56113077032 13
5 4359.18706782 6.43871933302 -8.19049836653 0.963512447806 1.69782808693 2.74670919219 -2.73509730376 -2.90029523824 2.39494854074 1.11621834795 -1.73142993581 2.65160623627 2.663693357 1.13309041766 1.7235279825 21
6 4423.74369745 8.28791150222 0.643860844399 -5.21780988393 2.83443054069 -0.571287009483 -2.54344713057 -2.62868501357 0.98710061691 -1.89320917656 -0.0410861311889 -2.45400071139 -2.38550468429 -2.81985775318 2.5096627838 15
7 4625.1964702 3.80701455245 -0.851508883169 -5.95782433618 1.95181768577 -0.317559964628 -2.25833775199 -2.58652860613 -2.88923258423 -1.93109011633 2.66259015971 -1.07072016562 2.42322538698 -0.268885856187 0.812731877752 13
8 5020.64401582 2.89809171236 -0.525405075209 -3.27182884821 0.0464977491767 -1.77369625034 1.49988709052 -1.21031103381 3.00164614084 0.336391180258 -2.54689563519 2.50938586936 2.29895944339 1.72179106673 -3.03844845076 13
9 5132.39150681 0.520535619071 1.20181171595 -3.79969994279 1.03914947994 1.52261588471 -0.838552468078 1.66711589346 -1.02025801361 2.87277054296 0.132936213565 -1.38840352552 0.763889636059 0.362530580748 1.35610827894 16
10 5286.51407315 5.10954672267 -2.9552440302 -2.76357073757 1.23205611193 -0.132806760656 0.91254151956 1.20742390779 -2.48704639593 -1.95358717051 2.07534731015 0.669524563145 -2.89564856038 1.06499020683 -0.257553199782 4
11 5664.57153654 7.60298293102 -6.40367816736 -1.83964869583 2.94013063081 -0.600934817956 0.935533522215 -1.90216707972 1.42505768292 -1.96421015892 -0.673087832686 2.07978397354 -1.32003062919 -0.600526370185 -1.6204814763 21
12 5669.07454835 6.90497944777 -2.92073483978 -5.36875421487 1.57830222616 0.981832472939 0.511989005215 2.62245287255 1.82295612029 0.354991693519 1.19842400906 -0.460224223357 -0.906644236804 0.496752787123 -0.014418277659 6
13 5694.0987256 6.09566162957 -5.23947023597 1.65299077957 2.16953116841 0.748481554986 2.50592503334 0.0963873927392 -0.222122034451 2.46722384257 -2.76034089238 -2.80512842856 3.08169965312 0.955005118359 2.93992459501 9
14 5799.21487003 8.3622005507 -4.68975418936 -3.90874563528 2.44754762799 -1.59871520881 -2.56425353006 0.0134493391321 1.32416203367 -1.42030804914 -0.530500838317 -1.05398162604 -0.0351783989927 2.69890724057 2.95036100099 6
15 5950.87854631 1.37796710146 -4.85512028247 -1.50327885593 1.70395974852 -2.87117845337 -2.64090629824 2.07679938002 -1.44255652045 -0.925319236763 1.17654570259 0.689673536189 -0.864980969777 -2.34613283633 1.02027202181 2
16 6114.29802235 8.1087943138 -0.199588388603 -2.72910316006 1.95866802045 0.222460262612 -0.117317156936 -0.938508286076 -3.01622581838 2.7369356099 -0.0908415553419 -2.78198945883 -1.50231275811 0.804076399447 2.04283456707 15
17 6272.42058073 3.93908184427 -4.752986411 -5.02902064467 -2.92945661642 2.71173816657 1.97526241195 2.66072078076 2.91536876288 2.82050147257 2.27539505841 -1.00858071688 2.91737797082 0.918894038259 -0.402586200344 4
18 6624.03401117 5.55846546516 -1.23077965779 -1.59677011854 1.855510956 2.18576981902 3.05178754329 2.38568229845 1.12413087383 1.69537388147 -2.21358318997 -1.66511981785 -1.74947567466 -2.60536437009 -2.80257272458 12
19 6653.70795133 5.65881897619 -2.29344177143 0.971118118234 3.1095445555 -0.422466102893 -1.98413481812 0.640926849917 -2.27352675549 0.739206191355 2.59748844727 2.25052741742 -2.89136834266 1.56258057846 1.35587115785 3
20 6737.79460986 7.11255858767 -1.93814182564 0.478532786789 2.7763810839 -0.506067751192 0.256885920935 1.4550102003 1.93881814888 -2.09582061954 2.87868970345 0.758233043506 -1.05378342688 0.960079303553 -0.324484045153 3
21 6778.80527132 4.54241443461 -0.557207951198 -2.43612039968 0.510918880372 1.65112043102 -0.0982090895796 -1.38970190296 3.08923596806 -1.65570777106 -2.51389850359 0.831289603029 -0.697314073125 -2.32927543384 -2.33583594387 10
22 6985.77383478 1.04940296445 1.13998293132 -4.34784009161 0.988770508107 0.00482802193883 2.08153569897 -2.34189902497 -2.99328273331 -3.11769904272 -0.872303668567 -0.739562762323 0.29058340189 1.53218301405 -1.68209644396 16
23 6989.52453657 3.43405378896 -1.52881569835 -0.377038083144 2.16481096848 0.317620682894 -2.16796668868 0.0714041603187 1.45545285285 -0.828815014717 -2.92829126297 -2.1476853769 0.544843569364 2.03519575995 2.32167965553 10
24 7153.84066658 1.23124625072 -8.14867123853 -1.50284208547 1.92975637959 2.61936769474 -2.63649335923 -0.695989014157 0.579028174239 -1.24146931743 3.04708226709 -3.00629605038 2.52674301051 -2.85162416475 2.1953853275 20
25 7174.38689985 1.69775491073 -1.79560573002 0.102332744447 0.578981243422 -0.187538744367 -0.401538995789 -2.18324788798 2.12284893546 1.91926227898 -2.27950090206 1.02457110748 1.81086069035 0.033076316842 -1.93238376329 1
26 7192.11502911 5.41855462827 0.528049046389 -5.50040462203 -1.12467543109 2.17782932 -0.907134141895 2.58039801786 -1.20403882212 -2.99587760254 -2.70968930994 -0.153728789836 1.78779395586 -2.51930392009 2.94194206022 15
27 7389.64884548 0.93300309686 -4.08625453101 -1.17160265269 0.698401103955 -1.75587387667 -0.679824809331 -0.195844188434 -0.940002180608 -1.52446220585 1.59979358519 2.48206375185 1.56055985165 1.45203869915 -0.288151784084 2
28 7401.78806047 1.15823734041 -3.5099488295 -2.60555819414 0.705698821936 0.71603368356 -0.884175561656 -0.193738196286 -0.00918925579579 -2.09705787554 2.35973445509 -2.57504675062 -1.87578378074 1.8299527339 -1.20743275239 7
29 7416.26422915 8.32550254881 0.533291933642 -5.06078711495 -0.0394858571702 -2.56571795265 -1.37926081856 1.49533238475 0.517269423233 -0.29382120402 -2.47328939315 -1.6909915201 2.29746846159 2.49779537457 2.27360176131 15
30 7434.49616406 1.19913199898 -4.75480304794 0.543681978736 1.0761075024 -0.701430795361 1.57768643287 2.40965428228 -1.40480006192 -0.546252980666 0.650628422275 1.80343293815 3.1396135735 -1.29873402246 0.4651293345 2
31 7480.19928269 6.22234141311 -7.72075505734 -3.35787871164 -2.2864412204 0.200886613045 -0.512844159503 -1.22968225129 -1.81225355523 -0.338913528912 0.0971543114348 0.311038127476 -0.320260195269 2.2601873165 -0.185878815693 24
32 7627.75988086 1.50452412841 -1.21874080634 -5.34100675385 -1.65772507515 2.52831654437 2.9906456787 -2.78740267684 1.85067560266 -0.181047227035 0.011655070782 1.40048240722 1.97651082701 2.48830803872 -0.151198555317 16
33 7672.05492403 7.92676321111 -2.45123050102 -4.04801379787 -2.39684258976 0.559292751745 2.64614165135 -0.838467487975 1.93295385294 1.62413127237 -0.0770270942138 2.25792367584 -2.53375574697 2.24405954383 -1.87193454733 6
34 7685.53312712 2.43570392551 0.0273637444896 -3.07751019563 0.776824209738 -1.27819615733 -2.83004934104 -2.17539149416 -0.671530132594 -0.535374042111 1.09102153882 1.55602053046 -2.54314709468 -1.63625926068 -2.61808906735 13
35 7874.78862954 2.71618922914 -2.10468441454 -5.67408278925 -0.374886898896 -0.239468199026 2.90420967641 -2.80661055132 0.0311173507044 -0.634335810962 2.48088335845 -3.07873030836 1.85093298498 -1.83465036497 2.20266511587 4
36 7951.30155634 1.77588272343 -2.2315736521 -0.241943930474 -0.853704027108 0.0339225505911 2.50222161635 1.75006586052 -0.940962051632 -0.323397389349 -0.293198979524 -0.377927911238 0.588233093849 -2.38347795958 -0.588367989792 1
37 7960.90563074 2.79223932353 -3.40464109128 1.22657705184 1.25249092198 -2.27224878584 1.11277347741 0.065009657738 2.15260668011 -2.19750879806 2.38664566414 1.75332393262 -1.43910021446 2.84487829807 -0.562730266222 5
38 8032.3558055 -1.34102907659 -0.443489786224 -0.381777027719 1.57272149418 -3.01185380066 1.38567340814 -0.337128489403 1.32048932939 -2.0463279832 2.72105014671 -1.91792091537 3.00290498779 0.088959281357 -0.33453320928 11
39 8099.56308806 5.72802694935 1.39659109797 0.289780269917 0.015419454774 2.28931508696 -0.847161378256 2.69618016456 -0.656648100028 2.66081514482 -2.00050857814 -2.50675198126 0.133333303786 2.03000012316 -0.299541131087 12
40 8121.58753742 6.37107992607 -4.56186884756 -3.83302967132 -1.40650169084 -0.154033859793 1.50500767418 2.1479991293 1.73758863943 -2.27285652796 1.09357689601 -1.29341994484 1.39504780903 -0.992099345788 1.88799824305 6
41 8123.25936502 2.83688615532 -4.64463186782 3.35666992912 -0.48552031389 1.42724954748 2.71184629717 -2.07737079778 -2.54574441278 0.928235413091 -2.4021901712 2.8924469498 -1.59921360049 2.67097469852 3.10647912935 5
42 8154.43363215 5.03578724509 -3.23145877832 0.712016473579 0.9341049309 -0.872586494841 -2.08013870996 -1.30204033317 -2.58835948117 -2.76985271908 0.0881250851593 2.27352048017 -0.0843288646181 2.62397943649 -2.53760100442 1
43 8161.93996742 -0.0394744431171 -8.39210854528 3.30873017027 -0.0235730611065 1.98406996551 2.19711917941 -1.00955838037 1.58231767881 -2.62214158907 1.37799263443 1.95040572356 -1.65017965097 -2.94082067961 2.07756203505 26
44 8200.62317273 1.06572070487 -3.13670535619 0.867012429378 1.26856068086 -1.47496891316 1.37139501275 0.640315199976 2.58875923723 2.68891845011 0.284501550728 1.57083742943 2.93561022807 -1.5687115121 2.92260668533 2
45 8292.62229881 4.66739359472 -4.81469943298 -5.43783202715 -0.0491354562741 -1.82228619519 1.80757411322 2.11033981691 -2.5896195324 -0.99694178261 0.596022351606 2.00444612892 2.36759683913 2.64687023838 3.06464576851 4
46 8306.45995035 3.35288724545 0.253955322573 -5.31286475919 -1.46461422878 2.01856505859 -1.80353895572 1.46557107694 0.265824845633 1.64497145015 0.487841493935 0.59928028274 -1.0079609563 2.89445243158 2.60911399722 13
47 8527.15060827 7.33447062913 -5.65232561021 -2.59468495004 -3.08514573631 2.18564767858 -1.98602510127 -2.21132893032 -2.59255366556 -0.899282188752 2.15633267932 1.06788676473 2.63496092365 0.623116672497 -1.05361736132 24
48 8607.41141077 7.05282939361 0.663918093814 -1.42655923908 1.28670388012 1.14117408562 -0.125243845577 -0.96117764871 1.86926041522 1.77076511479 -0.128658953129 1.08314332325 -1.96797689707 -0.93090825602 -2.302087188 12
49 8611.73639456 2.02574428792 1.43348805715 -0.582272042116 -0.820157804219 0.641901205071 0.899927710791 0.390339091698 -1.4026466629 2.95725746283 1.65918212784 -0.379406814876 -2.57860714638 0.256418567573 3.04135333789 10
50 8648.53958913 1.25708774243 -8.343115745 -4.55098939878 -0.331884386663 2.9033067957 2.33202569678 1.37900977894 -0.52891449685 1.49622879485 -0.86903570829 -1.95110039498 1.91754660783 -0.318279621833 -2.88645599445 25
51 8782.21648103 5.3124338703 -5.41436008024 2.74172721231 0.781762882783 2.87620287525 3.11780336832 1.17631913988 0.430862814974 2.48988935948 1.53772568046 1.21979459405 -2.93903526115 -0.340323774881 -2.13221134858 23
52 8820.97683566 8.67484063494 -2.17366280615 -2.79824978142 -3.07236075657 -2.85185568064 0.950045394168 -0.892820276297 -2.70620819413 0.986555007988 1.16377522324 -2.33459487964 -2.83023149245 -3.1347572327 0.0271682459655 6
53 8849.69917009 -0.27713104637 -5.8138890129 3.14365266326 0.864443604401 0.924311414752 -2.88605472232 -0.928071672471 -2.07967837394 0.935680746763 -2.89364605848 -2.77832767292 -2.5238956991 1.34041893512 2.75215181599 26
54 8933.44630861 2.77793865107 -2.1135851656 -3.71495198329 -0.514126294984 -1.0685344907 1.66158767265 1.09130231704 2.50365311537 -0.889353005769 1.07741379034 2.72263905351 -1.85432109609 2.38860938615 -1.79959407626 4
55 8961.5235778 4.8103802638 -5.33763099384 -4.04864701807 -0.787737779902 -0.182442286119 -2.12418538515 -0.0761667535581 -2.32626829435 0.748191481353 -2.10242857168 1.23589072944 0.760670333914 -0.254335844652 0.741472066719 4
56 8965.75015456 0.887037111385 -5.30258792501 3.40775811358 0.423931028721 -0.435979720032 1.8911376382 3.12614409526 2.46566819023 2.77440463104 -0.295731878154 0.726856496057 2.32849899163 -1.39176122635 2.60414495048 8
57 9024.98516585 4.57877271735 -2.87518523822 -2.4200795705 0.576826933655 0.206222723065 0.994085940334 2.99837408144 2.87563402068 2.4960721137 2.88427571526 0.132013018931 -1.0675995092 2.30095029393 -0.502100916874 1
58 9149.36098 4.67854171968 -6.47109742726 4.21503452951 0.956928644012 -2.45866395154 -1.90779598414 1.58485746237 2.62439980767 -2.93370384477 -2.6184552906 0.00461839387145 -1.50132961618 -0.185365652969 -2.86784367892 23
59 9274.18535145 0.487857240719 -3.35272800697 -6.09685466154 2.03215392879 1.28853525808 -2.47028617344 0.487916169665 -2.47490167699 -1.28310776561 3.01514647084 -1.09729710522 -1.2538770236 1.23816953859 2.83403227651 7
60 9283.78935742 7.24192791685 -5.20883871103 -3.60483774043 -1.2779622545 -2.05058444798 0.673783270442 -1.32252028871 1.46989743762 -0.339973115711 -1.3551944581 -1.77081888461 1.37372870938 2.61601360115 -2.37502453836 6
61 9285.01425203 -0.0603677554139 1.44155189057 -2.69327610889 -1.26134186677 -1.03951989828 1.24643506465 -1.60576709028 -0.615880195974 1.93338491858 1.20541538731 -2.77179066934 -1.57335606194 0.241427068905 -1.08867305371 16
62 9333.39754543 8.83671471309 -6.73944199372 1.80147031914 2.45435380099 0.944788866139 -1.13162257127 0.248359352019 -2.21179777793 0.914840955462 1.08884341968 -2.35630674074 -2.3219575122 -1.22019835593 1.75031435393 27
63 9491.5363357 4.77957058338 -6.3235630741 -2.20807161906 -2.43410485825 -1.24950446636 1.91687020808 1.61591605066 -2.89484159701 1.33991509457 -0.653498755257 -2.28663304928 0.744593468175 -1.30042506115 0.52888851009 19
64 9563.50474246 8.26209311492 -4.02381407195 -1.36261939457 -2.89231626138 -1.60621588986 1.69411093062 0.39065629944 2.12977277129 1.60878193338 1.78971176588 -1.36268169396 0.0396049114977 2.00911685563 -1.81427262133 3
65 9590.39558841 8.95648512129 -4.65092892165 -1.20829238434 2.55258628718 0.300134679371 2.68805986387 -1.38658012675 -0.519516022887 2.35644145343 -0.171357439364 0.627676931103 1.21852454952 0.931514597984 -1.65820672755 3
66 9648.00408291 4.98001793484 -5.42499491123 4.21942766602 -3.04260610002 3.0828448309 1.17440891651 0.761347516045 0.77424351954 0.0395604118437 0.9847809875 1.25962904135 -0.413849186448 1.90091915035 -0.762598453393 23
67 9665.27201154 3.17238259145 -0.430435823679 -0.300508789423 -2.26958136808 2.78949122081 1.87177709445 0.940056761462 0.951962734215 2.32544713015 2.33405793034 1.64796834484 0.233744847786 1.67547993584 -2.14414048944 10
68 9731.64587227 4.42460704936 -7.99185166174 1.13728111721 -2.35922212374 1.38334876249 -0.77603366293 1.52474990899 -1.37501010272 -1.40069099302 2.47627402879 -2.54326012263 1.66196300739 -1.48021383555 2.21442645835 19
69 9814.92719072 7.66331674011 -8.31492416476 -5.13264695491 2.26718639651 1.0363801558 -0.048468135828 -1.96559278277 -2.72242283738 1.42001858059 -1.29366983662 -0.464181033739 1.42033546777 -1.9708855269 1.69207172939 24
70 9834.93966077 4.13072288863 -8.72816752789 -5.26191430007 -2.94149443666 -0.227767902108 -1.69679138238 1.52388083132 -1.82724697686 -0.626395518982 -1.76869098107 0.366623221688 -0.629618039746 2.53102593959 1.2400984366 22
71 9902.62387449 6.94699014616 -8.55941745067 -2.96330097795 -1.2924921336 -1.54633921267 0.446873706487 0.0636055776894 3.04255852426 -0.145915540759 -2.16835772925 -1.54304191618 0.687919143467 2.41172674735 2.8248522148 24
72 9971.64509485 -1.64612205673 -8.07992489894 -1.93535919744 0.37576140587 2.99889734959 -0.244670049637 -1.49905586264 2.1490273179 1.94161863842 -2.67812773606 -2.4646399225 -0.453070966573 -0.356018016936 -0.190104612215 20
73 10242.7294309 -1.35597269902 -3.53644976733 -3.23575006464 2.27063090502 -0.43509648782 -2.26573044514 -0.159333235693 2.21548820509 0.0439554141865 -1.09768733055 -3.05413381643 -2.36126882612 1.09450968744 -0.970166745521 7
74 10394.6779451 -1.89007478968 -7.03831628008 -5.90177376934 0.221143824467 1.76438100498 -1.86091300651 -2.35073840368 1.44927545224 -2.34029681746 2.80656727716 1.84599821843 2.41412863482 0.584423034126 1.13251494856 25
75 10555.4038907 2.96151727856 -4.9929461111 3.00451581028 -0.799620763982 0.235667211632 2.83584596404 1.93652599609 -1.77344205715 -3.07153983654 0.834635965141 0.628108156163 -0.950507518123 -0.438078177027 1.55419438721 5
76 10659.7150705 2.7608159128 -8.84997831473 -5.73746911061 -0.666973512464 -2.27270989146 1.7846742583 -0.424460830128 1.06527871837 2.33281413994 -0.274501603557 1.15373026958 -0.560327090506 -1.36661766673 1.59892440642 22
77 10767.8922906 -0.581114396101 -5.67307007351 -5.66101007119 3.02322812504 2.28447497167 -1.85513330277 0.485164720517 1.8928337651 -2.01638972063 -1.61216570412 1.35513741218 2.38804397614 -2.68880963766 -0.640867496375 25
78 10851.7430168 2.97668745033 -7.52098975635 -3.8751460151 -2.31324734974 -0.82317042107 -1.89736090891 -0.563007234673 -0.583988004245 2.6665411216 -0.820970060731 -1.17327851795 -0.953203051146 -1.77806902151 -3.06931489189 22
79 10992.0474905 5.20698867269 0.352984893937 -2.65033484373 -2.8795644267 2.37300384273 -0.763522060752 0.940891025103 -2.57345954235 1.73192667186 2.30324698276 -2.80093300126 -0.943372805317 -1.98086246054 0.147064904715 13
80 10995.6108252 7.63727576122 -7.48852266823 3.76250143738 -1.95340804904 -3.08593082833 0.166488236233 0.181417468546 1.99411496182 2.18807749996 -3.11275293988 -2.80016738372 -1.55688717821 0.309976132053 0.225965473449 27
81 11087.0783024 0.511768003724 -0.530813100543 1.04926987297 -0.361703959845 -1.64848561474 -2.37926167849 1.46780196938 2.03851797916 -0.0109101214599 2.52576830782 2.31567706986 2.83797192988 2.25848900513 -3.05771327404 11
82 11152.3868886 7.05780223444 -7.97258620407 -0.336896680819 -0.229299191365 -2.59122882431 2.11523309546 0.236106021209 -2.4418970065 0.713583454834 -2.53670553658 0.292225029712 -2.61972928306 -2.13771827342 0.197100268974 21
83 11170.9853753 4.20305057444 -4.7801222903 -1.38935671693 -0.455863896222 0.293711053038 -1.36084043162 -1.92665733337 2.81529535555 -1.34460670071 -3.08150207808 -0.927228018546 0.445241383493 0.231699282953 0.672819026298 1
84 11259.8352488 -0.0509770983245 -8.38602088131 -4.335511187 -0.859059759935 2.71450365585 2.36530285478 1.84292107813 0.983365338988 -0.940297542369 1.3824131437 -0.72408073421 3.1022385285 2.36249509227 0.371934104795 25
85 11359.4828144 -1.93004237748 -3.42554134088 -3.26971107838 2.81058547916 2.19935647913 3.00485405714 0.504321758746 -0.256558959969 -1.19845913597 0.499533215992 2.81983944235 -2.54715188977 -0.909303843806 -1.0104665667 7
86 11378.385041 1.0301665015 -6.91755574029 -2.20926902436 1.01878312794 -1.88881536282 -0.257039616301 -2.55272754438 -0.320800776981 1.8351199534 -0.739172838202 1.52445398171 2.71296388063 -2.76619808504 2.51494003869 20
87 11456.5637317 4.40219380805 -6.68838128726 0.796711376725 -0.169008401972 1.66483309506 -3.08449135763 2.0367283209 0.048973510773 1.81505363346 -2.28950426184 -1.25251314586 2.33465657971 -0.0480919391252 0.817681935003 19
88 11462.0243963 -1.03590923356 -2.06245563775 -2.08583089353 -0.18908691187 0.152354234338 0.59502709322 -0.929377286058 2.06799152049 1.94376315999 0.355480323829 -2.13653150398 -2.65092437436 0.233753467435 2.70332264009 2
89 11538.5830846 1.48506885855 -0.943129504467 -0.935524591078 2.99386780443 2.5962475834 -0.176174393067 1.79694970356 -2.77763204508 -0.879133748336 -2.21314420488 -2.1719081591 2.65124791927 -3.03381989906 -1.89552656752 11
90 11776.9716761 8.2239393685 1.31847707258 -0.568265456934 -1.53752768757 1.34801817104 2.19695305719 2.56960502499 0.57687851537 -0.576889056756 -2.87005162098 2.3009958247 -2.877869421 0.888592862339 -2.69944467891 12
91 11825.9233651 3.01196557074 1.00756744952 2.11423785677 -0.187401074273 2.97003387911 2.59125449568 -0.299067212466 1.89110755181 -0.695491624953 1.66119371214 2.00317861237 0.339483531301 -1.19056688218 -1.80495506468 14
92 11844.3262406 7.8813296699 0.615786526948 4.56403295532 0.472491897451 -1.43829108698 0.579139340446 2.15958934606 1.76933973332 -0.416874491629 0.963478556081 -0.776592263002 -1.08067040741 0.591736043874 -1.36630510037 18
93 11945.514551 4.03442213735 -3.09199610875 0.289780090109 -0.446846419556 -1.48442079697 2.68797337196 -1.70973136873 -1.9595953558 2.27133013602 -0.82535288025 3.00578635941 -2.21468683388 2.95224699612 2.04307331638 1
94 11971.4693765 2.28547819818 0.0961218006144 -0.247238571705 1.69006049479 -0.805865275398 -1.41541312368 -1.5257451587 3.06629666528 -0.426307543091 -1.78728128404 -2.81084860211 -2.68104349436 -2.62297714953 0.0359212166042 10
95 11994.5733411 0.0251804957552 -2.12017732536 0.81772480842 -1.9936676965 1.46606778354 -1.05023736316 -2.20462218049 -1.57354022978 2.22183282461 -1.0961959485 0.426907124099 -0.692361367767 3.0443876895 -3.1021465839 2
96 12029.9364626 5.3848048597 -1.80162919493 2.85051547975 0.666979597433 -1.42497170126 -2.36047007959 -2.19082945067 -0.910879809345 0.678633366508 0.985896757635 1.24398756202 -0.230592234395 2.54634725272 1.43277856994 9
97 12071.9572128 5.75063717873 1.36836739438 -0.611575708008 -2.68477598531 1.97991238965 1.17220233954 -0.720389282778 2.67893164477 -3.07611027918 -1.21161201524 -2.92536058931 -2.29844252978 1.18137841046 -1.99031265091 12
98 12306.6763148 7.49274857821 -2.233688431 -2.19184121804 -1.8961917273 -2.20914244608 -2.99058518153 0.814912995364 2.94406315407 2.78064357 0.956372895508 1.3654400511 0.130130855858 1.40459632746 -1.21696067624 3
99 12511.9501655 4.01806851725 -6.25306490865 2.3945069661 -1.30672035332 -2.33632381301 -1.47498940378 -0.231706940168 2.95556689993 -0.969934535615 -0.645883979247 3.06207568577 -1.98404240718 0.0266460268775 0.325682472063 23
100 12518.7439145 7.7334338135 -7.39721697609 4.3012522307 3.09754455132 -3.01008306906 -2.20480506174 1.55517968669 -2.65945623727 -0.333336719841 2.25015193824 1.99774970427 -0.162168119499 -0.621252491562 -2.44800031675 27
101 12579.4233288 3.39050579987 -0.579255231004 -0.798603149964 -2.34036899369 1.82664184882 -0.714202004908 -0.795115339079 0.360303020135 0.215571084291 0.255576702233 0.28848602802 0.434007623936 -0.98368844849 1.25525769843 10
102 12642.1167341 8.83491595678 -3.27411548753 1.19800552249 -2.95228498913 1.70043443448 0.832184964175 -1.00479539426 2.65684245501 1.68418913625 -0.944536371888 -0.101733655707 -2.98805360515 -1.38190654092 0.859421358096 9
103 12665.1927565 -0.322637853121 -0.535215370122 4.57607310887 -1.35338960845 2.12113744135 -1.13378538025 0.781833772838 -2.99118987457 -0.461807783236 1.87319921922 -2.91583944987 2.24260575908 -1.52348207732 1.39580754149 17
104 12679.5379276 6.83266042809 1.23036658571 2.8833574117 1.71960788301 0.149357128083 0.96509923991 -2.62545573902 -0.229426765418 -1.76073309314 2.14086056018 1.70826810281 -2.3690743698 -0.83771625952 1.27342573341 18
105 12793.9325469 8.18796342392 -7.62562642397 -1.33898240676 0.048279181255 -0.0861502892884 2.94808095062 -1.30329002789 -2.189468052 1.51186413279 -0.361719094057 0.327882773765 0.253415249959 0.747116626054 0.517497373352 21
106 12802.8737809 1.01076831585 -3.24263219909 1.88367585134 -2.12222895204 -0.0312088681209 2.95398084474 0.266133797462 2.14504135054 -1.9385714452 0.0484502661644 -1.8385260042 2.88433195156 1.24827415818 0.226286665006 8
107 12827.5750101 -1.62043998518 -6.54930345277 -0.843631041558 -0.532500106577 0.825249498245 1.8299286011 0.0073407735961 -1.60641253005 1.70087287843 -1.05335490656 -2.38911766497 1.93680370146 -1.41167861415 0.788300401442 20
108 12865.1594299 6.37892672209 -3.87092021767 1.54648876381 -1.05892321192 -1.49726606037 1.03522601944 -2.60239840068 0.669954187342 1.50847301831 -2.69035359781 -2.48631792896 0.956775191343 2.49184649655 2.81006844035 9
109 13156.0021047 1.30660940688 -1.06060671637 -2.25779041659 -0.0806931411893 -2.16757848909 -0.975844656961 2.53551823024 0.822154322466 1.76700775339 0.244713369065 -0.781445965837 0.501911958541 1.59134900956 -0.802093636679 11
110 13157.3632887 3.9890006575 -6.12009286871 -2.09098392385 -0.704208786846 -0.62576410007 1.06207564126 1.00880902626 1.14873681966 1.69609212804 -2.44754222682 3.00656202196 -2.0778743061 -1.87418315997 -2.63020550658 19
111 13183.902872 0.189033076061 -7.3017204253 1.04270160219 -1.37855610326 0.732099642969 -0.171147029163 -0.046548025654 -3.0623280801 0.957326466699 -2.40504777155 -2.89901156835 1.73839809499 -1.29937269456 1.23685556617 20
112 13220.8106685 3.79307082775 -1.48462882551 2.92344496568 -0.42020773639 -1.59951054358 -2.31615225619 -0.436986034237 -1.76928046367 -1.73020635402 2.77875506684 -0.41114760719 -1.87414243477 0.0709143465797 1.23878454196 14
113 13290.5372066 6.2325578498 1.24278277006 4.08365590139 -0.696377626891 -3.05772022177 0.54880685095 -1.12273450989 -2.55553858964 -1.29400756579 2.2116736261 -1.82167886473 -1.56715138245 -1.55016321211 0.132787560784 18
114 13356.3413477 -1.70649887131 -8.85622690834 4.14921082252 0.546788229308 0.496415468997 0.804862833623 0.498722880239 -0.527672421545 1.21549387323 -0.810360012814 2.8092419748 0.546173675438 -0.148997380043 -1.4476157931 26
115 13374.257095 2.61262668152 -7.56707634423 0.973964327096 -0.692973455737 2.26266136088 -0.751354234403 -1.28559978693 2.56740009079 0.879498360367 0.0584404531649 -1.50350299001 -3.1363749408 0.429205617126 2.34459493238 19
116 13394.0941199 -0.561945909593 -0.497059141141 -3.00499700119 -3.12054306718 -1.02597775729 -2.57827625454 -2.29037046501 -0.176068010268 -0.237370149804 0.195832932936 -1.19036814328 -1.8692489193 0.868135204332 1.31194777076 16
117 13570.6010955 0.0657514103964 0.447072988662 -1.37805922699 -0.204643696969 -0.475324928255 -2.72765674406 -0.473213312462 -1.46908022596 -2.87268551147 2.7089019773 -1.91661922245 -2.84169100996 1.97251172665 -0.989407844226 11
118 13571.905961 8.87890917717 -2.04283690582 -1.50208490459 -1.2730677826 -1.69635595968 -2.25190978476 -1.10456038331 2.50127404169 -0.650322301792 -0.373497486789 2.31603433309 -0.718783863592 3.00964468887 -0.742630745326 3
119 13575.1981686 -1.4789966648 -0.0969939003935 3.54437793779 -1.43563209217 2.31383356053 -1.04953166752 -0.514700774426 -2.6793162725 3.02896764754 -1.66233818896 -0.137603693425 -2.66540926565 -0.990237340565 -2.39791413899 17
120 13626.1111006 6.24232607854 -7.27869192725 -2.38006158396 -0.779723667899 -0.32073934628 3.12118764808 2.82598968842 -1.65902696036 -1.1611216388 -1.01803844884 2.22850224282 -2.48612636571 -2.82552058804 -0.353844134084 21
121 13690.0019444 5.87647065205 -7.10477879235 4.74714553818 2.76752960625 -2.09527872511 -0.646749811146 -0.930805251083 3.06457123915 1.66711991281 -0.936768650191 -2.96989951493 1.83931623142 1.88992472868 -2.32472438482 27
122 13988.7487963 -0.200982681035 1.53284756121 -1.13365162602 2.85797117047 -1.28114807425 1.44153836792 -0.0673217818719 -3.12698686006 2.46684348483 -1.79896523157 1.098493017 1.08592016369 -1.66445375435 -1.0950428264 11
123 13994.4388178 0.189816330897 1.88730940699 2.74350194218 1.8856776327 1.7455901711 1.79192887819 -0.601358641799 -1.99468031157 0.276629477528 2.03955351558 0.688408915178 -1.71185329694 1.12288600735 -1.40029550382 17
124 14145.1612593 4.23123170649 -2.22988448698 2.170437595 2.99636654824 -2.95208576186 0.620745461173 -1.51439402792 0.386101001464 -1.15893164091 -2.72792568014 -2.08054877127 -2.72517808909 -2.94942990238 -1.75408802259 5
125 14156.9947849 4.22948936687 1.55918149194 4.74518671563 1.0215938447 -1.50225272537 0.770378097071 -0.894019014438 -2.05027033227 -3.00927126572 -2.89046838486 1.10823459465 -2.40038882736 1.95798624881 -2.96744944019 14
126 14399.0767265 5.24613443746 -6.90076372941 -4.21875082074 0.6281874971 -2.23574397999 2.87777011496 -0.417360252943 -1.34708082297 -1.19047570547 3.09723172148 3.09827204421 0.134565823975 0.344502127072 0.676585677813 22
127 14595.3362893 -1.2797769206 -1.92507447419 4.76590177368 -0.0796147288884 1.55683645085 0.992309180145 -1.60808652883 -2.60555306432 1.53422844256 -0.0667756516823 3.10823259811 0.729074609803 -1.87563123008 0.491415446715 8
128 14638.1289089 0.751794628109 -2.4497953225 2.41599737843 1.51379537213 2.29492821098 2.9336862133 -2.80496453942 -2.79453047571 -2.53484536977 -2.94745239798 -2.05767737347 -0.439250254378 -0.732554926804 0.700332131255 8
129 14829.6853658 -0.206455425692 -6.30354728427 2.90852242762 -0.411589887689 1.91880898276 2.135996703 -2.30628795173 -2.45824467293 -0.275138248597 -0.698999672782 -1.41043379863 -0.705915844344 0.900991123021 1.0530502013 26
130 14840.2182668 5.70669308879 -3.90886340195 3.97985129116 -2.18763847087 -0.728291616516 -1.59946540137 2.31633355455 2.66715742116 -2.11400374395 0.343687238699 2.86624279197 -1.69565188139 2.4070210215 0.300901695688 9
131 14986.0678285 2.17188071546 -7.68139080335 -4.89974677756 -1.11068043629 2.63536943789 0.376914169188 0.890604474616 1.15732144917 -2.34736332412 1.2952615146 1.78743384195 0.612677696435 2.23310147838 -0.893235583409 22
132 15221.9322558 -1.74344536224 -5.76213129712 4.33200396428 -1.94679125034 0.457455705008 0.21530343911 -0.0735026039254 -2.47703749973 -0.698131669074 1.5389833824 -0.121321325336 0.769138012918 -1.69295502436 2.09213562379 26
133 15288.012826 5.69247023087 -3.09954726085 4.73214336567 0.736249261869 1.0849647705 0.513138101454 3.0065312543 2.28867277511 0.75566882974 1.34835084169 2.38911624215 0.301724165395 -2.704024296 -2.47815670813 9
134 15466.5971478 3.38889877789 -9.02101528666 2.51896792632 -0.625000257583 0.142622400519 1.44024125125 -2.13783963126 -2.97735523965 -1.92790214258 1.6859660318 -0.629331664162 2.60746315776 -0.363468563742 0.704517337023 23
135 15524.9300906 6.87904562814 1.44028009926 1.44943424404 2.66685558376 -0.856929879635 3.0898975956 -3.10363885716 -1.32874448059 2.59551315479 0.370987174297 0.130447486065 -0.747374254134 2.73511124236 -2.14254698716 18
136 15574.2296853 1.41049292132 -7.97332112318 -4.41199924989 1.51967791027 2.85609210194 0.434568457821 0.091744837198 -2.2996947065 -2.32937432581 -1.49145535956 -0.990438001505 -1.34315155821 -1.23334672562 -1.25929779105 25
137 15826.959467 8.62120128585 0.92394146853 -0.921904667815 -0.503616748312 2.26570297662 0.263065535945 1.0330374243 -0.545213339181 -0.676071738421 -0.535754048566 1.08897520914 -2.82572377226 -2.14868425156 -1.40557933159 12
138 15837.7270251 6.18435049346 -8.08691172869 2.19976503754 -1.32203838716 -0.84899218125 2.46989692616 2.24823318468 -0.260877977323 -2.33722043068 0.0251329438852 1.79511695664 1.06754026694 -0.546293476646 2.33048396992 27
139 15880.5462032 4.94923695886 -4.22309190433 4.68788205662 -2.09749949106 2.92061851509 -2.23919797842 -2.47251557535 -2.40826486456 -0.599632414544 0.311330544496 1.3406374617 0.280163190696 -0.646605667438 -0.972944243759 5
140 15888.6571037 0.313157931312 -0.458969823021 2.10833222496 1.45431412944 0.97622760468 -1.45581902978 2.57841705772 0.992131706369 1.35648300758 0.708289889071 1.56482577827 0.942774222429 -0.00387768030018 -1.88000674455 17
141 15942.1420801 3.64094599723 -1.45626175665 2.44830082529 -2.68310832109 3.05503306652 -2.28618389366 2.97652191489 -1.1068081604 -2.41912290625 1.77406543442 -1.86019009838 0.383392881697 -0.730035960043 -0.923866278545 14
142 16145.1885784 0.168465521135 -3.00832860594 -3.21909156177 -0.451310972855 1.38151632296 -1.68353423663 -1.79498589755 -3.00499574006 0.341011448823 -0.290694261962 -2.21565086958 2.33625795593 2.30522653433 -2.67895982687 7
143 16963.9533077 3.77764898416 1.70282102772 1.5962130088 3.11954922326 -0.924199377212 -2.10910733021 2.32746456463 1.91317910342 -3.08608012959 -1.08897421435 -2.36112794376 0.0275180702311 -0.526171500501 -1.89303079594 14
144 17166.4598707 1.57235244477 -1.03202734353 2.63914652267 2.07385634944 1.39871281344 -0.4528852644 -2.07363163236 -2.9564858871 1.94238825426 0.987567628348 -2.91991890918 2.52420165899 -1.12199850315 2.17738732383 17
145 17167.2102337 -1.19743102673 -3.53723289404 2.55133865048 1.87882769457 0.419325086439 1.06753380392 -1.85344817875 -1.49685851756 2.05859488855 -2.31080994757 2.84702054406 -1.34774406293 -2.42983123274 -1.5218000721 8
146 17253.6663274 -1.61036834974 -3.9343294324 3.85512407002 1.27349347733 2.72847556445 1.87426519471 -2.01490902341 -2.41733091731 2.05526820037 1.65744635886 2.48958457104 2.00067166778 0.93629740034 -2.05517320847 8
147 17567.6682387 5.65320603788 -6.98653711364 -5.69540678692 1.1740772798 -1.00561330711 0.12185788813 0.508843918735 2.63930797648 0.465917755206 -0.547061627699 -0.869492592642 -1.41199078695 2.34963226832 -1.43431706499 24
148 17691.6361733 3.80876286475 1.0546207948 4.77950977422 -2.0979708245 -0.351054527838 0.776442752568 -0.596569601459 -1.45424920304 -0.807146973935 0.744589410453 0.866181793116 -0.760568425295 -0.0676468252345 -0.099235586387 14
149 18567.8186242 3.6989738448 -2.5586145397 3.72868686777 2.10989242301 -1.51066446564 -0.0307330725918 1.46760450078 -1.86376010023 2.61746219129 0.474198411855 -0.545374360244 2.33146930142 2.82857549006 0.321206861951 5
150 18735.7235638 8.29291781668 -1.53818442342 4.09526927174 -1.79629034627 -2.61689944909 0.605768697947 -2.85333844168 -1.33523216917 2.02965533483 -0.619013940901 0.816383037721 -2.83914300917 -2.13443331528 2.56949219473 18
