 4.54793353821 3.81404167564 -1.44035897931 -0.048765570012 -1.90385063562 -2.58833630846 -2.52754862377 2.2198171365 1.50001851413 0.536611550529 -0.398717474065 -0.668584205558 -0.258313502833 1.28350305036

1 476.588300073 -2.82747204834 0.909956075085 -3.75375936561 0.217905965997 -1.91593995955 -0.459006407515 1.83677925725 -2.40485664485 -0.677586010569 -1.76191332065 -1.63293067665 -1.18273828527 2.82999978673 -0.288341373059 13
2 853.201775353 -3.88236889853 1.26645157915 -2.51127532978 0.389196991154 -1.49604070303 0.802928706222 1.73344573597 1.88800651199 1.42835595655 -0.796404508629 -1.30161286408 2.5976137057 -1.53085670285 -0.657566014389 13
3 1623.22798956 -2.99840981625 -8.34696261092 4.49934010227 0.757851268323 2.48286896735 -0.142197932413 0.260625299493 1.09773413211 -1.95245320419 0.412355471421 -1.00603887565 2.88698826679 0.316995290543 2.7269170918 23
4 2301.69014989 -3.71020571132 -6.2086694211 2.61728241327 0.728997299672 -0.951947332091 2.86918712872 -0.466978517616 -0.590955143076 -2.51623381544 -1.6512636277 -0.331231398224 -0.00431201618124 0.837191350342 2.63327820934 19
5 2675.56383571 -5.84179827194 -4.76528540448 -0.206298921899 0.667928817342 2.62801322921 1.71075386116 0.637767847296 2.61964446534 -0.214607657973 -0.466902776595 -1.18741815657 -0.777639132645 1.92471459087 0.225494034469 1
6 3808.71009643 -6.34989335399 -2.79997816032 -1.02632804106 -0.401685813096 -0.981798517978 1.24291516503 1.61050364107 -1.79190643812 -2.60100601966 1.92725112509 1.4778833355 0.717504190653 -0.0262281728848 2.36578375699 4
7 4252.95215963 -3.52832537442 -0.983190097119 -0.271481532098 1.22392233605 2.2338212362 -0.273358457563 2.7972288324 -2.43633251352 2.25045307091 -2.53458830255 0.0252635747211 1.64438112028 0.495898891017 0.151673938694 10
8 4472.09597702 0.743368752289 -2.94988916464 0.912252773096 0.0880312786945 -1.26032133963 -2.57602455484 1.60548594137 -1.36046626968 1.5682103065 -1.25612924312 -0.545361053864 0.74533278763 -3.09422342644 -2.41296215041 3
9 4492.87804278 -5.49622484837 -1.56395503518 -1.56770671905 0.892527035827 -0.166938959429 2.77595767825 2.73017435974 2.59141425144 -1.94717829236 -0.922713532421 -0.45534051291 -0.08698679508 -2.75758447772 -0.364155508655 13
10 4561.88827388 -9.61082453512 -0.160637036854 -0.476444605136 0.453600612688 0.0158336379972 0.614866213424 1.75255962611 1.48356038028 -2.15219557529 -2.75317003331 2.17168112759 1.48052724793 -1.52175591179 -2.95929287388 16
11 4686.9690286 -6.36896163294 -7.44776261147 5.4536733416 0.373489229357 -0.784979705013 1.85259902991 -1.32906925487 -2.57133231365 -0.12700859525 1.19656787979 -2.56719038508 0.26190481284 -2.92492118392 -1.35998615524 23
12 4727.27023945 -8.16912433566 -1.75649548482 -0.780880245941 -0.25407752142 0.5570185624 0.857652257882 -2.01735123544 0.482892138085 0.853928908443 -1.89402393746 0.280114621166 -2.82316067707 2.8781550012 0.778662318991 16
13 4891.50883713 -5.78754605011 -5.04565864608 0.664796105952 -0.680095752672 1.48633182128 0.0540072486411 0.447248934759 1.19584660852 -1.47574616322 2.41293976243 2.12458788109 -2.13159671941 -2.33242415556 2.50632597124 1
14 5007.57161025 -4.73983687491 -1.08868219084 -2.2388270668 -1.87722089645 0.266654650581 -2.68256431001 0.153674555146 0.311494517146 2.0041851338 2.40280143586 0.633278018418 0.636630146242 1.12702066711 1.41524632586 13
15 5119.61676089 -3.78104099702 -5.34134678098 3.61039901908 1.12090880766 -2.89722286643 0.640952006103 2.44446621715 -1.9260323798 -2.60409321266 0.0720820487867 2.54174657093 -2.89878804825 0.16159576904 0.563000884318 5
16 5423.74003751 0.465771672246 -8.55666567479 -3.16780057047 -2.60862500517 -0.842871032285 2.5232248243 2.37529763654 -1.78665527169 -2.24434366876 -1.85146612237 0.649727082456 0.104903645158 -1.47399877347 -2.86559618441 24
17 5530.69880827 -7.50065903636 -5.49530425609 0.134192590275 0.259798744864 0.386569046592 -2.39893317571 0.409315802204 -0.00132356242742 -1.11306442669 2.38503296654 1.39739605899 -0.311301804926 0.742855021362 1.363802428 2
18 5574.04596062 -8.43247825899 -2.3236960502 0.662537885511 -0.446632023591 2.8267837587 0.797113546568 2.87596395337 -1.76675660798 0.437425218448 -2.40486231022 -2.14616675566 -0.909061125803 -2.93098608549 1.18588745097 2
19 5732.49246978 -6.02809325102 -0.77021503792 -2.62123533896 2.78017101275 0.163045153397 -0.346097436167 1.75123499862 0.262129248499 -3.13010347015 -1.69324651401 1.84764532513 1.67420516483 -1.18819997532 -2.37413149325 13
20 5836.03103537 -5.60971529046 1.48747853412 -2.05673569667 -1.00569481545 -0.165801220592 1.85889345351 -2.67288148684 1.42938152535 -3.1406653675 -0.350036253054 2.5231583846 0.679772886811 0.0574996010499 0.299183901432 13
21 5872.22531194 -4.23027399984 -2.63107228519 -3.14276533112 -2.89607324013 2.22588550833 1.65754425114 -0.13656340274 2.00358093775 2.32526415662 1.89490952683 -0.845309100328 -2.53929824584 2.0793886804 0.633499422379 4
22 5873.97784548 -5.9441812375 -4.15780311735 -2.00715588709 1.14647893171 -2.30296429204 -0.663542434129 1.12297733028 -0.835500693194 -1.15855213634 0.42288506766 2.89263106919 0.911289771275 -1.67829884161 -0.836241314374 4
23 5964.00329123 -2.3049669867 1.26020790951 -1.16745218856 0.204946929833 -2.53641776059 -0.648307682679 1.43535018095 1.57095962615 -3.04211120566 0.422953923663 2.44673453944 -0.85601535134 0.439843799935 -0.0758589516185 15
24 6085.02427088 -1.31892684604 -8.1936598297 4.25314570304 0.698128731922 0.540655957495 2.85672881101 -1.77134000651 -0.0261546553965 2.18080761389 -1.12784477281 -2.75204587419 2.76881117524 -1.18698497794 1.38586505959 27
25 6186.48735691 -3.54115991613 -5.63412504669 -2.04798779157 0.446272279205 -0.178637780259 -1.60450173076 -1.31563388085 2.14415432079 1.38305576568 -0.283224040584 0.853683528066 3.11091285272 -0.526614252151 2.98561247684 4
26 6488.44824417 -3.50646422382 -7.94961784797 3.49657261779 -0.978456187524 0.195443856528 3.13150593727 -0.700056264022 -2.93053355265 -0.612841201541 2.42061299887 1.51302852203 -0.824588401339 0.72116931514 3.04171680314 23
27 6907.92868639 -6.84908250559 0.588152191296 -1.8296306873 -1.01130848897 -1.74410218174 2.25589418306 -2.89282622369 0.800274929763 -2.38709449349 1.70564271097 -3.11074848193 -3.04144123498 1.19385688851 -1.04207123316 16
28 7021.46935789 -4.88951468353 -4.11176229736 0.363611914589 -0.959564347676 3.10841181662 0.447703510181 -0.262165223163 2.624953644 -0.3420991684 0.526442835399 1.12310285425 0.494795934558 -1.40964987628 -2.18057637165 1
29 7288.39641882 -7.21211616332 -5.21451528016 5.09991083455 -2.87873245714 -0.826556035151 2.94790157141 -1.41811125391 2.55269205409 1.49888583277 2.12464085505 0.260941823677 -0.947448475986 1.60077263026 2.95904650573 8
30 7547.88415322 -1.00501126392 -6.82115583217 -0.081465796604 1.1036458019 0.787582276829 0.609281623124 -1.311028429 -1.80305671592 1.18155791459 -0.78903432184 1.25652128168 0.375499327368 -2.88219613922 -3.03022978004 21
31 7677.81705562 -0.718549309744 0.111874587381 1.64201990191 -1.72725001278 -1.28310641051 -1.70144012835 -0.978816001775 0.56266740133 -1.53748261011 0.490927558255 2.51824037471 0.624898966145 -2.15542907202 -1.9778700589 12
32 7939.48454435 -2.35385372635 -1.95433181074 1.40907652078 -0.686345020801 -1.79542473532 -1.45176672729 -0.152771414243 -2.9182023241 2.21746467482 -1.24074790036 -3.03694281322 -1.96708264182 1.75335195766 2.19392555153 12
33 7956.96675227 -6.94909320374 0.625588568708 0.822514183112 0.643642535394 1.45380372817 -0.659598957427 0.752113449112 -2.18787011295 -1.8501449571 -2.79276984085 -2.73460458654 -0.761935962659 -0.0893858918652 2.72760833841 11
34 8068.43715815 0.0721415082514 -0.771290331037 -0.693711791546 -1.12763113761 -1.29444060368 -1.35630698924 -2.28336449469 -2.17738371372 0.0843249147741 -0.398419926044 -0.391129107902 2.50798788707 1.88592544283 -2.93352479296 15
35 8079.71516724 -4.77510308218 -8.10244038522 6.86350985578 0.494579220536 0.15418368976 2.24437657438 -2.58724017702 -2.3720735751 2.89217953698 2.06645412038 -2.50076163173 2.91867662914 1.42299293562 2.67372319944 23
36 8080.90338061 0.727595710643 -8.81177918621 3.1823108185 1.14641364856 0.360784185513 2.06057755037 -0.0912863402391 0.128979497389 1.0211361594 0.197706029659 -2.88957261692 -0.883913851427 0.356234928107 0.524928774253 21
37 8220.3695645 -9.60415196926 -4.9842445898 -3.43505645722 1.25379307833 1.43155811007 1.86954564403 -0.28434748978 2.64977529799 0.885234468204 2.21268592063 -1.68517563551 0.0915243324615 -2.77193711748 -1.90866591 7
38 8485.35582375 -0.025237974892 -9.05062154873 -3.58301777255 0.76693622186 0.174849232003 -2.04703336772 -0.476403607748 2.57211379406 -2.11914570023 -0.453177791751 -1.70806672609 -1.13409184346 2.7172114471 1.11694948158 24
39 8673.0126968 -5.42725985248 -7.30132768921 -0.318085371797 0.00777508820052 -1.38488968481 3.14002966864 -2.82613976714 1.91882292497 -0.515501738989 -2.21268694335 -2.91389266288 0.853926454682 1.98750758 -0.5447461626 19
40 8685.21281415 -1.36831684262 0.955364265421 -2.33059677031 3.13234290572 2.33818109639 0.544563556695 -0.637236080572 1.79364978926 2.09399021148 -2.73867501843 0.168241960049 0.309525346214 1.8917819064 1.28830451939 15
41 8709.05808273 -1.12956588801 -3.29408988667 -2.33001784462 -1.02024872948 3.09451458184 1.97608277262 -0.296266577027 -0.198128122904 -0.169777323459 -2.98212272004 2.8275058174 0.326816180751 -0.87135011207 2.93185473166 6
42 8723.63957465 0.611585769151 -2.17787454351 -0.478607920317 0.842124648162 -0.53232961913 -1.52494265482 3.05606363384 -2.8070260621 2.90729989012 1.30851652002 1.51672555959 -0.464988422528 1.64189774746 1.7020155779 6
43 8753.13035891 -7.888868002 -2.54605529946 -1.52332792747 -2.64666105897 1.23045073077 2.80735745533 0.665311058845 2.96753991387 -0.614676307823 -2.34797260962 -0.242443612993 -2.36942067147 1.77493582707 0.241725810996 7
44 8822.79823007 -1.39781992147 -0.869357344946 -2.6236195299 -3.10422467583 0.523498825614 -0.303999628735 2.84685868514 -1.55424135346 -0.0890217492682 2.23111578553 0.783267245257 2.21423275552 0.163356838445 -1.65219562064 15
45 8863.5036971 0.687139468102 0.992727778446 0.673052847294 -0.638742857387 -2.06721149615 -0.4148511306 -1.21963985377 -0.114901786037 2.08166801142 1.6035775163 -0.741774921963 -1.08129521674 -1.21033947035 2.1448062238 12
46 8921.51822347 -1.15441991516 -3.4377441965 3.05592550103 -0.799491296207 0.632471003661 0.867813085732 2.4928244946 -2.3512160995 1.66325136473 0.463308327366 1.44515911467 -1.60764961833 1.02518825774 -0.684089716005 3
47 9014.43545262 -9.49018060228 -4.23236666109 -2.26429127924 -0.122111891077 0.188750734743 1.47385243081 -1.54416083121 -3.13386303211 -2.43480491416 -0.907143200698 2.7803607942 -2.66414237747 -2.14921916099 0.477741662119 7
48 9240.73334393 0.750039328097 -5.48736765873 6.33501760108 -0.684266511454 -2.81032502145 1.81550023878 -0.252368651368 -1.00084279484 2.96024587331 -2.01294935194 -2.41764919064 2.53397564768 1.04267621 0.78154190327 9
49 9253.00391194 -8.9805666336 -0.429638313335 -0.415757001368 2.92551664364 0.704732744087 -0.96820122061 2.74157891393 2.27542036574 -1.548388326 3.08097572308 -1.82404931151 0.436637895952 0.581111400396 1.77250257252 16
50 9338.03425932 -0.991880695142 -4.68737083241 -1.68753939967 -0.393167408409 -1.48806965464 -2.9321407266 -2.85592163323 2.51098744676 -0.507049718151 -3.09687734733 0.920361685691 -1.20839959897 -1.5142826608 2.58631276185 6
51 9436.08381836 -5.54694017114 -5.86102642213 -3.92139534106 2.07528755439 -2.1164645503 -0.56125480647 1.2158624497 -2.12910286578 0.285782709416 -2.41909318506 1.37471250731 -1.46749871468 -1.32608231061 -1.74685309356 22
52 9437.38411337 -0.628976613335 -0.193664964992 2.42110031333 1.37714035563 -2.90616749502 -2.54755763423 1.92689720041 2.29176630713 -2.72071679225 -1.85500689091 -0.473349721876 1.13232733744 2.89203250139 2.52339287338 12
53 9513.66372312 -1.6280995092 1.00440346654 1.72319207513 -0.143945544521 2.68266024877 0.0481142783729 1.38644571775 1.69503875029 3.13046409009 -1.85495503597 1.39660258471 2.46133552274 -3.09287108307 2.28911848219 12
54 9588.95095577 -9.65922799027 -7.95906808037 2.71379481418 -2.00078077995 -0.840489170991 0.54235932055 -2.61025669268 -1.28103431939 -2.8796666858 1.50451748172 -1.53488918391 -2.49050267361 0.579007031798 -3.12178949143 20
55 9656.76561613 -5.05731169476 -5.23549935185 2.08616828857 -0.884092098344 -0.25273675935 -2.88797715664 2.08319577499 0.807310356822 -1.27846911234 0.568544216498 -0.742301490084 0.527378283908 2.02462626015 -0.61676668305 1
56 9673.96880413 -4.66572778111 -6.26189790785 -1.85909681223 2.49051172284 -0.276057691401 0.990116654206 1.0756595503 -1.42406382006 -2.77148561737 -2.23007969319 2.14002509296 -1.53810511847 -1.2591302452 0.103666258397 22
57 9674.12997167 -5.6142751547 -5.87824753473 -3.59283809317 0.54915149795 1.56691004889 2.82539614699 0.191145799105 -1.27159674739 -2.40636423097 -1.85966744958 1.58167204022 -1.0454872922 -1.7376978998 1.61815660438 22
58 9737.51483051 -1.01645041786 -5.7419628753 0.736027708189 -2.83120531037 -1.19037958845 1.73537180837 0.575915591278 0.069731873015 1.57003835576 2.69459897395 -1.30271606432 2.42993330649 -2.92307943943 1.13943753807 21
59 9940.80086438 -6.14349901756 0.110201595162 2.50635483882 -0.664958334883 -1.64976892707 -1.89758367736 0.639017224484 0.798175361344 -2.40520208744 -1.60747573337 2.3878084371 0.540094757512 1.70016902002 -2.04711480495 10
60 9952.76411562 -7.9673031973 -3.90358936727 1.87932407742 1.63473642707 2.32057031196 -0.375600548967 -2.57095301784 2.41354007279 0.270349859182 -0.573272413983 -0.792854053032 1.15416517237 2.19219984628 -0.275365157407 2
61 9987.90057924 -9.95878559998 -7.91401765434 3.28893240132 -0.156871770555 -2.57054623559 2.73129633524 1.8697214363 -2.38989356965 1.17304621111 -0.203591769824 -0.249328943561 0.422057542946 1.50473880786 2.6537882599 26
62 10124.3343434 -9.71027077841 -1.27635784039 -1.66151989667 1.84476646085 -2.29130194028 -0.2160941175 2.86876402103 -0.990457089859 1.33897653066 2.83285988179 2.5988057869 0.277220049924 -1.96203947923 1.77847322096 16
63 10162.4597566 -7.58092030677 -3.54188653342 -2.42206923769 1.30249802181 -2.82269663008 -3.07252253524 1.27011020441 -3.02600339897 0.256146869603 -2.66333919909 -1.10631981995 2.62276806852 2.09962166446 -0.190749680102 7
64 10255.5420692 -2.53150951829 -2.30892255771 -1.37014379156 2.73915156935 2.76069840965 -2.15663952825 1.28183469001 2.03391099585 -0.946445312991 2.97057582046 -2.04058987072 0.237440311306 0.844820628686 1.39786224018 6
65 10294.0272996 -5.48102823869 -5.48462180434 3.54258279958 2.1688228102 2.38096793409 -2.92113498742 1.01332516307 2.12911404579 2.46060017492 -1.05550261184 -1.29346191679 -2.53878468814 1.92784599667 1.02710397077 5
66 10327.1533629 -7.14065275582 -3.33275094931 6.65142984293 -1.98404990264 -0.846675964118 1.50634021135 0.955198313147 3.09327441145 -0.747611933523 3.08771850036 0.87399563302 2.77068015411 -0.660791024422 2.80332911222 8
67 10345.5243931 -7.75699690738 -0.161581898424 -0.280060057539 3.02093692526 0.0185339897273 0.813183583135 -0.100773077309 -0.627860555693 2.6433835898 -0.880917968914 -0.190367382366 2.94197370809 -0.754177568764 0.334110371205 11
68 10369.0859524 -5.9591237986 0.886820620744 0.383821950557 -2.37921767391 -2.64647939908 1.50583226691 1.00154392675 2.88174018884 0.321704427378 -2.83567550319 -2.90338736482 0.690728246276 0.715266607272 -1.62035336069 10
69 10414.4995561 -7.47862959465 -2.94481058328 -2.93249474848 -2.35817411542 2.39216414752 -0.806649294059 -1.1361619604 -2.3830479664 0.0530293682781 0.0668706290646 0.753470729538 -0.0872287277982 0.554679144838 0.844449869436 7
70 10425.1718596 -7.40655272193 -4.08147895449 -2.62213590306 -2.98743619986 -1.38563320259 -2.23688617701 0.90793262846 -2.87685413937 0.788308589462 -3.01891413961 2.61621862081 0.929326230125 2.42538913566 1.43436934889 7
71 10449.9662338 -4.98354244255 -5.70762259334 2.29373104906 2.65288379495 0.0574580417396 0.6702897005 -0.437957841638 -0.333694807444 0.808742000014 -1.04055072345 -2.27168539532 0.561743294191 -1.98925775054 2.80688667287 19
72 10450.9113936 -1.89817089464 -3.14602601718 0.739086806268 2.27544095219 2.59383379206 -1.77891359432 1.61948340912 -1.4406571532 2.96729652741 -0.981055400257 1.78927215069 1.70580226121 1.16884689833 -1.17099178909 3
73 10510.5040797 -6.52776436263 -7.71931220289 -0.494679537387 -0.0696588369461 -0.0144342250524 0.821884163458 -0.435754230846 -1.50736664642 -2.17782197137 -2.50924857458 2.54734851106 -2.71699106578 -1.22083078465 -0.967190935936 25
74 10634.1700834 0.571267410178 -3.92541909035 -0.00678930653042 -0.464292791622 3.10460684172 0.995624292067 -1.77194804602 2.81184089588 1.11825205695 1.68856059349 0.562737349637 1.28471306093 -1.85516476483 2.73744460935 3
75 10720.616517 -5.89494800731 -2.10758527668 0.431605272199 1.44055262851 -1.94319779129 0.770963392711 0.499865649939 1.11786199587 -0.634682770709 -0.54273474412 -1.66909536174 -1.07868898191 -2.14915878883 -0.790354019649 1
76 10828.3862498 0.826363091313 -0.0384157608857 -0.739401608047 -1.75829927065 -1.34434074917 1.99108310008 -1.11496183141 -2.81504266137 -1.87696845542 -1.21647571067 2.64317768812 -1.91010785397 2.03369072491 -2.35597455333 15
77 10937.7588618 -4.12244578418 0.21414784142 1.71903264773 -1.1420660264 -0.405464189595 1.9228700932 -2.71080534857 2.40233754365 -1.97455707781 -0.212579774153 1.1105507394 2.01415318864 0.184813663011 -0.70097024105 10
78 11065.2033812 -1.9993643335 -6.78067858405 5.39885101498 1.81649980501 -0.921175204809 -2.23498661377 0.951845205602 -1.80070997595 3.02089034031 2.63355240404 1.88999172376 -1.88501372909 1.95210406758 2.22647700302 27
79 11162.8983938 -7.64671861422 -7.60842299654 0.315411962075 1.57815871657 0.146743106148 2.64187867584 -2.91651775536 -2.51370172315 -1.82877380452 1.8926507243 -0.418633301982 -0.609730706264 -1.55682447761 2.15627434466 20
80 11216.7105555 -1.53955834636 -4.42210368921 -2.22095798927 3.05964923567 2.51148425271 -3.03912201481 0.171600167306 0.299608682929 1.75625323201 -2.91910128844 -1.45746100879 -1.91862061212 -2.66522816941 2.29416579714 6
81 11333.3785016 0.514744420476 -0.391341887077 3.76821416113 -2.43718783871 1.42852426653 0.624335632277 0.74617427294 0.353598474974 1.88597708771 0.182698731614 2.30669292018 0.0944012293572 -1.4074661761 0.578159538864 18
82 11406.9426571 -4.83950987984 0.0142073702481 5.05574738885 -2.13759904976 0.987383398815 -1.87487688845 2.72250833698 -0.553503414867 -0.726700035212 0.896277828672 -2.32164952167 -2.08546362642 -1.3264720049 -1.98529084821 14
83 11433.4534134 0.0689526208189 -3.333849023 -0.619715586127 3.02560969629 0.529825043072 -0.351567347826 -0.355475333238 1.87211039735 -1.03217366033 2.28177809733 2.87694706707 2.46974397099 0.422165643418 0.754658375059 6
84 11460.6712068 -4.38903069667 -5.25158743454 0.735078066098 -2.28126189341 -1.6085846461 -1.64227051963 1.45718957112 -2.33121077243 -0.393649885959 -2.43631459384 -0.106869279805 -2.42168487104 -2.60824602902 2.2888474549 1
85 11551.9348263 -6.90555410904 -7.34912779489 5.23920180584 2.57023174195 -2.3333202968 3.11821956712 -1.75802609454 -2.31352320463 2.25724457982 -0.266260145615 0.998890371992 0.623571689222 0.523170551678 -0.816492841558 26
86 11592.8285102 -5.99707613006 -3.53865377 -2.51495791873 -1.38552941724 2.38100632948 -1.49219829556 -3.07182086094 -1.90170219028 2.7504192643 2.80938416041 0.732025251112 -1.51915872924 -3.11271353606 2.1808399123 4
87 11596.3598689 -0.681512691157 -2.35168433175 2.17266460388 -2.47286934865 -0.243290917189 0.627189032208 1.60101487856 -2.53347134123 -2.70895849419 -0.227926810052 -0.734140120054 1.09657802154 -2.21157002656 0.479074438182 3
88 11621.0552074 -3.02740806009 -4.26227259209 5.68062140372 -1.57450677074 -0.511839870193 0.797556313432 -2.12132686979 1.98173413244 -0.437077716391 -2.22298618509 2.20580335094 3.05652362537 -1.97715881644 1.3063099804 5
89 11635.6194001 -6.98510044921 0.438539275668 0.42100987107 2.58863358764 0.243336179613 -1.33039214531 1.28233679916 2.75147805414 -2.36893653547 2.44937941014 0.943797680327 -2.47711962646 -1.58019345034 2.44335677275 11
90 11636.1196284 0.356797250624 -8.05946998065 6.33550635711 2.72934791339 -2.56165687486 -2.91342835277 2.45023766921 0.523637515443 -2.2230258435 2.00275809241 1.90565110627 2.80834402559 -1.50754542226 2.543599828 27
91 11693.8695452 -5.19951683785 0.444601302699 2.15881529102 -0.380768808053 -1.41807722259 -1.61808566306 -0.957054863933 -0.0288145186979 2.80915190589 2.5445359637 0.0542021387642 -1.21836196021 -1.71101934576 0.571021059086 10
92 11852.8083189 -9.04194450225 -7.01459372902 3.33058558313 -1.99770257148 -0.577343253521 -2.88520012663 -2.85622330244 2.54245127325 0.893426565457 1.28503805638 1.43460294943 -2.68489926122 -2.65208586582 2.49711160574 26
93 11924.4946219 -2.45320348705 -9.22279465108 6.69483544383 -2.05816849672 1.55200093257 0.00798282832628 -0.648678820028 2.74318875153 -2.68548490754 -3.02984716511 1.05473479282 1.24249195828 1.17365179885 -1.49076006343 27
94 12003.6987943 -3.62397104373 -0.452154362056 3.95398734709 0.170306425472 1.00297751895 -1.61867843085 -0.588286198503 -0.635368327743 -0.789288094769 -0.550952681033 -0.0992323328602 -0.59102161822 0.628788039323 2.52210734435 14
95 12009.4466487 -4.10672204246 -6.53908842907 -2.0429044742 -1.54469184781 2.03998767732 -3.03548649575 -1.9121212813 0.179225226338 -0.706000767974 -0.588311662461 -1.28356088135 -0.984429261867 1.25723530309 1.37593237247 22
96 12011.9243532 -5.46150581242 -0.303068748231 1.80331266066 1.10283931108 -0.926896047355 0.445125587437 -0.381664501601 2.73360996768 -1.48974792775 1.48294576368 -0.763848625768 0.490679113704 -1.52581749756 0.462692328595 10
97 12040.2876462 -9.82259724594 -8.21148048655 5.30269577652 -3.01608967769 3.07586100076 -1.91330088185 -1.51014784274 2.05760716217 2.35893219155 -0.463500698651 2.51118922189 -0.61745575208 2.86890746892 2.33474546004 26
98 12057.9000957 -3.59406674903 -4.45004358679 6.05607063142 -3.09332008055 0.570563737418 1.76925136684 -2.42997822331 0.795900311227 2.98024301579 2.05775165528 -1.35336855581 0.0903236733269 2.34592447562 -2.32381466261 5
99 12112.7633536 -3.32666791191 -2.3721349052 -0.970142061309 2.65240807986 -1.85234579871 -0.571852269393 -0.0674893425015 1.47374146212 -1.33938550871 -1.38401558787 -1.34769295828 -1.4293717187 -1.60449362821 -2.50709226759 4
100 12212.1870446 -8.04761068031 -0.715365003604 2.48728253985 2.24316617548 -3.07984651843 2.42050372614 -1.99786759079 2.15143588248 0.92910773816 -2.17614677922 -2.82621793956 -0.862575869404 2.0818824014 -0.844793795709 11
101 12308.1076539 -2.96367177918 -6.45973400089 -3.30931283505 2.16934898209 0.155078201602 -0.354602340782 2.90112688862 -1.26054302788 -2.56514740477 0.836806245563 -1.65300664306 2.50666596405 -1.15207635304 -0.935664902503 22
102 12318.8372169 -0.38658932014 -6.31937058133 6.65021146282 1.80525564891 2.56904804614 1.98287162863 0.614495075173 0.835851745204 0.693818801067 -0.601808228849 -2.18188941319 -2.54068510286 3.02492297679 0.572711617777 27
103 12362.3145712 -9.70644962102 -5.09414693102 -0.0592857585218 -1.10331618915 -2.96702302135 2.54669925898 -2.60052859307 0.46973905896 0.814297201074 -2.80466991527 -1.8533149872 0.0354113715066 -1.43495489744 -2.03756017639 2
104 12367.3421441 -8.77174345257 -3.28787455469 3.59259237208 1.86679508958 -1.53369430172 -1.25965975982 -1.14758455089 -2.61108390784 -2.47931703508 -0.465466606711 -2.08492355447 0.931888070905 1.44521187023 -2.35751109231 8
105 12492.8396039 -4.78588483415 -6.80468083277 1.90195807282 -1.87870732881 -0.719089587196 -1.33129133838 0.64239212933 3.07549110268 1.8380950722 1.31802598155 -0.915098482767 0.590131907075 -2.78294646703 -1.66077512465 19
106 12848.7858124 -7.03504415962 0.21338967495 4.00075574204 -0.841647824181 -0.881293849517 -1.69520161823 -1.35881417426 -2.08576147723 2.24287122778 0.570210207212 -0.59445754803 0.225861497944 0.55564082197 2.43198687114 17
107 12863.1832874 -6.33944291937 -2.20169054661 5.57201124647 0.511756007694 1.36380534552 -2.63765300671 0.768943217308 2.18688437255 3.00259479151 2.15389622789 -2.5905419208 -2.75084644538 -0.163928814107 -0.184395979773 5
108 12913.1947429 -8.02569874573 -2.68240000147 6.60655543881 -1.73182961637 0.323733817148 -2.88985032427 -2.95280588305 2.75699686149 1.24616539038 -1.81950779562 -1.75471713929 -2.95799927805 -1.56641422876 -1.35100115149 8
109 12916.9114944 -5.93306680488 -7.45059559537 0.775416365548 2.74391930491 -2.16504933382 1.48515769878 2.35628096388 -0.109612029138 2.7944323481 -1.99848260547 1.31105709788 1.04592310446 1.08521125518 3.00755910754 19
110 12938.4217251 -7.53920260392 -6.04349877501 5.84111677639 0.329299004484 2.7030706201 -0.492478516527 0.133576195729 -0.314682725046 -2.98259580405 -2.45976311296 -2.07460749194 -0.547141296858 1.86153473827 2.56481874022 26
111 12969.2261176 -2.22913929266 -6.4685072184 2.79575675951 -2.87166235274 -1.07259058683 -2.93131189578 2.79610639177 -2.02959516992 2.521774978 0.845549254643 0.728539902206 1.96202286586 0.214760779379 -1.90342445013 21
112 13100.1766155 -8.70921481421 -8.77884125454 -0.915698775663 -1.02333732837 -1.9777671996 -1.37141475667 3.13690061538 2.5142979344 -1.26009168804 2.24646586435 1.32174180425 1.91050140267 -3.05488685614 2.24806842006 25
113 13114.749558 -0.0562859330435 -1.20981925153 -1.47885716388 -2.31454993962 0.646176047125 1.36945612925 0.0179460339564 2.04341949113 0.485900488309 2.19704306024 -0.34298159038 -1.31854203464 -0.542658722526 -1.30853328009 15
114 13141.1463629 -1.48687689161 -4.61875599667 4.64879837872 1.32506797134 1.44417884809 -0.928373614036 1.07647108237 0.50939026359 0.00831813978778 1.39223320823 -1.89557423907 -0.786673684831 -2.87457739029 -2.44866932557 9
115 13146.5787812 -9.06797974825 -5.99053249749 0.376752934781 -2.42412782648 1.57966311203 1.56176237867 0.434835312024 1.5718720108 -0.305278996252 1.52562117188 -1.14389270265 -2.11571706501 1.19799319685 -0.598039261059 20
116 13362.1984405 -9.35877841605 -1.8284647728 3.02031432568 1.34495023086 0.603583510798 1.31487997315 0.768032249564 2.33841946166 1.3863122351 0.734881633677 1.93726838372 -3.11980292836 -1.01273884269 -0.00948118098294 11
117 13372.9307141 -4.5652476975 -7.47335882354 3.61202025538 -1.91445805797 -1.43505968086 -0.326009278165 1.79117467209 0.327562249764 -2.21421523445 -0.220671006468 2.93751477329 -1.9293155992 -2.80949283532 -1.44892808265 23
118 13778.4218583 -9.45943027258 0.463554811892 6.09476523316 2.37116987685 -3.00376518425 1.04613805846 -2.44255037029 0.290923979707 0.968112419884 -0.0279764445182 -2.8019455099 -2.20213233828 -0.0938138597319 1.53270888958 17
119 13788.3638944 -7.76113566845 -8.72638391554 2.16751490826 -2.04863106118 -0.270451946003 -2.70298045955 -2.04828094829 0.133960371653 0.391257620145 -2.22665383458 -1.24601475636 -2.31998718443 -0.356209702995 0.421832040024 20
120 13868.9055411 -7.27078911013 -7.77670318078 -1.84550678897 -1.42212257014 -2.57903114981 0.798288400891 -0.537638689856 -2.6318086554 0.798360757032 1.0540658443 -3.0132226283 -2.6499692418 -0.119682014742 -1.47274806173 25
121 14098.3854339 -1.76994457587 -8.75851392111 1.04272939789 -2.67840905145 -1.85211385469 -2.63538787308 1.19483178429 1.37245910104 2.49013982015 -0.0176167151886 0.841019816647 -0.121522710291 -0.512090548518 -0.816194349711 21
122 14217.0134177 -6.84196449866 0.559741310871 3.64128517912 2.95578150071 2.33080537168 0.25637911316 -2.39295994165 1.83419163291 -2.1477286228 -0.806420676925 -2.80732440697 1.35949887796 -1.89762326372 1.21690956823 17
123 14245.1868071 -2.51018949498 1.53334011826 5.73418417436 -1.48520149793 -2.39850749855 -2.01653988237 0.153370467242 -0.485141921482 2.39852114482 1.72739881947 -1.74404453654 2.13641562865 -2.28763873365 0.828609687158 18
124 14250.7463507 -3.52609536386 -3.2615753167 5.33359380209 0.417278690569 2.75044611376 2.16982908911 -2.23080290191 -0.281419605277 -1.46514192704 -1.65565188813 1.20974888205 -0.134442335483 -0.0590515548403 1.07852517958 5
125 14412.1846485 -8.45313154053 -4.43451000766 4.35553198503 -0.156596685182 -2.30099972302 -2.94320381765 -1.45390409416 -1.13869075594 2.20166999973 2.04718782612 -1.6781018303 -2.86251153097 2.2995245819 1.85830629319 8
126 14541.8952552 -1.19761462337 -5.13187170178 6.88159933618 2.92818867816 -2.85427358189 0.0286327464133 -0.254851339789 0.679476173204 2.49198810629 2.74634264076 1.32046083606 -1.99075342682 1.23351566516 0.584802435562 9
127 14558.7286595 -7.57633373993 -1.73998913443 4.59472346735 -0.817797043144 -2.69633762182 -0.239169341986 2.02685607088 2.47964346126 -2.34084403598 -1.48989681046 -1.43042928589 -2.18283716125 1.81885404038 1.60363223475 17
128 14583.7263285 -7.6348119525 1.26622389032 1.43956117559 -1.31573851006 -1.82062348805 -3.05834221041 1.63021443253 2.69266411298 1.80081114094 2.79486562529 -0.980088073169 -2.74242095662 1.05460014792 -0.773245155686 11
129 14835.533644 -2.4500685679 -3.57798646521 2.51178344026 2.74136999805 2.75291824387 1.31133098436 -0.97799056339 -0.476256360483 -1.83521507 -1.88412415969 -0.175852489226 0.521979796939 -1.54659135646 -2.89513989652 3
130 14862.3576949 -9.66805721029 -4.64064775741 2.00604576096 1.45436817771 -0.773424357917 -1.94074578096 1.40169765722 -0.667375632913 0.874775387684 -2.13365426766 1.92303692334 0.29169527755 0.53890171028 2.13972787321 2
131 14862.9165945 -0.0581028451269 -7.77064040068 -1.05591433997 -0.289487166911 0.226855457033 2.01213444555 1.37654948286 2.96455034495 1.73593152009 -1.2975641199 -1.81114812454 3.0401885275 2.8141005044 2.65791620498 24
132 15031.6491151 -9.36461695549 -3.51705658007 2.89485040948 1.63956842178 -0.561306812088 1.0957939962 -2.62462478798 1.81262345097 -0.593491989441 -1.85378464342 2.14102767555 1.74011147582 0.0969831947174 0.856464246022 2
133 15340.962472 -7.09789807369 -6.5834423699 1.62369861383 -2.97884918662 -1.99929701353 3.11292700081 1.67923406894 2.54623832993 -0.49532209365 0.149918715508 -1.53363657648 -1.93666199164 -2.63847050605 -2.61221495239 20
134 15462.7924572 -4.58803998566 0.50934204115 6.44790815804 2.44565174489 -2.85327394281 -1.81270348023 -2.10898911235 1.95067101062 -3.00512601588 -1.94666432062 -2.6118164993 2.69033491407 1.96566668421 2.71642748274 14
135 15508.647345 -9.74347006954 -7.88763889931 -3.27926828214 1.67503780056 -1.26095110053 -2.1114057283 2.45487465011 -0.31021546342 0.955422251312 2.1379298477 -0.289495152347 -0.62604156308 -2.2283634519 1.21032023019 25
136 15512.7122907 -9.27366945697 -7.73059653145 -2.92839189115 -2.18496172942 -2.5818208358 1.58926454723 0.348672174986 0.249348395239 1.97201359231 0.245833602865 2.51148676113 -0.0809259837209 -2.66960799412 1.00012392945 25
137 15639.7749857 -0.675659098353 -0.546373606625 2.93933195112 2.48950542363 2.10403331391 -1.61743592146 -1.78825923537 -2.93896535863 -0.1166408062 -0.0412524027592 -2.37440823627 1.64011139379 -2.43690045076 1.71839811809 12
138 15854.1828029 -3.52495904544 1.19971945075 5.68463555892 -1.12494684656 -1.79769802047 -0.766227369193 -2.89021960803 -1.21590345224 -2.89710594581 0.49532879678 -2.85595993904 2.56486845088 -0.297522903125 -2.14609407238 14
139 15920.0373409 -1.47477355216 -4.23941919952 5.60693704638 3.12420684203 0.228212284956 1.79780912215 -0.668026283237 1.35132148139 -0.1696878457 -2.4933432656 1.94065686697 2.44588889979 -1.99042352007 2.20675115313 9
140 16053.0285751 -0.547895973131 -9.15382420212 -3.04498014252 -0.0284536292372 -0.283036170859 1.52277526992 2.08946199352 -0.478369846486 1.56192440612 0.152367184958 2.48210492378 1.90794125498 0.327932910873 1.65380056512 24
141 16068.0584839 -7.51856127628 -5.41398479641 3.96989889277 -2.11312240304 1.02674396858 -0.213744544317 -0.692548440251 -3.06444128827 -1.42501685664 1.89638704571 -2.23745538846 -1.39921090064 2.80649803457 2.4702767648 8
142 16152.5312562 -0.922356667797 -2.44482252831 6.37627485715 -1.50602179989 -1.06199362343 -2.16357559888 0.645458185337 0.248434645074 1.86361985309 1.85753337643 2.4507651177 2.70505656349 1.89983830046 0.51267846271 9
143 16616.0573609 0.76253412676 -5.71584621664 -1.18250506098 -0.951829540818 0.865878874714 -2.66118425375 -2.99249330172 -2.54584727102 0.969017885709 -0.0014049076758 0.262297864317 -0.509569484564 2.82208799549 -0.111189117267 24
144 16721.1660886 0.713319931685 -4.58922849972 6.54724185648 0.92665575184 1.23157194843 -2.58013724615 2.51774169794 -1.43621159881 -0.429867271435 0.12791475708 -0.4893052358 1.80401599946 2.35676848633 0.76418165379 9
145 17249.9989755 -4.59683768231 -1.47512352257 6.16527836208 0.82525126597 -1.76812176043 -1.12384291544 2.44349381431 2.81157118293 -1.70453818325 -1.41986335793 2.42577220692 -2.7646673655 -2.13502244346 1.9865320847 14
146 17347.2876412 -3.65341777937 -1.62992200372 4.63850462654 0.333189938271 0.252544209092 0.68239425475 1.11488537795 0.740161488147 -1.43022625162 2.42009555055 2.19687839603 -1.9099777272 -1.75923216735 -2.61781624141 14
147 17502.5230427 0.280602195012 -1.70247661325 4.20524885628 0.635291955495 -1.53862873113 2.19189647948 -0.954017945218 -0.641512218799 -2.91582114821 0.225602426149 3.05852791352 -2.13056441491 0.668235391674 -0.428250184961 18
148 18187.1537043 0.00105414871263 1.0382570245 6.35465007817 0.941411279126 1.94614439196 -0.657834611848 -1.79868592276 0.0634168752741 2.55425797141 -3.11258299405 -0.901471502258 -2.51188564663 -0.684993836035 -2.09079200543 18
149 20482.9598961 0.27861738491 1.43593499878 6.10737186039 0.762481405504 2.52577601929 2.80129670771 1.71981700959 -0.703125204587 2.02363307169 -1.74994137323 2.11864424555 -0.346650011269 1.41106694339 2.63895781857 18
150 23286.2097488 -9.96092558309 -0.569399309427 6.66931459244 0.96495486227 0.341845579067 0.458560407917 -0.304888302841 -2.88190239726 0.928896291967 1.08354518587 -2.14724296873 -2.33595234844 -0.899447087379 -2.47670262811 17
