 -5.24332792144 -0.0672819744728 3.71160033103 -2.52631021283 1.82556862961 0.54770238117 1.41168154523 -2.1071027434 2.22562759315 -1.25570828865 1.20537062109 -2.79185900395 0.878560941252 0.370730424131

1 2403.28054165 6.51363456716 2.99562313375 -8.86635158694 -2.03790019654 1.03998614852 -0.97517355315 -1.44567516573 -0.286157438141 1.16142654484 3.13973609811 -0.6284549397 -0.110759193658 -0.703864387076 1.64715735653 13
2 2951.10366597 0.357131480961 4.49283664767 -8.1733227056 2.86180806737 -2.5915321836 -0.88416488621 -0.454899635863 3.05478558408 2.22164630532 -1.54547394613 1.57751405575 2.63567767508 -2.70553563156 0.181415408661 16
3 3063.40281083 6.96805254144 -0.0966449749168 -3.55954309109 2.11929824852 0.0721766549958 2.68953455747 0.897128698829 -2.67622837929 1.88335644408 0.982219567735 -0.406191941401 -2.31923165409 -1.92399106496 -1.97625493577 1
4 3881.26094816 7.12740129007 5.02318688688 -7.51759105785 1.90074663341 0.94147957655 -1.04357474948 0.501292450081 0.799969198546 3.12318143615 0.770975738814 -0.713828113559 -2.34060581633 -1.66214463503 2.17717667169 15
5 3960.23053521 6.02056535287 3.02460315324 -8.58737695099 -1.88973822361 -1.71484911485 0.96412914525 0.0874957651165 2.12812998968 1.3144173314 2.24332193295 -1.10126694769 3.11073332416 2.64763257115 -0.00645242840365 13
6 4087.70283171 2.4244300798 1.42337503517 -4.89385259371 2.37399951209 1.58996797434 2.61377189376 -1.01726099978 0.0971191225622 -1.7095112826 -0.31063103636 0.39205678941 -0.254763234844 -1.79152520875 -0.96333757995 2
7 4509.16053424 3.66671997053 4.58990288633 -9.07045338786 0.458828075987 1.71443104831 -2.34577830185 -0.900815781676 -1.12403445089 -1.68719185641 -2.58190475285 -1.34393620935 1.42898351191 -2.88687747497 1.87557834661 13
8 4950.44089579 5.62514400878 0.248979735888 -5.46494222454 -2.22309344973 -0.275021800254 1.24868805808 0.383851670159 -0.445750993795 0.595562710119 1.1919332684 -2.19823648646 -1.55980897069 0.593160063499 -1.56058489157 1
9 5049.92810938 6.58393277997 -1.79925790433 -5.16913235705 2.03418215743 -1.42693208728 1.71233910142 2.12860867276 0.81924768939 -0.337398815078 0.583397255134 -0.19485804782 -2.70174332008 -0.462697722125 2.45730142855 19
10 5155.61992707 3.288677441 -0.363890152158 -3.85841176862 2.34482660939 1.5643196847 2.51216367812 -2.457063975 -0.182488270944 0.0823361364951 2.53229490924 1.02705564924 0.117899291545 -0.106978413118 -3.09411361651 2
11 5161.75568822 5.32653026527 -5.06751213107 -3.02970307087 -1.98755204785 -0.0201694409309 1.7120884568 -1.81277954272 1.9685874398 -0.9811196651 -0.459160088193 -1.94108895683 -1.31172098387 -2.6431281045 -3.09587529353 19
12 5335.87013103 6.98002613545 -1.17105340838 -4.07755497111 -2.01920632655 -1.67357830971 1.89576570894 -2.92977681023 -1.42606071591 -2.42537523249 -2.83523156421 1.23883188702 0.569620596378 0.603576751404 2.27092579178 1
13 5430.05677176 5.35588069845 -5.04175558459 -2.67387548777 -2.07757850602 -0.755311235684 2.72083741059 1.46511358676 0.0785843286344 2.71287893592 0.34198250676 -1.07185114326 -0.567777321614 -1.61907854424 -0.763087108435 19
14 5441.73387029 8.48163780058 4.61126041242 -6.14551840558 2.4032138762 0.299510135457 2.84203472076 -2.25197993984 -1.93204416394 2.29494209034 -0.354081140752 -3.01717869399 -2.89872554314 0.490032896475 -1.56635148103 15
15 5580.0134749 4.00247551027 -0.651307152752 -1.7417824169 3.09251235948 -2.20032336365 -0.667519952857 1.4580437495 1.54653992923 0.431455369202 -0.516896365603 -2.07036115663 -2.75393835709 -0.674615864579 2.14236535504 5
16 5780.05276698 3.4516061551 -3.23472615204 -0.995818255842 2.14442696749 1.53196644981 -0.477177055585 1.63475414962 -1.68192310798 2.41086846272 -2.22409457404 2.70054441258 1.53243674352 1.43487689874 2.64008320907 23
17 5821.1725979 5.9178436542 4.84543476092 -6.88042087757 -1.82780155245 2.81906642534 0.484376131934 -1.35151177697 1.12640200643 0.320402809363 -1.85820300409 0.325405309619 -2.46509052882 -1.34638850699 2.67618381534 13
18 5883.67268204 4.68642819224 2.48721947839 -8.00366472978 -1.97805026251 -2.49313227242 0.917109656444 -2.28359591569 3.06154313524 1.63110759399 -2.21912324881 -2.85295815466 -0.734746945872 -1.7168785493 -2.6261058194 13
19 5941.64752457 3.88168768483 -2.31126116704 0.221775133025 1.84276364878 0.109543725808 0.0347701902558 -2.50039271672 -0.234823431011 -1.64209037718 -0.555622358781 -1.08968516575 -0.197668678273 -2.2616635686 0.545337743607 23
20 5991.86061174 1.67514448203 2.68453749738 -8.68056995958 -2.66971020617 -2.99858836342 -1.5667974601 -0.429738843013 -2.72936766453 2.63808660005 -0.272087624442 -1.14500661485 -1.11339336802 2.92615003074 1.72286051248 16
21 6129.63510311 6.19839006697 0.284005383629 -7.25184912654 -1.40862970376 2.33422937357 0.18126843426 0.205229740735 -3.03141849257 1.09433674839 -1.62364572348 0.974172101144 -2.40709246854 2.94319863784 -0.198466860277 4
22 6212.01063677 8.19304973832 0.240305137292 -7.23755794466 -3.03923725002 2.59160075142 0.343605952221 -2.77213372802 0.0772442603572 1.45489606635 0.763727593759 1.03943177703 -0.71368724309 2.99710720846 2.85917072105 6
23 6324.74687793 9.92449231827 5.16624629334 -7.12174373043 -1.70260538539 -3.0254038534 2.15403704158 0.349963190672 0.356032380121 0.422135006803 2.21822635233 -2.76280983422 3.13186414078 -2.42086997375 -0.999374046948 15
24 6543.25971038 7.66653991327 -1.76192649773 -8.54520361362 3.0778216399 0.461539986539 0.330589972646 2.3723271856 -3.07793066297 2.66296666218 -2.99313629054 0.41990927603 -1.57341850814 -0.829843689705 -0.693189941155 6
25 6593.49250306 6.75507471088 -1.09601921409 -5.92566243109 -0.0818334211935 -1.57239543943 3.02493745953 -0.729314422709 1.83423251177 -2.82922563012 3.02488256738 -1.36100398367 -2.54404596968 -2.35771596474 -2.02385688338 4
26 7064.24150285 2.9582511078 5.26522864836 -6.07962399914 -0.234986836195 2.95545348514 2.42743569011 0.110043624562 -2.93805602102 0.743013588503 -2.55531560968 2.15393681703 0.842379323935 2.73503947933 1.61077242801 16
27 7153.46547793 8.80015583413 1.98125554276 -3.31332195131 -2.43712741506 -1.91672628952 -2.02761936035 -0.355596225897 1.19073833689 -2.74708561098 -3.08645337602 -1.68805247786 -1.12455289664 3.02837682694 1.79077148768 12
28 7214.90693625 3.78439626002 3.21750316432 -6.74063300825 -1.61029491694 0.299391699569 1.21345031516 0.0117434461299 0.450029827978 1.18271959525 0.590099333885 1.15253246804 -1.03351595804 -2.3261452513 2.90224967074 13
29 7244.32923501 7.29697696307 0.694663406521 -7.08134357381 1.50330542287 -2.85550298507 3.09029645294 2.88410027094 0.582209755119 1.54452392146 -1.84083687147 -2.09878545034 1.7556017062 2.73308940068 1.67798538477 6
30 7400.18675976 10.6588556493 -2.79336046174 -8.27847475682 2.80427937531 2.78283508077 2.06202396227 -2.96274023639 0.523723824015 -2.54162992176 -0.363742144085 -2.43608724755 -1.62451939067 -2.07631246037 2.71664991067 24
31 7534.2823276 4.08971775009 -2.29175925198 0.866420177596 2.48464432399 0.827947764667 2.35571749147 1.78522821398 1.94628118809 -2.14108160412 0.452017025943 -2.86187717423 1.79817404743 -2.24125935613 -0.897276292856 23
32 7690.22456249 10.7376799947 2.31874499856 -7.5255488568 -2.77660032027 -0.594134160587 -1.49135107216 3.08516984278 -0.61930320374 -2.80188426518 1.73878895696 1.51441923961 1.9352549377 2.28390531066 1.57894307257 15
33 7727.74488762 10.5576674702 3.04127602007 -3.79493712102 2.39051477818 0.891682987865 2.01833686083 1.16968748552 -1.0719913271 0.805962740044 1.39916728145 -0.291253034724 -2.58625729272 2.13042475137 1.68730122747 12
34 7756.32868489 7.2921014826 0.383613001729 -1.21912794488 2.15301049743 0.899511588758 0.347468382697 3.03941891331 0.591588187962 2.24879907367 -1.14593489137 2.69784097527 0.750425483742 0.37837135772 0.0650473171125 9
35 7848.93939001 9.51777435112 -1.39828321385 -0.61668499323 2.09868081862 -0.312605461197 2.35760276473 0.101753732547 1.11091938947 0.875251584601 -2.41999077138 2.54845467817 -0.488050332532 -2.86175382779 -0.0593186270972 9
36 7930.0460907 5.3395883959 -4.9634130781 -5.59377732237 2.99092617739 -3.02515664068 -1.57350702609 3.10899138124 1.98029947216 -0.306850758693 -1.78172283438 2.42266543638 -2.60369902217 2.82144884439 0.61167493376 22
37 7954.08315979 2.97330201394 0.14368406809 -2.35193302998 -3.13533130168 2.39939463153 2.20207477952 -1.77810137991 -2.74400156947 1.10832882638 -1.93165250074 -2.28893995228 0.583930794889 2.04177035217 -1.31640519424 2
38 8016.67938182 0.988089043422 1.37821841049 -6.61651132846 3.00656408705 1.63733301155 0.657734410449 2.36155000226 -0.791343235125 0.962508659681 -2.18003361412 2.92905830598 -1.0156696714 1.59601900585 -0.871259370143 7
39 8039.21369109 0.564454535783 1.46379457974 -7.76141021864 2.72343383591 0.103521487152 2.45277385867 1.38948920645 -0.198625556161 3.1251583247 0.141000015529 -2.39187055953 0.221953660412 3.00251568336 -1.70270008917 7
40 8156.18866361 3.19817071346 0.661022951858 -8.62295811297 -1.27611364651 -1.42526346583 -1.80550659926 -1.12140730888 2.532297726 2.64350835894 1.55153234156 3.06361588027 -0.930584235594 1.33928749842 2.17962650064 7
41 8206.5193654 -0.212165310106 1.31818904634 -3.32994948263 -1.50311943662 -2.39724985919 -2.29910594484 -0.0648375717359 3.08928209706 1.84055842191 3.01773348207 1.03893474072 0.889192454277 1.34104465225 -2.6689166032 2
42 8308.69799349 6.29225173621 1.78271307635 -7.573950527 1.09262838795 -2.98299961158 -0.876090370518 1.08516625822 2.78614905136 -2.12343462644 -2.84625672056 3.01590819936 1.65862645044 -2.32270924334 -2.18763051636 4
43 8315.82186919 4.31432758441 -0.308069830993 -8.55313045448 0.172342795135 -2.89567564502 0.836930858788 -0.373551361985 3.03932210206 1.47704306489 -1.71312399799 -1.24808787859 -1.5014490333 2.73456393891 -2.53662756871 4
44 8394.91142691 3.66995144597 -5.22663984599 -2.70171294108 2.21860085464 -0.571606189184 -1.95749918778 0.650344829154 -1.62138186536 0.170298977534 -0.109735058203 -3.0633115637 1.41586751595 -2.0995164674 0.69522135181 19
45 8629.95345045 7.57383190664 3.88454275901 -6.93445762238 0.640792295662 -2.17058231968 2.98695611134 1.96698939743 -2.8031108377 -2.51848834263 0.651112396719 1.5773517562 2.43348476916 -2.17151354882 2.48048491277 15
46 8633.96677948 7.56599183439 -3.56438973644 -8.70923876149 0.650527213023 -1.77591277601 -3.01049374392 -1.01001119471 1.17215609779 -0.229349394978 -2.60340448021 -2.56704175739 0.364263620753 0.3814523639 -0.0660933872888 24
47 8760.02491315 8.59822354571 -2.57453465771 1.275368422 2.87329870725 0.183185882184 -1.12321562611 -0.129020769765 2.57832300996 -1.2060022425 -2.53240216793 -2.22792746681 -1.91989249181 1.24700320349 -2.34620816582 27
48 8770.52616533 8.98158224803 -0.614143863035 -8.62930215786 -3.05867501504 0.288109612336 0.115223033263 0.0527258099299 0.488513488025 1.04775319715 1.42171090254 0.372722451783 -0.478482815276 0.53493973766 -2.0381031822 6
49 9026.66255985 1.14324659572 -4.81645996811 -2.44343548838 0.920336253562 0.827187561152 -0.0289716338164 2.21245556712 2.26719891058 -0.389402266991 2.07897713533 -0.259883185527 2.3877187259 -1.35811775388 0.173261603425 20
50 9079.48779249 1.96079101994 1.91804674894 -8.24085883747 -0.218828202051 0.650735185628 -2.5802495997 2.02959182419 -1.48158769792 -0.28763528394 -2.51776058243 -2.96357292369 0.140469422308 -0.546935425634 2.93265848023 16
51 9089.59223041 2.2058003239 -3.42692214058 -1.70978406035 -1.53619984195 -1.24386444435 -0.917614832899 -2.60791655372 1.67431602741 2.12292663045 3.13922453658 -1.48204465181 -2.51926405152 -0.388525612047 -1.8611808111 26
52 9121.54483731 7.33827192007 -0.714288193681 -7.01022820381 2.41932527984 -1.48301004662 -2.57027562442 -1.44167609099 0.237753287842 -1.16870669957 -0.629385577512 -1.18296136344 -0.577399033476 -0.0914473275839 -0.365404810642 6
53 9167.89909913 0.786775121787 -5.29930551723 -3.11450745937 -1.53966707583 2.00682654006 2.3364214984 0.472350910573 1.61678291685 2.12346756151 1.62235727257 -1.86492169344 -1.69240235673 -1.80064693566 -1.92821189021 20
54 9421.86515136 2.10328797349 0.0669591224602 -1.22555519179 1.36267425451 0.391517721623 1.14664011051 1.68329977573 2.16628454478 -2.90898668126 -0.289818899593 0.0253425684848 -1.12054866628 0.478847974788 -2.93603435233 8
55 9709.76272365 3.96287018566 0.421607654954 -5.31288434242 -1.82394118059 1.69523305416 -0.178039003996 -0.0335504275879 -1.04353366148 0.586395588372 2.60220192871 0.293978786943 -0.275421827486 0.0467477834964 2.6768633164 1
56 9719.22811907 10.2425961557 -4.73690559564 -2.29438758193 2.18497850552 0.158153278019 -1.48783345961 2.04138879095 -0.283511888914 -2.47951449034 2.02131129247 -0.998135646579 -2.94779684451 0.073716854901 0.504262348124 21
57 9815.09142624 2.88885755275 -5.13127507395 0.985339768648 0.882703743399 1.13466712054 1.22780402701 -2.51003365091 0.709880188885 0.162126602633 1.77090409327 2.11725283094 -1.45367444219 -2.79614730653 -2.93551704666 26
58 9892.60861459 7.57130800341 -3.29185805812 -4.80049495762 2.20328815993 1.22639262659 -1.89040406378 -2.22772043686 2.65300399385 -0.0780386701356 -2.58616213206 -1.69674897837 1.03744981433 -3.00784805602 2.97484473698 21
59 10128.9275713 0.223010921018 3.67175242887 -5.20020967075 -2.52639380632 0.564997894714 0.08320277324 1.58577032609 -1.9632058091 -2.43610676825 1.57174290083 -1.35972828689 -1.0474745409 2.53595405946 -2.70321221511 11
60 10171.6545745 4.41628883132 0.804028228795 -8.61161148341 -0.277876884134 -2.66573467872 2.73479241684 1.29132812348 0.0382533372264 -1.91010440803 1.24385906538 0.809467220963 0.289864486709 -2.58072167955 3.06711053375 4
61 10262.1082351 0.371268121311 -4.79225334809 -3.2248699192 2.57678444589 -2.58537321678 0.458563732102 -1.63736287196 0.122646126705 0.0126547700613 -2.88771345535 2.946100174 0.00503569896908 2.41020107842 -0.540336004851 20
62 10265.5291431 7.94443275523 4.91645998902 -4.21231764835 0.118575980578 1.91913705506 -0.838743038452 -0.557456978921 0.913984755532 3.13303563193 -0.845608861449 2.49996821944 -1.84915082926 2.96246826306 -3.03676238095 12
63 10269.7885742 5.84503811017 -5.07008299756 -8.13638942693 -0.00315621046591 0.541865054889 -2.39406747303 -2.38229351797 -2.8523806545 -0.102101598118 0.604770715568 -1.33018341102 0.906211085341 -1.72119822104 1.38035790237 22
64 10343.650551 5.5648695547 -0.149215544941 -5.82302540676 -1.47077990073 1.4612921277 1.05623387752 1.69477147246 -0.212528761121 -1.95076429018 0.255169180999 0.171520719677 0.504530657465 2.02452622853 -2.79817804512 4
65 10374.107317 9.64708924592 4.21778655893 -3.71443487241 0.724468145525 -1.40692817107 0.897517252153 -0.757569146251 2.15115730187 2.00489408999 -0.345403112043 -0.310414096428 1.2542063669 -0.281408454626 0.0338554776477 12
66 10427.3403662 1.57104581853 0.927320582577 -0.900216488828 2.49875429526 1.99248189707 -1.5643137172 1.63884511681 -0.12952771498 0.338600951611 -1.07309569474 -2.74523360723 1.01347509229 -2.75567594086 -1.8587792832 8
67 10441.3946869 0.801640700851 1.84901892601 -9.14549128256 -1.56229774611 2.68427179098 -1.78851431595 -0.910661354366 2.04738457856 -0.664347814792 2.39520056607 -0.256597843626 2.92106760391 0.837939126714 -1.74181394217 7
68 10584.6558654 6.32048454095 0.841086184186 -1.08746752884 1.01868538933 2.93396438246 0.82814827318 0.890907458939 2.68070815486 0.210166054547 0.487637278159 0.716667626491 0.419618091465 -2.6431727529 -0.209380510594 5
69 10682.6565965 1.7147137948 0.0385777249887 0.845500399291 -0.179793942579 -2.29118230144 1.93115043121 -0.432237307632 -2.96245447267 2.06197989435 2.15448594863 -3.00227559426 2.26676888486 2.98012694082 -0.927206085144 8
70 10732.9970511 3.47962480027 -2.50372538419 -0.15870914173 -0.734724287283 -1.85920525135 0.397282084631 -0.599170262783 0.774281301986 -1.57811911575 2.06760092898 2.02047184138 0.707079997535 0.754547669167 0.211592626389 23
71 10768.1028496 9.49384907163 2.54694042862 -0.853536473477 1.06071191111 0.6895399887 0.867925730126 2.97450417395 0.0157096323575 2.40549557443 0.220867429944 -2.66497370994 0.42473602695 -0.501987783185 0.112868889847 18
72 10822.2233478 1.05280835633 -0.169898049077 -1.11129189154 -1.02896611327 1.42765277105 -1.3771140096 -1.83207141323 1.39600114732 -1.57073277177 0.488322998392 2.29061717459 -0.882226537386 -0.427010938257 2.81366236214 8
73 10848.6669686 5.54334038788 0.0607150863931 -3.4375314009 1.50540725849 -0.95160747692 -3.09902336151 2.60183777121 -1.53539391418 1.93085342163 2.46572981969 -2.98827616638 -1.82284949778 -1.361706993 -2.49945040955 1
74 10890.6308118 7.19556350272 -5.00699418868 -4.48743033916 -0.109780103134 1.46756921676 -2.11069322625 1.3121426993 1.18199969765 0.832209822779 0.374366815228 -1.93518016197 1.51370214766 0.635551789064 2.51216911832 21
75 10891.3006967 -0.136814127235 3.07570079047 -6.43514754319 0.433055245748 -2.10878439872 -1.27752516832 -3.07964586451 -1.5916436843 -1.73867439602 2.17432109741 -0.0635322352283 -0.755754070855 2.58860086439 0.396959671308 16
76 10905.2399174 2.59442371503 -4.42149176255 -3.74719317291 2.03440516211 1.59691563981 -2.12987220157 1.34828288044 -1.79823430552 -0.139264351608 -1.14300669292 -0.995948229281 2.62115276724 2.5376726481 0.896232224068 20
77 10920.5865568 0.949995684887 1.14785205193 -2.55390106752 -2.02512593337 1.07942369141 -0.643222546225 -1.20337876035 2.47083643811 -0.107101806771 -0.114103545586 2.06134373886 -1.39869309581 -0.570541579201 0.112516353228 2
78 10947.4745444 4.3647043449 2.41221456614 -2.70910101192 -1.10940756688 0.645257140853 0.11297385985 -1.90391879463 0.348580449616 -1.53503342646 3.003964672 -2.74996178828 -0.585139988879 -1.03531963758 -0.693739162785 10
79 10983.6407083 7.43979103956 1.46727281205 -3.14771773745 0.786454411054 -3.03086445945 -1.27371648487 1.94024245544 2.57514274781 -1.03675899091 2.50818465155 0.137077181356 0.41271816766 1.13897141587 2.08497746928 3
80 11027.9988755 -0.0871245853686 -2.67558975422 0.35170473681 -0.358792592196 -0.197068757866 -0.294118063754 0.179365927014 -2.06779478016 -0.0796317751153 -0.58814595121 -0.199760326397 -0.156049513005 -0.657764374617 -2.34554087196 26
81 11063.590195 7.98679109749 -4.2927361283 -4.50556850771 -1.65727889091 -1.46244102203 -3.05416043389 0.594441957796 0.343056475844 -0.858239496453 0.353368981118 -0.230095630526 -0.434218230981 2.56995091757 1.36460329889 21
82 11083.7445306 3.52494011487 -1.32806318453 0.67705286824 2.82082294508 1.93858953108 -0.376730909745 -0.828638897764 -1.18300126683 1.68756421817 1.98205503521 -2.3502817462 -2.17957848599 1.96850084921 1.57856195772 5
83 11107.9416313 5.10803457756 2.25306287906 -2.52655838105 -1.52238108381 1.43865090372 -1.74149952775 2.6326455666 -2.99242605843 -1.05981651612 0.238898928916 3.08209508539 0.975757620761 1.96398577281 1.28200455204 10
84 11157.4862438 10.2409015801 -1.45577588379 -5.802582484 -0.619012054119 -0.638121757474 2.91703429857 -2.79837294924 -1.38449261614 0.51780703276 -0.0141639807746 1.31663644832 -2.03590776301 0.508924762341 0.171344978717 6
85 11168.6288993 2.46516477152 -2.23460282532 1.10607857309 2.85588409377 -0.622433875201 0.492688604609 -1.68123378539 2.60567170518 2.26007606319 2.56005009842 0.999849849208 1.91235437053 1.43213372056 1.23855473494 26
86 11177.7023794 5.91487171747 -4.9827434258 -8.94316610522 -2.14976368411 -0.368447623104 0.64619882486 -1.32711990604 2.74778060455 -0.505406060435 1.20174659158 2.01917193129 1.23338007153 2.22738985002 -3.14112334393 22
87 11188.3113914 10.5415025104 5.20377846587 -3.08561571099 0.745062383408 1.35410965467 1.36753797332 -0.897391561846 -0.89169467549 0.875073373224 -2.998378988 -1.11209453395 -1.84985320963 1.74424146727 0.331101448789 12
88 11189.5814219 1.62050816432 5.25522751562 -3.85223834787 0.660644981777 -0.590985489433 -1.45704797065 -1.03545236353 -2.8379497991 0.664217146071 2.3727977157 1.06047821244 2.28818341583 -2.0524759041 -0.531989059717 11
89 11281.2680074 1.3041523823 -1.06993018149 -6.38503104238 2.4062198824 -1.17275625779 2.9800830652 1.00426101608 2.08625935222 -0.0953111444164 -1.55949672909 -2.45818592285 1.0748940635 0.533107648681 -2.22432226439 7
90 11295.2345189 9.83479455837 -0.359346404611 -5.14882826613 1.21909265257 2.72773370906 2.824984159 0.716389248539 -0.234046217484 -1.08661660902 -2.87037129874 -3.04696049994 -1.85375896915 -2.25484140472 2.4221240237 3
91 11390.0586067 2.15724730954 -2.88736491544 -7.8766135698 -2.55815402995 -1.42240117482 2.44703585374 -1.85645672281 -2.03826099463 0.0943825373095 -2.99458512228 -0.641226512845 1.47595639569 -0.187068926214 1.96805979324 25
92 11481.8446738 4.84807254284 -3.39682287526 -5.77669224753 2.10513267867 -0.974787933718 0.892041893882 -0.708572261074 1.27272788636 -2.67948792916 1.70390170554 -0.668041970887 0.338625909214 3.11156079674 -2.96564310918 22
93 11574.0881214 10.6493265812 0.506058029704 -0.199577052132 2.0587435063 -1.62676917688 0.530644701158 -1.09066567317 -0.96262594362 -1.66165121633 0.717723709311 -0.308062284275 -0.91380392552 2.71162722342 -1.52084689948 9
94 11603.5077414 1.63250171327 -5.01817624684 -4.5501004274 2.97586341598 0.95402394301 -0.568289059196 -0.101196537193 -2.96938436232 -0.899800828195 1.56337751492 0.968691280102 -1.07150502389 2.15064801644 -3.11373462543 20
95 11676.1108924 9.02632214242 -1.81112626764 -4.91250656913 0.891965377849 1.90819165381 -2.5106899837 0.0879938094575 -1.67869038508 1.94657470738 1.45595664121 -1.89295491861 -1.32453827425 2.30909309344 -1.83207773859 21
96 11681.1827062 5.54269771174 3.08796383699 -1.61127758408 1.46682446218 -1.61025219793 -1.01036483171 -0.223830433778 -1.52553761239 -0.0531301278094 2.53308855206 0.494161902799 -2.85463442892 2.32285923919 2.57203740536 14
97 11692.6410381 4.85286463697 -3.28444719993 -0.951802396122 -0.845384605994 -0.291394267472 -2.19002733311 2.12930907329 2.86803728194 -0.933268035234 1.53383132962 -2.41853032129 2.0588356962 2.12922700524 0.411748265953 23
98 11895.0695962 0.259957475407 -3.24758885226 0.252335733292 2.00800272642 -0.137619993818 -0.076024440942 -1.50747750799 -3.03505466222 -2.69449677522 1.86645095581 -1.90179592853 -1.82391144696 0.298890775567 -2.58778796536 26
99 11900.8162394 10.0423560609 2.64926818043 -7.10767661923 -0.0721802143788 2.95178133349 2.29516095259 -0.6291398164 2.21272590845 1.19369646954 -0.656198050123 2.79624368024 -1.9969841871 -1.64253718939 -2.27864895309 15
100 12002.8480526 7.83734775883 2.88880412562 -5.47265790893 -0.138203185683 1.17624736403 -3.09214761182 -2.99047492561 2.93384286568 1.22928785323 -1.38099463865 1.23101007931 -0.541392347024 2.89688481451 1.50445569954 12
101 12058.8232897 3.61152771252 -3.91612620359 -9.08800437373 0.447101015765 0.138496257566 -0.434301869866 2.97539864757 -2.44783551385 1.6353617242 -2.4394671891 -0.168774727082 -0.664291595641 -2.59390388442 -1.51441364087 22
102 12185.7414947 7.29742530118 -4.55513229894 -0.594085335046 -1.18073165742 -0.750185612117 -2.63501260942 1.31763654977 -1.14834325761 2.64714582979 0.429297676588 -3.04121715652 -3.05101955816 0.140595301529 -2.13076013659 27
103 12352.580105 3.24836953789 -3.99747382628 -9.08633991813 2.78463737195 2.3400274104 -2.5447951673 -0.347255769737 1.53442592476 -2.9631744172 2.99001440971 2.89500080367 2.93368740801 1.80756101952 -0.959400520906 25
104 12436.8081917 2.78184251172 2.74760754109 -3.52778650276 -2.5948333901 1.9306586295 2.05705204983 0.102273090608 1.19747280628 -1.01139720167 0.268899827884 -2.38414240634 2.92357717282 0.448782655331 -2.42281175368 11
105 12450.2310941 3.60507260801 3.22942162554 -3.36786994344 -2.66129649997 0.986321724462 -1.82427423982 -1.01856331775 1.64158084731 0.85499643819 -2.5601277206 0.400348271654 1.5746223993 -0.259900018301 0.593231319601 10
106 12550.0228184 3.29770996175 4.2304821249 -2.24165598198 2.81630664582 -0.464852948694 -2.03662755288 0.518892584854 -2.77154650852 1.78832368231 0.174245699123 -2.35296365586 -1.2886374593 -2.6760198186 -0.765189003939 11
107 12573.0334931 1.37462305165 1.17321648447 -1.69282612876 1.24324524547 -0.9332515039 2.87856933583 -1.91865001369 -0.273966368001 2.09317812809 2.27629954944 0.729362950045 -1.7968199972 1.42294104086 -2.06647592838 8
108 12716.950036 0.0862500318523 3.6958450744 0.342133221642 -0.233574724294 1.73561519003 -1.34698180943 2.45094812852 -2.93820132285 0.250258159189 -0.417527134501 2.65552275252 0.957127011645 -0.795882900722 -2.22617308156 17
109 12755.8535388 4.83140360169 5.1496971528 -2.03677056882 -2.95206404345 -2.21924936262 -0.327115537483 -2.86481254468 -0.287891846646 0.140239506933 2.73676218627 -1.98924649469 -0.969094413035 -1.96836888413 -0.116538517001 10
110 12797.5597819 8.70440775766 -3.10145555426 -6.15036113266 1.21063464102 -1.87468684183 -3.05659366713 -1.1148204817 -1.35957058774 -3.10610874596 1.13841751162 -0.492451643788 0.679236305381 1.01302229886 -0.828111718745 24
111 12847.301667 7.11884958358 0.372216657512 -2.18162437599 -0.311588906813 -2.70990062203 -2.94447038461 0.724160738488 -2.36119972166 1.28145805558 -2.28620294848 2.20868478472 0.615223013985 1.64854329788 -1.39523267703 3
112 12943.4688584 1.04894843418 -4.03555572507 -6.5852375708 1.68933366253 -0.0728328015156 2.73226732884 -0.113455835798 -2.01953038227 -0.0721367677104 2.39350506869 1.08144777286 1.23821995606 2.02865747354 -2.0072045505 25
113 13097.408639 10.2927452716 -4.18676202979 -1.77027526898 -1.84282878402 -1.65352928334 -1.72558436071 -2.77806258655 -1.23773098922 1.46895522571 1.10572396938 -2.62356287618 1.85558683272 3.08868897508 -0.938398213251 27
114 13104.8351908 3.14683918994 3.5183163921 -1.68096133785 -1.226445807 -1.69109962439 1.37118101123 -1.61428011806 -0.375514039865 0.775474963966 2.98693610501 0.796870746046 2.56958806312 -2.12495924938 -0.292797733635 17
115 13171.8162557 10.1039714923 1.29117825738 -3.14912998614 -0.419257301519 2.34653699172 -1.48950185049 -1.96502383244 2.6333845362 -2.68358743267 -2.79818337383 1.54819764164 0.747624873953 1.9987541344 -1.44602051161 3
116 13246.1853789 9.57041351187 1.1550788697 -4.81185502252 -1.13149105741 -2.20247746721 2.31837406324 -0.297062096448 -0.174085287147 0.817438232423 -1.92294001106 2.19008553111 2.37278069837 -3.12981498811 -2.20421529084 3
117 13260.733228 0.07098860143 3.12837995301 -2.03217576607 1.91173593888 1.3952659101 0.194574648495 2.38972361261 -2.8669080663 0.800306454166 0.93512612549 -3.07745696715 -2.04045047348 -1.65823526861 -0.109341714685 11
118 13382.2894036 2.28949241255 0.276691539124 -3.31894300589 -0.343047368794 0.301584202061 3.01115011414 2.92621901985 -0.45544308626 3.10182003493 -1.8450623283 1.9321060229 -2.74269999547 -0.353301091574 -2.21718639768 2
119 13446.0140693 10.6570557286 -3.68888736402 -6.33391166378 -1.17434057968 -0.62201327167 0.0557108773537 -2.64582253013 -2.60260013379 0.729043643235 -1.30548748914 2.46663488097 -0.684815270859 2.82300498382 -0.186754344068 24
120 13507.3565039 1.02451893183 -2.07068949404 -7.29767037131 0.850416316779 0.431724897546 0.276250280976 2.47514530413 0.606331571192 0.84361961086 -1.55316121437 0.86012766896 -2.6437016074 -0.951760267217 -2.84393382654 25
121 13533.0982942 5.68886890525 -1.01379359004 0.81041804291 1.26956250131 -0.594342296975 0.10050424936 1.83689390322 1.30238442119 -1.6418872287 2.05157861821 -2.40654639145 -2.52372195649 -1.29424491694 1.67052280078 5
122 13555.4137821 4.47582238686 2.18258530905 -1.20479764805 1.83546997677 0.203792771442 -1.48759720717 1.83228903372 -0.913311273343 0.384478925611 3.00113464252 0.665057185696 0.673101862334 -1.54867830117 -1.81708387032 14
123 13770.8389279 3.97451448814 -0.115307791126 0.766792226066 -1.54901707427 -2.32867950796 3.10783637581 -0.354281049696 -1.83837431849 1.62834775933 0.929836345228 2.06862659199 3.00748933101 -2.40771815768 -2.34048604832 5
124 13798.1646471 1.09779054238 -3.61362466772 -8.01508360662 1.43461461139 0.694114027008 2.89576150317 1.51015512217 -0.579132092457 0.312127511292 3.03890682347 0.792550834844 2.60467784673 -0.034173855038 0.53637622589 25
125 13834.2133662 4.48768680033 4.46921703834 -2.261066019 2.49921062776 -0.455286718045 1.67050916844 3.06206843808 -2.2263357033 -1.66400159803 -1.34009172422 -2.65910442639 1.8928417683 -1.62444272456 0.437082471034 10
126 13995.1430744 9.69781447555 -2.10117639674 -0.494158128845 -1.77017133547 -1.97314913813 -1.55898014704 -1.33827143387 1.0097413956 2.12264591089 -3.00871038518 1.37016575285 -2.64657652848 2.6126348393 1.16850744242 27
127 14004.4622485 8.97184731839 -4.5289937512 -7.40924448158 2.46662593442 -1.21040253468 0.33804749686 -1.93815273181 1.92583704554 0.374824063299 -1.31807919093 1.40135971799 2.41013406223 -1.43701952621 0.841514533663 24
128 14035.31397 3.70096349114 4.31942046214 1.21167524136 -1.21787060321 -0.311043375589 -0.16564443553 0.107982834896 2.93566019429 2.62236644766 -3.07316338137 1.4671350038 -0.459103574105 0.343249201413 -1.55808395273 14
129 14186.7715637 4.74498916385 1.77763272575 -3.32509070829 0.307258609332 0.943433011585 1.12319067658 2.14235670944 -3.06193521455 2.44226015938 -0.487975950659 2.49906024084 -0.480332639291 0.726231846861 0.737962747573 1
130 14502.1950601 10.5770985745 -1.96865569041 -0.426608244482 1.07477480275 -2.2125763302 2.93562534009 2.58704515488 0.416732845098 -2.02650302271 0.138027602906 -0.803729020105 -1.49618127274 -2.09996025904 1.75218984615 27
131 14673.2251344 5.53030404407 -3.07780727108 -1.9953863055 0.317453960591 1.67566854938 -1.03764643517 -0.855368629556 0.484345746183 1.92628778074 -1.82773437259 1.30608799643 0.949271754616 2.70720513166 -0.792146691041 19
132 14950.2100294 2.12559025233 1.69269122701 -0.40682178738 -1.21947925181 0.209310338286 0.916513148392 -1.50297278361 3.0690130318 1.05978948816 1.54473269735 -3.00640254163 -0.341850261627 2.53193644816 -0.74684888175 8
133 15030.5494587 6.43735793545 2.09085312857 1.40649828668 1.84560363136 -3.11663583275 -1.57829506399 1.00741308297 -3.02450881579 -1.31917488826 0.98425864496 -0.966738581323 2.37546320629 2.64308489261 -2.85841208048 14
134 15136.6544367 3.572035962 4.89953752546 -1.96775745911 2.6228312815 -3.13063456585 -2.37518865871 -2.20630231736 0.777798794615 -0.882810345636 2.94866988926 2.48299764631 -0.149492254442 -2.58940453656 -2.10957107705 10
135 15280.4125406 5.27488690358 0.707346142716 -0.701129292297 -1.48629198397 -2.29597100667 -3.04114962692 1.07923847013 3.09126228059 0.782026706926 3.07486216682 1.47191855379 -2.97878219345 -1.65259687589 -2.78612187533 5
136 15470.6549333 7.11105828122 0.218941162008 -2.15555417326 -0.114601444625 1.11322932489 0.975503063511 -2.0522553735 -0.7868478145 1.064277039 -2.96173790964 1.07678671175 1.3597900587 -1.40455725977 -0.711131097821 3
137 15638.5088247 1.41200980713 4.26002951449 -2.85932781603 -2.5020368202 -1.79467619509 1.20624470721 0.518809041801 3.09883796451 0.106495761781 -1.0709074863 -0.654666821098 1.13595309434 0.439699571751 -2.62396445394 11
138 15740.7602317 2.1571452055 5.00332422336 0.973384155286 0.137576819126 2.39055274093 1.59455901284 0.377576435865 0.488589726448 1.09976731943 -0.619005186343 -0.524288735631 -1.22211285348 2.72322067445 0.41096958906 17
139 15742.2299756 8.72361962696 1.71173189044 0.00705239736013 -0.861006578227 2.54271483335 0.661349642912 2.88325282941 1.91171662613 1.87170811254 2.54295341485 -0.00610112505106 -0.466623910633 1.90910197585 0.441048475724 9
140 15856.8391568 -0.137192240186 -0.546597264018 -5.90550741381 -0.347474404318 -1.51882012447 -0.8127144194 0.352865102409 -0.280055162186 1.10120111529 1.97202891019 0.42030391207 -2.12737440535 -2.70727967637 2.63156659742 7
141 16051.916647 8.38477205381 1.62496758772 1.33868121885 -2.11853767849 -0.43354463458 -0.61878938451 0.402731552424 -2.84986460013 -0.664856772952 -3.03018073909 -0.962478518769 -2.13806170518 2.0438051369 -3.06736486433 9
142 16054.5931583 8.17231297317 2.27723190691 0.76167903291 -0.807490708159 0.933585084528 -2.40973523127 -2.08867166844 3.02891154255 -2.46282797701 -1.12712830851 -0.928868570652 -2.37278212608 -2.26089156201 0.291826642568 18
143 16156.1687504 6.72645552714 3.12766313449 0.929580250601 2.51127168486 -0.2148648314 -1.48339439529 1.73247092235 -1.93654804023 -1.87398734197 0.33492438715 1.77772165237 1.45340089991 -2.84742379978 -0.20503517705 14
144 16169.2270473 0.957706712003 5.43132363553 0.995010479741 0.751833786118 -0.701676783247 2.32806577217 -2.93515970311 0.728258565127 2.21211799705 -1.09405629723 0.309500113841 -0.173841094075 0.804257657178 2.66812586242 17
145 16232.0608026 9.35035069853 3.94452265493 0.50536539973 -2.66942378209 -0.972600049447 -0.880500394911 1.45851785909 0.0285239560805 2.8961297573 -0.609603521043 -2.77740409546 2.92778657913 0.549445102804 1.5144568282 18
146 16354.1133133 5.11340835589 5.30261110848 1.53523582258 -2.02548988265 0.46568396957 2.70016790217 2.25606637238 1.95743847094 -1.9244492401 1.5855783322 -0.30525991403 2.06388826611 -0.517050244262 -2.67440104625 14
147 16396.8119047 10.1831153332 3.87401843649 -1.5506067683 -2.54738662163 0.171019831694 -0.461165574154 -2.11139288724 -0.444786479121 1.15759119855 1.74614815201 -2.0243860441 0.358021621075 0.604586408748 0.80039161675 18
148 17349.619605 1.60477502007 5.09733114383 -0.507026884722 -2.25996571304 -1.31079049124 -1.70175154463 -1.44060515015 1.9247984181 -2.69701663357 2.61015976473 -2.82030843497 -3.01866300489 1.41432036341 1.42106230932 17
149 17763.4216732 8.56497737111 -0.269104165528 -0.223933086983 -0.524819877087 -2.72383438883 -0.965671170957 -2.76870488685 0.661409539737 -3.10556894213 -1.88296427355 0.479458804134 1.49038180059 -0.463826689891 2.21543195031 9
150 19271.1386065 9.48706189064 2.21302764187 0.406648248372 -2.25832191658 -2.46405577468 -2.3811318754 1.05936314692 -2.83514453447 0.576040669889 -2.36690393702 -0.0713414052842 2.742560554 2.76226841348 -0.0764506705227 18
