 -0.701224553185 3.4594678715 2.6103538063 -3.12989086284 -0.995110839369 -1.42394216748 1.53037227633 -1.47741527569 1.61608665121 -3.06955739955 -0.91505778251 2.16879218573 1.41688532113 2.75845232918

1 613.860976853 -2.23345406758 -0.0632695455434 -6.15657002169 2.86648049497 -1.1511125552 -0.627319873796 -1.46155346184 0.814305309415 -1.20700026726 -2.96574126399 1.63633038248 -1.40467292227 -2.83679056615 -2.5285499802 16
2 889.999431895 4.76759077127 1.17140762774 -7.6555327525 -1.97130326167 -0.299957179409 -2.39878749153 -0.231749279161 0.689581440679 -1.6474994207 -0.102417703084 1.8663761069 -2.60832623232 1.6082121406 -1.73938618953 15
3 1806.62734153 4.45873389245 -2.21790142837 -5.65967128652 -1.70085398512 -2.40431322022 -1.94934121467 0.073925004927 2.62467867785 2.14899031407 1.88357651083 -0.528632393702 1.82297778821 -2.35112149632 -2.86824931974 6
4 2194.12279819 1.35905513547 -7.42832383552 -1.82018875161 -2.87554017164 1.26107982276 -3.01397815813 2.55118242339 0.982602293426 1.08234672676 -1.32268008326 0.83831558685 -0.59484553656 -0.0923851204656 1.37785268633 19
5 2952.87455227 4.70336471226 -2.06334240708 -6.56941666954 -1.16033936994 -1.70408170457 -0.154203643957 2.20805303415 -0.985886290185 -2.01023869168 2.36162176533 0.442022743581 -1.24424540538 -2.32474233894 1.65216335707 6
6 2969.74461632 2.7577194985 0.523231694465 -5.4449321674 -2.12668303062 0.995585307734 1.45763137313 0.599916122165 -1.37887927066 -0.429967815775 -0.263171007806 -0.935733012468 -2.7845791255 -0.230293071475 -0.911626304781 15
7 3114.63858685 3.04555200259 -7.92751854803 -1.46686933139 -3.00316588412 2.58830963883 2.6763920755 -1.56407521446 1.7946981818 -1.94557275555 0.384319058231 -0.984759173364 -2.40232079218 2.85492103088 1.31810737003 21
8 3194.12376203 2.90503303601 -7.61262778364 -1.50011798181 -2.92063567161 0.931805465992 2.66992558698 -0.0480827393412 1.46041839258 0.731118215135 1.78880805579 -2.75911202211 3.11520122596 -2.17893755743 1.3982114728 21
9 3425.80096502 0.0444605462743 -7.17330102488 -1.65575578677 -2.10178710613 -2.50523925751 1.85389316861 1.39449037979 3.04072949269 -0.131879049062 0.405208110377 -1.44240485581 -0.949340234162 -2.44062721393 0.431715282668 19
10 4172.26795486 0.625672199384 -0.555365816794 -6.95502937722 -0.837811487098 -1.94649835098 -2.5239470464 0.872484168724 -0.812196698474 -3.10844663908 1.82684933221 -0.0504044437587 3.00083372209 2.28750270347 3.14075066365 13
11 4708.41731322 0.659995880882 -8.06259204085 1.3788312524 -2.58697828082 -2.69533600917 -0.364484452212 0.281628834443 1.40337687114 1.23980403227 -2.52584237959 2.6913305487 -1.72040634352 -0.410952190273 2.13579505509 23
12 4844.23501374 5.89550185088 -7.36920769296 2.27482012361 2.43998008363 -2.44134724591 0.58219706811 1.7540318317 -1.18172538726 0.402592705008 -1.70568467869 -2.61096073951 2.20736585503 2.75848348873 -0.869768014562 27
13 5377.44747528 3.00750056043 -3.10680447247 -1.74602170413 2.50397379846 -1.42243784931 -1.12059715239 -1.40366664937 -1.39011225183 -2.02503689317 1.92421319364 -0.0107363967949 -1.47345504084 1.82308147227 -1.39189280769 3
14 5537.38867765 4.18935183546 -0.935056165268 -5.63381444894 -1.11528110666 0.468130961609 0.83010975597 0.31633779147 1.55635363524 1.535446047 -2.03359455416 -0.26973565407 1.44744964725 -1.86346191845 -2.29996059427 15
15 5668.0232718 3.57858538585 -6.51440128688 -1.11798961313 2.65572900875 -2.52345139126 0.0820154026128 1.48343596691 -0.0893670077683 2.82160981578 0.271922061005 2.07316005391 2.84217226619 2.04055580936 -2.74406851014 21
16 5668.4263249 -1.57928972033 -8.81810507881 1.44079349012 2.22613291337 -1.21404604407 2.96484403875 2.8339878826 1.27670533422 -2.59475013605 -3.01172755326 1.30441432844 -3.01941013586 2.25521439564 2.84196837624 26
17 6082.10883645 2.8055012046 -0.139607622631 -6.94107869487 1.29665882321 0.149740006699 2.64528761248 2.07378817033 1.66361109428 2.60978235369 -2.73332800117 0.149967810969 1.08950750708 0.629304875185 1.28622348011 15
18 6136.48067771 1.13341743616 -2.25412008213 -1.93911146081 2.28923591055 -0.234176851561 1.13415926007 0.103278385031 0.372162317043 -3.113478334 1.51838102355 1.95260279006 -1.16032070231 2.19500342035 2.45354415575 1
19 6278.91591864 5.37797379551 -6.75392736193 -2.0017755576 2.93493533134 1.96689018609 1.25326447437 1.07407173378 -1.25161882413 1.16533158153 -1.40872213704 -2.73374673743 0.85903201166 2.49475646777 1.41795126215 21
20 6350.26457508 5.19525607624 -4.86742810006 -2.8079604048 -3.11038924948 -1.79209403061 2.38288821899 2.69515995909 0.264808245456 2.95165895081 1.69445037953 2.70886377667 -2.09818081077 -1.60480871934 2.90383088986 3
21 6358.87568801 -1.16040091794 1.86934741881 -4.75696827124 2.40428705547 1.85661163835 1.22187860891 3.06377552171 -2.33557633472 -1.04094816732 1.3288754504 0.400960546777 1.94948479822 2.32337273809 0.607598697364 16
22 6372.18690607 4.533668348 -3.81848246204 -7.35991789112 2.56452340372 2.2924068939 0.274806525273 0.698205625584 -1.8672688393 2.9410921646 -0.00816667647623 -1.54449025028 -1.48598337442 -0.622152238297 -1.20385457413 6
23 6376.8505895 4.16206215718 -3.87805387774 -1.00662979627 2.86123952563 2.74846547739 1.64963638129 -1.73837042715 -0.403548191152 -0.238367312814 0.463964234383 2.76044370413 -2.81389925458 -0.715317075563 -0.542457150613 3
24 6442.98445929 2.0913992172 1.67815381036 -4.76544044842 -3.02302801429 -0.903347221861 -2.74025344173 -1.79046735175 2.7258825226 0.0528549981307 0.776694216386 0.362003975112 -1.40398236248 0.600598838496 -0.03006659659 13
25 6549.83682698 -0.893896309928 0.477260464245 -5.414154923 -2.33137911185 1.96229754562 2.69199122205 -1.89390738552 -2.57135026758 0.0610169097336 1.9051985001 1.59963674339 -2.41190999654 0.543858853363 -0.46387054444 13
26 6590.47404601 1.99589782739 -0.760687798844 -6.25074125195 2.44546008316 -2.92532564617 -1.19476613192 -0.11700256372 3.09658118714 2.00644345954 -1.04588377967 -2.67079165496 -0.00646214245516 -0.661206768846 -2.94568135369 13
27 6670.35110253 -1.18008019421 -2.76557528934 -3.80563911247 -2.03035588638 3.10369322467 -2.86191036657 2.86324401864 3.07590830486 -2.81355697339 -1.29201887878 2.88835874576 -1.52218296682 2.5790404563 1.06163970021 2
28 7011.79843482 0.167540649941 1.63588930215 -6.02010501537 0.395093663028 -1.14325045595 -1.31331582414 1.04296190235 -0.929477390696 -2.62587548881 1.59507254163 2.7423920868 -2.24813312905 2.95451233403 -2.20035566197 13
29 7134.37043 -1.81575909714 -3.67074649007 -7.98815231623 -0.29342553551 -2.7284029634 1.29206563607 0.719474829408 -2.28908629847 -0.5095106348 2.90372900064 0.191049982065 -0.495751089114 0.00735484799272 -2.7506153032 7
30 7145.58969431 -0.932021316379 1.29347524478 -6.98845045851 1.70013612305 0.447158073361 -2.41830198486 -2.04486130374 3.04873388897 2.24018332349 -0.45177403472 2.41438618246 2.73873079178 -0.470354727169 1.96949787392 13
31 7579.17359385 0.0445330674364 -6.98509203854 -1.17668154551 -1.66639676887 -1.06722921766 -1.96825293407 -2.94066636045 -0.657482390845 -0.680345195585 -1.2173299163 2.27416882749 0.763989198332 0.334503702621 1.59950350367 19
32 7583.42127375 -3.61722233998 -4.3086614464 -5.86538652804 -1.39931567641 2.99551530427 -2.21936238667 1.50902116745 -1.05903348486 -3.05860524023 1.56452672524 -1.36480414974 -2.86994543304 -0.894826621396 3.02086427649 7
33 7607.96650012 3.59219774651 -1.85195640397 -4.16871225163 2.3102282434 2.60825706583 -2.32641999408 1.18941691102 0.17243650098 1.42294196479 2.49914313311 -2.28484876822 -2.62016728425 0.000439818781026 -0.0912875352094 3
34 7811.33616379 5.90543853885 -4.62647487914 -7.21940548516 -2.486686415 -1.7539034324 0.0920505047603 -2.85436588708 -2.97892208796 1.95103675933 0.256913289861 -0.946545642085 0.365198426344 3.05919495021 -1.84229444845 6
35 7843.52762906 -3.25095983531 -8.7085986584 -0.426053513651 -2.70197587134 2.75271935279 -0.427669749736 -2.22664643027 0.493885922221 2.42200503855 -0.029015251759 -2.48470046936 2.2746179909 2.21722494688 -1.8226146187 26
36 7852.29163858 -1.48879418314 -5.17070028215 -5.85788654922 -2.19040433185 -1.93529367796 -0.0486771881742 2.73116842466 2.96401735571 -2.06413739731 2.53996484037 -2.63474560734 -2.46939356548 0.358755522702 -1.01508172449 7
37 8167.87754042 -2.6373507395 1.20941599611 -7.32029292262 -0.388230587743 1.53094742577 0.553346316897 0.102560728302 -1.49745714338 -2.41644117717 -2.07881429775 -2.50322270043 -2.96455970862 1.00079524865 -1.4288553521 16
38 8288.10841924 1.59254012607 -2.67608381169 -4.79366239376 1.33807179107 -2.70162311825 -2.80710703218 2.16197554275 -1.93700812439 0.839452567257 -0.869298437477 2.00176749263 -1.23088181612 0.269457613667 -0.497304847153 4
39 8443.60238773 -4.13534384463 -2.81854080468 2.52934046868 0.735663882409 2.34243902102 -0.374896362491 2.92580322705 0.172833257325 -0.656158347735 -1.67235878634 -0.471288568167 1.88639347054 -2.88257603924 2.61275814971 8
40 8449.93463861 -0.258409180953 -5.00398482074 -4.4485700585 -1.73303222301 2.34630774738 0.214514870266 -2.20768282595 -2.92104474683 0.474279896127 1.77485064566 0.804151115415 2.59023165541 -0.208224576041 0.657337098909 4
41 8464.15312895 -4.14947227446 -1.10056397506 -3.10503133063 -0.132361464836 -1.44828022088 2.92385645184 -0.162187577549 -0.114634057672 -1.75752405415 -0.269307796367 2.57131124368 0.924619990572 0.543330261972 -2.82095277042 11
42 8472.84665388 1.51400654683 -0.916581320867 -4.11100700643 0.835310225828 1.43333231403 -1.29292073916 -0.213548609322 -2.43549438637 2.15296418476 1.04474665688 -2.0169996456 -0.21356944579 1.29780682382 -0.797477703219 10
43 8491.40703058 -0.272867214261 -2.76187996529 -5.1220068916 -1.41961240745 1.73071948506 1.40021840742 1.69743279635 -0.153973488573 -1.51224196875 -1.09873804605 -1.54994816896 0.345322880728 2.23884805941 2.75462906887 4
44 8509.79181567 5.30570585448 -4.93748059751 -6.17900467628 1.01479291122 2.77418404301 -0.137263121464 0.50215833623 -0.821354999608 1.55816347998 0.584851579414 0.590019036479 2.2548156832 -3.00839990528 2.99993643172 6
45 8662.22748115 3.76573550407 -1.17403573731 -6.91295127586 0.637732046193 -0.320435709712 -0.83503447737 2.82296716421 -1.19266340263 -1.36493966038 2.60598569955 1.74657718576 0.388165785316 -1.59659994373 0.342173222159 15
46 8806.58316943 -0.437413549464 -5.18602672838 -6.91365509339 -2.54501767307 0.736985423784 -2.44456131837 0.124256926587 2.65580436201 -2.44838600686 1.53257713634 -2.12977345185 -1.43185726208 2.40606362989 0.602127392217 4
47 8814.74454829 -3.22647206853 -2.11571829755 -4.41019494663 0.393470932809 -2.13750800107 -1.45292411715 -0.00912830016025 -2.29480609631 -2.7466536504 2.84894122882 -0.0274233980797 1.25409483594 2.56689568694 0.323137155817 2
48 8832.79614309 2.57413293768 -5.67671435863 -5.48391384856 0.421378138805 -0.929120458913 2.81972343296 -0.345735633711 0.661146250355 0.539870731266 2.9837348038 1.98185292216 -1.79579866185 1.75749079579 -0.213868435886 24
49 8866.76207769 -4.20088071831 0.0013806508255 -4.42185979494 -2.10006081819 2.42870791403 2.8401865024 0.885610177601 1.20389900065 -2.17859342418 2.7501333999 -1.10383064353 -2.708603826 -0.13100103121 -1.56876778687 11
50 8908.65476478 1.15454195097 -1.84196837268 -7.56323805786 1.90053132918 -0.120667027786 -0.216636684704 -2.36921306091 -0.16985868817 0.887208164138 -1.67310299654 1.4166353241 0.506716437796 2.014757712 2.89050724237 4
51 8929.73548448 -3.04608859241 -8.14989431889 0.365531856251 -3.13390453402 2.6167572188 2.88815033406 -0.234503917711 -2.50653327866 -1.66943873979 -0.0200747111799 -1.60469157394 1.77123253445 -1.35344401991 2.79731889312 26
52 8942.65053606 -3.9814196158 -3.06822855977 -6.49033924632 -2.37455032906 -2.56013756538 1.5651505652 3.03913546543 0.68561700104 2.93753745131 1.34661573845 -2.87337393818 -2.01876735074 2.82997791311 0.457855015356 7
53 8994.79646981 2.52055979497 -6.14523888175 -3.72325737151 -1.7098629342 -1.34040200371 2.65371028195 1.79079120969 -1.82113474556 0.314646799893 1.12813018651 -1.66131747738 -3.13428213739 -2.7247099229 -2.70415604947 19
54 9045.52790301 -0.162636236366 -1.62302158971 -1.56645206807 2.29285524303 0.132628573944 -0.262613953604 -1.61979645231 2.85477436059 1.99989695703 -0.14725863149 2.57404730322 1.50240281758 1.17623549196 2.38722329364 10
55 9052.52433016 2.17519131692 -3.62451038968 -2.12874981279 2.07109232262 -2.53670104336 1.90268682083 -1.3263768166 -3.07446978616 -2.05731512752 0.647717280094 -2.79219609441 -0.236639398988 -2.1036998148 2.99867912199 1
56 9060.92758725 -2.3786305109 1.20085219037 -4.72652810581 1.18029738213 2.18883213721 0.0243234142719 -2.17389900352 -2.12667140396 0.963262314439 -0.188856321501 -2.71404712644 -0.160071020985 2.11074927089 -1.03185775766 16
57 9309.58694499 0.883717680332 -5.88273107652 -0.530938074523 0.130477593657 0.599317038264 1.87648536399 -1.66137253313 -0.75027912483 -2.28452554805 0.904777341055 -0.914891891157 3.1338854391 2.38401423017 -0.738259639311 23
58 9333.48566728 5.22696900138 1.59376161263 0.047110643313 1.86283014847 -2.27495268444 1.36717088084 -1.95772787187 0.00247997830819 -0.689089805094 -3.01248969666 0.0736167647258 0.00975005902764 -0.502485581201 -0.730913753362 18
59 9402.42042816 -4.36144276327 -5.41172523276 -3.85715813352 3.14074246346 2.84089316633 2.05409630571 1.78176556914 0.948656239163 2.84648341952 -0.527602369419 -1.11098255528 1.50861979084 1.19856113211 -2.70297873101 20
60 9582.29234225 6.06461315946 -5.30586934757 -4.60546548942 -2.56053034069 2.61653053317 -1.95720183569 -2.57984009572 0.76719382577 -1.1067143388 -1.1892806363 2.11967799526 0.0262961984748 1.54061298854 0.627233597412 24
61 9812.43416076 -2.80767320762 -5.99319748064 2.85762148624 -3.02329244778 0.992649076454 0.939298096158 -0.510238787611 1.15273138753 -1.56231429224 -1.81693867795 0.683305753746 -1.78224325358 -1.53899586022 2.5877866108 26
62 9819.62794654 -1.38490883502 1.66224140607 -1.66465199506 2.21051865852 -2.85373881023 2.32904749418 0.880282641991 0.68575557084 -2.88539175898 1.55340670434 0.957951567632 -1.42339605398 0.0926205882549 -3.08586974011 11
63 9887.12609396 -2.09263167558 -4.50664453162 -2.77746457295 -0.663778437784 -0.00667840803476 -0.0937795205705 -2.02294110295 -2.64543373993 2.408125517 -3.12658552076 -1.19666624053 0.0621707048686 0.427590943596 -0.552817903237 2
64 9958.98598553 2.78755417874 -0.679813298489 -4.58975541033 -1.1561242643 2.82821620692 2.53996487222 0.706129318569 -0.528126610919 -3.0140813006 0.690413561514 -3.03344274815 2.42098154266 -2.5223745192 0.302600340802 15
65 9967.28870617 4.89673453072 -0.281995757527 -0.785163473934 2.84297597751 -0.361088477196 1.59692302166 3.07772227437 2.18733109506 -1.95603480722 1.10531507988 -0.639334757706 1.98276450145 1.15515788034 1.67514613671 12
66 10034.2119436 1.39740131538 -4.8598860226 2.06915486675 0.277316197509 -0.000204512380263 -0.494569241555 -2.86312053208 1.93535527726 0.981574823954 0.10142003243 0.970883146776 3.003328761 -0.22422747201 0.125771149492 5
67 10108.9073578 5.1950702031 0.0359952395373 -3.93843697596 -1.36980386627 -0.153566602368 -1.21309972525 0.364720685724 -2.06664566628 -2.29315597569 2.49408440431 -1.62915144876 -0.486511771703 -2.57745742847 -1.60759717187 12
68 10179.0823802 4.73994461569 1.5486081887 -1.05481835994 1.55178873142 -0.496391565023 0.779893311677 2.19442709076 2.988665086 1.85330011891 2.10662320841 2.08218604703 1.92877224819 0.470438595407 0.695743160414 12
69 10225.5499187 -4.37733928052 -6.33755747229 -4.83090929536 2.10266796868 1.540812867 0.562595902989 -2.11113523477 -1.56542959132 -2.84352042011 -0.862360337439 -1.52800230604 0.234574440817 1.94105227513 -1.03300402545 25
70 10237.6309734 1.76227117632 0.466896933717 -2.42726243738 1.41596110761 -0.788404014864 2.23427830379 0.353188940406 0.795539611905 1.09248473561 1.48009027093 -1.99577516174 1.96222837362 0.324343520819 -1.70617298757 10
71 10276.6461024 5.61237259856 -3.82923507553 -6.48350456753 0.853721150703 -1.30330984633 2.08646105658 -0.30208172542 2.18743986313 -0.636828671244 2.42721536053 2.9609098589 0.956891702598 -1.79142470934 2.7259449328 6
72 10300.0349921 -1.25169595985 -5.49829999619 -7.05959389268 -0.304100252505 2.61209956638 0.954921437646 0.720745415936 1.49001862789 2.12287177732 2.17860697797 -0.223687138758 0.952951971923 1.92034212841 -0.404739247174 25
73 10348.0821121 2.241657667 -6.42429916162 -3.14548036223 -0.260913842726 -0.969495402307 -3.13429790407 2.58529323653 2.64004173092 0.257415097114 1.1069447904 -1.43963269407 -1.42892618168 0.492794980144 2.5141331455 19
74 10363.3413806 -1.08189263142 -8.12957683669 -5.29463146128 -2.84264345944 1.10530352678 0.698497060985 -1.37428987526 -1.70831058926 0.945213506987 1.06586744765 -2.66218943119 -2.6542614607 -0.937118813825 -0.429644681355 22
75 10672.0934148 -2.88097344419 -1.65659539413 -3.84116543911 -1.33716481042 0.111033958402 0.0243302230123 2.4735631018 1.4409239044 -0.430954322044 0.652755089274 0.863049090991 1.21295675404 -0.973267786802 3.11842872175 2
76 10721.9083955 -4.70707671411 -3.49978508265 -1.80613288935 2.81803140892 0.91828084542 -2.17374423444 0.182874883178 2.6616565825 2.95919631985 0.257420946482 -0.618409853411 2.74267292849 -1.10312299418 -1.7192751797 2
77 10795.0056371 4.1048626659 -7.06640511158 -6.21372823997 1.1562542548 2.71716821297 0.15421440508 -0.716439375302 -3.05199121986 1.20276781664 -1.92316878393 -1.69690963421 -1.74372644595 2.46084866632 -2.38437760138 24
78 10805.1003851 3.89953164891 -3.46216776198 0.461524209889 -2.586500883 1.69700712144 2.82574397905 2.61266025232 1.12377708455 2.76485061632 0.24424255612 -2.52968232258 -2.38459904935 -2.603402684 -0.215307178259 9
79 10810.816634 5.62766101094 -1.21020770805 -1.86840604396 2.10793707781 -0.978828590607 -1.50831871432 -2.61098805925 -0.923328451403 -0.600888022361 1.96985154831 -0.478420839771 1.58521905678 -0.185529799408 -1.58884024813 12
80 10873.838831 1.20380086707 -4.83955264426 -2.43709411804 0.203067549994 0.140412329151 -2.74325471604 1.62796191415 0.436487479335 1.35358409323 0.185700525897 0.809385276666 -2.42089922484 -1.59585440759 -3.02419971205 1
81 10931.2767323 2.16771694371 -4.02023159787 0.402048561679 0.737513177329 1.3043571376 0.917016163134 0.895524767836 -0.578545675177 -0.805175807414 0.0545034150535 0.375400747053 3.01467649102 0.111802386469 -1.68456197931 5
82 11091.135741 5.02234574829 -5.82913256675 0.513646784999 0.364160126561 1.42981671424 -0.708716512925 -0.30621583441 -2.59185551034 -2.37906177291 2.00751663598 0.510766165221 -1.67273619142 -0.59702995384 -0.00499941221148 27
83 11102.4846641 4.20899849846 1.75948143458 -0.0767217502772 1.61975148306 -2.04329866153 1.09007597139 0.208271727568 2.62038080033 0.199105668281 -1.44713020971 0.960485907122 -2.70065339622 -1.03824033473 1.65442805828 18
84 11315.6709368 4.04542149335 -8.1808937188 -7.12015488754 -2.68465727442 1.61800106219 -2.61692369915 2.31039457508 1.51795018023 0.422773912721 -2.85971839237 -0.706677253322 -0.429705088135 0.486974714356 0.0746695786018 24
85 11533.1538937 -1.18422750983 -4.98263816114 2.24550199158 -1.97942552379 0.413821859046 1.06585536882 -1.23826057016 1.75611212806 0.201163702207 -2.84553871197 -1.31733476385 1.87206409806 -0.145635120936 -0.108157073802 8
86 11572.3360628 -1.11609244949 -3.26918850449 -2.98883087831 0.0302699244668 0.745090488813 -0.521755594969 -2.75633493393 2.79698285882 -1.56332030443 0.0817032257952 3.10164138625 -2.09697227508 1.9218410131 1.39871939913 1
87 11587.0908535 4.20335685291 -0.0436424906749 -3.58100388007 1.82252472095 0.83678479235 0.0310031044909 0.172328023149 1.83438957065 -2.94890909302 -2.61793155011 -2.41144083909 -0.322164107008 0.563031759031 -1.49839846742 12
88 11596.3593957 -3.92593627191 -5.4730356322 0.524087561108 2.70739516461 -1.72875180752 0.321281197042 1.28998832451 2.35129641434 2.70880773342 0.539609506472 1.20917692922 -0.388207398164 -1.84707276617 -1.62807008324 26
89 11759.7375593 -0.778330746937 -4.33860600185 -3.37580522707 1.48873571099 0.690262960657 -2.6318613081 -0.564514419826 0.158011725361 -0.743892382456 -3.04150436064 1.04383665504 -0.244100293261 0.461732726327 2.72721241116 1
90 11933.2463135 3.86873571925 -0.376254300824 -1.98535687246 2.05073896675 2.79940322499 2.52194036618 2.00010575106 1.77318133978 0.71490719917 -1.15219594769 2.3837807033 -1.57223213199 -0.9696162646 1.8086334019 12
91 11969.6289168 1.10159402855 -5.66262987318 1.58744336411 -0.574072091127 1.93902949075 0.49628652111 1.97762225427 2.60828364111 2.8096501155 -2.43065937181 2.82263172985 1.3785756196 2.35741426969 -1.42333103995 23
92 12125.1204485 1.22769368194 1.8027863396 -1.84418227835 2.59681364369 3.10718022786 1.8542740595 -0.727664770946 0.363152724089 -2.19559566199 -2.11709347361 2.94672089938 2.85702202408 -1.38281101823 -3.131247146 10
93 12154.9157044 -1.43566791349 -3.061768317 -1.33334620589 -1.84481540784 0.372880653264 -0.0470863324731 -0.927715366861 -2.76725060316 -0.388167113229 1.54019576467 0.298096266313 -0.126218665629 2.28839243069 -0.645934606013 2
94 12214.2510107 -3.65281940062 -6.82288249693 -7.48540541817 1.26087044246 -0.480833146772 -2.33992421522 2.94434453992 -2.82077946963 -1.00951929153 1.89759769499 0.728271049365 2.07353219546 -2.97768746625 0.971383975894 25
95 12219.0254408 -3.64947377113 -4.7218611292 -0.0344461365297 0.956241695045 1.07856632773 1.42094376613 -2.56107572254 -1.58388278603 2.59211192353 2.37085068917 -2.03034268933 1.7725714432 0.911393449899 2.25167653319 8
96 12337.7515667 -0.602028406209 -5.70384025954 -7.16502579037 2.39123801498 2.90025323781 -1.2793913624 2.04611359939 -1.30803451702 0.787583775238 0.197273821589 0.624098420166 -1.48384000203 1.58320115128 -3.07986497879 22
97 12526.3663246 1.01764793307 1.35513277081 2.68093148915 1.16957908983 -0.832228998534 -1.82343091681 2.05468035495 -1.57378186758 0.551814835083 0.658561542006 3.00012498387 2.59877392223 1.41851802593 -0.713255970318 14
98 12539.6603828 2.62118088435 -5.40317186254 -0.026775843325 -1.46169548983 -0.625242229703 -2.78386463727 1.23342024275 -1.22369631555 1.23994147145 0.316650104158 -2.3916856224 -0.562888168626 -3.11478645099 -0.52373496857 27
99 12649.7438597 0.987839168007 -2.83618730845 -0.844781540547 -0.527686800928 1.07304418879 -2.73073871838 1.46797964739 -2.35855804733 0.148726095027 -1.3128187962 -3.05847629552 2.99247093072 1.46604169688 0.840905903438 1
100 12684.18021 -3.80039813551 -3.74400227056 -0.452606484209 -0.64520455318 -1.35143245376 -0.33226983674 1.76340463607 3.08308703558 3.11722012456 0.875225207842 -2.20040758703 -0.458373829787 0.542500362707 -3.07030234412 8
101 12752.8893377 -4.72419213666 -2.17352376086 -5.24429536671 1.24439547361 -2.97007562903 -3.05579552821 -2.99047385974 -0.532985023271 0.635833647304 -2.73315656269 -1.2310914924 -1.09915333508 0.206857944014 -1.59053524474 7
102 12775.596822 0.829520006191 -5.05922194725 -4.84684823891 -0.0274811956635 1.22138261501 -0.47341631606 0.0973379080756 1.78558673127 1.03448809724 -2.19622046605 -2.75534529752 0.545840714595 3.04630202448 2.50111483748 4
103 12994.016576 0.695378127868 -8.13991302695 -6.35224630989 -0.689355174359 1.44529424337 -2.58778103938 1.58580569488 -0.535937065409 1.03786642588 -0.974876364885 2.80564286662 1.15759032669 -0.0513594642874 -2.72949626237 22
104 12997.4154456 5.65404575097 -4.84607298287 -1.22353291826 -0.500006211976 1.10098711398 0.00962773247208 1.34560967782 1.03599478147 0.282609390399 0.235285804879 -2.04803322452 1.8280571905 -0.0947827005371 -0.774133206571 3
105 13008.5194048 1.85897544649 1.98113806685 0.934180416723 0.935939412174 -2.28903841426 3.03893829226 2.94271729187 1.3482912294 -0.848453385119 -2.84070893073 0.958749874977 -0.141708556723 1.35103599441 1.16463352856 14
106 13020.7939859 -3.90561173298 -8.08772292379 -2.03586858726 1.85876761885 2.94261574347 1.80390707072 1.13867970956 -2.21035213849 0.501324171907 0.0236090338347 0.0760807105701 -0.378415603853 -1.00204619493 1.69561750173 20
107 13031.7037505 -2.98117752305 -1.06306207473 -6.17355507015 -1.34389713416 2.9134049483 -2.44664399493 2.33414997396 -1.34193772663 1.40551738858 -1.73579165954 2.3584162349 0.68715944719 -1.12495267906 -2.11665726482 16
108 13054.6320661 -3.63966330069 -7.82609130767 -5.05132755381 -0.690935122921 1.26854794287 -1.66943607332 -2.61120039558 -2.91431842789 -3.01333750167 -0.291067808877 2.25599783026 -3.04397743115 0.10044836564 1.68795761005 25
109 13093.2183588 -2.3532088743 1.21182808685 -1.55147777262 -2.01228658561 2.29634725533 1.64833922766 -1.78111227004 2.16661830953 2.61119360037 2.18100215567 -1.19380797482 2.49997361322 1.16087046527 -0.785453727691 11
110 13099.6933011 -1.06500918935 0.556278121264 0.358675051583 -1.07834604603 -0.68223801701 0.544570687484 2.861299584 -2.37887106876 -1.86388314757 2.60325633689 -2.8557379357 -0.578747913703 -0.702452774458 2.78006917723 14
111 13142.2376339 -1.4599811604 0.935699885265 -0.632135138665 -0.883189429793 0.351271886978 -0.43866962901 -0.386273442413 -1.47507139334 -2.22582538137 2.55675218198 1.58494502411 1.10836554934 -0.856511733933 2.45525443178 17
112 13143.8495567 3.44808042629 -7.88520877321 -1.68038803752 -0.0715441387256 -0.329016683657 -0.793813197397 2.84235637283 -0.521854184058 2.87753610592 0.268671740825 -1.8433674341 1.3908883019 1.24175104497 0.515933295554 21
113 13174.189824 0.238545041341 -7.64062057305 0.801367221422 0.241423207433 1.5973513758 1.7026765527 0.63829881363 -2.33256922689 -1.0480663706 1.98047537431 -1.55983427422 -2.04707961197 0.0313734771744 -1.0389401869 23
114 13175.9911823 6.13179222274 -6.94288172428 1.64814209413 -2.35272933755 0.854199284985 -1.42085755745 -0.6801052465 -0.208264171977 1.62175745725 -2.73433198337 -1.80585802312 -2.64692073788 2.61305614783 -2.67878880364 27
115 13206.7124644 -1.3100405958 0.299212686308 0.182262224418 -0.50211346341 3.10260131299 2.78872454737 -2.45200118963 -2.82958062416 -2.38939587039 2.04545541119 -2.03306603254 0.00284836430284 1.99589872137 2.0695278043 17
116 13215.3565936 -0.975294270493 1.90502448347 0.811075753334 0.125178930525 3.10052328083 -3.05189014468 -1.45109951913 -1.41770497769 1.85670871259 -2.34665818488 0.878896445382 0.718815905506 0.791252456807 -2.31297258024 14
117 13219.8504221 -0.844976012615 -6.9753405055 1.42778063117 1.08792038137 2.75320394416 -1.1556914969 0.338235170725 1.83215055783 1.80681555109 -0.920063871304 0.704591418982 -1.94551072803 1.93726184856 1.37234715724 23
118 13568.9502217 -2.49565759922 -2.71962089822 0.118651220396 -0.939695158849 1.08916338537 -2.10820705212 0.197065205345 1.83968468278 -0.848252348495 0.906532482939 -2.11744577068 -2.93665047812 -1.44993997566 1.92255843213 8
119 13617.2388213 0.824207559543 0.508498520534 -0.862367730922 -1.25875496241 0.419238757552 0.0413484176625 -2.74080576114 -0.404245364058 2.54923141816 0.220900433538 -1.29279077076 1.83222332467 -2.48819868458 2.36633107144 10
120 13813.866843 -2.94109305523 -4.98332150415 -7.51444659405 1.92203666482 -1.63541339538 1.43714980312 1.17176553516 2.63984110774 -0.657022662889 2.52388692167 -1.05522348604 0.495580826789 -0.60304789195 1.58631022374 7
121 13915.5299913 -1.8023350574 -8.58303209773 -1.38121897551 0.0866511979602 1.2816769264 -0.394656563755 2.92627320899 -0.0177259748231 2.56836543673 -0.738124362909 -2.70106965456 0.134823412111 0.0355744585799 2.35880955264 20
122 13995.6851248 -3.13843239998 -0.323118318551 -2.17766266557 -0.660642836693 -0.326196034468 -2.45229043609 1.53917720901 0.0268842095274 2.87310419996 0.510086400482 0.153443435881 1.19098960342 -3.11151427362 3.01010676257 11
123 14040.9710343 -0.173795717836 -1.29032309199 -0.0730130613686 -0.542914297715 -0.373946621692 -1.9432473659 -1.12095603392 -1.50075656155 -3.03331208283 -1.94022673299 -0.694374887037 1.60803476745 2.28315430875 0.0675572783758 14
124 14090.4115623 -4.05517826169 -2.03234090371 1.68560382968 -2.24041022489 -2.09260094693 -3.13747078791 0.199932786928 -1.72701348285 -0.746973611683 1.6234903367 2.16140662338 1.84763313857 -1.30630456809 0.339995880064 8
125 14097.2365149 5.12405745604 -4.25361939976 -1.64162926752 -0.920327123884 -2.58339126609 -1.35574993505 -1.32416441708 -1.71641013147 2.18916122903 2.44739055169 -2.63326480687 -0.654195297001 -2.38207645917 2.61941326586 3
126 14143.4168996 2.69905163721 -3.45778384813 0.419620939919 0.0845170064955 1.37973226051 -0.384115478346 1.62286002482 2.39482857356 -2.67606886085 0.603661179597 -2.8271019767 0.859284735953 1.56549981239 -2.16232112374 9
127 14296.6049526 0.270040876964 -1.68414222061 2.43267661352 -2.05057479604 -0.354055773591 0.777040173955 0.919808615467 -2.09578345678 -2.84448663608 0.0977080754918 1.18807939713 1.96613707399 -0.577830704266 -2.22582502708 5
128 14308.0159461 0.0116343156303 -7.87739932904 -6.37632684587 -1.45318104867 -1.27472740288 -1.29742431438 1.10714282891 2.94222601236 -0.840482467308 2.45846741593 3.00875043306 -0.604797413141 1.67663506181 -0.597097686202 22
129 14597.0874676 -4.64633234768 -6.87295009739 -7.56985650264 2.68561077967 2.30042425714 1.33726258718 -2.35648473438 0.787851879249 1.94507204904 -0.675975612036 0.510142634165 3.10046429701 -1.50702800215 0.256581234727 25
130 14729.7082695 5.58964458585 -1.04567286418 2.47848840675 -2.91866141341 2.45123095679 2.88033987928 -2.89903032614 1.83427123065 1.9223491588 -1.17033499389 0.208361758925 -1.86938887686 2.26881484375 -1.72333326095 18
131 14915.8676873 -1.82399528829 -6.05072128158 -3.2052681684 1.7947432362 -1.5326171787 -1.42456527359 0.5496039375 -0.816164243174 -1.69633406593 -0.840394134956 -1.08369850269 2.9004386522 2.64004354205 -0.158040064209 20
132 14974.4977143 6.07443286663 -6.05502376589 -0.363419675292 -0.641675633444 2.58789266389 -2.01741227344 -0.997172574715 -1.88689904774 2.84773331669 2.28015119616 -0.588566396183 0.00179112026159 2.07600948876 1.77823934814 27
133 15009.7956868 -0.671392967325 -2.67532338009 2.37378056705 2.75134395842 2.94446254377 -0.431013146318 -0.102634294759 -0.171282257053 -1.38783238612 -1.00699287287 2.46218949912 0.40824826872 1.64121168206 -1.31621089207 5
134 15019.6499151 3.42395997651 -3.02811524321 1.6262459643 -2.30452596566 -0.923360426685 1.39305160962 -1.87828598534 -0.0172869505629 -0.447107673267 1.32610686946 -1.3484173442 -0.832388721243 3.03644322913 -1.14384645354 9
135 15041.4831145 -1.06143312723 -8.87984418424 -5.01231466382 1.62424315807 1.1644870261 1.9069258801 1.21732403803 -0.628912153935 -1.2745697411 3.02836249968 -1.40947701686 -2.40331730859 -1.7938397331 2.3095025756 22
136 15056.1967326 1.50962322527 0.195683426389 -1.91290746892 -1.2926876919 -2.84859878449 -0.216259913616 -2.6833827609 -2.24090541809 -3.03542688217 1.6280307103 -1.15623678226 -1.30770147178 3.05480994309 1.37853200495 10
137 15086.4520751 3.37788997543 0.513521332976 1.97083299134 0.552405652234 2.56579328649 1.76530306106 -0.387846685955 1.81159060316 -1.64261123546 2.7034180621 1.25060117965 1.33073602183 -0.56104883244 1.04347467056 18
138 15198.4726188 -3.46744366318 -0.52309294652 -2.45446999431 2.5060123503 -1.07212773621 1.45451375677 1.6702686082 -0.374890140675 -0.938793732068 -2.42673742284 2.75072773834 1.78338054185 -2.70772277786 2.36771141899 11
139 15431.7953708 0.322776024138 -2.38170201924 0.167946763207 -0.596397746507 -2.14577020115 0.419848418204 1.06865276404 0.607168346188 1.6027147954 1.6781598552 -0.913282977883 2.77109318278 -1.19245528627 1.54159226503 5
140 15756.472895 -3.8142294993 -1.5536122517 0.412279586548 -0.754946026164 1.82466871704 -1.07976540092 0.654423687985 1.76294832231 -2.29060632855 -2.32202850976 1.11373553777 2.17374280459 1.03776458032 -1.12432513524 17
141 16037.574873 5.67654880609 -2.88791572533 0.0568750474723 0.0338716125858 0.156371375451 -1.40141361934 1.91202330187 -2.11994762593 -0.20154568299 1.05925223308 0.906037284483 2.63780651057 -0.39005844801 2.64338368267 9
142 16131.1912844 2.36702121147 -3.09333454063 1.98583003608 -0.798982700723 -0.493905816512 -2.28088640261 -2.04876101866 2.395225322 -3.12196775715 0.0208357751015 1.83634443666 0.680361118222 3.00044050802 1.97161869301 5
143 16366.0349446 1.47788701815 -0.882779703588 2.10718575437 2.79109568761 -0.268232767763 -2.64947451264 -0.812124883466 -0.0171194406068 -2.02616453515 2.42005653395 -1.46932648644 -0.462358364307 -1.95478456151 3.02853216961 14
144 16913.4534748 -1.33019151279 1.47978857282 1.99926894152 1.5618726145 1.85779605449 -1.53506614166 -1.43533561215 -2.17579326361 -0.294075099217 2.10814821997 2.49329457936 -1.37371833189 1.23234965469 -1.9168325326 17
145 17029.6575482 -2.12700890151 -5.69047549644 -3.00991780717 1.42175267161 2.9370232318 1.63005729919 -1.97699872678 -2.96538173271 0.417129801246 2.98906912914 -2.12824245597 -2.9201002666 -0.654788817876 -1.57260802005 20
146 17241.1752089 2.92315953809 -8.30692362258 -7.82275702197 2.55953812257 2.66719098817 0.349549242513 2.30159225541 2.95682532876 -0.333920732851 1.68817611719 -0.728231057494 -0.9797505879 -1.81319685881 -0.989447775923 24
147 18232.8410294 -4.36056880772 -0.414988689156 1.85900793656 -2.02312865651 -1.72835085248 0.430410311567 0.981593265107 -0.00293599236906 -2.05940203933 -1.33070956811 -0.595995224902 -0.624171386322 -1.00914523434 -2.38532853542 17
148 18372.088885 5.83862613461 -1.52639128612 0.975742833228 -0.801935257465 -1.42967118629 -2.22411425685 0.189142613343 2.67509192947 -2.6215355916 -2.56003661486 0.616194843235 2.02560066428 1.70867536528 -0.695905031875 18
149 18978.6843124 5.97896650955 -2.14416942108 0.00758646876396 -0.689712697888 -1.51931993156 -1.87803310416 1.40741299509 -1.07385854447 -2.1046860829 -2.54948902088 1.65554582005 -0.559684931297 -2.51751085184 0.548612113408 9
150 20079.1092225 5.57037449802 -3.55780073557 2.65193484687 -2.38729251695 -1.10939169092 1.6021254266 -1.83676325353 -1.24660191253 2.75707367739 -2.46280191766 1.20135071813 -1.19550241601 0.2476405746 -3.08309618655 9
