 5.13498054072 1.88446799493 -0.733038934878 3.11218374399 2.62554907371 -1.05682194215 -0.968290958916 -2.13622600161 1.78063722182 1.56991092943 -0.00541422402548 -2.39658024009 1.71284818445 -3.13712373789

1 1319.12065645 -3.1736416349 -6.80173749379 2.60983797154 -2.12808148255 -1.55613640724 0.727915293319 3.00846644534 1.71224508762 1.13122535573 0.613177260521 -1.50289009286 -0.765850533244 -1.87834993142 3.10293082857 27
2 1478.53050396 -4.40130933241 2.52899873365 -4.34331044061 -2.03334128351 0.146788509265 1.90418145028 2.67187625266 -2.72384157031 0.891631615607 -0.430180923642 -0.821763134013 1.12311110705 2.31892227569 2.45438081751 13
3 2650.27491871 -0.788279766956 -3.633766164 1.99906418146 -2.41985378808 2.6906477943 0.316897618692 -0.950858258359 1.59249778957 2.79632685947 2.80079187193 -0.0209623189081 -2.54187585659 1.85622761942 1.20276745664 3
4 3118.42938537 -1.84012158919 -0.94703116858 -0.2777327402 -2.80586217636 -0.723137815177 2.22925723025 1.90051879122 -2.67743112988 1.05590162889 1.78456966902 1.59046784734 -1.06876923124 0.37353872966 3.05725139689 3
5 3152.64477782 -6.52041960997 -4.12543272468 0.73876471986 -3.096435652 2.93190806341 1.60861894355 -0.119611110155 0.899914902877 -2.40323988059 2.35804193706 -0.658843105628 2.01729385798 0.232329585528 -1.76823667564 19
6 3588.7278409 0.133473125499 0.575332290753 -2.66143184435 -1.88565673723 2.19879677627 0.127384083832 -2.41322568578 -0.951863479092 0.952938410923 3.03964532804 -1.62017264104 0.80861531689 -1.18057288784 -0.586309235383 15
7 3875.76198694 -4.73846214962 2.08396078348 -4.73824087394 -2.01459393545 -0.0924392502756 0.278915909409 1.74321542243 0.757528890771 0.817169192024 -1.03686622291 -2.47581676401 -2.01779258657 -2.77625350437 -0.00818395834207 13
8 4034.94221323 -6.85044711211 -1.09420603609 -3.56257458112 -2.39221084224 1.10991909762 -0.217643991454 -1.72840320478 2.50227813847 2.07161280327 -2.2113085687 0.281789628547 -0.820385732787 1.23574836347 0.446051865319 4
9 5322.89667797 -10.0790496248 1.45039610483 -2.08380308997 2.1635877698 -2.60863992775 1.41975282883 0.0886686912928 2.39839595694 -1.24894469522 0.038896330193 -2.15979779831 -1.73442876486 0.395368917401 3.12376676203 16
10 5507.92848354 -3.50103786845 2.08618042532 -1.20221513682 2.39163289425 2.35099197178 0.850658419472 1.56682304595 0.159379071126 -2.68860287009 2.49974073536 2.37444264569 2.22568281673 -0.994131088657 0.8925722679 13
11 5759.65493714 -8.68892401792 2.4164269159 -0.852605884068 3.12820731613 -1.12250017903 1.05438122337 -2.99053874862 -1.19932177763 -1.69853026207 -1.2040293425 2.05336946626 -3.02999679816 0.0525541147745 -0.13199958283 11
12 5917.9664809 -7.315522485 1.82172701891 -4.13482883303 1.79870622191 1.24605798455 2.9103660822 1.23915950006 2.5977600292 0.532237570662 1.08958800236 -2.24662612509 2.21036757116 -2.56084792263 -2.99591273651 16
13 5962.34508527 -5.38032484916 -1.02259205347 0.285060719797 -1.92493134612 0.3382960453 -2.77371299057 -2.83586650096 -1.4809769522 -1.87483615971 2.39599994003 -1.14133500083 2.75605652771 2.25592846974 1.82655564851 1
14 6041.7348491 -6.81064669733 -7.02605162878 4.9728170351 -1.53829613322 2.72982665513 -1.25900735259 -0.994936955322 -1.28301810155 -2.98211303372 -0.534465842398 0.793846948009 3.09057279466 0.818429947573 -1.56040829529 23
15 6083.37098103 -1.33420352177 -3.42105483833 -3.17862960605 -2.11510750107 -1.55588244146 2.11564398546 1.26115618135 -1.00845839788 -2.30235532872 1.58639687623 0.24055983419 2.45650109983 0.368293431824 -1.61767611388 6
16 6228.54811208 -8.68435248211 -0.918511331965 0.236036418463 2.14556389479 -0.169034312368 0.465575930779 2.88334399691 -2.48849779915 -1.53601386199 -0.380007653052 0.00728185944305 2.71785057665 -0.684371698512 2.29519072666 2
17 6293.98650906 -0.571765732401 -2.69442736536 -1.07316207643 -1.78893938055 3.04594313196 2.99204531913 -2.89563426021 -2.63536506905 -1.2602144329 -0.918193656866 -0.158781728132 -2.20194418235 0.174825777765 1.21279723831 3
18 6356.64891438 -2.78364052809 2.90350778805 -1.11271150352 2.26474019995 -0.266785565351 -1.18336447644 1.41109774096 -0.794303660424 0.425314165051 2.13735111843 1.29106999626 -1.35448309778 1.70330298575 0.904870795593 15
19 6373.24061018 -6.35152909382 -0.946730526787 -0.508599576569 -1.93503000436 2.10994667909 -2.17146639257 -1.33299530752 0.947120018528 0.114842780064 2.71413801841 -2.20812192896 1.27340622058 -2.43772678961 -2.66270228091 1
20 6457.76508706 -1.34318064935 -4.08698942366 -4.75427402777 -2.35686558786 -2.06816887243 0.677770132581 0.303861913039 -0.630846656747 -1.40627525126 -0.60150037188 0.131805540636 -0.91414402607 -0.686178784469 0.03876516402 24
21 6464.01466859 -2.2220214314 0.550235249763 -1.62788464558 -2.36510304285 -1.86406665799 1.7934169798 2.0901560603 -1.95883827772 0.0246150867717 -2.34182720224 -0.40205223095 -1.57236136985 1.69022131995 0.724604894515 15
22 6567.25808615 -6.87170055241 -0.747561807665 -2.97556396349 -0.650643179963 2.48340452416 -3.06629672105 0.549331015152 2.31724603117 1.05753716239 2.74665635359 1.81586316088 -2.30699618074 0.757594958193 2.1425222316 4
23 6951.64946334 -7.51898961971 2.248304717 -4.55904208041 -1.52114386451 1.55282869006 -2.6139729007 -3.06802075454 1.84898157748 -1.37128298687 0.440727730158 -1.59438991635 -1.07507536403 -2.46497169041 2.83553728041 16
24 7014.27418178 -1.9777683257 1.44633908052 -0.198645679877 -2.074043137 0.307868792778 0.981649411331 1.44014148839 2.62933011533 -1.38355962807 1.02315419505 3.09376865859 0.86182116194 -1.33511591119 -2.29411153982 12
25 7133.2744898 -3.6155219497 -5.53914451654 -0.23224194206 -1.68375415897 -1.19608025284 -2.48051444994 2.15021245591 1.14785647431 -0.576873405284 -1.96724847904 3.01611043651 -1.59034391457 -1.58869815527 2.26933718661 19
26 7292.10542937 -1.19854761191 -2.05841698853 -3.93346674592 -1.99621275839 -1.264130198 1.83551000982 -2.28479015177 -2.33946385651 -0.449038305738 -2.93122463671 2.4104167967 -2.76588525766 -0.810431075255 1.47341265423 6
27 7394.23132176 -6.83396249575 -4.84195939052 -3.23038714013 -2.28081721796 2.9497481637 -0.66988989771 0.166195254606 1.9513841825 -0.9315066817 -2.31448804362 -0.126870514303 2.18389793357 2.43455668334 0.77158918473 22
28 7562.63886073 -7.43799287948 -7.33419318994 1.50134875068 -2.63915599423 1.08368805595 -1.4703965603 -0.796511259041 2.78496133013 0.675075925839 1.30363340478 -0.907725688319 2.78706032241 -1.70236536394 -0.352611648755 20
29 7600.80539114 -6.92719645132 -4.10464615215 3.14461381161 2.07340867806 -2.35718592935 2.95868479617 2.35866265993 -1.05503499366 -0.00142776259813 2.39224282899 1.00274336918 -0.666896523858 0.316898591587 1.33716152208 23
30 7745.13891042 -4.08774182789 -4.64688126824 4.18880115943 2.85415730434 1.17220091975 -3.05284638221 0.310905083191 2.10423807838 0.505957552449 -2.75106363148 0.673397037779 -1.00408183459 0.0307368874109 -1.85841561219 23
31 7789.42505786 -0.71172430441 0.21807040809 -3.97753976459 1.90967165429 2.07483466216 0.975656197672 -3.09359466812 0.799914921392 -2.39787086031 0.00189301614769 -0.81170686367 -0.487450021723 -1.583273656 -1.19781606923 15
32 7841.07315494 -7.26810486293 -5.44320666792 -3.15689393771 -2.46257578848 2.66485610658 0.758254196792 0.226928300051 -0.367040660591 -0.508200381043 -0.197758996664 -1.42720838329 -1.82677698513 1.9075624936 2.67030947001 25
33 7910.00403262 -3.26362061297 1.51312637397 -1.46719466797 0.647377234392 -2.93033587682 -2.40202801322 -2.86996507783 1.39763359762 0.572810580365 -3.023524692 2.63609273014 -2.53165142403 0.6068916807 -1.84388264776 15
34 8018.32441004 -1.21803876363 -2.10342586195 -2.28064182269 -1.22147666343 -1.49229353111 1.14290011519 -1.33765565699 1.28462082209 1.95788515793 1.21520193231 1.78299593069 3.02577698664 1.58563468136 -1.96812970021 6
35 8035.60036319 -1.7444281619 -7.35265624893 -4.75123837302 -1.70899885542 2.42830009387 0.948523438889 -2.53420035514 0.399862991683 -0.76784176312 2.55932971766 3.08960926745 0.702311290703 2.39307096736 -0.797276614487 24
36 8073.09401065 -7.22188730616 -3.85880485527 2.8900220012 2.58119524268 -2.50189340994 0.762020165938 0.525322609825 -0.803969580792 2.65972578909 -2.28049319094 2.5463601356 0.194763719646 -2.05159625863 -0.180753623682 26
37 8203.16300701 -8.73412563386 -4.15090430043 5.73668251462 0.0483219483152 -1.49884942809 1.58386240311 1.5101689684 -1.69223552046 -1.55023508541 -2.66864050742 -0.393794883127 0.121590535106 1.59336814562 -1.6288369634 26
38 8210.80226114 -5.05318287095 -6.09394653362 2.2994738688 -1.27154166836 1.37916058624 -1.25113180353 3.06344169332 -1.05941343383 0.574520880751 1.41231682636 -2.66252503275 -1.84478710791 2.49029359932 2.04413443062 19
39 8265.73830703 -9.88375121492 -0.170022049022 -0.224414462479 1.91058931625 1.58419134576 1.41198049435 0.798330482266 0.226458513223 -0.505666696976 -0.892961426138 2.73828525371 -2.8283254757 0.0193932401392 -1.59194905964 2
40 8292.3924214 -4.18026917594 1.71525115872 -3.51977024276 -0.661656322611 -1.74187854763 -2.73090185123 -3.11158710609 0.779496412465 2.72036732295 1.2114028992 -2.65851958322 -1.05740474337 -2.53342611013 -1.85181805628 13
41 8297.87068091 0.268148586763 -0.962091554158 -2.4850715118 1.65127627342 2.9343468309 0.291844793898 0.455547867729 -0.944416584019 0.777976511741 -2.70559979455 1.88306687825 3.09823908062 2.29226572467 1.77145140511 6
42 8451.30808537 -4.24863526178 2.23536862526 -3.65479265677 -0.131759745583 -2.94442190358 -0.739298725586 0.311519627458 2.11325979256 -1.95079261058 1.18199864382 -0.753215086649 -0.0739068800445 -0.769867195699 -1.4586451454 13
43 8522.87590821 -4.28241171613 -6.67988358229 1.6464312949 3.13319897607 2.42533863742 -0.793740337974 -2.83834652372 -0.0240689664954 2.26442577858 -2.9470062007 -0.947076007075 -0.776575302781 1.45930234264 -0.971725060025 19
44 8646.22566622 -10.4636170679 3.41498477774 -4.72081367199 1.32865214601 -2.66685407101 0.787440798219 1.71801657758 -2.14047845287 -3.06945393105 0.128828267666 -0.730203081596 -2.04777621679 -0.497350374665 2.44892143325 16
45 8738.9565999 -9.03532690101 -0.117822678343 -3.62316273177 -1.04647413854 -0.443646887764 -0.606781600308 0.350938167492 1.80602397061 1.65549216163 1.92106619181 -2.13037305617 -1.23316651281 -0.00336220218447 2.4747360549 7
46 8749.96595859 -10.1184858684 -1.8649987787 2.52285068284 0.0227689757777 0.70629997562 0.0536449748508 2.90242247109 -2.70702254544 2.88259231854 -1.41627210223 -1.11999919671 -0.217477715225 1.74710651397 -3.03504223578 2
47 8760.03541949 -5.1883450044 1.46335999939 -4.14585370076 0.655539852754 -1.29750842056 -2.46315368352 -1.7024049278 -1.07981161965 1.97490801107 -2.09506067783 1.99903545596 -0.203369496839 2.64501390185 -0.542738579863 13
48 8815.53813742 -1.45071505448 -5.73015817699 -1.06003576358 -0.0289226722307 0.135602336236 0.754030372812 1.33655104843 -2.12156917839 -2.07911510415 -3.02062970132 1.22036970914 -2.44873612513 1.22440735225 0.192553076152 21
49 8850.73197607 -7.33342678954 -6.7280236369 -4.7598784457 -2.20336254091 -1.7613760787 -1.49170265389 -1.84668149549 -2.28356624193 2.13345458351 -1.8377977386 -2.66434137293 -2.30233263589 1.31116242618 -1.14935016528 25
50 8855.83719751 -7.29223287308 -0.939974082344 1.32576785209 1.51339735091 -2.68726934225 1.81662285375 2.58081293945 -3.01026177147 2.42812319707 2.11713778617 1.38068975205 2.5629511369 -1.93530038955 2.007114126 2
51 9010.32147588 -8.4110250731 -2.26358117552 2.16207162158 3.10162296157 -1.59785600433 1.98995162358 -2.99387527838 1.80104872588 0.0695630097106 2.91011928271 -1.93329982515 -1.63116747638 1.96508536985 -2.76560751027 2
52 9111.20379099 -9.60931241425 1.96300470352 0.890332611028 0.787752303518 -0.0300362084731 1.45166508771 1.37437955462 1.10109727088 2.82849091534 -1.0015815831 1.14157914344 -2.93276096849 0.0857998437083 1.27319273645 11
53 9118.81952322 -3.63696151056 3.61097689011 -0.204377055972 -1.19476112106 -2.45914647923 1.25740341222 -0.000388968915939 1.0303252697 -1.08218530923 -2.70172484419 -2.97850404053 0.892432321518 -0.682284932718 -2.32374615833 10
54 9380.27326863 -5.84345192123 -1.35105705655 -0.977308365302 -1.29415998589 -1.04109765301 0.966788888826 -1.96811448138 -0.809410645445 -0.813706869657 -0.460379443293 -2.18867190449 3.0920647992 -1.72657531407 -1.45143910836 1
55 9392.72851632 -3.54543616672 -3.09368140115 0.561670206978 0.360555943232 2.66742207814 0.712873631881 -3.02437405401 -0.395541169298 0.584984787871 -2.03355553838 -0.839334106391 2.34560392442 -2.61966913784 1.01001100955 1
56 9439.50498051 -5.34671055432 -7.36027769692 -3.7107790407 0.104801825634 2.98641128445 1.97262987035 3.02012460068 -0.520339916361 -2.59178529605 -2.39769746139 -0.720559850414 -0.674245136202 -2.1883717901 -0.210929618394 22
57 9468.43514586 -0.90372322354 -4.91565160382 3.32112939793 -2.10178614411 0.20420910968 -2.20134841201 -2.97130292717 -2.07147314104 0.508238629879 1.3723934748 0.16682197804 0.0560005270017 -0.161900207644 2.12267131186 27
58 9519.87165747 -2.67438102071 -2.38430607998 -3.9075101165 2.18856366118 -2.20164565591 0.634325971809 2.28458952967 2.07768959729 -1.2866650226 -2.39099251177 0.8602671567 1.49785443229 -1.70019638083 0.289159018997 6
59 9705.35076253 -0.558726224349 -5.98631549688 0.19287892516 0.603654810156 -0.375972127058 -1.28443830609 -1.51156583824 1.30666888803 -1.47069500147 -1.74224906608 -3.13402318389 1.90714767037 -0.566854222674 -2.54592210505 21
60 9725.67131534 -5.81303477129 1.37706629358 -0.732475012614 2.10938631687 0.765748540502 -0.657695566092 3.1171018815 1.52536785557 0.605417092299 2.60643477621 -1.24944930897 -1.12038059323 0.472588040969 1.6015510245 10
61 9744.3799509 -5.67622700982 -5.06250971473 -1.49535510023 -0.773857592997 -2.72308406589 -0.839951347153 -0.704108755721 0.319978110831 -2.04151485028 0.790545223114 -2.4978639468 -0.240360446194 -1.46402057755 -0.359570269256 22
62 9794.64371719 -4.4108562553 -2.3832794787 -0.794501207634 -0.384606209075 -1.71227365669 -2.75805061019 -0.0289420526602 -0.293951289339 0.296237305073 -1.28914504827 -0.18721825451 -1.22071210936 -1.08006173966 1.54082969896 1
63 9804.46376197 -3.11833546847 -3.2595919864 -1.35246626004 1.1949576975 0.888286240517 1.02537734513 1.38919107377 -1.99036093244 2.24104099274 1.3582655449 -0.816868991143 2.28714570154 1.9276900814 -0.00397559113093 6
64 9891.40530464 -8.81752739626 -5.85074324045 5.56781294204 2.89256327011 0.00439588069367 2.85084115858 -1.77555062572 -0.189632711093 -2.73046958787 -0.686919615054 0.261397303736 -3.03913175274 2.88650848209 2.76912295778 26
65 10011.6513188 -1.11669884617 -3.21348371881 -0.155812210782 -0.647868973733 -2.15266585995 -0.907135310251 -0.578808045789 -0.663205640786 -1.74835520229 -2.29911839566 1.63106192018 0.135225287119 0.276041150021 -2.22566003095 3
66 10027.7745474 -7.56638081302 -0.52089550641 5.56058208188 0.938909819732 0.191904424685 1.62574179237 -1.8276397943 -0.231458340936 -2.13475023849 1.35190472041 1.51474734261 2.73173103032 2.9636699362 1.05486771779 8
67 10059.5158128 -6.74652057523 -2.69009469235 4.86416009755 -0.771081398084 -2.20920607293 1.83982841739 -1.50560706889 -2.94719762131 0.421987479561 -1.12552313951 2.57279752194 -0.530779703753 -1.05361916248 -2.27523741338 5
68 10088.7290949 -1.06467682645 3.4186459521 -2.1363015147 1.03562745861 -1.85552871227 2.56809387434 -1.68671202877 -2.7654911111 2.03306301519 -2.59283634876 2.38300924887 1.11922142276 -0.740370586605 2.79987527236 15
69 10094.0800488 -8.42355880823 -1.31147740952 -2.62096738786 -0.955188750817 -0.740880283149 -0.222696672292 -1.09853654647 -0.890401910375 1.2552841497 -0.071580840124 -2.7252820635 -0.0752795965402 -2.81755319474 1.52409774006 7
70 10096.0370651 -2.87547960159 -7.1744225728 -1.51594905234 -1.14894103941 -0.540796706804 -2.44105940691 -2.89873509585 0.481360714858 1.51852500269 1.32858066766 1.12863282104 -2.60243641085 -2.0489798913 -0.502372360386 24
71 10100.4294109 -10.2532017897 -1.43080569166 2.63046496586 -3.06535512964 -0.225167855564 0.181965490617 -0.192601140392 -0.764343793875 -1.12335537481 2.04045840104 -0.90941229562 -1.51430300041 -2.73976821349 -1.89400827431 8
72 10132.5184476 -10.3571116341 -2.95230439746 -1.93718738386 -0.779283189469 -0.996286139852 1.98024864614 -2.77960343563 0.270330860961 1.0396403308 -2.84068866966 -1.02906126863 2.9203433685 -1.27966592065 -0.394253333722 7
73 10216.7100733 -10.5543186106 -2.87481282497 0.476304959301 -0.610340773812 -2.93360603849 -1.69515372017 2.19343281555 -1.97945066165 0.0107125428138 -1.38380600118 -1.25289976663 2.27759805057 -1.54233450972 0.35142457866 2
74 10302.7586521 -3.36572803174 -2.86544294519 -1.73429059805 1.95462484131 3.09776584102 -2.90145883214 2.83292592739 -1.54410836774 2.29868064516 1.35990112282 0.306496260438 2.32837661598 0.138614494066 1.08532711382 4
75 10336.4461213 -7.67036363446 -2.76075191993 -1.79014164337 -0.0101083736658 0.750674443133 1.478466158 2.51038753726 -1.01650245335 0.229259431132 0.926709889452 0.724120527175 0.429019602101 -0.901868574417 -1.12363588159 7
76 10370.3472039 -5.34759647383 2.10355574859 3.94891301673 1.79928339821 2.60041856774 -2.95883055318 -1.73427043617 -1.52507021838 -2.67878570389 2.70108555001 -1.19151583099 2.95418606693 -2.23707249651 0.933130484505 14
77 10469.2389001 -9.93143978196 2.34368999948 -2.08288573072 1.51892354728 -0.0404278820105 -1.92490729814 -0.527125954744 -2.15329767343 1.53808751666 0.0934595111863 2.34925717656 -3.03298609277 2.58932916172 2.51199788198 16
78 10498.5937987 -5.74172627933 -1.60143776647 -4.66766963486 1.55072996596 2.68961557424 3.08282301378 -1.87128904304 -1.48817067822 2.21311117556 0.315110716052 1.83138184048 -0.0947187453154 0.282734175935 1.25022096823 4
79 10506.4045602 -9.64326656245 -0.0275817531754 0.448479522258 -0.928588110458 0.824254598996 -0.650747644875 -2.83677102222 0.885970465272 2.87537638943 -0.769064067875 1.2877216547 2.21753103588 -2.19601201874 -2.29286926616 11
80 10548.6089033 -2.39270055566 -2.92554759293 1.70290865642 1.50657376315 -1.20020374221 -0.65697444526 -1.22893084677 -1.80494838681 -0.0623836808865 1.63818916305 1.76877672893 -2.35673875394 -1.42793198935 -2.92263920456 3
81 10552.3315779 -4.05338165365 -0.729884105969 -4.5738851128 1.553936422 -0.950813794119 -2.64612468338 1.81285139089 1.15747592993 1.26434543932 -0.564955978644 -2.14589892145 -0.844055688117 -0.188491719223 0.583115218691 4
82 10770.6787039 -0.24507974537 -2.7362710002 3.77890243373 2.13895558122 0.584377493096 2.5062989126 -1.54646042909 1.64219456559 0.984551305603 -0.452009313359 -1.19839392083 0.020658548959 -1.85824616576 1.79637205997 9
83 10801.0290386 -6.70939426601 -3.42780696072 5.28195636167 2.63732792461 0.464666843252 0.185343487174 1.50951998425 -1.45781285315 -1.25027470739 -1.21838140087 -2.55983636132 -2.26454616136 -0.356864659631 -0.748443340477 5
84 10811.6579904 -2.35116124567 -1.83959168165 4.10936795625 1.82466818492 2.33111752208 -0.960119103165 -0.74300730857 1.18010004829 -2.02126140752 0.59550174427 0.477961160668 2.75433576294 0.438400469059 -2.39860776476 9
85 10855.9059145 -0.235743571525 0.516425092898 0.576978365136 2.35530186584 1.54764629354 -1.62771935852 -1.45477534342 -0.697838126791 -1.59576902046 0.547203524615 3.07131862319 2.30640347636 -1.81946571012 2.6000005367 12
86 10888.4087589 -6.42264061812 -5.98236221295 -0.196330939666 2.27623106699 -2.59359410235 1.00972310858 -0.432100032788 2.84866452267 2.40979389428 0.655557844984 -1.33006936441 -1.97099062169 -1.67572360567 0.778439519578 19
87 10920.0137494 -2.23663323394 -5.17634827597 -3.10363421997 -2.71877186698 2.84155691193 -0.517818725588 2.93058400626 2.94645412094 2.66639326558 -1.64085004341 2.51722878681 0.726553030131 -2.49287160038 0.567465237118 24
88 11113.2920925 -4.33043502974 -7.00358389663 -3.54183691165 2.35781273315 -1.10722746674 -2.1640675615 0.0266000984111 0.359682563272 -0.194809583012 -0.202188792684 0.574351214983 -1.45483424366 0.858073518027 -1.49506942299 22
89 11169.2239733 -0.312713187602 -0.143660608502 5.999855571 2.51131228266 1.15176303924 -1.17695991463 2.78151415682 0.770166113723 -2.16821191443 -2.10101341483 -1.75733626233 1.91371242198 1.66959378523 2.89047112407 9
90 11320.1466535 -8.09277508559 -1.7053498796 -3.35199161733 -2.14205278142 -0.481968856063 -1.31236582271 -0.482713899158 3.05911839324 -0.771323244506 -2.70584798299 0.0343375172141 1.40717461769 -1.49474102258 -1.23587287509 7
91 11370.1499883 -8.88729576053 0.296719229886 3.61471006979 0.472791934359 -2.5298956723 2.68386299431 1.56228302123 -0.826882778927 2.85108681142 2.30943073419 1.45466888763 2.63511528396 -0.385399667242 0.308298205897 17
92 11385.0154829 -2.7866393761 -6.63971413689 -3.08337217175 -0.517640082905 -3.05609047657 -1.43974848711 0.503379339637 -1.35065058141 2.95931370361 1.09940539617 -0.620045420734 -0.586915026424 2.47089357047 0.950345316636 24
93 11431.2142144 -4.47546808381 -0.641385656055 1.51441928044 1.31995664659 1.00938222633 2.96366487627 -2.24927476936 -2.83596477517 -1.91579738765 -0.656444189262 0.284641991488 1.3994593446 2.39853388412 3.00964461289 1
94 11497.4410206 -6.80633572335 -3.20253392231 4.60623025772 0.716066195514 1.96625891721 -0.373273788546 -2.82619879648 2.28762879449 2.68940462149 -2.81814127281 2.53984180584 0.594526021952 1.8076557742 0.979205686416 5
95 11527.633099 -2.02115550033 -0.536856541539 1.02022300503 -0.842403063131 -1.99777119544 -2.10238681051 -0.665720467367 -0.250628129908 2.76170212253 1.76210103366 -0.737487034684 -1.43294377422 -0.714019089904 -1.53681268197 3
96 11615.4609206 -0.889166887454 -6.44749263769 5.78345611595 -2.27155087699 -1.52807444743 2.9666781242 1.82697475846 1.59791202238 -2.56398280985 1.48057134215 -2.37519765594 -0.158804396115 2.82172852996 0.0843489499813 27
97 11781.0730169 -4.63648781988 3.14292105613 1.44577310596 3.09755576579 -1.02674046993 -1.90449113637 0.742588760787 1.71203021982 0.6819160428 -2.44155979984 -1.97369955596 2.85198444878 -2.09037608976 -0.425349473283 10
98 11787.2325061 -5.78955855268 0.390713904148 2.40091273744 1.01910817295 0.183493940835 -0.777143434406 0.3549890614 1.95337124579 -2.41762796434 0.0422170458998 1.11266348977 -0.120226189136 -0.713958374097 1.55804607959 10
99 11922.9117697 -9.82644308743 -2.89525688254 -3.73316405103 -0.437113059312 -0.987471064725 2.62678577422 -1.57103079841 0.992936170079 0.333694596293 2.32796694555 -0.730971285378 -0.530185591803 -2.96006235833 -1.64281718512 7
100 11969.787972 -1.69806822131 -5.08634154906 0.921079023263 0.0163389288194 1.26139857793 -1.93662158023 1.02270505906 1.28588770917 -0.306991381322 3.11004739093 1.44563677963 0.562817663787 -0.518837521491 1.14145459863 21
101 12075.5445441 -7.81572622936 -4.01123140598 4.23973265763 -0.173189900612 -2.06549158081 -1.8540033781 -1.11863115197 -2.21804615922 -2.21084841996 -1.07611484192 3.00203877492 -0.554799526764 2.80247187016 -2.69797573061 26
102 12124.1595206 -1.6395237091 0.464221741679 -0.900647995584 0.0671340474041 -1.74068048477 -0.876794685875 2.97835659243 0.193662713283 -2.60901445373 2.78165615198 1.29527074253 1.96849424435 3.06101352641 -1.82671318255 12
103 12198.635383 -10.5506268862 -5.62404227084 -2.09488986862 -1.58226600595 1.5409114514 0.541501374634 3.02708575876 1.96062883184 0.108900382136 -0.69180987467 -0.377171388355 -3.1072787684 1.71388017648 2.7173894692 25
104 12259.8104464 -9.34671506096 -6.95026727052 -2.14576140262 -0.87589450966 -0.54404354581 -0.0110743060318 -0.150003794501 2.56242549583 2.53891257969 3.06353565799 -1.86552948481 -0.671963846095 2.32998956635 1.14250498526 25
105 12266.8240401 0.29195124877 2.60930435093 1.58690155354 0.362908019723 2.42869370011 0.705841529034 1.53220670102 0.41351081311 0.995261639491 -1.46526062585 -0.0572941864405 0.546578552543 -0.778167794153 -0.122711691606 12
106 12283.2916025 -3.81260178754 -4.40164288029 5.11562423737 -0.283380396272 -0.94730635395 -0.942089693359 -2.65607315643 2.71655434539 1.29611492241 2.45781776554 0.545121329614 -0.367267554496 -2.52846812211 -0.531056576327 23
107 12353.8724054 -8.90925511997 -4.83634323873 3.56619025379 -0.214419617577 2.80449814395 2.34160851768 0.515549250023 -0.767454340526 2.18869257545 0.707346939633 3.0665142432 -0.614620815227 -1.28318061031 2.49036652597 26
108 12377.9492528 0.238975616731 -7.01174667068 4.81310991612 1.02744144803 -0.447874528225 1.33971036802 -2.88528667932 -0.35810534124 -0.646921834495 -1.20077545481 0.211359807507 0.860806408863 1.33619519073 0.286069200328 27
109 12519.9947989 -8.0790187569 -2.02818530691 6.06586099978 -2.15995029164 1.1709997265 -0.0991585657795 -2.10880212716 0.173575210135 -1.56201394796 -2.65516893947 2.19786519313 2.55090588644 -1.08631198926 -0.318854361727 8
110 12621.5271962 -2.06958626865 -3.92175487421 6.04924972146 1.45111358578 -2.01518699545 -1.44522440492 1.60317091418 -2.4139672547 -2.87191763136 -0.292320535643 0.765167080168 -0.195582363302 -2.3659627671 -0.792867009421 27
111 12642.7561599 -7.86192399393 -5.57200576675 -3.66852123982 1.99571551468 -1.87441936818 2.35111910483 -3.07908903665 -0.425953933842 0.915356614265 1.64681406913 -0.290777777534 1.02020121032 2.04211665738 -0.236152787784 25
112 12712.2792541 -2.63733779255 2.36662150071 2.48204189587 0.394396660705 2.3938076179 -0.635225615477 0.906535157358 1.88301884389 2.838623511 1.01179548187 -2.51727281235 -1.79304861065 2.96881931224 -2.96311912997 12
113 12728.7371302 -9.96000528405 -4.04297524336 0.298899309407 -1.17118510598 -1.30091323211 -2.00552084447 -1.74322657033 1.49593113958 -2.13101423304 1.28338476655 0.489378349438 0.882957089937 2.58160202164 -0.0427510025937 20
114 12729.5986754 -7.12119631293 -6.76279451293 1.06963152174 1.75753512305 1.25013446623 -0.63038039184 -1.67417582022 0.50624267346 2.82296282671 -1.21499103465 -1.32821454712 0.0747469928554 2.0572934494 -2.67346304726 20
115 12818.1049299 -10.2780323328 2.24293609236 3.70372360981 0.493092503597 -1.53810371832 2.23100419634 -1.20014567414 0.861410730624 1.2331348822 -0.513755308543 -1.13365326118 -2.72499774962 1.25120907515 1.86885399396 17
116 12839.3057209 -9.61189774457 3.23744627993 3.15841256076 -0.838160637254 1.66587032929 -2.60789750621 -2.18525779956 1.79494462503 -2.46134660924 -1.09467801499 2.19889587428 -0.0655968101575 -2.40907099692 0.395247735173 17
117 12859.331329 -2.10659756966 -5.34281146058 -0.588813608936 0.410296480446 -0.733806657223 2.69996965965 3.03180853696 -1.8487983278 0.435646936757 1.28979181763 2.45034373688 -0.223894209194 -1.95924004302 2.77055458387 21
118 12939.5194961 -8.34919778298 -2.94152806374 4.21148840888 -0.232959571404 0.558485758794 -0.468434434218 -2.46469473445 -1.3623628028 0.241443418201 -1.41986148857 3.07846517414 1.09034257711 -1.21279753917 -3.13223186558 8
119 13091.0655204 -9.56655687847 -3.73371369173 1.65058654363 -0.66108246729 -1.82948493676 1.52267511195 -0.430855208079 -1.9889471665 -1.50433716319 0.702669785592 2.00221776962 2.71091570139 -0.523812924772 -2.94339800016 20
120 13129.5700275 -4.49434322358 1.31487917262 4.62188754031 -0.0513476599615 -2.75572758376 -1.86339128924 2.1094113216 2.09929206736 1.0688446032 0.424691285276 0.340844634142 -0.6759354026 -0.478981815092 -2.90157429102 14
121 13303.2133765 -10.5876184206 -5.19149792923 2.23789822812 -2.63253684087 0.627450526607 -2.9244785013 -2.450621554 0.534938812559 1.41912533713 1.74266207818 -2.57434927506 -1.21982561781 -2.263637291 -2.18587971235 20
122 13304.8942141 -7.29518749259 -1.22966868889 3.08987115821 -1.32440455457 -0.125845452791 -0.377990177181 -0.652202455402 1.80770307593 -1.22674951957 0.548490412344 -0.744644355435 -1.24835584976 -1.53316523897 0.227105571664 8
123 13518.0370945 -6.88928010069 0.416170290406 0.914726607708 -1.91639934901 -1.71007476452 -0.836599517725 0.0699609204154 -0.334218256349 2.30368637173 -0.103940826361 -2.16451382688 -0.872692701687 2.38156157697 -0.491167459693 10
124 13580.0356435 -1.25149282127 -3.99982093627 1.38723082129 0.690898658848 -0.655658099733 -1.39542620163 0.187659871358 -3.00803911403 -2.37835392627 -2.9269340801 0.91615806023 1.31677893502 1.82426782997 -2.19046518622 21
125 13724.0413971 -6.01229306946 -3.6779170043 -3.45193175915 2.71580727673 -0.0662977676102 0.917280082242 -1.48714156443 -2.50742407073 1.143464605 1.8830583265 -2.1493924672 -0.466689637895 -1.35348000488 1.46725615786 4
126 13755.7810977 -6.5896242687 -0.764481203763 5.39005051731 -0.665072217099 2.20951464278 1.71606448608 1.41129191802 -2.53276665677 -0.200610019489 1.74984170279 -0.680881619833 1.89454934315 -0.123977601429 -1.88537466575 5
127 13829.2546912 -8.56788590153 -1.80315405566 4.33469315695 3.12771099497 -0.456445818681 -1.18084509024 1.93025752834 2.34866931463 0.247755155759 -0.942953153661 0.610888264788 -0.453466582126 1.60060933158 0.664955945837 8
128 13894.6953238 -6.64340654451 3.28023368126 1.48857633688 -2.8670132888 2.75579027539 -2.99435020082 -3.05473427311 2.8148311856 -2.39694922439 0.39660140935 2.01347593967 -1.95900627917 -2.40357426536 -2.11588938262 10
129 14092.4256567 -7.11933734188 3.18002701987 2.46820900997 1.0530869677 2.00927904983 -3.08179291051 2.61964129165 -2.89483882953 2.72431037026 1.5041810287 2.32756704004 -2.41937975159 -2.83671506808 -2.80303811511 11
130 14152.4670753 -2.22427189505 0.0319300409451 3.40659813925 0.232838885266 -1.87983396772 2.87666874794 -2.66234307644 -0.284686119676 3.04068496573 -1.8838512785 0.971528291281 -3.13777849804 1.53006254362 -1.19574748481 18
131 14181.5126739 -9.99297046817 3.58706259182 2.06911805273 1.78438745335 2.26801228465 2.92494286428 -1.7946133349 1.10966245124 1.13639441648 -2.10375351235 -2.57167125181 1.19222134548 2.13529715266 1.15733811263 11
132 14225.806678 -0.505237880317 0.171836354665 0.376766719389 -0.935320228914 -2.14843858171 2.09353955745 1.33340269252 -2.51051384821 0.556329538707 0.138511580862 -1.93570387819 -1.65779830646 3.08196078892 -0.923709713406 12
133 14380.3731513 -7.38215283679 2.47253916074 4.71663625361 -0.0181447821347 -2.28389360098 1.72089851663 -1.16145358197 2.19232786627 1.9636428266 1.3969796565 2.25856320194 -2.32512255096 -0.248970664925 -2.3662500159 17
134 14404.0963818 -4.79954975153 -2.7827372556 2.96360139888 1.20228089021 2.04559609004 -2.81732195782 2.85229408139 -0.849235310515 -1.34539522822 -0.790582576023 2.56905455322 0.340783121649 -1.34776050206 -2.80294143755 5
135 14828.0451724 -0.957065193623 -3.53871104791 4.62941764233 0.545271227873 -1.20750712847 1.28776371856 -1.13366410073 2.29082893817 -2.49876796455 -1.07629667509 -2.5846660257 3.11403031128 1.67135155986 -0.274596259036 9
136 14916.7472131 -0.0115515031479 1.1062079076 4.10113517294 -2.46333942496 1.394297085 2.0511244537 0.970697852626 1.50905496116 -1.81655738747 -1.5325076085 -1.98193208211 2.28840612158 2.04457869218 1.77013206805 18
137 14986.912089 -3.96474189197 -4.16285702496 4.2897771813 -0.879296761061 -2.33173458215 -0.693562982983 0.701514127729 -2.02022359485 0.278354340835 1.94926077396 -0.921334143865 0.933434946112 -2.77680916682 -0.122117226592 23
138 15053.118912 -2.37079517043 0.434726479859 2.78218304877 0.395213448347 -3.06538757284 2.16475161363 3.12960715089 1.21364466202 1.40648586691 2.05214200138 -0.329416374233 -1.21721073274 -3.01832815192 -1.28755298503 18
139 15574.8167808 -5.14761861799 0.912309901445 3.4931414638 0.498841172789 -2.38920907793 -0.389313990842 2.96916244927 0.867552780541 -2.0324923759 1.71983213646 -2.91929531201 -0.693463049559 -2.3731497273 0.392337285951 14
140 16005.5221542 -6.60289701605 -4.89637050803 -4.56380821193 2.77375656536 -1.58782415374 2.76277723754 -1.464698074 0.0422549911374 0.925136928514 1.12321151491 0.309975738043 -2.60529968632 1.87906490525 1.44149959778 22
141 16156.273184 -7.97468880812 2.94237819922 4.57387940693 -2.86016550079 2.60278843276 -2.53118534637 -0.0395205057288 -0.487750956434 1.00240051432 -1.30476778241 -0.234565083737 0.680791737019 -1.01269267534 1.08836008902 17
142 16268.759475 -9.63364290732 2.9246752748 1.43357846134 -1.02853764685 -1.27066011657 -1.9681454575 -1.57934973378 -0.0230058229384 2.97154420868 -1.19614604122 -1.57548228019 1.61242353621 1.11373484851 -2.84768949776 11
143 16467.4102542 -4.02787112401 3.43791259009 5.15227183651 -2.47305464432 0.561886514913 -2.1599220351 0.898510620901 -2.14646607754 0.443247100829 2.09551467233 -1.77625247378 1.75342042296 2.46995640106 -3.11059702415 14
144 16525.295074 -5.95389823071 -0.502985818918 5.49333881461 -2.82787141966 0.208733974072 1.54691904796 -2.59323375716 0.0767575441837 -1.0244874116 -1.65615103363 -1.37396406486 -2.56248121089 2.39390186489 -0.303809541785 5
145 16812.268692 -0.606269530781 -1.53738082547 5.26263077756 -1.6460742955 0.876608204781 -1.86601954305 -0.385892205175 2.10565703437 -2.39860546824 2.75141967529 2.93915369095 2.60213624073 2.59319567378 2.89325340411 9
146 17136.1450604 -1.87739796622 -3.6444566974 4.48747481363 -1.59692164817 0.681834380412 -1.67737391359 -2.23014642165 -2.60544537476 -1.74272609212 -2.75437699629 -1.72769600037 2.61392435311 -2.53797897548 1.59407853895 9
147 17391.0166232 -6.48751834481 3.38437416784 5.95236581081 -2.27004563932 3.06846995309 2.17308177047 -2.16658707101 -2.69554692094 -3.10130055032 2.9978546508 1.33113029304 -0.840058918257 -2.76884685777 -0.0978604784962 14
148 18145.888864 -1.49229721383 3.27621969081 4.66586077144 -1.85769117814 -2.99553774881 2.42057053059 1.04551634362 -1.35365960935 -3.03953631134 -1.43436018014 2.47014279035 0.983369277998 2.07310970354 0.572576730795 18
149 19010.3348647 -5.40166678072 1.72760848595 5.67197548773 2.73932809214 -2.17702520114 -1.35713323276 -2.64120603291 0.0868593679133 2.91099439146 -0.707965096227 0.958696351501 1.87001125863 -0.346829274985 -2.35057621355 14
150 20314.7850191 -3.25277587229 2.66215234419 4.01884044074 -0.112045026569 -1.76723452213 2.65842832544 1.64954753412 2.97603656882 -2.89461161247 1.88678790074 -1.96028157292 0.0196480581938 -2.21629717191 0.517862831713 18
