 -5.39907435841 -0.506632978396 -4.04308463521 2.04344641387 -1.068310103 -1.77040541618 -0.599813762742 -2.65808075457 -0.756671584801 -0.948139239194 2.43974463633 1.64813679781 -2.23265286265 -1.9181632167

1 1816.30352494 1.99445815836 3.49459716248 0.838225066379 -1.82021530399 0.610211984001 -1.514544364 0.0141184016699 -1.44878058828 -0.311066347638 -3.02317684133 -0.630913445799 -1.28924557257 -1.17958326034 -1.9650949653 16
2 2387.49227576 9.07829846101 -0.285995721425 2.78587115445 -1.40420414816 2.49294394174 -0.161818538105 -1.71037435584 0.132909795775 1.26290856302 -0.29385371797 -1.49832567129 1.15370037408 -0.486535704993 -1.19578110405 3
3 2700.69493167 8.93004989224 4.93029823618 -1.36227628781 -1.96156377388 -2.66912033619 0.629737238483 0.262180071334 -2.14358240951 -0.211826110267 -2.12452047745 0.737356606551 2.03731257733 -0.941319111526 -0.0129239797983 15
4 2937.47343923 0.902620078404 4.70286082244 1.25065824914 -2.3244900896 0.662830467652 -2.60440241995 -1.56774031944 0.220981253388 -0.869872413876 -1.1057001769 -2.5904466626 -2.98187928787 2.73249002597 3.12083031208 16
5 3777.25649496 8.58829786487 -4.91813566655 6.39590787257 -2.1290611064 2.86524567814 2.54703906593 1.53303991167 1.8013783055 1.38844151621 -2.11740558483 0.0634117891927 -0.398237194056 0.198693281868 2.23977072015 27
6 4047.58861746 8.28552863765 -2.35700546671 3.56147024443 -1.3636501753 2.3403249923 0.973466398922 -2.99483835519 3.12957425072 0.739281509328 2.79544301673 0.121615358334 0.764138806647 -0.368737109973 -2.32992993447 21
7 4132.81739165 8.91133627394 1.97265885563 -0.369408456248 -0.869445489168 -2.40729984382 -1.82097345196 -1.5141903297 -1.1527355436 1.06224050707 2.13704220847 1.08249799258 -0.176995156118 2.67372035527 1.6177220435 6
8 4158.51828292 8.39344129236 4.23007703627 -0.966655400609 0.0680789713737 -0.133548161646 3.03016512513 -0.421244229072 -0.930564123037 -1.37455309396 -0.572671502263 2.13518405109 -1.39153365969 -1.43522677822 1.52590893961 15
9 4704.63240303 6.3675030853 5.63934303547 0.450894096806 -0.131005511328 -2.13231741749 -1.68838473767 -2.7007096481 0.254209958004 2.3597683524 -0.569549592482 -1.7219313607 -1.53536429031 -0.447836664873 1.31591231404 13
10 4763.7711388 8.12611861811 2.17759787855 -0.660180453222 -0.277404681392 0.00783750066496 -2.22834340265 0.636801767488 2.67837154582 -1.76740301282 1.29612621772 -1.14922436777 2.22836534145 -0.841559453087 -2.50439873052 6
11 5340.79245408 4.95957491437 3.12247457995 0.117473346481 0.190304834121 -0.876591193484 -2.82610151508 1.79684018195 3.03134939385 -2.1913142761 2.97145534534 3.02830458968 -2.98447989887 -2.77483772694 -0.337755924402 13
12 5656.50333968 10.2858184102 -0.153074147416 0.447445663761 -0.994109793463 1.78221866904 3.06832156267 -1.42906810718 1.06059008987 -2.30044066698 2.49486099365 3.03624906623 -1.5009266586 -2.5654307696 2.00383177282 6
13 5737.84151353 0.785841950177 2.77094697076 -1.03344346632 -2.83507233322 -2.55064167987 -0.391178842705 1.63204482259 -2.37682587603 1.5909192981 -1.13778157959 0.467093609845 1.19899204282 1.32551623983 2.27097597785 16
14 5784.32901037 6.33231263252 4.63636697537 -1.26607236909 2.69151204191 -3.0483536574 -0.340915960391 1.1841968793 -1.40283888432 0.339967165947 1.2163188678 1.68728591535 0.71832880122 1.43537816504 -0.477141794246 13
15 5878.12313174 4.31986827172 -4.15551548063 1.42873762699 -1.0565925857 2.93465155135 -0.0607308121793 -0.95810294049 -1.22389567533 3.03632668856 0.0200019624127 2.17531215267 0.757758547046 1.40573850304 2.54957049826 22
16 6048.26257369 7.10155346202 4.66476793313 -0.952026426942 -2.26769999207 0.326831469346 -2.0202031525 -0.0532962770323 -2.76721868411 1.98724844314 2.83077080085 0.352576630253 1.95832534181 -2.32237738326 -1.02003695898 13
17 6230.5751947 1.92769196823 1.57503188755 3.13793704828 -1.81244043696 -2.6590813081 2.5653632367 -1.93566396208 -0.934804530039 0.348322233432 2.29519793253 3.01037836351 -2.42405594232 -1.96176274681 0.78373882578 2
18 6245.63008491 5.03004602832 1.88734850207 -1.2876879409 -2.84516690847 2.13960855485 -1.08898234869 -1.19283135235 1.38766447857 -0.29608462167 1.63091729217 -1.2576244647 -0.147062457664 -3.06278938487 1.12004107044 4
19 6268.61989417 7.11457081784 0.0772048534304 5.44816125115 -3.02322818015 0.296297927719 1.30545429654 -1.27710688553 0.00127346371952 2.33312074138 -2.75850935011 -1.65686990217 -0.215938908885 -1.08976511274 -0.315050324977 1
20 6365.91378379 8.60907344632 -1.48898956358 0.817950950455 0.535993404233 1.11426348631 0.68135762045 2.61945597055 -1.30114799648 -1.7231965172 2.66065397712 -0.518656417061 -0.210858965133 -0.695546611244 2.81329419584 24
21 6385.29593742 6.80847953552 -0.849768071699 3.01087895132 -2.76155606876 -0.0980643715246 2.1117973718 1.48618814927 -0.14138049118 -1.91016854121 2.36036426957 -0.182999774377 2.99885977344 -1.77241302435 -1.64875751133 1
22 6517.87310458 9.29178009707 -0.309192805498 -1.43469420502 0.855272743075 0.711129087803 -2.40107778989 3.04674800903 -1.43338200027 2.91670783565 3.08828636654 0.527398284315 0.51820869317 1.11458212942 -1.2123351613 6
23 6781.50009817 5.71350138281 2.87340557381 1.30227106935 2.32077598732 1.71415168379 -2.84938672274 0.732688800788 -1.49158151911 1.79195623657 0.703402396529 -1.04929056785 1.81621881575 0.28420883061 -2.28972766671 13
24 6816.28966844 5.27209065315 -3.96513801659 9.36691280231 0.171472827823 -1.78696028196 0.248634177143 -1.21229851921 3.0261349572 2.54775597703 0.517105395067 -0.130285854887 1.20583219449 0.952526083461 -0.608049488624 23
25 6918.7682056 6.81686490239 -0.608585097521 0.422994236072 0.858201986209 3.03362382767 1.37398732108 -0.631559320491 -0.115982990834 2.88199923967 1.71073912864 2.45624324907 -1.34954143636 -0.860686399947 -1.98594822788 4
26 7173.74405762 0.589000379891 1.91440303606 1.61021647833 -0.865423255933 -2.48928862279 1.20175604981 -1.38608037605 -1.26083100597 -1.78345087122 0.63166351549 -0.478378276977 -1.53691133025 0.0521089173285 -0.998140493776 7
27 7176.73327246 9.05775021424 3.94889502397 -0.570599061101 -3.00427950603 -0.666105612131 -0.316049427095 -2.8223733936 -1.0545205683 1.16244948408 -2.62210480276 0.812991181808 0.908588937943 1.30532458472 2.8396262749 15
28 7530.20787175 8.75253238028 -0.849368750267 5.33859295947 -3.09091121839 -2.69826340677 -2.29436314717 0.101242526853 -1.86530152485 -0.0347032535283 1.99206913282 0.104506969072 1.05448510084 2.71175664333 1.43540938752 3
29 7910.70217846 5.40217373475 3.75139194292 4.37911159467 -3.09706862863 2.93055346312 0.0118742835968 1.29807637341 1.16326717297 -0.94151648572 -1.74081701804 0.758008462206 -2.33481033917 2.76806957004 -1.68122608667 10
30 8180.04303329 5.50460010348 5.78604770696 1.32750682949 -0.954044331481 0.481850087464 -0.116419415232 2.41538878403 1.29563032795 0.249691218128 2.90062102232 0.685528352944 1.28919633203 -1.09138308429 -0.675634903785 13
31 8200.43944891 4.34153149986 3.14182896024 3.53559979922 2.67582307939 -1.17631349178 -0.735060339899 0.639460867741 0.360242027401 0.256593244598 -1.53203032312 2.8678812506 -2.40682022676 -0.898025770873 0.548002115129 10
32 8360.91502564 9.73716074763 -3.57791471532 2.73530724689 -0.558856540649 -0.368479871561 0.806575744715 2.85786292574 -1.10817622382 -2.15575640726 -2.90585739054 -0.769163972213 -1.23801744113 -0.572381738945 1.77896857615 21
33 8377.9796041 4.11018900523 -1.0225813155 0.439206355429 -0.971476397723 1.3701320383 1.50123766739 -2.46155255248 0.433871719441 -2.81566668467 0.0777662492314 1.87895435844 0.842456494992 2.20809303013 2.8759073325 4
34 8409.96148307 10.4365032754 -4.25145405643 7.64413901737 2.84789470096 2.94681505884 0.959616213721 1.98031066619 -1.24520981229 2.00482691764 1.23597846991 0.0838426084533 0.74298740995 0.259136107217 -0.103831970849 27
35 8478.28446031 8.92772109971 1.92369398882 6.28333859052 -1.40899353313 0.285180808117 1.23065992309 1.14074818932 -0.888117779993 -1.13007393455 0.172362142445 2.56455933911 1.98801725713 0.783490117058 0.441277503358 9
36 8690.97807164 1.25823468036 -1.99364022002 7.87583173159 0.594143611717 -2.44649703448 2.07165952016 -2.25200909667 -0.00821127618099 0.634282661254 -2.55201875883 -1.43601582186 1.80938127325 0.0925950676807 2.20060234272 26
37 8692.01038315 3.2101338623 1.53616202937 0.718754119512 1.11428679968 0.563820503348 2.56041384923 -0.778071579552 -0.0522545637145 3.07936612662 2.05965041405 -2.67797652041 -0.0233144292513 1.14515856592 -0.779008937319 7
38 8701.02464582 3.63037679225 -0.748887578972 7.8422390452 -1.37945593858 -2.36179480721 -1.35006885134 2.14027864181 -0.239993856675 1.86111985795 -2.81161498877 -0.216491457737 -0.117878799564 -2.88974132221 0.891446779889 5
39 8715.55459517 10.2997630959 1.8169579489 5.12569582863 -1.17494746335 1.38251545195 1.52627337934 -1.8510923981 -1.20635432377 0.257886186694 -2.70033343885 -0.205969169417 -2.05499721422 -3.12473846299 2.99169137637 3
40 8815.94498645 3.43868229649 2.32572813951 7.34661498545 1.55422217233 -2.80377078963 0.460049899047 0.0761603916797 1.83101158348 -0.718239624084 -2.47328573312 1.49785298398 -2.30503800019 -1.47060963591 -1.97790173227 8
41 8825.36292041 6.7732386095 1.55606152895 -0.0230186867211 0.856772516969 -1.24071082753 0.706100349808 1.08580169767 -2.79742573977 -1.88586757901 -0.706327007156 -2.18580297502 -1.08155997286 -0.55543750832 0.16793486198 4
42 8835.40930038 2.50593585716 -4.44701435053 6.97255688755 0.677571600851 -1.66959778003 -1.27874827363 -2.20404404132 0.269734658587 2.08332398009 0.518666126816 -2.24430972972 2.33773309284 1.49621254709 3.11102298655 26
43 8906.52734008 4.57995923756 3.27309722329 3.79211296284 1.92878920403 -1.98968408663 1.36844876546 2.35569334938 -1.06387967905 -0.323280030327 -2.99954186959 -2.00709815398 1.80483910083 1.21568939956 0.456345989925 10
44 8933.06758865 4.3438786875 3.36337141757 2.90817453038 -3.04414261702 0.665226358158 -1.35491343415 -2.85170973422 -0.170179933485 0.933181296479 0.98551201444 -2.14598441342 -0.0528805196393 -1.14719222238 -1.61974492366 10
45 8961.11813173 0.0635774445367 0.113163314492 4.46105593817 0.500564985153 -0.404701418439 -2.10076592153 -1.7922020616 0.839874953361 2.91400143299 0.774008913002 -2.82769027249 1.78661757032 -0.561067327305 1.96651180764 2
46 9102.04753218 6.66829900223 5.7788274699 2.63827036553 1.44796488813 -0.121211286269 -2.48504941225 2.76335996892 -2.28072142482 0.281793509826 -0.791600157375 -2.04300998597 -1.69651058645 -0.712048195661 1.04053461002 10
47 9126.00560063 9.38504449158 1.86369500071 2.73711097569 3.13588658964 0.351156369919 1.59832257279 1.52233224057 -0.0659934592496 -1.05773470277 1.94325554532 0.513282724312 2.89612755299 1.97713153774 2.20380950412 3
48 9156.60649565 0.0834031589696 1.76745320554 -1.36223724751 -0.761618882387 -1.37041940074 -2.31486366248 -2.75975577721 -0.884260923361 -2.71591768664 -0.0929564472613 1.49517962976 0.989253304415 -2.66203195501 -0.865870593743 7
49 9171.32160845 7.82472320441 -1.48675236257 7.97654073874 -1.78691575275 2.67949029193 -0.915522572295 2.3471019162 -2.74055414903 2.19675258246 1.96013434221 -1.38089135193 2.49368249145 2.50849163727 1.9346438343 27
50 9273.67456025 9.02694853992 0.581338113413 1.49478513961 2.42328822952 -2.99313254364 0.711619405396 -0.668000647551 2.12532267484 -0.960655283444 -2.51713385947 1.01576379079 -0.418778315597 -0.8707463957 -2.0990456116 6
51 9303.58190424 6.08550088419 -4.18558068744 0.850774659619 1.97017632195 -0.0547771799689 -1.59442982026 -0.51953830608 2.05722954335 0.561083535999 -0.951262459852 2.03110072759 2.26016295004 -0.150703351801 -0.549961203795 22
52 9383.66400784 4.1744696625 1.09683221351 4.07353130912 1.69260999341 -2.62546878521 0.29484744646 -1.19736510039 -2.59018116677 -1.5141300635 -1.44815220659 -0.0137863242466 0.419044549686 -1.22615962665 1.02970150091 1
53 9393.45491758 6.48311950188 -4.67507267261 5.00446915229 0.127131098578 -1.46059611089 -0.762497253902 -1.52968562669 -1.91155441386 2.2993239414 3.12141605966 2.29276686754 -0.51062407631 0.961577349458 1.97093063278 19
54 9515.35274262 1.9958913073 -2.95419415926 8.38551911566 2.97602729469 0.20151393804 1.69788263295 -2.37827425468 3.10277246575 -0.240956936852 -1.30460631177 -2.14280044272 -1.74633782137 1.02016041577 1.74035813594 26
55 9557.8658925 2.91061933762 5.64972556994 2.40896264175 1.80197635526 1.80158174705 -2.21340325538 -2.79920165132 3.10855575122 3.01530139515 -0.0991835295033 1.51558918808 -1.0444852027 1.14027341956 -1.28151285266 11
56 9686.12752159 8.56606336317 -2.89790530917 4.26041077881 1.49150338173 1.30027690557 -0.392557397754 2.47151439093 -0.995193714065 0.907992214547 2.5534427293 2.7599706311 -1.22114096311 2.80575337761 3.08241838184 21
57 9768.2676679 5.15976504857 -3.9210913722 5.05088855668 0.182613923183 -2.0853219417 -2.13081345332 2.58593205778 -0.172118641217 0.308183052831 -0.829753029616 1.73536586235 -0.893919721964 -0.711391148052 1.58753348252 19
58 9778.11095057 3.8670654443 -0.0514621168486 5.32683157062 -0.976509303295 2.40156567495 0.299729829358 1.93646497417 -2.85271472159 2.89161336169 0.408631737029 -0.998561542105 2.95224253715 -1.48319300838 1.10567513777 1
59 9791.78374221 7.48392389399 4.03950085092 4.93215832685 1.38822947667 -1.19046400191 2.4727997969 2.21915894292 -1.3801809132 -2.66114441504 2.06156598653 2.18150074978 -0.852045250869 -1.81881311386 -0.470276146063 12
60 9866.13916549 1.61317803914 -2.18073573069 8.61107768237 -0.612198924271 1.36594940345 2.59839114107 0.00448461468016 -1.77196734527 -0.616858383504 -1.75960157832 2.48933953499 -0.898660515821 1.59931043198 0.751401280985 26
61 9880.22586178 9.33770928862 -3.15708306311 0.862602265254 -1.31752981643 1.22579461577 -0.464002369823 -0.15724097005 -1.30354647446 -0.452645340304 1.60082393954 2.85280628059 -1.01836433093 -0.800515387287 2.10931385295 24
62 9896.11339701 8.00705763125 -1.77911181013 1.82296915589 -2.83164716022 -0.709120321113 1.72726127329 -1.02377554831 -2.84257376203 1.87737852498 0.618587274867 0.384018498723 -1.14605608681 -0.416340861122 -2.51953181242 24
63 9946.18025353 1.87408748321 3.33800402073 3.37966075819 0.563098956187 1.84363268462 -1.26297858219 0.119794742475 1.95221898706 2.93184377588 0.801663112674 -2.64731481982 1.49684793219 1.20247409848 -2.74581507719 11
64 9976.11675796 8.86521881552 -1.31279308307 8.72278722589 -2.81691489919 2.40428709914 2.15131837253 2.73123305513 -1.32035348881 -2.41068679314 1.11857460026 2.47218671485 2.39260627035 0.590520246338 -2.34666787029 9
65 10166.6345779 3.33616946977 -4.72110212228 2.06351061053 -2.82125245807 2.04075554303 -1.57197862553 2.38400219135 2.41746624399 -2.31685227236 2.65916452699 -0.40164908634 0.225055003456 2.06934949516 1.11092104444 25
66 10265.9963848 6.87629285865 -2.03673907781 8.25006984439 1.44562656579 1.23139959233 0.487386366478 2.16500407371 1.49919717665 -0.435773019596 0.286119484101 -0.59342502118 2.18438889782 -1.89727277719 -0.913476183816 23
67 10271.8213893 8.21967222429 0.823685865746 4.65133922245 2.27119628228 1.0790421876 -1.87341599521 2.01878944351 -0.438271159634 -0.793734816863 2.9739732665 -1.07609324022 -1.85714882102 1.48064382098 0.107936052605 3
68 10290.7433936 3.7256296922 -3.17472793296 8.83382732686 2.98763506049 1.15995355139 2.24295739314 2.17744138975 -2.58485453284 0.258871092632 -0.2352354504 0.787887722828 2.06866185453 -2.53261874932 0.843130229134 23
69 10306.2034187 6.98339851705 1.66244831077 6.88421530147 -1.65342142562 1.44774729857 -0.505748602392 1.43151690088 -0.203133998521 -2.71934422319 -1.10498916105 2.98611006604 -1.58873517058 -1.01606835916 -0.332443589059 5
70 10396.1744113 4.14310712297 -0.488920965712 1.32108952119 -2.56063116525 1.12824451369 1.04141010697 -1.61243074413 -0.316383605341 -3.01153622981 0.272568920223 3.09305597976 1.33820163915 1.64274202476 -0.321852425746 4
71 10421.5664274 5.69708048816 3.55432797859 6.05190489837 2.03799020195 1.66811812279 1.67163632082 -0.890906997141 2.00128779183 -0.595830035601 -0.291209492129 2.11954771336 2.1114984643 -2.52753763399 -1.96609911563 14
72 10423.9639924 4.86439629238 0.785398637312 0.627286289483 0.955102778179 2.30163369859 0.546035138296 0.434350236825 -0.872731179601 1.80189480383 -2.15032759382 0.0536743380248 1.19017984057 0.114470874002 2.37555608462 4
73 10455.4817495 9.07376673548 5.61422803399 3.69153054846 -0.216342438497 -0.431072453766 0.241584849027 -0.382721235702 2.76124275203 2.06025199119 1.84335378356 -2.0183716562 0.28784396658 -1.72973999531 -1.84184745416 12
74 10516.6829657 0.506803217085 -3.15781558159 5.09672758927 2.66188082212 2.41169570957 -1.52266314834 -0.199463042275 0.358361109556 0.571016964175 1.36161946987 1.29838312109 -2.47488710904 -2.85257766569 1.9589404239 20
75 10550.8640702 1.50904191502 1.65039539732 4.88045227838 0.331980349794 0.552343136778 0.763675701675 0.670583003676 2.9311961001 0.0965157788735 -0.0173087694102 -0.32115836759 0.950985286919 -2.71039358815 0.0693181707154 2
76 10564.8971687 0.333416983076 5.33024215214 3.54559681798 1.84274527576 1.95963171995 1.05205793363 -0.717333222658 0.809429880952 -2.30109262216 -1.12519521338 -0.694173437383 -0.331329113816 0.675438289004 -2.36944466597 11
77 10577.292643 5.01292221416 -3.60918090444 7.14920053356 0.77953449331 -3.03118179741 -2.84171631801 -0.485740706825 -0.1942311371 2.50315139926 0.759807976379 -2.67678669884 2.76494278748 -1.69820173766 0.983497961204 23
78 10782.5145623 3.83222568988 3.68391752425 6.59415854392 -2.61341094106 -2.19918326201 -1.66324195058 0.100449448462 1.27356688181 -2.61166745559 -0.442083686562 3.05089591975 3.12502251943 2.25982478101 -0.516335202327 14
79 10796.7236292 0.842446875552 5.54766497685 1.56162489821 0.744380036875 0.683455120024 -0.285217148033 -2.30762590988 0.402866516179 -2.22874301584 -2.38081776118 2.96505131612 1.34395893891 0.684792513288 -2.2859115097 16
80 10818.3913499 9.41937480052 3.15298676902 4.67787018703 -2.22393307674 -2.96466771024 0.0455526177446 0.776489991299 2.83693004523 1.14600180863 0.17516362652 0.264308451446 2.85419824974 0.357095445362 -1.0166566082 12
81 10847.9283845 0.503950345848 4.22284780145 -0.556661564767 0.214284051632 -0.809305862656 0.388978024163 1.42769296543 -1.28840295706 -1.57810003911 -2.67410694243 -1.50144238575 2.05783197252 -0.0626059672339 2.33439247649 16
82 11148.4365006 0.944394310831 -3.34510401207 0.30023325008 -0.368232543347 2.44171443253 -1.71974530709 1.48446039152 1.17582117054 -0.721996662538 2.55734640948 1.04184439416 -2.05512409781 0.672934812905 -0.686438986429 25
83 11173.3219264 9.54898743701 4.11309999662 0.775347609409 1.63522647542 -2.40954175554 -0.882917853683 0.0113619263247 -1.93991508653 2.82394275558 1.2423138064 -0.606600909607 -3.06394926895 -1.77575024268 -0.668720662527 15
84 11243.2046076 9.77651827514 5.28859777663 4.49862970892 2.4090894527 1.17386462301 2.20212364718 2.26389795548 0.813143295893 -0.0519316667182 -0.0390142712291 -1.54669902842 1.31248520831 0.60348724593 0.794895151616 12
85 11355.5697472 2.44012345939 -3.96354765277 2.25875594331 0.129006642159 -0.402275120053 -2.62849854566 2.74804320487 -2.12551050538 2.96380183272 -0.368000420843 2.62590246593 0.802660144449 1.54561029072 0.319303044456 20
86 11377.5088813 4.981738229 0.334048854772 5.19592195035 -0.369764630976 2.66448846841 -0.059227207622 2.13751020892 -1.31461706426 -2.05371958064 0.104986773078 1.44346267868 -0.801587744655 -2.25230857274 2.13994578057 1
87 11384.5047993 3.32538553651 -0.176762096111 8.39807789177 1.79710409968 -0.350984133871 -1.13895378549 0.558125095418 2.16130430081 2.01779761979 -1.27625436819 2.52360324284 -0.928478181864 1.95187546286 -2.74783312096 8
88 11429.8897081 0.933640414351 1.56540659878 2.51169536095 1.3682974686 1.44761933257 -2.71552450539 -1.7131079832 0.26950619081 -2.99352990939 -3.12590234196 2.24983706892 2.41805183524 2.68628406381 -1.51736204343 2
89 11483.4376474 7.01187737009 0.790761016026 6.34719287581 2.84755046056 -0.175679425261 -2.98232600202 -0.84505682001 -0.421854833232 1.28563673701 -1.91607723495 -2.72147303697 1.54217755139 -1.70592034983 -0.775774316864 5
90 11735.8178395 9.28456694172 -3.4538269974 4.47871095669 -0.181046138544 0.636487702817 1.66171044524 0.358565467608 -1.4907960965 -1.17077928002 1.0785192302 0.0138778545732 -2.55673995729 2.8817504707 -0.68781069729 21
91 11752.9222513 3.76344553142 2.41657581908 6.60376571926 -0.753542274761 -1.41387154065 2.90447566073 -0.416659122512 2.67199590338 1.76276137233 1.87453124149 -0.597662637722 -0.858623729196 3.05072485699 1.14756916903 14
92 11902.5441309 2.50354949079 4.81609572538 4.64703000657 1.99932154297 3.05715837307 -2.28163585893 0.526628697314 0.0261698691001 -1.32635005955 1.01769728335 -1.01300703172 2.42019960048 0.982668177096 -1.51117541526 11
93 11946.6979861 8.2912179102 -4.67591810733 -0.218356063332 -0.422446759086 -2.92154982 -1.36977727999 0.148755454661 -1.35121272882 -2.38182976353 -2.37423146008 0.977119248894 0.0139592800098 1.79381266279 -2.41486436466 24
94 12050.8225936 1.8738585142 -0.995071781444 7.89674419378 1.08914279731 0.582420494794 1.07682557828 -2.98259232668 -1.97220243857 -2.83287322808 -1.90762119435 -1.16904078801 -1.80192558889 2.44177897006 1.66230188172 8
95 12065.5555316 7.55129693858 -1.31032513605 -0.225816131699 -2.51242690585 2.81664476755 2.25671421251 -0.261160272954 0.608442888799 0.809296453669 -0.283978124393 -2.83697052747 -1.23315106673 0.894047403142 -0.628427511632 6
96 12136.5253482 1.39887532421 3.49963493604 5.01649097195 1.37292028945 -2.15710110413 -1.03856239612 1.10388050112 2.63263404518 0.180218475481 -1.57298397251 1.45239342222 2.63138173117 2.5440895516 -1.80543737194 11
97 12218.5588452 9.03804960291 2.88424073044 1.65070211382 1.64967651328 -0.929770536271 2.59429483058 -0.290990523922 3.05017669371 1.44910862105 -1.17385136219 -0.0257648321728 -2.56576232756 -2.6008544285 -1.05201887332 15
98 12256.5775733 6.89233973211 -0.709791194824 4.73690511925 2.06787124863 -2.5346133617 0.0817727798333 -1.5723748664 -0.179574085069 -1.38313051032 3.12128493609 -0.23625513862 0.223367828337 -2.59753463121 2.96009762333 1
99 12362.333352 5.43383165045 -3.32346099066 6.34531868094 1.1444084662 2.60259305655 -2.62293998969 -3.07094280244 2.64122873881 2.01583201897 -2.85143148047 0.695931534177 -0.293177254184 1.44481163186 -1.03849595139 23
100 12517.5966779 -0.0748761636609 -0.210131887361 8.95892704387 -0.77703564131 -0.857257456679 1.85810958458 2.36710487956 -1.25313102247 1.59682366285 1.21438523011 -1.47302811067 -2.22519669412 1.89440537638 0.24000153231 8
101 12654.222864 4.40647374227 5.08320263532 8.89254831102 0.95060336558 -1.38158142376 0.828382477626 2.808350858 0.921500789403 1.8698140398 1.59998898554 -0.91697054918 -2.72810945651 0.57319316424 2.01399483817 14
102 12680.6238705 6.7580110479 -2.34598738628 0.137782348404 -2.31355419745 3.07368577699 2.27598050376 -0.17167591994 1.15273241269 -0.72088527136 -1.47309265371 1.51929074128 2.56780146166 1.06584683447 -0.503615561224 22
103 12699.7332221 -0.00661857164973 -2.87668392645 0.47991882933 -0.15878607273 1.97023172173 -1.19062533607 -1.0464067213 -2.4114692026 2.71327569219 -0.265490702208 1.61118205642 -1.26204602926 -1.21295463624 -0.975160224767 25
104 12719.3650018 8.36430982075 5.57398404419 9.12715882884 2.39250901498 -3.07438150779 0.458965450894 -2.28697692704 0.538804666093 1.546873974 -0.584768584828 -1.38708870031 -2.430994047 1.67260453005 -2.52529416274 18
105 12783.4182884 3.94182640918 -3.86615130801 2.84487221194 1.07371663972 1.217562662 -1.31897282983 -1.68897261316 1.81335947541 -2.85497564035 -2.73493727552 1.90916518097 1.83854402138 2.58304694752 2.403569857 19
106 13004.6079331 8.82958025866 3.61766064402 8.44690072826 2.43338910739 -2.72714683584 1.25851930248 -2.97331231363 2.30292202998 -2.64790119214 -1.54724829406 2.26190121321 -2.0265204905 -2.27568925994 1.78052871214 18
107 13032.2342237 -0.0374116931843 5.68922183506 8.8995570666 2.33998486109 -0.977367696658 0.0320815251871 2.65594821826 -1.08440192292 1.64621093099 -2.93781908781 -2.93801385134 -0.487322282613 -1.33970122877 -2.46493027628 17
108 13109.5450887 7.72039702332 -0.24378658446 5.86984160412 -0.174667186136 1.55100703269 -0.228660361036 -0.56495469926 1.79330280354 -2.59003079456 -2.05196669079 0.561428171743 -1.03227752785 2.26217227748 0.453341732047 3
109 13406.1497096 0.658914038679 -3.09134094811 9.46524029163 2.74522041095 -0.702544663199 0.406372861406 -0.721992027742 1.88306740995 -0.801793996563 -1.99669678543 -2.96240859439 -2.88832055455 2.82960054425 -1.40240037852 26
110 13446.7540578 1.99649915233 -4.53511596425 1.77981823066 -1.54440115786 -0.463011592393 1.74748611549 0.785336505594 2.34491181484 2.4371461205 0.423600781419 -1.41061760682 0.841241939584 -1.75067954516 -2.47778473524 25
111 13483.0586514 1.90443140032 0.739663323789 1.21350301864 2.07634038579 1.48030083966 -2.31772132522 1.48155839941 0.262553425832 1.31605015507 -2.31865064635 -2.88734384325 1.54839991515 -0.185471932814 -2.4513409865 7
112 13491.4780689 4.93233257551 -2.31883534545 1.68911399992 2.07841467801 0.355892011965 1.01236720589 -0.672096983965 2.90589105256 -2.14938293779 -1.14713696327 -2.06639751466 3.04530563489 -0.771295086716 1.13650913315 22
113 13578.3341267 3.41830019651 -1.50973953682 4.89283000167 2.37872581472 -2.667302156 -0.305805444502 -2.40889892407 -2.9620042812 -1.90030963246 -1.07079313007 1.47793564606 2.28529148804 1.8287068865 0.675702103665 20
114 13674.5765183 -0.0909372029528 1.29191304311 5.75864267032 -1.76491138326 -0.782479598444 -0.960971514407 0.0441536142958 -0.669758391417 -2.70850595095 -2.850381637 -0.285591541596 -0.826742635474 2.24305806027 1.33154926909 2
115 13733.8447595 2.2787987159 -0.0330200388793 0.883215255855 1.56018159282 1.61071064358 -0.567702093344 1.50434821845 -1.40754179568 3.12469948116 2.43196079534 -1.94599159011 3.11778291688 2.43824940127 0.745643656347 7
116 13770.3320288 1.31021199959 -3.92802318934 2.59643798085 -1.37373966577 2.52841092012 -2.79692787166 -0.548202812567 -3.04183859128 0.529903046587 -0.124161518181 -2.39302927906 -1.65071742559 2.55522110878 2.06514657783 20
117 13833.175572 7.99243554492 -2.605276469 3.8222978608 2.69840120505 -0.551190058799 1.1666382094 -1.38698389915 1.63182229961 1.52162994957 -1.10962287414 0.50881455653 2.67229899246 0.302380099043 2.26802387535 21
118 13895.284402 5.86865938709 5.7998985278 4.77056016043 -0.0784030492225 -2.50871249877 1.42862049407 -0.130299014429 1.96955631593 -0.70126378254 -2.39136595409 -2.295531848 1.17877164122 0.204635104919 -2.76512299044 10
119 13899.7790605 0.710457490759 0.157983162452 3.69422438462 -3.13156466211 -2.22248732301 -1.82957700927 2.04788271385 -0.144484130711 2.16453076414 -0.468704545846 -2.9068361387 0.857178104065 2.02606430575 -0.205734663498 2
120 13980.5677573 3.04053543309 5.5763759785 5.34214634392 -3.06337550322 0.925899911953 2.21507816631 2.05231473199 -2.22047710498 2.44463525443 -0.899096244032 -0.476349969186 -0.324038299234 -0.698568730814 -2.61000994726 11
121 14001.8779537 9.54677942884 5.43616111933 6.23042812429 -2.62100366065 3.07188775261 -2.54800586208 2.05004232955 1.28344571835 1.66558620611 0.448144885582 1.77085340266 -2.44908149905 -0.989684431014 -0.371949872106 18
122 14035.1559242 6.32903173679 -1.58459380117 2.98646035919 2.74246866229 3.06695548305 2.26039822058 -0.328837469241 1.55521099119 -1.6787113991 0.571251077011 0.104738129511 -1.74379680007 1.82080780926 -3.0968279636 19
123 14051.3795607 7.56393212739 -1.88301199541 7.85554722231 2.25360510651 0.787178516823 -1.08977277022 -0.802980240892 2.09016778399 -2.46247547117 0.760897586266 1.12567762671 -0.714759675808 1.11971314646 0.249827088059 27
124 14127.7748828 7.91107209385 -0.995686320335 7.67397359971 2.64297730107 0.983757794603 0.677004542002 -0.00769238671574 1.05970130521 2.71690403154 0.262325978243 -2.51934961668 -0.555862310879 0.582104254267 -3.07949321434 9
125 14378.5311157 7.06529953597 1.74093848383 8.69480754525 -1.20034891152 1.61057755945 -2.63996727374 -3.13239553091 2.06197458295 -2.16978567465 2.46012784748 -2.85322169212 -1.27360733683 -1.90966963 0.186144344269 5
126 14395.5240467 5.2052674758 -2.69606635723 4.13874885238 1.54508385076 -0.496096020818 0.159986026481 2.15830361006 -2.5682855793 0.495761382082 2.58044516301 1.39402223043 -1.32036679606 -2.85437933814 3.09722173226 19
127 14430.3770838 1.33753252735 -0.188007915964 7.23618601871 -0.630662556606 -1.79596124394 -1.65479336958 -1.21017667195 0.534913802089 2.36377383596 -2.29376593349 0.619171460684 -2.97317594686 -2.79603815527 2.94638524976 8
128 14493.5494475 9.65571596184 2.78869270476 1.61943496102 1.75312965249 -2.05874914258 -1.84725226223 -0.182026644707 -3.09287779083 -1.41275599418 -2.2949492332 1.26718426457 1.95748905615 2.74896498385 -0.46274251705 15
129 14558.5846829 8.92949609155 -2.73986685099 6.00950707465 2.28906701707 -0.541104768251 0.414675488682 0.128505554321 -0.356132890094 -1.01474762455 2.07079206694 1.26093930926 1.95935036198 0.981286876414 -2.58783358732 27
130 14624.50606 9.35814866533 1.98813039897 6.68015768035 -0.833140147394 -2.52663445087 2.18848178159 -2.43147831639 -0.815293114126 0.841532049008 -1.58952059196 -1.83661347302 -2.84423052718 0.0542994259892 2.53798494115 9
131 14636.4914673 7.85633766958 -3.20312237213 -0.542697655582 -2.88105796179 2.49812814338 0.660226058698 -0.341259726954 0.062530537072 -0.987740058519 0.790806686304 0.0142179033461 1.49568605607 0.398971943899 0.778668386383 24
132 14649.3764356 2.66821932215 5.78518023567 8.38938517512 -2.35136148381 0.845169974045 2.39724784134 -2.7675351196 1.12112659478 -0.380619064654 1.30835541482 -1.89516614545 2.37243064997 2.80974650589 -2.7254707796 17
133 14692.8555605 0.14220344974 -2.38278003185 4.06338862953 1.98752971681 -1.33728885695 -1.12498482685 -2.89956094915 -2.00082155229 -2.77973163436 1.66055761581 0.328422540564 -0.973603044586 1.44785544297 1.65613716008 20
134 14733.3601777 5.65836071468 0.373004749511 8.64000597304 -1.76307301285 -1.81102049388 -0.0632659557653 -0.547152578401 -1.06253923146 -0.805574652834 1.76666122366 -1.10901676619 -1.93717080535 1.27071310345 2.06019805839 5
135 14793.7218908 10.1448346932 5.44463559076 3.66131408314 1.84629342842 2.86438236532 1.65892422579 -1.2493771871 1.90387842531 -1.32459556696 -2.55209626501 -2.55522552789 -0.000290476421507 -2.02275924042 0.848751237461 12
136 14807.1677672 1.93892965209 0.645298897885 -0.993126986159 1.98610986436 -2.05288093622 1.41346584185 0.667974384655 -0.988709245876 -0.34775489116 1.84323110223 -3.1003771451 -2.31848089792 2.58757352168 0.0855107137961 7
137 15247.8400586 4.26735332113 -3.53785451575 1.75157178983 -2.99578149531 1.31072706078 -0.544159499476 0.925461874939 -0.214670491222 2.62031791137 2.48536910918 -2.23987805028 -0.705708861439 -0.240574740346 -0.325989042554 22
138 15344.7712844 0.465778348224 4.8408322911 6.85512433688 -1.8561141686 -0.751844111703 2.12774148127 0.353856924904 1.42773532837 -0.699696677699 0.29951237809 -0.111584251662 -1.34871502471 3.08614069088 -0.20757855202 17
139 15368.1218172 9.1069241849 5.66771916532 5.86827243888 -0.815598692536 1.40559508659 1.92163651855 -1.81129718716 -3.11466507852 1.59161907811 2.60094400995 -1.42247791691 -1.6638018241 2.85218293468 -0.40800931765 12
140 15797.2406901 9.14103487351 5.02188270246 7.75801266265 1.19885991883 1.02270042723 0.403387657003 -0.12813916523 -2.27538388465 2.63812520316 -2.02689328829 -2.26120362125 -2.07665151537 -0.255662348203 -1.19191728567 18
141 16278.9451026 4.71844187651 2.76101318118 8.50436534577 -2.38179279474 -3.0358814819 -1.34373756398 -2.34349938908 1.89107606652 -2.09418771745 -0.193857926197 -0.32620349995 -1.44956944314 0.092142100491 0.225427029643 14
142 16665.5096864 0.0758653418637 5.96390066509 7.82032405289 -3.00754262956 -2.22526965645 0.183578686271 -1.3877614537 1.06230311886 1.00837777189 2.04932528986 2.17448445628 0.483022704023 1.53402797216 -2.69886439177 17
143 16824.0591359 1.68434051919 -2.8533476643 0.133896472707 0.926017208854 1.47107801348 -0.298945159705 -1.42698153523 2.2768382668 -2.57926244086 -0.270871015422 -0.984449668323 0.918601033043 -0.0404856366771 1.94472532651 25
144 17037.690379 0.118730059197 3.05261560548 8.15759600863 -2.06879520043 -0.411340509788 -2.96440943355 1.94825424988 1.09387445398 -0.0451499700582 -2.70088953351 -2.48821256919 -1.44223426715 0.45102764978 -2.40160585116 17
145 17458.7300159 10.7539589031 4.45883495213 7.66558588829 -2.386046507 -1.73893192658 2.51513505918 1.91759401051 -0.439614030588 0.639347330412 1.51848110533 1.96071750277 0.402703108409 -0.653838150402 1.51204504019 18
146 17860.7004534 9.04780192864 2.1188592925 6.07752038168 -0.2859070188 2.44855909608 1.94221909359 2.8486959054 1.19036378615 0.675355204734 -1.46153408975 1.09631866606 2.10045642253 2.3978407686 0.88173326318 9
147 18546.986473 4.27912786933 2.24292105414 8.65969512168 -2.14376758203 0.341813791588 -2.75610144966 -2.11675457624 -1.07106464536 0.805497781508 -1.24269504474 0.389779844671 0.860935245811 -1.08531305107 1.11127257681 5
148 18994.444498 7.15466054044 5.36578827838 8.65613174125 -0.150721531333 -1.14191050299 -2.95966361583 1.23525592249 3.01142727014 -2.66241338105 -1.26486149653 -0.576821076537 -3.11413265478 -1.8200992494 -0.380056151108 14
149 19104.2583496 10.3996275421 0.687550418397 8.21383387314 0.411366879786 2.26919762539 1.80971402358 0.281038519258 2.98420289918 -2.34929455102 -0.0995637534381 2.56044875579 -3.1056481031 -2.18088290601 -2.57511091809 9
150 19994.2898385 0.59139300372 1.92460457548 7.82667906323 -2.35365313615 -1.41241999988 -0.826422385609 -1.90326744784 -1.12981146163 1.6352176405 2.24755048057 2.61277979383 0.731342937823 -0.21907959589 -1.4802349253 8
