 0.0507228143254 -0.406728528555 3.7662550725 2.88971215517 3.08758118064 -0.594160978602 1.41849364601 2.59881239057 0.125253535112 -1.44009441944 -1.19944528865 1.29832945848 -2.34171436557 1.38998792793

1 -112.951701586 -0.294541345214 4.79698635746 -8.41001387993 -2.93466457473 -0.150301504552 -1.4726299964 0.459529572097 0.244690859268 -1.25328864906 2.98856760643 -1.26126454624 -0.675818670071 2.67327704145 2.57775070654 13
2 1485.54424647 2.11096374232 -0.978214837703 -3.9864881118 -2.14145104113 2.11620042652 2.75694247681 1.20989543731 -0.0883266822677 -0.249618030456 1.82324191518 0.120436445605 -0.325607992005 -0.747986551486 -0.721904509873 3
3 1793.16293081 -2.86978506146 5.55347676757 -7.13835978028 -3.03723553659 -1.61241227499 -1.07415744741 -2.89399400924 -0.815563774233 0.735790955452 -2.18854616721 0.832671088538 1.21001123846 2.17338031101 0.599058100946 16
4 3257.48762781 -2.54752999644 -1.21129550272 -3.42821542648 -2.33939239496 -1.58830618296 -2.10979766225 1.36966723343 0.710472482393 -1.85371876033 0.0117406326218 0.306975411615 0.718358281732 -2.92647947936 0.226614932234 2
5 3288.17490797 -1.76003386135 -5.04172248122 -2.44506971812 -2.69681254351 -0.0863837611871 3.10135025924 2.0289630084 1.87166431119 1.39785124939 2.73250940393 -2.80421660323 -2.17308274171 1.09414888209 1.67461256432 19
6 4096.39444158 2.4729057872 2.38495471676 -7.91706211546 -1.91953849397 -1.78888426325 -0.436127699794 0.558068111085 3.00916312785 -2.75490461248 2.03346038068 0.756857216617 1.94467278346 2.61489665107 -2.25214903641 15
7 4107.3886421 0.354440813186 -3.93490072651 1.37947982708 -2.90064844398 -3.02471388151 -1.04999350586 -2.09682812846 -2.8197255378 1.25369608956 -1.72468716217 -0.714263275623 -1.42179478934 -2.03812604438 -2.31414679064 23
8 4171.71748687 3.52900014314 -2.75082158014 -4.51838983898 -1.73215274362 0.372101988532 -0.184265534456 1.9331256066 1.02415065155 -2.55755762003 2.9087214334 0.724929673449 -1.38574274374 2.18174227766 -2.16890586093 21
9 4243.84137524 -4.69535938154 1.83038658746 -6.63461045455 -2.97467588171 -1.18898847713 1.35545897316 0.0777826850045 -0.328380584739 2.50742722824 2.49467985808 0.784529512808 0.00436554835279 0.608802960174 0.839853516985 7
10 4463.33572818 2.58143004629 -0.760092833836 -5.88110473401 -1.79387493307 1.37395140037 1.27726019996 -1.83349207858 0.797247890883 -1.63359368774 2.68872591419 1.82162083544 -1.89176322979 0.586302384235 2.3415774263 6
11 4809.16468226 -0.70771295543 -4.82755535958 -2.76332381302 2.98628882103 3.00015684385 -2.74443318962 -1.28727299948 -0.121334320583 0.182580736177 2.01607251833 -2.37236544762 2.78055467399 -2.40081986732 0.716555345833 19
12 4845.42973555 1.0349045898 4.71338616622 -4.67145299778 -2.89920600612 0.677130319807 2.45786342988 1.83117912234 -0.692066873641 -2.39161063592 2.72125450036 0.638006710858 1.61926592008 -1.63359096074 2.06096578243 10
13 5004.00727518 -1.87635516168 2.68173229183 -8.76224933067 0.687658030682 -0.196075083807 -3.02307243953 -0.864800570322 0.016775465584 -1.41507784242 -0.58437923057 0.844211052113 -1.03659319075 0.3842594786 -2.18723984622 13
14 5136.79677365 0.630296663734 3.90224534997 -6.10040063666 -2.95050811451 -1.9969891718 -0.613065856063 -2.47790042714 1.89673908778 1.33926946525 1.29920939952 -2.36387605879 0.909706263485 -2.50055607749 0.724927900096 13
15 5190.63632402 3.40821852578 1.24109361082 -9.03700600644 1.11002002937 -1.77670013066 2.5295282816 1.35301681336 -1.81213925848 -0.865577643198 1.26450724256 -1.0195014976 -3.02147411167 1.77070015882 2.57283297357 6
16 5206.49154186 5.07273732923 -1.1097223697 -5.42973485836 -2.22344329028 -0.95045315679 0.750957944685 -1.6892055093 0.192617328954 -2.25920018717 -0.0706403824724 1.84845287759 1.4192693217 -2.62756138035 -2.32765115208 3
17 5468.80310243 0.745837285463 -5.0650616901 1.51219733623 -2.87556526334 2.3531516345 2.12305991818 0.83308217316 2.63492475842 2.93382424234 1.16006605269 0.643339316614 -2.38965693684 -2.91458279501 1.03687488273 23
18 5569.5934014 1.5948838292 4.23351168812 -7.06063631649 1.77367956177 0.432734976816 1.8783890718 -1.16412826428 0.127663428401 -2.5424238431 -0.359889503732 2.21823826006 -0.461174262882 -1.54872277976 -1.28244160668 13
19 5769.26333682 -1.8806710009 -4.68548171986 -3.772386538 -2.25429200258 -0.513973956403 -0.173854741958 -0.957046936704 -1.61750973495 -1.14450983813 -2.78674528489 -3.02158908437 -0.44739986038 -2.77356819336 0.400285346181 19
20 5900.7840754 1.25480264136 0.194513103216 -7.65432934653 0.70786000143 -0.852817503376 -1.86092293792 -0.669937952694 -1.21241183439 1.00833725158 -0.434043694953 1.54416248547 3.02849927728 -2.90682904841 0.785540021949 4
21 5924.63034879 -1.60889521373 1.97990411624 -4.77302335289 2.88807204435 2.85965882129 -0.604968972059 2.64832759697 -0.75713058019 -1.84615851056 2.42811175434 -2.20713142193 -2.93811540939 0.722265667655 1.76710475001 1
22 6020.24096478 -1.71452383531 3.19948684494 -8.49132134408 -1.47339809192 0.950856405729 -0.946838363781 1.19315150282 0.790476272119 2.56556779476 1.71771737323 -3.01265895022 1.18657308923 -1.50981851142 2.71532292537 13
23 6203.49350395 -0.896948314872 -4.51956173091 -1.10606059667 -0.789460011592 1.21050839852 0.566457814493 1.20304449882 2.76769703589 0.721367433266 -0.261807255115 0.0326482255841 2.56886301764 -0.725087571957 1.80057429744 23
24 6230.59911357 1.45561576676 -0.41721384659 -8.67649696908 -1.64336441881 -0.593579366178 1.95939159725 2.7310744392 1.4392724595 1.13214113332 -0.0667481346174 -2.99524110918 1.76112303086 0.103381779528 3.08574483019 4
25 6679.91754829 -2.06128370038 -1.57461308449 -3.96168856717 2.86684367267 -0.55136082224 0.991279254101 1.71118421256 -2.49285535094 -2.43228848743 1.25275682735 1.47843941001 0.0308444106431 0.338208196499 -1.4376258496 20
26 6765.15716378 5.37531733695 4.69014947027 -7.68663025689 2.80646977672 -0.0581276612197 2.58645463873 -0.947059677942 -1.18403048592 1.32612667976 -2.16268424324 1.35759888335 0.583477971825 -1.03736658528 1.90427316713 15
27 6784.49141263 1.2995207389 4.81861442205 -7.58354518745 1.65345145075 1.4089139899 -1.10056978466 -0.345544915701 -2.39143297383 -1.38199940715 0.576417686553 0.502849840273 0.656250117664 2.19219928782 -2.62481985164 13
28 7015.31244562 4.71999881335 1.98455353553 -7.62488976862 -2.25862464871 0.378002327088 0.211691536751 2.51805331953 -3.11924773699 -2.92568003149 -0.065230666231 1.27993727748 2.5539529858 1.88073577406 -0.801796095695 6
29 7047.41680946 -2.07523403232 2.83989209312 -9.12463292049 -1.24660000138 -0.907589605753 2.28063527074 -1.91117340661 -0.627807107231 -2.79906236828 -3.01420663282 -2.3979964006 -1.24034173702 0.847082043012 -1.03814347745 16
30 7270.93081237 3.88227888636 1.49423643816 -7.88172283978 2.90148603282 -0.994336072726 -1.46906984735 2.40341561621 0.229463264883 2.98466621426 -2.40716872291 -1.43087463061 2.87828563535 -1.16286141461 -1.20498327008 6
31 7365.82730988 3.20881724415 -5.01536065653 -9.14407746896 -1.42517174939 -3.06515632057 -0.539996491028 2.36987533403 2.08539158171 2.06708475743 0.777600722918 1.14404722344 -3.04221494124 -1.87136269405 -2.34042900308 24
32 7397.35173598 -2.0118791845 -2.34069098752 1.19843293524 -2.49889362629 1.38626028886 1.99601313388 -2.91087409256 -0.869268241615 -0.14575830755 0.676860645488 -3.01022234787 -1.15938004686 0.371538997312 2.04682218237 26
33 7410.68442787 1.65579351732 3.28531475475 -4.04751149339 -1.4430157061 1.83136921547 1.15486088223 2.40377325864 -0.921266817367 -0.316498598233 -0.00559219973376 -0.0659972429546 -2.44147065631 1.4491728012 -1.1726185765 10
34 7411.1649073 -4.72712916727 -2.31822782456 -3.77654511242 -2.6110372064 1.37987828875 -1.73750880479 1.1675459148 -1.21434030037 -2.57919495394 -1.48304661113 -1.4743283706 2.98777415044 1.84142101491 -1.49410977053 20
35 7455.38825124 5.40246341728 -3.45389189794 0.16071884357 2.55097058156 -2.13128493319 -1.61570307509 2.48277478322 -2.767227709 -1.49195063672 -0.00779933784478 2.6940982903 2.37624172934 -2.97044466784 0.152808857138 27
36 7483.46595188 0.601089625168 1.35910488513 -2.97674326444 -2.00564067174 0.599141677636 2.16001338925 -1.36514558608 -2.04548184855 -2.93828387851 -0.644787828613 -1.69343383739 2.28539799267 -0.382976468725 -2.34983007232 1
37 7537.21591304 -5.34638073231 2.01047374076 -6.72711219784 -0.321330073315 -0.66531030364 -2.96331742998 -1.20968021759 -2.35440926447 -1.46034264519 -1.95904215893 -0.507699262342 -1.33110686548 2.63017339621 -2.26403003565 7
38 7579.1454643 -0.114158226683 -0.222392296599 -0.672888306569 -1.40226289967 -0.141064302444 0.473417963027 2.69339853606 -2.36954471249 -0.634462264317 1.61075167504 0.0439953535042 -1.87640826197 1.73345855045 -0.18581783385 5
39 7603.52048122 3.19971595161 1.42786758671 -7.85984357178 1.58587946903 -2.61363570404 2.75793645291 0.807195164678 -1.58200686338 2.21239396312 -0.843811115655 0.429362889996 0.417648919379 1.95077391289 -0.874326950203 6
40 7618.69298594 -4.90622175049 -2.01060927275 1.69724472331 0.706944615628 -1.00860480229 1.59421964616 0.399961003318 0.0881692654204 2.08022686734 -1.98707393046 1.87114212622 -0.398155435014 -0.596550850521 -1.4674059777 26
41 7693.48488334 -0.820674010528 -1.98340006023 -6.69072000943 -2.88169616866 0.0253149912577 2.14512570567 -1.96824512192 0.0100269842112 2.82464476774 2.42772535392 -2.51202399838 0.494891401534 -1.62935981009 -2.65856925292 22
42 7732.01922078 -5.12850103402 -3.52785218233 -1.21793925399 -2.01664620835 0.527842903817 2.97553589366 1.90329596297 -0.180709323343 3.11865563073 -0.172485931042 -0.168746905527 -0.565858733338 2.64071907212 -0.698509004563 26
43 7823.56568858 3.08476764495 0.451656695385 -4.31307523049 -1.01618168926 2.08828975865 -2.58315833839 -1.18412242717 -0.48929486328 0.537508802747 1.39064240784 -0.979990372669 -2.49059474038 2.92276571078 2.11766276601 3
44 7845.18113614 -1.29788793478 -4.39606724972 -7.45459278011 1.58011833799 -2.59668858537 -2.71658392291 2.34061657307 1.50464044858 -2.89377280835 -2.43450211322 -0.965564975738 1.78344184082 0.097072238075 0.144637796613 22
45 7872.02307493 0.223891827871 -3.18691466059 -4.03254810443 -1.19954188543 -1.21922137225 -1.1748801715 2.9198419411 -0.966787372724 1.79774143089 1.91816659451 -2.09898374014 2.78558984083 2.21040279818 1.74399136574 19
46 8128.89247403 4.13956903444 2.66928817363 -4.8779693125 -1.33951565124 -2.5714364092 -1.64467031102 0.525319904774 -2.46212103754 -1.38458236448 0.387058335652 1.43823844148 -2.59019243276 -2.55449014727 -2.55507157197 12
47 8228.02719435 2.36353081551 4.74359181585 -8.10402174202 1.5307496379 -2.71450584763 -2.15005885117 1.78728824612 1.05397037587 -0.904435581183 0.0384974811629 -1.09718758305 2.52722101409 0.608486874144 -2.8202933142 15
48 8290.13347971 0.687346329577 5.31068349301 -4.75493649577 -0.381362191148 -1.30032613499 -1.07797156363 -2.87436131589 0.483370726563 2.4876065698 -0.773964858369 0.675612566066 1.78501962513 -3.0717490416 2.74603986527 10
49 8332.69477537 -0.416429500303 1.76089339158 -3.08714866118 -1.26042485853 0.754799471108 -1.08055215889 2.38780540084 2.150502123 -0.0710521448108 0.410784830569 0.962853472363 -1.14865619959 -2.25067438671 0.618487612707 1
50 8334.17382314 -0.428181794249 -3.42853505485 0.625447393575 1.11897228492 -2.55027886582 0.0679250138445 0.289834474442 1.47949101204 -1.88518756452 -0.0757065533615 0.886747580818 -3.12889661533 -0.957423665416 -0.808596302746 23
51 8366.84902484 -3.77790234056 3.91073615084 -3.85663103764 0.897068304281 1.02170399819 -1.44380438002 1.48508376805 2.80553343872 -0.591589825653 0.669348618089 2.03405695101 -1.52872158002 1.8895122846 3.03658766153 11
52 8619.14086936 -1.33075033294 1.9554823098 -8.70564979075 -1.04625700658 0.27860972552 -2.0634859305 1.90866662537 -0.636228606432 -3.13842931394 -1.19824305177 -2.97451296848 2.87129034347 -0.409646844332 1.18710450072 4
53 8668.61113515 4.33042119175 1.82145328093 -6.91821147234 2.80472954415 -2.15918303677 0.789430058745 1.46099377536 2.48320329673 -3.01247853667 -0.391052662574 1.92892166941 2.32028249968 0.782602080493 3.1094099394 6
54 8751.32343809 -0.42288970893 -0.563163989529 -6.36788787973 -3.1154939426 0.606870987458 -2.70489935091 -2.73588655064 0.701126136121 2.59443893823 0.642498441466 2.18922146666 1.60025786815 -1.52872046428 -2.6341288098 4
55 8910.87117192 -5.4360192442 3.72432689494 -5.94524470788 -1.67516722535 2.97836357543 -2.29641776741 -0.65719434397 -1.35995162824 -1.49323890022 -0.80414648474 -0.459904072205 -0.379112926881 -1.8394196329 -1.73885301787 16
56 8957.71371261 -0.0996039644974 -2.87708891509 -7.65395567128 -0.502633915176 -2.07760802921 -1.9825077476 -3.1054647429 -0.280941244893 1.22895319402 -1.95978603829 2.43532398349 -1.38883993381 -0.475971535523 -0.0357883436046 22
57 8983.87947267 4.01236691776 -3.51225276457 -1.81347621 2.54257825087 -2.89900191801 -0.0190949974458 -1.12242132512 -0.419377358678 0.136292779944 -1.54062139083 1.44196587603 0.103410282442 -0.624500222144 0.229060296121 27
58 9005.88723912 -3.95744086785 -1.58373618839 -4.32004875327 -1.71987641711 -1.16471105267 -1.84675696475 -0.464040147277 -0.856989956632 2.42913435705 -1.45691408323 2.96237785706 2.0497270645 0.540318353269 2.69759485215 20
59 9060.61294676 -2.11060179746 -2.38217372833 -7.65541791643 -1.56288808737 1.12166259608 -0.60533265139 -1.44686041824 -3.1258828996 0.421260253794 3.00311584181 0.819968534722 -1.68356046643 0.830347939309 -2.60452849885 25
60 9150.36255021 0.76912235306 -2.48920014438 -7.34791598484 2.99762497156 -1.33604879355 0.36654502509 -0.348155499737 -1.97240491085 1.96637661331 -2.88860137494 -2.26246845167 0.0493587906106 2.70013616133 2.18700936268 22
61 9305.16606378 -4.21488917288 2.03898986116 -4.40210462769 -0.972694026491 -1.12596486078 1.62752763703 1.22202525095 0.0693035405889 1.10583451461 1.30778368622 -0.830461450351 -1.69513771518 2.13297109156 2.56133799086 2
62 9351.5799775 1.56720537935 -1.28193675625 -1.07420793044 0.748803043126 -1.19488210466 1.16626190506 2.09253582361 -0.117301687252 -2.45431054633 3.11992941598 -3.13531722293 1.78099971066 2.16881524777 -1.0263621476 5
63 9361.29386008 0.75527772719 0.424003132916 0.453773209606 -2.0629790334 2.96078839949 -2.86928665133 -1.25470752034 0.649767945746 2.26715553289 -0.139489490188 -0.506649807942 -2.55916580385 -0.145965907727 -0.121824440107 5
64 9442.10343745 2.88995083691 4.07131460916 -4.47179894421 1.17570209704 -1.18332657924 2.7611603549 -0.987172915038 1.76542951835 1.71187239361 1.02985951332 -1.92710500759 -3.11478976933 2.79760295494 -0.0285671111426 12
65 9490.64616349 5.37145371611 2.4816668154 -8.79438207332 1.08653341133 -2.84573835843 2.09432986927 2.74907337857 1.67457182209 1.48474368536 1.17353230409 -0.815144365186 -2.79021258168 2.80766821348 -0.0734218254963 15
66 9534.9222945 -3.77416677392 5.13904484817 -8.21138991744 -0.534402286944 -1.44258447681 0.559973632126 2.15918669309 -2.39336203313 -0.260315848541 -0.108577230423 -1.05207582604 -0.193298696397 0.610300405187 -1.54928811532 16
67 9665.10312045 -4.24246359078 2.35794641569 -4.537638644 -2.71678912489 1.86317912196 2.79805693463 1.01755493267 -0.79657656923 0.772545856925 -0.782941627569 3.1116439594 -2.50428702375 2.44350831861 -0.636710413452 11
68 9690.30864101 1.43833558721 2.92751544123 -3.34359890457 1.72571251831 2.6225643263 1.38573853471 1.3702723143 2.47050938437 -2.58986719921 -2.38695598929 0.155032887438 1.00471069676 1.99259803142 0.430389479437 10
69 9879.27537335 -2.10106165699 0.845650351652 -3.79541677184 0.671054386352 -1.69875753616 1.36837588623 0.822178416532 -1.49311069883 -2.76040908559 -2.07611558109 1.59787083625 -1.43559639095 1.02094394851 0.842424410279 2
70 9916.45648082 -3.13681785824 1.3645257335 -7.30406188244 -0.42398963602 -2.72179933348 -0.480865970076 -2.91746615638 -0.0689844329083 1.68016222527 1.62238282707 -2.14304190601 -0.445687811914 -1.64491913435 -2.65740069441 7
71 9948.91861577 2.89951265111 5.5698577358 -3.0928464368 -1.90747786431 -2.44016943441 0.221769895628 -0.275518618083 2.80037780897 2.17765080587 -2.39468591578 -0.572078380491 2.47274907979 1.80426896604 1.72327109904 12
72 9953.87496758 -0.195560932938 0.560337104343 -3.8373119264 1.75018650409 2.4858348034 2.30522329275 0.35951622256 2.89745579184 -2.3942716023 -0.543439553607 0.621584395739 -0.63655151876 2.1263771536 0.242529756763 1
73 10081.5275644 0.636220458492 -3.26701198081 -2.94011514346 1.79462999157 2.67782201772 -2.85301982808 0.440626586825 -2.7564760309 3.08086098895 2.82875782159 2.2668202432 -2.73718224138 -3.0060313028 -1.41327721028 19
74 10264.0085809 2.95055519713 2.77448104098 -7.6877102797 0.565750046785 -0.691019719908 0.766903534072 1.11855617705 -0.977088233717 2.08594295963 1.44133338314 1.97370229005 -1.37001891589 -1.64956627311 1.30483564649 15
75 10305.4158681 0.503102242525 3.50501550544 -1.12706121189 1.83180223012 -2.79536965687 -0.141271260872 -1.65900655068 -0.702843723164 -0.0224085636993 2.66917424856 1.48735551494 -0.0323704930372 2.33191922188 2.21740513778 14
76 10382.2098417 -5.29748761827 0.416790172874 -6.38707894042 2.91592549498 -0.49796833259 2.50998049881 -0.806360197493 3.02032440813 -1.76600321408 -1.23734083867 -0.236290776113 -2.06560513092 -1.69040244876 1.75299616129 7
77 10430.0399469 -5.40776511944 -2.93227917135 -3.09279311479 -2.44967504687 -3.03709811818 -2.40476921385 -0.0412724869461 -1.56842133375 -0.0321076035964 -2.0517549715 2.1209234338 -0.162803254033 -0.860685048969 -1.7343185805 20
78 10485.2199854 -1.776924623 0.503002874296 -2.54104698388 2.84503168069 2.59091513355 2.37755756455 1.13340863827 1.00461525209 0.656813631986 2.13640771364 -2.13810057854 1.41374050201 -2.66307813363 -1.74170300785 1
79 10492.0566968 -1.47356408259 -1.68353471036 -1.26826569617 -0.367164026845 1.28149702989 -2.25460884404 0.0482727828671 3.01348598782 -0.329431277485 -0.124758712851 1.93116806191 0.286356655915 1.18287921105 1.60821431055 23
80 10540.1893171 -4.62959402492 5.46449410051 -5.45018789202 2.50067491333 1.37270811107 -1.15111754177 1.17961980887 -1.76343318138 2.01966082542 -3.10720808759 1.51832416218 -1.2891065899 2.99428105085 3.03058608088 11
81 10567.1230693 4.80816739857 -1.56480312964 -2.97328478326 0.375656447578 0.557250960024 -2.86277443273 1.75092089641 -0.757363788895 -1.82413071455 -1.76777290123 2.39196883426 -0.0352684130805 -1.99070312756 -1.39693238897 21
82 10612.3597799 1.98719315966 4.76191350216 0.122035513914 2.57020747241 -2.80229975552 2.1521507179 1.45792773716 1.64348755976 2.90852621332 -0.91418502006 0.0196589926633 1.13085563195 -0.113383813286 2.71649287426 18
83 10690.9587281 -0.768033960294 -0.2455734929 -1.01663600209 -1.46073947874 1.59703327731 -0.648423605696 -2.42114817644 2.9929579301 1.52528802563 -1.11796318458 -1.82346562499 0.790602184671 -2.37234907205 -2.05453259264 5
84 10706.2948201 -0.0706341642624 1.8692782178 -7.7987103263 0.282909262491 2.99539545588 0.054805780581 1.63678077286 1.74822458673 -2.96231600504 -1.6764519887 -0.0698843009675 2.24767296951 -0.978772780514 -2.17498640988 4
85 10973.7368501 2.23053288364 4.24788308545 -3.53856166304 -1.36583332304 1.21350604291 3.13023670838 2.66434329623 -1.61264097572 -3.12621752822 -1.56501133852 -2.54467031202 2.88171209275 1.24037465077 -0.535717495224 12
86 11066.6003761 1.93906337979 0.977094742233 -1.37344181911 1.85696852611 2.54592499032 -1.34248510839 -0.197942733348 -3.10944211618 -0.649678574515 -1.77996443541 -0.325131692026 -1.91607398449 2.61246039139 0.490014574317 9
87 11168.3662788 2.1678104838 5.25497461966 -5.54866130589 0.836452591523 -0.497647867099 0.0694067497232 -2.94019187967 2.31969969428 -0.304101066685 0.643692320206 2.34043175783 -2.41516268662 -1.99872985327 -2.92407860023 12
88 11287.3883739 5.34142900516 5.1699626566 -5.72105860265 -0.493637169364 -1.73204512504 2.4676400611 -0.418084278644 2.27218244897 2.73020216169 -1.43185261995 -0.834244423932 2.0976100929 -0.909041101737 0.922868754187 15
89 11308.9959631 -1.56737294084 4.9784517627 -3.1968106289 0.270562020823 -0.181034706092 -1.47545195246 -0.843692093485 1.84919715457 -2.887093269 -0.0315170542642 1.15575495364 -2.28490867603 2.16142755696 1.96605818859 10
90 11461.2491509 -3.27773136335 0.167983367495 0.342030109274 2.2145871312 1.74591840382 0.865216232678 -3.08369449704 1.36844619756 -2.40685902179 -0.266159074109 1.54571521276 1.25018132201 -0.950016211231 1.14764972538 8
91 11464.9788605 -1.78033777392 -0.166959363171 0.517461685437 0.151211719206 0.356130972903 -0.331063558489 -0.212637351233 -1.45260790102 2.70215932316 2.99862769497 -0.600782517128 -2.15356335284 -2.71003114352 0.741692127127 5
92 11493.2117742 3.25330545658 -2.88346328243 -8.47818348202 -2.74244020512 2.00599779123 -2.17506749644 3.04242143375 -0.44708195955 1.12883779325 2.27725514989 -2.79801124645 2.99081530647 -0.0349016041496 -2.95015059335 24
93 11508.6656056 5.11592566898 -4.56390079559 -3.44852544601 2.38261281105 -0.532750142973 2.29630676683 1.40932171603 -1.99449257911 0.0966043834197 -0.0928090297714 -2.57906754778 2.9458473519 -2.18664717043 2.55183614094 21
94 11546.0924451 4.56621001475 -4.98698002259 -0.271782316757 -1.07240625585 -1.32090627875 -2.4805214451 -1.12309855705 2.29722268005 -2.96631742407 -0.80487279402 -2.16232166127 -0.469721462811 -0.988153426179 2.48512601125 27
95 11648.6059232 -4.31915803526 5.86074363591 -2.82424423599 1.35582120306 -0.607213647634 0.536323786589 0.271132754732 -2.01814136369 3.02925055625 0.176366035747 2.47482220262 -1.25902209841 -0.1638329075 -0.171268643989 11
96 11814.0155827 -3.71972516782 3.9744456263 -5.47275928045 1.42445896466 -0.229673772627 -2.04791586058 -0.339097721202 -0.601462393626 1.38176913488 -1.62565790615 2.52138288524 2.48015233766 0.663774477373 -0.155380278413 11
97 12092.1515026 -1.30689054922 3.87711865068 -4.43093856231 2.12194917161 2.07981662618 1.9842851286 2.09809237885 1.91920147942 -1.67884239336 2.49649654952 2.70467065545 -0.146255940728 1.96692241873 -0.724362429855 10
98 12273.4183873 4.56211400727 -2.0388410471 -5.76735383126 3.13851746078 -2.76022581295 2.03679890058 -3.03183916832 1.54820557436 0.570312557551 1.38508882633 2.36805994285 1.64358805946 1.39357799212 0.0246439945487 24
99 12368.5207256 -1.72821446498 0.681570313822 -0.0571797291273 -2.91589159747 -1.28039662027 -0.121882766454 0.925087655922 -1.36942278152 -1.42545088405 1.08967430268 2.15483776938 3.07459669858 2.00516957565 -0.709577783768 5
100 12512.9775125 -2.64057723399 -4.12667960869 1.22308431042 1.86695440056 2.80007011833 -2.92801947993 -1.81161773624 -1.78850595328 -1.01097927331 1.97701614499 -1.98384364209 2.01631156877 0.141857342436 2.79926809048 26
101 12571.4358564 -3.43446900649 0.671749572217 -5.61942806543 1.14402948642 -0.678763499753 -1.98664414247 2.04710405525 -0.281649232745 -2.80964162979 2.69410086343 0.158269222646 -2.6205568761 1.38936154067 -1.81918417772 7
102 12722.0611134 -4.31636804885 1.74286098202 -1.97948653036 1.3427426655 1.81177165911 -2.67553103488 3.13782772783 1.72067935233 -1.86485255157 2.24675378343 -1.94875926659 -2.29433547663 1.74563374133 -0.608062382486 2
103 12772.4765686 -3.63310257338 2.78195097111 -1.31773449329 0.950697225167 -3.09737450753 -0.543091588726 2.81635900804 2.31815291365 2.76490616783 -0.19348458395 0.295948941985 0.642883408946 0.368809069855 2.2225974315 17
104 12814.2833788 4.05688401307 -4.1246480424 -9.10348143745 3.11666697415 -2.32500509696 -0.0116771739507 0.108161460674 -0.917931083766 2.21301021281 1.72262633185 1.23702758657 1.98387297657 -1.72262887288 2.13258814125 24
105 12955.4806485 -4.0189559613 1.78550308501 -2.50239350063 1.34790810955 0.521730085379 -1.76781774692 -0.52588995495 -2.81622433679 1.16822801822 -0.0446678361499 -1.73692119923 2.5350062503 2.41313819942 -0.605723716641 2
106 12962.4195597 -1.71679831652 0.538225098157 -8.66481923681 1.56154248487 -0.343935562097 -1.00123537166 2.64355607679 1.83118997701 -0.289004196935 0.816814703184 -0.228147181407 -0.0423366681321 0.488306698874 3.07757119132 4
107 13067.682447 -3.98294355597 -1.15342086092 0.506206513519 2.31434284698 -0.327523923141 -1.70355045192 -2.37199899269 -1.385978716 -0.358457379962 0.478786430031 0.633223776727 2.42165834263 -2.53142977303 -2.35186800508 8
108 13077.518087 4.44188027964 -1.13941899044 -0.500435826642 -1.84369066762 2.21842342587 -2.05334577795 -2.06857637318 -2.98267006613 -1.72358238358 0.304971120708 -2.92200076317 -1.446424826 -1.51343837692 -0.730591496743 9
109 13326.7960952 4.51137979206 4.70473044025 -1.12375143461 2.07925749069 -1.12657170355 1.43698010444 -1.30177461291 -1.31592046301 0.166380911804 -1.3142387985 0.423719858354 -2.38416761783 -2.23381741318 0.522433504387 18
110 13349.1541219 2.34997808436 -0.249038533929 -2.15455738128 -0.357491721519 2.56272312458 2.75556210928 -1.70927205473 -2.57418677049 -3.07065544975 -2.29178715623 -1.87504411292 -1.03797192173 0.201477626499 2.40718503788 3
111 13388.9433117 -0.923323205124 1.09150685224 -2.87388494229 0.22377610739 -1.39259309733 -0.820004337122 -0.389608524488 -2.62933421929 2.34349467452 -2.23887658204 -1.95005842284 0.076065042765 2.17636707636 -2.91617682068 1
112 13516.0314941 5.13408844781 -0.741854478509 0.445045915495 -2.24344815159 -2.83256951001 -1.36954055592 -0.613933777714 1.82250095959 2.51706033747 0.172184742857 1.22793629106 -2.35001667964 -2.82592727961 -0.0736351811169 9
113 13528.9067991 -0.0822249640302 4.7903902339 -1.52312438518 2.92576925305 -1.60669474057 3.06439263159 -1.71510193889 0.334634389311 -0.364926706533 -0.134844294771 0.753830489061 -1.2242396504 -0.969978242356 -3.01838447836 14
114 13578.9535073 -5.08267461707 2.49614494298 -3.33467904176 -1.86795008832 -0.714080782773 2.3571404186 -1.81188097464 -1.8880765635 1.44802109473 1.12048461536 -2.95477446256 -1.20896149919 -0.879277139459 0.746870874746 11
115 13762.7071338 3.44358933525 -1.99697593017 -2.82683651021 0.644446666061 -2.42612472129 0.592530248513 1.76146245251 2.4345667023 -0.518289022683 -0.767482643898 -2.55319874756 -0.206224790902 2.16257179045 1.04193012145 21
116 13929.0838247 -5.43476974421 -4.30592714794 -6.0519643325 2.85964369138 -3.02357055657 -1.97603510113 -0.612939298834 -1.39846509016 2.13016787466 2.06111457599 0.610885313268 -0.120768606945 0.719072996817 -0.232104475304 25
117 13994.0240513 -1.62146868692 3.31682439298 0.295942675316 1.592302269 0.938346323519 -2.34357197724 2.33755519588 0.625740188753 2.60850455971 1.48650351987 2.41564591524 -1.96317986089 2.73723179471 2.43263870267 14
118 13998.4480491 -5.04213086746 1.8486516169 -2.29242802888 2.17476824234 -2.98815571828 0.925647616718 -1.09337238834 2.50089092666 -1.50377675112 -0.595550025529 2.61833365011 -2.88367191044 -2.07920319372 0.455785298744 2
119 14040.6807644 -3.80519373897 0.243716793175 1.09269942242 -2.70011497671 0.561140088565 -1.30148004024 1.7875182463 -2.35309848409 -0.547014303384 2.26465216742 1.30879403631 -2.34485638853 -1.72913577223 -1.95159009245 8
120 14040.8173125 -2.6557989355 -2.1131952164 0.27074779207 0.0251854790635 1.57665901346 -2.46226903851 1.98380689485 1.27265367292 -0.743020026412 -2.89057579455 -1.26552751316 -0.893109286313 -2.52819071489 2.62849321982 26
121 14048.6417646 0.585974983485 -2.47596387732 -8.34361464822 -0.71967336739 -1.29665988601 -1.10407748453 2.42438647139 -0.487485929795 0.730115405043 -2.34393803177 -0.751954364921 2.43539425685 -3.01328038639 -0.359021830288 22
122 14075.9851834 0.79079899489 3.80959232186 -1.84744220848 -2.59718728923 2.75137073756 -1.69286071305 0.370876839313 -0.459649457025 -3.02633708824 -2.77288321028 -2.38618169126 0.491207321116 1.2467881132 -1.47890979421 14
123 14285.8448378 -3.72454853314 -3.82710302575 -8.64244957191 2.01354947013 1.38627063491 2.62307565042 -0.476095167934 3.11674077199 -1.3659310061 3.07291941212 -2.58844228434 0.228101948934 -0.717130712791 -2.83710986378 25
124 14342.8951861 -4.0830496841 -1.74082060866 -7.34569115223 0.0517371549623 -1.96372058921 0.297271982874 2.18359935045 -2.48832536016 0.276663389141 -0.413160395342 -0.169795357194 -2.07671637022 1.24923729128 -0.0371919379949 25
125 14366.1392857 -3.40829716027 3.63005348375 -5.68961846753 1.57641134267 1.96113716128 -2.02169545872 0.861663822356 -2.32529544818 -1.76890643138 2.19776864107 -1.38030946178 3.04811798882 1.14263558751 2.59145561285 16
126 14497.1662779 -4.04713322077 -4.23674404092 -8.53068660394 -2.0038020682 -2.15716714441 1.55793611077 -1.51566574152 -1.84196191024 1.73108697042 1.2399116104 0.515764756886 -1.45879937246 0.854114523303 0.940209968071 25
127 14519.3915738 0.380031588701 4.83443635683 -1.59590068066 -2.5672561802 1.71067054587 -0.795214069437 2.58840848208 -0.696248743105 1.91579663491 -2.41695847941 -0.7270359071 -1.56507422417 -0.257615100741 -1.27789582343 14
128 14543.3043558 0.337210781821 3.40579662367 -0.266196104461 2.44212670334 1.38552353029 1.67772008749 2.61858647962 0.460853596996 -0.852530262106 -1.96952869076 -1.06459454754 -0.151565040018 0.524592163226 0.661502611405 14
129 14670.5105495 2.28386100704 -3.28562098875 -4.46765175858 0.76671223585 1.10492613082 1.65892279401 -0.404678629203 -3.04147948077 -1.04535733217 -0.0457023733342 -2.90382288997 -0.314916664997 -2.854223715 -1.16950166166 21
130 14733.3379892 -2.88330409455 1.96047557001 1.34680843296 -0.341660592608 1.34366786926 -0.642610852976 1.78927546618 -1.41304518979 1.15943178913 -1.25742929191 0.740379563694 -0.446700316947 1.89351170189 0.186021162023 8
131 14820.6368138 4.18284952089 -2.95811884766 1.43686556277 1.39938106516 1.90101491042 1.86585522732 -1.58050800127 -3.10889616742 -1.90118093402 -2.91641780508 -1.07261748239 0.794781491997 -2.95077620254 0.59146767767 27
132 15192.4055738 -4.7175652092 0.876052452746 0.761293563217 -2.02832226091 -1.25606691376 1.54769143646 -2.58585142575 0.645844689578 1.96559020251 0.309614636296 2.05054793318 -2.16614719203 -1.41834718022 0.0888989269925 8
133 15199.1489639 4.65412095128 -1.25810872339 -3.39585435352 -0.83768744908 -2.1915221471 0.911146065212 -2.78939324109 -2.50058974404 2.26458307838 -1.91061871441 0.866520113073 1.44959799204 -0.336799289308 1.91502954334 3
134 15209.605453 4.6886795944 -2.7444629914 1.61093905853 -0.876730651699 0.572085950607 1.23395066906 0.914226198378 -0.585899534318 0.0144239469462 1.86726183639 -0.707857487785 2.55973029449 0.995379259632 -2.96933609066 27
135 15222.5242131 2.81629775227 3.74123578741 -4.19750225484 -0.93814118716 0.506184253681 0.824423764405 2.21504008629 2.20091934501 -3.11088653395 2.99176131108 -1.67506075614 1.31942266352 -2.72884831749 2.95270855317 12
136 15520.6340226 -5.18761798066 5.5231581603 1.48222145733 -1.94000567 1.88069596804 -1.59525125364 -1.60757942204 -3.04622824604 -0.981599444302 0.401659900021 0.20516772598 2.25303394873 1.80378733987 -1.13746170117 17
137 15694.7485653 4.00858822913 0.0682605047978 1.03688495379 -0.285924513034 -0.18626566482 -0.123800588099 0.122988490814 -0.720684880733 3.13175788834 1.01549845986 -2.54127866149 2.44590813268 0.029086185266 -2.82603079936 9
138 15880.2238655 -2.85449623879 -4.84445425799 -3.81289836646 0.585127391446 -1.19195392018 -1.9102199706 -2.01012799322 -2.24733063105 0.240918546469 -2.388121206 -2.61807444703 -0.223674608394 -1.81092792222 -1.13424537694 20
139 16147.9143986 -3.67771383369 4.49701980539 1.37861795099 1.77295405697 -0.167073665188 2.29012557961 2.86699631858 1.21739714734 1.40570867847 2.5900055211 -3.13212818082 -0.540360651561 -1.26836969639 1.25802700153 17
140 16192.0553284 3.56791919326 0.507972311965 -1.45236039824 -0.496307922806 -2.38750879105 -2.94997813415 1.11128754755 -0.823391742126 -1.95603615928 1.20145384638 2.79097851836 1.96968764828 -1.42571350368 -0.28261768557 9
141 16266.1950346 4.89488924723 -2.92899825558 -5.74808765012 2.55865355571 -0.0956748921134 -2.40634446914 2.30596223032 0.0117507933662 -0.401034031385 -0.944650203579 -0.978499396825 1.36872281627 -2.70556119771 1.67860847963 24
142 16441.2350561 -5.51095211953 2.34690570251 -1.65888009122 -2.4272995001 1.30595435672 1.25287974459 -1.95772816172 2.3464491135 -3.03193487201 -2.52202438799 -2.99910103994 -2.90921724186 -2.97254803382 -2.89088529043 17
143 16478.6844573 3.01758823767 5.02528065162 -1.53426524521 0.703815526815 -2.72433398718 -1.45206580781 1.38921753242 -1.75328928481 0.661449157555 1.20578353365 -0.497026950556 2.78437617291 1.54747636308 -1.61912392383 18
144 16642.3103855 3.84798941905 -0.732876563678 -0.494959580398 0.837243934003 -0.954893384893 1.78235630433 2.2388167911 2.88765556292 0.75307255721 -2.10235034848 -1.66083747028 -0.770457704136 1.10330332986 -2.10936166324 9
145 16677.8517853 -2.89531302206 5.12350118022 0.608221462825 1.01656603081 2.92236007003 1.65432984103 2.65313979713 -0.0555576933838 -1.4268898103 -2.0698636265 -2.75070124846 0.810281434481 -2.87546654525 -2.8654263175 17
146 17198.1418952 -5.43253883778 0.62011435555 -7.78595527131 0.751339645301 -1.84043925164 -2.85276151594 -2.58661092594 0.170160602563 2.3801749304 2.12177216824 -1.59839703522 0.917884924985 0.408776030744 2.71246418694 7
147 17533.0165597 3.45143318953 3.45660245429 0.722606168297 -1.15343530183 -0.932383186639 2.06049586311 1.32126222888 -1.18813408693 1.26835935115 1.02502337449 0.225180448731 0.577307943144 -2.56504268919 -0.732065257526 18
148 18062.9945066 -2.58696907038 1.58867977023 0.717629953209 -2.90357030006 -3.01782304473 2.26586671193 1.19539240559 3.06875751852 0.415900562601 -2.38951741263 -2.89496412672 2.92888618633 1.626887795 2.588033787 8
149 18370.0230034 3.71048093614 5.64943000568 -0.576967503727 0.404464107441 -0.730636969987 2.84205119365 2.67079503118 2.37296195799 0.728093282508 2.81493963312 -0.750336879332 0.948111912459 0.667925565075 -0.499138567451 18
150 19781.6300774 5.25293557244 1.55651771074 -2.07586575837 -0.327818851681 -2.36005315129 -1.72723483657 0.297682871004 0.270657904604 1.03675288991 2.89921146254 2.94410911871 2.91923673708 0.376518795727 -1.74342545398 3
