 -4.70478544976 2.71136601748 -0.147307712654 2.53569764867 -1.40014606477 0.916778353974 2.94800983022 -2.24076606464 0.940449719384 0.221494444615 -0.847450837856 -2.3884133705 -1.72765260946 2.80140372292

1 1488.42825047 3.95899749213 -8.10144591795 4.41760599648 -1.97561345708 3.06148732181 2.68556931417 2.18535942409 -0.485147073942 -2.37328544194 0.585080097592 -1.47563674874 -3.09609944514 -3.13392774486 -3.03864330213 23
2 1829.2513348 1.89721514485 -0.515857072867 -2.9078721464 -2.5359880361 1.06494264479 -2.96657124773 1.53309951864 0.263064320334 -2.07788706243 -1.29629414173 0.90291319853 0.396612217513 -0.731402614883 -0.827605100923 16
3 1907.10505972 7.67371809714 0.96075764735 -4.39876991044 -1.91728640177 -2.78639569357 1.12254208058 2.00184941896 -1.6052125667 -1.04558719765 -2.13484888242 2.51909015312 2.63578724916 1.53500164565 -1.33289265628 15
4 3802.32474687 8.06888533622 -6.19196240197 -0.281581633709 -2.09425434571 -2.3869042928 -1.30369894573 1.85497091248 2.81824298555 -1.71928482754 2.65921084814 0.561964910044 -2.76913320295 -2.33513418397 2.81993613624 21
5 3805.85223023 4.29283433306 1.33735011572 -5.32744281311 1.69360025784 0.496303786932 -1.3712218596 -1.71680879724 -0.975456388944 -2.66098895887 -0.0818654304379 0.334155408989 1.80879988087 0.970419396092 -1.18950421421 13
6 4062.51677133 4.30828415018 -0.684198202078 -0.713302039052 -2.81616936994 1.59387851606 2.338379738 -1.65545956365 -2.78773122314 0.435550485662 1.67621716228 -2.48889132449 -1.30455565319 -2.19271264879 -2.37879260822 10
7 4124.00270544 6.68829304407 -3.61801626237 -0.741698675027 -3.03592141501 0.546172203558 -1.95135909752 -3.11023418263 -1.18150277477 -2.76394128927 0.468021999692 0.263757451495 1.53303390427 -1.02617037032 -0.732836400159 3
8 4140.70524848 6.3155223322 -6.24822000415 4.01608810485 -2.74640722231 -1.49400528389 2.21629926521 2.52329655821 1.59509392487 -2.54372100203 -2.86147989004 -1.43888640857 0.485401789484 -0.939798211123 2.35169242593 23
9 4768.72962562 6.13655376485 -3.44506508526 -3.85409954203 -2.28253163258 1.16093380115 1.77928597978 0.370310344487 -2.62710982208 -2.2597226402 -1.16244179987 -2.23670537244 -3.03913895375 -3.04756082495 -0.188489883081 4
10 4777.90876191 6.64571853956 0.124486198343 -1.19467057616 -1.95612239754 0.951938115319 2.13242282785 2.92844762746 1.81323406518 -0.899720442913 -1.54047333799 2.20365007318 -1.80180274019 -2.93316094495 -2.42103396282 12
11 4993.22163335 5.28743115015 -5.87363336266 0.780557042609 -1.42989808473 0.604063990877 -2.95221915035 1.12889500117 1.94147876414 -0.195014523942 3.03077917138 -2.35630045437 -1.62286527918 1.24095741623 -1.05026824462 19
12 5097.36935708 4.03879240692 -7.3980957475 1.81035157768 -2.55209076448 -1.51151916345 -0.942133267308 0.597662119319 -2.40933654505 -1.46438612538 2.56341653603 -2.19493163777 -0.529348307679 -1.33588622376 -2.96929087428 19
13 5422.51788459 4.75162922539 2.41500172349 -1.70723416036 -2.34092619737 0.919038740114 2.30277027239 0.631890441571 0.746807661422 1.37926790537 -1.9075913475 2.99364696944 1.4561083052 2.00944734689 -1.17118601958 13
14 5444.89115672 5.95694590674 -6.22251156861 2.74222137931 -0.9784637251 0.794746123882 -0.446507392732 -1.68345860565 -0.638903633481 -1.63517390538 2.8872521575 1.47172495199 -0.293811018555 -1.33268224512 2.71854299266 23
15 5535.65968345 4.07184349192 0.817153756488 -4.00652323909 -0.676294398895 -0.824301266622 2.86998183451 3.03739835934 -1.80726170708 2.35773140684 -3.02926598884 1.53774807124 2.43351050821 2.29954447495 0.566059799824 13
16 5626.63260222 2.80803972009 -3.93325324734 -2.16625324149 -3.02547632749 1.61617698324 1.94445892966 0.561006598611 -1.07405115824 -3.10701748737 0.375593734409 1.41459893508 -2.60426623137 1.83509441049 -1.4012725752 7
17 5745.8071148 5.65776665246 0.385637585959 -0.629324028237 -1.83569148473 -2.92153509832 3.13150949451 0.116781517149 -2.82184028348 0.767900610013 -1.01792779856 1.42639172678 -0.545662417468 -1.91291320203 0.671156313683 10
18 5840.48270114 2.66510596975 -2.77788575791 0.104894080489 -1.49828137702 -0.261491849541 -2.62017746473 0.348115936859 1.65382206247 -2.5489092792 1.31359231978 -2.37363858876 2.22068424896 1.66969992987 -0.767286382503 2
19 5866.33816157 4.63075995732 -3.80033160327 -3.25576444854 -0.633224622968 2.99816744742 -0.834474012446 0.224208237697 -0.416262074699 -0.0195838164089 2.42754930227 1.94021446041 0.462825460489 0.987442216395 -0.655877978678 4
20 5940.80827463 9.35528449373 0.417247675676 -1.78648750206 -1.24597283584 2.14879621706 0.249490322686 -2.93931603313 1.0115071944 -1.90401504936 0.0443682895272 -0.908099876795 2.41985421865 -0.304022101718 1.9882400839 15
21 6115.10893591 4.76529236029 -0.5817729114 -3.18752419477 2.29578051707 -0.135761882226 0.314963929478 0.820310869508 0.436735032843 2.44347780199 2.34668330737 1.95617742027 0.347496733126 -1.43312766577 0.507096108472 13
22 6287.58630323 0.704816980166 -3.68199575356 -4.78006597243 -1.39288921065 0.911811816925 -2.75318796061 -3.08945813657 2.90680637659 1.1513341187 0.790534851223 -2.43821797634 2.84659523728 -2.95757395003 -1.30060633229 7
23 6369.99088789 7.41079963253 -0.775514599821 0.896871651663 -2.88521548659 2.33739371931 2.09352409553 -1.62115969708 0.185315427212 -0.350345179771 -0.744287858087 0.701423659978 -2.61313349521 -0.708372272779 2.05918248869 12
24 6575.46557478 -0.735790224603 1.18687386726 -5.27342921584 0.525465655431 1.85056164128 -2.60822514392 1.62668033413 1.21351476975 -3.08051917825 2.76102510193 -0.0143606772461 3.00302520908 1.96751726839 3.02787582544 16
25 6729.11477528 -0.145355126471 -7.58640778136 3.28615679893 -1.81190659649 1.00534714201 2.39446497858 1.6432515196 -0.88531965432 -1.39926081248 -0.283054098356 -0.836466163267 1.96280413665 0.618805660315 3.13703734531 26
26 6904.67313431 4.10097329169 1.30245065417 -4.36550965656 1.46422790643 0.0372289995065 -1.25537991817 1.19058675664 2.08390998272 2.09251940674 -0.579682670345 -2.02389693752 0.965857115416 -1.99725243975 -1.18857382894 13
27 6983.7404965 4.8845445111 -3.41087657373 -3.02669081798 0.760931936967 2.03799666953 -0.986190396394 -2.2056339792 0.909537309896 1.6023797942 0.900740778171 -0.793275959676 -2.49769922148 -2.11469354537 -0.188471055454 4
28 7068.04450078 4.38353281821 -2.93110592468 -4.0164605106 -1.74064112638 -2.07533892183 1.0413876289 -1.04880175018 1.74877402751 1.87063136505 2.08113231533 -0.148719315312 0.364181223902 -1.00483658553 0.125173017474 4
29 7077.41609059 9.29337347844 -5.36872126212 -1.20120996496 -1.27194575944 0.490829355105 2.91122292292 -2.40887749836 -0.816206622545 -0.342667638831 -2.9724256689 -0.146316556351 -0.800323099439 -2.35463331429 0.26995593607 21
30 7219.78380622 2.68084765658 -4.90162594358 -0.98830296564 -0.299096906495 1.90152883944 2.47761528281 3.13076515326 -1.4083183848 0.51169519789 1.80249869359 -0.484407806929 2.68071223227 -0.592845817719 0.67409696215 20
31 7471.02819256 6.870571235 -3.28204012086 -4.37973617931 -2.66592457453 0.616567401358 -2.50718667943 -1.05209316178 -1.80115034349 -2.89703307323 -2.88798471702 -0.396456179 3.00866417834 -2.28322878928 1.09041992904 6
32 7472.78798326 10.1127071874 2.26309425961 -0.567893192518 -2.75939045102 2.41053760149 -0.458007069244 2.13651248895 -1.26388844241 -0.826667797255 0.391733182299 -0.569891922954 0.253779727153 -0.862343900924 -1.27888292257 12
33 7529.88793496 8.71406056883 -2.68414449087 -4.27987773866 -0.190573685798 2.23852744028 1.97718983224 -1.33580144266 -3.1269581898 2.9215261248 -2.23970388933 2.17832975207 -1.58370101365 0.984888624394 1.31309927204 6
34 7541.83860986 1.31450912104 -3.45482960385 -1.33029361586 -2.38113297637 0.140765421906 0.410536821135 1.95956216411 -1.43876802772 0.191908313084 -0.0373946460712 2.6488653857 -0.0371970100575 -1.53488566272 -2.11767748679 2
35 7594.44299086 3.28330243166 -3.47829311731 -1.94982056998 -1.22915660697 0.417194997712 -2.13285577033 2.37575142099 -1.00501079491 3.07411530811 0.173421087784 0.929648899711 0.920518513975 0.0392542874508 1.87556746819 4
36 7609.72740356 2.40513013455 -2.89293453401 -1.63895320737 -1.57865174293 0.595078083879 -2.52157658542 2.83014259932 0.839509182053 2.1983076273 -0.422499643633 -2.1420688952 -0.610195001839 1.76266275604 -2.87595614719 2
37 7793.58473208 5.36198944992 0.285361986212 0.581306942297 3.01322334785 -3.13607323269 1.77013483862 1.96123060671 -0.417305622697 3.13898221229 -1.99124023449 -1.28908757509 -2.87700954385 -1.57402303322 2.01539255218 10
38 7793.68962257 1.45568910727 -3.49276966211 2.02529559908 -2.80181629487 2.02953345555 1.34319360139 -1.39757043861 -2.4173874022 -1.23011774528 0.945420966337 -1.21223422259 2.38709074675 1.91009049508 0.0310820483527 8
39 7837.48780291 9.17322749061 -7.12303825233 1.75907145362 -3.00270297113 -0.171106755081 -0.775392373752 -1.11623017832 2.99260377742 2.22421797286 -1.22325243851 0.960257437888 2.32249923136 2.04832830109 -0.120270019561 21
40 7966.59075131 9.48374848 1.8302848341 -3.90605768626 2.25852064891 0.386880469009 0.182888632828 -0.401014683433 -1.56086249754 1.37807690226 -1.75185659374 -0.325125146533 -3.03477769552 -0.618298727157 -2.83977015638 15
41 8048.28158494 7.78167167425 -1.95524310209 -1.1258576006 1.76820138758 2.99985747819 2.21350659989 0.786828283946 1.58404084194 -0.29720111171 2.4451234155 -0.239722834341 -0.59968054955 -0.500289864006 2.1298190501 3
42 8077.17528918 -0.436074483372 -0.974428142553 -2.77515546604 -1.75621756948 2.72373770851 0.936851858749 -2.32493574919 -1.29330819285 1.20926224879 2.51813527657 -2.28469499624 1.84675472543 -1.86975401052 2.81073159704 7
43 8201.44313432 6.97101185716 -2.84398813174 -1.1375297258 1.20466336415 2.89580746337 0.206241204776 -2.13590641337 -1.00672296805 0.566916275439 1.01709267188 2.50158383419 -2.53628644232 0.730196753799 1.49363361431 3
44 8245.69316898 5.54930547631 -2.24563227189 -3.5167664784 0.500091969493 -2.75442815141 0.942957197341 0.593047827774 2.76109220442 -3.05136601609 1.10884234544 2.39442838407 -1.78014706536 -1.10016402264 -1.44214363246 4
45 8900.81165925 7.77843915916 -1.74011841731 -0.377294857601 2.26682390222 3.01224982152 2.61639719073 -1.8362937614 2.41568138932 -2.10936877386 -2.17935329037 -3.09145785911 -1.84215464543 0.988531889507 0.968680912713 3
46 9045.15725648 5.86626609329 -7.2497803101 5.09614347001 2.55404229551 2.86520176967 -2.86526132626 -2.63012571297 1.82155462053 0.321839664364 2.38256236094 -0.503953126233 -0.831668880276 -2.61328240913 2.09387439864 23
47 9100.53780441 0.0744226738906 -5.3951334814 4.94626357603 -1.59061485554 -1.61796801063 -2.89972286398 -1.81962684011 1.02871735492 -0.216408904942 0.688859149736 -2.76905530393 -1.25842625867 2.65530898295 -1.86957118927 26
48 9180.44187832 3.08113847378 0.814573202053 -4.21511771155 1.75726106129 2.40060739373 0.943807965188 1.68648410131 -1.79414883916 1.83751127828 0.0766194302488 -1.84017320522 -0.6166105772 2.52114116256 1.555005596 13
49 9245.21711986 1.97333006842 -4.06181176629 1.52939657923 2.66589283285 -0.452954956484 -2.43057398664 -2.13434367688 0.911621987631 2.22292661196 1.64969450248 -2.79435465842 2.95768621397 -2.03656089703 -3.00143848909 2
50 9326.15582214 5.25588557493 -2.81337565152 3.43325387253 -1.01030481954 0.371471945071 1.97315728647 -1.09621355312 -2.71789244004 -1.15364705976 -0.83986375258 1.58377269655 -0.110055089124 0.165327268592 -2.7122657727 5
51 9380.67241207 4.13431542736 -7.16067136409 -4.17393298823 -1.54374575479 -0.868053129346 1.98185920283 2.09774009188 -1.68649737434 -0.824914018847 0.536196043866 -0.467008166991 2.01128193745 -2.68884651168 2.30892545705 22
52 9493.51111831 9.5684179986 1.06677324038 1.24580792433 2.84951697592 0.983315375533 2.13064647423 -0.48693994577 2.3590512647 1.6919989322 -0.00335209054565 2.67673303064 3.05659205985 0.383707669527 3.0123568472 12
53 9523.77602245 6.03552744852 -5.937522634 0.279314594655 -0.146639380411 -0.275461638048 2.86104051076 -1.27680867992 -0.290863738071 -2.69238725325 2.19387437376 0.123371732258 0.588290296717 -2.84000448267 2.10627985442 19
54 9607.45421323 9.46863962617 -5.437657423 -4.92559697226 -2.86851185456 3.10458210177 -1.22133478775 -1.49996422605 -2.59890946159 -1.99151882876 -2.7242027138 2.71265379109 0.17200706301 -2.76405929783 1.07233755826 24
55 9682.22851518 5.5992017486 -5.0382263502 2.07112101728 0.305626317881 0.335239473669 0.3349676264 -2.01071126806 -2.71668091645 0.995339239073 -2.80457675054 -1.20770545133 2.28960549805 -1.28154086871 -2.3751746513 23
56 9684.21516064 2.64803873635 -2.83329971485 -3.98530480792 -0.992463539416 1.69674317483 3.12558907444 -0.982356675295 1.70273982434 2.66099421305 0.182517537104 1.37718562745 -2.42489860797 1.36061550133 -2.18394008803 7
57 9843.96613601 5.23892330719 -1.83693946514 2.51835441359 1.06711557309 1.12174703589 -2.53356850078 0.694408345307 -0.949157280624 -2.78370388099 -0.349166134242 -2.05098792793 1.86542309392 -0.475022222207 -0.126338671142 5
58 9907.50986978 0.294821716959 -5.79376205588 -1.18797230219 -0.406260370181 -1.07296900722 -0.174031007095 2.52577577798 -2.57952556216 -0.817930376854 -0.86832062164 -0.0905208192474 -2.39481530766 0.94706001579 3.11491629291 20
59 9918.96528496 8.15211250364 -5.10687393916 -4.96331794764 -1.31062121442 -2.48118039172 2.95028334457 2.08008575256 2.38089032886 -1.81125791538 0.668238067153 2.92003238084 0.866202638315 -0.163629686481 -0.923121206502 24
60 10011.7336636 1.32068426064 -7.00233827272 4.53107454633 0.988002574904 0.470722455112 -1.45603246002 1.15945598939 0.754786267949 -1.0712483623 -2.04006514963 2.00922184131 0.456833448419 -0.0318551534607 -1.9597682266 26
61 10042.8049529 3.54555058112 2.77817600385 2.3427355791 1.40724486794 0.0164163082999 -0.293944937433 -0.931274501307 -2.75394975218 2.30550934287 0.506475615804 -2.16717929683 2.45657862403 -2.48938926821 -1.89508042932 14
62 10223.4963371 9.83727374694 -7.49151513724 -3.15032528298 1.71309901434 0.352525230148 -1.27833798895 -2.49130053524 2.75554268203 -2.28933802353 -1.90080625838 -1.78635076417 -1.41746411722 -0.703411160768 2.09357321332 24
63 10270.1596253 2.97620582655 -5.81058450342 -0.705888866478 0.172151963897 2.68977090011 -0.633112309332 0.514368848188 -3.00625902928 -0.258427906034 -1.7689224215 -2.18714682654 1.3736221745 1.22794762761 2.86948616766 19
64 10372.4736282 7.30142671551 -1.67079501726 0.576225361781 0.580669704626 -1.75351161196 -1.98492605588 2.15302036554 -3.03434527528 2.07949199641 -1.67633136952 1.94597887377 2.49944813209 0.307992958936 2.8726188584 3
65 10442.0388115 2.40427979815 -6.31124074259 -5.11612787547 -1.92493181074 2.62837967306 2.25279173632 -0.296333894953 2.60721401993 1.13149298141 1.25163277629 -1.85436314846 -2.98183742304 1.36038026201 1.40530152668 25
66 10526.5343517 3.84627409568 1.09109563929 0.42928930695 2.53714265136 0.346807013464 -0.892744011808 1.57208487895 -2.65707820071 2.20342811884 -1.77976891716 -2.2175923058 1.09700183594 1.22587224325 2.02489043772 10
67 10551.2533928 0.228740842714 -4.62059620359 -4.37986901088 -1.09168200636 -1.99645133123 0.754851667304 0.586450056878 3.1077705589 -2.66905719497 -2.77721324818 -2.2137285198 -2.66491113165 1.89045093987 1.28667627884 25
68 10585.4996824 8.71407903067 -1.9577151176 -2.09890044498 0.238669402564 1.57292824199 2.0545502389 1.30271008723 2.91710735345 2.5923482774 0.381142520566 1.09370471825 -2.95375555968 2.83595305967 -0.659141916125 6
69 10635.4926874 4.89901739774 1.44036651569 1.39757726072 -2.22385380897 -2.23547855941 0.342702571632 0.959963216103 2.41853560597 -0.145651962222 1.07826915895 1.92022170971 -1.34045174566 1.76163456314 2.42949581907 10
70 10662.7885136 -0.0933970786668 -2.85050791069 -2.89495388694 3.07267461504 1.39559616269 1.86233649012 0.352241169832 0.844264476078 -0.00690992948205 0.925240383567 -1.52264557191 0.321410345573 -2.46315804521 0.612163533378 7
71 10702.6295974 8.8695685541 -4.18608528017 3.70056989507 -2.72543364658 0.90024085614 -2.51142591732 1.22020757955 0.54520024366 0.874287032759 2.35243747509 -2.59499081426 -0.238029827444 1.31160431835 -1.94848349706 9
72 10760.5729066 4.83927010937 -6.99419605212 -4.16685012113 -1.99707345146 -2.63823675038 -2.49446466936 2.99798777459 -2.8330664925 -2.63041881128 -1.24500106741 -1.93738766862 2.19154638523 1.47674916042 2.18392243903 22
73 10860.9259492 8.71026467063 -7.5705202952 3.88643598383 -0.153477405982 2.42271564089 -1.158243169 2.11910638288 1.34618732621 -1.38604491314 -0.889047206562 0.3495190515 1.23751979021 -2.85761190726 -2.0711170468 27
74 10942.3537487 10.0797113985 -4.19750206948 -1.90142577379 -0.956900550702 -3.10099502966 -0.575496487443 -2.96907120821 -1.77669161047 -0.643112569328 -0.29294876445 -1.81866102236 -1.49877513551 2.29407032273 2.95948112689 6
75 11142.7879809 5.61194875372 -0.914947786269 3.80463007121 2.77805256056 3.03633653037 1.14495284407 2.90202822759 -2.20714050925 1.51320128356 -1.58185517708 -1.15349763794 0.54847604801 -0.955438410356 1.58578671149 5
76 11205.5543902 9.45083079165 -1.71227453928 -2.77600098074 2.55110385596 2.36491097561 -3.02054392733 -2.58615465863 2.74449077069 -0.821783472347 -1.76326768507 0.771655164972 -0.466848770488 0.607969007441 -1.35087933907 6
77 11260.9140449 2.44399497535 -5.53896647714 -0.433665825897 -0.0215911182081 -2.076909102 0.405658545433 -2.27186253448 -2.13265191986 0.44913924526 -2.61666702418 -1.64240797064 -2.5357032981 0.3169595457 -1.64135359004 20
78 11297.5050944 10.1924032063 -2.07885214948 1.47002903387 2.6380330412 2.66588997766 2.95034404735 0.326663387041 -0.263985713705 1.13393264996 1.92995114944 -1.21390295025 1.33745152242 -2.08327671078 2.71149005615 3
79 11348.7643088 7.73664095795 -3.93651531246 4.5486221909 2.72746722104 0.166522595393 2.54950995177 1.20750579112 -1.47251445134 -0.0231298848997 1.07886131395 2.6520107543 2.54570797121 1.20199458345 -2.08645079008 9
80 11352.0814646 9.34503206539 1.98594241843 -2.85290130045 0.644974227755 0.174966915561 0.154084690386 -2.98292955108 1.38035716684 -1.07642103472 1.84262371931 0.705559146391 -1.19976992104 -2.14437898909 -0.841671740952 15
81 11378.3638769 10.1910831378 -5.68351635117 2.0065732964 -0.972071445446 -2.42872886123 -0.238582161371 1.91219483709 -1.15052832655 2.89153091866 -1.26269889687 3.120819221 1.956506463 0.430454579749 2.93460794168 27
82 11454.2580271 0.289064628432 -3.05205329029 1.55689490249 -0.613146968743 2.85406771873 2.59968204163 -1.17573770399 -1.5552148884 -2.31532802637 1.46416786844 1.02904774295 0.572423629965 2.14907010217 -2.38374855806 2
83 11464.6585355 0.629439125843 0.402085148489 2.73850579973 1.96089449414 2.04615981556 0.568985180885 -2.31261453525 2.489478649 2.79743458899 -1.36078857259 0.0837175860676 2.80740834177 -1.53283018711 -2.00529794353 17
84 11475.3089611 8.16369832352 -4.1613549416 2.78472457024 -2.04908811188 -2.15447501381 2.5638534336 0.924467708277 -2.4303059272 -3.0999972855 0.975159729609 -1.99773802502 -1.3454428997 -1.04985760023 -2.91919726494 9
85 11539.1934552 1.10490806512 -8.15707352559 -4.95818796289 2.77907954094 -3.11787723725 1.71566621261 1.78395139036 -1.82288791548 -1.28817138968 -2.54160109425 -1.12717347682 1.7076111152 -2.11657233768 -2.41036074209 25
86 11566.5263074 4.81780572918 -4.05536454532 0.12598692986 1.82883303929 1.0599493185 -1.89666474633 -2.64717868183 -1.13457708251 -1.79425059382 -2.12055883621 -0.273864367585 1.41522485437 2.58033569022 2.83389068392 1
87 11668.979686 3.95843022813 -3.24867247163 0.356653891605 1.3140357616 -2.16661701939 1.52540801318 1.9265457689 -1.99453308208 1.0011423578 -3.06949867835 -1.36529382415 1.40464524785 -0.00710058286736 -0.167489049821 1
88 11695.5241674 2.22636212477 0.122351421047 3.28463023685 0.761888027654 1.34132843137 3.05318455919 -3.04144056616 2.08382035378 -2.20733754363 -0.714907655897 0.0720821760136 -1.32387621192 -0.056480748913 -2.95776032988 17
89 11708.9598588 9.51976986084 -7.3922090251 -2.55846968864 2.78944715123 -0.571630572713 -0.253899095729 -3.06977714331 -0.676045238013 -2.04827927502 2.68134995145 -1.58594254172 1.84538581539 -0.464771971655 0.876672592356 24
90 11761.0642486 3.47695790245 -4.4657652909 -1.03602906308 0.0256754530919 -0.16646199656 -3.01714686928 1.74362304187 3.10752251956 0.376010551338 -2.75354314115 0.29927937179 -2.27159904708 -1.32423075025 0.123453054008 1
91 11808.0223379 8.00791626824 -6.66823307841 -0.00516586405999 0.101038515067 1.09148685834 2.4160182976 -1.99917116409 1.85810691502 -0.695356954323 0.837950834942 -3.08267578291 0.941928465871 -2.31092020823 0.575951947481 21
92 11868.3010601 2.92127121184 -8.09838753251 -3.41253610063 1.10700730327 1.39903073448 -2.16383512193 -2.93116843644 -0.236439641582 2.69336467855 1.28198727966 0.523171280081 2.60423268792 -1.65267095191 1.260294662 22
93 11920.8892648 3.2627401138 -3.23215874739 5.52017942838 -2.67473999095 -2.91543221055 -0.134534102486 -0.606161112949 0.43582760052 1.32571964265 -0.904290082482 3.04722112264 2.14867365553 2.33983977201 -2.80539553501 5
94 12075.3230807 6.92738746796 -2.9714508346 -2.45893847286 2.1518786305 2.55762024809 0.452749325331 0.62660725178 -2.12836516894 -0.603503465467 -1.12434734679 -1.66955772254 -2.13321529115 -2.07555335744 -1.43756451893 6
95 12092.5598885 6.59409259952 -4.18900918966 4.16899888114 -0.935354794879 -1.76175261411 -0.707649758874 0.226452683743 -1.21772880801 -0.449857800755 2.93621151434 0.434157539642 -1.34947716026 3.11356925437 -1.69865719136 9
96 12139.2845349 2.5633082403 0.224482526837 -0.755862329253 1.76320324211 2.25956405857 -1.99987138456 1.21760176859 2.94748106513 -1.17216356163 -2.8994381854 0.617777296185 -2.29076869524 -2.55475923941 1.56722082585 11
97 12176.8552212 5.54914706135 -7.39676179912 -3.77398793739 2.82861618533 -0.57043998476 1.59501162614 0.680526581733 0.0803118669211 -1.50292426621 0.842619277669 -2.3354040261 2.49577056186 0.984473853857 2.55956325127 22
98 12189.690031 9.39734207656 -0.819385914026 -0.126965408481 -1.10625249683 -1.35371896974 2.0365029837 0.620072468005 1.33859457767 2.87735102513 -3.1348640924 -2.02649862435 0.784153655151 -3.00511305084 1.0972837535 12
99 12337.2990182 9.27506940374 -7.15575869756 3.8863381612 1.30025488395 1.70361209589 0.639679056632 2.04639412738 0.02023852915 2.86338121276 -1.74310063136 -0.568629775325 1.16986016808 -2.23596605197 0.147346892037 27
100 12346.8496465 -0.584568943249 -4.15129965503 3.20354685173 -1.08022283215 2.25733915545 -0.653801299633 -2.87365782455 1.61232479446 2.02113796133 -2.31211519213 0.738662422582 1.15462007613 -1.30139602774 2.15987468648 8
101 12391.5307772 -0.531378271568 -7.52136385445 -2.74857487246 -0.603901187676 2.85111092047 2.5060352286 -0.435462510122 0.257276536657 -2.73484692819 2.88707408414 -0.33599802221 -1.19669149484 -0.907808765787 -0.429020851017 25
102 12469.1803914 5.56829289396 -3.99943822466 5.61587495178 2.5383856558 -2.93445521805 1.37708877075 -2.92088900666 1.667172896 0.845651656776 -2.76797171347 0.280918193294 -1.64946973341 -1.31632959239 -2.05251742186 5
103 12483.1916622 -0.00175472432853 -0.479887017243 -3.29108199144 -0.849313090433 -1.60515314948 -2.72436210837 -1.82000384945 -3.12289817543 0.363547111862 -1.20857670648 1.4084093969 1.03148245634 0.141370629035 -0.554197107319 16
104 12698.4514669 3.20057121551 -0.349290857316 1.72715723965 -0.498779846798 1.94075540822 -2.95018553196 -1.11894308937 1.32812466397 -1.38045006925 2.10597182579 -1.85549249708 0.91706430083 -1.21625243876 1.40797545034 10
105 12776.2121979 -0.292253889754 -7.10982550461 -1.62752712705 -2.57313389412 -2.50942751365 -3.12788792896 -1.6668312023 2.94029641377 -2.8439122758 -1.95943420842 2.97449772854 -2.02578560242 -0.167025478315 -0.763610367169 20
106 12806.0560093 4.18802129407 -1.0175740026 0.119501370692 1.55739274704 -1.32355815236 1.83254343622 1.16351301852 -1.23503584964 -0.698596751426 1.52774266148 -1.20173886272 2.76076060567 2.79098786088 2.38205760451 1
107 12813.0120594 7.41631885413 -4.18237453988 3.85640923421 -1.12505986425 -2.23369892205 1.03227760511 -1.04395224082 1.29981137597 1.43037510359 -0.136129986325 0.905895031453 1.88405454887 -0.339423142719 2.80267637759 9
108 12950.1386794 3.65434236317 -4.49519058288 0.362708866705 2.58722604357 1.91825864496 -0.504278114075 -1.90502479451 0.65578101551 0.651996385484 -1.8758262503 -0.137959358472 1.69489370215 -2.75680286227 -1.8674596276 1
109 12990.6675027 7.54485063447 -6.83382867618 -2.14517122781 2.18981487255 -2.73378438253 3.08716944896 1.48950384812 -1.04023750827 -2.65088585278 1.45586190527 -1.94961134475 -2.33826086032 0.284064602047 2.75752038052 24
110 13022.9571509 -0.0467554592025 -0.557382528587 1.38119485235 1.87692813307 1.73950092379 -2.42066396465 -0.647490869838 1.39069216154 -2.26562140326 0.965406095029 -2.12368649678 -1.26589814042 -2.5352086726 -0.348455481113 11
111 13273.5616507 9.60354284897 0.560711251458 -2.41334755304 0.865780678495 1.8761027165 -2.04021994086 -2.93796700097 0.709092556743 -2.97712980775 1.55312102186 2.78033599149 -0.996912700571 -2.45291403488 2.51279508275 15
112 13391.7078734 0.315453827672 -0.167724353234 1.08248491814 -1.48898642165 2.36911170893 -3.04267388145 -3.01469169513 0.0877015977006 0.873205345699 -0.865295519853 0.953496733175 -1.17807739138 3.1083410616 0.277997247107 11
113 13498.6571135 9.07703349415 0.756092189451 4.7663710327 1.99004084708 1.86816559907 -2.43885689233 -0.0858183788979 0.989635972022 3.12209507177 -0.688313394463 1.46068241841 -0.951253856481 -0.790162316479 -0.14026184717 18
114 13534.3752191 2.91975136002 1.80529321156 3.79406140539 1.25322317688 -2.4746167528 -1.04162271013 0.533768163125 1.23661697454 0.401783034526 -2.06895150322 -1.12539672625 -1.49531061376 -0.0868274643506 -1.58489869003 14
115 13557.9924331 0.9145136807 -2.72084798504 4.53491479694 -2.66008417776 1.51350181327 -0.953088304545 1.19922169105 1.97704841204 -2.77313815721 0.861508677339 0.306029786984 -1.7387700969 -0.0964149799726 0.211098532392 8
116 13560.530398 1.12106499646 1.40136466071 5.08699460058 1.16890515437 -0.788992905465 0.0647802634219 -0.77407953258 -2.61482008246 -2.18158675685 -1.07090704555 -0.217905869402 1.04754398257 0.0733226541522 -1.71537809916 17
117 13563.8908679 5.53177118187 1.23383162088 5.60536970965 1.03616995237 1.12331794079 -0.281753611784 1.74799813027 -2.33738837435 1.52874780008 -0.519956888186 1.99790407127 0.970799668351 1.15873113605 -0.127183884258 14
118 13576.572444 4.93761507566 -0.0053880120184 2.42525551586 0.306844936811 1.42430221658 1.39882664767 -2.16609221969 0.756369182891 -3.06909326273 -0.963523785712 2.78019187219 0.566015671253 2.15692049196 -2.4407988906 14
119 13596.6637628 3.64149200877 2.76994809053 2.18144401793 -2.42794921243 0.595615419102 -0.0829421790248 1.74619700774 2.34087668387 -0.679573492812 2.61291455912 -2.21150364356 -2.78060230538 1.78633542645 -0.456462549448 14
120 13661.4177252 9.75210228205 -7.90996768067 0.701933898158 -2.99687817628 1.54837170816 1.02502212727 -0.11351875176 0.974962352177 2.26773051592 0.712313888087 -0.877622416915 0.291949009827 -1.18318341421 1.54528090957 21
121 13669.8318103 7.72231030468 1.81681459287 3.63099608347 -2.4829341257 2.01881826494 -2.45036912528 1.07190025722 -0.0661589432834 -1.36934196782 -2.31699798712 -0.442559621864 2.43504153195 -1.89005542978 -1.14666021099 18
122 13703.6500284 0.152248654328 1.23031720489 1.62181390555 -0.253075233076 -0.487271362939 -1.91086263901 1.41781823925 2.89777388727 0.743471940582 -2.08688580852 -0.420681570771 1.81290111467 -0.812011463477 -1.68149029098 11
123 13711.9640308 -0.375055501735 -5.06177999 5.46225541664 0.0875353106499 2.4227430737 -0.647493695008 1.77765037757 1.60218107622 1.24563915085 1.19582724311 -1.43061509398 1.73571161107 -0.702098235673 -0.087143371519 26
124 13744.028564 0.981100097282 -4.32320188486 -1.01113892917 0.411937985768 -1.95523543842 -1.26511988628 2.26447605409 0.603948535423 -0.068387531417 -0.408183763051 1.6243965262 2.8719663921 2.6658214099 2.57575082148 2
125 13750.1824721 9.49009216214 2.6693588015 -0.0385774149319 2.09357620393 -0.712720022432 2.40239588033 1.07862149926 1.45998018669 2.93044465131 3.06161010462 2.33313700752 1.37390718792 2.16919743534 -0.77478409994 12
126 13762.9849056 9.28592160984 -0.165488332605 -2.38073983847 0.418658154778 -3.11834668382 -0.802153403658 2.96984381835 1.53061246829 -0.588585676372 2.74491541826 3.05719571538 2.26921210441 1.00158337917 2.64984638374 15
127 13809.0013354 2.50084624701 -5.43524548572 -2.55060720274 0.527084322157 0.0159175275296 -2.22769299638 1.48453019352 -3.09608058576 -2.86767019848 1.6460965406 -0.0542730945092 2.06564444653 -2.04103648903 -1.44952190035 25
128 13916.7514321 2.60131197894 0.670904891872 1.14778257263 -1.18717731187 -1.70843638159 1.62311034942 1.01656047718 2.48839130316 -2.74829679625 2.90581809704 -0.0454236146471 2.70279818476 -1.15708049061 -1.41063473822 11
129 13948.0391758 0.564761022723 -2.26423195278 4.55968921931 2.3825828171 -0.097044031669 2.89980430453 2.71001244664 2.77172051919 -2.22915114362 0.426770283798 1.30039454673 2.23547881427 0.810362736978 -1.40308287748 8
130 14104.5125569 3.09453469285 -2.91581169748 5.41721010108 0.541990017146 -2.81409308194 0.544036725098 1.52730696615 2.25250459023 3.04646379942 1.1074347032 -0.652157212638 -1.74091643055 2.62317294118 1.32943938094 5
131 14110.2871965 4.87126502256 -7.09228187822 -2.74329717753 0.0491748362238 0.650593850065 -2.34674078119 0.126323632959 -0.64182517196 -0.0450621140362 1.75558307146 0.861797901883 1.02216033533 -1.03818725059 0.213866759792 22
132 14186.3180783 3.01834193968 -7.87147826964 1.78208321219 1.26473047382 0.21676827292 3.06916953001 -1.60275174524 2.56327803648 2.54798931349 -0.427487071167 0.446942137756 -0.321246479011 1.07431950642 -2.10120060055 19
133 14218.4188269 8.09241096488 -4.85036725354 5.36614298146 0.166203114191 -1.43589607398 -2.65918327208 1.59114446198 -2.67738561605 -2.01276772288 0.780727326975 2.97531874155 0.0350420304763 -1.0332181378 -1.53847371832 27
134 14505.3069566 7.3971450749 -4.57453312759 3.22796808355 1.13055008672 -2.94777970985 -2.93597696879 -1.32937064596 1.98815245964 -1.49326003559 -0.284243142086 -1.71626598858 3.13714926497 1.76132781898 2.17765722547 27
135 14603.500849 2.57261171843 -3.58124450523 -5.34331876688 2.30063483801 0.308027102785 -0.285557808672 -0.914453037506 -2.89929954357 -2.66304895907 1.7340551875 -0.931289124215 -2.09513534102 -2.31926833315 2.99544308137 7
136 15104.2390156 0.677914901598 -0.451244814508 -4.66625455654 1.56332964556 -0.204537222214 0.58767112964 -2.10585596975 2.25907098009 -1.48213393312 2.44652205364 0.420257233784 -1.03905870146 -3.00043550606 -0.181277634773 16
137 15298.1864113 -0.290357547461 -7.40637412002 -0.868315922949 1.12488743411 1.46940268001 3.06606476084 1.85803394502 -1.01102125101 -1.67242080448 -2.13396889973 0.00458249720795 -2.59528595514 -1.31998953651 2.43964718985 20
138 15450.136239 -0.412280498162 -3.89082980675 2.97265573388 2.33278020931 -3.06392204508 -1.77172660515 -3.02486481163 -2.88261616846 2.66956140418 1.0714331219 3.04836217316 0.186355251475 -0.67674028492 2.62756620432 8
139 15481.138537 7.69493117639 2.36940170554 2.74027366182 -0.255853036037 -1.48908656804 -1.04521588852 2.17794305847 -0.97777452643 1.29216154777 -2.82414670323 0.0863760636587 0.174071365162 -1.47393815848 -2.27452484623 18
140 15563.8657672 2.55177437837 -1.48801022898 3.06953673095 2.58273753317 -2.19496679124 -2.69341126343 2.46588634398 -2.80069790224 -0.980102870824 -2.33077053494 2.0300057635 1.63155118488 -0.0640059010444 0.707779592881 8
141 15636.3001433 0.200081663233 1.2889150592 -1.76877184617 1.69135724405 0.0955342417464 2.410703285 -0.0423052475908 -1.03161539626 1.75400926526 0.0587053683419 -1.73508817282 -0.926766331776 -3.0102630763 1.34457089097 16
142 15700.2641189 1.41545141277 1.25346691019 1.95749469659 -2.78049904965 -0.94841177011 -1.11446246333 -1.75747290524 0.666418802229 2.02904234999 -1.26435971585 -1.84271915221 3.00431821429 -1.04873964111 -2.77447726353 11
143 15770.2117076 -0.679662041673 0.513454448483 2.40292069346 2.57243058561 0.27694994705 2.97130087928 2.92216993634 2.10713266804 2.75832111588 0.74250956661 0.292046359129 -1.26747581412 -2.87564172622 2.89867614303 17
144 16002.4633251 8.10203387133 1.25035669453 3.0410168162 0.333711338065 -1.71686839765 0.61832945 -1.55046276745 -0.316400233845 -2.0066770175 -0.491205534202 0.674227947183 2.462620315 1.25757527849 -2.24000847517 18
145 16166.1467939 7.3028502083 1.13108380208 4.74974348215 0.910391183366 -1.30409604199 -0.79330871414 2.43492652609 -1.61305895998 0.0758657819418 -1.18615781706 -1.80945651673 1.48879687303 -2.47086085515 -0.587287879474 18
146 16503.1446511 6.5406768643 -2.53358524067 5.30032719462 0.527887763325 0.414874422389 -1.62070957948 -2.80366226545 -2.91201071409 2.16051555303 2.81697860403 -1.61069431137 -1.86680921423 -2.74628117486 2.88723124451 9
147 16569.0812885 4.08842540686 -4.04297657474 1.34445849573 1.11149857629 -2.56933217272 -2.52111886024 1.08661245887 -2.90557379087 0.577961796248 -2.99269222091 -2.72404863792 1.57729315807 -2.35309761829 0.0042474939329 1
148 16650.1638944 0.480712345611 -7.66559309374 2.31803852166 1.03423433017 -0.678176415972 -2.75505212662 2.79950998837 -2.14914196292 -1.33460705378 -3.09329535181 -0.752396562307 -2.74649981668 2.4243598638 3.03211154028 26
149 16652.7732121 5.49265699221 1.03858289679 3.73374599484 -2.33337542018 -1.72458207775 2.03269605908 -2.72852130821 2.15549881989 -2.86158776163 2.0431951716 -2.92069099578 -1.14528359426 1.53170503326 -2.92702444388 14
150 18745.1065866 -0.150426856837 -0.22423754373 5.44800494848 -0.882191215003 0.635888889023 0.588173962594 -2.59617426813 -2.01721060457 -0.833548282622 -0.73584976458 -0.630261232152 -0.830350985949 -0.122376737595 -1.14102035031 17
