 0.0994117422018 2.83936492977 -1.32182695562 -0.545951218119 0.310850217695 -2.75832150105 2.66614028597 -1.35003201505 1.51018613445 -2.63938742806 -2.88133946022 1.792210598 -1.79443052251 -0.288403402582

1 661.737433771 -1.26588508927 -4.66995495276 2.20840987978 0.779976021341 1.66599210563 -0.0348576907476 -2.30582116833 -0.889564454034 -1.51713864155 -1.30234343866 -1.73274658487 -0.0150556587145 -0.543386739983 0.547015022246 1
2 778.240732608 -1.650806262 1.70793276304 -2.9757030105 1.16608374803 -2.47182866606 0.775940958385 0.972088989755 2.13020192787 -1.3124761526 0.0833966850457 -2.25089203911 0.0332814046524 -2.79348488903 -1.68101157097 13
3 1831.53433526 1.67004974752 0.186308152989 -3.81774797616 2.68822842163 -3.05586803009 0.840037585312 0.58095366415 0.986112505548 -1.47072185073 -1.1126454402 -1.36609807034 -0.640496655646 2.56129217124 2.24453083454 13
4 2379.38763672 -5.55936318585 2.38958811151 -4.11404919049 0.133299592657 2.70852090474 -0.586497797719 -2.00227433974 -2.70264399871 1.6435975909 -1.9564807527 1.66599850524 -2.43227207854 -0.636233058824 -0.756331602387 16
5 2401.98014465 -0.240682710344 -4.79699702594 1.92958614576 1.22274890418 -1.08251747851 1.19106017314 -2.37404182799 -2.7688835781 0.604277101315 2.13782311006 -1.58527326372 -1.36989648285 -1.77094833217 2.8627393518 19
6 3578.60491354 1.03339550942 1.71791345981 -3.36268908304 2.19177419541 -1.87941029962 1.76935751315 -2.63723918904 0.475699699886 -0.963914965766 0.506204943056 -1.94391304792 -1.05948341466 -0.680621821488 0.890611892845 13
7 3648.02481823 1.05299503453 -3.01818356213 -0.884755796972 1.3707742911 -0.162117610251 -2.10190744858 -0.140247298496 0.908648040627 2.23013013999 -0.506545733307 -2.89614720288 1.69463484681 2.97812365083 2.67282523748 4
8 5109.69070498 3.45964823823 -1.75161632735 -3.19850217214 1.4825818387 1.00153947901 0.181905128179 -0.283926161447 1.83117083085 -0.904915204675 2.10464202099 -2.13880805941 -1.56282706991 0.570949774449 -2.12381278141 6
9 5162.77147357 3.02278395265 0.683508079527 -0.611810440371 1.92380722993 2.49165203783 -1.37471260195 2.84605202339 -0.271786440014 -2.08875972821 -2.0786974734 1.73135615541 -0.872280227578 2.75887165748 -0.111519215559 15
10 5329.24170801 1.74392289983 -0.8369770143 -3.4981339788 -1.60670234249 1.20264506274 -1.50877919958 -2.0501077877 -2.91418748432 -1.99748301442 -2.50868676307 -1.14063987838 -0.233614796709 0.110534531906 1.52242290605 15
11 5417.47415781 2.37468391004 1.66135392656 -3.60252921611 -1.55095111578 -0.106836169766 0.52761706567 -2.08018789163 3.01813588613 3.06252093926 -1.05614992335 0.948942219458 2.40121870783 -2.44025479753 1.88904954931 15
12 5520.04147727 2.60561415377 -1.19175100239 -3.96614021458 -1.79039847458 2.40352811218 1.4856959696 2.87863185097 -2.68441823751 -0.150486653597 2.14766555632 1.22362125085 2.40538110154 2.01487964833 1.32557011512 6
13 5689.47050259 4.16711523501 -7.6854704632 -2.27695920348 -2.84315507296 -2.90217307212 -0.976426476792 2.41587376627 -0.742753008726 0.577660170548 0.975078635153 1.78042901962 -2.39461552946 0.111462066737 0.2670281485 24
14 5718.18228668 1.95993719092 -8.06548190562 5.52624617704 1.96628897232 -0.807777443411 -2.47740251434 0.229430869813 -1.07216496779 -1.41032158131 -1.48950019382 -2.3193472389 -0.166754681882 -1.35983829756 2.05338027916 27
15 5994.97411509 -1.54697849753 -5.76647081022 4.40766903622 1.81201822787 0.0792624650904 -1.61293351388 0.0110594244228 1.3755686544 2.59197778264 -1.67707285976 2.76807584715 -1.2077821186 -2.84114613863 1.07663889999 23
16 6000.86623772 1.187203612 -2.26529583831 2.71138756278 1.22221513325 0.456755680744 1.48873935344 -0.900840953678 -1.19261159329 2.65809009513 2.09801985512 1.22632340869 -0.796085139812 1.5529283091 0.675982731202 1
17 6035.35328399 -0.111961598618 0.233637391133 -2.09214714126 2.22342248776 -1.66189770128 0.676516257627 -2.40421057459 -1.22385081461 -3.03720881935 -2.26707095794 2.90675589814 0.258674320824 0.751488288828 -0.513040417671 13
18 6064.1166266 1.14153831715 -5.06164922835 -3.85954936858 2.29914304557 0.422052089842 -0.399166863705 1.75760774037 1.33274289418 2.39582684619 -2.50304497514 -3.01134462968 -1.23736723518 -2.87776338053 0.472655095869 22
19 6096.84957511 2.33177212124 -5.81832644244 6.75991045928 0.256618099925 1.87340681755 2.11303623366 -2.0048210636 -2.30070595065 -2.13046961409 -0.755719946333 2.5491050377 1.86877186317 -0.76029510272 -2.87476547432 27
20 6160.90898507 5.20111215489 -0.318124057588 1.39534137651 1.41325271361 2.59534490102 1.84499036404 -1.47362391154 3.04441136537 -1.22861642237 1.17137492263 -2.51443455759 -0.135350345063 -2.8368900003 0.644944387795 12
21 6170.30371311 -1.38134954851 1.90309285612 -2.82252679213 -2.41753778409 1.80701039903 1.43388344216 -3.1193550483 2.49482371765 -0.771868686051 3.03411137238 -0.402766489725 2.8480502201 2.86086874283 0.382378419839 13
22 6331.56997335 3.91905431134 -7.12173172531 -3.20585682407 -3.02579614745 -1.20363292534 -2.16626859564 -1.92976180092 0.675532339511 -1.37282185994 -1.23106287687 1.34709514786 -2.29913058316 3.05387535812 -0.666306010308 24
23 6348.85581093 -3.31000539587 -5.25681020005 1.54522447365 0.981889272516 -1.6371232347 2.59092725532 0.133990000831 1.15327331486 -0.40309535268 0.579077248871 3.00334923063 -2.75104279376 2.12018847641 0.408914635701 20
24 6464.41133037 1.08824769469 -1.69431291023 -1.81195029395 2.8820938561 0.312865444066 -1.1636303255 -2.44857427141 -1.67758792953 2.0019273389 2.16672688667 -0.593175406926 -0.131615124136 2.01375995804 1.62325877087 4
25 6545.26719656 0.741761479589 -6.2225590204 1.90050509451 1.03950529407 -1.49517874095 -2.53752361152 -2.28167059136 0.849004498877 -1.65702398139 -1.92157093392 2.91618185408 1.35827753088 0.0788748959752 0.179086314215 19
26 6566.92848456 2.03766845121 -5.21474678527 -2.67257936904 1.13768569342 1.24252586756 -1.119246989 2.04304867054 2.11833922351 0.100417500372 2.92440237236 3.1237797869 -2.835427502 2.64397807725 -1.02906991551 24
27 6570.3079891 -0.973243315761 -2.81974006634 -3.70539781098 -2.45920105553 -1.02140075008 0.0235239255921 0.186464611142 2.86196220481 -2.18720710331 -0.325511721841 -0.725052016792 -3.13618595052 -2.30020598766 1.18493942677 4
28 7248.46241715 -3.7243315699 0.822205450655 -2.47590239853 2.08907318913 2.48743992315 1.54923631037 0.872583011325 -1.20545250313 0.0219124635509 -2.0082315843 -1.44623361524 3.02065262605 -0.358145164606 1.15706462733 16
29 7389.46096787 -4.35213105559 -1.41919771687 -2.27771026014 3.1226967562 1.5772362145 1.64320395699 -2.98007473087 2.96788761993 2.95481252582 1.27561614387 0.927853869765 0.978429901205 2.19131179597 2.51338208065 7
30 7408.50840971 3.1783368292 0.459538274245 -3.39012047619 -2.03110222763 -1.26148526375 -0.17344933811 -0.318245575341 0.730892867233 0.815532869245 -0.526741769293 -1.76157551857 1.37721320536 -3.09225768203 -1.87194732793 15
31 7421.34094257 1.5886626698 -7.67389890645 -1.64714117432 1.61226692163 -1.26260043657 -1.56842496668 -2.20544615127 2.76278982642 2.00554632808 0.875419792955 1.57333566996 -2.85526614562 1.36074549509 -0.474941421358 22
32 7447.50633732 1.14360212961 -2.25144028994 1.79511469676 2.29968715024 2.98346206894 1.58732842731 2.2112762912 -0.909455382433 -0.34336801494 2.40231624811 -2.50265610385 2.20464988849 -1.64094113512 -0.136349806692 1
33 7449.84508584 -1.83716096235 -0.0465093327775 -2.27551479319 -2.29949546176 1.81511526371 0.681453140024 -0.0759013540745 0.465832242888 -3.09424678033 2.62133587541 3.13089917543 -1.28744541691 -1.36313505453 1.57350336555 13
34 7459.90395798 5.40012887839 1.25895093986 0.438020145409 0.23056042682 -0.138797547941 -1.45880513496 0.532172509294 0.535673556095 -0.0183270176089 -1.56194023429 2.82535529469 1.50037290339 2.48328152747 1.24375919937 12
35 7635.4607385 4.55001454526 -7.0772405359 2.05723169287 0.104153817844 2.27420597511 -2.92083949531 -0.123859243262 -2.96913040599 1.04609275153 2.67771088383 -0.106141240665 0.394240155622 -2.62528858839 -1.89402315721 21
36 7665.97419746 0.433372313758 -6.00905123525 3.73559816921 -0.72165799033 2.98277433664 2.27822292354 -1.44013176366 1.78069431787 2.40642156898 3.1385695591 3.10548820594 2.80430783841 1.19316523824 -1.25342835407 23
37 7868.82263181 1.08714146067 2.30021498573 1.03728069879 -0.422442618721 -1.48132414051 1.63878036589 -0.56726174522 0.82465649465 1.88137053345 2.82121889119 2.58972168028 1.4940110742 1.23957440397 -1.56993897559 10
38 7886.97079413 -2.3607752537 -3.32423267184 -2.28449963675 1.04835573017 -1.7698361353 -2.81301343829 0.901708069073 2.12076693686 -2.51784572214 1.29277858801 2.56725242456 1.45223758171 -2.36359833329 -2.68250046734 7
39 7992.15325156 -0.80579738268 -4.48981402539 3.55074109822 1.23968279354 0.155186000196 -2.85897714368 1.73006006935 0.54454870189 -1.28917933898 1.00938658408 1.17278404572 -1.33821674007 0.9367475276 1.43735330426 5
40 7995.80178571 3.87201648588 -2.55518177587 2.91615092483 0.876816244337 2.03117781185 -0.736215989225 2.03562812054 0.515330033567 -0.0225950928822 -2.71332457772 1.29177961131 -0.318191345393 -0.763550897029 1.38213648872 3
41 8051.82713762 5.16589334005 -0.577071266977 -2.81500215533 -2.79371539571 -0.794228765049 -2.36271540418 0.276216256924 3.13450187501 0.40057574749 -0.896492302514 -0.932238005393 0.124299183537 0.938193586905 1.99264487769 15
42 8240.41037095 -0.427461346963 2.35164819746 -0.111097453837 0.98922414465 -0.814782709615 -0.575414340916 2.59285768141 2.97583319573 0.692505544185 2.98348909784 -1.30094424018 -0.675115701041 1.07699337474 -3.06677877467 10
43 8299.08421855 -3.07351418483 0.266141872753 -2.11072524671 2.0819160033 0.499240132687 2.28726319916 -1.25285257822 0.813128101424 0.738941753765 2.26910136216 -1.71182072825 -2.41147426329 1.31884825368 -1.25522223917 16
44 8309.2205105 4.56900362817 -2.92058474712 -1.31694255583 -0.464402105589 1.0409035472 2.83919466102 2.47186183199 1.72010891134 -0.829960474213 -2.92687796507 1.40332238302 -1.55717339365 2.60812973545 1.02404179386 6
45 8411.28547472 -3.58960660303 -5.74468485588 4.85997242251 0.123528061622 -0.516143933614 2.18801191617 -2.14842688033 0.279872685044 1.68315715637 2.33748345254 -2.98895337696 -1.33820150232 -1.46379876248 0.861673599281 26
46 8511.56630219 -4.70602932207 2.45920918926 -0.497271169909 -1.87117241359 2.58965272404 -1.92178396137 -0.0747229957415 2.90064698074 1.72877747686 -0.497416822376 -1.93611724045 0.359314881513 2.27131686843 0.417591973475 11
47 8552.13737803 4.60774542755 -4.28496840248 5.82122727958 0.0713514967827 0.505671104889 0.0509371346651 -2.66331660825 1.25387991778 -0.702053000124 -0.263487384509 0.459757871779 -2.08272985727 0.743557252721 -0.689369704009 9
48 8688.62861261 4.35067518075 2.49218999971 -3.04508244192 -2.02827786238 1.99508920487 3.09988443616 0.753964008625 -1.52730740668 -1.57542785799 -2.29658963054 1.28390320203 -0.505416478422 1.24556235502 -0.976882225142 15
49 8733.5856058 -4.42651749038 -3.56890700262 -0.853809447709 -3.10791017354 0.742910394374 -2.94535621332 0.926643001289 -0.873966586892 2.65931913115 -0.936741397585 2.38326217667 1.37905379581 2.24649448856 -3.04108886365 7
50 8744.19972764 2.00732083167 -2.9256369076 -0.948310849927 -0.634369985797 -0.154549646258 -0.45901462196 2.64824896716 0.243636134725 -2.24161463888 -2.99349038009 -0.534995358522 -2.29922446927 2.61740031795 -3.01239564433 6
51 8826.36642444 -0.492545876303 2.4977845013 0.869664663995 0.520646666285 0.617997891859 -1.93070464575 2.80654997246 -1.03880570926 2.5708625163 -0.00525027758897 -1.09297694082 -2.85095913405 0.0706345820002 -0.89244909554 10
52 8861.16658109 -2.4039417567 -1.33026708579 -2.21335285976 -2.6975236722 1.06522793036 -3.09833865419 1.48909221369 0.38643949102 0.82182492583 -1.60680391555 0.756292589312 -1.75976616142 2.58813747421 1.20513727698 7
53 8961.76410257 -1.27091988929 -3.06300033208 2.39107678139 -2.95859149432 -1.05167033231 0.898686197253 -2.32651768714 1.36788614491 -2.84547521967 1.04653273108 2.00594851477 -2.10613375596 2.8264037935 1.2525120219 1
54 9124.63974111 3.4385343641 -5.02959355664 -3.30422784169 0.0764090888268 1.22064511231 -0.0728436587179 1.50289431571 0.786091270462 3.01745398527 0.0895220951354 -0.316709378268 1.25859338667 -0.506618332595 0.697898742701 24
55 9196.23302233 3.93444717797 -3.28193565552 -1.23586478146 -2.90131996686 -2.77882790421 -2.43726304693 1.58811580523 3.04974841396 -0.91955345769 -0.0234066478929 1.78212462546 -2.55296458799 0.378528857324 0.537799749031 6
56 9197.15751798 0.0293180807979 -5.97565481696 -0.487676034493 -0.775141493504 2.5324029382 -1.40301518818 3.02629414705 0.119779347395 -1.82851453908 0.233472270125 -2.9497125268 -1.28380357655 0.686915704004 -2.06147423195 19
57 9202.56473218 -4.10447625291 0.0841412581909 -1.31094114521 -2.63705406449 -0.423756443533 -1.13519671044 2.65636725382 -2.73658939065 -0.762704653524 -1.82709313833 -3.03588677507 2.29551020405 -1.73302588709 -1.93606009094 16
58 9231.44897373 4.15107755159 -1.48551824788 5.97430153902 0.17348001176 1.19248370547 0.0840911759337 -0.845759392238 0.228290493113 -1.81387236917 -2.3430688369 2.84613143109 1.10206888749 -3.13408025116 -2.62206959513 9
59 9308.63700313 -3.38332394475 -5.44662823238 4.41419971214 3.11542522203 -0.837108583066 0.71343683474 1.50189552043 2.46246374695 2.31170164312 -2.62254899131 -2.83932474585 2.59351680601 -2.60855202368 2.88990209246 26
60 9386.13055993 4.15290677004 -5.44491527455 2.77028055925 1.76432090573 1.01145540003 -1.97757068182 -1.16375342165 -2.10294440377 2.34505894021 1.25111488041 -1.23023102417 1.01302393514 2.3191991035 -0.789728027743 21
61 9438.24027643 -4.04070274336 -3.98880175815 4.93335679425 0.918767539839 -0.821485441648 -2.70650087114 1.04597257161 -2.54577634966 2.82026480711 -0.8462323996 -2.12784699414 -2.47429040994 0.01677429407 1.13691513086 8
62 9536.43113886 3.95892915032 -7.8837752853 1.99441823553 0.147444365188 -0.299890973878 1.46677599613 -2.88893364976 -1.30479812632 2.74511682466 -1.80334225242 -1.12357574599 0.196333363366 0.0210726460173 -1.57895144627 21
63 9610.77549946 -1.94163161354 -3.99492939431 1.17316050522 -0.540979188307 -1.90135853376 -3.08593662868 2.97434887978 -1.02167703459 -2.21995822208 1.33543522628 -3.01454740027 -0.639137287134 0.309070805917 2.84077524884 2
64 9634.13332437 2.22939833999 -1.23694512724 0.896106198065 -2.38923319256 1.93166143598 -2.46729464454 1.94597771446 -0.843097466035 -1.56782837086 -0.49242674941 -1.38678724756 0.445557765163 2.31151050844 3.12379382003 3
65 9690.14564113 -3.49039357996 -5.53429588735 -1.00055431362 0.15886603531 1.66228386305 -0.0191996916115 0.0250298641182 -2.18592504517 1.4450583167 2.52817469362 -1.49181449428 1.68387346566 -1.19936661652 -1.97906839343 25
66 9697.86616439 1.672556439 -6.99618176968 -1.73882499741 -2.16472554933 2.58704100783 -2.12995111781 -2.8511574821 -1.7418099012 0.557197020117 0.662298185565 2.49920616002 -1.10400687325 0.218633463743 2.0498222032 22
67 9725.65379127 -2.85920652279 -3.64156685344 -2.14646661779 -0.574574047158 -1.13183480225 2.16434371771 -2.16062509036 -2.86148858099 -0.507260374696 2.39955357833 -0.405223746002 0.453638276846 0.995397374895 0.230096421734 7
68 9743.68285428 0.155231039303 -1.61374286871 1.27965790445 -1.11887619504 -2.97134235488 -1.10726591183 2.78683605113 2.02963302103 1.8382822849 -1.88406958476 3.00855169666 2.70444996129 1.59786500079 2.86020677489 1
69 9775.07171495 -2.82830929738 1.82070282484 0.698461914002 2.90627175716 2.38291620864 0.0121615394132 -2.10877037249 1.5173405749 2.333371833 -2.5120661663 -2.55040862052 -2.27345318665 0.414367484579 1.750198898 11
70 9831.39610366 0.00857779675473 -6.86426925673 6.47807502579 2.5725024951 0.513965285323 -0.685155194365 -0.737145407986 2.66767072713 0.75250491016 1.57597001876 2.38375345572 2.11119725929 -1.60286166902 -1.37245854174 23
71 9839.36998082 -4.84598905464 -1.36508637061 1.68696935886 -0.236715689514 0.848347042689 -1.12487724894 1.89736054871 -2.26401154067 0.596514894598 -0.109120950594 0.550152476329 -2.74710787816 -1.1172553534 1.35241576325 2
72 9848.10497684 2.44329219528 -4.93017722404 -2.06535386957 -0.551776447764 3.06133095051 -3.13869005291 -1.60865780925 -0.273416958571 1.28373616483 -1.64939951738 -0.309385315892 -1.11238251439 -1.76987410221 -2.96103112877 24
73 9855.1459749 -2.76771580127 -6.3134130909 5.80686760203 2.3949119998 2.28031502782 2.43677570186 -0.783569991776 -2.71889055716 0.272278674061 -2.40198952646 -2.43582273689 -3.0452223525 -0.708451848172 -1.23550884897 26
74 9891.20561514 -4.66948790973 -6.57965539643 1.65671237437 1.2580875803 -2.614991352 -1.63292683472 2.1776709053 -1.67606254341 -1.9790904858 -0.344733159986 2.81359889307 -1.1512683909 0.312823936301 -0.296273026813 20
75 9954.54471715 2.67660357886 -3.93884298618 -1.87310542741 0.356710950629 2.38673445139 0.731832951986 1.41956582866 0.444808938644 -1.40154661826 -0.842651405947 -1.72195176484 -0.383861884096 -2.76404117207 1.23578844621 6
76 10040.4284037 -3.47337834137 -3.69227561061 2.54527545378 2.24458301989 0.0161009298108 0.424243592787 -2.65996248872 1.50213909939 -0.403463782944 0.386017656368 1.00800447223 0.341019582356 0.448142057622 -0.584701865807 2
77 10273.8241455 -2.84257565962 -3.0317793494 1.36974495833 2.65198443286 -1.20217378379 -2.04042443932 2.98802252156 1.69475870478 2.70775702244 2.73554109636 2.40267768978 -2.06660037618 -0.904138593653 -0.891288513484 2
78 10421.0046701 2.05863222762 1.29760002231 4.03090863712 0.181182328908 1.74383007729 -1.11592619432 1.49042914392 -1.99190801638 -2.56650619706 -2.59403065229 -3.03070029659 1.25191938171 0.928489062038 2.83342268682 18
79 10476.1272264 -4.22228236367 -0.676181566682 0.659135911113 2.31719843218 -1.59602209277 -2.65632054333 0.706345021107 -0.360365187752 0.241211444123 1.83979191045 2.91123016485 -0.724722372807 0.602151592992 2.01473068783 11
80 10526.1894554 0.313598553081 -2.90185642383 -1.08803789258 -1.0024718929 1.07883008388 -2.83387027416 -2.79567536166 -2.22115161661 2.28387851803 -2.15107494059 2.55596541825 -1.58606384484 -2.66108231541 0.737345217434 4
81 10672.7592737 2.61084646324 -1.87605437051 2.24923283492 -1.36068552301 -1.43788851958 0.96101639312 -0.818349333085 -2.13000392637 1.89856150274 -1.25933845733 -1.49276970103 -0.208421476386 0.188449395358 -3.07871482122 3
82 10718.1373015 -2.86324962332 -6.8300077956 2.82219369419 -0.725820519526 -0.961720689139 1.21212147033 -0.373822434955 2.51717427005 -1.30135420802 -0.691013890868 -2.99625811581 0.677997861947 3.11765974624 -0.0385856575802 20
83 10767.1527455 2.45078766375 -7.5856816854 6.66335139107 1.77080275794 -1.11880981631 -3.08270997032 -1.28321391425 -0.343159655205 -0.168168287546 1.85389427355 0.806945672775 2.94547917191 -1.0962579769 1.61817397522 27
84 10847.0367093 1.67664400866 -5.39504168794 -1.40966148454 -1.22263402146 -2.01670070518 0.341352754413 -1.8753058544 1.32215604678 -2.12501623615 -1.04745799431 1.6126959242 -2.25102642616 0.923257709566 -3.1323827744 22
85 10975.884666 4.51791611797 -0.678055147084 2.40883611316 2.01531333342 0.997099291837 0.753594457133 1.41256959585 -0.676077024278 0.508511927435 1.45439783816 2.10143408966 -1.92595783469 0.273409255883 2.86068232542 12
86 11047.4889168 -1.91976288554 -0.0511004663248 -0.409261545265 -1.53181540074 -0.237032567316 -0.733479394117 2.56655820651 2.92281472941 2.49692885372 -0.622366181899 2.07023998417 0.535353781396 1.25463732524 1.2771280948 10
87 11112.782091 3.80264948715 -3.85632548303 5.17350041338 -0.527945029481 1.33445669432 2.27046175753 -1.43357162267 2.63956178539 -1.86550034291 -1.34755913923 2.45920868651 1.55797977886 -0.352596944071 3.10251237216 9
88 11363.0821931 -3.56226557202 -1.29209486658 -1.55347515447 -2.55460260919 1.63502215148 -0.220830962385 2.25830458183 2.33376460443 0.599719866062 1.36026580621 0.992273360561 -1.90227838704 -1.17540840965 -0.971648899611 7
89 11377.1016972 1.62739833225 -0.743822673542 0.0532533269615 -2.97436709252 2.90284093218 -0.548091022681 -1.98156198723 1.33879854788 1.00694055609 1.3409401164 -2.00070967542 -1.68287350076 0.780468497929 -0.934376618514 10
90 11413.6149093 -2.93799574549 -5.76569240261 1.32820416989 0.0759988318209 -0.465097407912 1.56234298886 -0.235200131171 1.42154041718 -2.89042287351 -0.120253970654 1.72012116206 -0.00759716410514 0.117892169314 0.2175620808 20
91 11569.0704645 -0.232832661702 -4.63638685357 1.38151171939 -0.912454558277 0.298099170552 1.20519248482 0.99232207453 2.43271260924 1.90194084518 1.63307235035 0.328661865249 0.697268415168 1.69904979798 -2.97489898046 1
92 11662.7009691 -3.70164887575 0.438696227135 -3.73958715788 -1.36558974087 2.66540841841 2.93585522164 -0.353755154079 -0.398197750834 -2.40183701542 -1.63287158652 -1.60620485754 2.15808258409 1.66384518164 -2.50850180134 16
93 11873.185925 -3.74205839516 -7.54803363599 1.74561120246 3.13109021891 1.36208572849 0.109133570454 2.78384267 -2.16842164307 1.58672625187 -0.758088835089 -1.73554733593 1.47273047061 0.174983320939 1.05511007258 20
94 11952.5090039 -0.852656757234 -0.577588231519 2.13711355823 -1.88738086316 1.47720484671 2.51889423986 2.55686389487 -1.48297967959 2.28224166674 2.92567648857 0.35594655324 1.91705162149 2.39704226351 0.0880275743993 10
95 11955.8213371 -4.7524554009 -7.20744914079 6.79039584672 0.627554345497 -2.40193364667 1.68883349678 1.58608159426 -2.25732161608 -2.40646097259 0.768344719814 -0.556106778393 0.953044465037 -1.17030142217 0.512619577014 26
96 11978.9335979 -0.960050263894 -3.55936731995 -2.44444040792 -1.98358214481 1.60161722097 2.96552762011 -0.240580890436 -1.05513769515 -1.766854422 -1.94241456937 0.851816567037 -0.8935628781 -2.54394898617 2.98344851215 4
97 12041.8915508 -3.66762428984 -3.03802603224 5.88601671962 0.829067436912 3.10397118051 1.30505196761 0.999607008383 2.48960130322 1.97547204173 2.37544891842 -1.65191704286 -0.371002521487 -2.50269897804 -1.31775406087 8
98 12066.9433973 -3.15623847801 -3.64168609391 5.20426869213 2.86398548973 -0.141061867614 -0.235864299483 0.64136558661 -2.67288229884 2.76773299969 2.85939371387 1.40156395963 -0.989718848899 -0.278483747328 2.1649765213 8
99 12167.6801388 -3.7229638608 2.26003431752 1.81782170776 -0.021743914588 -1.39752288526 1.72529939049 -2.17185716101 0.986550618305 2.08046607744 -1.72780428512 -2.60570669269 -0.248781364426 0.0337234345587 -2.24728218629 11
100 12209.5825235 4.99753665031 -3.34771773112 2.39461036885 -1.82366761315 2.91651744214 -0.616277830908 1.99097296684 0.202686960465 -1.82982380249 2.13594253617 2.14097547265 -2.37237671515 -2.07612313434 -0.547109240191 3
101 12223.7179464 -0.296200044259 -3.96855752563 3.49765897525 2.39638907017 1.81513225552 1.8522478268 0.666262928736 2.5586612654 2.05260907213 1.6402450017 -0.393046923601 1.40784660756 -0.407828809539 -0.176637339451 5
102 12250.4637551 4.55153922441 -6.08952901547 5.5042830962 -1.78497848156 -1.92082610682 2.25615294081 2.36626389245 -2.90017390876 -1.48677544625 0.00477386834461 -2.07262427613 2.33829449644 2.18820064606 2.46835820511 27
103 12259.8744317 0.869685272955 -7.58101916856 -3.23743654386 -1.79733286546 1.50678220464 0.836005286679 0.762285993367 -1.5086219631 -1.85052829678 -2.93157164841 -2.91178242548 -3.08666713731 -0.0121800705768 1.21158310644 22
104 12332.7101334 -4.79797843233 -2.96103420154 3.0186731105 2.55673262248 -2.07482190685 0.0619397262848 0.542676458837 2.42931166202 -0.954476977716 -2.75242157683 1.02486969028 -1.06648289718 -2.99916161498 -0.569545381808 2
105 12594.2761558 3.81895287895 2.46586772086 2.44457626616 1.23424076045 0.322560928303 -2.47166208937 0.287744485832 0.95197185428 -0.0477314038281 1.92746287736 0.705945362911 -0.180315378129 -1.38533997379 -2.41382875021 12
106 12624.4879011 2.35096012125 -0.700708083768 3.53142172017 -0.172472217022 -1.80141727275 -2.64511846312 -1.23096117357 -2.28753472188 0.79816565424 -2.74789562213 0.0716615893314 -1.1854864302 3.05097500824 0.933089677933 18
107 12809.0841545 -4.00357345448 -5.05934840734 -2.22973421804 -2.94284239677 0.7013149872 2.47098448718 -0.834809810395 -1.38219588876 -1.92069001349 0.721195369985 -0.215534632938 2.51090771822 -0.0319416018978 -1.88145056991 25
108 12912.0401436 -0.287965216044 -3.05556446164 4.98208055307 2.75652408672 -1.00629303023 2.18890268413 -1.18954469053 2.64097783244 -1.84701763259 2.0922614942 2.27026824889 -1.13926364771 2.29292860499 0.388881804143 5
109 12998.4352592 4.5777662181 2.47146368836 1.48064860262 0.551691299719 -1.34616872897 -1.73290664651 -1.84815380925 2.69027086448 0.895820527649 2.15628645056 0.731564985571 0.636671632527 -1.99847940011 2.56234297894 12
110 13073.7832229 -1.48262446622 -5.04560816605 0.303133555072 -1.82329763204 -2.6832308206 -1.259553491 2.06774224985 2.0799758522 -1.40917835933 -1.20917953591 -0.879296353546 -1.056630718 -0.948332514308 -0.178823491495 19
111 13235.0811537 -4.6277422773 -7.97336883696 -3.59084733879 -0.994768070292 -0.0940258266778 2.22340765473 1.14663398149 2.27893778336 2.06790861388 -1.98932531852 -3.03459502614 3.10009522051 -0.161948700579 -0.799668318118 25
112 13488.3896088 -3.31693483581 -4.37819294894 3.18409033528 2.0768157213 1.65502050626 -2.85279342338 2.52583531238 -0.959509895781 0.655722266035 1.19637308745 0.0190748392418 2.15017636216 2.80951661091 2.03430435638 8
113 13519.6168606 3.41086764301 -3.20670943953 3.33346471503 2.29476608085 -1.11458066354 2.9515438979 -2.66966642997 -2.22566353164 1.79048281593 -2.89058375736 -1.99995521132 -3.06428678669 3.13994003231 -1.71946680534 9
114 13620.1202879 -2.87924036776 -4.53497206222 0.0336875442478 -2.66938582238 -1.50409482652 -1.20903718406 2.04160359832 0.227921494536 -2.68437326285 2.37873049278 -1.34801109427 2.28762766792 -1.2175764493 -0.178332798584 2
115 13716.4879862 -5.31351404035 -5.93472398121 6.46512879617 2.15478398881 1.10963118086 1.58692335132 -1.55083863529 2.17978470065 -1.66466224963 -0.414515414919 -2.66415719539 2.15432988591 -2.28009290008 -1.21975071628 26
116 13763.7185268 0.12615468797 0.649812893459 4.97298428808 -2.62227133965 -3.01574018166 -2.11707668752 0.761101474804 -1.74974387506 2.8607341761 0.575604724454 -1.78853841211 0.569134426649 1.78937352384 2.89872025101 14
117 13838.6910028 -2.47106287782 0.875116718358 4.65615446834 2.82554957901 1.6708077873 -2.0557885026 -1.53940361771 0.884214668804 -0.302451259531 1.24815707328 -2.00206922691 -0.978214654103 0.13693863365 -2.82058694742 17
118 13883.452835 4.49162339981 2.293813623 2.6412576363 1.64708061028 0.401449081269 0.72733014691 -2.93221358192 -2.23580427591 -1.0748337354 1.17634043783 1.02873931842 -0.287588445676 -1.60620697267 2.35991395373 12
119 14031.2675067 -0.412450183174 -5.4794907125 4.35660393606 -1.70158449404 1.62454586719 2.95543346907 0.199830918025 -0.38636712484 2.05212488441 -0.556511638886 1.19955498235 -2.68854643535 2.31178202008 1.10805567762 23
120 14115.1248629 -0.898207210737 -2.04912794817 3.19591324623 2.81423019671 -2.5345537755 2.38407634994 -0.0923539820405 -0.563761882578 -2.46579100283 2.45881797717 1.98584445113 1.10022709788 -0.870063067435 -0.104081518756 5
121 14222.0497827 -4.04611359345 1.92127248411 1.9909837755 -0.595932426495 -3.11689329323 2.60547264721 2.88804198196 1.03142445125 1.57572057744 0.0763163010947 2.75599716229 1.36635787953 -3.08845088878 0.125635204508 11
122 14258.9090163 -1.55393947303 -3.47130923692 5.15475476646 -2.98726121177 -2.9932448341 -1.48033051034 -0.0397363982293 -1.04252504132 1.96533831299 -2.4195980582 1.41447290957 0.0920708993151 2.31581255245 0.206863144842 5
123 14277.0905261 -1.87180704724 -4.17754887498 -4.14154347134 0.974898563546 -0.464995632713 2.24596320528 -0.51996000423 2.16707067018 -0.118900596719 -0.307484771705 -2.76562496467 0.336169253877 -0.98043399143 -2.47429079099 4
124 14354.2738149 -3.27442368311 -3.58864413012 6.61374457656 1.07314421809 -1.88557332463 2.6092740495 2.86901264991 0.0260592420277 1.1906415593 2.22857914488 0.269297199732 0.238050019017 -0.798178823968 2.46215135222 8
125 14515.4578562 -1.43558889021 -4.98921018034 1.01238934294 -2.28906489207 1.63257305792 -0.235136114422 -0.642276802885 0.885186423786 -0.873000160257 0.0146837257118 0.193565965699 -1.27667600608 1.638074903 2.0565351033 19
126 14584.9842344 2.42053300543 1.40336291322 5.28608615274 -2.374873858 -1.22770524532 -0.715603089164 -2.70131968036 2.03010516357 -0.492914389376 -2.60509263137 -2.69059200933 -1.04750204279 0.195626686748 1.56747784925 18
127 14604.2326296 2.38118493973 0.393561876247 6.03761531154 -2.14808436097 -1.46466764124 -0.146684638101 -3.10407843958 1.03087963751 3.03421306563 -1.71092961914 -0.915429793723 -0.448810832632 -0.0711082143372 2.82664898982 18
128 14642.3005098 3.50242482444 -1.27288148856 3.11780194926 -2.23127440201 -1.22053449839 -1.91169384901 2.04731182235 0.903681275099 -1.64298254666 -0.501967670359 -1.97763011917 3.03162160255 -1.7528914856 2.5949095607 3
129 14794.0061244 0.533048647509 1.60436720598 3.20819495356 2.91133728428 -2.24157413035 -0.627649312817 0.898011984312 2.06494092584 -0.0633750827021 1.36516855565 -1.97892891836 1.45931124836 -1.59615554271 2.52309563295 14
130 14876.4902454 0.753855845184 -3.79276616127 6.21650647607 2.60636886964 -2.50024633376 -2.42478100777 0.244712751025 2.38941895865 -1.00552618398 0.887386180042 -2.5418088278 -2.44797833054 -2.97459274625 3.01909720357 5
131 15001.7997413 0.74214840317 2.37096584478 3.80542277735 -0.17822690126 -2.35542995014 -2.09663781452 0.0506305381032 -1.48615660283 -1.23220328133 0.0138894971326 -0.565836944799 -0.0358669554775 1.72138800721 -1.70620683421 14
132 15046.8301028 4.45586966748 -7.94451222736 -0.0220135406031 -2.07978985612 -1.4338859854 -1.49065079717 -1.38232100765 1.77795148432 2.53990551375 -1.96863515091 -1.20361334329 0.652593599761 -1.04229359539 -0.774248888359 21
133 15256.7552001 -5.44185960479 -6.81769124164 -1.14697510185 0.674687019419 -2.9376541635 0.626690856433 -1.29066876657 2.01725113603 0.628440252459 0.498318110219 2.44085458273 0.552806549546 2.90370073266 -2.09671958563 25
134 15282.7671171 -5.22392926486 2.0164939151 1.62995519506 1.70330849344 -2.84274938745 -0.379911094762 1.10643325259 2.68549114915 1.22493429306 1.53933402592 -2.3489493571 1.24580691571 3.07552834156 2.09784806082 11
135 15446.8365606 3.98791971981 -3.29532630921 2.31239948198 2.67821629862 -0.205288043629 -0.0634234590976 -1.10783220112 2.65221005216 -1.5344664594 -0.127779834121 2.34426940247 -2.18260809412 -1.19507379281 2.17317531935 3
136 15523.4100305 3.69942872772 0.893252133233 3.28675848536 2.18357625467 1.82159225396 -1.14221076855 -2.81901241009 2.47136433335 2.35422576701 2.36341044619 -0.281871161563 -1.54479708433 0.35587466825 -0.212363519015 18
137 15573.8785976 -3.68108127565 -7.26106327301 -2.71997201012 -1.2874274095 -1.84063932011 -1.18446998759 -2.24715958433 -1.70591667661 1.52485109373 -2.10341330826 -3.05250727412 -1.40189184497 2.86704975738 -2.99368576714 25
138 15650.8074105 1.27873078484 -0.285808277191 3.35993907833 -2.70209362073 0.352852971306 -3.00413389216 2.28864469071 -2.32567046898 1.61444752122 -0.669027512314 -0.785244349443 2.10162940445 2.40611548339 -2.65453053444 14
139 16000.9600606 0.117173506014 0.779158884566 4.11075372398 2.26512594127 -2.85795589209 -0.805942639695 -1.53496615195 2.92723425479 -2.39513146115 0.416155368114 2.06847528504 -2.56346008153 -1.37853399668 -2.19078703102 14
140 16484.8037005 -5.44963262145 -0.348838311354 5.15708574557 1.69833517644 -1.6037863113 1.60507357057 0.355975879983 2.2328894209 2.85054228836 2.42410606965 -1.49987711527 2.56538540621 1.28390824287 -2.97805259933 17
141 16492.9555845 3.00119949678 -7.84521295063 1.70563258212 -0.829864975054 -2.47383803987 1.27544370095 1.88925134285 -1.6026245637 -1.25923662098 -1.69453103495 0.201946660564 0.980768103645 0.572848610908 -1.28466057755 21
142 16977.4313236 4.80032839953 -2.20791317961 6.32468173872 -1.9260144763 1.29168987755 2.14556680891 -2.03934310702 -3.01946433411 -1.90920245278 -3.07793523413 0.399078474742 1.91041323897 1.72524734816 -0.901558544283 9
143 16977.5135856 1.72112591114 -5.85953809641 5.45650280617 2.73432312715 1.11356466418 2.87301112034 2.55073153975 1.26612624753 0.0525594968437 -0.32416020554 2.11353968343 1.36500514129 -1.62920707534 -2.54433978493 23
144 17131.9334178 4.91633309951 -5.41142955485 6.72205421499 1.80128497601 0.793561990849 0.565502897258 -0.416258030954 0.375575653288 0.0841371641851 -2.65045963639 -2.33765749401 -2.38295233712 -0.983018902667 -2.48478242581 27
145 17584.177428 -2.87185277173 0.130469955836 4.49714799756 0.395113371102 -0.237041159754 2.53659720142 -0.204557347052 2.16248846982 -1.8450564062 1.71325444524 1.13894083801 -3.02344858752 -1.858064127 2.73242993792 17
146 17692.2156794 -5.49793488847 -2.4019991328 4.07017328725 -0.306491845968 -0.128927037476 -1.91759746406 0.0223199717949 -1.46809304442 0.321427493631 1.83528698306 -1.88874206318 2.73583743379 -0.213381944899 1.81184269097 8
147 17767.2435307 2.75473484941 -2.22954660974 6.37439528866 1.25384907652 1.88591171128 0.0674472888899 1.94747263769 1.4050330341 1.8413705441 -2.99927964029 1.06415840568 -2.38464700374 -0.518520865879 1.10495217992 9
148 17778.9118332 -3.49910563758 2.44110094068 6.48030886073 0.459371996509 2.36675883595 -0.0380372195191 -1.90081896591 -2.00413920477 1.73926363841 -3.11690924933 -1.87714804844 -3.01807768374 -1.35228678213 -0.740728087001 17
149 18104.8358202 0.234304972409 -0.680970313224 6.7415064599 2.11233117058 -1.53047005548 -1.20876302697 2.77060136835 -0.0765484734616 -2.03140313991 0.00785691315498 1.96331924591 -1.54855064828 0.491632507871 2.11935879191 14
150 18207.8065116 -3.07893416954 2.46863672181 6.49202728537 1.03523473931 1.89550756252 -1.38040500477 2.2548304846 1.76790162587 -2.39327567232 1.45036665052 1.9578976432 -1.83986402023 3.06037121097 2.16243084822 17
