 4.57635503882 -3.49887475318 -5.34615875724 3.08401600237 2.24956491201 0.439972942459 -1.00020238505 1.75212865249 2.56482892865 2.7178790096 -1.66291303276 -1.96265271313 2.23866521894 -3.02571212747

1 945.976492001 -3.72536345218 2.35484467739 3.97770261651 -3.01261833837 -2.1632553667 0.0734442004413 -2.02461053472 -1.10610034195 -0.521181626546 -0.815560081439 -3.07792666435 2.15916349287 1.59793815242 2.02022142 1
2 1402.78295323 -3.97513442597 0.781866400862 5.55800899028 -2.55749074843 0.0663320721078 0.211059924403 1.14257450533 -1.27562930248 0.0280515030992 -2.97192852368 1.11583935117 -1.83411446332 -1.61442637064 -1.77721298584 19
3 2276.75874352 -8.60376807333 8.96144240205 1.53007477217 2.59408205622 0.810560917064 0.528533127329 -0.0236854934449 3.1263213558 0.506852169455 0.771742093349 1.5381529754 -1.86931444764 1.00188943595 -2.95202377358 16
4 2509.5171182 -2.70745345215 7.09111483739 1.78017004272 -1.53113089039 -0.454101047105 -2.08483343116 -2.86198379099 2.68580586398 2.66984365387 1.8096095002 0.280086458005 1.64206098569 -0.231151008251 -2.05662510703 15
5 2595.29074392 -2.61463417496 7.07639640404 1.7383222328 -2.46482993966 1.71027951093 1.5299772653 -0.958160035629 1.15792916985 2.81732060982 -1.72504801032 0.0165499217539 -0.371626356536 -1.27533317801 0.252501623318 15
6 3237.58592438 -5.91002367387 4.27693196524 4.07072651267 2.97432415509 -0.0279893335325 -1.43141642436 -0.0586133767942 -2.3809013057 -2.82852377126 1.91684484927 -1.69762808753 -2.19224912356 -0.12900507415 2.30247274232 1
7 3281.70352285 -2.14765984361 -1.04802653773 7.48606952433 3.1022913637 0.589598501796 0.911163867657 -3.13292698244 0.186004835976 -2.80734315689 2.82045918093 -3.08717669234 -2.80308364848 -0.613983403485 0.6040833618 27
8 3452.39429092 -5.48291337675 8.35601481713 2.5196137677 -2.93243472134 -1.23771662929 2.85774685218 -0.977405061802 3.08240577089 0.0867528707093 0.460393638981 0.484735216067 -0.417061172823 2.0064168541 0.277949697496 13
9 3563.23642664 -2.86616883015 3.93861192242 2.50711534186 -1.72312112659 0.224559399783 0.523357449536 -2.91447142474 -1.07600156803 -0.572671123244 -0.819616958151 0.977413890401 -1.77077883544 2.35814788178 -2.26643451241 4
10 3586.23936346 -6.22397735676 2.52322449344 4.76333363384 -2.7753263583 -0.504223827197 -0.966471378779 1.98931428553 -2.74038328736 1.35470189393 2.08502742804 -0.0324398583136 -1.73945009435 0.378493740622 1.11046317716 1
11 3960.9524606 -6.22646841647 3.51887924874 3.47134927475 -3.06152464727 0.476573476507 -0.720760303333 3.03921742092 0.944697485389 -0.470466132173 0.727850191374 -0.862440152655 -1.41779114504 -1.21726909107 0.924910374157 4
12 3986.44337316 -6.0243275331 4.14605948878 3.74251971789 -2.66308910355 -0.844642871098 -0.930637309722 0.342381453417 -2.86685398203 0.952887754214 -1.20408361039 0.00356000615691 2.37728500355 2.67265504089 2.18033366039 1
13 4012.97306437 -8.92734547395 8.74058523998 2.94595542081 2.71564618502 3.00257144763 0.370234866673 -2.0237760961 0.526778156655 -2.27930363402 -2.11643115305 2.60094953971 -3.0392048494 -1.39667979671 -0.697664184411 16
14 4885.85025379 -4.20894627598 6.73206243105 0.596297546917 2.44258896401 -1.15228572352 -0.383441572128 -1.79336890756 2.8876249231 0.906709960584 2.01147135225 0.325383684635 0.548577757064 0.397214018737 0.183435571129 13
15 4932.95817193 -2.01212252999 6.27239962488 0.71607995088 1.71500481934 -0.725151703568 2.42361130442 1.95674539992 -2.63226744457 -2.65806851354 0.890606929368 -2.31462976969 -1.47511857591 0.783232173677 -1.10859762951 15
16 5096.08483443 -4.11160605504 2.94926264878 4.28105414512 -2.43818314751 -0.154587020206 2.77004715706 -0.262678996325 3.10199135993 -1.74429682538 -1.34907594117 -0.791090969001 -0.802467255488 -0.342496800146 1.38984742543 1
17 5320.63726605 -0.469998817096 3.38843572497 0.00812333387527 -1.49276214956 2.54509605079 -1.28019499417 1.68874627428 1.14486356925 0.891254427494 -0.0236221561759 2.24079093949 2.93120620274 -1.84578366449 -1.62536649092 6
18 5354.16423882 -0.510591787604 8.90339752711 1.71744277291 2.07514006035 0.937232231962 0.588944435738 -2.6047834401 -2.10505771387 -2.26640103443 -1.17033986275 -1.24728726837 1.58993945932 1.40961269474 2.92483690479 15
19 5522.27857252 -3.70018072811 8.03306660256 2.70980150667 -1.51329533453 -2.71398197255 3.08267241388 -2.47350475043 -0.0263606947421 -0.410877229566 -1.18403134703 0.21559877517 1.94633180185 -1.20742053403 0.950151915159 13
20 5590.38104074 -7.19768861214 3.40062167869 5.82617129342 -2.7878522766 -2.83804872448 0.230618970125 -0.312530009151 -0.551666050769 2.56693777937 2.3028649685 1.48289236392 -2.858281164 2.65926831353 2.09973104372 2
21 5616.49056552 -7.95278388496 8.04344142228 2.4569928753 -2.43734058924 -3.13125923902 0.041948164826 1.83537525888 2.92279460559 -0.907803809389 -2.99026784209 2.08101606479 -0.511296996053 -3.119493423 0.515567090977 16
22 5624.68284863 -4.65892621472 8.91794808707 1.95691238365 1.30299613695 -2.25193706039 2.35324885026 -0.594158344954 2.69894914687 -1.96337516381 2.82620485009 0.980213234532 -1.89344015211 -1.49804479545 -1.5912764914 13
23 5662.38750211 -4.47358482047 2.95191358992 1.35146551676 -2.71424851063 -2.80075998819 -3.12313341149 -1.03146870235 0.182696358734 1.30713366004 -1.28999164141 2.28817962997 1.58933941006 -0.494623830975 0.998212432763 4
24 5825.05461756 -4.75368428382 2.2013148413 1.90234492954 -1.2146422949 -1.1824814112 1.95438217517 0.556710744362 1.55756123957 -2.96324159579 1.05549047188 2.06908726934 -1.2498840469 3.0881679281 2.75526273742 4
25 6447.28520161 -6.17850547202 0.956740231717 2.59198911137 -0.981736642373 0.326149725392 -0.513672337712 2.07628470728 -2.19146054374 -0.770867715718 -1.5830421999 -1.65423657008 0.776708538953 -2.85187638396 -2.97624867179 22
26 6727.15126432 -5.75018443979 2.96344802378 5.89420020682 2.61119162071 -1.04979151003 2.64085407157 2.65779452052 0.545906260938 -0.124847506032 1.70290765869 -1.82394442007 1.85940382754 1.06186365417 -0.528388596503 1
27 6733.09830562 -0.857892633836 8.72688790822 3.05813112567 -0.682437967588 -2.04350816628 0.832244188272 -0.43986603585 -1.64002275295 -1.45693512741 3.0977204794 -0.61199830416 0.606572421609 -2.156895873 0.325091240029 15
28 6793.59974725 0.908168588198 5.20323781388 3.11068347183 -2.22496119672 2.15619589776 -2.07236456491 0.877937425426 0.199826552582 -1.32587206948 -2.77193106579 -0.634600645178 -0.958092100665 2.49201586523 -1.94885004427 6
29 6800.78918048 -1.68366188436 7.15807744758 2.73877478378 2.0285398472 2.10328692598 -2.18962450416 -1.05573811675 -1.39943788245 -3.06666645127 0.288174405821 2.3684653764 2.31114654886 0.559892067276 2.27804302049 15
30 6809.21674551 -9.28033577401 -1.35210243715 8.23711589595 -2.55839166483 -2.77825005985 -0.183876038807 2.72495289723 -2.94584145422 -1.43982885871 0.16226068664 -2.43141489044 -1.74816543972 1.80989935445 1.65411450372 26
31 6833.66946615 -6.46390143253 -0.783370305052 -0.105774502463 -1.81579027413 1.72807522826 -2.81312962253 1.97646896557 -0.854836447258 0.0167053648402 -1.02860070619 2.55941302221 1.38511674939 1.8013938677 -1.81109816988 25
32 6942.69200213 -4.61219978361 8.31515723907 1.2586296752 0.0251086943798 1.39037146865 -1.69030903717 0.535511736459 1.21386066195 -3.14003985953 3.00746120037 -2.41416221169 0.64411842817 2.36361190666 -1.55511106187 13
33 7071.25270974 -0.547818796646 2.27258148696 4.65648717597 0.577417568166 1.48052427634 2.96438419723 -1.2323259769 -2.02430762975 2.84840221536 1.46722710508 -1.64671871631 2.63275088921 -1.67153072447 -2.4431049875 3
34 7155.53486862 -2.259195628 2.16566254025 5.68995515861 -1.8793639538 -1.74143459148 0.565091831294 -0.915353241798 1.96477252461 0.721701954351 -1.573227023 -0.934892046433 2.64195073631 -1.13333099465 1.44714011649 3
35 7273.54627374 -0.363430838155 -1.03711554519 8.51358811774 -1.67722122147 1.22918798788 1.43908689088 1.8851440317 -1.90430763428 -1.08385136145 0.443514698253 0.918880072772 -0.175078044067 0.636387402968 1.31246009379 27
36 7351.20806692 -2.56582046208 8.41786039721 3.60620709168 -0.773936066453 0.00542374740471 -0.125929654068 -0.156104096629 -1.63713172843 0.522647555551 -2.36364723059 -2.77720799463 -1.40885829095 -3.03290053335 1.62843508223 12
37 7367.26620774 -2.13970722989 2.19344487712 0.634412422117 -2.53051673557 -3.03155333408 -2.59946416375 0.367156549863 -2.01756598376 -0.141470428815 -1.32062947567 -1.45526487807 0.339235963797 -2.81847319941 2.30868105383 6
38 7522.33247788 -4.76544195656 2.70923726574 2.10030859915 -0.522364363412 0.143515352693 1.82950184753 -1.43362563635 0.645950891066 -2.09820351449 0.149293457545 1.1781534223 0.505998191837 0.00432166251711 -1.88554254729 4
39 7589.29434199 -7.71157624733 5.2067182656 4.02309710031 -0.171224679223 -0.478567537275 -2.30832123961 -2.0348917989 -2.03495502296 0.534795821291 0.617767861735 0.124785321366 -2.22928786465 -1.40907449204 3.04274994851 2
40 7651.98606806 -1.07308236432 7.45564517724 4.5444245894 -2.59545007639 2.57827322307 3.04172842453 1.69978355775 -0.469290661482 0.360050156858 -0.259218685749 -1.69140556979 -2.05695759311 -0.166597883508 0.916262224979 12
41 7725.9670665 0.234099266722 2.84059646554 1.83993436514 3.0793070912 0.184609222306 -0.614885548572 2.24781765956 1.2139117749 1.28864935975 -0.363939924078 -1.11320162948 -2.91259738306 2.11122291923 -2.61546567681 6
42 7774.27572991 -7.58761187622 2.26491446726 6.65313274125 -0.478615837745 -1.61609958071 3.08401218581 -1.40553951157 -3.14075157458 1.51198963265 0.626910521077 1.07053317867 -0.103229962113 -2.54139383981 0.276689289634 2
43 7775.97146464 -5.63751596781 0.670698428738 0.0744789044345 -1.93258273389 1.95673527677 -1.58720465392 -1.05103764228 -2.47773578199 2.81190032537 2.74244594141 -0.664404319192 0.155273461188 -0.941770682455 0.0864228983053 22
44 7826.75669637 -2.6839847993 5.98388157219 5.80970248792 1.51516412989 -1.37059060065 -1.27754223337 2.57115172983 -0.0997952528665 0.536504160645 1.13053453804 -1.6235654528 2.31454999061 -0.107703364648 2.1928081551 12
45 7890.98415678 -5.74225923109 0.292477623442 9.50109402172 0.831065940839 2.70620488802 -3.09235584033 -1.93074667817 -2.83677087006 0.855296140024 -1.36814868156 2.58505064483 -0.129642599248 -1.31128968224 -0.31241176001 23
46 8011.8774841 -9.44966620196 0.57206375539 5.2328156867 2.38993814303 0.796654096404 0.0889680600648 -1.75688645908 0.0369375690937 1.91676615536 -2.12638143471 -1.89400111382 -2.18079411511 3.06361727288 0.448651618085 20
47 8082.44709791 -5.09380017194 2.9553274016 0.459077025893 -0.768486213669 -0.529292898555 -1.36751910683 -1.48888666137 3.13968528864 1.69799442976 -2.09025750502 0.586373671898 -1.1019725942 -0.93131411276 -1.4582045788 4
48 8228.26474091 -0.150295793365 1.16699895993 0.189560097971 2.37273471824 0.566922394729 1.09685596954 -2.4976558533 -2.97063258493 -3.11741749869 1.11017664492 -2.99040140247 1.89507222879 2.1834695121 -0.633295375831 24
49 8452.1296964 -1.13846034765 6.55099393988 6.5351030221 -2.20852980658 -0.0682923335362 2.98267066157 -1.62115205178 3.11878545105 -0.926898746911 2.35618439024 2.35295095408 -1.62992423399 -0.818305797074 0.69102682246 12
50 8457.23308511 -5.66917108348 0.213308028277 7.65823998111 0.113796845347 1.65152053727 1.73251550486 0.661059675524 0.484833633282 1.34559660473 -0.290956740034 1.96121136216 -2.09714017495 2.55796012812 -0.493066953884 23
51 8540.29501073 -8.75600915536 2.67351300436 1.60081414638 -1.86560536108 -2.99668901194 -1.32222526622 -2.3975122036 0.438273689955 2.41888959081 -2.68986516038 -0.465858562088 1.07882287318 -2.83808860149 2.74066730409 7
52 8551.52043379 -0.381221752674 -1.14707609873 8.88765095891 -0.915860731 -1.60855107219 2.74667470746 0.0493246354309 -0.956346539502 -2.31032301172 0.954544688134 2.78778712788 -1.30774847805 1.85588786274 -2.91468391877 27
53 8576.54718183 -2.4837516393 -1.1313011178 0.880219938483 -0.234144040381 1.8528193018 1.12018472904 -2.5965997106 2.59130068268 0.176848154237 0.86680635812 -0.281028581314 3.0622531311 1.957812285 2.3205013512 24
54 8612.97171198 -7.05673158708 0.129795334336 7.70912103757 2.65587795372 1.80297461453 -2.4772793694 0.788721363269 -0.411702268141 0.0943869199701 -0.0911026394299 0.759945371603 1.87703360217 2.88638406898 2.32033655087 26
55 8633.04127569 -8.64518397465 4.71864931132 4.64725227435 -1.09307878151 -1.30949884443 1.79891810802 -0.378357268257 0.516970705671 0.13377818198 -0.49647542448 1.50519925545 0.635140327023 -3.03167510883 -2.11704065269 2
56 8688.40915493 -9.57410522227 4.8125766397 6.37590510378 2.91808409617 0.0748796675829 -0.0506948972016 -1.86397204287 1.12078327928 0.824230861539 -1.47970436014 -1.93092326827 1.13572121557 0.910626808513 -2.83443360524 2
57 9048.53347563 -7.72964569484 3.3017985595 9.32368955716 -2.45488733858 -2.64975720028 1.34098784301 3.00511351994 1.72758829944 0.767780309406 -0.281825781946 -2.99996639735 -1.6974062295 -0.62097592956 -2.17359601148 8
58 9186.15734232 -0.183849122099 6.39458041699 7.91816766169 3.00934811612 -2.51301727865 -0.163512340454 2.46204509197 0.158892952096 0.553000261855 0.516732978718 1.5349559378 -1.65191691837 -1.14671856043 1.51954295743 18
59 9257.76515358 -0.630149472955 0.585346313212 6.04646030686 1.66832753726 -0.105893935451 -0.00215222133682 -1.36278541931 0.0871038970628 1.73459790054 1.90455132498 -2.99583547135 -0.722218150362 -1.55233257093 -0.509590334949 21
60 9300.46210243 -7.89183129356 3.02518248153 7.83552892867 -0.3527326032 -1.09276076554 -0.189571576864 1.67456027672 -2.90175610441 -1.26342251148 -2.77434122876 1.9450638872 -1.54365217302 -1.27819005937 0.552723263665 8
61 9309.00923752 -6.00981739346 -1.23934363002 6.90281573101 2.29012218859 1.48916026243 0.932229379681 3.03668060238 -0.453591566645 3.11448204961 -2.35669355089 -0.669933745664 0.443319069382 -0.576064107036 -2.11100089171 19
62 9317.98749333 -1.38803755267 -0.53063182372 6.71940574047 1.96240922707 -1.41578346957 -2.4604417363 -1.98938107154 2.89408612186 0.338924734756 2.92799389883 0.382749975159 2.24371084468 0.71115798491 3.11027586918 21
63 9381.5641073 -5.02296995654 8.33365641838 6.52089692402 0.383200345067 0.57969383915 0.594455446418 -1.74595767974 -2.51555408676 2.67077035675 2.76722075825 -2.98900839147 -0.412749479369 2.95000295062 1.2483927782 10
64 9669.15616055 -4.15432977688 7.29531527192 5.10358343664 -0.933615297899 1.40089585706 3.10871289259 1.13955926411 -2.11995542078 -3.05348992484 -0.200201461343 0.730274743897 -1.7430165136 -1.75051818701 -1.86332929376 10
65 9676.35443097 -8.44055293026 7.78749408875 5.03074964693 1.0196847498 -1.89768686849 -0.948372986453 -2.59397209231 2.90405148714 2.96657797972 -1.03270230006 1.10347938135 -0.531493039868 1.32237366452 0.818481487869 11
66 9740.80107509 -9.16763041191 1.84790288625 2.05305493995 -2.357104072 2.2737107134 -1.61365708893 -0.554991878061 1.11769763276 0.0606245162379 -0.229559255704 -2.89330473675 -0.860428665433 -0.502553452427 -0.679575020553 7
67 9799.91850936 -0.191761706623 5.14077484702 4.71311276234 1.7020010231 -2.35274344123 3.08029237602 -2.54731502459 1.46651315934 2.4025351755 -2.6208254737 1.08931608861 -2.66769547305 -1.26973274246 -2.75633704276 3
68 9830.79817756 -4.8176508665 5.99351656404 9.05568681761 0.812818272892 -2.1830339833 2.78451272368 2.13623285073 1.34803035776 0.0365971405419 2.98120336922 1.57897317078 1.64968056657 -1.03081298963 3.09386857496 14
69 9846.12432696 -5.99793364449 3.11857990673 7.48088370271 -2.0655827834 -1.95512842788 -1.10275493238 2.56245420216 -0.537086071892 -2.41788148165 2.36571685733 0.217521988476 -1.32569231946 1.4916078283 -1.94547327175 5
70 9853.16967362 -0.457520943666 -0.283486097988 5.44294005988 2.3924898021 -2.88898658458 -2.48877750677 -2.64399673174 1.66466577198 -0.0755750790712 1.2897861371 1.70011329101 2.73705171158 -0.562254700939 2.1753095162 21
71 9863.08651931 -4.04949030264 6.89720016776 7.22459380006 2.02804000687 -0.225596296383 2.74188917637 -2.69764353168 0.501794993138 1.28053029209 0.861076269459 -0.268765422159 0.0382660337656 0.956393478649 1.76832912556 14
72 10022.4358318 -9.37182392282 5.88298235646 6.89239728868 0.121535287276 2.82429972884 1.98652063236 1.02868761832 2.34390771815 0.145983426936 1.19518704442 2.40314050547 1.8121639697 2.14770849395 -1.87043188477 11
73 10091.7004662 -9.37457779071 8.41126640025 1.56680125637 1.75352438612 -1.1507145093 2.77639943359 2.01382681408 0.939014225943 2.34350225034 2.1099397455 2.1850162289 2.1172986273 -2.94708155007 -2.33296158487 16
74 10094.7559806 -8.32298485554 3.92701206662 10.0289839903 -2.11642373685 -0.806072413007 -0.508302545719 -2.7768101131 -2.70012784867 -2.48206839172 -2.54831633365 2.89307745177 2.99992320918 2.98303871558 -1.59299198728 8
75 10171.8337155 -10.033604384 8.91331487768 1.94106622699 -1.67058558652 -1.66186308998 1.83403477657 0.187212500298 -0.907114050887 2.77038511326 -2.87547460402 -0.322961866897 1.22415618783 -0.519992564322 1.45738754809 16
76 10252.084112 -8.00382342683 5.33271905713 5.33771953299 -1.28383944135 2.83381641371 2.98497244096 2.08474322417 -0.377821991866 -2.05765284101 -0.268032319392 1.25625380527 2.20525027788 -1.00099273878 -0.644963054724 11
77 10299.8197923 -9.10509971594 4.49741301769 5.51126485476 2.35517752607 0.180729129974 -0.285030699484 -1.80665040596 2.45280955698 -1.94376523781 -1.18163071524 0.247301597179 -2.7543402213 -0.285818761113 -0.376825718466 2
78 10328.7059973 0.641802353081 1.96055940834 0.638529255792 2.67288213203 0.524490427768 -1.81139728001 -2.11225719168 2.17024950084 -1.04253719562 -2.32431400495 2.48610337894 -0.418247481875 -0.0633482302202 -2.23145033232 6
79 10337.1818306 -3.15128999787 -0.779448465366 7.04558292324 2.67854592094 -1.8640333235 -2.23310176045 -0.124984234796 0.712789480755 -2.08707874641 -1.72479245991 0.590138556345 0.522520173462 0.0818010815453 0.162517410834 19
80 10360.6963739 -0.621547482235 4.05739069957 10.6797153359 2.53211500762 1.52728544305 -2.62292760715 1.6326560808 1.31159816808 2.77937068395 -0.25689538221 -1.56769368399 2.51672893729 0.314684230109 -1.12558480154 9
81 10621.3215703 -4.54970592988 6.76133790398 6.06425320923 -2.59793020063 -1.47372073694 -1.05972072707 -2.38035086634 -2.41637314974 -2.51893857083 0.120057629628 -1.09637499831 -2.35341551433 0.219769283081 -1.44593614955 10
82 10641.0775728 -3.59221490018 5.90549309987 1.31942495213 -0.00739295278279 -2.73335633698 -0.162479916808 -1.49001046924 -1.18684509407 -0.80579358898 1.25314012145 2.10059679126 -2.59852861622 2.03035558751 2.7355751489 13
83 10722.4946153 -0.996554371989 0.356979798158 1.30759373713 -1.47732401024 -2.74363260717 0.925213222277 2.34455834237 -1.88951892677 2.86204039645 -1.93602557866 -2.2590260343 0.272074835733 -1.30174500838 -2.94667087335 24
84 10806.6257144 -6.07354008841 1.36150623875 3.29228694514 3.08593946534 2.4266907329 -0.321475965063 0.89201156153 1.96286672789 -0.378752359141 2.27182923169 1.46833219979 -0.187871710663 1.72892936224 -0.485524233076 22
85 10939.2655989 -7.86667775718 6.30701011874 6.01727321773 0.00541342610405 -0.208211534455 -1.29181696662 -2.86028905129 -2.56066771258 -1.7541638273 -1.12740012396 -2.6022837884 -0.15141248142 -1.95541216198 0.328237810096 11
86 11012.9456575 -9.44846712842 6.27239931563 7.57103411778 0.165039487102 2.39006680083 -1.21782033365 0.829753631194 -0.631573418746 2.23422471001 0.525820119208 0.545728480822 0.492744061557 2.80306806021 -1.62755719936 17
87 11228.7281081 -8.89509431569 5.02913671555 2.73102881439 1.74328398866 0.720903812681 0.675812634433 1.47446283271 2.05905960197 0.563369534193 -2.83040310896 -2.69723047602 -0.658867507117 0.774511842307 -0.554820134749 7
88 11234.5608955 -5.44845201495 4.94930124706 7.449985624 1.5336697889 0.922905862505 1.21811123904 2.41873206691 -0.545278456774 0.638832367288 -2.93163024373 -2.8116219928 -1.18417463307 -0.487612446566 -2.19395171659 5
89 11248.8728397 -2.91268552354 6.59246320403 9.35653020267 1.83418142117 2.49076886216 1.27167905003 -0.146103224902 -1.21103816052 0.625940346216 -2.15063664513 -1.51551148815 1.3918856649 1.89953459731 2.57929781908 14
90 11259.0302013 -9.73626029888 1.31478499405 10.5916137935 -1.62253597244 -2.46529389625 -3.07391818923 -1.84799427603 1.21626140816 -2.42822684703 0.948219244922 -1.60964006084 2.90736801583 0.920816258838 0.224541186959 26
91 11301.0598704 -6.46260695542 6.60392566486 6.46419796757 0.261469536492 -2.15068844967 -2.06331270476 -1.70709421682 1.99591219979 -1.04746422437 -1.82260601116 0.839739993583 -2.39977399579 2.25423801629 0.201170794368 11
92 11364.7891516 -0.149080082026 2.98990161745 1.26664395269 -2.80801642315 -2.93644955758 -2.05343007796 -2.09444106599 -0.218112363551 1.87297907822 0.525046305407 2.42163759431 0.529290175937 0.791703094935 2.18646006214 6
93 11427.0520295 -7.35536797772 -1.60343575821 1.73116504556 3.0614012252 -0.659767295068 1.64663958507 -1.76170132432 -1.8605257752 1.29824257039 -2.64063204511 -2.73552985376 -0.0361904116776 2.06688195351 -0.858941440089 25
94 11440.5475678 -0.830146368717 6.49463406772 8.32525859254 1.80448877283 -1.91114296337 1.11492242355 -0.319000506258 0.100551110294 -0.568886769157 -0.343363857808 2.76816973157 1.58062274714 -2.66576966667 2.43814878465 18
95 11444.2921966 -3.85553412586 3.02811924803 7.45995352912 -0.822766209305 1.5394339602 -1.53590235972 2.19365715961 1.86363916239 -2.77843309353 -2.36452156079 2.05571042356 1.8840164109 0.303702997496 2.0964277353 5
96 11563.1464506 -1.03984418786 4.27626596109 7.7839644515 1.19293388586 1.40056154399 -0.447238328891 2.27020200602 -2.76382885407 0.552261756114 -0.562018384596 0.14001172401 -2.04955795047 -2.81539727303 -0.779950857157 9
97 11581.4594744 -7.04189208449 3.87013801651 8.2885869332 -2.99523197547 0.0486509791925 -1.11793425636 1.53946492686 2.13864485712 2.46135565604 1.49227670822 3.00409016789 -0.122638495813 2.31645337245 -2.07952991619 8
98 11632.5038174 -4.08766460333 7.24465090789 7.3224590685 0.588227143083 -2.84821416734 1.53429018869 1.65259092194 -1.5250103278 -1.82645883425 -0.496299528727 1.1344257837 1.90648131815 1.65508539243 -2.69481406779 14
99 12014.7344466 -4.20385814427 -1.88503499671 4.31326831638 -0.70984424868 2.45598304665 -0.159222336897 1.34475372819 2.41785457943 0.724113258267 3.10058688041 -0.27973681653 0.986227485902 -0.545857536067 -2.12640233887 19
100 12135.6248016 -5.66283363407 7.33090625805 5.6992912832 2.19567789058 -0.339568245904 1.23409951639 -1.62647950363 -1.96249630953 1.51822286868 2.69854981002 0.996813458688 0.925582332542 1.37466940695 2.30794841423 10
101 12177.6053078 -1.61922466764 -0.495940140962 5.11533759567 1.54103386098 2.21077183114 0.564182165214 2.99939014598 -1.87660863619 1.31436129896 2.22845422645 -2.11598525374 2.78689034598 2.63579659683 -0.0347994593629 21
102 12182.1062097 -0.585466816646 5.48351490819 8.66273005737 2.05104624018 2.43633873519 2.995224893 2.89223361316 3.05917190537 -0.446185977123 1.25133639512 0.392652469775 0.261737340878 0.48086117547 -2.41285529972 18
103 12228.5175219 -5.44267287987 0.939044083336 7.58121798592 1.43370027312 0.69863263372 2.12451947289 -0.659532271078 2.76934337072 3.05620708919 -2.73374856152 1.53684025609 2.00406526184 -2.24789006949 -0.633357665682 23
104 12250.7001014 -5.36334867407 -0.584640570652 2.51870811972 1.77645638527 -1.89706059605 -2.48394155146 -2.74533075054 -0.895390083773 1.74095798234 2.13496212959 -0.285394234017 1.06183525444 -1.85341404261 0.207818240552 22
105 12305.3316441 -2.79529275517 0.183939636917 5.5630019329 1.43294457661 1.42155280437 1.18906336397 -3.00845038473 -0.899717286408 1.77544209243 2.05044651896 -2.60816014185 2.8131920274 -2.57364785331 0.722963535848 19
106 12416.6339215 -7.96061423744 4.73931789445 9.06285037892 -0.949810259473 1.88052226851 1.29921737971 -1.75059806284 -1.29717932034 2.12866861275 0.0450703875122 -0.10748208605 1.07258346859 -2.4015946057 3.0877627977 8
107 12523.0925027 -7.31387590094 3.69546538647 2.99400067451 1.3581335775 2.5871022643 -2.43132114501 0.0672535910884 0.331260351161 -1.84518238009 2.74110403388 0.129548227895 -2.33925424651 2.31683921088 -0.261813961506 7
108 12594.8464453 -7.33201120943 0.149546902805 0.762623250141 0.459064628447 -0.955664454147 2.85054655601 0.150499151542 -2.30273272416 2.5444459363 -2.10452289123 0.418176378806 1.59536525771 2.28262513687 2.72280356454 25
109 12633.5983307 -7.68054899209 -0.957125700988 6.20807999511 0.520494404427 0.575149480991 0.769927050285 -0.838172706104 -0.214936378351 1.78301377307 -0.842504144571 -3.01283440775 -0.936282732399 0.0395576102527 2.8423534858 20
110 12705.425502 -2.10901653235 2.53231458974 7.50275259958 -0.277030820434 -2.54262348617 1.64447657453 2.989614495 2.15960957512 -1.45200961304 -2.75060728874 1.53597577779 -0.560416621659 1.01721208203 -0.913825982878 9
111 12838.4929578 0.205091516233 0.24516988948 9.78919905701 -0.937806930053 -2.37249138957 0.154771372568 0.831668539669 -0.263826570014 -0.731705136486 1.20064433893 -1.34017167973 3.00243896875 -0.956567658401 -3.13543792376 27
112 12868.1796406 -9.97621585667 0.842596083878 9.80683007158 0.837452693261 1.34035987234 1.33876720281 1.52419519056 1.96999643886 -2.37236296245 -2.30117767953 2.88302039746 -2.81052170032 1.99227676352 1.87999450096 26
113 12879.195111 -2.14244409317 0.580603371252 3.23669190765 1.80274861649 -1.58234736192 -1.18086577053 0.673543576512 -1.02709727383 -2.3159564804 0.770476610193 -0.776547887522 1.35182894509 -1.28984911923 2.41605189456 24
114 12948.0372028 -0.510024449985 0.0610290461738 2.53755204437 2.83263850664 2.38734981206 3.02228493828 1.48579092665 1.09688322695 0.720531530541 0.623473717743 1.99611239759 -1.02320115981 -0.774008807628 -1.9028210937 24
115 12976.0709854 -1.91155435339 1.7874623369 9.62111620353 -2.5690569209 -1.56861828048 -1.83032039985 -0.597289478872 0.100740671903 1.26353513414 1.93270372973 -1.13571974147 -0.0173491898622 -2.0255830245 1.66210396177 9
116 13264.9608442 -5.45473521929 6.55069972554 5.88476461865 -1.99495612583 -2.55235093811 -0.117814217821 0.6538543731 0.758920469553 1.65297311344 1.15243436723 -0.598615752897 -1.58637993286 2.49000326053 -2.0692279124 10
117 13312.693319 -9.06137876191 0.360561856049 6.27395000999 -0.753204294895 1.32453369434 -1.80093484087 -1.85962842921 -2.56950113573 3.04584502689 2.85834608921 -2.00525126168 0.307254556493 1.17270112901 -2.41674035966 20
118 13329.346013 -5.83401418585 5.13343897077 9.09158929337 -1.80461243621 -2.26303489829 -0.601923756918 0.649724691379 1.58587079524 2.43111833175 1.15076285029 2.68144422269 1.79625741128 -3.07331013302 -2.62800269352 5
119 13351.2255484 -5.13646132327 7.46189300938 5.71989062907 -1.27583516207 0.61929109421 -1.55111014577 1.61906477994 2.56775631983 0.275870262588 1.26630659604 -2.33499512889 2.31861520131 1.25122201372 0.793340387964 10
120 13797.825886 -8.70036881669 6.45587188215 5.90632757269 -1.96649044783 0.400962535517 -2.12163218984 -2.11605227 0.332474669012 -3.04226075101 -1.06809889559 2.05492924848 -1.47550982016 1.73939365025 -1.72975740896 11
121 13941.3353527 -3.93857631172 3.91010221152 9.51165259995 -2.95805150288 -0.34111186391 2.75923127748 0.692737602342 -1.06240639481 -1.77282469638 1.16019494485 -1.92524226083 -0.852337996677 -0.384732651306 1.41286439904 5
122 14031.7819015 -1.28691875524 1.84641277527 6.9080380741 0.957670501322 2.0685662561 3.13412016047 0.459706387534 2.9726462345 -1.70706234566 -1.34494945308 -2.84219637765 1.08687978689 2.01072284968 -1.39761358675 3
123 14263.0874588 0.475977949312 5.36160388418 8.12934091935 -2.87172189847 0.767594940889 -1.4153142577 -1.22343562136 3.0279448197 -0.173343716099 3.10588211917 -1.71480211684 1.51992308532 -1.63497086989 -0.41143394557 18
124 14333.3097178 -9.42375989914 -0.137253379887 0.950125634341 -1.63939731411 0.870879122757 1.69275111202 -0.713984947664 -2.25062913991 2.06677469761 -1.4674598521 -2.08659301629 1.91212834456 1.66255216502 -2.25361750916 25
125 14368.0106848 -5.4122837777 1.41852864345 8.13963295394 0.432532978765 1.00914195492 2.51064476128 -2.1843512847 -2.00816941792 2.23324068761 0.492346501254 -0.787435262762 2.47433056053 1.83910560301 -0.224995657863 23
126 14504.5722071 -2.0533376872 -0.00515004949217 4.26336236393 0.537264719585 0.963751865271 0.587648771949 0.945109162258 -1.13159467769 0.0786445881051 -1.3201940543 -0.605999117874 -1.37207522622 -1.27718041905 -1.04043782363 21
127 14515.5247245 0.25850611442 3.50858361655 8.0441143872 -1.77907573294 -1.96789594512 1.04253971231 1.64559154667 1.23142480635 -1.5265186217 2.13112917516 2.55999058771 -2.4145866901 -1.49834579745 -1.16127125799 9
128 14553.4118709 -5.03571499223 7.81661573525 7.74483113867 -0.231573112131 -2.83182814642 1.85174629636 2.88099364585 1.85592814695 0.0846768512446 -1.45482258285 -0.583626278718 -1.92111045773 -2.63965065178 2.74650161692 14
129 14592.1518884 0.85247243994 3.80161358879 4.76360598505 0.839821642065 -1.60446840263 2.52452036585 -0.498870469319 -1.62000343815 2.63592851959 1.39277927468 0.622861278691 0.232864087745 1.31100343672 0.523657734064 3
130 14679.4732066 -9.26852948744 1.81706935078 0.330909946096 1.08029450408 -1.8219505756 2.53657188301 0.439311125711 -2.82444189574 0.182427866524 -2.24626341358 -1.59991745594 -1.89923918663 0.414022878214 0.364043070679 7
131 14778.9681822 -7.99500372765 7.92121355979 7.48913302225 -0.83133996099 -2.56686614546 2.7973139057 -0.685552790299 -1.13931727463 -0.748802149216 1.50469807435 2.36560365015 -1.92811815021 -2.72485513679 0.101257445706 17
132 14783.9763409 -0.46365625321 5.22277751814 7.12531901184 0.35753150396 1.96008006116 2.57676142466 2.70604891299 -3.06499087611 -3.09960515913 -1.73912661541 -0.683465845747 -0.325392613423 -2.86091619919 -0.319790094972 3
133 14885.9731444 -7.16595658455 8.90760474202 9.50458910201 -3.08110775465 -1.88922774742 2.49447212138 -0.742470341866 -2.9240859305 -0.621811184197 -1.34721002893 0.508125608128 -2.80019010659 -0.663032948773 2.797595101 17
134 14917.4578875 -9.74729221635 1.23919061809 4.67480321622 0.330568373911 -2.32416390421 -2.92229342927 1.20489099733 -0.860483193164 2.01121110275 -1.69667074003 2.48756578733 -1.18836750506 -0.552193200107 2.82465748647 20
135 15168.3288701 -9.02268198685 6.36578293588 9.1584208936 2.52156946466 -3.06020710927 1.75662695117 -0.582798722494 -3.06318034219 -0.8616517667 0.302487448625 -1.97264026538 1.23607691754 -2.65059008674 -1.65158395452 17
136 15169.0324974 -3.12615517366 -1.86314783449 2.57804051219 0.40844749609 -0.3457630033 -1.99277856243 1.34015480782 -1.93444664834 0.568537398466 1.41211140611 -2.86448620989 -0.458314575845 2.60634616716 0.299518854111 22
137 15276.1382151 -6.58610328623 4.44126564546 2.19386171788 1.66778950511 0.358720962338 2.82911819997 -3.09290785185 -2.39660970157 -2.79263278753 2.67484944977 0.549327489751 -0.788107082318 -0.830455040769 1.6997047353 7
138 15437.346556 -0.570645305153 6.05639017972 6.46675739713 0.0242952038045 -1.49773395526 1.2315831463 1.12496856214 -0.213042227628 -0.314149854296 -0.744591116367 1.66795934815 -2.89742651191 2.59116257846 -2.80257167488 12
139 15450.9058826 -7.43249862312 8.63977000503 9.8751935233 2.04975612947 1.25387550153 0.917607117269 -0.301816613506 -2.57309919537 1.92227834336 2.89125180116 1.36176542674 0.780022301565 2.53086028981 0.259622168122 17
140 15522.7092115 -6.34794144214 6.52710726478 9.52287020169 -3.04332178337 1.51065397155 -2.99677171808 1.5788365214 -2.51762847434 -1.61825879809 -0.411308364818 2.14934833075 3.12969719323 3.00729233464 -1.91759307726 14
141 15598.818432 -3.36394639941 1.35498283642 9.04382846 -1.34495038356 -0.227017589078 -0.0631036479913 0.174773138536 0.878179133774 2.34593738913 -2.29424279429 -0.227367764043 3.01029749904 2.30055295309 2.45306636693 23
142 15610.62196 -2.58818049156 2.85432250494 8.11622242323 1.09067436776 3.02235346775 0.224308458846 1.72176736196 -2.13617997205 1.8474808762 0.47469977024 -0.135722248596 -1.49863100586 1.4430534762 0.324578404494 9
143 15690.5037969 -3.5253361744 5.23331727282 9.69507514257 -0.111384308498 0.293158867401 -0.417232204734 -0.111670617108 1.28961248921 0.103357278941 -2.22508265934 1.0108655421 1.85898506467 -2.90292046232 -0.267685524639 5
144 16039.79271 -10.0355627911 4.18764816875 7.18474538808 1.291711372 -2.6212635818 -1.94126923893 1.70868001321 0.963188402245 -1.89617857821 1.06762419719 -0.745055476657 -0.95179083625 -1.81738215948 -1.75467981919 8
145 16068.4644514 -9.75100241745 -1.106264281 7.84732322197 0.170807284116 1.5096636529 1.5292220481 -1.89438521806 2.04627954243 2.0118762512 2.56075687437 0.721709214571 -1.53646319611 -2.96588827681 2.64073839087 26
146 16668.23746 -9.05161534924 1.32927551056 3.70172683367 1.49530735617 0.204316069268 -1.13433664411 0.738401331453 3.04500289345 1.99223295761 2.55616535148 1.70700215766 -2.31250560654 -1.42062676151 -2.22481875216 20
147 16695.0959407 -0.520717498181 5.57467750716 6.37195108944 -0.269476328766 -1.65471102976 -1.06722082302 2.83220797935 0.0218517121012 1.22262223312 -1.21180984305 0.762072375577 1.78849656552 -2.29179560268 -2.07835590139 12
148 16802.3445259 -8.64308476317 -1.5349045126 1.63982751271 -0.807922643113 -1.40563381888 -2.21482970943 2.49088810387 0.583451784588 0.509138617639 0.709161445062 1.97844399333 -0.988248708586 -0.491979140059 0.37410049809 25
149 16806.8356635 -0.178910239308 5.78949174585 9.72380345066 -0.696205038863 2.75763222417 -1.03689028048 1.96393808817 0.908152921511 -2.89221901667 2.51040874435 2.77008339445 1.9579449633 0.433469117431 -2.05613904002 18
150 17328.2346982 0.583426458518 -1.1726318559 10.2662854785 0.259652971259 -2.6079763248 -0.287910172397 0.369904604108 -1.76249363462 -2.78095705745 -1.15036920795 -2.21295031481 1.11664158955 -1.07325777063 1.63956360467 27
