 -2.91536751161 -4.50737259822 1.07470653575 1.90060848506 -2.43855656213 0.00296001869881 -2.08224448176 2.02323210612 0.388400520546 0.143489358284 2.99914961123 -0.539683235667 0.276884763668 -2.5875724574

1 844.408021515 6.00682757931 9.15893658968 -6.05275516967 -1.74228637781 2.41405253402 0.58972275777 2.36236007717 -0.569129576695 0.990417364984 -2.87470641476 0.698084300594 -1.3479145541 0.931362341961 -1.4616588144 15
2 1490.75507552 0.379884303231 9.67851964705 -4.79557297232 -1.7346818226 0.221767059081 -1.95461618067 -1.31157140715 1.82891995285 0.159840295015 -0.0809101182426 0.871635219839 -2.48850142358 1.94687369381 -2.6905246435 16
3 1635.13954271 -0.0800896230227 9.26321268813 -5.57578280557 -2.0046637591 1.00831804993 2.14886059384 2.14355857816 -1.51093700516 1.83367248072 0.232170015949 2.82410179158 0.0421539844022 0.260471842684 1.43048681602 16
4 2187.50654381 4.54157655152 1.90844863524 -1.06310042524 -1.46925761956 2.69876114074 2.54017761441 0.647420317085 -0.77698035587 2.48983020371 2.86240975238 0.901254139577 0.559593582352 1.31089530259 -2.76544791172 19
5 2589.75581421 4.76771772078 -0.53289914559 3.246880675 -2.31267286063 2.57597609036 2.52790974073 -1.08538769792 -2.08760293171 -0.101184490635 -0.576758985042 0.505695337931 0.911653797966 2.23453811711 -1.7852335904 27
6 2594.02582667 3.96656540236 5.49501687299 -1.0785503599 -2.14629983605 -0.0637028866706 -2.74608052259 -2.97222346394 2.91739940175 1.02682798633 -1.20888829809 0.509128866804 -0.677864279692 -0.382699845942 2.92446711019 1
7 2855.1049281 1.82642429128 4.93063498365 -0.395040854683 -1.77693870378 2.98634040416 -1.1359327956 1.34056919364 -1.90923119315 -1.529443027 1.77327236263 -1.00768999078 1.08279660021 0.840740858572 -0.83058986995 1
8 3167.68169311 5.60763810039 7.73023448832 -3.76292402987 -1.36630643293 -0.208117053691 0.345945391594 1.26490571997 -2.3047030906 1.94372222051 -2.41458169555 -2.30778313432 -1.13793935625 -2.80103442497 2.03197893818 15
9 3333.31274641 2.18618854089 8.66590601303 -6.0424099945 0.0856366513487 1.70767805749 0.514109305266 -3.10896390709 2.75384966736 -1.09537386091 -0.558778756582 3.074540466 -0.101193094326 -0.640514377303 -0.704253814833 13
10 3336.86498267 5.57144659423 2.24876931461 0.187861339851 -0.907708663149 -2.86899620957 -1.60890326898 -2.57079500764 1.10790735226 -1.62821981641 -0.677121248573 2.4011710188 -0.867832293379 -2.30422691516 -1.46055800677 21
11 3968.20841964 4.40273237869 3.88135090598 -3.89946096797 -1.32239905048 -0.329080637526 1.6717470002 -1.08963508499 -0.508185703757 2.86694743024 1.29784346391 0.323078445862 2.61644670295 -3.12700223622 1.3999659484 4
12 3988.49469629 0.54437692767 2.904491185 -0.623882610785 -1.12103599029 -0.550347676283 0.038790982659 -0.225437013171 -1.81463556904 -0.192373448224 2.42823317723 0.981486729349 0.0154888503622 -2.78055086314 0.790969588691 2
13 4159.63403695 1.78006297096 -0.481450571444 3.6306018446 -1.04151498942 1.72738993052 1.45204013215 2.58639629051 -1.12257350942 1.75042940552 0.532551714742 -1.44855152005 -2.90653266044 -2.10340990888 2.10588490479 23
14 4292.97487423 0.314779457104 2.12919475287 -0.878808659052 -2.45339120054 -1.97346254045 -0.714102876162 2.36606596834 1.15119620387 2.94125544074 -3.12077201032 -1.48399089636 1.6313016426 -0.221238223698 -1.48972092344 20
15 4472.48724839 7.339647878 -0.533576641965 2.11966932661 -1.96612661448 -2.52971873595 2.51917247959 -1.17152047477 -0.531845386182 -2.17581146618 -0.17776954817 -0.862382375793 -1.40713223812 -3.08234600898 -0.933729575519 27
16 4584.66224578 6.77668176579 3.69155494679 -1.92951570288 -2.21396901089 -1.71011963138 0.856970611887 1.5682412231 2.36999615942 0.926042733562 -2.54202767166 0.218697786783 -0.593336814319 -2.03049394221 0.484206924931 3
17 4736.68059015 7.07760360846 3.03387562239 1.18186685598 -1.80296951973 1.33500426254 -1.63731133372 0.275715419692 0.306097164861 1.17850220948 1.00398544601 2.8160156456 -2.59753860778 -3.14123871828 -2.6109305541 9
18 4761.66084595 8.20649694596 6.44850698316 -3.94236302713 -1.5409479452 -0.748275480932 1.86023026702 -3.1068815216 -2.54704108595 -2.85426492872 -1.20377098281 1.98030536471 -2.07469011058 -1.48794923548 -0.233059338015 15
19 4853.47237776 0.38999769 4.6755415959 -4.05935184113 -2.89875060629 0.173252047125 0.00259128683823 2.42998482216 -2.35250395192 -2.53429863904 2.03057410156 -1.70829436244 0.121247054269 1.92594192053 2.49059330628 7
20 4919.84065663 3.36678808201 4.78896490581 -4.45834100359 0.101306107212 -2.1924037912 2.46705208053 0.467123759999 2.0710041666 -1.04508981957 -0.914543319748 2.81565952493 -2.51536187726 -1.90608007304 1.47161203544 4
21 4948.89344388 4.51091373179 -0.145576740643 -0.00531540518643 -0.688360206664 2.48476875652 -3.12082166489 -1.64316127144 -1.53479791195 2.07276056688 -1.66351282758 1.76546308037 0.782096419984 0.878091664333 -0.75096833801 19
22 5005.92158646 6.25249201597 8.08988887002 -0.911223210467 -0.686225647696 -0.376263688368 -1.01955391358 0.909992261711 -2.59185447386 2.16903719111 -2.29521442321 1.59926101137 -0.538005164853 -1.00429648389 -2.85008682047 12
23 5042.91896519 5.45661541178 9.42958399852 -2.12938385045 -2.77949706068 -0.863137238381 -0.053009778572 1.99224936062 -0.23387267933 -2.38759547351 -0.626517575411 2.3301287319 -0.700021521803 -1.61244469147 2.78917889358 12
24 5484.9910147 2.17944494913 8.87712762415 -3.83487434676 2.54340517293 -0.671948239149 -0.774828913448 0.573992731266 -0.385079179066 1.38809377982 -2.13455762134 -2.58835657172 0.948683548475 2.75659200837 0.00864300201933 13
25 5568.26564482 2.8688670663 5.91881327603 -6.45849649281 2.95121114533 0.992923417125 2.66239544821 -1.52196910315 1.70719862387 2.82852120081 2.3378798575 -1.18121109401 -3.04190781178 -1.11351325535 -2.89829108007 4
26 5819.94197747 4.52293963962 7.37719508749 -5.9498732261 1.67770970246 2.67738618303 0.511958764906 -2.22144173327 1.10622799281 0.29661340134 -2.91246577635 0.2257727699 0.513785629951 -0.528599683282 -1.03106083373 13
27 5829.92568011 7.14633347528 1.13685891454 -5.71069542909 1.8241738628 -1.52519423622 -2.1357738399 -2.5000954865 -2.71878350374 -1.35261502565 -1.3008404996 1.15401592222 3.01664615801 -2.77947650146 -2.15747984476 24
28 5935.29251404 2.53757503147 3.35676288277 1.92686106784 -0.392797059747 -0.688045252235 2.5636323089 3.07849733711 1.48968739181 -1.01103289575 2.51086478517 -3.07702382014 0.0677086740411 -2.62969809946 0.305614616984 5
29 6014.51608522 4.74834485144 8.91217127131 -4.86417721375 -3.00439181993 -1.48578281039 1.13989015037 -1.26064962641 -0.633493491033 -1.61837026166 -0.219532242236 0.480129720895 0.0908688104368 2.5425842394 -3.03737007298 13
30 6220.01823219 5.91227233521 5.56880052815 -4.94046703192 2.323543879 2.65554159342 -1.5057146073 -1.9883855895 2.89506102594 -0.482184892838 0.815230747943 2.1284821786 -1.64102624967 -3.08646025973 0.835495220858 6
31 6279.8492998 8.33722301725 3.00093418699 -0.402979385173 -1.67933030487 1.52326742818 3.08768670356 0.160007673991 0.621230569448 -0.630814033796 0.953162309152 -2.54771692243 2.7989162545 2.8307526702 1.54065405362 3
32 6306.41379486 1.95376883663 -0.639499360283 2.7830643269 -0.320024725009 -1.44285720433 1.9831700372 1.15983279319 0.970669584233 1.55751175233 0.674880042905 0.850453105255 3.06654724255 3.08314451495 2.17815763616 23
33 6493.54757224 5.34694676465 7.25514943163 -6.39696818811 -2.93538218598 -1.15415016876 1.707087754 1.49365320042 -1.71860906535 -2.07343295615 -1.91822000518 1.27513919473 -3.07392019944 0.263743016654 2.39718004264 15
34 6597.42215106 4.68603935492 8.06745448513 -0.19705773623 2.19878853946 2.15235988444 1.73406542938 1.42176057354 0.356367194253 -0.91341278451 1.22626877736 -0.737601006549 2.36048163445 0.320779576673 0.432142352009 10
35 6627.9668063 -0.781268866181 5.99937501554 -1.28233868484 -1.77051374392 -1.49577161063 1.1446435327 1.92984827122 0.404934636976 1.96390254035 2.57474315216 1.33649819354 -0.579131858366 0.615601358856 1.39679223837 2
36 6842.60613395 3.87677624777 9.23736843446 -6.33821629371 2.92844965833 -1.50471634724 -2.77356030307 -1.18891971863 -1.66157662031 1.59147901387 -0.981318037383 -1.89339012614 -2.53692216085 2.59425507998 -0.835836565944 13
37 6890.98697584 5.3503548502 8.24805083993 -0.177632394696 -2.47693871757 1.12356773325 0.272534394859 -1.42564308726 2.17074918889 1.11695094658 1.21050495797 -3.08013442316 2.86711960686 0.282163069218 2.56525804551 12
38 7074.94165316 6.70037992459 5.20195828761 -2.82308811045 -0.0924427724481 -0.799337417555 3.14024080021 2.91723917874 1.82904112613 -1.80525553458 -1.75468544799 -2.85112051847 1.73502647751 -1.62045182376 -1.54060952985 3
39 7115.37719422 7.75882176789 9.91578638158 -3.55260454108 -0.180520684355 -1.37061461454 1.04936870706 -1.08855211157 0.837848771683 0.959866733682 0.0325976591374 -2.30057341715 -0.0966232235324 0.323250923808 -0.539030671352 15
40 7130.70982097 6.74750659086 1.80307824648 -5.35449189433 1.93707190025 1.0337762163 -2.92391855953 1.13108239338 -2.14172845906 3.00717603857 0.60338601333 0.678243815047 -0.129015792497 -2.54885715118 -0.476179806816 24
41 7136.3414509 4.96768825811 -0.176775520585 -3.43490067552 -0.562971444116 1.65558285164 -1.10903086574 3.0618114121 -0.53984215773 0.518006471109 -2.00434867793 -2.53868122399 1.84880408152 -0.173836717874 -2.26270332597 24
42 7149.416542 6.14198937771 4.33872053022 -3.53427771189 0.767346539387 -1.32672159421 -2.59769561662 0.0935465348702 0.689182870779 0.0370867661997 0.499984954073 2.34139775544 1.87032983183 -1.61886630537 -2.76516918177 6
43 7215.40587258 7.65450467715 5.2368739106 -6.42386270178 0.951322154085 2.34151023501 -0.754908442525 1.8478855232 -0.945032879893 3.02883179187 0.089241473659 2.24392694955 -2.23024995577 -2.27004989517 -1.88746690824 6
44 7415.81174871 0.406601776057 5.34501679404 -1.8356390343 0.833828259274 0.190963277617 -1.62702322691 -2.35392959589 -0.741505481323 -1.40746091101 -0.367705204292 -1.89644974524 2.30334811063 3.03949210099 -1.92975967008 2
45 7439.29275955 5.68733309618 1.24478953767 -5.35101870754 -0.0548328052311 2.5403772135 -1.66509579022 -2.05714900123 1.47312433434 -0.182247809817 1.76199459377 -2.77310736484 0.966582113989 0.398355666821 2.03049046621 24
46 7484.69776464 2.3225779334 2.06655848178 3.62984438382 2.21929702813 -2.25800363848 -1.11920289649 1.45476554327 1.1443988922 -1.64165363845 -1.753801127 -1.40263765391 2.35034150378 2.78531952727 -1.52058632311 23
47 7807.41329521 7.70687168881 9.4521777305 -0.729832316395 -2.67373231259 2.5595646074 -1.72868667611 1.08566304155 1.03909712134 -0.754543235716 -0.123375524303 2.23095798705 -2.27149112737 1.49404410428 -2.13894486351 12
48 8145.17647414 7.37310707756 3.47991600881 -3.58596472511 0.0364599185982 -1.54151388341 1.91102753784 2.6596324456 -2.51955566951 -3.07867604773 1.32640951948 -3.09700659013 1.98343265679 2.3833694508 -0.940477905956 6
49 8177.59616658 6.18392495271 1.17325128107 4.24665631214 -2.74864940173 -0.0604383576449 -0.520087296765 -3.11874028135 -1.83799272142 2.48700020654 2.17862729588 -2.49978339389 -2.80253967537 -0.402852799828 2.32793873854 27
50 8187.83317123 0.662081484804 2.95254572175 -4.35981126997 0.604392524487 -1.64723551312 0.916289614418 2.84248342976 2.43560710145 1.67580427759 -1.24101155677 1.85254714195 1.15020999213 -1.88994252839 2.38853928583 7
51 8326.65076294 0.232546899324 2.59717225392 3.22271814545 -2.5964903984 0.274127458227 -1.0653643104 -2.20761429169 0.645916331356 -2.55489947135 0.429660693892 -2.74114331319 2.88629235061 -2.99538068486 -0.35930268943 26
52 8359.32049928 -0.697501676789 1.95220722923 1.53610889189 3.0272108497 -1.39121152716 -3.10275373379 -1.70202830746 -1.61907263902 2.66791727973 -0.211449410048 0.104993527764 1.41393531251 2.48200426075 2.70855794027 26
53 8419.94969918 5.15912399542 4.62937969534 -5.8572860547 -1.20583843367 -0.565272611638 -0.65521762816 2.51764266365 -1.92508175355 -1.10961412763 1.395682505 -1.34014367535 1.07584888863 -0.226441007433 0.584124234215 6
54 8489.65870129 3.02198815825 6.73854211737 -3.92038390061 3.0088763956 0.521956126089 2.30714669632 -1.42597158346 -0.532952776665 -0.474589947374 -1.70294525433 0.151631631455 -0.461615210181 3.00927207565 -2.62152372897 13
55 8559.16534469 -0.374844166956 1.01372120734 -4.68019557465 -1.10591338162 2.62420273126 2.35587225446 -2.88746204563 0.705421117921 0.810611576995 -0.901331502438 -0.252429739779 -0.849367328061 0.591645690281 0.699786477828 25
56 8603.84458085 0.938360411704 6.26455916113 -6.01309391682 -0.223862852491 1.76392054491 -0.687901619391 2.24280855631 1.28962530886 -2.16702337062 -2.98133922401 -1.93084661179 2.8136479359 -1.96384952452 -2.96463639072 7
57 8637.74505461 0.315773129316 6.54150829643 -0.623155728727 -2.67278682807 1.12138913571 1.19207814727 -2.67139082463 2.24889768136 -3.04581498827 2.32937333929 3.11731394629 1.52676705099 -0.938933602253 2.64782464997 11
58 8663.87951055 -1.7558946641 0.225466708074 -6.50137593105 1.98216305056 0.0868727508544 -0.214858338703 3.01411235072 -2.00887994125 2.32228574563 0.759212502908 0.198357731824 -0.0495726279389 -1.65982590714 2.42093869109 25
59 8817.37099762 -0.156500398657 4.6590759083 -4.13215701295 1.44754269354 0.0534429596036 0.374476490073 -1.23521643706 1.42705036763 2.22566221306 2.04694541601 1.78251711971 -0.853112525222 -2.57552952796 1.18251646232 7
60 9029.82421719 1.94296781571 0.676167286115 -3.3369236487 0.369938068246 0.462961697715 2.82311863586 -0.373258566658 -0.457948467736 0.162095794176 0.872791942671 -1.35133420754 2.08596796478 1.25043566423 0.174552944985 22
61 9073.22658802 3.02708456599 2.66229586522 2.81709629433 1.67682621992 0.782531580621 1.16439758035 3.10223827497 1.56611111975 -2.39825694402 1.77906379932 2.8182809792 -0.644257336059 -2.29205144473 -0.557511056331 23
62 9220.38666436 0.569553652911 1.22250756598 -2.51188151789 -0.0496205226782 2.04481852237 2.4426129337 0.432306231357 -0.20025951884 -1.06169154867 -2.16135442504 -2.85682313334 1.62427813108 -0.784815754991 2.27609543371 20
63 9234.61486902 1.43122740042 3.4981417363 -5.16808594337 0.0411888760143 -0.916965247306 1.49218884283 -0.894473542282 0.720304939915 -2.54384338123 2.03262321433 -2.11932212445 2.74895536213 -1.24394880972 -0.460589045752 4
64 9237.18834534 -1.83049871193 5.84476930298 -1.93132992097 -0.408319966205 -1.81027286478 1.08424750798 1.35057023115 1.59514730257 0.713052763909 2.03491855644 -2.01898494916 -3.13414219599 -2.07864120599 1.29083786309 2
65 9241.42517917 -0.0703677789625 2.78266254792 2.19628977517 0.99943760778 -0.74700808465 -1.21121738646 2.52890316052 1.20982187169 0.944347781005 2.7664047957 -3.07617160269 -0.823554326031 2.48272282517 -0.420170454623 8
66 9376.96499441 -2.36455038912 -0.75555270105 0.376059248627 0.25612337019 -0.0731155445131 -2.88071581313 1.29033004328 2.8172035539 -0.751245199447 1.96995003904 -2.66562495825 -0.831760960261 -1.10097281052 -0.268910938762 20
67 9458.87587464 3.365250968 1.23307780934 -5.79525256656 2.50134778804 -0.0445845667852 -1.21754360424 3.12743832373 1.11923003917 1.58459869594 -1.65766251231 2.68180296678 -1.04775436739 2.57297310108 -0.572299589622 22
68 9465.56975358 8.14909342527 3.89070050106 0.674978759747 1.78538875908 -1.7541794653 3.01338668709 2.97984178367 1.15845703335 -1.94015046429 2.80091976941 -1.43272273155 1.95338310977 -0.743897941804 1.77523037092 3
69 9552.93176213 0.585447455343 0.806284085195 1.20735957807 1.90341408925 2.52001960286 0.964115772634 2.45120941586 -2.78991379292 1.76826759992 2.74676893326 -2.37557022518 -2.91993078888 -0.104001672488 2.49840665446 26
70 9836.37300403 4.01606197274 2.72201252552 0.663979586284 1.13649523398 0.864294002863 -1.68842715437 -0.78026107109 -2.84664132132 -0.446035607232 -0.171208838587 -2.00528929249 -2.18308361042 2.17332208069 -2.89055096419 1
71 9839.10524494 1.61634332808 2.49414625304 -0.699854330356 0.231242761618 1.20507905328 -1.26282850671 0.585421042066 -2.59476931813 -1.27622814256 1.98053284271 -0.90711306483 -1.04966641809 -2.58880948732 -2.1371424681 19
72 9857.37967296 0.0424303883594 4.43662991756 -2.12855695202 -0.25202774641 0.104611319749 -1.52757067385 -2.94498641342 2.0777776516 1.64849868163 -1.8983001451 2.21551602184 -0.476422419343 -3.04867851805 1.40738632035 2
73 9892.90534345 4.47384051556 1.64748168207 0.524244856709 0.0966722006707 -1.66766389297 -0.03034037209 -0.293538249375 2.21839628893 0.53416528041 -2.33649555108 1.96409684038 -1.51573625036 -0.263494746601 1.84227844642 19
74 9950.50251657 -0.132716273322 9.70470975597 -4.36576682895 -0.560680881277 -1.7343867047 -1.64659589171 -2.03339822285 -0.306396226436 2.46552497018 -0.760372685662 -0.99587261792 -1.97027888326 0.67297616183 -1.67875570022 16
75 9998.52018133 0.337036736203 8.09715193879 -0.559226356593 0.62379308677 1.95820189041 -2.15445185521 2.64101733736 3.11697552547 -0.213114575815 -0.00914337560454 -0.156318138548 3.08299676189 -2.24344475465 -0.457459508636 11
76 10060.5521999 8.15514762957 8.79700393865 -3.41237234545 0.276849297119 -0.335890743492 -0.656371254926 -1.35884283918 -2.05720784154 -2.708022615 -0.0960042406186 1.04834349405 1.60974097245 1.09162204475 -0.440021854572 15
77 10141.3940499 1.39147203777 9.25325312504 -1.97848945951 -0.979829523405 -1.10588711748 -2.69861236396 -0.0667769793761 -0.578232617273 -2.13015547953 0.47611250512 0.120337088545 1.52867688201 0.825346169055 -1.59621610086 10
78 10169.0208602 6.52795779126 0.744297216924 -1.94889780945 -2.06044522202 0.0166551429689 -2.67992343956 -1.91796849462 1.85310779517 -2.53050003551 -2.41721207254 -1.39937769804 1.10592587498 -1.844454769 -2.96434991851 21
79 10171.1043007 3.41287522916 7.64058843681 -1.11153111877 -0.231016521199 -1.60805232927 -1.00011348296 1.86973818201 0.35689738935 -1.44010993646 -0.99150821649 -1.49823475136 -2.80123023068 0.25379823472 0.755617766112 10
80 10451.595498 7.54092921542 6.60520984427 -1.19434380973 3.02467661769 -2.0395583335 -2.46461129491 2.44415485249 -1.36672900794 -2.41384888148 -0.814078822712 2.95954508579 2.58728394423 -2.1303423312 3.07517826243 12
81 10522.8326534 5.31903607136 3.84354118922 -0.736587995617 2.70296696328 -0.798568309594 1.84893647863 -0.890403958574 -2.95488462514 1.82102291206 2.91130626234 2.83375244275 0.00474068246213 -1.2186609869 2.61046464828 3
82 10601.7575182 3.94914942372 9.54513940085 0.784262567328 3.08767371874 1.80730129897 -0.0945971227675 -1.78409262834 -1.25634492981 3.07068048078 2.90046138033 -2.79482530612 -1.80976937294 1.14131752124 1.99332819966 14
83 10698.0924363 -1.08752836298 2.07648918718 1.86161495658 1.17331674342 -0.203944819867 0.38844671265 -1.44599599239 0.687043049453 -1.80147101473 -0.341910789601 -1.94064840842 1.17352343668 -2.55471670971 2.25722574123 26
84 10700.1801999 3.47264634424 4.58212054367 -0.255316657054 0.289770729624 2.35903991307 -0.37591790742 -0.140164484442 -1.62920840647 -0.0153145324724 0.449793398514 -0.403864608386 1.46498309068 -1.36669581578 2.20507304316 1
85 10731.3355706 -2.29768305575 7.20539060832 0.314381114468 1.30355394348 -2.26331719537 1.30754959216 -0.947177235755 2.68908470654 -2.46804262456 -2.06556966603 1.94075601913 -1.03211746918 -1.32861237769 -1.71939176829 11
86 10892.8849469 2.05778121047 9.44264059573 0.0818450462292 -0.108901696734 1.704783418 -2.90082295263 2.564446316 2.56142198006 -0.332801855911 2.25214203216 -1.98405205111 0.87391941436 -0.246804502078 3.02280937417 10
87 11068.5361259 8.15287429378 2.41679352391 0.808527386531 -0.477803370424 1.1644425235 -2.55215835656 0.565320939828 -2.4141940291 0.695498696305 -0.421566668976 -1.25911089497 -2.19896388421 -0.298603557734 1.52539301185 27
88 11081.1411003 3.04545728877 3.99178694074 2.03965309065 2.78259042804 -0.111100431815 1.15659353376 2.90724562012 -1.16516919905 0.401567241019 -3.00040963394 2.46901999295 0.940243891762 1.94761713985 1.20223972251 5
89 11084.9572576 2.50879733381 5.84101501028 1.04602886105 2.23409614079 -0.451943816775 -1.3825818785 2.27229658769 2.35087940155 -2.64913274123 1.79071235175 0.2787407111 2.82334759826 -0.356512808878 -2.52502659675 5
90 11111.4172648 -1.32242498086 1.76885271255 0.801872560986 2.99749878268 1.74276397247 -1.34783048487 -1.92187401851 1.45618824308 2.97692179412 -0.00976797205039 0.384672833063 -0.521059072036 -1.11215801464 -1.24384607679 26
91 11265.0842473 0.544961083787 5.73546187068 2.47362488466 1.58471239928 2.04411179606 1.57402834066 -0.0648606188474 -0.974943109088 -0.88101623192 1.70583277866 -2.30331404749 -2.15046717318 1.51282653162 0.120523712108 8
92 11327.9259963 6.71159957566 4.5623527708 -3.96650542424 1.51344929218 0.155265987029 -2.84589981591 1.23311410554 -2.08328340122 -1.62742896886 -2.78592114377 0.605065331631 -1.75845368359 -0.0691229005857 2.80618343833 6
93 11442.0853748 5.70536347384 7.5520760321 3.77110082086 2.50665966428 1.93848740138 -3.00120281736 -1.27156363067 0.124713486282 -2.46204857653 -1.55614597592 2.22862544604 0.307782251136 1.04794364989 2.99506508495 18
94 11485.3176742 0.798382095916 3.84726959646 -0.228288230349 1.88133938925 -0.487732689387 0.483177181492 1.21183857929 -0.780928590926 1.67343927076 -1.98500658792 2.69701224997 -1.36766076665 0.183183270377 0.595504811124 2
95 11546.7600732 0.789139563155 2.24158467529 -5.34894068259 -2.92649096116 0.316554184031 -2.11050770675 2.78026476221 1.53972323857 1.70475007434 0.694057998469 -0.543692023023 -0.654203490519 -0.897907234025 -1.38252627696 25
96 11582.5495112 3.07657370701 9.44601763763 0.525019078242 0.970001566238 -1.76831508791 1.97284098915 -0.663656061536 -0.129602583546 1.88799429766 0.457018402059 1.84936266127 1.63218906969 2.13597587227 0.805741657965 10
97 11684.0500715 4.66071477008 1.58209385775 -4.45536535515 2.03715269706 -2.07434138587 -1.27164275279 0.874271702538 -2.72271819667 -1.40104219817 -1.23930404474 2.0192530912 -0.295327828467 -0.602905179311 -0.426193412942 22
98 11724.6665528 1.79149545196 9.27418388798 -1.34414911046 -2.2674740791 2.88236602774 1.17847983307 2.68920371659 2.29675256827 -0.760827598927 1.04967333538 -1.30532892303 0.879813849809 1.20577500617 0.950847366247 10
99 11933.4563851 3.10489738607 5.23732009014 0.776526088814 2.08011663042 -1.46744633212 1.43595573401 -1.05898261754 -1.0470946746 0.181058641065 -1.44782114569 -3.12037455279 -2.55886316503 1.65232320733 -0.904934995643 5
100 11957.7208585 6.20534066758 0.953532836077 -3.26168384263 0.638545401617 -2.49023171653 -2.44221424812 1.29795380345 -2.37980617286 -3.11388996238 -2.73295061775 0.963106403749 -0.696513081141 2.24185860807 -1.56935481271 24
101 11963.8852619 6.34457018508 0.713974352671 1.71876368796 0.0710116530553 0.762381053587 -2.80353484164 2.08333160717 -0.633394486789 -2.02434940962 0.905573875568 2.02761379697 -1.16400017439 -1.36223869167 1.80676999464 27
102 12184.7289401 -0.923399155554 9.79454248725 -2.92423935451 2.92880567297 -1.90590652981 2.39663757235 1.09933919642 1.89118446679 1.53179653525 -1.52869556934 -0.867825204159 1.54300829017 -1.23486343499 2.50555281919 16
103 12241.0299355 2.23618304625 1.09167569371 -3.81274090047 -2.42478875375 -2.94186134377 -1.57701185993 2.35988656681 -2.07055323165 -2.28022555342 -0.937067863502 -2.49345893942 1.3709090021 -2.03848520412 -1.82049923282 22
104 12243.738982 2.70062859249 9.82218973968 1.42650902805 1.75128531253 -1.2831854871 -0.890499929523 1.67415412572 2.87332661679 2.3841113931 -1.0712270634 -1.79214205085 -0.952027572964 -2.14211786627 2.0174869791 14
105 12277.0365669 3.83555088513 5.42660044817 0.113349365072 1.40203761959 2.02248370841 -2.73351351366 -0.996193132552 -1.51831439509 -0.346501511517 1.39977723555 3.02548970987 1.99248701927 1.77279282113 2.7288977172 1
106 12348.1320373 5.70691693395 2.67950843016 2.03199027717 2.05579038487 2.71789441047 -0.828206198075 1.03864254998 2.4531037173 -1.86964982484 -2.45066684399 2.60740516984 -1.41047513601 2.03047963432 -2.41586708617 9
107 12451.1546079 5.46986447661 6.43388391871 3.81829794287 2.21271689524 -2.96951975232 -1.07598074782 -2.00117251152 -1.42306055262 2.22324817382 -3.13317279507 -1.84852095727 2.82146718615 -0.71174215453 -0.102492935026 18
108 12508.5704041 1.01771175666 4.47112922809 -3.77999971701 2.65071917889 3.01085308943 -2.53459854297 2.64879694701 1.31707236987 0.891142723875 -1.59443898352 -2.76608530362 -1.82654313674 2.8708242006 2.45490520927 7
109 12537.0907842 6.17013772684 5.65035210715 2.40538246252 -2.40285251964 -1.37171371659 0.148016691311 0.337830505002 -1.17091739938 1.10104330876 2.57765330433 0.443271977944 -1.66328741595 -0.831824398729 0.928927805896 9
110 12548.5928415 7.83799070465 5.66363500355 -2.85911905074 1.49365007181 0.0787184830414 0.40672488499 0.855587726179 -1.71347353769 -1.05362781696 0.946357868061 -0.00898826643363 0.177592645089 0.77844563831 -0.674577143416 3
111 12569.9896924 1.76294863216 4.47770625291 0.804754774424 0.173166096095 1.382824825 -1.48673632464 -2.3064254581 -0.593874142533 0.558710672947 1.01636401851 -3.01421901445 -2.17025106065 -1.17367656749 -0.415252661759 5
112 12601.5931248 -1.56047283183 -0.587874367317 -1.44187243424 2.08837577612 2.67242022072 -1.8868554437 -2.84779416016 0.757598071937 -2.6807152591 1.26159791215 0.0143266360049 -0.694926738399 0.966561605484 1.05029780915 20
113 12616.6183791 1.58352701974 1.94821837992 4.28398646139 -0.00974948793187 2.15780937038 -2.0150333977 2.3507234424 0.384591063714 0.728295125199 2.2632301101 -0.240809416949 2.75848015196 0.941249088774 -0.205270701818 23
114 12730.4438823 1.0745148285 0.09740041732 -0.82923263396 0.407051839228 1.85698028663 -0.89336628016 -0.733181825209 1.76615974349 -1.20194036462 0.431511692485 -0.618713732667 1.16615296162 2.46910182226 -2.11442326216 20
115 12847.6769648 2.16715764758 1.20462733357 -5.41174645628 1.54916826786 2.66401627841 -1.00144189986 -2.22063168627 -0.721796869661 2.25024817427 -0.817238570297 -0.506324063863 1.80424339655 -2.12340458196 2.98392894618 22
116 12994.0064738 3.2610587662 6.41675330752 3.95636002292 -2.31652588845 1.80119782788 1.60252862663 0.342820310706 0.0232895575572 -2.38546059978 -2.57470459469 2.59923798486 2.12854130492 0.00049404531189 1.91663914895 14
117 13017.3057779 -0.225162969301 6.21296718655 1.7965017549 0.197669302495 -2.85743378817 -0.205972797079 -2.19127761188 1.59306864638 -2.09797052477 -1.12570378657 -0.870291856538 0.221449555416 -0.480656542476 1.68243335371 8
118 13028.0885565 -1.3506975754 4.82803438055 1.88833322381 -0.603962847445 -1.74657526324 2.86755587486 0.767418512768 -2.42282091224 2.77109359532 -1.83604021505 -1.01837897744 1.66428445512 2.37495542757 -0.263508885096 8
119 13086.7111103 1.55515149832 4.31505165896 -1.35289655586 0.307006862406 -0.709071995612 -0.500209107929 -0.889053193576 2.70939250064 -0.768692514341 0.439467038086 2.30581538609 1.97876360547 3.04175976921 0.0971326482302 1
120 13142.2650486 -1.78619098367 2.97563096401 -3.18219457166 -2.93936007191 -0.0492694827889 -1.46557662301 2.36936989608 0.08155294473 -1.08717931539 0.884611112081 -2.9896619409 1.18786745152 -1.04096807514 1.51232217659 7
121 13197.2691629 2.9957539077 3.65751613972 -6.38063203447 -2.21484377141 -1.0950683486 -2.46867023363 -0.240932916912 -2.68341986933 1.54098834604 -0.207893644565 -1.89791325812 2.33967769894 2.6568297454 1.66476964851 4
122 13339.8168572 -1.12282093636 6.87938414737 0.364515477564 -2.07616026225 1.17390719865 -2.52552569931 -2.83821972198 -2.40909035215 -1.50246719931 2.60649344284 -1.87913281465 -0.103382466825 1.57051144198 2.04575482065 11
123 13405.7095133 1.59192409423 -0.883261461646 -1.97273078924 1.25903602589 -2.53975576486 -2.62368988093 -0.98592717297 0.425804895919 2.75994344624 -2.265500753 -1.30154575787 1.53326298722 -1.75551156266 2.65585528164 19
124 13649.5983938 -1.07131265382 6.35665676694 2.39484292916 -0.590674045001 1.30923766546 -1.64581158094 0.149665560664 2.38314134649 1.74152104037 1.04670102734 0.508601104217 2.54418256436 0.904158739577 -1.39764852176 17
125 13766.3330452 -1.96529067533 6.86650779655 -4.86545539227 1.42373444442 -2.99131108324 0.126648180228 0.371540130963 2.75414593738 0.912970058738 1.59727435849 -0.343084033968 -1.7045705825 -2.21229606969 -2.07234652961 16
126 13788.0416328 7.34883829193 1.67912275009 0.301375528261 1.41438383865 0.200157069691 2.23563450854 0.706313628342 -2.72896919279 1.34818212048 2.9282161482 -0.192703008266 -1.47524174222 1.90216187073 2.14332013355 21
127 13788.8818782 0.0339948678426 4.2887454744 2.85354746486 -0.509114194589 -0.658075685524 1.06006953914 2.66759189704 -2.02306198722 2.54331298951 -2.4269186194 -0.800468399086 0.733128657369 0.629516120307 0.0700020620336 8
128 13967.9263504 5.63447261469 0.172570366823 -1.75982162367 1.46656861897 -0.569776680888 -2.52645539571 -0.598403305511 -0.69477323702 1.2939311737 -0.679255463802 -1.16432823485 2.47026167019 0.623835221876 -1.59296874659 21
129 14339.3351067 -1.97356525155 7.65748985463 3.25374451893 0.613218386034 1.48538241708 -0.776314988582 -1.99677912267 0.148436430338 -0.910025960019 2.73704337072 -1.93981396017 0.551399334828 -1.09698113334 0.865621567125 17
130 14535.1537614 5.24049191882 4.44790614019 3.55765501741 3.00230798089 -1.98418794819 2.69293611969 2.95161720818 -0.151415181243 0.441753793296 2.24454481637 1.41164796112 -2.08057515001 -1.95044865089 0.169498801394 9
131 14576.4139637 1.59300021441 6.8348365017 4.41260089525 -1.86755526915 1.98859078497 1.04120686119 0.636336138209 -2.4415526414 1.0821724134 -0.52792889559 2.0574658061 1.52240470905 -0.655884276224 2.15072646483 14
132 14585.0250814 6.85056547658 2.31639042847 0.240437075453 2.00151402608 -1.6315941049 -1.51648169584 3.00752330913 -2.33796113109 -0.123538815393 1.73700088849 0.252597028463 -3.03151236891 -2.22664269735 -1.67816755789 21
133 14845.5138761 2.04171333091 2.96979644942 -4.0862970393 2.24110327981 1.77659338294 -0.0959459360338 0.463751354855 -2.21283880031 1.03294093399 1.81506699047 0.306330852118 -1.2268814635 -1.73332061661 0.031716648044 4
134 14877.5627121 -1.59279182213 9.02752956951 -1.03492580263 -0.395939272429 -1.95042107192 -1.5114233992 2.02909498082 1.30155107945 2.16045118267 0.131767110768 -2.05703587307 -1.64709444478 -0.839461767081 1.00052999134 11
135 15106.8021538 0.541807477017 9.23073089659 -0.0104858096799 -0.449132416408 -1.25399758894 1.15136201346 -2.10175263078 0.424932913736 -1.27692046481 0.339272998034 -0.575776681418 -2.20934529157 1.38988729303 -0.194416979796 11
136 15108.0453295 3.92957901449 8.27734068417 3.88633385717 -1.6741471359 1.05654804117 2.0292927371 -0.0434352722134 0.0535256346277 -2.16267702006 2.19690427018 1.8690483072 1.70627801823 0.790482461067 -2.38907893459 14
137 15323.312535 7.7177494417 9.40797766859 2.89567522372 0.299990008642 0.972931819806 2.78037395202 3.11690701282 0.596114348859 -1.2562874623 2.33402347922 2.46345222395 -0.131962332865 0.153949450185 0.327828481542 18
138 15484.1457398 1.84011565777 9.93301692757 2.44628763437 -1.27559002881 -3.03688810263 2.92910068716 1.99400270841 1.41244093252 -2.73067842047 -2.52734218282 2.96539088976 1.66506041447 -0.0498084546274 -0.280548444851 14
139 15931.7372551 6.16161015975 4.16514156521 3.44488403216 -1.07694414413 1.75894198681 -0.604139161674 -1.68695941451 -0.604494372185 2.83939231605 -1.87741122198 1.74055951914 1.82115231558 -2.04727472293 -0.758478920423 9
140 16249.1388297 -0.94599339403 9.94282969013 4.32527219486 -0.32167204379 0.774243413186 0.775011878967 -2.71419154083 1.43825736083 -0.0467183248971 -1.04591870585 -2.53325336039 -1.59765938175 2.95612768051 -1.95089519551 17
141 16280.0653857 6.11846037503 8.27323795982 1.14388364413 1.19689317838 0.978050808224 -0.86090231742 0.314190992329 2.8426822183 -2.92293465373 -2.82707651491 3.08056924241 2.09303651021 -1.24811246007 -0.921346849948 18
142 16298.1710465 -1.42043345143 0.570985296728 -5.50521056432 -1.30552925421 -2.94876469104 -2.81625939153 -2.41876660426 0.323083681733 0.616171348892 1.41230344063 2.79666727294 -2.27344943199 -2.19593647739 2.69392275552 25
143 16316.3258762 -1.85721448065 3.27159623251 4.17114056792 -2.80498114409 -0.339613192251 0.548062522001 1.22536662295 -2.82295153876 2.74981864218 -0.13214406327 2.19535712238 -3.13301524749 -0.322321179115 -2.53204963619 8
144 16422.7483457 -2.06173644902 9.41731902023 2.28142889413 -2.22834970587 2.83094249893 -2.54520886769 -1.86707838608 1.44834574133 2.16036725002 2.23544460138 -2.10204725935 0.252070294713 2.00455956733 -0.166540049731 17
145 16508.2929531 8.05062497668 7.01004967995 0.298566163621 -0.514142487912 -2.237214711 1.53514388657 1.58560896473 -2.15990244877 2.93278964651 1.19156617763 1.04509218291 -3.12105219683 0.788913084299 2.59359498391 12
146 16656.5431466 8.36404618635 7.9739805033 2.24567461342 2.27103503278 -0.585068822807 -0.815584063723 3.04396108675 1.19923863098 -2.926060463 1.18789480048 2.00123721769 -0.208330703801 2.15869564765 -0.475634459772 18
147 16963.2367541 0.768994346862 8.00946422648 1.13465163843 -2.23021790058 -2.96148462896 1.92879890226 0.13376038311 -1.8730829512 -0.800971345464 -1.68122326397 0.69150084114 2.47385417079 -2.87979354342 0.368721322448 17
148 17533.2173454 8.09651936326 3.09893507762 3.04709602033 1.45055466273 -2.84412066726 -2.60914731982 -2.93721505904 2.58616141233 0.677074476226 -2.18063972745 -2.83721895625 -2.50220377432 2.97810317276 -2.93725974003 9
149 17617.5866732 -1.96318087882 -0.35394808117 -4.69228883891 1.26296475751 0.160702653053 -2.76216736286 0.467191627346 1.70221308383 -1.86370027513 1.67919039095 1.70253893445 -1.16063632437 2.55941060694 1.19318452232 25
150 18357.1398356 4.54551457794 2.81100228133 4.23325251178 0.302940153982 0.954644578638 -0.426277667745 -3.07171052178 0.571062865101 0.749602616187 1.06176886464 0.0304056143314 -2.9452490286 -2.07059348601 -0.177155646526 5
