 4.4728297628 1.54864922974 1.41076603406 -0.127866760359 2.94232704514 -1.29865726908 1.50547352927 -1.56363962636 1.24176584809 1.95662724189 0.990496406834 -1.3475295908 -0.882623112302 2.88086744984

1 2055.30563372 -3.12772544237 0.638803623457 -5.13409425432 0.408954278931 0.852542981896 1.13281617159 -1.21974672085 -0.931833644896 0.678629973478 0.63702013449 2.63384334214 -0.110439595386 0.224870110835 2.46740639994 13
2 2496.7995085 -4.54036256448 -3.90498592246 -2.2777559191 1.02596260155 0.295844565443 -2.92033578256 -0.341714544228 1.42343175105 -0.267598165311 2.45263787646 2.29534811218 -0.498200779173 -0.315159239421 0.336147852698 19
3 2964.43438201 -6.63317313338 -3.04409942756 -2.54571492348 0.147149682152 -1.21942082715 0.0218702284807 -2.87009266933 -1.03680335619 2.6091014825 1.04562020822 2.26371137401 -2.96292429315 1.92815808577 -1.42182994606 2
4 3035.10904931 -1.07416826864 1.82348873352 -6.4556040432 -0.0298017168681 -0.962592786127 1.38529865346 0.872970771279 0.267186727014 2.87434823847 1.87140209996 -2.61347694908 1.35370133583 2.87597324571 -1.31540716709 15
5 3661.54767552 -4.1905920185 -6.25074608016 3.88923154579 0.1201565313 2.339575217 1.58584539025 1.63849089943 -2.97418342987 -0.283332236473 2.89070112267 0.567006287585 -2.40733183699 -1.8416940359 -1.1642892697 23
6 3758.3396026 -6.02034778226 2.41876525677 -5.02934865457 1.03985990806 -1.711653437 -1.24468110791 1.8291513176 1.35752091502 1.98790343685 -0.932110761437 0.783366989694 0.818897717023 -2.22215925434 -1.67313081643 13
7 4004.01641329 -1.61305882236 -3.86623447549 -1.63131068181 0.0257895933383 -1.57924510359 -0.394749366641 0.0972947498263 0.0135796113103 0.902519415557 -1.07009573764 -0.596602778773 -1.49748081182 -2.60359319275 -1.3375826262 21
8 4083.85821214 -4.09099494781 -1.52008545797 -2.4247860839 1.92093395997 -0.103214962933 -3.06616118894 2.14349576057 -0.137377823125 0.899148471916 -2.08416213536 0.114914889253 1.99838365937 -0.186881355105 0.314950236633 1
9 4097.32163325 -2.74247007142 1.50113666593 -4.41373136602 1.05981141413 1.66264330259 0.644337215002 2.88105084578 -2.28796141918 2.3413018662 0.80248530198 2.65867588927 -0.412820946313 0.738996553748 0.172112624422 13
10 4180.65475365 -3.64084717466 -6.71197884977 3.19808449515 -0.0796398342449 -2.33730417909 -0.812488813789 2.05801755602 2.21084171637 1.17554330532 2.78236339752 -2.17319100534 0.0994441913226 1.16362584968 -2.9286168008 23
11 4192.30548478 -0.258422969408 0.040974825132 -3.13072219196 -0.195648437598 -3.03477471242 1.06207102516 -1.0876548632 -0.692037065927 -2.11215115658 2.84954012892 -1.02603941921 2.45807239463 -0.741597120866 0.683728969649 3
12 4284.52115055 -4.27866286575 -1.86780386497 -1.66635532677 0.621042749341 -2.32142620386 -2.65421103673 2.60221592784 -0.825130819104 0.951004425147 2.98474350249 1.43116692223 -0.0594651409823 -2.55772470675 -1.73258176841 1
13 4367.6571671 -7.12852288792 1.41748084795 -4.55080521978 0.859705353754 3.01962983576 0.102848941289 3.05812379031 0.181258126588 -2.02058914172 -1.24355724288 -0.787717316478 -0.467188817416 2.25427946326 -0.481597439847 16
14 4554.60769284 -6.03880603064 -1.97281061143 -4.91030509462 0.333313460776 2.32919975289 -1.73546736174 0.271184804703 -1.80374229615 1.31194644292 2.28050203098 -2.61995845094 2.68507083919 -1.1696684167 0.509260748955 4
15 4665.42477351 -0.670509044581 -5.12585446496 0.984395130169 0.320402068766 -3.04164807152 -1.83772043269 3.09683835555 3.03826171492 -0.199258239353 -2.95546692784 2.93295001161 -2.93692305927 -0.884473579683 1.14582190717 27
16 4736.27445689 -0.638587878944 1.68541312823 -2.03808124363 -0.20644205774 -2.55510678438 2.23297096279 -2.29797391609 1.12683714396 0.616648030299 1.43224474946 2.98782226249 1.18477961512 0.0371215314174 2.31919846066 12
17 5128.04464476 -1.51535181746 -0.66578321105 -0.214660666348 0.00197500555833 2.27689587286 1.84386359256 1.15572844521 2.5712681435 -1.39435713034 1.10168955949 -0.225611144873 -2.380765926 0.560717902286 -1.51622532749 3
18 5252.99685463 -5.29033679065 0.695111621422 -5.24650830683 2.16273427145 1.51215415793 2.80276478553 2.61834440537 2.54340083153 -2.92159689926 -2.83350180777 -1.25852313443 0.744884955846 -0.0602250397894 2.67847565771 13
19 5578.39991622 -6.42521508129 -5.91403212952 -2.99829037915 0.865293283853 0.141989781296 1.39641550155 2.66967905918 -2.57167034223 1.81746604304 0.037659598156 1.46125220077 -0.568773929256 -0.362069096125 -1.52227345861 20
20 5615.9253188 -7.18322105187 -4.465646732 0.994867562796 0.99634982889 -1.5693844315 -2.93463193624 1.48634601882 2.05277823087 2.70998143051 2.80145106381 2.45512900428 0.836483469557 1.34405768756 -0.229556584573 26
21 5943.89185684 -6.05976543662 -1.15971949473 -4.70912566012 0.956533813479 -1.93659503262 2.71600737674 2.80546001515 0.628227792969 0.396195807366 -0.318980112898 -0.903060044318 -1.51471889666 -1.83564847161 2.57674086776 4
22 6290.33690304 0.217368030086 1.43723974351 -6.17820582103 -0.372822260818 1.62807852921 -0.867058678307 -3.12706783634 2.1295497048 -1.56913956776 2.14593765643 -2.21655569697 1.8773649379 1.15625939727 -2.57643736703 15
23 6330.24052224 -1.85414662513 -5.19460804205 -6.90934596697 -2.94857278378 -2.88837350829 -0.745293463005 0.929310035397 -1.03771620714 -0.834486267102 -1.47999636551 3.08067528987 -2.35324753441 -0.176340287307 0.0591081422136 24
24 6518.09391039 -3.70769148537 -2.15781437013 -4.11465095976 -2.53033585861 1.98935884878 1.85741151576 -0.191702369983 0.676839852633 -2.1577460677 1.41960952841 2.32598206209 0.371267088827 -0.0264874861807 0.774020118417 4
25 6700.6430123 0.427900363689 -1.59846026799 -6.1321613442 -1.69106039261 2.73731404515 -2.02097043649 2.51267635492 -0.860023509969 -0.159465589952 -0.462253771413 -3.13641493689 -0.779117431319 -2.22488381954 2.3775326531 6
26 6951.58837012 -4.28923452331 2.79757771572 -3.40153457999 -2.36901779269 2.65518815226 -1.22303563251 -2.79636729734 0.176049175482 -1.07620067002 -1.62808449177 0.677632440817 2.3411632901 2.16596595128 1.4952781079 13
27 6974.88400399 -8.08737292687 -3.7735871258 -0.359234830309 -0.339387023899 -2.80807511021 -1.26261486938 -1.07062151249 0.594957289717 0.325700335918 1.98022646396 -0.706283106091 -1.69390323641 -1.67754238556 0.532043531911 20
28 7082.48939006 -4.88127277449 -1.72943394473 -1.79234777389 1.70234894348 1.61239132802 -2.79690890608 0.0968660095451 -0.681574165688 1.34788626496 -2.92255170506 2.97474039185 -1.80522519977 0.283656928916 -2.54634732523 1
29 7118.52474826 -1.21632871986 2.32664574857 -2.6502041419 -1.01502264453 3.09374872656 -0.618323003469 2.65313020202 -1.04326892382 -0.437201742392 0.333162771142 -1.26802962924 2.74758526918 -2.87771249646 -2.78578028057 12
30 7139.69995403 0.0791106834272 3.00633346476 -6.75835319179 -2.15666649171 2.81056583621 -1.56523952123 -3.0415652825 1.82177534457 2.73000629709 -0.0108508496573 1.7363961702 -2.8008177988 2.36480275828 2.97270388964 15
31 7369.7870642 -3.36697802998 -1.71407828369 1.47515676962 0.223442655325 -2.0574266115 -1.90594783382 -2.5070065847 0.857515330356 -1.33062617248 1.19903719772 -2.30425778156 1.7398353804 1.47897248761 -1.64063512631 5
32 7580.74912113 -8.66789591969 2.15793172253 -2.82093674915 -0.249934288937 0.981797236694 -0.0923581553237 -1.58123845607 -2.66646853431 -0.849321636968 -0.228716200741 0.208211313348 -0.709846901004 -0.200642963141 1.24671415288 11
33 7632.42282476 -7.18225374964 -1.32558807324 -4.75393466172 0.28482980349 -1.15564354921 -2.34261878044 2.00450303134 0.75790019811 -0.364889884712 1.88971638626 -1.38629057356 0.240877675008 2.36519646927 -1.88658963241 7
34 7692.8830152 -1.17790642875 -1.3869792323 -3.65943494052 -2.05197072155 -2.98982441205 -1.23428539497 -0.125082639876 -0.784600603353 -2.56565114934 -0.990698377345 -1.49515763872 -0.247900575932 -2.88028472118 2.40297395766 6
35 7696.84835522 -5.21142694498 -0.728906491384 -1.24686519472 2.55761413883 1.7752974342 -1.48461674716 -1.40541539423 -2.96688047482 -0.660293168206 -2.79553520775 -0.554551729903 -0.888473656997 0.634175507818 -0.931847355358 1
36 7753.97444621 -6.51607665924 -4.59066192806 3.68207061513 0.355295574378 1.80417701563 -2.57096434368 -2.72307148438 -0.779839116233 1.7643746133 -3.06999017085 -1.08797493386 -0.437331717607 2.93843201918 1.6565187865 26
37 8086.41055447 -2.47989667287 -4.96011563874 2.75633839559 0.821298025937 0.565723320273 -2.34698869527 0.798132056454 -1.77882922808 -1.55231725978 2.59209922584 2.41628599852 0.258240870529 -0.0799313216508 -1.48669113791 27
38 8091.9064358 -9.9574871605 0.452766587961 -4.55440355449 -3.0993725708 1.31405717713 0.884270496887 1.53229297269 2.65627614466 -0.616153245827 -2.45319112522 -0.00915560384565 2.21993295368 0.186461967205 -0.851896168016 16
39 8269.15620493 -0.259636104983 1.80465047875 -5.31624019738 -1.58077984375 3.11841635268 0.0486317534489 -0.0289490885692 2.71597663669 0.0740115060299 -1.71695994777 0.721832510425 -1.77246571864 -1.97057330816 0.832774799758 15
40 8284.26645219 -6.25062885764 -4.26784938325 3.73294589603 -2.71070500064 0.214163591037 3.08974714124 -2.35209844604 -1.52444359353 -3.12486624896 3.0314783961 0.240287643457 -1.72678072568 -0.411702500752 1.26252090713 23
41 8326.47916504 -3.52100664923 -0.589466650107 -5.33017663027 2.99220754196 0.788349395165 -0.757015360885 -0.40351418377 -1.48097871335 -0.585376895932 -2.07337114284 -0.0268628859771 2.55745309757 0.487286176419 -0.736997955665 4
42 8502.08672888 -1.13984442158 -1.45028687112 -1.82081899498 -1.1236032421 1.11981290169 2.20540598494 0.503401918119 1.25910394975 -1.61915883714 -1.95922772406 -1.78735668851 0.48528643141 1.48688762675 0.65386956032 3
43 8548.45634715 -4.94851578722 2.93522991045 -2.15203339189 -3.05336003083 -1.00825306944 0.797903453031 -1.09272326358 -0.592917617726 -0.1274653092 3.00622831947 -1.89457814946 -2.09470028182 -0.892201921193 -2.79580381701 10
44 8628.41544272 -8.73418535457 -1.15554147838 -3.68155532736 2.39545268182 -0.770818192319 2.96480075843 -1.89840669969 2.42636319414 -2.68700636297 0.493030643517 -0.396039395257 1.86478974379 -0.419255837137 -3.00595589015 7
45 8667.17349902 -3.30193785151 0.262355172623 0.701795908718 -1.2074512764 -2.79085732589 1.22125079989 -1.48517284288 0.822181784509 -0.643473587763 0.143263047305 0.218281023459 -1.61025459594 -2.36161808487 -0.046016424457 5
46 8742.13645724 -1.19842202211 -5.96820487542 -5.17122879193 2.14535482583 -2.51397057778 1.91403210714 -1.67691588538 1.63538569133 2.11624189543 -0.0327389081327 1.16684060503 0.945163601061 0.533593280586 -0.504954121335 24
47 8780.01965772 -4.79311214011 -3.86929679694 0.16296404675 1.65811204942 0.0704720542091 1.08839280967 2.2051503899 -1.84303980784 2.93600289544 -1.52094432841 0.729744592254 2.98562102628 -2.51539275539 1.69439967261 19
48 8804.80758625 -6.19688713369 1.71236702236 -3.18577127158 2.11462437929 2.47447715915 0.8313470769 -3.06016224626 1.75479756459 -1.63590485135 0.868606671075 -0.90996918728 2.21400977789 1.91536497526 1.44120372468 10
49 8837.89213566 -7.69152575655 2.37419477805 -3.62434218519 -2.93861492525 -2.28629991045 0.829147465556 2.50701555553 2.79281215739 2.02931517449 -1.31089380105 0.509298586954 2.02571514434 -2.70977361236 -1.12633599975 16
50 8930.24932568 -9.96737085125 3.18958888686 -2.65765149754 -0.362305783563 2.79014789843 -0.72737738202 -0.16723858848 1.04054326684 0.0745351954157 -2.62849912333 0.683806812886 0.223660789451 -1.46272316056 2.17931118725 11
51 8958.78129505 -7.2668880286 -3.30020748409 -4.1293325898 -0.186230197924 0.900025924613 -2.65001137621 2.91952433027 -1.53968744223 -2.92647894609 3.02620232123 -2.79551178332 -3.12495152659 0.0258362893404 -1.41460726883 7
52 9026.3040607 -0.523399501522 -1.92778943927 0.561644118306 -1.48009679398 -0.543090165597 2.67895877739 -2.57957853797 1.37361283626 -1.30438741777 0.427265734753 0.637430485093 1.12787515748 -1.68342177026 -1.62827041111 9
53 9073.88848692 -6.37950920264 3.87025356452 -1.63151567459 -2.35344042245 -2.55670730669 -0.150196563892 -1.3635700254 -0.65429251946 2.53221047163 1.01739556708 -2.10939296145 2.05413764051 -0.621461716794 2.85592035012 11
54 9138.38695101 -4.25536126983 0.66504097322 -1.73468161325 0.27998090699 0.961597193755 -2.10217666807 -1.5160037459 2.04037370778 2.93939387659 0.731971412263 1.99980055229 -2.26454175399 -1.41403649151 2.30935379108 10
55 9184.23534562 -3.70989429183 0.573433778812 -5.39207926054 -1.65631590611 -0.289289639466 -2.33016059684 2.33712786968 0.887568901575 -1.12584135105 -1.73378464076 2.9284325255 -2.12134823526 -1.88205482166 -0.806596832171 13
56 9274.67690179 -8.22731935335 -3.20940432422 0.796588834296 0.277926590063 -1.27446378361 -0.193327061346 -0.453579025636 2.79329094493 3.05351564242 -1.71492979797 -2.61901526643 -1.9044334338 2.79610903453 -2.96104035439 8
57 9301.36601082 -4.97138498709 1.46836827872 0.708342155259 -1.64699993898 -0.624485914157 0.834962147028 -0.385101442038 0.743766495999 -1.99041977942 1.86410284375 -0.754948567495 2.92312614669 1.57933328219 1.65202269553 14
58 9388.62783875 -7.69212885946 0.791842849466 -5.5374830423 2.24749149849 -2.10159001739 -0.557763251863 2.47749408333 -1.88814218022 -1.56493502541 -2.57307893007 0.607206012521 -1.15847931513 -2.25045837463 1.91408952327 16
59 9403.52675159 -4.39771759006 -1.69096754202 -4.23003177219 -1.31605247724 -1.5428218075 1.65757848492 -1.17249207898 -3.05064069541 1.13260476702 0.697468821215 0.515313745272 0.888290830039 -1.38342821627 -2.57026941346 4
60 9470.98944342 -2.22251987516 -3.71349234267 0.940939334077 -1.52324266382 -1.53223576256 -1.74802318578 -1.69768347938 -2.613020295 -1.91534621948 2.99943836593 0.307809132971 1.65821735414 0.0622919307454 -2.71426948002 27
61 9478.64288983 -9.72578851866 -5.30795851574 2.9761122733 2.01344183822 -1.2180524702 -0.968705656969 -1.94680237369 2.02775737131 2.93300217419 -2.97788747721 -0.537594547142 -1.42760663588 -0.415353172899 -1.14651376897 26
62 9576.69884582 0.749439698187 0.346380284607 -1.64412847209 -0.0822499080614 -0.408243377644 -2.33666540374 1.20331867042 2.53816825768 -1.67668425877 -1.24482588659 2.34618763858 -1.61506549364 -1.60976174458 -0.674118061987 12
63 9708.39316513 -4.71980037749 3.35983147091 -0.989636350308 -2.72550107655 2.13025299369 1.84065311719 -1.0951294888 0.931047811809 2.49672331686 -3.09549325555 1.04040775569 1.82005022661 0.337787717361 1.43722625247 10
64 9802.14868697 -0.819741001925 -0.409218798957 -5.4278971862 0.522095214877 0.89562867551 -0.0438445997889 -2.78999342045 -1.52428947886 1.12641610359 -0.55700690654 -0.0645709753927 0.15974020872 3.03989139438 -3.01951644769 6
65 9870.14045658 -6.21291086815 -2.70860003243 0.379002053112 2.55082744313 1.38027501622 -1.01293832846 1.51355462486 0.167804904364 2.63261007069 0.484771568285 1.41784700655 -2.15594269553 -0.302952836135 1.43396479931 1
66 10054.5879525 -8.27787119847 -4.99216030076 -1.94105212068 2.41913667466 1.17427323284 -1.03283357028 -2.43227709929 -3.11659821741 0.739358265564 2.36642290447 -0.993723502682 -2.40063024266 -1.79757916488 1.53895963707 20
67 10088.1796546 -7.38498712678 0.32699512116 -0.00299052397686 -1.07255301245 2.39325817225 0.0342894186716 0.977401592413 -1.05116975002 1.10462354738 2.9808807255 -2.56328800366 0.0210110703661 -0.753595203272 0.977073941633 11
68 10264.4928731 -8.06031418086 -6.38786672612 0.0820269535839 2.56950914572 -1.7642384487 -0.354918076472 -2.70686918319 0.395155043331 3.11446817776 1.40776724877 0.233267751782 -2.3228382723 -1.88728648429 -1.16260805354 20
69 10404.7942951 0.602055917491 2.03550028379 0.199072326517 -0.851400726293 0.0981662373949 -0.115137850301 0.0120901590345 -0.877017171803 0.0196613605789 2.62332834777 2.75319084896 -0.703246400966 3.12108386492 -2.94962596607 12
70 10407.2062519 -0.685161866051 -5.01531983667 -4.04607783101 -1.95915154011 -1.01510403574 2.72733519053 0.724415889061 1.48097438102 2.99696350143 0.17654355914 2.5662139495 -0.422648161186 2.930610131 1.49667517088 24
71 10438.2662091 -8.66327417612 1.48547341978 3.93708333757 -2.6499617405 1.57675895984 2.39617454616 1.08592333849 -0.0137521372886 -0.815991932032 -0.263850954701 2.08218808085 2.53626604269 2.94216031428 -0.510351650002 17
72 10699.5264726 -1.92558761798 -6.0617737031 -5.82488847397 1.52451489816 -0.0513394441063 -0.908764984561 -0.897137296568 2.82108170047 -2.90696377481 -1.91991041863 0.961558790326 0.00710929273472 -1.97660218994 2.00513274304 24
73 10700.9621626 -8.00872836243 1.79560228145 -4.63793654486 -1.67340535548 -0.623463113532 -2.37648047959 3.10802251881 3.10937066653 2.61621384131 -0.957125218095 0.277582471075 -2.98239782448 0.347331164046 -2.90973087791 16
74 10704.9955586 -3.19301219928 -4.65775010037 -6.59910990808 -1.31963809042 0.0515378957785 -1.67368487906 -1.60776518808 1.55850454691 -3.01702227025 -0.120034104911 -1.02275563529 -1.62975650644 -0.622085222631 1.37515657834 22
75 10757.5541968 -6.20058347959 -3.51276492741 -4.59034377922 1.8908680888 2.1216766791 1.20269339442 -3.1307126552 2.11512961257 -1.54969480665 -3.08064241446 -1.54441828675 -0.927281086535 -1.96198573199 -2.60918017279 22
76 10762.4923749 -8.7389832984 1.29890599307 2.00135796179 -2.8621235849 -3.10463300714 1.92485186759 1.38834399343 -0.509077805106 -2.31553049885 2.35729829119 -0.661492571702 -2.77571737391 3.13137430957 2.23159476603 17
77 11001.6229777 -1.10740739844 -4.84783895252 -3.05442755635 2.74968170055 1.58266731345 -2.92890036001 -1.92192055506 0.421251640589 2.98928666376 -2.94743157136 3.11778902717 -0.105301593036 -2.72176924817 2.35006379392 21
78 11062.8736574 -7.48212248713 0.0855308242841 -2.36480850817 -1.24070032106 2.9649165675 2.84840814736 -2.94704913804 -0.760465489252 -0.672491528289 2.75768027794 -2.41875689853 -1.38401791139 -1.06450425917 -0.451939411567 2
79 11176.8551194 -9.08059403958 -4.37413663587 -4.05580105314 -0.856124832056 2.28587145385 0.13676088043 -1.68619119877 -1.5438434537 -0.508393715182 -1.10231283073 1.99487843918 -1.51034829335 2.81377690085 0.997406757672 25
80 11246.3446733 0.287229327094 -4.64516053567 -0.245761077433 -0.8670562687 0.903898941578 -2.33861888192 -1.58196382444 2.61340459054 -0.554680113835 2.57091320874 1.39828665943 2.59535611289 1.55849813562 -0.466898440889 21
81 11258.3897258 -5.00506243651 -5.86234747792 0.127641708722 2.52391484293 1.29544326941 0.998724219391 0.465798926205 3.0823417492 1.16598151299 1.6098699122 -2.29473474814 2.76040353852 -2.71275779349 1.13032772422 19
82 11282.3172376 -2.11535581923 -2.90985363364 -5.06531468677 -1.43469709878 -2.51744595813 2.2699768053 0.350180347215 -1.1536677722 3.0472864983 0.0785876227392 1.16450458355 1.50852707434 2.93489497605 -0.197576493345 6
83 11319.7850933 1.02672507065 -3.9021260096 -2.24820216629 -0.0370358424692 -0.980703091303 -1.30762108693 -0.259750534628 -2.0520917906 0.174961432887 -1.30748813492 1.05955870621 1.38764639088 2.51699335551 -0.286172841543 21
84 11339.026449 -3.55137555005 2.56043817537 1.66724563304 -2.0605426859 1.54356333679 -2.36643676776 1.45006127298 -3.14157593288 1.40972266694 0.728814044433 2.34458268466 -1.94579384955 0.423917679962 -0.466624026467 14
85 11364.6888827 -8.64648123494 -2.83971439551 -6.50405987075 0.528239167105 0.137391720696 -2.30191755589 -0.68898331368 -0.476398046668 0.282543206931 -2.18387124292 2.62376173418 -2.95483591166 -0.533779025362 -2.67130949152 7
86 11387.0418854 -9.97012848001 -6.98731906848 0.944611500267 2.30917487742 2.50142661237 -3.06135793714 2.22432865796 -1.02741513562 1.25207792977 -1.31910071097 -3.07960004678 2.45425261187 -0.184061845444 0.924941118769 26
87 11390.3628836 -5.84470451659 -3.28150523723 -2.39447711554 -2.4959250784 0.476741434969 -1.66494342169 -2.53434775969 0.581422768448 -1.69015162816 -0.349181972117 -1.39945244107 -2.33416666946 -0.765935727219 -0.560179687636 1
88 11565.3084517 0.63972891799 2.73668324538 -4.95252867966 -2.50455182459 1.18304775252 -1.03550964646 -0.493968783406 -0.682457475249 -1.48005598955 2.95639567776 0.68655912492 0.0805455897731 -0.396144190507 -0.824428510312 15
89 11645.5737173 -5.27335990612 -2.93571770805 3.83560448468 2.73092726016 -1.36574511844 1.68368171858 -0.889714816323 2.57543509923 -0.621998031876 -1.26718795139 0.784945558854 -0.772762907712 2.59457405617 2.47208287901 5
90 11713.4841678 -8.64280669507 -2.47700589579 -1.32991487602 1.71561622306 -1.53256157411 -1.37807616095 -0.215648224541 3.05420927566 0.48683305709 -1.599607473 2.47386464773 1.12378758436 2.52420811458 2.00062967884 2
91 11745.1341707 -0.654791699867 -6.94021066356 2.83818545875 2.02372978837 2.42320486838 2.57691285368 1.34492117387 0.645004942708 -2.11919211678 -3.00183818857 -0.986901692519 1.79502337449 1.20666131783 0.661699626695 27
92 11755.8938494 -1.14199879488 -5.90486362614 -3.63747833244 1.58774436381 3.08933218433 -2.84098312091 0.307327185248 0.876249814286 1.46513369645 2.22053723809 2.82114012125 -2.98095196413 2.27441960851 1.19872015324 24
93 11857.5978741 -1.90588459557 1.28293737649 -3.89019657675 2.17776711631 3.11803617154 -1.50537776365 1.12038999069 2.83136900671 -1.2061650599 2.81728082122 0.255950784334 -0.623860140403 -1.56023497699 -1.18147843214 15
94 11864.186603 -6.64625796761 -0.847546084714 2.54508683649 -2.74262428452 -2.10266082615 2.57972905807 0.550397142709 2.96830474043 -1.89973037096 -2.92285759944 -0.0389791221086 2.16320392682 2.97089182006 2.34240972936 8
95 11917.2831269 -1.26696097448 -3.21835673319 -0.0615974678652 -3.13318600397 0.758596797587 -0.514925275686 -2.8626859962 -0.666496605658 -2.89581326472 -0.540133572238 0.539908385839 2.01139441656 2.22016374227 -1.24501088807 3
96 12005.6034919 -6.9204744064 -3.0562870457 -2.04610129403 -1.72578650911 -1.99890821509 -2.78359679945 -0.77700101604 1.4673002328 3.01774476924 -2.36667719364 0.397769953144 1.17594597783 -1.23236519559 2.80701347105 2
97 12109.0469179 -1.8778976322 2.43573573847 0.275682967814 1.44234819679 -1.33855219588 1.35593403026 -0.459525596018 -2.59842814427 -0.67729626482 0.929601619011 1.46265990041 -0.0683047463238 -0.333734029414 1.66866630318 12
98 12184.2579155 -6.66192977196 2.20804764945 -0.99723209519 0.502785099383 3.13664371101 -2.17779379775 1.28981782517 -2.12796979661 1.78660032799 2.55694142311 1.42275809105 1.02125169051 0.91323802431 -2.95929584036 11
99 12260.6455866 -3.02462197842 2.08467326345 1.67104484331 1.0771021813 -0.901722603417 -0.407056109697 -0.956053929444 -1.15459072697 1.8789078207 -1.68327084929 -2.80040060569 1.27793252225 0.162723561133 -2.21148132586 14
100 12273.154886 -2.83101350154 -3.42156595312 -6.42134829457 -0.995104362421 2.04162649564 -2.25984442584 0.871010337105 2.08013025061 -2.53834751709 -3.06273895539 1.77797169275 -1.79542998288 -1.70961442458 -2.65751506856 22
101 12303.1898311 -3.00187127071 -5.17554900612 -1.04150602282 2.48773032622 0.833104540057 -0.723256670215 -2.41759422861 1.63432297763 2.90359667462 1.45622349668 -2.55422548889 -1.09811476278 -2.29384113672 -0.580594694157 19
102 12376.7568494 -0.687967069765 0.0507228735581 2.8277753327 -2.17736412818 -3.12540458677 -0.934388964145 -0.787809841265 1.37607026145 0.942173061942 1.6521923412 1.1296093372 0.321188769405 1.21664901618 -2.87835303932 9
103 12421.4539173 -0.0606259320051 -1.41409578481 -3.26721931374 -2.86336930903 -2.64831143685 -2.64512557801 -2.37335556694 0.987641802302 2.14185292563 0.37779381518 -0.609914696852 0.524183297179 2.87529974182 2.45386256207 6
104 12462.4097731 -0.0692487810768 -2.39421821892 -2.24382825002 2.3787220168 0.770032726253 1.65192917288 2.34590714541 2.46290452148 2.96567677821 -0.319799727873 -2.42289371455 1.35223973045 1.49343792941 -1.9879012307 3
105 12479.7433434 -8.50292699748 -1.93003086047 1.156762161 1.49076804821 1.87679560988 -2.44305660447 0.469636001231 -0.685160100167 -2.56766932708 0.00196400213324 -2.49318679682 1.25487431011 0.542844915731 -0.18705299709 8
106 12482.8797977 -5.28586087091 0.314259631693 0.356334140597 1.92252323154 0.588736124223 2.90442467118 -2.12455049511 2.16266351184 0.874882372674 1.39486435149 -0.511098499622 -0.179026106158 -2.17259342851 -1.57581491562 10
107 12552.2578144 -6.67800414481 -1.65700221729 3.57403580216 -1.35721896894 2.37650753562 -2.92713659492 2.41435230324 0.450957965701 1.35768343059 1.77734855547 1.45968420474 -0.848231652005 1.30440560766 -2.60656140668 8
108 12686.1757052 -3.84145621078 -5.20000448587 2.38356833047 -2.3679437396 -2.57945844866 2.31122257786 -2.36028573827 -2.10860535198 -2.19058785734 2.40620693495 -0.545364986915 1.42226544527 0.977320113612 2.15963519286 23
109 12844.8343096 -6.55315664869 -6.24230146588 -3.37771669567 -1.22814802054 2.84818802826 1.74966800201 0.6248976144 -2.77364502064 -2.33058777208 -2.96865507188 -0.290696288737 -0.320453085831 -1.71792892879 -2.0225557762 25
110 12935.7813144 -9.17474262862 -1.69837189078 2.79114691405 -1.38133119594 -1.53497395865 2.6337391683 2.31205240976 0.110862783372 2.13884470552 -1.91444313542 -1.21505725966 0.653716730425 -2.41950852045 -0.970900000934 8
111 13037.4812743 0.217543263855 -3.23181124357 0.929022114377 -1.23690126875 -2.45758193526 2.9619496989 -2.95159222088 -1.47518114913 0.871156841823 1.06414248478 -2.95795499797 -1.98430234684 0.282142997417 0.941972135197 9
112 13043.364525 -7.88392831719 -5.12380085879 -5.50001565467 3.03901858155 1.55312949228 1.97656734045 1.06971532223 1.22373295685 1.94156465559 -1.15429288829 -2.94754768942 2.45999499144 3.10367925861 -2.24789894328 25
113 13086.754613 -9.36154338874 -2.48155104149 -0.46995239058 -0.783375726434 1.99550967056 -0.392994561694 0.21672507505 -2.36931462193 0.39869454577 -2.83645348586 1.82252268358 -0.721357300669 1.91001222782 -2.66334014245 2
114 13134.0650782 0.476537659338 -6.48426097219 -0.254627559785 -2.5659307774 -0.253955618102 -1.84037950089 -0.235241501074 2.14258748582 3.13355841814 -2.20287258367 -1.02917797024 0.678914943931 -1.14775423999 3.05911306218 21
115 13154.6809075 -6.03140408533 -6.15933941343 -3.98082786799 -1.7794588452 -0.613417964561 0.311887889903 1.44101260476 -1.64171043444 -2.162898765 1.78653285744 -1.62396373998 -0.977616676942 2.54444291052 2.07097199397 22
116 13248.8336977 -9.40554174202 -6.10618760028 -2.26993127661 -2.17281145488 3.04890078587 2.86178571349 2.82428457357 0.146849481546 -1.42870286649 -3.05653202728 -2.35586819431 -2.4949890816 0.799022450884 -2.34380140848 20
117 13309.1186882 -8.39105599462 -1.73984257262 0.53156577746 1.61210352774 -1.36640757697 3.12899859217 3.0811171126 -1.58515615504 2.39630549207 1.29717476096 0.613549654265 3.10306371216 -1.86270676228 -2.29507511015 8
118 13383.0598036 -6.03075532411 -2.45628439414 -6.55901441022 -1.67541567761 1.22703703543 -0.726417739625 2.57109646582 2.87748548628 -0.00029782557701 1.21294689381 -0.530438124955 2.37806618331 1.78159368757 2.31998871194 4
119 13462.6249968 -1.89453044483 2.25964406972 3.58465923308 -0.520005568593 2.83497843775 0.772687728296 -2.42721406381 0.564887730517 0.655153240818 -1.22849817411 -1.53552719696 -0.491937915751 2.27889559214 -0.98054649021 18
120 13619.5562384 -3.09362673318 -3.67038672773 0.082512212904 -2.53459923356 1.42885066266 2.96839951096 1.58583957323 1.62602541803 0.0807654736068 -1.32725862249 1.3531962251 -1.87541863205 -0.45462549783 -1.58041098801 19
121 13627.9909165 -5.89598665645 0.850918442143 -2.57428517221 2.87461657381 3.00843731961 -1.56537743259 -1.06558516789 -3.05648935433 -2.54630809934 1.13901792618 -2.34106538647 -2.95793660813 -2.49461424923 1.49795991984 10
122 13636.2322601 -4.65355500235 -4.5806612946 1.45203711445 2.78228511673 1.62385073155 2.13824154686 -2.60926432379 -1.21502959301 -0.987667258754 -1.56585626046 -0.689627268816 0.37903626784 -1.98457964657 1.20861196148 23
123 13969.422954 -5.81090745475 -2.30769160649 2.93606091686 -2.01943267097 1.17726852252 -1.72956654111 2.8199816345 1.60434644329 -3.1157200541 0.721291664384 -2.54644767383 -2.10628971634 -0.209392170446 0.150698628799 5
124 13975.0411327 -0.125326400461 -6.23011868877 1.84879687043 2.74010673578 -2.17401603017 2.96125272233 0.84684893514 0.3717431093 -1.52997134485 1.93931891346 -0.888427611675 0.934910135516 2.34667686215 -2.55681709198 27
125 14128.1281169 -0.651829489038 2.85716723608 0.983587855348 2.51946119542 0.989270371632 -2.90754009053 1.14927439653 -1.37343477334 -1.33607702498 -2.03497845353 -1.94118665178 1.53356125838 0.773176113505 3.06563562736 18
126 14506.9998063 -9.78678296012 -2.01959129367 -4.59452384643 -1.41655490342 -0.397882322243 0.771100502658 2.33176517157 -0.98310284014 -0.417216670481 -1.70743209753 1.82894230201 -1.03159592921 1.68913055151 -0.503945614567 7
127 14558.2035727 -5.8537398336 -0.114095157759 3.59686930068 0.926183827839 -0.41411071876 -1.96854548852 -0.103906618117 -0.42386846273 1.13635156655 -0.562572992872 -0.531440377992 -2.01588830508 2.90782768855 0.649843865762 5
128 14558.3489838 -8.11829776295 2.29866582819 0.23572585199 -0.24083410386 -1.04592529566 -2.56850213 -3.05224978771 -0.492594164241 -2.14985568686 -0.273996481126 -1.54497434491 -2.63029145231 -0.265075251777 -2.24826858948 11
129 14651.2142947 -9.00360673767 -2.20040707809 -4.67105405976 -2.03846303841 -2.13798239246 -0.522951535244 2.7467909716 2.56271052512 1.5418527419 0.131638793358 2.0245643407 -1.8135916991 -3.12988478497 -0.91772395525 7
130 14764.6661491 -8.16928104679 3.21685308787 1.5399863089 -1.75796523784 -2.19094241608 -2.67893717498 -1.93810977667 -1.4871710903 -1.14634369119 0.104813249311 0.274837062094 1.71922880351 -1.33515771136 -1.00923854889 17
131 14799.6611448 -6.98775736661 2.9270383828 3.54935371756 -3.1078723874 -0.786374229484 -1.55046095548 2.02978922279 2.64500099361 2.79724020597 -0.989619406699 1.70633935331 -1.38006510668 -2.1648712615 -2.72843875421 17
132 14965.0805914 -8.8670635753 0.643177940679 0.94537797759 0.231409454682 0.719739654748 -1.2141606158 1.90864543858 -1.86138706158 -2.35922858009 -1.34148249291 1.95195063617 -1.47354216433 -0.0631173498955 -0.122144767539 17
133 15201.0849652 0.0543202941526 1.82693256009 -1.55996379027 2.65606002126 -2.55346877481 -0.467205512275 0.880788219547 -0.163585009049 -0.0600532738787 0.730255932889 2.01354379871 1.03239978444 1.46659398998 -2.60356875237 12
134 15266.6536518 -5.36769650556 1.8371027122 2.18397532083 -0.765110240501 -1.60494024746 0.304390365781 -2.61155970432 1.87440524791 2.36596277302 1.03726918405 1.20920211199 0.576486176932 3.13000483 2.86863704661 14
135 15351.0105994 -9.63555116123 -2.0890647703 -3.05513373821 -2.89543773261 -2.3100330914 0.69656440231 2.4621157308 -1.05195930763 -0.67206006775 -2.69292066484 2.80793994942 2.98139479343 0.0104056586607 -1.36884838155 2
136 15374.6792432 -5.44958431138 -4.49619478844 -3.45769883198 -2.62142011927 1.80042795601 -2.04850135528 -0.536394527962 2.15211341024 2.93209080518 0.0973665535189 2.20510866959 2.42872826385 -0.702347270753 -2.76015019223 22
137 15770.1369223 -1.63201282586 0.0016686323602 0.810496102768 1.72086940397 1.03454905609 1.53322667168 -0.347642702657 1.29808224511 -0.715005775089 -1.80136038437 2.28467226603 -2.08666432956 1.69622030781 -0.52252664325 9
138 15879.8508711 -9.22876550506 -5.59205835587 -3.88650556181 -2.60822171922 0.482370516911 -2.72561561474 -2.92213751977 0.685177197496 -2.47469958868 -1.4304943613 -0.343665845884 -0.970661799551 1.44817854703 -2.79881904589 25
139 16051.2872119 -1.2684629447 1.97895190169 1.41524538413 3.02549510247 1.77524015493 -1.88230933329 -1.77649800939 -0.353012850561 0.835115456896 -1.70495069013 0.832835709627 0.878556836576 -1.6922219921 1.88134200897 18
140 16162.4377752 0.721207066982 2.51110963723 1.79012055185 2.41244020425 -2.04548095218 -2.33513761511 1.44646073237 -2.5669751978 2.44094099921 -2.66208500196 -2.16755949452 1.06679909069 2.14301842709 1.77143640931 18
141 16191.9775113 -6.13217212824 -3.23743091413 3.57276935403 2.04353810408 -1.81203146061 2.01434830314 -1.27592642553 0.452433293935 2.7269528192 -3.00413037441 1.74525801242 0.776913473209 2.66921480809 -0.409574176549 5
142 16513.6006838 -5.31958553325 1.85131145702 1.61169812733 1.46058036713 -2.84657110144 1.17522776881 -1.92529651969 -1.13372585924 -2.27866646341 0.789120778945 2.58677913746 3.01955006587 0.509550900365 -0.276626034764 14
143 16513.8610379 -1.59192741153 -0.357410851808 0.332251564949 1.63310766785 -0.668673782093 -2.22801280964 0.68754101545 0.441666612294 0.425389422404 -0.200445304533 1.45528049727 2.41582953793 2.71304084156 0.929803146967 3
144 16880.4632019 -9.94925366554 -3.8042730237 -5.31793560473 2.79427442758 2.48068206261 1.53939956893 1.54531760226 2.02083083273 -1.60236171805 1.92468754773 0.21246668991 1.09564943916 3.13119804835 1.52217851473 25
145 17676.3694079 0.562211209496 -1.80142569226 -3.33293327049 -2.74766884834 -3.01748434354 0.608387423009 -0.613184317267 2.97526169134 -2.94556353024 -2.49307018202 -0.464249357204 -1.77795402484 2.76975556013 0.666063507948 6
146 17723.0155025 -8.50950087177 -6.34858556957 0.692698044521 -2.43329800362 0.198556853747 -2.60380035565 -1.72667537811 1.79696401625 1.48746671539 -2.28291798118 -2.44779880514 -0.333848428165 1.70324472189 -0.457974039608 26
147 18244.912008 -2.65212119842 1.723831242 0.878702867881 -2.78154008396 1.04755882301 0.766706286823 1.1529268288 2.46179980951 -3.05081376271 -0.625086419913 -2.69254785031 -0.733832529837 1.04008754527 3.13427668122 14
148 19068.8369605 -1.93769835807 -0.49553096625 3.73203175529 0.265513975307 -0.634833405693 1.7352751902 0.395170343649 -1.56123650742 1.8449034795 2.66708803299 2.77282393126 0.460689472095 -1.39732546552 1.01111743036 9
149 19755.9929963 -0.965241340638 -0.766675140435 3.93486264827 0.704926818015 -2.92532389675 -1.50893828029 2.52461436043 -1.21363084656 1.49533342279 -2.74382907763 0.417361275646 -2.9470042443 -1.87358652476 1.22781385334 9
150 20521.6795356 0.540445735872 2.08261751346 3.39737392626 1.76193459849 0.118210638331 -1.09024121264 -2.56078108576 1.54284231138 0.660771094547 0.490134796084 2.58991381511 3.04041406223 2.209786067 1.7596087891 18
