 1.31068318609 -3.42568823978 0.733117461786 2.56503507899 1.77021501956 -1.47521811127 0.0786533195572 1.52949532935 1.12581248886 1.16075497173 -1.43032121678 -2.29362456941 0.0873845415597 -1.10428835989

1 1883.12617023 1.27903658765 7.40806436213 -5.09008313512 -1.92654765135 0.72549292621 -2.19650250595 -0.292772744027 1.4767014849 1.83636664466 0.0135139950826 0.874970276256 2.27821596385 2.97328210701 1.81369152119 15
2 2522.39173938 -1.46188855366 5.85396216897 -6.01677160576 -3.02718677838 -2.99385803426 -2.31015637647 1.86878093962 -1.27277206618 0.508920112066 -0.44105607846 2.76683353811 -1.76274093921 1.12703294305 -2.51981086455 13
3 2529.59789455 -0.982667391136 -0.324779801917 -1.30334288365 -2.3643456778 -0.0866147960979 2.62004636276 -2.69904557033 1.34719583191 -1.20236659554 -0.0793441808775 2.74583867982 0.174900034212 3.13055547076 -2.19631872462 19
4 2854.29627946 -6.61518263201 6.43217882788 -3.09809095144 -2.86291354386 -1.23200196351 -3.11793460536 2.23493479429 -2.30189277701 -0.767360200745 -0.916953711755 -2.09500712594 0.335452505624 -2.15764415465 -3.13289546539 16
5 3116.03707363 -0.596477336571 3.74160609611 -1.18302274216 -2.89512210027 -1.82145827094 0.0380834143278 1.87921807895 0.653798525853 1.30312628168 2.07595788827 1.97291936042 1.55612152345 -0.205350819837 -2.10898800992 1
6 3582.68520098 1.08341277845 8.50887549088 -5.72587120005 -0.273194242226 2.09739661478 1.72575425044 2.14696752007 -1.94605145183 1.01098713017 -0.36512808794 -2.94876036996 -2.01572746441 -0.234574398326 -3.01473122629 15
7 3631.84583794 0.126002390583 2.08805142069 -3.24394246433 -2.03875278484 1.70765157852 -1.14493415237 1.41885010639 -1.27764717972 -2.94152331284 -0.668856195429 2.24024694101 -0.14718333558 1.72839089606 -0.452408124002 4
8 4253.21668877 0.50747427018 5.3202242366 -3.60738545068 -1.13023647915 -2.71064570471 -0.147416796977 2.95618609167 2.06375066956 -2.92957502531 -1.16719179114 -1.93862917202 -0.663758608251 -0.786414912462 3.03248081889 13
9 4457.32586431 0.775575493501 4.94662356934 -1.91538661943 -1.17217571226 -2.39944013882 -1.30778956055 -1.13889311806 2.60817773301 -1.49456904492 3.09757869924 -2.30608209569 2.65448088055 2.52092473799 -2.46996749586 3
10 4579.49504328 -1.77324669067 5.20220105122 -5.95437891309 -2.78072203032 1.05731462289 -0.749326335873 0.55101754891 0.0530537695229 0.836479801847 -0.628521812075 -2.46078743995 1.12329881181 -0.733636776919 -0.240065896556 4
11 4635.99647892 3.53338860748 -1.31906449735 2.96378930548 -2.41687628087 3.05015667757 0.326142065975 -0.135257498241 1.70694466199 0.525948279485 -2.75871692681 -0.452974847539 1.67117828511 -2.4952058148 -2.01496672111 27
12 4841.4185057 0.147915194352 -1.80358431824 1.61583419656 -2.99525555722 2.38220524408 -1.28553638457 2.85521996075 1.13257992734 0.480991721626 2.07260958753 -1.19439481286 2.60684640723 -1.35253450602 2.45594402946 23
13 5106.95795489 -3.72298454592 -0.100494370188 1.71011660488 -3.11205159853 -2.73367710754 -1.287115163 2.17717292372 -0.119119676146 -2.56913703466 2.19606174347 -2.66241884873 -1.32124498731 2.41591899408 0.0639741748754 26
14 5180.35249977 0.01552353373 7.62181722932 -3.99862227557 1.71836757633 2.76329716278 -0.933143639696 -0.37865309393 2.59579772402 1.9022677557 -3.02223594356 -0.331825781973 1.36900048683 -2.04458235951 0.270039487935 13
15 5353.52247781 -3.06803143671 2.64053589221 -3.87327072074 3.01098046805 -1.58977722132 -2.87460641868 2.15917208669 2.75168182078 -2.19768921574 1.92759174722 1.86936611507 0.644457319786 -3.04856016811 2.36066663355 4
16 5394.81379976 2.11014837177 -0.569715179902 -0.945984413619 -2.62533049579 1.93094440269 -1.71819221918 2.44634149227 -1.89991841606 -0.878740817709 1.7719663758 -1.11166123873 -2.29927522253 -2.6021438729 -1.92797237003 21
17 5628.00615921 -6.48194735559 5.6508453115 -2.88729059951 3.01092686951 2.22339719744 1.88891387285 0.49880236272 -1.83757844572 2.38571207329 -2.40015577099 1.31037847951 2.05676051826 -2.98349537199 -0.950548736909 16
18 5693.58215433 -5.05474336958 1.16158479804 -0.339387957443 -2.74152434627 -2.9304987729 -1.7432941783 -2.67554644262 3.11562621458 0.282538509127 0.996614790847 -2.44298866509 2.95611620281 -0.166677929665 0.670187467048 20
19 5696.0196869 -1.18154208074 0.556558415737 3.57847850103 -2.49068236106 0.71870525325 1.96064801947 2.83094909909 2.23893231224 0.649298317346 -1.53562662902 -0.762753242719 3.02049047128 0.210880550608 -3.11079009119 23
20 5936.73869456 -1.85892546175 8.47842077623 -1.47636140948 -2.05100183518 -1.49579347577 0.518674590238 -0.0935054680349 -2.86083465472 2.51979948916 -3.03605494275 -1.99572589314 -2.63605024605 1.58430602238 -1.52602329177 10
21 5956.20273178 2.8933377526 -0.0519912602516 -6.16825971048 0.267029558914 0.53837055792 -2.49006059308 0.612599885014 0.86391454313 -1.51862564562 3.11234057954 1.96028316125 0.315797143625 -0.977187749414 -1.71334140879 24
22 6020.98755014 -5.54954029514 4.82940806104 -1.80622142857 -2.78801753823 -3.03579890794 -0.720385073819 -2.50281083157 -1.68798138419 -1.20225668921 -0.163873269184 -0.037341984387 -0.842840310401 1.97008548477 0.699027750085 2
23 6143.89029933 -1.21316813799 3.97822147744 0.979358738299 -2.26323101532 -3.10067607433 -0.209031103204 1.80800799867 -0.705313064939 -1.71153796238 -2.80557170208 2.61288935927 -0.560887758155 -1.35674714426 0.463355807882 1
24 6257.71037241 -0.554078915599 8.49574497505 -1.26382945056 -1.89610516229 -0.297108816616 -1.64542290897 1.06042048296 0.226293404017 0.647602605556 2.3300053329 -1.45587520565 1.62733545177 -0.362308492126 -2.02943213963 10
25 6377.00596165 -4.42814579215 2.08007733569 -3.22094693435 -2.76265986335 -0.553790165241 1.31538431153 1.20397115273 -0.492748357765 -1.38026489222 -2.21669139287 -2.34085259437 2.46900741685 0.848058197305 0.886189977317 7
26 6445.17152394 0.691838851259 4.11883319857 -3.9885626819 -0.798065637837 2.15526536552 -2.1652883843 0.562857972665 0.103616836122 0.341255042562 -1.12322571353 -1.35802888845 -2.61826665553 2.92843142875 -0.557577916342 6
27 6599.75352418 3.62010550218 3.90028081442 -3.06607844397 -1.03014543709 -1.23782705679 -2.22390787212 1.40071613134 -0.967400906982 0.52987182331 -1.47739397101 1.56526987479 -1.88094797953 2.23483641169 -2.85770918815 6
28 6608.79318982 -3.27576396896 7.90450167683 -5.01611702124 2.09868530512 2.34155027379 -1.56585859616 1.78031083372 -0.302289473333 2.94616024141 1.73987805607 -1.71601937438 1.1743364805 2.26521024124 -1.15763646252 16
29 6673.20323089 3.4060490044 7.95277459416 -5.38847203734 0.578479872911 0.524783473985 0.0325720799534 1.11220211704 -1.68923626086 1.75502229173 -1.316537921 0.899492652107 1.89317573971 -0.218169871026 2.30130203577 15
30 6714.83997152 3.22858971596 7.95036109103 -5.25380511349 0.234889483074 3.08820089792 -1.5560458432 -1.84758506601 -2.62051785278 2.70182469355 2.19667227778 2.94567646145 -0.657898310462 0.0124507538244 -1.34872147251 15
31 6788.58379864 -5.21268538202 8.2664243564 -3.48183792221 0.618441924706 -0.517346043616 0.499816229991 0.209290787728 -2.44752260663 0.672238728774 0.700249210046 -0.39714112538 -1.47563525445 -2.24604604306 -1.43896028347 16
32 6912.24861566 -2.64405153741 3.98319229877 -1.65240130517 0.736691309039 -0.246309705424 -0.930472710924 1.36739993555 1.14238378513 0.657370974708 2.32202275518 1.89388134083 -2.15114997867 -2.37665336095 1.91926625968 1
33 7196.96008264 -2.26101976818 5.91451754911 -1.04491516706 1.15342988934 -1.16305920259 2.49017882186 -2.28202549738 0.239163217633 3.00976524334 1.35286856798 0.60536776439 1.80706653838 1.1578339187 -1.18447215755 10
34 7198.07789113 0.219708734465 1.34214178937 -6.07302359422 0.112628355057 2.93433311491 -2.41661305501 0.48697922534 -0.514608841365 1.85720120984 -2.80975982567 -2.15977777124 1.83824015036 -2.95568715124 -1.13032421139 22
35 7349.01125712 -0.709461480944 -1.02892273875 3.6361494814 -1.64196287728 0.271267286987 -0.511523717929 -2.95729194824 -0.238272132462 -2.7175079506 -0.335855740852 -2.51335076912 0.187810765813 2.03193998283 1.23514049869 23
36 7390.36380269 -4.88070553846 -1.16982234914 2.00282293957 -1.40233485753 0.716421715365 -0.229388814342 -2.85160679471 2.70346352572 -2.33099512674 3.06102458886 2.13099682673 -1.62907656279 1.68661070644 2.96448970551 26
37 7472.32462292 3.54680263394 1.84711662797 -5.49307063874 0.62249714543 -1.47621717107 -1.34329205479 -0.568222753197 0.109326006179 -3.09692178081 0.141913462118 -2.50432773811 1.85677767418 0.987968563941 0.213483726685 6
38 7922.14553849 -0.344343740825 -0.942020579028 -6.06521834986 0.583959045138 -3.06835112508 0.367431078588 -0.453830622754 1.10585310708 0.640079405774 -1.52895868025 -1.73457069639 -0.547011129248 0.780732082565 -0.336902810246 22
39 7987.78158875 0.601941653795 2.74339524304 -2.73486103094 -0.787528566861 -1.6889857536 -0.836841985624 -1.30442517376 -1.67208505674 -2.17328236695 0.797932510405 -1.55768650988 0.178616321094 0.298710964707 2.07355806194 6
40 8083.00695691 1.90747321184 5.74946934321 -3.20487013105 2.73425069696 -1.13078055781 0.722506124475 1.77874180015 0.337366265516 -0.348545324409 1.17601317646 -0.689667927555 2.34961320767 -2.93606989636 -2.50592264685 15
41 8150.80783613 -1.32487725709 6.56261282511 -2.22222443483 3.06615511782 0.669548346474 -0.899882563181 2.83867129841 -2.63606272261 2.9605283126 0.230111131045 -2.81733968528 -2.69249951482 -1.8692576387 -0.47564234704 10
42 8197.73265758 -1.50541004377 -0.350254719723 -6.1620370413 0.55744737376 1.0739767345 1.31333392212 0.635825314516 1.10446365478 2.22348435812 -2.049918463 -2.11551005094 -1.3042025656 1.56109872797 2.3245003209 22
43 8199.19256593 3.37368040378 7.67138700936 -5.95133764586 1.27003758631 -0.539293863608 -0.668671441338 0.739467970123 1.56656421301 -1.92437290527 1.60035749335 -2.53602939512 -1.46223728624 -0.923019427587 2.10505669623 15
44 8279.14065241 -3.59440523037 -0.336019221278 -1.84309200178 -0.601633124502 1.11310811898 -1.73000444749 -0.724722187254 0.705867093029 -2.89375945944 3.02254248457 0.286296918781 -2.30909049313 -0.863425996645 -2.8298298932 20
45 8293.2235498 -5.43205755825 2.87389403895 -1.19611595782 -0.529229826326 2.22848964312 -1.86087731146 -1.65168704768 2.64841071765 1.35983632303 0.33492075377 -0.493199474713 -2.49485590007 0.386256743357 -2.35744518206 2
46 8378.98302401 2.20963128762 -0.390810972299 4.12807788203 -1.76466674884 -1.2448559459 -0.0602436450668 -2.56443174378 1.8857310377 0.874427586142 2.64545094031 0.661779531204 -0.638536264906 2.82818807397 -2.00873913063 27
47 8387.63622528 -0.461154393005 5.11911604875 -3.92195398234 1.7165515994 -1.68769263424 -0.767661446499 0.924951607259 -2.69912075291 2.50017578497 1.33535579044 -1.43776269534 -1.84251164709 1.03360778574 1.88397649096 4
48 8428.11817304 -4.77430804589 4.49157322678 -1.87883839746 -0.230392239413 -0.898682041105 -2.11930181987 2.39394310444 -0.0183761643999 -1.2762754113 2.90581066724 1.74451518334 0.113296966277 -0.574279747747 -1.54545804395 2
49 8436.54882708 -1.52519567567 1.75791593134 4.41075658999 2.77127636344 -0.467971860184 2.58161627967 2.76248846535 0.276039085356 0.571873807796 -0.550268238933 -1.73388054443 -0.0647634474926 0.62939788394 2.21039888547 5
50 8467.87944053 -0.89566465543 0.890469696534 0.563576338042 2.70343613518 -1.45242447907 0.738798862732 0.983678385472 1.30370441899 -0.564528580678 -2.07117018619 1.92852497463 0.874309111716 -0.960467009022 3.05314470388 19
51 8490.17475404 2.55879971631 1.61722118706 0.634886638995 3.11048831264 -1.39188814428 1.78932399566 -2.29708415819 2.56139661364 -0.910195275551 -2.06113038005 0.990055641927 2.68609015094 -0.251125855799 1.05113915534 3
52 8600.01850342 -2.89192922845 7.55564288613 -3.55528053817 -0.966702509604 1.09441961559 2.01822279821 -0.625422411965 0.0140353082667 -2.09671520901 0.76580026308 2.23958818493 1.67018748933 -1.87838811276 2.92599249738 13
53 8615.58174983 2.07840344339 5.64696422671 0.0687394349097 1.82292563313 -2.67017147127 -0.08853018408 1.2497573118 -1.89481855092 0.568137685955 1.26083579815 -1.78475122328 -3.04776704558 -2.36146630991 -1.82681729869 12
54 8644.099886 4.07722285832 6.85263785751 -1.02051523357 -2.9341317923 0.12533805306 0.600152664999 -2.48426621031 1.77246490666 -0.978757652552 -0.761205211147 1.87690344824 1.03920823725 -0.752219978654 2.01080334096 12
55 9036.65971038 -4.72631664908 4.27919002884 -3.64834757308 -1.02178556716 1.59661399873 0.271530754241 -2.85332391104 -2.96565425294 1.85487791166 -2.34261068276 -0.0634390825002 2.93896635082 2.98647627286 3.02443986338 7
56 9073.3956204 1.93442318103 1.24943625083 2.2974051271 2.62890626166 -2.75731411266 1.00131582076 -1.26477838527 1.69622752384 -2.22065874411 1.06570300396 -2.41289333214 1.26558068903 2.97691924472 3.09840935007 27
57 9145.5926154 4.16526828314 -0.799810473279 -4.43776133872 -0.179255047801 1.98389653654 2.2281426486 0.805434984185 -2.82573904879 3.0095140603 1.16121940582 -1.11590923494 -2.66907759487 0.274298786271 1.37489320326 24
58 9153.03327109 -2.06771710845 1.60561720339 -3.53052151167 0.120845917999 -1.98560490233 1.8543416344 0.187512438859 2.36550020348 2.40129219329 1.20763283194 -1.48605361637 -2.0275851308 -1.56409445887 2.28569401703 4
59 9206.31779322 -3.53177365228 7.92523868126 -3.00440441755 0.120482845501 -3.0842971124 1.87911273522 0.951151002382 0.770884809531 -1.46983923517 -2.26437035686 -0.869043495466 -2.24282196341 2.743809474 -1.77328565378 16
60 9309.99678172 4.10148005292 0.894929725654 -4.16279720438 1.8235609371 1.89850136873 -2.4002370138 2.56022710572 -0.368922079195 -1.05864428548 -2.49829449 -2.46887992764 -2.96118192349 2.08616156911 1.49176933414 24
61 9312.52422516 1.69439138695 2.40522711712 0.081647379661 0.490748645145 1.91067452632 -2.47001862745 -0.691859711171 -2.57000830877 1.6947274893 2.68863977127 3.07072228909 -1.34326698404 0.753959312194 2.2022758876 3
62 9315.02396586 -6.12620274391 3.54687320766 -3.07523184084 3.03329589288 2.78264475621 0.364844342738 -2.86042002421 3.07940948077 1.80309423573 -1.03613907965 -0.478528019877 2.42441743407 -0.29895111393 1.56668206263 7
63 9381.13274259 -4.22855253722 6.29939378057 -0.8801022885 2.65326818107 1.7119903767 1.80668080265 -0.0446969164508 0.326521266439 -3.0244837876 -2.06349390646 -1.88933339656 1.66029202025 0.295462644018 2.51907640304 11
64 9429.65216912 -4.53097361102 2.40361734647 2.58116640382 -2.75437539472 -2.5500438043 -1.14847238121 -1.12899494955 0.413277114921 -2.86521046743 2.14337170737 1.29266401044 -0.30892021262 -2.04543206554 0.652312768894 8
65 9555.65579137 -3.59777532732 4.72212829203 -5.49422864244 0.622617552007 0.00976158887529 -2.55468383064 0.723956314759 -0.815571398678 -2.19587425496 -2.71253369711 -2.09850484383 -1.66362583135 -0.941376708459 1.60420922891 7
66 9648.54544293 -4.23632712186 8.30756978321 0.913185970264 0.10433309055 -3.07167381479 1.21742558829 -2.63489632233 -0.997839920803 2.52895698136 1.53056139143 3.05332885691 1.81383041839 -2.00760285526 -1.80534670608 11
67 9709.24327954 -2.33588531151 6.76887705421 -4.06315012679 2.17005243009 1.8303983569 0.162152140615 0.88139176729 2.92964842631 0.761172167855 -2.54574456409 -0.968038008658 -1.81687673708 -0.935110402843 0.706444922 13
68 9929.91708898 3.4845887179 1.51885447033 0.542012230864 -2.67565616728 1.49629186449 -2.91396735187 -1.4826744567 -1.28686086803 -2.49425504603 0.85212748958 1.83227004586 2.23488993002 2.76058678337 0.519880445495 21
69 10050.5435541 -0.667300257027 -1.42690828455 2.62574905354 2.71035291864 3.14005869125 1.66581559139 -0.357105564203 0.806915295868 -0.641447906629 0.17762493189 1.46195144226 -1.96575501264 0.211480348189 2.66564389434 23
70 10063.7285402 -2.31423336219 5.14554929356 -0.043706559046 2.60021169045 1.76138340084 -1.92581313968 1.29089194017 1.42539411856 2.63080675322 -1.43259557463 -2.83115016719 2.90689644253 -1.00456120272 0.295874753953 1
71 10079.7298609 1.23311258329 2.7370508627 -1.45216209005 0.240765608522 -1.79462321265 1.9967100096 -2.96434464324 1.16935136909 2.65244634422 -1.37606041338 1.67971135281 -0.441768965769 -2.03242570519 -2.83589005927 3
72 10108.4330484 -3.8661946968 4.55198581396 0.638620206271 1.60896059136 -1.20547189497 -0.238342321434 1.58866313415 -0.177226020939 -0.38655650705 0.830661066765 0.494177436916 1.08108501931 0.630524023502 -1.56988989696 2
73 10232.3529765 -6.18678385543 5.56745212914 -1.05999945166 2.73420866869 -1.49379096781 1.40313344078 -2.96788047128 2.26617814177 0.559525427566 -0.244780258374 1.50201737085 -2.80695776296 2.37355192444 2.50633498741 11
74 10278.1859636 -1.32382800707 -0.753660129282 -1.02081117963 -2.88479331952 -1.48875984769 0.950518653375 0.958507625101 2.43888145564 -0.777693050825 1.21189605408 1.67167458023 -2.08272892064 -0.439649146766 1.54225090507 19
75 10304.3663893 3.9910816745 4.57558107065 0.247627346584 -1.61333129559 3.08610058449 0.495683450283 -2.09370408247 1.97519963467 1.73015771595 0.730075395212 -0.912106575493 -0.498321294426 0.923002226674 0.251891044695 3
76 10354.2677011 -6.27980313736 6.17207812867 0.210878106909 -2.46781155841 2.30289451881 -1.16967535731 -1.29894133191 -2.38423663791 -0.937491500268 -1.6143831745 0.0436264261591 2.86048035155 3.00723812836 2.46861903083 11
77 10363.5935833 2.58574864869 5.77115865599 0.64377458507 0.938026072864 -2.82571859805 0.202900635593 1.4798192448 -2.82569436708 -1.86947267509 2.19566256894 1.3157222674 2.15761470656 -0.401253128592 -2.10533247964 12
78 10596.8069937 -3.00840413803 7.92153962712 1.9106504134 2.54798193261 1.03638704225 -2.87453255853 -0.92840438735 -0.133144406553 -2.81185292639 -3.11422714979 -0.820939502726 0.887267957285 -0.683317420659 0.278665249635 14
79 10662.6521434 -6.1542400853 5.50760465294 -0.0824336047572 0.772124693836 3.04658438948 -0.346841735821 -0.982869679128 2.36819802119 -2.72741931265 -0.124611373789 -2.11051493706 2.27461493932 2.75520531983 -1.52917629303 11
80 10715.2363669 -5.23760673194 -1.63256856134 -0.487113229465 -1.66488799169 -2.20742998544 0.841307275941 0.36193101152 2.67717749807 0.0952883651491 2.57578017598 1.67900570057 -0.0472054076166 -0.647679039995 -0.991160789029 20
81 10783.5632496 3.47727800748 3.08651772905 3.25621066558 2.25574393323 3.06171882317 1.55829583077 -0.0556487010398 -2.96159545019 -2.58187454297 -0.0455829035601 -1.35672736564 -0.5402805391 0.290584844414 2.15320405251 9
82 10828.0681819 2.10889549182 -0.597624087012 -2.04454605811 2.73867206213 1.41650796964 0.228370034274 -1.01584938269 2.81796805132 -1.099737996 1.46211320924 1.56995995743 1.56145135166 -3.02640232525 2.61818469673 21
83 11192.4442501 3.34018996685 8.29746472054 0.251453214576 1.9420384709 1.63729754988 -1.73684224716 -3.0155299489 -3.04584035912 0.126174007783 2.73923965617 2.67533051075 -1.9966301628 2.79456861603 -0.948453207313 12
84 11225.690955 -2.11241911623 4.16602656592 -0.981387207984 1.02289331125 2.22190086403 -1.63318574524 0.0688898202511 1.21019070084 1.15416144648 2.37593307235 -2.88739012348 2.74629474599 -1.07918095211 0.42445812426 1
85 11232.8468548 3.81012741585 3.66194594693 0.161470238296 2.3139543394 0.575553195513 2.49704290217 2.10305223059 2.96319932812 -0.45729715534 -1.80725571649 -2.46366224058 -0.74336364051 0.49898772953 -1.18957688199 3
86 11278.9278596 -2.32886533933 8.32197727148 -0.84942524096 2.90311998755 -2.02610481132 -0.427783930258 1.80395572664 0.415622059245 -2.82414360255 -2.08635247233 2.67193703447 1.05599892532 -0.0822248027677 -2.22108867707 10
87 11295.8693649 -4.98798804261 2.56779978849 1.58493160683 1.7327477833 -0.999294772959 2.5847466157 -1.13732476019 3.1322291892 -1.11084073983 -0.961121193448 2.20472697505 -0.486342989916 -0.671067434648 -2.21750531128 8
88 11298.1075305 2.68062760208 3.42390300975 -4.42215119375 0.16619457114 0.997122655605 1.51370876077 -1.84742858621 0.310246975999 1.00797108221 -0.528924802494 -2.02308341357 0.464273172491 2.8469433921 3.09148681246 6
89 11313.8028064 1.91113451959 -1.57622349402 -3.22944943586 -2.04368896972 -2.7235113878 1.74829793365 -1.42923887914 -1.33857950078 2.51667479914 -2.94910906431 -1.94309398221 1.21398094151 -2.64033899685 2.0769116643 24
90 11344.5862626 -1.66809835276 6.25058411342 -4.55284072906 0.562919797352 1.58961576073 -3.04656108799 0.150077637644 -1.51402895361 1.21321224293 -1.41987370896 -0.375188340083 2.83510059148 -2.85685163587 1.46468441742 13
91 11431.2627759 -5.61465956399 -1.00200049076 -1.5500922756 2.27519624085 1.76499810341 -2.57472176315 -0.570968704345 -3.06372018188 1.37464384956 -2.28939925014 0.100829522146 1.886729589 1.71176229311 -2.23564481771 20
92 11481.238072 -6.55135186187 5.25201556613 -2.01869923773 1.69953395597 -2.54524039204 0.0392982080017 -2.93807245845 -2.63896778595 -1.13156202079 -1.91738728124 0.474931089197 -1.38567853189 -0.894608374391 1.31732939152 2
93 11552.7203098 -2.87059661945 7.64461768868 2.31925111541 1.10564396779 -2.33060085666 -1.64747324289 0.165857155509 -3.09658526338 1.07366606624 -3.09557636123 -0.372398058697 -0.035586120657 -0.25929347437 -1.38988985755 14
94 11671.7203906 3.09689857031 7.2364508347 0.158830881599 2.99318443214 2.50440456471 2.18826804183 2.33551598069 -1.80952661118 2.03926991352 2.63740845391 -1.61381052504 2.30790267664 0.0741367125621 1.45602198753 12
95 11738.5686902 -4.15695914223 0.152145834456 4.44991822282 -0.628188373096 1.04693696713 -0.404553044123 0.333059344757 1.95282341823 -1.15077224265 -1.32039826113 -3.06537820073 -2.54828991092 -0.712225306612 0.0907735459055 26
96 11901.3678574 0.915252503829 0.195065957661 -5.62444514367 -2.74507130489 0.525178055665 -0.00286360031138 -2.71213335021 2.22536386032 -2.93989535108 2.48137064287 -1.13515111799 3.08336519518 -2.3877362654 0.785553116974 24
97 11997.247719 2.54740577843 -1.43208635239 3.79849502454 1.86115264185 0.185746698947 1.36082145056 -0.980917317318 -2.96040475863 -0.373853144883 0.402626717572 1.63881291553 1.26317792648 2.47670804388 -1.15548728074 27
98 12031.2320592 -0.282050262835 5.89515778564 -1.84735439444 0.550394160272 -2.53637140287 -2.07812874364 -2.86838395187 2.88234528293 1.30321452314 2.66921726162 -1.90150842776 -2.2379652125 -0.167834533586 2.13787127823 10
99 12165.6235741 -1.25474170294 2.13224235665 -1.28398120681 0.574556710356 -0.222488043189 -2.95463727744 -1.55890214185 1.54957066629 0.7839478487 1.878194914 -1.93327632109 -0.170948941642 -2.62615775441 -2.50294345812 1
100 12224.0974683 2.87671615931 4.38530323569 -4.86593812937 0.143331000847 2.806411952 1.50802602729 -2.38474365964 -0.370549767219 -0.611002725511 -1.24757123335 2.37957059131 -0.899059325663 2.97179830444 -2.93261138146 6
101 12426.5961751 -1.08141068391 3.1964761871 4.13861764957 -1.38653831211 2.93688395148 -0.244378154825 1.64413810887 1.10650365442 -2.32877911255 2.96774875492 0.825428010476 0.355836652978 1.17682838615 1.12339732111 5
102 12443.2802501 -3.84299893369 2.28220063646 -4.69922244544 -1.42865119621 0.525232570741 2.32606343914 1.28378236434 0.205899703049 -2.84179286199 -2.90881523176 -0.991271363587 -0.401917629209 -2.45620135193 2.00725062687 7
103 12497.693802 -2.41148186483 3.4478397928 -3.09222344122 1.29361647165 2.76348315026 0.915380733827 0.831840267238 -0.468821872259 -2.41511609113 -0.259396501825 2.44728110999 -2.8330311883 2.12554697633 -1.5338443735 4
104 12556.9792638 -4.92171488788 0.449260375916 4.23433855117 2.29503857536 2.96670283752 -2.66248355316 -1.78259633486 -1.22229032292 -0.300199505421 1.03314611599 -2.02977345721 -0.995411219118 -1.32976306606 -1.22660022112 26
105 12647.2439015 -2.59217939552 -1.28762067477 3.30299276689 1.63287540336 -2.86937236328 0.790271141974 -3.12660081593 -0.759647281648 -3.05867266504 -1.15068269641 -2.72940968017 -0.197568214789 -2.72737610629 2.66689014702 23
106 12836.3955666 -2.69442622549 0.501428336803 -0.280934025489 1.71500243122 -0.0730794059825 3.06065578235 -2.11700914477 -2.03004678148 1.76977832286 -1.3957096596 -1.76716496216 -3.02879154486 2.65637122907 2.70971694797 19
107 12972.2756202 3.87921868094 6.79170398308 1.63683592918 2.66693307886 -1.30332982913 1.97849412239 0.286007737668 -0.347721635119 2.55736004909 2.33502472636 1.813138271 0.0767098075406 -0.658747903035 -1.51350760664 18
108 13078.4901115 4.11881194509 6.87395827175 -0.463269292108 -0.0155207429569 -1.90180975821 -2.62781079125 -2.24282730214 -2.71946991187 3.08990446513 2.85809516047 -0.235697838136 2.67674977154 -2.87530049982 -2.72801377776 12
109 13137.8425347 2.41353230221 -0.0691581651514 -2.1705268192 2.84238124314 -0.247609291423 0.776388562877 -1.92300299168 -0.902495204052 -0.544776850297 -1.8211594134 -0.297863081659 1.02837724969 0.485884380555 -1.16921600515 21
110 13165.3200598 0.297116228776 -1.83671516051 -3.01285938543 2.81441713829 -0.48125937406 -0.455445006381 -1.84985388618 2.72383293227 -2.34072248331 -2.10501537195 1.14094336731 2.16773385093 0.837510847359 1.70241041914 22
111 13255.4256076 0.702019608319 6.98119371535 3.04252119322 3.09538601021 2.90113077721 1.85837279833 0.431769037154 -0.51304381107 0.173534057737 1.71009048605 1.11859240435 1.26172872594 -2.50945708608 1.5301374598 18
112 13259.2205834 -6.55647604814 0.44733136423 1.61603195181 -0.708856122476 -2.24497881177 -0.123153056067 2.03698873638 -1.12384537165 -0.99425873783 -1.05431697982 -1.57438113344 -2.52952012944 -0.762907011082 2.25871945963 26
113 13327.025876 -3.87047949325 6.80729040282 1.80719744424 3.0308695269 -0.0468941387748 1.31050503105 -2.93805468447 -2.74121118507 2.11710515373 -0.589927609296 1.08379360716 2.94624672101 -1.56725853445 -1.45422109369 17
114 13428.7981991 -5.32967673592 4.24975309437 0.509057068576 -0.176421703401 -1.26492880238 -1.15712950146 -1.16678119249 -0.204079466737 -1.42000859604 1.64488722783 -1.24955449007 -2.46878963886 -2.72024526408 -1.3686108623 2
115 13589.7763965 -3.06985069441 1.50649882078 0.487701053892 1.81686143212 2.77885372054 -1.1229874417 2.00274522368 0.570312826249 -1.52115864501 -2.11435846723 0.632017780154 0.854962083236 1.10293768 -0.464905736785 19
116 13618.5302845 -4.19210631107 -1.83944993409 -3.72982589718 2.97600275179 1.25338560515 -2.13310021238 1.57498885053 1.96229798867 2.64675483232 0.160780953881 0.292288168439 1.79183330182 -1.91597952225 -0.560135070419 25
117 13746.8340454 -1.79393314925 6.78788192497 3.09037570067 0.863865684351 -2.70519548996 -0.769734486649 1.72585149803 1.6024501949 -2.31514434342 -2.25340510638 -2.6323415218 -0.694340279649 -1.20454360819 -1.40774660929 14
118 13831.507304 3.11466241002 -0.803826391888 3.40613443722 0.884376065985 -1.2220029368 0.345434509629 -1.74417549231 0.768922397327 -0.0803418106814 -0.650075891099 0.983984721718 -3.07406382279 3.05945768744 -2.66758040254 27
119 13837.5282391 -0.786607253785 7.98674015014 1.12943958431 -2.03632463729 -2.3143881838 1.42524015996 1.26108335317 3.09761930557 0.338634699831 -2.17246704371 1.36275670416 -2.5631781021 0.0766951619577 -2.39462996939 14
120 14037.587962 0.0334705307413 1.44633898608 -4.92230633734 1.94602542308 1.62586827104 -0.525002721166 2.62606256982 -2.18819935003 2.96191804049 -2.92455824166 -1.72189579913 2.40676555485 -1.24790995689 -0.311545366161 22
121 14258.3222515 -4.77664576521 1.22577823244 0.394501386333 0.540574925742 2.06192644033 2.78640294061 -0.143973490394 0.271288603543 1.33353627313 0.170773351732 -2.57075347363 -1.52787558752 -1.75065895547 -1.30319892342 20
122 14339.7174216 -4.84819514546 3.39783407932 1.91338108459 -2.83939250688 -1.88513105301 3.10443533477 0.348218269716 0.181188371678 -2.77490076897 1.86966445112 -0.175235141909 -2.13445105792 2.84768348284 2.21165326732 8
123 14470.6120936 -0.836944094152 2.63089990103 3.42613795148 -1.54764699991 0.445518814187 -0.54211811867 2.58804327567 -1.19396536021 2.50916410658 -0.0223410338748 3.13253662833 0.0871892997667 -1.35982465096 -2.22003849567 5
124 14477.6345143 -5.78752498763 7.80875815433 3.11567089535 -1.65139807104 2.98405002819 -2.59602041127 -0.893057417277 1.29096527426 0.796391329492 -0.416238430438 -1.23658261353 1.50468096886 -1.76621271565 2.77413906758 17
125 14560.748149 -6.54696636881 7.59126141284 -1.79789193748 1.60678700747 -2.99782451852 2.9880921256 1.50056709581 -2.91741477158 -0.751746931851 2.95888673743 -1.46135492206 0.240291791402 -2.9186020741 2.75371450352 11
126 14681.1291368 -6.33966740521 1.30664864679 -4.95161844879 2.5042267232 1.77278212427 0.127283203393 3.03946776252 2.39582079214 -3.08577105033 -0.348130718455 -1.00562979228 -2.858931057 -1.18927614759 -0.157171211893 25
127 14838.3981015 3.28459920884 -1.72558553157 0.585800211235 0.460565151055 2.70436109474 0.432773864675 -3.10207768218 2.00049800357 2.37528312958 -1.63756443898 -3.10870609219 1.72751907883 1.30980890465 0.486887551293 21
128 14919.6452155 -4.62406837072 4.84131064436 -5.91829591594 2.14385999369 -1.54209478424 -1.46153494313 -0.918248441942 1.78562909716 -1.3316313331 -0.623349018741 0.376187703363 -0.534357362072 1.64374769677 -1.30187373947 7
129 15118.7320841 -6.30569001054 4.46321408655 2.54540976989 -1.84318346946 -2.16791347637 2.79914954681 -0.840235857205 1.76582099599 2.02260217346 2.49909154855 -2.50872461308 0.380953065872 0.755763656347 -0.592216781356 8
130 15169.6130015 -0.559646599121 4.56374931632 3.18105909099 2.65252655274 2.32187259014 3.03969799838 1.82747672238 -0.914466079146 -2.56826561123 -2.61194395544 2.51979122158 -0.177005367509 -2.23119966793 1.92499818802 5
131 15212.5348888 2.61922370128 3.6411182469 2.79186872032 -1.62364307396 -0.849252733167 1.70497430203 3.12889020614 2.68292068336 -0.00139530490402 1.8046372197 -1.7421102278 2.22696108484 -1.48578941897 -2.12794187589 9
132 15490.6590766 -6.26814664053 0.0232344405256 -5.28566057013 -0.0671252325273 -0.600014427419 -0.263345498571 -1.07809600365 -0.568778886833 -2.78691294066 -0.486524032256 -1.16445520439 -2.30567737741 2.21621307373 -0.300051199033 25
133 15703.8365056 0.976904516324 2.24935895982 2.44792129171 -1.02140333333 2.64187221023 -0.319104472779 -2.53581738548 -1.33541983265 0.113352939545 -0.84836017658 -2.69638416397 0.191273614666 -1.19469182046 1.10809564472 9
134 16066.3432557 -6.80815225921 3.35585020249 2.10132693443 2.18361334321 -2.84418132033 2.26676834785 0.873524931026 -1.97423513472 1.68471641715 -0.701040443755 0.124133397939 -0.0757358822645 1.45409383749 2.99115459284 8
135 16214.7324055 -0.160530604394 8.50010423835 2.68463387727 -0.128915239131 0.7616591049 0.621830428643 -2.64873669858 0.944129856164 -1.6226987425 -2.7554832168 -2.38721574548 2.86808052188 0.940272065845 1.93337876736 14
136 16254.8337079 -5.47693405102 1.29603995459 -3.45772615905 0.728787844881 1.32532502701 2.26123005821 -2.33845902009 -0.3028580236 1.86900875803 1.13062525174 -2.80443073853 -2.83732275246 2.32222263317 1.82097228718 25
137 16537.222727 -0.834445345223 8.60582077465 2.67670955565 -2.17497526939 1.48478035852 3.00718993384 0.652522435511 1.80181258434 0.440986189311 1.14937952661 2.04484338291 2.06094028708 1.10523932163 -2.6561111373 14
138 16657.372942 2.44585687426 6.56998703391 3.31377123075 -1.78164772558 2.03553687783 0.514349649644 1.39856594186 -1.63482299782 2.37269297865 -0.271100469156 -1.15291242404 -2.44997475593 -0.178496324456 2.13315605907 18
139 16851.3401971 0.253267541492 4.85709110009 3.15566598654 -2.34137035814 1.48725340621 -1.27535262005 0.513096146906 0.689801361057 1.06346854651 1.10660105471 -0.96461485102 0.236968259005 -0.350424365137 1.41807848834 5
140 17032.5459483 -4.94214831314 0.318356015719 -6.01196188543 2.93120204624 1.86556470179 0.951416357933 2.2597247122 -2.45492770797 2.91301993961 -0.277161863528 -1.9502120779 -0.618941594464 1.72821098854 -1.75993764939 25
141 17112.1466522 -5.61709317984 4.41584920748 3.35809417965 2.79820649108 2.67771677178 -0.256946894195 -1.3878464535 -0.149780046397 2.09459695321 1.61733443003 -2.69323989126 3.08414679929 -1.42711753107 -0.319163202484 8
142 17208.6763219 3.99492786152 8.06957107575 4.55154334742 -2.14221493064 -0.0822058541781 -2.43291502636 1.06045770518 1.40645342608 -0.836519326865 -0.683183031175 -2.25183294628 1.67654748998 2.73332790297 0.093526365376 18
143 17223.5711727 1.36975783036 4.3887426606 2.89954459443 -1.19161657461 -1.16574654392 2.88450947965 3.12048444414 -1.42971812266 1.05429032955 2.077969958 -2.09655469537 0.328001677133 -1.89984470772 2.95210353392 9
144 17378.2478293 -2.06550960163 5.0365444225 4.3727343959 -1.60928174556 -0.493135253413 -1.28394712381 -1.92156815675 -1.55873905966 -2.31963299652 2.21558023592 0.2572844301 0.40377486631 -0.933004712682 -1.19666985716 5
145 17393.0407574 3.36352507752 3.76066669039 3.20420845958 -0.652995219841 -2.79108597223 -1.57540601644 -1.37737515096 1.42632205139 3.13739207494 -1.44913081166 -2.82184770476 -0.721729094066 -2.39772772096 -1.32404888162 9
146 17514.4616318 1.4942915996 8.01120181397 4.65842274727 -2.95682584384 2.88589452911 1.59241880839 -2.29634669441 -2.42298854455 -1.30476626662 -2.26899373529 2.70304758768 2.07008951487 2.53264621224 0.88792795609 18
147 17734.579116 -6.50407862165 8.90810507094 2.73088843588 -0.983001435887 -2.31201685404 1.71811636776 -1.5807552797 2.71818828639 2.06494509017 -3.07985097493 0.986570702104 -3.02501704109 -1.49260177725 1.28427340355 17
148 17806.0079041 3.13858219969 4.51669156629 4.05861225417 1.09231474441 0.106105238844 -0.752363700355 -2.6525902097 0.466034898585 -0.693846020624 -0.639500656562 -1.30716980551 0.0451662029267 -0.110079714408 -0.249534110588 9
149 18110.0695748 -5.49163556977 6.6426732841 3.39181812268 -2.32572327086 -0.897394002017 -1.60883120641 -1.57261569324 -0.98135857052 -1.09913889836 1.39787127079 -0.947050021332 -0.54826881956 2.08721275603 -0.860793449185 17
150 18702.0303086 -4.38229648198 6.10982579853 4.32067529147 -2.58875952289 1.36605002675 -0.436849107733 -1.03007864827 -1.52003968543 -0.889405859798 -2.7017669558 -2.90388795893 0.813060086026 -2.85492803811 -0.879029662527 17
