 -2.49639074048 -1.74357638298 -3.55617309604 0.968424766128 -1.06824771929 -2.49443012651 -0.475370876173 -1.63738188897 2.06151333633 2.48068862417 -3.12904754291 1.67380030392 -1.69400102076 -1.13025855094

1 2497.10747732 7.34508815462 5.62646869885 -1.4851408939 -1.28829617217 -0.016973728775 -2.20160311206 -1.27536644299 -3.05730917584 1.18293511595 -0.631882053137 -1.33267234215 0.398144504366 -2.05272735747 -2.27613233129 15
2 2855.13122922 6.99107488044 -0.639424867345 2.08110740764 -0.627052600296 0.799959764777 3.11904908891 0.359903657444 0.929322455601 1.9415958256 1.18668959973 1.30830246673 -2.93372092195 2.22845949554 2.39005846171 21
3 2875.00561791 6.37755935431 2.96994428439 1.72143986482 -0.00776097642305 1.55245311027 -1.89300072215 3.01311286173 2.67730130265 1.59611707055 1.58462844851 -3.08994757654 1.93406840521 1.2842337337 -2.53009112056 6
4 3088.69631442 1.72001712624 5.89759558171 0.532003120636 -1.31550076833 0.997941908544 0.384596689159 -2.86838679918 -0.553596982641 -0.840678972292 2.68467473627 2.12489195229 0.876792863328 -1.76816771356 2.67092370945 13
5 3730.87839 -2.49602858667 5.93388046946 -0.0960925506377 -1.5188967551 2.04648238113 -0.0688578284673 -1.16100050566 -2.8920674606 -1.40069705947 1.52826082065 -0.428303250631 2.49629747765 0.896259243142 -0.145705237808 16
6 3742.11759207 3.66824470765 5.95564341732 -1.93251740819 -0.0699015562104 1.24443983692 -2.83359670257 -2.49868985634 -3.0400242435 1.84996569955 2.47954802618 1.06478658251 0.866181156614 -0.214622883649 2.2464023926 13
7 4068.46602657 6.68331248621 4.69843274206 0.9495378435 -1.34861005363 2.43044889621 -1.35740216483 -2.54369587466 -2.49599540401 0.409774161782 -3.05786770381 0.812590746449 -2.96497536479 0.429811558833 3.1219227178 15
8 4385.73907251 2.03832483433 6.15889134227 -0.20999107084 -2.83269921427 -0.569730622566 -0.872427032258 -1.35356228182 -2.02192203163 -2.1709430639 -3.04201869913 -0.99440088577 -2.04375454479 -2.64332407591 -1.6050317359 13
9 4444.60058068 1.56588747542 4.78018620303 1.55991044194 -0.520358374339 -1.641445442 -2.93852065365 -1.51699076881 -1.60570853409 -0.489396176256 0.83800799822 3.1191425573 -2.76176499071 1.57716765761 -1.48818271941 13
10 4575.56166258 -0.259690800305 4.44099936484 2.66873199913 -0.998613575282 1.10384478969 2.06836181863 1.93988215935 1.40671071085 1.51864016777 -0.337103741398 0.8008829283 0.174541353724 -0.53873515384 -0.582581697551 11
11 4812.59623929 4.94901763049 -1.17143144181 5.21857869853 -0.256702046397 -2.56651965252 -1.4386938439 3.08241565213 -2.4432065524 1.36364313038 2.95100078651 -1.47628939976 -0.0231033947916 -1.29272857963 0.467965667726 21
12 5488.85301958 -2.22396677857 -3.2611285402 8.12378502535 0.10280166586 1.72793685787 1.08418323369 -0.884436049237 -2.97144080638 1.02399737828 2.09404244945 2.61470787294 -0.931031136748 -1.58195132928 0.559035938854 26
13 5603.6240153 6.57690259188 -2.67039744351 6.37377351082 -0.416946913354 -0.962943553473 1.46604031566 0.298504564877 -0.774908382673 -1.90227231351 -1.27958181107 -0.470489948088 0.650274840631 2.68905576459 -0.0155144725352 27
14 5629.85657118 6.32469635673 6.04459992052 2.83529417811 0.675049210985 -0.243822864097 -0.210160806762 -0.191812760812 0.034492583806 -0.441270918974 1.96099877432 2.41901342437 -0.409674026712 -0.319417949729 1.37055781998 12
15 6128.65943914 7.4596468883 1.4487261264 -1.64524624921 0.220029297565 3.04591550057 -1.10915959382 -1.03302723935 0.0047683082793 0.766812097985 -0.481284327586 1.95597743198 0.741095387389 0.740914631716 2.9153265714 6
16 6330.42181379 3.33624816964 -2.53283134107 8.59036787474 0.51089701781 -2.50177886505 -1.13848361705 1.64804452971 1.03807818627 -1.32247624307 -2.05342917608 -1.88462542117 2.40153412675 0.945503136977 1.39500417993 23
17 6499.32146867 5.44592745112 2.55209785434 3.34724775926 0.786543683069 -1.12087780935 -1.78631261397 2.55234807453 0.613489172544 -2.47203748794 0.758109324292 2.73046261424 1.82110400906 -2.5052893559 0.250178371597 3
18 6575.19823911 4.50848012447 0.900820642704 1.05877776633 2.28303033175 2.35545415731 -1.81942533539 2.96661601143 -2.32674434377 2.60599036125 -1.63337993888 1.10447242611 -0.904078189824 -2.33609141757 0.543576317739 6
19 6611.10998384 1.17840675977 0.943098105465 4.32709835511 0.0184818218049 0.732973813964 -0.589883477053 1.61643012537 -2.73804431841 -2.95694709711 -0.505549897355 -1.01368005087 2.71310430141 1.40377819389 0.157501803253 1
20 6799.55153573 7.79363890145 0.192337558238 -1.15309838849 -0.817382647485 -0.0611533368969 -0.338488220892 -2.18097812438 2.30780987659 1.56570098074 2.84828213767 2.7566023837 -1.05424699899 -2.07356019231 3.12676645488 6
21 6881.85680954 3.30904517277 3.78867582063 2.91234054582 0.860952298246 -0.639922482684 2.24506898171 -2.88251646963 -2.84750298377 1.98917339752 1.49299483554 -1.55472225549 0.474241171524 -0.645007808466 0.177389375475 10
22 6935.70448079 7.66373608861 5.64851530824 -1.55800529 2.28777026773 -2.02187871551 -1.24479396319 1.49398560411 2.70811001388 1.13741189891 3.09075714629 -0.521646411606 1.3884634749 1.87552532512 -2.61824217949 15
23 7505.45194157 0.559671749231 2.24388505725 2.59859882855 1.04224968178 0.0347739739927 1.11613647664 2.96812481561 0.188656728229 -2.79343262447 0.954827726828 -2.3865991869 1.64761904007 -0.561549117042 -0.281738858444 2
24 7512.19936391 2.36259722231 -0.510343968791 8.52760994575 -3.03384156126 0.828653320242 -1.61912872524 0.230273827004 -0.497045536141 2.89566909945 1.50281992545 -1.0717738838 -0.979827421824 0.229113178615 -1.97883328705 23
25 7609.22473033 2.234504102 6.51401166209 0.52907800865 0.970373959275 2.37672592692 1.93429153218 -0.656823090196 -2.31808345663 -1.20045324401 -2.2689698489 -0.115892188971 -3.02863494356 -1.2042762091 2.03247335363 13
26 7658.43412322 5.23770848327 0.11472260192 6.51368557896 -0.423895582616 1.49466301126 0.724325687525 -1.20325171219 2.47879252397 2.5849366977 -2.73870401043 0.976064195674 0.96788905481 0.267665307226 0.986896881254 9
27 7762.17270941 5.84284222403 5.87967728365 2.35247713865 -1.96558307606 -2.84486792995 -0.899916740329 -0.434448662919 -2.09863918536 2.75190148195 2.03347704446 3.03063001882 -2.51655501067 -1.55015845181 2.53742459434 12
28 7776.69516953 1.58295673888 -1.37119154559 5.36560789275 0.912673282425 -2.8645172717 1.00135317799 2.40367730124 -1.4265957915 0.977245065767 -1.31144026101 2.00567686791 -0.135197770325 1.36066514871 1.31627388087 19
29 7778.32468226 5.25533072305 -0.990105642598 2.32006748152 0.869947533757 2.02070807631 -0.933274152476 2.10712505688 -1.46401905442 -2.36507194491 0.136304880485 -2.98768208702 1.65611312656 1.21307866499 2.81714874185 21
30 7809.44125782 5.29239029187 5.85364543178 2.59242176596 -2.70379241173 2.99904858615 -0.862466177894 0.979004067854 1.22250093992 2.69628864279 -0.090956010455 2.44196088084 1.7804515352 0.335908900767 -0.506377654231 12
31 7847.7155346 2.43009695678 -1.57005491564 0.477941994086 1.18070659973 -1.19992247074 0.217150901019 -0.385099974016 -0.867441074151 0.887594527413 -0.959450360834 0.156414055518 0.232566784409 -2.30467696119 -0.0570017059388 22
32 7926.63279429 -0.122879148639 0.498563830875 4.19694694393 -0.0697704388353 2.5146994182 1.0486700639 3.00552304288 1.56669694216 -0.820307927347 -0.142585679197 -2.2200942958 0.00287186516431 2.65538076904 -0.00887247031028 2
33 7949.91720068 2.15794039156 6.17006948517 2.59712740467 0.0536812604342 -0.136915887406 -0.253837023286 -1.85784161193 2.38620492428 -2.09322260807 -2.48940378963 -1.73645568916 0.948371783293 1.55224155678 1.98662003776 10
34 7954.04567364 5.68369752951 2.57895642592 3.6317902054 -2.14314417457 -0.831290883623 1.60837512238 -1.97456928002 -1.95170360866 2.86775535967 2.04394900001 -1.76445808448 0.424452175413 2.13633380117 -2.8703091 3
35 8177.81357576 4.82297508449 -3.24368661815 6.79736425042 -1.62370850442 -0.122253639822 -2.41552444828 0.27819555096 0.950257010574 0.237238673236 1.72681432846 2.64673153586 3.00493913292 0.159208688034 -2.49220150098 27
36 8362.22904476 -0.669753846804 1.21907861679 6.64817260623 -0.401813899199 -0.845177934871 -1.20995891206 -1.57402855582 -0.488639536117 -0.0115978113606 -2.06777809708 -3.06409505544 -2.22835838715 -0.310794712245 -3.05121703951 8
37 8373.62510778 1.70180558074 -3.43776746696 -1.14859796499 0.491962200549 2.32107635269 2.3869356891 2.24893277008 2.5278095836 -0.00504407257427 2.04035811128 -0.829329073391 -0.59670505654 3.12188185358 1.3188198098 22
38 8397.17491874 6.14221885728 0.203092732941 1.90185589017 -0.808217388948 -1.35000103338 -0.0724928332655 -1.90242025358 2.27807089319 1.8120309127 -1.6085384575 -1.04353934365 -0.939075678961 -0.574424727821 2.61193905463 3
39 8475.31764523 -2.66912778211 4.85595297857 -1.32736332486 -2.00854101477 2.26715604155 -1.91003264502 0.67287790031 2.28209473615 0.318425896334 -2.42649022481 -1.07734968091 3.06890201032 -2.06334235621 -2.59299041447 16
40 8477.34262878 1.36724971944 2.31060879735 4.79994404894 -0.861855384755 -2.63128784762 -0.106350510385 -0.179659013893 -0.586843144887 -1.7414106049 -1.71769418087 -0.212402758901 -0.681238203166 1.62667001203 -0.531680838137 1
41 8499.17845189 7.28730546839 6.55113603223 1.81223002396 1.01145846919 -1.9862763746 -0.185768564381 -2.92264740763 2.05499795066 1.90281854651 2.06069579147 1.77056157338 -0.746471738425 2.6732567256 -0.186268366212 12
42 8537.98927821 6.19696397646 -1.6922129895 0.335926081857 1.95951018409 1.32492166802 -2.16745224009 2.77380814976 -1.66184645607 -0.401253880388 -0.426483614474 -1.45180124272 -0.0963540790044 -0.0685796798313 -2.14537170459 24
43 8569.07921846 3.00963775359 1.86706491322 -1.11699901689 -1.26743892116 2.88996235041 0.259010348651 1.33347892172 -1.17882579773 0.927683127932 -0.443034407061 0.0954426452052 2.9525749727 0.994546176439 0.922075555816 4
44 8672.08370605 2.6414603858 0.710592487291 2.11453493818 -2.20520874884 1.66358365918 -1.7594150231 -1.0823037497 1.29965870682 -1.07376933142 2.87919582496 2.84241803352 3.08271993928 -2.33322389848 -1.63836764306 1
45 8675.44920645 1.45491891898 -0.431159882372 -1.63805789526 1.7473831217 1.22002161237 1.57148708923 0.885563562425 -1.14289634194 -2.76504552052 -0.547679108413 1.44159062286 0.493317864479 -0.622643013153 -0.304058955508 22
46 8812.0795181 6.39553727785 -1.30265869026 0.469517131623 2.03955369731 -0.136012386754 1.03548519568 2.12477772816 0.128236327478 1.53420253915 1.56595498626 2.51946040655 -0.127239819662 -2.13941904356 3.08279993253 24
47 8860.99200108 0.377569511351 5.04406121369 -0.301776770728 1.67266663388 2.33388941164 -3.00858179016 0.0350774728192 1.74807047806 0.0873998866247 1.99457568114 -1.07911947828 -1.04286360121 0.975443311085 -0.116115887827 16
48 8961.92112697 2.50668597522 -1.11856176572 2.97588029802 0.677751079659 2.31805736159 -0.270770603329 2.02129587745 1.58414183669 -1.43959894622 2.73115872239 -2.69373273996 2.03667845056 -1.83214064082 1.06415169956 19
49 8964.28499173 3.26669846507 -2.19991297762 5.99529571228 0.300212326649 2.48711032597 -2.00663913011 0.522727514811 -2.04523943361 0.582982974781 -3.08422729052 0.186940391173 -3.06305503751 0.172018470547 -0.709232133301 23
50 9006.1267489 0.272266412785 1.88312256931 -1.82877077453 -2.63882042693 1.68239635392 -2.48437428516 -0.776948831703 -0.605874719812 -3.10158766893 1.15305678978 -1.98559440719 -0.775634177216 -0.99739361287 -2.7044273207 7
51 9064.05003652 1.58246556016 2.47447329749 4.34881343635 -2.29857295529 2.52079854501 -0.722983306198 -0.801200255317 -0.0944726227055 0.859427200319 -1.72972740821 -1.37843340129 1.9681533357 2.88929816213 -1.85508564562 1
52 9068.86983751 0.849077287528 1.37702346439 6.7202938666 -0.201445136174 2.70504984499 2.79539125046 1.36615440858 0.130979439446 2.2528195436 -1.89262499405 -2.43294583728 2.67963049548 -0.561876898049 -0.134959814367 5
53 9118.21032394 2.72436887046 3.52247631554 6.31089322888 -0.0371720731693 0.720926980689 -1.02646775152 2.92198922611 0.791786796854 -2.25195429513 -2.82589471961 -2.33665305149 2.13511496793 2.96265075899 -1.60147303124 5
54 9214.99966873 7.02524618084 -0.0134357790284 6.69093154595 -1.74246177039 0.89366190415 0.243850718104 1.51456928616 -2.03082437983 2.97838988233 -1.79583639519 -0.815091460331 -0.593122616618 -0.920465328362 2.35267400448 9
55 9217.07413138 3.04277536979 0.972934322247 4.06204174117 1.56963818548 0.561477725713 1.27225993633 -1.4527548023 -2.65263214146 2.83339348673 2.92289807445 -0.401141881779 -1.05616744429 2.51495866725 -2.20965148943 1
56 9229.14414252 6.86595972188 2.04890981856 5.48572297911 -1.98052976082 1.1953727538 -2.53490365825 -0.61057072436 -0.62998045391 2.27610178609 0.713351858686 -0.452273373271 -2.37218429906 -1.69468330532 2.43014265725 9
57 9252.74466692 -0.264740068951 4.93248788354 0.0301290717654 2.15736129864 -0.271862797374 1.81179130576 -2.01210659959 1.44627921964 0.802047643172 0.147245419663 2.65072300091 2.52697283448 2.83451314562 0.953872986444 16
58 9256.68889239 1.81500082946 5.07673575306 3.30345974871 2.11773350785 -1.68287049004 -2.19705899386 -0.725823202435 -1.38121126789 -2.40647145987 0.534233538005 1.03078097025 -1.49822228471 0.562536749587 -1.45273834137 10
59 9316.87893368 3.03463582101 2.62792068559 0.36096304256 2.53911350741 1.46439735153 -1.24846842924 1.12547284469 2.72766758716 1.55337384603 -0.797401530916 -1.95339374468 -3.03114809482 1.22413607499 1.92850355436 4
60 9345.32255865 -2.41332023562 7.13611122493 -0.408067092853 -2.53325283873 0.575193722875 1.02998346134 2.00365601777 2.9760545654 -2.91801386711 -0.513459298174 -0.934388698333 -1.42664173645 -0.981339744883 -2.01255860293 16
61 9467.84289254 3.82124222048 -0.344045060709 2.16848445386 0.0511353677675 0.314778364616 -2.75251923832 -1.88454929656 -0.827340365011 -2.70303898264 0.34710003126 -1.16673884149 -2.5057624837 -1.97668361562 -1.91083942528 19
62 9491.76721423 5.11644187303 1.48429259831 0.580527648412 2.1803114204 2.05893276099 0.172171696726 -1.22199896432 0.851916232258 -3.13599699572 0.299363366374 2.9962840146 0.470376339239 2.62916790082 0.731232096487 6
63 9610.49645754 7.50141617786 4.81427613453 6.67514223522 2.60063484944 0.522134444468 1.86233405535 -0.714653337997 -2.1493983985 1.58644446131 -0.492406862106 0.0652823632389 -0.400832998869 0.255609649563 1.2524201543 18
64 9679.20304256 -0.516548266239 1.12682681998 0.101760567671 0.923101791552 1.55026931187 -1.69524919676 -1.66962972619 -2.68834758889 -2.10261617671 2.76241648839 -0.208091417771 3.08916855173 -0.245655624085 -0.573471350631 7
65 9752.62742953 1.82337439121 0.672808329976 0.147229508067 2.86610980121 1.52726711231 0.842917084438 -0.838841250935 1.29182172455 -1.2275948056 -2.6859603468 3.06032992517 1.92620227326 0.582548290607 -1.8425032981 4
66 9820.21958227 -0.210803495682 5.50181768964 3.50351973559 -2.4697904167 -1.02283846287 -0.218853230562 1.77374809012 -0.475117671821 2.71137702594 1.48676640043 -1.68962652812 -1.82618844006 2.23366164276 0.432499580644 11
67 9831.12547447 4.63700626332 2.92728588833 5.70316967337 -0.297632326102 2.67314321391 2.49075434816 2.03332462005 -0.570674103837 1.4024853882 -2.07935681068 -1.20482527841 -2.6042969678 -2.01812765954 -2.3114963384 9
68 9839.47162158 4.25358594603 -1.36318406585 -0.0804040553606 -1.61856724312 3.08118751238 0.333593532401 2.24743966795 3.13626020088 -2.63738372192 -2.41957766492 -2.43577883656 -0.452254806449 1.7694911701 0.428368428979 22
69 9849.04661458 -2.80214089437 2.14676053409 2.97642972974 -2.21016481201 -3.08427139133 1.20156240202 1.88395430422 1.95409606513 1.45780106114 1.21036801903 -1.48705448787 1.34792085922 2.54682595629 2.96233097844 2
70 10038.4821314 0.888003253722 0.456676858452 -0.204785957785 -2.06188963598 -0.270161659213 1.27981080709 -1.451191633 2.76816556493 -2.88054936207 0.429494065536 -2.25232903574 0.349053783519 1.14813924509 1.82753324979 4
71 10079.3321895 7.83140159686 4.90268866458 2.7349026385 -0.535792004788 2.09851988901 -0.0960574291655 -0.926313207961 -2.36813430222 1.23390034861 -2.9939509432 2.78631010742 -1.22588274533 -1.02392575745 -2.63420422784 12
72 10221.9498168 3.48354301889 1.15463306443 2.10789123214 1.37238779394 -1.59935987874 0.366098058494 1.29535379298 2.99761421638 1.36970285181 0.132333136291 -1.39128181096 1.18388029362 -0.456686930377 2.79856074342 1
73 10342.8252344 0.782700191584 5.90380316427 4.06288426846 2.07010239372 -0.0438851515106 0.88550726711 2.05617234491 -1.52187706121 -0.630860720668 -0.759778203948 2.88673286763 -0.119466723425 0.79223346259 1.65247966411 10
74 10456.6190876 -1.53901090632 0.713880692223 -1.35077047153 1.81690163996 -2.95313959263 -2.36296997725 2.18093812451 -1.51399563937 1.81454048262 -0.119453197914 -1.97798912066 0.142367193096 -1.4051119157 2.15704748296 7
75 10692.4654706 4.71069628475 3.78598354181 0.172125023777 2.391513231 3.03812278857 2.82606964836 1.42821154649 1.71510252996 -0.771305547042 3.03788921697 0.295713599159 1.13254111418 1.56050035794 -0.955549217215 15
76 10739.0313947 -2.61148234631 -0.212041478256 5.94268160781 -0.26039446726 0.999279611611 3.09473820611 -2.43987590054 0.910043833189 1.09511102557 -1.12915968976 -2.71560431249 -2.7530911628 -2.6166303995 0.251341072033 26
77 10762.8797439 7.21647480313 2.33324691497 0.0371861671447 3.11093593664 -1.70007619749 2.47635351633 0.551114371409 -0.641531182939 3.11426176378 -2.38043800909 -2.15911102919 -0.303607829676 0.552790548603 -1.45250092932 6
78 10791.9085915 6.03392441935 3.29884097056 4.57515421234 0.234254054701 1.7438177451 2.04658416825 -0.41923790735 0.685682084405 -2.42369646609 -2.7008311277 -0.303002804465 2.96699595804 -1.78799769031 -1.3388669951 3
79 10837.1843476 7.74304916469 4.13916683442 0.0731065085015 1.78130959921 -0.206161104932 3.05305905823 1.41137752798 -0.810587173676 -0.493031545912 -3.04990910175 2.58509981172 -2.50651843102 2.91901680132 2.76743233111 15
80 10927.2979729 4.26245767078 -0.303866900731 6.16167318986 2.61717018066 2.734026626 0.443393406908 2.13075587541 -0.417364707279 -1.01690689434 -1.40851624417 1.11028762683 -2.23826112409 -2.98427279497 -1.94430664812 23
81 10969.389842 -1.82549069368 1.40352196503 -0.40460492211 1.97561895435 -1.43578254376 -0.331449500253 -2.78049898998 2.03904971843 -2.91718509351 -0.938336092219 2.49936440084 -1.97517396292 1.11922537158 -1.13433664997 7
82 11049.1274381 -1.53168480576 -0.0302048612205 5.12815278929 1.82991080878 0.492971599717 -2.58140207153 0.950679525123 0.266957080582 -2.12184484957 0.403735255596 -0.0625033556086 -1.29524939983 -0.727199326763 0.310255456643 2
83 11111.4190375 6.48756811374 -2.58563768687 4.74151891857 2.39321977744 -2.8141943411 1.25657183052 1.42087162714 2.76267978174 -0.850293345138 -2.41038083059 -2.77124435038 -0.512718915928 2.98454753944 1.84087090837 21
84 11120.1348855 1.19536224337 -0.537622888284 5.53344976774 2.41285531819 -0.845996668805 1.55540147948 2.05627479412 2.70135948461 -2.26000728893 2.50599420237 -2.97538632412 0.585345696836 -2.3495175571 0.73116859088 23
85 11161.1662058 -2.11231020793 -0.106992428786 1.39016879723 1.4449284049 1.86765069256 -0.0976275886217 1.92137969179 0.48515625966 1.17379054995 -0.956453933946 2.95250703628 1.92181714654 0.176322170423 -0.559030635471 25
86 11240.1377948 5.22007149915 -1.98734119747 -1.20555865754 -0.802396278841 1.87123156929 -0.120220794431 -2.28081944991 1.10844744812 -2.49347750948 1.87691458188 -0.965848096609 -1.7186488785 0.278762962477 -1.92032107808 24
87 11249.6325691 6.49084659024 -0.38714835198 1.29633595832 -2.71464462094 -0.913019716644 0.970569707413 -0.852673794416 0.971607075355 -2.38972259539 -2.36773943452 0.0452535413249 -0.0801586012791 -2.34566869396 -2.75057524582 24
88 11332.5416855 -2.52672545271 -0.803854649208 1.87017980338 -2.11168157886 -0.565204280959 1.71230294933 2.0123651029 -3.0137826535 -2.96185630217 2.91219956469 -1.63416839851 -1.33289137277 3.0436741163 0.345092511156 20
89 11512.6211401 6.84627879416 -3.14629927761 4.74701035992 2.3554922409 2.88006325429 -0.0726350145478 -0.585091609493 -2.09010358432 -0.682874983863 -0.175539405107 1.88899489622 -0.298052801481 2.74063434313 -2.97394205303 21
90 11608.717897 -2.52606647969 5.36826143675 3.76663486023 0.902991490779 -2.91886790122 2.87644353678 -2.13740229188 2.11647823115 1.13231074883 -0.903862374123 0.813971104742 0.831981287907 -2.78833037248 0.797339883289 11
91 11645.6834559 6.32285526778 0.958201176611 2.04698663025 3.03717212224 -2.62277363728 0.608020675273 1.72930386137 -1.92690574561 -1.39803044547 -2.69717075648 -0.819309563503 2.64984857241 2.06665548284 2.0867425908 3
92 11649.7049189 6.04383037837 -1.17525862876 7.24857780832 -2.47115586136 0.2097093687 -1.70468639635 0.0390533832063 -1.14676598795 1.87566130892 -2.87325559348 -2.45810136212 1.38524856474 1.37276984219 1.97604272773 27
93 11709.2362842 0.820904774332 6.58229034835 3.84583435363 -1.26508708475 -2.64592692145 -1.66285617354 2.49664238152 -2.06744272121 -2.21547155809 -1.40382663324 -0.591038879221 -1.60202210059 -3.09539211203 -2.84222352844 10
94 11717.0519184 2.5881943151 6.35536887505 3.45289013975 2.25076391618 -1.78173310457 1.34917043333 0.589110612632 -2.69440655603 -1.68456286662 -2.74891274067 1.08873273807 3.0177696718 -0.881667207475 -1.36675399536 10
95 11729.918949 1.65728196653 0.337902977767 1.0494048966 1.44819317779 -2.38172418141 -2.15772243702 1.05218011398 -1.82486776984 -1.06591691595 -2.84958016384 1.19206198765 1.4413779869 0.150119619833 0.484446215013 4
96 11770.9072775 0.615459300693 0.44742009822 8.15724812021 0.471280696828 0.428393949145 -2.92732639107 -2.79616050686 0.650173349991 -0.9577644988 -0.247105690436 -0.00283168741296 -2.50850610242 2.25511104373 0.305141239561 8
97 11936.2260649 -1.20721252881 2.40386271865 7.07482688368 2.61716983295 -0.684275440209 -1.25225070756 -0.646436478889 0.988932584678 -1.37785960098 3.09726109321 -0.719445152648 1.90574437107 2.48719325813 -2.71513818226 8
98 12013.6589642 3.19913743759 0.24355008111 0.734388075879 1.32973355211 -1.64677044971 0.0975852047701 0.350563836037 1.7238263182 2.90625453942 -2.96329396647 1.56121359562 0.698499792226 -2.97565497014 3.00205456506 4
99 12101.5980931 -0.262396004207 1.10997735467 -1.61006910821 -2.19583363193 2.90225060371 -1.38090455608 -2.48864850253 -2.83334470093 1.17292674373 -2.86389070266 1.02947338881 0.742091683916 -2.84801356717 3.09851097793 7
100 12136.6088209 -0.236394420666 1.80022458951 5.70486485391 -2.19379537557 -2.65510520112 -1.10471682768 -2.68100608488 2.05070648746 -2.96370671801 0.79539457992 1.86672779193 -1.18782938888 2.07955941124 -2.06924719348 8
101 12179.2002159 -0.947312930762 2.97667713598 1.81542686391 -2.49992990153 -0.173191374451 2.70785674867 2.57626117937 -2.12478339017 -0.0699330593811 1.00754611524 -0.215234334804 1.72441507777 -2.19467570874 -0.991097568136 2
102 12220.7051981 -0.693831353311 6.54299614569 4.37884417615 -0.350436474739 1.46477810201 -2.40143094349 -1.38514591278 -1.2842432686 2.31243106432 -1.71563421053 -2.55262561804 0.535676922301 2.54523743996 -0.87812656604 11
103 12391.0414119 -2.72352913388 2.26730139624 -0.548026559142 2.52087172094 1.41518304699 2.78960974522 -0.92422055674 -2.82367786962 2.29761748833 1.71280643713 -0.991060016883 -1.94322196426 -2.17969140733 0.0947816905638 7
104 12396.1338174 -1.86569205277 -2.65248490128 4.60736885499 1.43272380158 -1.295004337 0.973252828957 -0.672210676732 -2.09564564932 0.78551954251 -0.73868675428 1.45319592925 -2.42106595013 -2.23731117116 1.44331978335 20
105 12424.1365499 -1.27580181492 -1.06028154664 7.77346139636 -2.32649538894 -2.88830646908 1.06688312906 -0.102186927255 2.37840234923 0.544103101659 0.612184532481 -0.80021595471 -2.13951369073 -1.03920353745 -1.4299705489 26
106 12446.291311 -0.382863598331 -1.13762829129 1.4913541487 2.49586385707 2.09777611007 -2.64678035133 2.13386490327 2.28077157143 -2.74422104633 2.72065034661 3.1255440472 -0.521379669634 1.22141596999 0.678838625973 25
107 12495.5137382 -0.897133266601 0.538947073355 8.48161151181 2.11582421083 -0.557774296482 0.456228033715 -3.08546588707 -0.639689987063 1.95818588228 0.514169206432 0.900219786868 -1.41515125068 2.10283236793 -2.83556256246 8
108 12555.6675591 2.38565360169 -0.214503593941 2.27316684483 2.44155445618 -1.61083046812 -0.338253301446 0.294119166688 -2.2950669783 2.17354330047 1.59780968795 -2.48206329653 2.07359660339 -2.13741960423 0.0910474463712 19
109 12577.7990422 4.6253413504 0.71852396642 3.05498468189 2.09734818547 -1.42098750897 -2.61580973775 -0.359801229974 0.222256536556 0.485953871455 0.363693279016 1.2735433166 0.75393539232 1.17455543308 -0.271112780254 3
110 12752.5500273 -2.21988264068 0.910081358299 7.19013643031 -2.78032927105 2.28090545593 -1.97504564777 2.33997412018 1.74920070556 -2.5923768765 -1.53722850773 1.53966164542 0.67303797345 -2.66084935274 -3.07177593721 8
111 12757.5920953 2.21136911704 4.48362912634 0.558215556171 2.23826242676 -1.31330668155 1.08108387684 2.08670124832 -1.04986409364 -2.82829246511 -1.91629313222 -1.02509591421 -2.46383527648 0.747890307771 1.97881328986 13
112 12776.5399274 7.36148636506 7.0498247614 3.31771964219 0.894802750483 1.14840559351 -1.82584936189 -1.22475708487 -2.81474433234 2.25450328255 2.02581532265 -2.85794820593 -2.48206345434 -1.68145267823 1.25861970715 12
113 12913.5811142 3.7741163869 -0.916491243082 4.55376363528 2.94431019084 3.09640841005 2.86453124966 -2.68819294651 0.676104445783 1.54825882429 -3.03132400523 1.05529481845 2.30491247288 1.40797354457 2.91192992432 19
114 13072.8950964 -0.368707418311 -0.236716526954 2.13035045172 3.13839851567 -1.01832577297 0.906610379385 1.77359454341 2.77541539497 2.20423854408 0.0651696478867 2.14219479008 1.20600551084 3.00046317218 -1.50885757097 20
115 13246.007134 -1.18847557428 -2.49398366465 -0.750636823226 0.974714287967 -0.333612279042 0.0587047144612 2.2192249024 2.73824255042 1.0797897903 0.309397599598 0.830784632517 -1.47624571291 -2.18380958507 1.47410255299 25
116 13250.3875047 2.28867966348 3.05451242156 7.97977524471 -0.97935707011 -1.76025664105 0.135142984181 1.52069922934 1.42818807649 2.0158582062 0.868343637719 -1.7994623755 -0.036295336896 0.228671349954 -0.461968650588 5
117 13600.0943382 6.60900601354 5.59413786596 0.84307621223 2.45984832719 2.94088864669 -2.07242707684 -0.0987661648647 -0.650484273734 2.43273974291 -2.09347385512 1.3290272166 0.839348519815 -2.52819298083 -1.57048770689 15
118 13727.2383663 -2.90560464567 -0.750119682436 4.34506652014 1.76054363207 0.211630829778 -1.03681665134 -2.82693876854 -2.30907927738 2.06137372237 -2.2064181643 -0.963537590454 -0.355184225044 1.68746198255 0.782913725261 20
119 13912.0221739 -2.54316315887 4.86794254836 6.52624217207 2.58461482428 -0.507102802679 -1.31825001125 -2.32872704257 -0.848433944673 2.45324415982 0.796457198542 0.742117745588 0.703468871146 3.03674731999 -0.506967078644 17
120 13916.9023145 -2.51164201879 -1.98209783446 8.71498106953 -2.99212591255 0.118109166757 -3.03001802155 1.08572534331 0.773536747066 0.167220279458 0.954402158895 -2.24344979073 -1.45146277684 -2.95026175536 -0.238365578364 26
121 13939.2242391 -0.702686969769 4.68031806883 8.78712193183 1.03731724475 -1.87024149897 1.11620669349 0.666398823837 -2.09618982902 -1.36671870208 -2.96031889153 -0.435913146996 -0.689444597266 0.701634659417 -1.08375393576 17
122 13996.1720351 7.84445998978 -2.85806896796 7.57185021215 2.40106687512 -2.70199052263 -2.22298090126 -0.781335939482 -3.13620467257 -1.55249451221 1.07855049022 -0.0287118307566 2.16601513352 2.08516859392 0.298095696678 27
123 14219.0026397 -2.94425252082 2.12346330151 1.77123184216 -2.88002829561 -2.47531812963 -1.93257547047 2.36794168053 0.0164308364995 2.87734857748 -0.606408914424 1.33714210883 1.15661950733 0.193498543471 -0.0912833194137 2
124 14300.2924136 3.00568655474 1.68800002502 6.21565069962 1.07836458184 0.779153358053 -3.10137938127 0.934659138536 -2.03219696851 -2.92250213299 -1.27599087678 3.06584401658 -0.858549704694 -1.33734479467 -0.144297100682 5
125 14377.5685275 -2.19052856702 6.21834717383 5.21124400121 -1.57564160131 -1.72710728368 2.98920087508 0.295255800602 -2.07865413858 1.76590946178 -0.417361989777 1.95275581378 -1.91709693399 2.45186863518 -1.10658014896 11
126 14423.1077691 -1.40027218239 -1.22275179753 0.457882238827 -0.104862314937 0.249018138128 -2.28382869636 0.0693834588629 -0.786145405339 0.427076536458 0.0231354757775 -3.13459422988 0.29617138726 -2.79851969211 2.29722726254 25
127 14631.0254188 4.87631428305 5.74794215004 7.91589406123 0.506051291267 0.978950103685 1.55310389432 -1.19049838534 1.89983508701 2.05723396188 -0.183765545048 2.71763549518 -1.51734762592 -0.87301833824 -1.38497851609 18
128 14802.0171994 2.67645325794 5.87558725956 5.67183549799 -2.43693080585 -2.34055341424 -2.18920496762 -2.74450500439 2.06424148661 -1.14762206767 1.16228006486 -0.575182584863 1.43761957216 -2.22446749728 0.509885332404 14
129 14817.2430174 -2.04686042442 -0.814216511485 3.83779262772 2.21481226361 0.48316902262 1.07367033713 1.03170224238 1.50253366437 -1.43617521467 0.0834998040489 -1.2863694478 -1.63032802661 -2.92115775714 2.89125446266 20
130 14845.3613559 -2.06680318832 5.03401987109 3.26236145686 -1.77425541936 -1.18998845308 0.680681020521 1.63608066947 -0.581239162079 1.36016655933 -2.8182237725 -1.74659978592 1.96602254817 2.0221583126 2.25806761479 11
131 14853.1122369 -2.73824220981 4.90693741887 8.16727343574 1.0709105202 -0.261352532712 -1.55388799741 2.34555464323 -0.3988114704 0.61545867901 0.847139610572 -1.29195687416 0.750416636987 2.03800541536 -1.4240856424 17
132 14941.6471172 5.27490285127 0.651263548515 8.1349714639 -2.53383717648 0.396557353047 2.49906540441 1.97844538803 0.425223706062 1.09833482809 2.2129382147 0.677870007626 -1.71108000519 2.15518138126 0.738056684327 9
133 15077.2325745 -1.10013590304 -3.51022194846 7.76294807472 2.87905084633 -0.827710715207 1.12850365253 2.07741473916 -1.21849765563 -0.553775848713 -0.158758287851 -3.03675530641 -1.17486298302 -0.360789545334 2.92340455874 26
134 15286.7282289 1.47881182382 -3.121621408 1.2788200499 -1.57872771754 -1.15281140992 -0.471513601871 -0.97845598696 1.82084811704 2.40598345543 0.437672539081 -0.0944377324185 2.25807460723 1.67410825349 -0.599954464862 22
135 15432.8896658 6.74232061898 7.0121944544 6.31188214763 -0.334818898478 2.08572728496 0.590033664395 1.86915782265 -0.861058791651 -1.76206018528 0.597336069594 1.13726769608 -0.742206343717 1.40136783934 -0.637484971103 18
136 15918.1983574 2.82888148976 0.423381549265 8.56358928979 1.69073055029 0.0952516525727 -0.314273266676 -2.49655997823 -2.39507132011 3.02273281548 -2.11881458961 -0.542844877827 -1.83565605198 1.41285858923 2.0933612171 5
137 15933.0979446 -2.46612035359 4.86856490938 7.21725479256 -0.0405053163321 1.26387987328 0.734670737973 1.66280886667 -0.905909464443 -2.14886954738 1.89055618369 2.27872970281 -1.94931727655 -2.47158897234 0.595569147139 17
138 15965.7063245 2.60776447548 7.11700108998 5.89441294257 -0.104094922175 -1.56254917067 -1.62880443249 2.76961297074 3.06219856374 -2.79077362299 -0.969146214891 -0.847042237113 1.21637135766 -2.10848576773 2.12854564614 14
139 16232.2066934 4.6038449704 -0.520541236457 8.74766344289 2.94117352882 1.72120273196 1.29382021065 2.74240661571 1.87278069083 0.960532909774 2.24715900332 2.00254785248 -1.11680971908 -0.461304377834 0.423552938853 27
140 16311.8217739 5.18844489377 6.74159791386 7.73144806854 -0.588238928277 0.997580220191 2.57461050909 2.21792321139 -0.0567400707117 -2.91065261582 1.15067904708 2.98594459652 -1.7239539547 -1.7086670681 0.898570485286 18
141 16543.7646804 2.60039680426 4.30049611755 5.62789282874 1.14484569259 -3.00488613933 -1.13790028636 0.822269526292 -2.53342357181 -2.71186371566 0.103719605594 -0.428422142399 -1.81237970814 0.307184208436 -2.8211325108 14
142 16940.2410398 6.62398654857 -1.43932224571 -1.14387382642 -1.57524672321 2.87067382088 2.19266564359 0.819852390842 -1.40423140365 0.270051849999 3.04334048084 0.764744742446 2.69556919041 -2.75678840155 3.10672819905 24
143 17044.2031001 3.66539490104 3.14275079843 7.73979230358 -1.78426150932 2.35646439629 -1.34589492477 -0.251400990182 3.13021624948 2.54890328613 1.09699848939 -0.489527485289 2.48754045499 0.320654951753 -0.275449358806 5
144 17055.9922223 1.58769993536 4.16618223862 8.15110441462 -1.36071933599 -2.81036684977 0.891994422408 3.09115295224 2.54010054606 -2.60159110487 -0.929921044213 -1.47186880029 0.147982310214 1.86149021418 2.76660239568 14
145 17464.8360541 4.42146054172 4.05341186429 8.37914177537 -0.718780395022 -0.505887487894 -1.42937201379 2.15924159224 -2.06974102943 0.131951886892 -0.185208931034 0.967164280065 -1.31029455684 1.77336779354 1.11200934465 18
146 17609.6479273 1.37821960024 5.0019190678 7.03859801517 -0.100410782663 1.16693163881 -0.526847418704 -0.931786902155 -1.78945135114 -0.640947976985 0.910673406963 -3.05837550722 -0.776374732297 2.86286632408 2.36774642371 14
147 18051.2704447 7.61331884179 1.48949780226 6.25969129215 1.39154593196 -2.6012385786 -0.822613480736 0.798616896502 -2.2054462317 -0.105411983166 2.66902385575 2.10717238289 0.373176994147 -2.50846930076 -2.94760062276 9
148 18187.5948842 -0.751019384989 -0.319993632939 -1.74066885971 -1.05202552967 -0.634117179399 -1.81898030175 -0.535636257251 -2.38989779344 2.40235393758 -2.91872079749 2.63617918476 1.32048241194 -2.66767357122 0.62628061038 25
149 18198.70588 -1.03815430798 4.15153356036 8.70304296006 0.524945502231 2.83237354271 1.34691609618 2.30711836776 -1.54334011358 -2.49673771232 -1.96878170166 2.70989365231 2.1623403633 -0.043738525467 0.746938526234 17
150 18727.702147 3.60700593035 3.74531355919 8.57488929165 0.615644277204 0.904680994318 2.48043678946 2.55544938814 -1.98856670075 2.46996551248 0.882777789533 -0.014682960607 1.77555669113 1.30208834708 0.194106793478 14
