 4.41859735589 -0.246386690243 2.01077113987 1.26577708864 -0.0673756183956 1.49114882362 -2.07881756893 1.72119316666 -0.9937562781 0.571498435132 3.13052372405 -3.01936981825 1.34561041025 0.913909925373

1 337.046763681 -4.58945419136 4.54962644837 -5.96031515425 -1.49809075221 0.244076406775 -2.47073039348 -2.60282907331 -2.77709589689 1.75022344597 0.869595697806 -2.63384631958 -1.04955044995 0.143782946608 -1.28112795967 13
2 2405.09122883 -4.16786516581 -0.204613632404 -2.00554845803 -1.41670358728 -0.20555562227 -1.25083827012 -2.94507404673 0.207925469077 -0.279482054858 1.30923597309 -2.69898386504 1.44541297996 -0.557261892837 -1.66711046665 1
3 2994.06841144 -9.23029574063 4.47882255872 -6.88291584611 -1.81137090005 0.109520511162 -0.597989961984 0.369670190485 0.810478375691 0.155364610628 0.288965281104 -0.895957815949 1.29658089087 -3.0094438718 -3.08750130476 16
4 3179.76673319 -1.16307471107 -1.62629852212 -3.92772784861 -0.219035670475 -2.77701033961 2.97111504846 2.78296102703 -0.0965318658352 -1.49563612219 -2.85042181417 1.27367828108 1.75003106244 2.21954144368 -1.93129782337 24
5 3321.15005448 0.0936021785195 -0.270296285747 -0.811843393261 -1.00694404718 1.6159032208 -0.798138022498 0.0807299389404 1.45158327574 1.03877158254 -2.57503358164 1.06224289042 2.09487393212 -2.92309708091 -1.05140330246 3
6 3524.74863757 -1.92721390373 4.20293308849 -5.46135962107 -0.433071678807 -2.23178935669 0.910485732897 0.517073979621 -1.25629069284 -3.11313438224 -0.580262141373 2.19244578952 1.87326816682 0.213763761322 -0.877438933465 15
7 3828.90075076 -2.27872586442 2.13045741393 -7.46042640981 -1.63887326001 0.513817660165 0.412018999122 -1.63280666673 1.02946530671 1.23161174347 -2.16609229325 0.439969490133 -2.40882398861 -2.2860123101 0.228720008852 15
8 3841.96691611 -3.76440843769 2.50103294755 -4.44675102034 -0.271809304903 -1.14431402125 -0.592089831556 -2.69361297802 1.2030038297 -1.66571734271 -0.273880546877 0.0335051071648 0.191622404271 2.80318185024 0.654634099856 13
9 3932.45105206 -6.20458859197 3.2126835687 -7.27907963692 0.119304851687 2.1546116101 1.38244254112 1.59843050043 2.09749882397 -2.56258557435 -2.56595410589 -3.12610691344 0.673389471687 -2.64057206922 2.60330099584 13
10 4093.36404105 -5.68168347583 4.75500911801 -6.33543236742 -0.0906325740758 2.73408230001 -1.58719249665 -1.77787370092 -2.98749933232 2.41422986845 -1.84637932086 -0.838419165884 2.29667882068 1.66714356963 0.463858274176 13
11 4234.2713967 -3.42192208738 5.58231601513 -6.40728482657 -1.78730841729 -3.03699688867 2.13689971633 2.41887150435 0.68402010282 -0.973900464434 -2.38696694766 -1.90829010672 2.3548442423 -0.578680703434 1.89491128463 13
12 4551.35916106 -6.04874683107 -0.725683145163 -3.45193926544 -1.39623002709 2.26498787727 -2.23062470248 -1.45266676009 2.10300436585 -1.49133073174 -2.90052609128 -0.0465737199781 1.564771655 0.158152699067 -1.24762179032 1
13 4806.34836917 -6.64959611772 1.54931557368 -7.02732759909 -1.30565339332 -0.416617964175 0.310357050194 1.06689870418 0.221329262919 -1.42280570156 -2.42921304536 2.21699903677 -0.653868737884 2.56459565176 1.41493523424 7
14 4864.30298227 -7.06694818405 -3.95409190396 -1.64064347713 -1.40878149324 2.28677024925 1.0760920655 -1.49110460997 -1.07650792802 -2.54685412607 -2.55505475686 -1.95171502615 0.701317569404 2.34939658066 0.0585443592675 20
15 5145.5999764 -3.92467770022 -1.2141609583 -4.86354484286 0.27649304336 2.79966763455 1.41085288578 -1.57435149456 -2.73263878007 -2.98641553941 -2.01449702716 -2.94945693049 2.7824707175 2.32164913297 -0.464387691636 4
16 5384.93914244 -0.640066431799 0.848744238292 -4.00390396538 -1.97019498002 3.0369932356 -0.46876771446 0.520568204192 -2.63315473668 1.37392141164 1.99133056753 -1.159517001 0.0502783807798 2.04747608823 0.463054068468 6
17 5596.74367098 -5.87269369415 -3.66705226679 1.24926120323 -0.386855547401 -3.1270404558 2.28684529912 -0.627916221178 -1.23970406701 -2.62695779803 0.214781276866 1.8847266093 0.247295220919 1.50025052749 -1.96392210339 23
18 5764.95730435 -5.35696536796 -1.16210533323 0.700378844009 -0.762193948452 0.454225216725 -1.95477679077 -2.79974292112 -3.09555951647 1.7631261068 -0.502782118624 -2.07268444993 -0.502218827054 2.67366785712 -2.07463165196 5
19 5770.3270099 -6.15091871612 1.89244984199 -6.86451720975 -0.536364993347 1.33616181663 1.49867701421 -2.35049757029 0.509472064065 -0.354579688178 -0.666131236177 -0.07753198554 1.34719662431 -3.12935710498 -0.287678010699 4
20 5981.92729784 -4.87956785967 1.67787337419 -7.34779104465 2.89533881618 -0.456776259402 1.55050353928 0.438702317766 -1.62789595378 2.92965773322 -2.88516746681 2.39355334516 -0.442593261303 0.067926629406 -0.00374955150086 4
21 5995.15909665 -3.83840433474 3.31943745427 -3.78946465335 0.0877388364299 2.78512182131 1.14403693891 -0.96644580387 -0.388842929297 2.49780629447 0.394013538111 -1.86040916067 -0.568376433406 1.66608914356 -0.205012900774 10
22 6055.18194212 -4.48446365386 -4.86515896671 2.28934880587 -1.87171242611 -2.50003632955 0.951595663392 -3.01816976276 -0.0937337544111 -1.49203249916 -2.19440309223 -1.56000499215 -1.65473909535 2.09296442922 1.99016776181 23
23 6159.2380369 -1.13978551708 3.02861190817 -7.35816694664 2.05185452215 2.11933136339 -2.71121244047 -2.36783506791 0.293736194675 -1.92401969279 1.40050956218 -3.00039307243 -0.750952002212 -2.26480002147 1.62492780237 15
24 6475.70445548 -6.56793247035 4.71616134296 -7.24923180462 0.718699204234 2.99914563152 1.0573042773 -1.78048625207 0.851032295068 1.2259544298 -1.75127855142 -2.81849705639 0.897489006769 2.38079937625 -1.80157456529 16
25 6511.81325359 -1.7998706852 3.95203212552 -3.4175548358 -2.32289881239 1.60239608895 -1.63640031863 -0.891178851111 -2.68708562217 2.32189989131 -1.89918934234 -2.32739667936 -1.76563729832 1.774310327 -2.20736329308 12
26 6562.66412493 0.0255553754871 1.74742867241 -6.35815233206 -1.05195231467 -2.78705573298 -2.64445904757 1.51909774503 0.120449333738 1.07353291933 2.89749739539 -2.93672766844 -1.68825935822 0.407429480308 2.70407315111 6
27 6656.72224572 -5.46846705198 -1.81701285203 -3.27082645419 -1.767493855 -2.15375947831 0.377433335193 1.29495240728 -2.0980987254 -2.48143251064 -1.86955934317 3.10889843739 -1.72072353291 0.567293546945 3.08415577112 19
28 6665.43556286 -5.40578800894 -1.44933929159 2.82731863084 -2.26978754677 1.07137399327 -2.36870830848 0.787544153204 1.54403499167 0.815032646054 0.941446346215 -2.90282929856 -2.6621636995 -0.456217026662 2.55963978552 5
29 6770.14922502 -9.15740937215 0.419735761727 -1.62288913234 1.69376217309 2.80455804074 0.738834342824 3.03029630144 -0.901902958901 1.15986356659 2.11840251365 -2.84197297369 0.0981739871478 -0.71361894425 -1.6497466204 2
30 6942.50954654 -6.04636871993 2.77633559506 -2.40731336627 -0.665174981636 1.71557684725 -1.79999425122 -2.57974307866 0.224362904395 -2.957141017 -1.22304777344 2.39826790579 0.74068540562 -0.499585456672 -2.20707041732 10
31 7012.82049168 -1.48058494473 1.71633346645 -5.74557125133 -2.90815108616 1.38380224128 1.42802531884 1.92934932659 -1.14209097758 -1.26492090751 -1.0466710218 2.5343352058 0.0991245201055 0.226712137332 -2.28296060381 6
32 7257.3396163 -0.497212103424 1.2336859826 -6.69509075838 2.93406607296 1.78346875272 0.32726660831 -0.708216899884 3.07195455241 0.536228780983 -2.32720910857 -0.979651385536 -3.06238532886 2.78048128475 2.23163540835 6
33 7364.41706368 -5.39829633938 -2.97416343262 -2.05958674402 -1.68551607635 1.54879373025 -1.7185672181 1.04450559274 -2.84718863473 0.978505704115 -1.66609227668 -2.7284625335 -2.43336893416 2.60097357324 -2.99164672945 19
34 7525.02033384 -4.30122550998 4.69200929859 -3.32590243552 2.65316413555 -1.63908701197 -2.8044890774 2.3451076853 -3.04359666826 0.221050469117 1.52430921452 2.87671631163 -1.5663809421 -3.1141226783 -1.703186548 10
35 7575.94521264 1.03118220453 -0.536254646651 -5.94490453355 -1.71488948179 -2.91437089178 -2.35123139961 2.32076389119 -1.0107386853 0.81349600375 3.04060724223 -0.153689489313 0.883751418428 -0.591746774007 -0.330343898102 6
36 7664.91548534 -2.40995298655 -2.2397590799 -2.96397695002 0.541443598814 2.12275792918 0.976721872025 -0.456727549699 0.700309213316 -2.95098020625 2.532846497 -0.692705595926 -1.40342951768 -1.20020835643 1.77476687554 21
37 7714.02606341 -4.39947495265 -0.507932498219 -3.19873402446 -2.26818026736 1.25056654666 0.0718384961212 -2.64523599054 2.61721933288 0.443728051639 -2.07379636522 -0.713550014739 2.72188958277 -2.43021772719 0.0921435858008 1
38 7786.13207451 -5.30710525925 -4.57197803009 2.79100550217 2.54003133765 1.87859528912 -0.0451490301193 -2.64436305745 -0.469817526592 1.65557100067 -2.44626046501 -1.90980472477 1.21998066736 1.29959432211 1.31037960932 23
39 7791.49093862 -0.190217524617 3.54998970737 -6.69153608155 1.46287785517 -2.98567706855 -1.32389735848 -2.9965608042 -2.04962499421 -0.286441857112 1.13124088864 1.1846675202 -0.906815876605 0.36549744586 0.974398432388 15
40 7795.89966352 -1.42287764115 -2.93095897382 -7.24832822218 1.40434418391 2.54399476548 -0.78495556216 -0.61804949263 -2.82783408747 1.43996205835 -0.745189553668 2.45745486214 -1.67974159619 -2.72354229212 1.60113315154 24
41 7800.37848677 -6.54837952637 -0.383155099552 -1.60884428339 -1.94777099815 -0.187923604048 -2.04626977913 -1.82992514441 0.0312644936685 2.40165020131 -2.94378602555 2.77682053198 -2.01614964588 -0.286499985093 0.193009724714 2
42 8158.72489726 -6.16314973523 0.608758504555 -3.85238355794 1.11409747995 -1.54967029965 0.781195980868 0.663472020988 -1.32188533615 -2.23387952961 1.23387315325 -3.01538554717 0.472931519317 -0.705264944821 2.22212601344 4
43 8172.89242061 -9.6178092034 -2.01715914546 -3.00021351453 -0.972013291371 -2.42987016177 1.35213880641 1.90501567934 -1.13276942879 -2.11820868176 -2.74048279885 1.82821785714 -2.43408359897 1.09644075574 -0.279163786125 20
44 8178.21428465 -7.8167131139 -1.72194806142 0.524918733665 -1.39800088943 -2.73123132267 -1.07962352672 2.46891662656 1.4558651448 -2.9810056709 2.0366774731 2.5490798815 -2.49234090537 -1.0941754726 -0.915130068938 26
45 8413.29123149 -4.1856465763 -0.0860635737696 1.04281545746 -0.0268595361912 -1.85771667549 -1.42786597562 2.8018012955 2.51411653996 -0.916027066443 -2.71095273541 -1.38637793694 -0.319145822281 -2.48671087016 -2.8899147593 5
46 8559.01036916 -5.01139672984 -1.42949298714 -0.269444146856 2.08407775917 -1.36339449984 1.43305168657 -1.36261646363 0.48711114927 -1.3054709281 2.39749420901 2.3268535818 0.933307526905 2.42184766592 1.14956127253 1
47 8718.7794143 -7.51943926464 -1.53155079059 0.586208542379 -0.882982327575 -2.37200850518 -2.61067520554 -2.35986280666 -1.64627349251 0.255557494661 2.59218645326 1.49041493597 0.0927533189782 -1.1996491006 0.97280686848 8
48 8739.41159223 0.999691420118 -0.418289362931 -6.97186981241 -2.29192539057 -0.305617238734 -1.252539461 -2.68976081052 -1.50358495907 -2.15230455271 -2.00289174122 -0.000111934050688 2.15539721584 2.24060250313 -2.12097635089 6
49 8770.53605619 -2.47658041524 -2.56370648392 1.10950560989 -3.11127346569 -2.6197048477 -0.366444917203 0.515815993126 1.20364060589 -1.11095611172 -2.37765978219 -1.88763307509 2.64868690687 -0.358760873622 1.37336202195 27
50 8800.70596148 -5.2077894162 -1.99663255183 2.75614819246 -0.602462204841 -0.522306193316 -1.87375213046 -1.8791007441 -2.28901460489 -3.11906283075 1.37033127213 2.84514253631 -2.08451999098 -0.606184027823 -1.69459439092 23
51 8844.99479966 -7.19716713307 -5.06243983163 0.3298378762 1.25813336465 -2.11257348159 1.19978450273 2.45445183435 -1.57254979028 0.794334045385 0.66475779097 -3.09513910284 -1.61909661693 -1.46452153418 2.19496373997 26
52 8983.32220107 -5.57053455645 0.949514545887 -6.9505307471 -2.10733893685 2.67915443345 3.11250940725 -3.12134602354 -1.35725654836 -0.429336356167 -2.37108004275 1.64647152896 -0.140889289836 2.18443569984 -0.434995123935 4
53 8992.39320675 -5.58195008025 4.27549856842 -3.4294011636 0.809995347636 -1.03184511767 2.04627633399 2.60309884188 3.10236293405 -0.924393872745 -1.75253153662 -2.53320664079 -1.68598329425 0.978633310437 2.67533450717 10
54 9032.41672973 -1.26699227291 1.79793071843 0.457326689893 -2.34360522887 0.710988115373 -1.27101100777 1.04643377977 0.811969081737 -2.47674802284 -0.209540613446 2.05579995866 -2.09831110092 2.03806625183 1.68266894721 9
55 9088.73796834 -4.13884570033 -5.06474415578 -7.25393067012 -2.39899388177 1.00480574358 -0.208636163276 2.64740265428 -0.588301708758 2.83106166203 0.801737182583 0.229774256224 1.13470464634 -3.0855941761 0.260174444232 22
56 9147.73890165 -4.76897077903 -1.55344276134 -3.21378865212 0.831926507876 -2.27424613676 -0.265335818922 -2.25010270307 1.85124619537 2.38986133042 1.05386487652 0.768948398857 -1.02965596638 0.59411156989 -0.435820922869 1
57 9334.65088242 -7.44536961941 1.46580977482 -4.17939392661 1.02397553746 1.59083026694 0.426968809276 -0.61551545021 0.970925266435 0.241447112538 -0.67610390991 2.1522782387 -1.66724962486 2.71130453348 -0.165405270146 7
58 9340.93369694 -3.8214377506 5.66942897871 -1.85136773479 2.48246321159 -2.06614009226 -0.128689870994 -2.90707333925 1.07606925378 -2.73512968426 3.03448942692 2.9884454905 1.72983056458 0.0287310960096 3.13228016157 10
59 9360.64028108 -4.3935078068 0.129039236033 0.115117519928 -2.39343384836 0.853846158916 1.51855940169 -0.276406467898 0.244777642769 1.55798715131 2.93411908666 -1.43322909662 -0.0719189391178 2.17110303188 -2.17701616157 5
60 9365.41476526 1.01456586536 -1.05026235871 0.300137745096 -1.62770675646 -1.76105352043 -3.13330223791 0.944070421491 0.356151956026 -1.86655098516 0.750616882685 -0.0927344047388 -0.248822894948 2.06695969806 -0.758684107252 9
61 9531.78197551 -8.48419939463 3.58717465812 -6.05308460669 0.620844445816 -2.08443209786 1.23127048888 -0.500122260105 -2.49534582245 -1.89938034058 3.10379095792 0.4576104631 -1.3459835786 -0.153064573314 -2.99442284743 16
62 9655.30950798 -0.665705046511 3.34520185768 -2.76786273953 -0.238932392448 -2.43441948516 -0.876437138542 1.70592789024 -1.76284274451 2.34772626347 1.97909307726 -0.557229053722 -1.4909652743 2.00904756439 1.29819655193 12
63 9727.414541 -0.96531553921 -4.02002157908 -0.520332516831 -0.0654367482779 -2.82443671992 1.6000820292 -1.91912743865 -0.0919308927983 -2.36750337023 2.16494998441 1.88883151306 -2.31738899558 0.969497776161 2.28650164606 21
64 9803.46600598 -7.95741321092 -3.79738763987 -1.8661039649 -1.06047196299 2.53134650255 -1.67852308123 1.92441607297 2.41699946791 -1.42400730928 1.82705891871 1.59844090981 1.6772720968 1.38731745178 1.58973312076 20
65 9953.99412906 -6.40486099201 -2.64707454474 2.17056000033 -2.28719926099 -0.381545723795 1.48706644501 -0.120054029582 0.477966016923 -2.40601672337 -2.22404955251 1.05110036124 0.208556449694 -1.85067975474 -0.419529522687 26
66 10154.9600723 -3.77877530138 3.04047543583 -3.8480607068 1.26079178543 2.14476704129 -1.4100427941 -2.75501427389 2.95188302466 -1.06020452818 0.378491959096 -1.93631680604 3.09939093951 1.43153254281 -0.359641324049 13
67 10235.4541103 -1.52926799181 -0.418196933039 -1.84348368204 -2.74179209954 1.47129942952 -1.21764102601 -2.59244082163 2.15783455307 2.45943762243 1.78122831058 -2.91847181126 -2.69764949653 1.03532537857 1.23980352919 3
68 10273.7466358 -6.73721222214 -1.14169260209 -5.51217452949 -1.61170540256 1.37205762828 -2.58534293751 0.915708338797 0.0198721061592 -0.0752329056518 -1.47033873041 2.64236094882 -1.12200469526 -0.255999209955 -2.50509745371 7
69 10340.088167 -6.65525144352 2.063344842 -0.404215306658 -1.91448179794 -2.70195919134 2.39560135 2.36685707851 -2.39323530556 -2.84341545321 2.5117306842 0.780332045764 3.12541860426 2.42375178064 -3.11143340416 2
70 10365.6713209 -1.2716862735 4.14339915512 -0.609859731848 -1.57651061277 -2.55360224617 -2.330986354 -0.531167986562 -0.69510214049 -0.799025654642 -1.05324559121 -0.780660400358 2.17485603739 -1.88213634274 0.499014784764 12
71 10380.0247577 0.286235659839 1.98212152547 -3.84354739411 -0.502674541029 0.262071774044 -1.78411610339 -1.48339067942 -0.560146243272 -0.687277973985 0.724097436536 -1.10608759602 -0.965940037032 -2.64676491333 3.027202258 3
72 10490.1440713 0.939466257145 3.5561871675 -5.45114118213 1.37942161641 0.684036506071 -1.159606001 1.24532847732 2.09665729861 1.28057919614 -2.26819900669 -2.08950973077 -2.33682427406 -1.18922290929 -2.31347500985 15
73 10508.9708285 0.171061717075 5.58689400944 -3.67114059447 3.12223919455 -1.99855211467 0.642364980307 2.24295195381 2.69871719718 0.618058270141 2.0190690041 1.11807431858 -0.38216619479 -2.86313059415 -1.21636748518 12
74 10631.6812714 0.103346415879 -2.04352458326 -6.76219122404 1.0220844296 2.10005159358 -2.69141349687 0.0403645179926 -1.7203192301 -0.506871783041 -2.73808879038 -1.22101266116 1.75559674692 1.35225041665 -1.19427866805 24
75 10681.2081023 -7.30656671141 5.21048763133 -4.08404609066 -0.144341533209 -1.32153896132 -3.07677963645 1.22787362987 1.64259614031 1.09887129855 -1.17481101834 -2.51061434591 1.71592330569 2.29057474229 1.30362541179 16
76 10682.3784226 -4.87975771624 3.3450756414 -2.17212042568 -2.64973547218 0.346775956297 -0.929974441372 -1.55659889382 1.59257483029 -2.87251703627 3.01251463655 1.71516415407 -1.79110082655 -1.47368177872 -1.76860572871 10
77 10826.5104879 -6.26425869201 0.640397010354 1.62576699261 2.75199632837 -3.00864330096 -1.82529652081 2.43659339245 -0.189109601465 -0.185110255885 2.1367638598 -3.00703070957 2.96919305879 -1.57077406083 2.60211702845 8
78 10880.5534056 0.0623633777157 4.81397414906 -5.37425968316 2.00926691392 2.49263439941 2.51842316365 -0.257867061141 3.05014105344 -1.94772746614 -2.94522613871 -2.99017459681 -1.5587745281 1.33278562467 -1.27483794172 15
79 10910.8934408 -0.686771938464 -1.21043340164 -2.39962617063 1.62919547458 -1.09981354659 -1.46107848298 0.931780333087 -2.50456686653 2.59516898758 -1.50151881129 0.242919052001 0.422685647695 2.15925137887 2.71446821804 3
80 11012.9243891 -5.1751506411 -1.84926433271 2.199249177 -0.425422363788 -2.11490952577 2.59097315084 -2.20312948289 1.83962145363 1.14723335067 -2.67353269923 1.12085340363 -1.51225091208 -2.95031999115 2.20325908564 23
81 11046.76946 -1.94882896146 4.89014204968 -0.597389926068 -1.54008431714 -0.38471727574 0.951813773072 -2.31266170452 -2.2947241942 -1.42038186612 1.1766427902 -1.40890092017 -1.10314477347 1.56884586837 2.64419424214 12
82 11274.1163657 -6.91117833146 -4.14908896391 -2.11213755144 -2.70135355553 -1.09724687458 2.70688621289 -0.389953027906 0.0649104495035 -2.32271687177 -2.72656748936 1.20444795372 -2.25214802696 -2.24159490751 2.10212980691 20
83 11295.3184857 -8.64059857042 -1.18585605458 -6.84675656991 -1.53820406714 1.24958921742 0.193231790325 -1.33530146366 -2.20665048318 -1.7649221131 -0.433833668167 -0.0624843663721 0.594964984837 0.332437414922 2.36132659223 7
84 11409.5144308 -8.15164850229 -3.00625817863 -4.19429556316 -1.07135324643 -1.4635921829 -2.46233811295 2.63785184405 2.17568707043 2.92943354765 0.758294935744 0.735740382735 1.72822048397 0.559793121221 -1.60121307444 25
85 11500.0776874 -8.62959146293 2.86465800421 0.0602518219016 1.75798502777 1.58639441536 -0.0409623448165 1.58993510213 -0.934327796934 -1.65770683179 -1.084230876 -1.40072755089 -1.59168422573 0.352930377383 -1.34672583855 17
86 11539.4168882 -1.52274092383 -3.92916433379 -0.122770077544 1.55654701849 -1.80015052369 -1.72478939177 -3.01844734505 0.589782157264 0.460363370522 2.42680591363 0.384958577637 -3.06260425263 1.19398289687 1.74262401188 27
87 11668.1580658 -7.82013345993 1.26437039297 2.0484962666 2.05046390634 2.92400165979 1.22859569266 -2.64077478984 0.486317136422 0.0419750162331 -1.20870478833 -1.7187476173 2.95192064098 -0.664922622277 2.79724515111 8
88 11690.875344 -8.42747648011 -3.62887568455 -3.79679452521 -2.39570539037 -0.705725042875 -1.41610045379 -2.22194297301 -2.17480408912 2.3056580828 -1.42917043308 -0.379583588067 -2.54281152604 2.40915389871 1.93222626243 20
89 11761.5071621 -9.59799035895 -4.98651902698 1.71741238079 0.966007548626 0.604205438141 -1.91696961758 -0.0698674682398 0.566396041415 0.0513171965871 -2.54847360132 -2.59641061849 1.73049206458 -1.50615866553 -2.64973025291 26
90 11793.569707 -9.62724105774 2.83781417213 -0.250976250646 2.38135864921 3.05005145432 2.31232104398 -2.67624280827 1.46175750797 0.435108015179 -1.04481132413 -0.608728666491 -0.0961780326513 0.826413444969 2.56824816376 11
91 11806.4838028 -0.137734444143 -4.39788728599 -2.57683998881 -2.80990515512 0.611039486339 1.48187102204 2.72874279279 1.49909433167 0.901244048565 -0.0418671000131 0.945692399973 2.72971620228 1.56317453231 1.14191393691 21
92 11822.6656336 -9.88927137658 2.63671441811 -6.58668187017 1.35889008765 -1.06757703319 3.12202758693 -2.72775945195 -2.1023793948 -1.2326408735 0.562406095556 1.28091017557 -2.56982467984 2.16239995097 -1.19747896866 16
93 11889.2254215 -9.63134202477 3.63885267172 -0.715601872347 -2.61099661932 -0.169821658449 0.171526898634 -1.2277594174 0.332049555614 3.06338676284 -2.63052216067 -2.18747423719 -1.59629573042 -2.78255350486 -1.82721907964 11
94 11906.0072602 -0.0146880820476 -3.52262246106 0.027775549125 0.953712130728 -1.23627827925 -0.536539364482 -2.66387725905 1.79058488728 0.683978446973 0.413663100666 -1.74971022093 -0.690152123269 2.71043009608 0.593883693871 27
95 11946.973988 -8.29195340594 2.99741400261 -3.51498894341 0.870743879857 -1.5341339794 -0.0346968640417 0.991427797713 1.45418623047 2.35637248297 2.91164051378 -2.3392594375 2.1648699744 -0.587781231796 -0.981669115673 11
96 12015.8476669 -9.18197663112 -1.28476503553 3.15871645013 -0.35293341668 -0.517173950125 2.19752772944 -0.843903883867 -3.01656076539 -1.49199810055 -0.406641436449 -2.64980700068 1.60428320708 0.350538202842 1.49604276904 8
97 12067.2591005 -1.60600802602 0.723177097946 0.841555304703 -0.990437006139 2.14107689984 0.814774659177 -2.3208737905 1.32051832096 -2.53296723783 -2.02724229705 0.949077267308 -0.227121757764 2.23523142138 -2.48366203336 9
98 12171.7751125 0.493155680968 -0.772111906829 -3.32857356268 -2.39943215092 -2.91461368779 -1.73106360348 1.86364155756 1.66847179082 1.32748093724 1.86552104076 0.157663379934 -0.988227567476 -2.81049815568 -0.275996480418 3
99 12278.3639979 -9.07806401057 -0.44736714688 -0.692066918192 -2.28261854727 -2.87985423574 2.10851519104 -1.90350004941 0.237687742404 1.17552791188 -1.60847398551 -2.44513373634 -1.26826990515 0.447624554861 -2.28082497979 2
100 12288.2368963 -5.78322075153 0.779654313735 2.46697791535 2.22994222699 -2.378840074 0.36149207552 3.04464425806 0.222278158268 -0.124530876737 -3.11584530464 0.461279878498 0.182785357598 3.1308875733 0.949154710024 5
101 12311.3290943 -3.10238930293 -1.93743991137 -1.0650274607 2.65798959472 2.65289340805 1.74504104526 0.238715656222 2.59035107231 -3.00811767428 -2.6918685838 3.11837042272 -0.950182764302 1.8466156698 3.07172430893 19
102 12360.28975 -9.03342582699 -1.11181869205 -1.64177204288 -0.0778206373721 -2.05888176433 -2.98498121342 2.35322089156 -0.432371850652 -0.0412400127542 -0.44166705975 0.878576962559 2.04705761817 -1.92328543362 -0.54492967205 2
103 12405.96974 -8.13131344837 1.44930960041 -3.29607587251 1.98399851821 -1.0136169499 0.441229681891 -0.612111805483 -1.93538777439 1.32245451609 1.84636327734 0.171799364071 -2.80562872 1.64695920185 2.68117487527 2
104 12559.4380312 0.602343843551 -5.15874305866 -5.67622163141 0.926807883717 -2.33265859736 0.221882561101 0.295491445704 0.621802672464 -1.42431094039 -0.502168086816 -1.24724406949 -1.39780909739 -2.61502147547 0.365225288237 24
105 12830.2292064 -8.50509827195 2.92470465353 -3.50121908244 -2.47497494053 -1.73093283904 2.66112260738 -3.08329117644 -1.5236254239 1.55974542353 2.72114422229 0.44910909911 1.31184490752 1.75206510549 2.51546782098 11
106 12933.4531288 -5.99523114159 3.39786920946 1.7893819121 -3.06637661284 3.11501678197 -1.55013462648 -2.21713876252 -1.36808828242 1.25341791295 -0.143172586126 -1.53380753173 1.18735367087 -3.0788293378 2.127626006 14
107 12978.7072944 -8.94082946307 -2.11158826092 2.41311005187 0.145199597658 -1.28990449119 0.365699793986 1.398483167 -2.88128817684 2.58487189439 -1.40554967501 0.118327491821 -0.984858541179 2.22099313154 -1.84812919368 26
108 13003.737638 -8.51472372172 -4.42776128365 -4.45459407122 -0.868812061426 -1.02062263558 1.14972185412 -0.976784441965 0.701442440594 0.923770667772 -1.23083001602 -1.82413464919 0.154198744824 -2.6511540531 -3.04729384927 25
109 13076.9502731 -0.0331901531101 -4.45098567039 3.28664066431 2.93901710072 1.81638190596 1.69139084367 -0.511810906665 -0.744990556527 1.64708408983 2.71297122093 -1.28349715113 2.14131510503 0.690757337533 1.29677832236 27
110 13117.1991795 -2.21149158321 -3.09624362497 -2.03987619306 -2.33080493516 0.0647999412428 -0.219623763419 -1.74652791076 -3.07463118239 -0.540798845284 2.62758394485 2.12531438036 0.216755092955 0.133835239928 -0.109421932341 21
111 13153.2121446 -3.98535789593 -0.316883897348 -1.30801005793 0.69554116318 0.970230451679 0.353666647187 -1.0513588676 -0.605240501371 2.08990962933 1.32250360428 1.3681214981 -1.88551904893 0.204614053374 1.50764119549 1
112 13164.6270914 -3.74540773218 -3.37184428281 -7.50903516455 -1.20279703461 -1.05732928196 0.0915008462468 -0.993640209806 1.53948889552 -0.167048556505 2.00875481379 2.97669650725 2.86957919143 1.89316842326 1.99993842363 22
113 13278.8333372 -3.2071506859 -3.57377659325 -3.46647054475 0.640932970287 -3.08542504524 -0.668293902417 -0.745280256957 0.270395883504 -1.79457696739 1.9802266802 0.540780194931 1.56244914568 2.37974593401 -0.39156174991 19
114 13301.8530607 -7.3002191951 5.58847417236 1.71915812207 -3.02647437502 1.04035778028 0.671886719802 1.08854440677 -1.74781103161 -0.961676250316 -0.924272971757 0.615536522533 -2.93074543054 -1.05496485214 2.42111845307 17
115 13363.3395926 0.4160508337 -1.13329391762 3.08847349379 2.94837312346 -2.30467081039 -2.12539288077 -1.37488464845 2.21132059712 0.503338252714 -2.55280894157 -2.42103406878 2.84420421255 1.95688487004 2.11657879824 9
116 13397.7093227 -0.559378573928 -0.707699919297 3.2198031788 2.51651860715 -3.08229911401 -2.91880741225 0.389581514248 -0.691801354141 -2.40452845371 1.38408367324 1.6343039982 -0.105306395551 -0.627253393162 -0.591355825267 9
117 13471.864883 -9.81061115248 -3.70731853126 -4.07626421595 -0.27489306055 2.47275532425 -2.02198016036 1.90370394124 0.67580541549 2.86152946841 3.09850214587 -2.30525648097 -2.90229887532 2.74510351746 2.40750720198 25
118 13549.6853352 0.580658268236 4.09204088463 0.709447174025 -3.11485768773 1.24412074221 -0.945503905993 0.199034825823 0.0595057060351 0.678829430593 1.95114700576 1.04751321279 1.51460033604 -0.94022233491 -2.73712036711 18
119 13581.4163103 -1.65376569331 -0.169895452229 -0.623958610636 2.12270204529 1.04877259039 0.597232239588 -2.42831624825 0.209222928058 -0.569870194815 -1.31684626449 0.905720225827 -0.246281404221 2.40159485492 -0.279066438503 3
120 13636.1447865 -9.44208795051 -4.81860091267 -4.32955307645 -1.02046201512 -2.94811595247 1.69656045817 -2.81612051897 -0.776537343507 -2.32309252776 -2.48309846188 0.690446172543 0.955853386271 0.242916293164 -2.24307475338 25
121 13644.1535101 -7.06134428754 0.728524324701 1.13228917995 2.07347720454 -2.80347965547 2.14464725224 1.00201002103 0.311090323762 -1.67949572523 1.17322406211 0.505954394142 -1.21448526987 -3.03872716192 3.12609771097 8
122 13691.9298014 -6.18863801074 -4.74370035092 -3.97683915143 1.63857312142 2.04350193547 -3.0585225569 -1.63382401628 -0.757934841748 -2.43485428686 2.99986526012 -2.4083905284 1.08851938679 -1.80004097557 -2.10104080555 22
123 13905.8622645 -3.2589810977 -4.49260413334 -1.74795660727 2.81567052863 0.414937536561 -0.279207895436 0.128263503217 0.224423064487 0.312428628383 -0.087335357423 2.11468411563 -1.36984133502 -2.72976091678 0.823056193571 19
124 14119.0764701 -4.00563725982 4.2666983271 0.681048317823 -2.44978784372 2.23072722651 -2.6320823331 -2.2382794414 2.50561365494 2.52251995954 -2.46228264811 -0.876363109656 1.15371823555 -2.2440350726 -2.13720895381 14
125 14177.5891774 -0.487455051733 -4.70951214633 3.34675290974 1.92274968059 1.71243135754 1.19476262481 -2.90007272472 0.74873894281 0.690092366806 -1.78389511648 -0.339884228992 2.52741129406 1.20845032387 -1.68905119364 27
126 14184.4101507 -6.3179320233 2.03792499989 1.52164973989 -2.03761138237 2.72323599135 -1.0203665833 1.9399694442 3.12295404009 -0.261327532529 0.774523775155 0.584938366335 3.10616690288 3.05814020231 2.59725794204 8
127 14233.2075584 -4.84775678938 2.49578785587 3.31702587919 -1.2420674354 -2.8438309153 -0.908312134881 0.741555313763 -0.613915879306 -1.39110421843 2.41044583265 0.0477245523896 -0.970648526092 1.17022865538 2.50326665859 14
128 14266.8317606 -0.362220884921 -2.32160810334 -3.86729026612 -2.083146422 -1.67810668097 -1.89656589708 1.17508683808 0.96814872284 -1.05246584727 0.672247659735 -2.10926331706 -2.22012642884 -1.60353028099 0.373027358016 24
129 14296.8418963 -2.58843757643 -2.15877690595 -6.82772456431 -1.74664225914 1.88926051075 -1.76045831951 -1.86229471024 -1.792616838 -2.91960470846 1.2001757729 1.75480407018 -0.741745791062 -2.01942796045 0.0699230401953 22
130 14501.9193089 -7.94403899239 5.18230453318 -0.472372682202 -1.43236302537 -0.763623075863 3.0178217442 -2.7539724579 1.56411438907 -2.97368031827 2.89780809643 1.11232341694 -0.424933250618 -0.587427894599 -0.604734930762 11
131 14534.4528406 -0.673614941658 2.56043827353 1.46159538646 -0.872553223871 -3.12478990643 -1.01221878845 1.41949908173 -2.07512000673 -1.05350090934 1.30499322226 -1.18672751112 -1.35812302565 0.829255958372 0.113388334013 18
132 14580.7324443 -8.2936299564 -1.94349824933 -5.28545647755 2.92256290442 1.16214432153 2.6904908168 1.37742450067 0.548109568579 -2.87672416085 2.80393765493 2.22744670771 -1.53396901278 0.192222139736 -0.0325256175509 25
133 14612.1594163 0.749214294008 5.4736317957 3.21721354264 2.28326808498 2.86421354345 2.2496127987 1.5855681743 1.95728132345 1.62938389568 0.569775816019 0.74138495824 -2.21247126191 0.299771205333 -2.11889493483 18
134 14676.492772 -9.63110397717 -0.0609829350708 -7.06920051362 2.23011222263 -2.19458768332 -2.33197093839 -2.26261870598 0.73553691713 2.04468056677 -0.208312737012 1.48206411248 1.56768013212 -3.12570548434 0.357252407518 7
135 14727.0980163 -5.20001760406 -0.616169170641 -5.40288380297 2.88870922582 -1.23960336626 -0.180869016089 0.242229278331 -2.88574987511 3.10034419321 2.29117338489 0.1317592767 -1.07500627479 1.19325711908 2.72990867028 4
136 14987.4967933 -2.4766154101 -4.49411454843 -0.401967736476 2.95924192905 -2.6565851017 1.29702258612 1.21408471559 1.85943411152 -2.86774310393 1.82629174409 3.01423331305 1.92371564505 2.15851623665 -0.35007918219 21
137 15204.5646423 -6.11416745942 -2.85786746702 -6.4112735918 -1.8350868058 -1.51564693177 -1.86975602254 1.00501111259 -0.748035634828 2.70655503109 0.583936333721 -0.431043224255 -2.07333408559 1.96616091182 -2.76848977432 22
138 15627.3070038 -2.06238117752 5.16599165692 -0.987000886507 -0.0185273348108 -1.80974898238 -0.732015522081 -2.26700872421 -1.11231943763 -0.548180304742 1.12353795172 0.453301431016 0.374955918278 -1.36936548618 1.96258997845 12
139 15798.3803657 -7.21725620768 -0.0897749807603 -4.59789850256 2.56948523073 -0.150541708297 -0.362289089547 3.02160559061 1.69332245822 0.717325639526 2.09088722627 1.48761559358 -1.55629889289 1.31781601568 -1.17502683683 7
140 16009.8141305 -3.93410859649 5.71584520315 2.82947927439 -1.25194403759 0.624785565841 1.26189886764 -2.58402680141 -1.60533170217 2.73593202563 -2.23960142916 1.76032183342 2.78002776634 -2.34874464096 1.11200059326 14
141 16059.3343195 0.360005693973 4.25840784504 1.51710497119 -0.246077015889 -1.16631129136 2.44937276147 -2.05203969884 2.11956263283 -1.79411582596 0.355672243496 -2.36108196532 -0.643326842724 0.742462230496 3.11649392185 18
142 16091.8085781 -6.41041114895 4.39885754872 1.76994955075 -0.647925260012 1.5739374775 2.61181980209 2.03506166222 0.991165010058 1.58093318137 0.54262937721 0.40051991527 -2.83873780242 -1.95909653473 -1.74401473873 17
143 16400.6965904 -9.03920974416 5.62419109063 -1.77971860686 0.416027631359 0.216783316749 0.421981630955 -0.10631225586 2.62173268127 -0.375629422457 0.939352690828 0.64425085263 2.82449949158 -2.29023969819 2.65744778706 11
144 16401.1804374 -8.35661255491 3.95956040969 2.45242753182 -0.474104207326 -0.490725928845 -1.21305850497 -0.941913357614 1.79219247025 0.237205584242 -2.59644123808 -1.92492851076 -0.956828608294 -1.50035988142 1.11135134901 17
145 16408.5504282 -5.41867512453 3.1056406128 3.41021319754 -0.0462047710069 1.99720568658 -0.429678816206 -0.349056946441 0.458746690062 2.90337675549 2.44209407471 2.84827882194 2.23742691522 -2.31831970825 -2.96462201168 14
146 16565.266073 -9.68453429531 4.55061406273 0.410579751283 -3.04278836813 1.45339465815 1.98671790906 -1.75029710689 1.60360443694 2.30460512693 1.6844395562 -1.5425806145 -1.14899873475 0.514326685925 0.135196939341 17
147 17118.0437016 -1.95646058172 3.51199838876 1.43353004573 0.998546780844 -1.94842832332 -2.45370205235 2.96630628611 2.68936890886 0.492294004491 1.91775119171 -2.67252370672 0.945378956474 0.132336444254 -1.54175028143 18
148 17829.1103482 -3.90076435483 4.26143698081 3.3718110296 0.84752797653 -2.68059637107 -1.84131382975 -1.19167019209 -0.854697662652 0.33392951743 -0.614231438659 2.08226960444 1.11370131375 -0.506930010265 -0.923176958861 14
149 18299.0396401 -1.63550602576 1.07251949212 3.38611564447 -1.07626272949 1.68375027498 2.16563150919 2.60867384373 -2.06880720771 0.0525616758633 -0.744334201957 -0.889324016945 -1.61687356319 0.783724891263 0.933094693819 9
150 18578.8124978 -3.88657118225 -0.410561945565 2.440589694 0.813942288097 -1.36925456984 -2.67517653014 1.19428128715 0.344077743065 1.16854098412 -3.13358740479 -0.633348517051 2.25811240384 2.23499041982 -0.319781994687 5
