 0.852863465556 -0.542830105253 -2.39592553003 -2.21350273464 -2.81659319219 0.843307097655 -0.398977661465 -2.63454374691 -1.7307020315 -1.38618502143 0.765824755152 -2.58032158624 1.25248054536 0.774937608433

1 1726.0558545 -2.70288601666 5.51699960666 -0.746235417417 2.45740367191 -0.333493619936 0.241397088022 1.81093698909 -0.338940089592 -0.0771092601543 -2.65721606657 -1.04676984539 1.38011351211 1.70156266716 -0.246789452769 16
2 1776.30899211 -1.15163604583 4.34049897578 -0.276318537598 2.48245862504 0.344858503322 0.968017028839 -3.01599366383 2.53240108555 0.73281248624 0.540006969774 -0.514532707399 0.442663564135 0.793609251187 1.91480622604 13
3 2992.77495883 3.343675256 -4.505014626 7.85697275213 1.7559774313 -2.6305534393 -0.460453928946 2.13670038171 0.349240710595 -1.91632174856 -1.65920536126 1.99588562885 0.81501965314 2.84453596883 2.01329315516 27
4 2993.11401778 4.54223072539 2.42239422283 -1.40452762667 2.49904495184 -0.433382484652 -0.329968787761 0.938971583287 2.94408861374 2.35814294472 -2.64603240241 2.7520496068 1.93971537512 -0.409882015249 1.11350676978 15
5 3828.15553702 -2.11985112861 -2.33868779739 1.57322529171 2.89483765765 -3.04444650299 -0.158788841804 -2.82300334462 2.4498595077 0.532522405448 2.30525129683 -2.70248752528 1.09262549341 1.62122087717 0.76199662514 19
6 4075.43655957 -1.3426277369 -3.97200327292 5.38186724251 1.70152358795 -2.14863882697 -0.972712826282 1.60056474704 2.0774277374 0.297411942577 -1.5853077339 0.22313763766 -0.0197767098941 -1.07501106814 2.3869726076 23
7 4353.46842539 -1.47814602365 3.62421340795 -1.5456081253 -1.67341161733 2.47094652946 -1.63989066984 -2.47512827735 0.830837726422 0.0244769763654 -1.757210134 -1.63403394294 1.88072386389 0.440352630147 0.349700148298 13
8 4600.00595922 0.927723996798 -1.06438429319 -1.59369201878 -2.24140345021 2.20913710217 0.0140327782402 1.36132569861 0.842836689455 1.24033436108 -0.732620738561 -0.631140652103 -1.6345399385 -2.77803572815 2.71754863721 4
9 4921.20237206 3.20740462429 4.02400823095 1.89476455352 -3.11364267036 -2.4267292893 -2.43614608551 -0.166322066904 -1.85949972906 1.6112812244 -1.92551410545 2.98527549512 2.02673205234 -1.7831569498 0.485722832662 12
10 5191.09671875 -1.55968048496 1.76036203766 -2.13863111744 -1.65236207759 -1.28780126474 1.84119795637 -1.98174479886 2.42028043248 -1.27221711769 -0.965402637234 -0.955703245945 3.08295366576 0.64638799352 -1.01218856459 4
11 5666.49494372 -0.0712834823989 4.02711782398 0.834335992726 0.356374915123 1.78463127717 -1.59668509013 3.04057027137 -0.69771427049 -2.96879691694 2.16788031437 1.31709442322 2.5661746914 1.85920657491 -0.327854718871 10
12 5788.18104633 1.82478590617 2.20788657685 -2.79653351402 0.627031718357 -2.49731795023 -2.98826730707 -2.89642546168 2.21803925404 2.03677920129 -1.95790819958 -0.781905377648 -1.26307347334 -0.855585392627 -0.450881443173 6
13 5837.09327061 4.39844943767 3.6618697993 -1.42788819678 -2.473358106 -1.11030520382 -0.727107477846 -0.361987613797 -0.0196049656484 -1.44990173103 -3.02154783765 1.60793321717 1.70303321422 -0.338608614369 -0.764764728284 15
14 5899.39153571 3.74442448265 0.555258027399 -2.84895537289 -1.78300727405 -3.10477959705 -1.38494004739 2.70595312623 -2.05200137097 -0.220214731972 1.2967448531 -2.96976078733 -2.39222481289 1.88127062311 0.764513920798 6
15 5931.10766953 2.73383878826 1.37670448919 -0.843147377047 2.1607312161 0.657983921584 -2.30456936762 0.662501258968 -2.40744729984 0.0814568637947 -2.29269467811 0.349727237367 -2.66010478512 -1.14095939512 1.7614903886 6
16 6003.44947866 -3.82570181078 -1.18166000346 2.91038279113 2.47358303693 1.71469114011 0.359555438596 0.27001621637 1.66156214552 -2.04274517022 1.55141178438 -1.32091846118 1.3115918798 1.33851693299 -1.50620218441 2
17 6586.29600555 1.232061439 -3.40552284859 0.808438051579 -2.30543589755 -1.99575961194 -0.376672015721 -0.492570569574 -1.88973186588 -2.94779010569 -0.83676569581 -0.886057827979 -0.370730274415 1.14529351471 3.12295584108 21
18 6649.09236805 -1.50940072034 3.70570753621 -2.20290060948 -0.831128970922 -2.03190548272 -0.087131079214 2.52026240307 2.15077727986 -0.00802859127539 1.12545222035 -0.143651789299 -1.37466199692 -2.29335235554 0.83756626894 13
19 6671.24506536 4.32117474091 -4.7161908818 3.82447977375 2.93446861842 2.33890228666 -0.0901652133019 -1.90956446899 0.756549463302 -1.24399309897 0.192610319364 2.32815537713 -0.745029230546 -0.290994464578 0.250785808496 21
20 6875.41536073 0.0506763580547 -1.40611157191 -1.53651501043 2.90516380156 3.02079533349 1.09445320218 -1.40351169017 2.35975164099 -2.09161429106 2.17378094572 -2.5391258411 0.336936442536 -1.049605688 -2.53075120483 22
21 6910.96077747 0.768554857138 5.4141152719 -1.77659974579 -0.49117610828 -3.12841023935 -2.22435772112 -2.98332278036 -0.816665418166 2.19474424041 0.24550986281 -3.08593278594 -0.582254037303 -1.2060958577 0.436245229123 13
22 6926.1916847 -4.98849906926 -2.22177632025 2.48324608904 1.1224568567 -2.24332333253 -2.19253338174 -2.46839528553 2.78075449961 0.965879329018 3.04449946972 -0.54637650033 1.59736156093 3.04503106563 -1.92811107265 20
23 7043.77213014 1.14587534839 -2.06998372112 -1.24666880614 -2.66397606853 0.666195185636 -0.798165273166 2.65506855999 -1.13824722414 -0.197609993971 2.96207008769 -1.59087622784 -0.0717109685166 -1.22314802209 2.21214967097 24
24 7281.3205097 1.27565671556 -0.559219387395 -0.798911099835 2.25861074958 1.18237100811 0.395854662533 2.9449780662 -0.557883246795 2.21822625108 2.45677950572 -2.04053945409 1.57472643786 3.10656609953 -1.92128982894 6
25 7398.11989394 -2.67812626544 -1.20297310198 1.78143263709 2.92563641298 2.96582866598 2.63508826419 -2.65643949573 2.6268135395 -0.451207195692 1.24563057399 0.658449113704 -1.57025939243 1.15049710831 1.29373913085 1
26 7433.92782077 1.85732373002 -0.418766355017 -1.40502307176 1.99584990618 0.345495665745 2.87910957845 -2.3172255409 1.6683433603 -2.68200250661 -2.73128626412 1.01705816516 2.79931857013 2.85508471975 1.25134345087 6
27 7444.39882377 -5.60413370784 -4.53307789678 6.06696848947 -2.68847723408 -0.0386934339435 -1.04080013929 2.85195377969 -2.8848115852 0.800461241954 -0.855709392006 1.97937084676 0.506472792259 -2.09916473483 -1.74205125374 26
28 7491.61296129 3.213880893 5.70407725594 0.291159903486 2.05885706621 -2.48786610266 2.60179524078 -0.148379432631 -1.89909256905 0.34531087124 0.829059942759 -0.730592722787 2.15327381538 0.577156948309 -1.54620759783 15
29 7566.67644766 -0.0365987560773 3.71148404525 0.854601727354 0.226876901478 2.08710801691 -3.11279603865 -0.892643981497 1.70509506563 -1.71866783594 -1.95023060049 2.16665439706 0.431146769834 -0.247822703883 -2.78710591467 10
30 7643.03519299 0.646286063007 3.84318343201 0.584865436048 -2.36775895955 -1.13827399795 -0.989271088473 1.97261580826 -0.789657747946 2.22834241655 2.80457339847 2.49586145712 -2.03667083807 2.2017197717 -2.47155041923 10
31 7660.54828294 -1.45277643402 1.68832925359 0.245229510686 1.30097404407 2.02794812147 1.6110888937 -0.563525156876 -1.65617186606 -2.19084665935 0.365619703393 -2.79060750029 2.40430250407 2.3253536007 1.89108273702 4
32 7698.60792649 -5.30678463328 -1.53752318076 1.6425811387 2.00960631607 -1.77846081501 1.27576964294 -2.04205906105 -0.805238943922 2.23195750009 1.41742196037 2.04854816145 0.372378175777 -2.12941927633 1.47678136306 20
33 7861.56602592 -2.71147191427 0.687589047564 0.17245619426 -1.50972091941 -1.01773060399 1.12163353788 3.12291041951 -1.97478064894 -2.39975189966 -2.54923660472 -2.93701100887 2.55809987416 -1.57605613434 -1.21151145178 7
34 7955.70106397 -4.03595684537 3.74928482102 1.94307526843 -1.16049134266 -1.92265234241 1.01110166719 -2.12017897023 -2.24854615804 0.125372313377 -2.80513396962 -2.22915708778 0.0530140068915 -1.73180016421 -2.97803507721 11
35 8178.72572669 -5.2941820013 -0.368794857989 3.25766479818 2.55983201346 1.59898291131 -0.60280213234 -0.0237221568089 -1.5708985497 3.06316906074 -2.68690964673 1.90288533606 -1.54451881427 -0.901045509418 1.8461981085 2
36 8255.43653739 1.86533467595 -1.98394671543 -2.05273907613 2.70124519638 -0.541010982659 1.3170638718 0.877600545382 -3.02463054837 -0.320682047209 -3.05629680324 0.0386989696379 1.09400877145 -0.141547710744 0.835096476371 24
37 8339.09694115 2.21245346462 0.335456553557 0.676061107968 -0.196842132367 0.716642518279 2.65762470303 1.44446335565 -0.653266777396 2.64873979158 -2.46113681763 -0.390678607241 -1.33115163305 0.258182163571 1.02318420234 3
38 8359.48627241 0.0460647171748 4.38710256375 1.15643984954 -1.96265268876 0.0173370425761 2.84139503679 -0.369538692432 -1.71981766032 -0.18983618913 0.655678592492 0.628969288743 0.332333805358 -0.56297171115 1.91808814925 10
39 8370.43765895 -3.30788449299 -0.963107120841 2.78465530049 -2.37934375177 2.46715487778 -0.209480357308 1.72680249447 1.07017505238 1.51986939322 -2.90836852775 2.4018990318 -0.957315447708 -1.7043393694 2.37065284995 2
40 8443.98070649 -2.28083124608 0.0897038278871 3.17487796022 -3.07468782904 -0.896612494006 1.82597448156 0.157082412363 0.170747216117 -0.253264080657 -2.90137198277 2.6375027707 -1.25334090716 -1.00846870236 2.17382164187 1
41 8458.06575766 1.25452373357 1.00454381271 -0.550028951722 0.771493358372 2.90405126644 3.04569259458 2.16340762682 -0.806672550727 2.64813573724 1.20425492386 0.0494286028091 1.93947316333 1.0800108724 -2.56990550225 6
42 8581.9767698 0.272328351097 0.811388779831 3.67090070165 1.15023714416 0.711756615448 3.08110484255 -2.03613060669 -1.69348376621 0.701820407719 -2.20202565698 0.302774869706 -2.77902163014 -1.78724839334 -0.679419809877 1
43 8634.26033556 -1.58179438152 -1.03165247394 5.25264307125 -2.66825252777 -3.12028756393 -1.86863422648 2.5173890371 -1.75435372705 -2.32652776422 1.31229573375 0.951337670628 0.436150344563 1.86126522864 -0.168852166733 5
44 8716.7369355 -2.92787467817 -4.50471514374 6.65972165657 0.439675524432 0.451020889681 -2.58314001342 0.193165670977 0.768130391187 -1.06587756596 -0.309665532878 2.47029511315 0.129464773741 2.1411530898 -0.155410515018 26
45 8740.63119224 -0.694963885629 2.45946641566 1.57516311243 -0.53209188976 -1.01992646633 1.81845769654 0.318592628735 0.370361442099 2.22847537747 0.148441763431 -1.05484309377 0.573595782622 -2.3398951022 -0.131048175718 10
46 8807.17329614 -2.61335586464 3.57648018551 -0.447221573253 -2.42073196552 0.859803033035 0.716363798758 -2.71013533646 -0.631247419527 2.12126156948 2.78671265637 -2.50894987625 1.96453489086 2.640372316 -0.902910302035 13
47 8873.95659246 0.742183276376 -2.31004545053 2.72065435292 -2.04268960002 0.00553726009631 -3.01899375445 0.190466199217 2.77230241131 -0.62844312243 -1.07038621147 1.25241509355 -2.93635363778 2.48417301637 -0.939468444213 19
48 9108.62662934 -2.19660621348 5.05086309707 -0.271141560497 -2.19558128476 -0.886081709073 -2.9600595393 -0.900906845418 -0.90511881386 -0.686183163921 1.75201984487 -0.46194602648 -1.19087845914 -2.98488756075 1.15980104209 13
49 9139.13325447 3.13347081366 -1.454124856 3.63692305243 -2.79970486347 -1.58624311364 1.41395840127 3.04480953148 -1.20540864612 1.69839313038 1.04949776187 -2.29001429385 -1.00824978712 0.31286989711 -1.99775991254 21
50 9373.02933728 -3.71283067844 5.0109145904 -0.740226406816 0.933093760587 1.67952412358 -3.03450971923 1.20499921356 1.85272032922 -0.406636022873 -1.16441514669 2.54137145738 2.18790717077 1.82342038146 2.0535237813 16
51 9373.0892864 -1.04880595711 -2.96032744692 -1.89966989813 -1.60648066253 2.97233557941 2.82823215609 1.20997529749 1.26717904227 1.68196815421 -0.504792950291 -0.709436365447 0.504915745852 -0.107579991482 -0.719477297987 22
52 9567.58655606 -4.8384565296 -2.31952446133 2.58485598437 -2.87004701616 -2.35482291456 -3.00937533569 -2.91443302883 -0.682367558835 2.46214430727 -0.985970410935 -2.27797305534 -0.508539767603 0.66550652321 2.96126258275 20
53 9571.70800929 -0.420259769928 -1.02503545401 4.06389494415 -1.93953022395 0.60907858004 -0.601792361923 -2.4000903326 1.79513771985 -2.33356781308 0.765983628517 0.669668060361 -0.898945279537 1.34865977084 1.60968088177 1
54 9586.75035665 -2.68342539359 0.971692625281 -1.6877324954 -0.321710226245 1.42160719112 2.15892786021 2.72253649157 -0.703434352511 1.10819694723 1.06120260592 -0.196699948927 2.62108151689 -2.91775311171 -0.84080307564 4
55 9692.72096144 -3.64617472299 3.73883578678 1.7352369659 -1.29915122187 2.08969313551 -1.7559043072 0.783012033066 -1.8997990335 0.889666416496 2.41571783793 1.63897797351 2.11062949845 1.68137458271 -1.97441074203 11
56 9755.33819651 -3.19227956946 0.329260499931 4.0017950313 1.16343775424 -2.18681369747 2.75026510923 -0.935985422091 -1.56443529202 0.0884223945438 -2.36258784255 3.00585860055 2.77153292873 -1.38939627969 -2.31078869493 2
57 9756.07930596 -3.23628810215 1.40614581163 4.7898403584 1.68356929138 0.452933345914 -2.19961195531 2.46064253548 2.40588534672 -0.588175813712 -0.815100669854 -0.859436069331 1.48383965971 -2.40498242961 -1.48132450801 8
58 9818.76901499 -5.69718661118 -4.54698632766 3.87648823282 1.1789125368 2.12042270269 -2.66686377559 1.24186153705 1.71610585754 -0.817739103264 -0.0489581081376 1.22309703003 1.91887009951 1.23256375014 -1.77423630342 20
59 9962.98560122 1.35473446667 -4.78857428674 5.61785597284 0.0314943162404 1.19169785628 0.890548730866 -0.272908298441 -0.432042030971 3.13685161468 1.29776243638 0.12959368194 0.220663813319 -2.1528258326 1.05213392847 27
60 10047.6041135 2.45838148626 2.50219879137 1.88780558667 -0.837195549549 -2.26050605476 2.91928511654 0.48174018123 -1.04594458198 2.37625608518 1.62615910804 0.532827765623 1.65119465485 2.28107776752 2.02315656349 12
61 10052.4985287 4.27210380856 -0.668615819986 2.72358467925 0.543724275955 -0.321194112223 1.41527321219 -0.374983194945 -3.01515145844 0.175882641994 2.32002513112 0.708415008571 -0.159108893542 -0.813472623871 -2.56629759771 3
62 10160.6730175 0.237552315569 -2.38073034371 5.32462517467 0.969355125075 -1.31344927097 1.18299224154 1.95247702437 -1.8022084286 2.13690784025 2.31858886393 -1.53856869551 2.01669377288 -0.775334241414 -2.4481425628 23
63 10184.9115698 -0.349250849109 -0.654229547926 -0.291643659191 -0.552300998086 -0.946694499865 0.443015485519 -0.0833940419418 1.86033459602 1.25258129219 -1.24145446567 1.84295080168 -2.80690370191 2.60185561924 0.40664752985 4
64 10315.0316996 -0.795249880156 2.86676717812 5.28394784985 0.478742070884 1.52482624666 1.4765700298 -1.99733770078 -2.23009258366 1.19471269319 -1.55452705117 0.124961311419 -0.704599447909 0.216792633582 2.20369990487 14
65 10382.9070124 -4.74478386463 1.52581844282 -0.0236345589158 -0.520516577612 -0.150646506377 -1.70524647961 -2.36586686846 -0.637576348095 0.0622630255137 2.43608111343 -0.00533364849424 -2.11012084115 1.47698198774 2.14631661415 7
66 10425.8572488 4.10432829044 1.13036320963 3.45872512821 1.65045558533 -1.48789058513 -0.605213646721 -1.89375232056 2.86939453326 -1.15800786327 2.9424513952 -1.3936558137 1.44268356054 -2.15086491017 1.93522196489 3
67 10501.391899 -5.20526037136 5.29790653359 1.87464678451 -0.149364107478 -2.50399908225 -2.30542490475 2.34233533361 1.46361526751 -0.331648634809 -1.87716571804 2.16448151447 -0.837854961074 -2.69230341148 1.37422586137 11
68 10513.8870121 2.71553454224 -4.43678524441 5.0080105875 -2.96554329281 -1.18366418445 1.35676987784 -1.45277047314 1.61502291774 0.541016391924 -1.46300710603 2.18799619469 0.31746867754 2.20437062979 0.773515065691 27
69 10554.6797796 -4.31060460297 -1.3799523516 7.67559493856 -1.20171258526 -2.36854162304 0.198097769788 1.73507025871 1.94877342092 -2.94114979396 -1.31472787142 -1.98179416648 -1.48183874645 -3.04409345382 -2.62355880683 26
70 10678.0762531 3.20629890329 5.85156503638 3.36260851483 0.350464590948 -2.35288964067 -1.24818377453 1.12454812067 0.689718162103 2.47150479771 -0.0388050901231 2.88501293846 -2.2187312677 -2.55204182791 -0.875372264529 12
71 10787.9421093 0.632078649706 2.52927524188 3.51985319516 -0.657137611403 2.10490332777 0.503288240756 0.954771647072 1.9631365938 -1.81406623686 2.71562555262 0.655401911654 2.99321988893 -0.900666409808 2.35092396367 10
72 11161.3961972 0.231360845797 -2.17883011378 3.19039785006 0.178586693687 1.88472183435 2.40693600079 -2.70192591255 2.31078243892 1.08345345982 -0.257625684139 2.06383930399 -2.71664864912 2.12583745258 0.13650405564 19
73 11205.9607848 2.25692622498 -2.71498565844 1.50178805683 -1.63159745411 -1.67751104195 2.30624110643 2.85816305617 2.06048071131 -0.055810075872 0.806203148349 1.52900980882 -2.25781897771 -3.02102133184 -2.57509029842 21
74 11223.5230983 1.31258433635 -1.68421849289 -1.24467188269 -0.211366078299 2.88130919026 -2.82026387419 -0.0042849146673 -0.636420986436 -2.90037586737 1.07593098454 1.68148187077 -2.65071447025 -3.13375548284 -2.55502997822 24
75 11255.4762287 -5.29475183409 2.30033064602 6.92246736089 -0.942871640238 -2.06515910813 1.32597105139 -0.808228051692 0.651891738568 0.723721057063 1.81812497639 -2.60315591848 -1.49526558361 -2.98104377103 -2.69644289187 8
76 11381.0922675 3.5058188053 3.18009056065 -0.5012865892 -1.36525578467 0.316243024752 -1.08795642423 -1.18885284188 3.04209640303 -1.01081205416 0.580998185037 -2.31222591363 1.47262091756 0.221429033063 -0.232380026988 15
77 11401.3077461 -4.5146313466 0.803139269205 7.7047145423 -3.09594046421 2.16818693894 0.0096468528973 -2.0495232793 2.22450140379 2.21993689062 1.49982617614 0.664945514094 -2.75897385338 1.16140478118 2.43587794163 8
78 11427.9974223 4.0879416759 -3.52643278522 3.58461738696 -1.9169675839 -1.90953236589 -1.72771418187 2.70789126839 -1.557221517 2.09979405648 0.586447368674 -0.12223577383 0.849158775411 -1.08211808116 -1.74622070773 21
79 11584.9888201 -4.68750872647 0.705040909855 5.68122234257 1.36445489801 -0.919242860001 -0.524417863207 1.70557886181 1.29575281657 2.83516688551 0.82277737589 -0.370282834945 -0.410242999687 -0.566927065735 1.26395772747 8
80 11602.7870623 -4.17579406476 3.62752405316 6.26309477355 0.362370761952 0.13893194991 -0.349193174992 1.29134450521 -1.54506323795 0.504415979102 -3.07786664501 -1.18312337806 -2.67958516595 1.56149115057 -2.22929494235 17
81 11604.1384965 -5.95611373898 2.5693224277 0.0460441547082 -1.23819640372 1.67177185577 2.82194438115 1.37649487843 2.08840412997 2.1229456578 -2.9331844797 0.704127147312 0.913298753887 1.52502307348 -1.66538099875 16
82 11607.97796 -5.16935853405 -4.56145734537 6.77916155172 1.75687155698 1.24930736929 -0.621956426335 2.76421928386 -0.77182411878 1.42008625963 0.92557650871 1.91332143366 -1.43807732257 -3.07295760531 1.43276368917 26
83 11663.3631908 2.51041742981 1.41194124823 6.5581559174 -0.192791694279 -1.65534896695 1.77614113074 -1.36287011171 1.9233633918 0.543590516118 -2.683684623 2.07535148367 -1.75526681584 1.25014240303 1.25485347808 9
84 11754.2515118 3.75256469477 0.80117738459 6.86633580061 1.99269483278 -1.0739792943 3.12450624542 -0.119308144418 -2.44839776677 3.12495184892 -0.47964818335 2.99048292485 -0.0886436470297 1.64347213171 -3.00082568559 9
85 11815.5485984 -0.131858395092 -2.82267827753 6.34071794468 -1.48270047216 1.52039695587 -0.179511971568 2.21473926543 0.6493686471 1.36672538118 1.19206122047 -0.989480106208 -1.98906618596 -1.9273419292 2.72582512331 23
86 11867.1078719 -4.88978505337 -1.13953783072 -2.22798285164 -2.83085769385 -3.04336463141 -3.00151376464 0.593111586732 -1.23266236932 -2.6660206977 -2.63864721342 -1.06919483265 1.57289639049 1.16568099519 1.81664976942 7
87 12004.4551237 -5.00756441857 5.55953480702 4.11403366151 -1.82401712428 3.07325262122 -2.47748027047 -0.179115078448 1.77845102407 -0.0231624129471 2.81774735115 1.33824481512 -1.87346634996 0.772616593562 1.14247610832 11
88 12018.7038593 3.21980747422 3.12303843874 0.314625856233 -1.83317200624 -1.26291464715 -0.236443962117 -2.31148150014 -2.67716333107 2.58075465138 2.50980241798 0.111662979303 -0.00043694560328 2.99152912181 -1.19850207111 15
89 12051.6686696 2.50634944501 -1.82459253972 -2.91184839179 -1.86563849435 -1.26906810998 2.10075146841 0.511217954803 1.80074399469 -0.0729215470841 -3.00415318374 2.80305376163 -0.0552336683687 1.01163126639 0.607822020853 24
90 12100.4809045 0.0129574387415 -4.78135555964 -1.25527295365 1.03084381513 -0.74809832587 2.72342130454 1.55822341641 -0.241219522332 -2.76188747313 -2.69032179998 0.0599307045769 -1.07442410766 0.642205851463 2.76495595412 22
91 12116.4554848 -3.22962660468 2.75811372646 -0.785006281335 -2.2787278854 -1.05047210512 1.58411573896 -2.84933454647 0.0683613136927 1.60368831719 2.30611783067 -0.280180757182 2.09103654285 -0.493089025163 -1.6668502383 16
92 12139.069588 -5.83755279283 5.93382774548 -0.874537618126 -0.164566389198 -0.222648414952 -0.84160886337 -2.3128745473 0.367467402533 1.16299771284 -0.483744166601 3.04752110431 -2.21836306045 -1.57052807773 -0.553035039645 16
93 12226.5361863 1.48335145223 -3.65448381569 -0.473716236769 1.4267797243 0.413918829725 1.71223122826 2.17463216602 -0.501478628383 2.57081387384 -1.48436579495 0.611843667504 1.03475830447 2.14524444894 -1.65029171297 24
94 12245.5120674 -3.32857536129 -1.33035549567 4.37252022662 0.557648820256 -2.35845943246 -0.366345917985 -0.452522659975 -1.64056175993 2.44881116842 -0.275952805847 0.181882222297 2.23848821695 2.43658235265 0.321799459726 26
95 12262.938658 2.63860349326 2.59254930492 0.324704144746 -0.618724797948 0.309116603763 0.798891539563 -3.07744750683 -2.47895639888 0.494494459146 1.15339516179 -0.104726150924 2.08804507888 1.09146236888 1.900261811 15
96 12295.0022102 -2.08747334246 2.87478555803 6.63754700009 -0.862251863933 -2.01401409564 -0.225556803003 0.232578736903 -1.24507108381 -0.593131913476 2.80172937695 3.06618144385 -1.75633041731 1.06993848987 0.924028462619 14
97 12297.5156133 2.35758183968 -1.08945790977 4.21057821588 -2.16423784792 0.599226439883 1.71713364186 -0.913828105226 2.03791406857 1.54751422333 -2.42728733091 1.87778694971 0.852401690023 0.990432410393 -2.67878527813 3
98 12403.8327979 -4.42263278442 -0.682743822441 0.813291103294 1.13733501514 0.217080897503 -0.427530931564 0.163612852761 -1.86989845159 -2.69553594019 -2.98372118712 -1.23599994186 0.709536989391 0.692233768076 1.6043934383 2
99 12437.3197973 -2.50109136087 -1.05401661628 2.38191491447 -0.324356759532 -2.71741092441 -2.72634558001 -2.68326860645 2.05901043031 -1.53734677548 -0.991859568551 1.07829052893 -1.8694639473 2.23252217957 1.31927556494 1
100 12442.0056134 4.17857386078 2.83701335056 0.92124940173 0.680197232098 1.73949949546 -2.89990401093 -3.13913536957 -1.57212597828 -0.174777316132 -1.80027099244 -2.79301120586 -1.95892130221 -1.03853220812 2.12661923249 12
101 12449.5326273 -0.572124980914 -0.0648335304171 -1.03340474547 0.322722646368 0.115567765341 -1.55830292725 -2.7897895066 -0.31463041956 -2.276960046 -0.397696016807 -1.69514365783 -1.6363116897 1.28538969234 -1.5325179302 4
102 12473.8566498 -4.0909847989 -2.44634364138 2.01762166253 0.456005068929 1.24353507368 -2.71384817657 2.79483370851 1.45037728996 -3.06213194883 -2.06525224781 -1.37429779951 -1.88222785192 -1.52250601497 2.62294826944 20
103 12477.4199172 3.60938970384 3.07840437687 4.72704244902 2.02272430469 0.149767343498 -1.84607972982 -2.1249262386 1.07023809339 1.61099363637 2.92033934847 1.59089634006 0.830745733416 0.447537762379 -1.67826260583 18
104 12529.8814742 -2.96205814367 -0.227188108633 7.77159383166 -1.41165138149 1.48496870515 -2.91476685819 -0.301632111426 2.0049421337 -0.0383443566337 -1.16519842122 1.73994228795 -2.92233199537 -2.45725235807 -2.87120609173 8
105 12554.6298355 1.52447618505 4.58408035748 3.28015161202 1.164491173 -2.76021240113 2.99958777179 -0.934761912835 -1.42984029953 0.264296319524 -2.3123105493 0.52712620664 2.16642156077 -2.4893927669 0.566961426579 12
106 12573.5529625 -0.673194122485 -3.2360600168 2.43407660501 0.950801900288 2.01806096245 -0.731541622061 -0.369021482461 1.75887560057 -3.00602950928 3.00650464034 -1.7594584667 -0.813999100547 0.667602602159 1.32760386618 19
107 12762.29151 -4.30133264461 -1.29141080546 0.114924693709 0.0595083710634 0.815583771426 -0.808896963645 0.92066173858 -1.26274010443 -2.53282418681 -1.99622416363 1.83936644352 0.800333140965 1.66778329376 0.255019955308 25
108 12797.1433929 4.62800140375 2.81385603027 1.51369076496 0.610548849891 1.11975806769 -0.609012766845 0.0656231261196 -2.38946448714 0.027545345124 -1.37161619073 -0.611967507196 -2.20033500849 -0.661944353557 1.61101965529 12
109 12820.2655581 -4.71403975906 -4.51875775969 -2.19294775134 -0.722088414418 -0.715529080592 2.98159250844 2.43015711388 2.8217291366 0.278460884308 -2.42864193829 -2.52044569646 -3.01614929029 3.05056657843 -2.80184401295 25
110 12899.1260176 2.62326087072 4.40543700811 6.11896894229 -0.415589752869 0.778348760603 -1.62870862356 -2.14390217346 1.85061570458 3.09156071753 -3.0481367726 1.72728315634 -1.3755620136 -0.123897555745 1.39991751759 18
111 13024.3950469 -0.335629134309 0.413927853153 4.78875466036 -1.6041789686 1.92284543761 1.06853947244 -1.7501569395 1.4155250906 -2.73734824564 1.59656967 1.4641994894 -0.314964983911 -1.06796946571 1.20514313277 5
112 13077.8661795 -4.59995388246 2.84302698165 0.565703707593 -0.715760953245 1.99390228869 -2.55674075246 0.023047272889 2.53987030007 2.40311341507 0.662144111081 1.97395461413 -1.90666362369 -1.45469522544 -1.86272872327 11
113 13087.3764612 3.04528753805 -4.18254031106 6.15394058542 -0.315906855811 0.283810097232 -0.302134507171 0.13603048073 1.37046251848 1.85845139553 1.73493525731 0.182867608442 -2.78461124065 -1.49331129241 3.07964946151 27
114 13088.5804686 -2.63882807436 -2.65569361113 -1.93925144465 1.29594076297 2.77891519554 1.93197697304 3.05138731371 2.94400226963 -1.87298074137 1.84251364553 2.14591175122 -1.48690235483 -1.54620502763 2.58976646681 22
115 13104.3006112 3.29242489442 -2.83011656358 4.27089670524 -2.16744134282 -1.75171330468 0.704684169228 -1.53459304835 3.03284870678 -2.54432584692 2.23790077119 2.72082865811 2.39856474303 1.58501690692 -1.98498617708 27
116 13135.558659 3.15279015408 0.14503437877 0.647691769643 -1.50118963328 -2.13074884844 1.38136790159 -2.4121438672 -2.38317947613 -1.89198671161 2.1477802426 -2.80057065164 -0.562071058041 -3.1184858192 1.99748593491 3
117 13148.2869249 -4.30698745935 3.56669220622 4.66770425957 -1.89536801466 -2.60616258284 1.55613943824 -2.37140126185 1.96171926902 2.19125846795 -1.74333773873 -1.37402756835 2.34085090376 0.16431145065 -3.10683281543 17
118 13204.9400941 0.755806743891 -4.93088333275 -2.32053465222 2.56656517924 -2.13611105167 1.47481427732 -3.05241234826 -2.95283081848 -3.03813724424 0.446249937217 1.21763487325 2.03832729349 0.600826699591 -2.72222421868 22
119 13209.3631291 -3.18431687124 4.65812163407 2.69340488068 0.717103584165 0.789603784973 -1.84147791962 0.868525961063 0.761746565407 0.384060425817 1.32112903591 2.79490652744 1.55359910631 -0.349530033102 -0.870186149383 11
120 13260.6914294 0.732322406878 -0.868272681094 7.44878180289 -1.52509201533 0.489821426593 1.68200539698 -2.3043327707 1.53004603502 1.73620033013 -0.584926286503 1.23872685809 -1.14781346223 0.0309980601814 -2.32267908614 5
121 13331.5572711 -5.40386972432 -2.2888219686 -1.58307094544 3.05867733198 1.66103062249 -2.25333961839 -2.01297029954 1.07498277729 -1.90392387724 0.148807999224 -0.0465623488644 3.02137043317 -1.92374434604 2.19707380335 25
122 13472.2124855 -3.67155408482 -1.82662709617 -2.02116860316 -2.34416504447 1.12088952451 -0.588870290356 -0.705698195523 0.139510121679 -3.00037504913 -2.35403806058 1.13904857512 -2.56365012397 3.09817858053 -1.94280526487 25
123 13577.057031 -1.82824170882 -3.84705531664 4.84261621358 -0.170402688735 0.315047902444 1.5209066622 -2.90052905371 -0.35118146604 1.11763919124 1.04850030925 -2.41776636563 -2.05516064967 -2.14800477155 -1.77605993774 23
124 13594.9770893 -2.72845746884 2.22309480909 -2.04640356511 0.932579457074 1.9222203311 -1.19627199934 -1.22125228812 3.01588431237 -2.9913381777 -3.12523432601 -1.84331076678 -0.0977950444828 1.69861367653 -0.899423826218 7
125 13640.9014347 -5.98774630612 5.67127927455 7.25319260972 -2.14737642691 -1.80990196441 -1.74157910211 1.92537971043 -2.22666214553 0.0318294693132 -0.742382093864 0.190388439363 -3.06330937306 0.492461815568 -2.8403328751 17
126 13848.2883739 -5.80713527897 4.48790140685 6.18694700423 0.947041374205 0.890820010776 -0.440807711926 -0.993523228821 2.77586725977 -0.607101909775 2.6838536504 -2.72675909828 -2.04518165575 -1.02753479977 -0.45249766615 17
127 14096.6948781 3.79164593702 2.51835872184 5.21349205405 0.0964808022821 0.596379849396 1.59503434014 2.43276950462 -2.64813441368 2.3603419754 -1.42967638972 -2.3530033658 -1.63473232339 -2.17836328176 0.389306392838 18
128 14145.0744681 4.08533801039 -1.09395275359 3.58216895454 -0.506224373175 -0.45836470855 0.351816547935 -1.01801630321 0.160147900544 -2.11700942022 2.52092607234 0.355665248275 1.41917439679 1.13779257271 2.68828493478 3
129 14525.6215995 -0.809292046881 0.387587237446 4.09732399732 -1.95652319906 -0.93395173551 2.84626150696 2.55262245857 2.71978534137 1.39036336131 -2.43737301716 -2.76074666698 2.17275007531 -2.92977221269 0.803741959321 1
130 14635.1904583 -1.03598255448 1.79702331772 6.5114711091 -1.76830777573 3.12372691653 -2.81757251448 0.474236999161 1.64696874703 -2.71092065524 3.07778134217 1.99273385978 -1.49486070697 2.70150797563 -1.44608694721 5
131 14645.0690048 -4.92782855217 1.48031111532 7.51922898051 2.17988265362 -1.73154176316 0.626447679832 0.3186565283 -2.16356276467 1.25055650949 -0.0179432207006 -0.853082351209 1.79086848701 2.24832089604 1.67833071676 8
132 14825.9825116 -4.48749350082 -2.23558426713 -1.21660002446 1.35302062564 -1.12779648024 1.43145916799 -0.328160066642 -0.508324041207 2.76594972287 1.05206008489 2.58562245717 2.99816868411 -0.430860983029 -1.55189002237 25
133 14885.0810146 0.0876239469832 -4.18061866089 2.3724642793 -0.49498731824 -1.75302705012 -0.00963823872436 -2.75558858839 1.20164681656 -2.26495028299 2.82530348906 1.06138657585 -0.894308064383 0.215321970838 2.63136092697 19
134 14953.7856618 3.50432223664 2.01401637749 6.27103052294 -0.043451474626 2.86828723447 1.85136302324 -0.383354501882 3.10555652382 -0.112770312746 -1.3222172267 0.545975625241 -3.05545830061 -0.588421268625 -3.06921154592 9
135 14982.6227108 -1.46322450985 -0.0758053283134 4.49298700565 0.0221555255485 -1.50346994721 -2.84094878304 -1.31656713987 0.494173080529 1.56180449607 2.30066733946 -1.79469616246 2.85104717406 2.42412121721 2.87354877919 5
136 15046.359788 -0.136690264492 3.83001374959 6.89901425749 1.58213543451 0.533669870566 -0.112773659589 0.446181913781 0.0607955760907 0.868185856427 1.8497472395 1.6067462263 -2.4262429623 1.98459731127 -1.26571222114 14
137 15235.1475338 3.32104737908 4.11556446357 7.39989775916 -0.559854212873 2.92145646956 0.615590572221 1.27514934908 -0.283348049673 -3.10763539777 -2.92376950834 -2.39620800391 2.53320764962 1.82254421655 2.58974126999 18
138 15383.718538 -6.04879422353 3.57497567361 7.8525931281 0.115567279592 1.40446995357 -1.57498606291 -1.67103115389 -3.07818325051 -2.12434128479 -0.511916822208 -0.304843450815 2.28623364105 0.268712704564 -1.76881093233 17
139 15434.9533468 1.81853770573 1.34788366324 7.80229200222 3.12981837596 -1.36696150435 -1.38164988869 1.41710723437 0.205188185342 -2.99874903629 -2.53192472698 0.248542364308 -1.64474247732 0.735168386153 -0.305768089029 9
140 15512.8197109 -5.07503526573 0.311954061759 3.10052646412 0.510659975577 1.35334107884 -0.985751279086 -2.74186211506 2.23860537326 -0.938387526104 -1.43394032858 1.78225080045 0.788495788884 -2.3067464574 -0.111721473353 2
141 15840.7285322 2.63717219483 0.645117983425 7.45597472424 -0.683920505583 2.10219796252 -2.5420418784 0.272568910462 -1.12745384531 -2.8207724083 1.68928028174 -2.12908337992 -0.414457990752 0.500677424279 -1.48996646243 9
142 15943.1411782 -0.0847001060069 4.39349618871 5.86438207733 -1.54951356448 1.45445109312 0.026591569363 2.04081620812 0.597426777734 -0.728435582697 -2.89003555808 -0.781338990687 1.42338892691 0.89733977831 2.70252076059 14
143 15968.2681516 4.05728146178 -0.216056959531 6.42955626463 2.47773180895 2.19541966349 -0.468991020165 -0.835894549491 -1.54200758354 -0.455777740777 -1.82534398783 0.28820443468 -0.56884448655 -3.04604397671 -0.828080445037 9
144 15997.6119945 -6.03684644917 -0.76850715107 -2.63116561939 -1.36819093234 -1.73670712752 0.461599954693 -0.149993525595 -0.693668948058 -2.2291776993 -0.52969777891 -0.311819265023 0.0665577568379 -1.02902776268 2.13149321516 7
145 16241.4260236 -2.98050831767 0.790081998205 -0.487659608942 0.0545024047759 2.40381794644 -0.457935498162 1.49029677578 -2.05514298246 0.867191098196 -2.14866620457 1.23790970769 0.96198956929 -2.89718054943 3.11505875031 7
146 16631.5207961 -1.98305592475 1.57348589196 6.12772523938 2.23508505257 2.17462874237 2.2842268209 0.179489761421 2.22396378806 -2.78718174021 -3.0250392963 2.32521709814 -0.0219121827079 -1.28203642478 -1.03707659232 5
147 16741.7635053 2.14551967654 2.68681828841 7.74199706197 -1.95794468846 -1.56815892079 0.114916157702 -2.90559563886 0.930835139446 0.083042259035 2.95569682743 -2.14424748947 2.31480647138 -0.844865192523 1.70285327365 18
148 17044.6547604 -2.58042852849 3.85471183514 7.61244730332 -3.04946739744 -0.922251827276 -1.23409963713 1.95835167653 0.54801301121 2.90921720533 -0.14361178519 -0.108172553174 1.55314288526 -2.42371683268 -1.62495999264 14
149 17337.5986039 -0.056822105854 -1.36856105968 7.06672518216 -2.27365817842 -1.65871744904 0.371173304733 -2.93456911988 -2.36964846295 -2.17443685034 1.62885246201 2.44218561827 0.743540356514 -2.94564363447 -1.26450624063 23
150 17569.2595884 -2.35890791334 3.85431709762 5.83519492129 2.97524150984 -2.03681343225 0.854025931654 -1.60612310173 0.0172330006589 -0.442229843303 -0.0931312182848 -2.84474181161 -3.10680845092 -1.09629623832 -1.22746189 14
