 4.40635912631 -1.57907575385 -1.69468668408 -2.23557817557 -0.104890031376 0.0783690085418 0.750844488029 1.71804568861 0.860527344909 -1.32419603251 -3.06974057443 0.59662491507 1.59823770945 2.22601464389

1 73.3224655777 -4.27750837578 6.04610655315 -3.62808287725 2.41826360816 1.23701574309 3.11958022269 -0.306145435397 1.02732022151 -1.34981545788 0.747496960592 0.430082765257 2.95409507615 -0.594946578007 2.95529929145 13
2 2015.15751381 -3.81369034132 -0.979447087911 3.93650402161 2.13958168823 -2.83271129973 -0.541483209402 2.00462141691 1.59896429579 -2.0426923294 -2.17558518086 1.07396386627 -0.318156466514 2.64987692987 1.233200688 23
3 2015.23197177 -1.03571711678 3.09510943694 -2.67243454684 -2.80703273217 -2.98376051691 -2.71813808421 -2.96946961434 -3.06590359938 1.2362151683 -0.00605522075154 -2.3935800459 0.283306402879 2.75127493419 0.90137645079 6
4 2555.80585951 -8.23480652294 3.23983454385 -1.86462810458 2.32351815795 -1.53248734505 -1.38286855079 -2.49543618411 2.74685493292 -0.0999141786162 -1.47541383282 -3.0842283637 -0.595030003582 -0.485780287506 -1.47169553652 7
5 2893.61004631 -7.66597712375 2.71433160024 0.504440754058 1.91002564587 0.135807904556 1.44393001502 2.15700610937 -0.282486275677 -2.33262459019 -3.13610793051 2.54963437527 0.366678252265 1.54148648665 1.18013454344 2
6 3055.81441633 -4.45842187763 2.38893921885 0.921547629181 1.77389965752 -2.95520268786 1.44981643097 -0.223261458595 -2.25914387247 -0.120198797535 -1.37768751644 1.9387765727 0.245383917087 -3.01494597458 -2.82133818205 1
7 3181.41531649 -6.92383846982 1.0871158532 0.0926281286771 2.48686566024 1.32591782843 3.08384514922 2.6152568735 -2.22782377777 0.53803075597 -2.07216364673 -1.11892879795 0.5346694204 -2.2236730504 0.125629091276 2
8 3437.12323474 -4.30863522294 -0.631062382069 2.82871775515 -3.02360198669 -2.93903818756 0.890749066412 -1.68505916507 -1.41366238185 0.297573231573 -1.51873025189 0.954942527064 -1.74212786992 -2.69874192498 -2.80356005001 19
9 3518.90161398 -2.58973857215 2.32896870469 -0.999465091309 -2.3167704778 2.43019980517 1.83316317691 0.326118413108 1.67755177879 1.75834721018 2.48100233935 -2.1556270356 -0.690233562261 2.5774432485 1.17499170856 4
10 4123.59362861 0.68154325292 2.5488954381 1.03230767913 2.86476889366 0.375752023327 1.79806567177 2.55929524585 2.89043247628 1.84667128192 0.100064464225 2.45513950443 1.47505031354 -2.16404917809 1.07958128877 3
11 4328.05413513 -0.48760306396 0.987656831821 0.64467267509 3.03827375316 -0.824696679417 -0.635760527526 2.52410806467 0.561846766815 -0.20926994209 1.56941514721 0.611600179716 0.288693423754 -2.78080696944 -2.4452113028 3
12 4402.57579272 -3.9710323226 -2.21690618961 2.92392527516 2.20491701068 0.912033225061 -1.02112428604 0.048441485689 -2.65021029804 -2.07845299013 0.8254571551 1.19945877151 -1.91050772237 -1.99795888581 -1.87074337618 19
13 4550.31921566 -4.00002903553 6.31861151334 -1.87149331195 -1.82506726226 1.24803108694 -1.97240863311 -2.22422704486 0.752626419633 2.5814165647 -3.01341789527 -1.51101467423 -0.459014225258 2.01849657473 2.93960384756 13
14 4695.16291568 -2.88280787947 6.8024092382 -3.74256850149 -1.64601151217 0.114909949739 2.99313483359 -2.25041396908 -1.35629092263 -0.702545732488 2.44917767612 1.07631025986 1.54986526812 2.74261998469 -0.444972527859 13
15 4696.99492248 -2.14837520585 4.84556260042 -0.88339065967 1.88512212881 -2.49780416471 3.00089054288 -2.53751587885 -2.2776982721 0.918339614644 -2.06882933143 -1.75848741553 -0.193540099017 0.952296925182 2.06677066629 15
16 4724.19003986 -1.44986387321 -1.3054649507 -1.44655232547 -2.91527794685 -0.220511641711 1.57170335296 0.368168686446 -2.64811916997 1.28206260051 1.93935430623 2.52993162919 -1.60885896453 0.28152189075 -0.160926792303 24
17 4751.2891891 -0.98861073297 6.10223099868 -2.71640823353 -1.43960413904 1.00386393783 -0.962834705115 2.59550090734 -2.92186153406 0.115197623786 2.669854057 1.97611581306 2.12935731212 -0.260788198548 -1.80530043736 15
18 4883.78503205 -1.69757116742 3.33568040799 -2.29093603362 0.500118200633 -0.181220761674 2.97768329377 0.181132736602 -2.98778180495 0.24766167595 -0.793635324725 -1.18445485107 1.02434465065 -0.415272261578 -0.0773829756751 6
19 5095.80167798 -1.18702901193 -2.91724954608 4.13802609775 1.92850348301 2.30761404762 -1.7739933173 -1.33988808525 1.93367520972 1.2454506713 1.07995276345 -1.83795718237 2.16324157265 -2.03800220294 1.40752833521 27
20 5257.9729603 -3.46690944748 0.76895996296 1.33249170416 -2.26689978009 2.97351242574 -1.57707347746 -1.72559727886 1.10109779476 0.125012166319 -1.08953675075 -0.924130497162 0.372685253873 1.24781275177 -1.28334629422 1
21 5357.60668292 -6.03123683992 3.07237633561 -1.76798297374 1.32703291598 2.54238847002 2.04438863069 2.63674421034 2.02344426704 3.1075157928 -0.572280115207 -1.11752811845 2.74795518335 0.464047735959 -0.653196113132 4
22 5376.53378997 -6.43490498711 -2.93582869451 0.594970414537 2.88833520729 -2.18580587169 -2.68986371732 0.0101008563432 -2.39007910921 -1.16688659057 -2.77375645492 -0.568515777024 2.19759809051 1.42449990972 -2.14535366753 20
23 5432.04246103 1.00983111531 2.77741961882 -3.34875073856 2.25140252837 -0.806560473141 2.83545069809 2.02009747827 -1.45575488048 1.59545908273 1.74155397417 1.76374342761 -0.458502876071 3.13182453782 -3.05382188093 6
24 5438.78248176 -5.76106092371 1.11261639249 -0.880001518145 2.30066822208 1.7722424722 -1.09946897514 -2.72852945049 -0.10535968726 -0.950343542527 0.903256532262 2.73956713871 1.81803103379 -1.69071882685 3.07699343254 4
25 5616.15297774 -0.504257464394 1.41876728374 -2.49029365968 -2.42155175095 0.365523485552 0.697473148598 -2.91138528546 2.6645953859 0.677601747866 -0.119287536478 2.36469734712 1.67202437128 0.880304470025 -0.321214507292 6
26 6030.42718779 -7.21800795309 1.85868974824 -3.32403397581 2.80288739209 2.22700205334 -0.758654457418 2.61872806436 1.19996345367 -2.01902980681 2.78093166442 -2.13166800189 -0.712526621824 1.35122809205 0.665778507415 7
27 6219.34348968 -6.0291454917 -3.52728890032 6.35395596467 0.75940105513 -0.199743752922 -3.08927948469 -3.00228578618 0.387025902767 2.88559489481 -2.0797462485 -2.8361914265 -2.6283637779 1.1185529585 -0.595977647967 23
28 6345.3339358 -5.73096230167 1.18109701114 0.55102565202 1.48250667792 0.616890209979 1.88501593184 -1.35491729645 -1.18764884022 1.83953913094 -0.98246643232 1.46161759134 -2.1777563866 -1.90392917499 -2.26726990812 1
29 6414.37093637 -5.14582153832 4.08964765066 2.12875074724 2.0517430619 -2.21107954739 -0.540514998582 -0.0928274742318 1.10322265334 0.607252816821 -0.283942628627 -1.80389252898 -1.26970328896 1.31647492198 -1.43990420043 10
30 6450.49983993 -0.421806527036 6.62328881764 -2.28798175582 -0.877203595064 2.52372646646 -2.63716072538 1.93859439442 1.94342825459 3.0323596827 0.994811370171 0.873485856808 -1.045924442 -0.39983023821 -2.62027483012 15
31 6565.45640692 -6.63873224482 3.43752672263 0.819361471029 2.85492091027 0.885926078429 -0.315071777396 -0.142046695897 -2.77481383799 -1.36338973888 -0.910567996289 -3.12328567853 -0.272224038207 2.78892718882 1.48020138312 11
32 6574.0598011 -5.17800758571 2.56295091027 -3.03159578996 2.54277688663 2.15455234929 -0.72939171448 -2.64517553128 -1.68266461259 2.39402783223 -3.05096933241 -0.828818328536 -0.941512610732 -1.08683633817 0.360278344743 4
33 6754.77136337 -3.0858901284 5.00270712649 1.42121920285 2.03239164008 1.6677758818 -1.08813180404 -2.79059189965 -1.77073194372 -0.192676707971 0.372141193715 2.090969028 0.884498677427 -1.28225926185 -2.80217223611 10
34 6769.80538495 -6.03640989039 4.57599689018 0.681516766916 2.61759398284 0.386721833794 -0.288767044675 -2.3508254046 -1.84017347441 -0.910800397954 -2.08465631376 1.31811910151 0.536919085926 -1.73461946642 3.09509520029 10
35 6830.82551901 -2.13817293731 -2.31036841047 1.45919861959 3.12201928263 -2.02102707174 -1.89432364114 2.90189263579 1.78892954753 2.34186925232 -1.49627651796 0.561264377191 0.0726566780575 2.03502071207 1.78421501542 21
36 6947.8908593 -4.13757374876 2.06094489454 -2.38938835424 1.32432248763 1.09983419979 -0.923799795901 1.19376418737 2.98941993155 1.88945259379 -2.62809312397 1.05705641083 -0.545603868652 -1.87869479385 -2.56144465486 4
37 6962.62895921 -6.28022469875 -3.85587248468 -0.0860825752968 -2.96576350339 1.94607949816 -2.37434258182 2.12406620606 -1.86136994032 -1.08616620735 0.609360416632 0.520148525426 -0.794179023788 -1.00308639503 -1.98776190644 20
38 6977.12855714 -4.20421604851 0.0632111020047 4.58882233493 2.04135761057 2.49973118946 -0.226714257946 1.45057744881 2.72089858246 1.65733634258 -2.78022174757 -1.43189504157 -2.09702980976 -2.66954979198 0.919021476942 5
39 7002.98183543 -1.44063208628 4.57162046647 1.5897065435 0.0700629717509 -2.32392080326 -0.306811472445 -0.588512041952 -2.32071491573 -1.7340812932 -0.790698233993 0.053328435854 -1.19809977151 0.430659121449 -0.0713956345126 12
40 7028.01098346 -3.76660080447 -3.65736226783 -0.300582663281 2.96757282005 1.78160187774 -2.90026862063 -2.23655161006 -2.30190612268 1.57309930351 2.95813237159 -2.55214126265 -0.536134668758 -2.25195480765 -2.22852682476 22
41 7077.48943591 -4.83793660867 0.901414647469 1.79232254784 -2.38413047814 2.39129525457 -1.71325420745 0.592684611264 -2.19576759376 0.256773447974 -1.86223205252 -0.776064178274 -0.36868155569 1.19351555681 2.2070733151 1
42 7136.86640083 -3.56121661403 5.82190592882 0.555046826795 -0.409403833689 3.1008386453 -0.546819504489 -0.774186751319 1.83506122969 2.74635186124 -3.02448205133 -2.16320620008 0.420815591682 0.60641745389 -0.709420498679 10
43 7153.13762765 0.50830201015 0.349229466047 3.86504756426 1.7230745507 1.61018032825 -3.07765143164 1.76622503293 -1.28371926398 1.94006395231 1.52548052229 1.7426864897 1.82585775145 2.76942532405 1.94224829254 9
44 7296.07388127 -0.963752228719 -3.66575922039 -3.23397271021 0.297904442722 -0.978577427827 -0.0772935280152 0.83880607548 -2.28844875985 -0.382497635004 1.64146025962 -2.82553854705 1.36693672309 2.62583904197 -2.51131531346 24
45 7315.25414634 -7.45759704661 -0.432198001596 -1.23304931309 -2.34321050048 1.59696209742 -2.76782508849 -1.36612869124 2.48925456842 2.19860325022 2.30692475829 0.292729159004 0.0669663559813 0.376998596861 2.71530946753 25
46 7472.72187782 -2.41740582159 2.28395839038 -0.897008361895 -3.05153859385 -1.73332770461 2.14267529837 -1.26572358862 2.81586844805 -0.612670861598 3.09972239805 -0.505574784127 1.2780286937 -1.55857901106 -1.1995159507 6
47 7786.48251716 -6.62719367945 6.84966072973 -0.694954961602 -0.379771711855 -2.47754205828 2.93303374743 -1.32901530496 2.67067955895 0.487880612805 -1.00661813328 1.40300952202 -0.847973140544 -0.704109756022 2.58530471487 16
48 7906.87033007 -3.14839905918 7.00064048387 -2.14318773756 -0.444449264985 0.544334048881 -0.423061639004 1.69820844364 -0.503035336492 0.950347727183 2.47949502111 2.85153946653 0.800336356923 1.05274406605 1.91842731566 13
49 7994.08554437 -7.27936735803 4.72560263553 -2.5771737474 1.29282623163 -3.011171171 -2.68903406961 -1.25054949262 -1.88651820862 -0.00662064916634 0.223310441943 -2.34277251931 2.48358666348 -1.89102305299 -2.12231844543 16
50 8018.40481982 -2.4025894181 -0.408603417528 -1.82358568323 -1.17512731209 2.74641744094 1.35982721081 -0.162726805144 -1.79270224063 -2.28005619493 3.05212599994 2.09468161086 1.95577847945 -0.205002462289 1.32051413095 24
51 8386.53398878 -2.3732084493 -2.83959131112 2.48154444388 -2.95067421516 3.05648353698 0.604664289343 -2.00651643581 -2.10679769081 -2.69745705654 -1.11211898681 -0.444149965517 -0.929821052072 2.85976058823 0.144823083404 21
52 8418.57006517 -5.6526253756 6.63422154854 -2.7328758477 -1.40122871251 -0.850059778121 -1.74257620246 -0.644241722984 2.87316534919 2.35668114167 -2.58943703922 0.28759062934 0.945914040626 0.647319756228 -2.79234635503 13
53 8446.64923944 -5.09950861607 0.511175072021 6.97787160435 1.77197834765 -2.43179614834 -2.84668785963 0.00919781808714 -2.9565626696 1.00973090918 0.667919882621 2.45880791573 -2.7088467808 -2.9996759923 -0.191094022504 5
54 8455.25693018 -7.89187658458 7.07297118821 0.285686631644 1.9319800963 1.12832446718 3.13553133629 0.810366406375 -0.850632540672 2.1469049523 2.3912128966 0.622994585111 -2.25927368028 -0.291680001194 -0.325130317437 11
55 8781.19846854 -0.105314414966 5.84617563762 -2.55904137074 -0.189761899408 1.77832465928 0.151555404887 -2.62199171344 -2.69453848896 -2.14748708581 2.5432713233 -1.98033926725 1.51664075967 -0.809945078978 -0.333054249561 15
56 8920.2500935 -6.36134056064 0.217863945624 0.0293555128834 -0.963191405669 -1.66139177232 -3.09053068274 1.28763709354 1.06675138043 -2.60041545642 1.0451780439 0.996060371658 -1.60206019832 -2.894016477 1.03274525468 2
57 9021.91073174 -1.37761951831 3.347893439 1.63908066002 0.326831811129 1.27767280396 0.893841080991 0.714743523006 2.35667232208 -0.191442398498 0.840298959334 2.47758171386 1.9250596105 2.19863371302 2.7749211253 3
58 9217.56633851 -8.71524435132 1.82573322857 2.24115957317 1.56685146929 1.0699851199 1.22946585117 -1.55678961315 0.366481319267 -2.19143591542 1.5028059181 1.86495128964 -2.5123613598 3.05876164588 -1.24088779214 2
59 9287.56761384 -1.03386148076 6.24879015344 1.53643788926 0.321169933017 1.57187732586 -1.90340445421 -0.336067770083 1.75932355281 -0.21813559161 -2.25457571958 -1.47495878671 -0.876091316565 -3.0579212785 2.33423646827 12
60 9332.52293966 -5.03481755382 4.47011271296 -1.16067010754 -0.909006806 0.781499349873 0.495298695601 -1.46318203522 1.69613342233 -2.59475967092 -3.00424232522 -1.55148159249 1.87343485816 -1.50074359634 2.975897952 13
61 9349.64415143 -7.85817854703 -0.917536004749 -1.47898215979 -2.66162606619 -0.842334083875 2.76272010115 0.731139680689 -0.197594184127 1.32460452776 -2.89776525033 -0.797396548563 -1.99459082291 0.498272973122 1.29543475769 25
62 9379.390439 -9.50015164346 -0.0639760844261 -1.10138694294 2.1725856713 -0.421539376921 -1.31542812938 -0.191816514064 1.8569397991 1.51091509892 0.782085730254 0.685415090396 1.09194348081 -1.95817496291 -0.408023809596 7
63 9623.80840081 -6.80469239795 4.15886610294 -3.41956120313 -0.699411816177 0.617298472333 -1.64022794571 1.88870777842 -2.99477652418 1.35579055727 1.32906980196 -0.856722079952 0.0351820760193 -2.75592731723 -0.73631344681 16
64 9646.22122434 -7.62863447283 0.384074125102 2.95679179598 -2.60286951256 -0.446254512928 -2.9806811655 2.23381115315 -0.849550677006 -2.73548075111 2.51033058646 2.01513503953 -0.941570880426 1.97646183687 1.77072380537 2
65 9847.78825299 -3.8756211157 6.56182330602 1.91647429814 1.70136124845 2.69387113744 -2.96208307256 -2.67221817417 -1.18777187457 -1.92493416855 -1.61867021039 0.368555638455 2.27689748203 -1.80455454587 2.2788422279 10
66 9948.91444416 -1.99545089256 -3.00744284828 0.403628432139 2.15041479911 0.767841569026 0.360416787293 -0.0684147277599 0.68541203072 -1.5904773627 -0.0666017813984 0.813582525391 2.01108139458 2.70005621516 0.705034694793 21
67 10165.495026 -4.85149189181 4.58766325564 0.302573325534 1.07729428998 0.0374659164778 2.66201294738 1.6475889544 -2.33634760449 0.298935014557 2.72875067612 -0.744633757649 1.80998072934 1.23509480361 -2.80434084005 10
68 10220.8681344 -5.11871648859 0.101611945472 -3.22587192211 -3.12588040602 -2.48032732386 0.213337628265 0.89634002488 0.157093365452 -2.49536257772 0.23579273681 2.76846453124 0.161287881837 2.56426339769 1.66809292183 4
69 10264.0793442 -4.48044377247 3.85701688016 3.77750307175 -0.336002545788 -0.682449445754 0.285789369921 2.11321905133 2.07521722163 0.249720978651 1.25177697987 2.36395559258 2.29015252343 -2.20002014904 -2.75790637537 14
70 10397.258176 -2.06443151705 2.32695818057 2.42354512786 -2.88235866926 1.1464441698 2.18140246257 3.04526748744 -2.45823765736 -1.34948311136 1.42764006177 -1.02739214393 2.1510322564 -1.04137953591 2.27087858907 3
71 10406.1594081 -9.26926634577 0.742729991081 -0.643123468503 2.4606513264 2.9777219695 -1.44679068389 -0.465022280901 -2.36900968598 -1.39507851577 2.87973132839 0.52041132819 2.45019645728 0.260402749246 -1.93983153784 7
72 10410.5268171 -8.31855725523 -3.89324908233 1.50932678081 -2.26775960341 -2.21672916116 -1.26128879509 -2.40858801196 1.51343923783 1.76556969913 -2.5785512334 2.66698401731 0.340962767731 -2.0406756725 2.84504641098 20
73 10416.240271 -6.11638514021 -2.66772128538 -3.70592305622 -1.21521177733 -0.10255650101 1.77476981609 2.76291278426 2.1281870379 -0.338573172835 -0.696702766915 2.22599547486 -2.58246757169 -3.0300484708 -2.90833633551 22
74 10420.7586752 -8.28701416726 1.3015329017 3.58812021523 -1.56382411059 -2.5965110612 -0.971241097159 -2.9716163719 -2.31168695711 0.181216586133 0.815531749564 0.071579830821 -2.64775004179 0.884699875423 -2.28367224598 8
75 10480.9391769 -4.94022371147 -1.52435898241 3.33559041894 1.61576979248 -1.5312720669 -2.5076964984 3.12170527002 -2.49158809352 -2.82822695345 -0.805406682274 0.407591055797 -2.5944545547 1.82380496395 -2.80826730281 19
76 10501.0906907 -4.13128302893 3.38883372247 1.10940532621 0.249618841967 -2.66349530884 0.42269307718 2.25204387024 2.65193166991 2.96614150461 -2.19309290459 1.02449086251 -3.06861902594 -2.65358226681 -1.29100479547 1
77 10502.9594438 -0.705869265039 -2.06441289822 6.18352260853 1.44275691459 0.521040741413 0.487475063621 1.10838774787 2.31703410363 -2.91999911637 1.53437052336 1.20894980268 -2.00019404133 -1.60985256926 -0.793052578266 27
78 10570.3209827 0.208870630952 2.93955858895 7.08943605919 1.97792529899 0.486301978833 -0.0173876218068 -0.323383963858 -1.50733725617 1.81124835666 -1.45203216019 1.89926052037 -1.98092377363 -2.82717589158 2.94482994967 9
79 10584.90565 -8.4845357707 2.37809304771 6.14515800151 -1.42695648511 -0.91591016342 2.64917493367 -2.91593619287 -1.99305430846 -1.5523237946 2.70535706446 -1.29668955355 3.04156188981 -3.11279819405 2.46201391364 8
80 10592.6357004 -2.94966745871 -1.3765364961 -1.46522437172 -0.328635876199 0.802368447385 2.1665582771 2.31523721609 -2.39565911231 0.364837922852 0.356957241357 2.16812606402 2.8528989722 1.04492870149 -2.86562087092 22
81 10658.7328732 -1.58446640776 4.29683348154 -2.25882438325 -0.721338674552 -2.55557413432 1.47274332012 1.13658724807 -2.69435538896 2.87638302887 2.70216122252 -1.66882192995 2.36621558513 1.0812690466 -0.344281782122 15
82 10680.0059928 -1.88728401693 5.64760010236 6.49178303995 1.26645975463 2.87424987438 -2.68589282033 3.09823241286 -2.23940262889 -2.40672452972 -2.45221136426 0.79028995789 -2.10883665462 2.7562764144 1.90840402305 18
83 10722.9399837 -7.0934731127 0.446288358027 5.18382850108 0.494720563131 2.24038340057 2.17779789312 0.41548392706 2.98266190721 -2.31317231504 0.0485244689981 -2.08028014639 -1.38040410058 -2.94425064031 -0.251302568643 8
84 10784.4192588 -5.70950623061 1.43385251138 0.141072722108 -1.09410138893 -2.32715398905 0.231693832164 0.331981322324 -2.08004534095 1.83886770267 1.24363675033 1.16880721992 -1.76686288159 -0.480255338587 -0.671086021362 1
85 10799.7741507 -4.84194184979 4.37305273974 5.76163618615 0.279170139497 2.59908616241 -2.39381025692 0.368741443602 0.0667564533108 1.85358838476 0.269729829205 -1.62350663134 -0.6132768614 -2.24369719449 -1.88133915809 14
86 10807.0688926 -1.94967411795 2.13285861556 3.41812537479 0.950307682458 -1.924341777 2.71955284832 0.900928177982 0.515482002084 -1.56973893085 2.84339806701 1.13796677038 -0.205112202213 1.21200163952 1.78823729291 3
87 10842.624852 -5.94829363704 -1.38793302361 1.32775109193 1.37165536814 2.39829015035 1.38845746427 1.22708381361 -1.03893418647 1.21753750017 -0.483514698648 0.898704159408 -0.109056195841 -3.00998191124 -1.12418995679 19
88 10872.9913648 0.689016542221 0.0363697941939 -2.18255072336 -0.835894818344 -0.232413348542 1.24682248853 1.84721931321 2.4330963357 -2.35892353667 -0.612759484631 0.107547174731 -0.376572380544 -0.962184748165 2.14677334518 6
89 10910.4284417 -6.34029379405 1.0192717612 3.00299829204 1.28857007523 -2.84195974956 -0.829249624688 -1.50328975594 -2.22677714124 0.609214834519 0.722110428822 1.40873524519 -0.452018666854 0.071074483487 1.49698817906 2
90 10929.2079272 -7.89325721502 5.88381928133 -0.802292300523 -2.9664199581 2.59302192001 3.06939353562 0.349882311187 -1.90108510871 -0.213892562814 0.890778923728 -0.592087591295 -2.36507930764 1.86382595522 1.34473163735 16
91 11006.2365018 -5.12217315121 1.41849962736 5.48324856069 0.19999423471 0.390537115185 2.65566987064 -1.60486342226 -2.96426889586 2.02082879788 -0.580936172992 2.35894185834 -3.01361851891 -2.05644592326 -2.66623769293 5
92 11015.1504953 -0.70244612151 -1.30926790574 2.11048433248 0.385356934389 -2.88825692149 0.603352453313 -3.10908344263 3.04288203167 2.13367961453 -1.19880105522 2.7568602033 -2.75606837766 3.14056470041 -0.91669740125 21
93 11031.6543809 -9.49865209124 6.11936532271 0.74456282145 -1.4239000403 0.408521720151 0.547646226085 2.42887948675 3.00577592566 0.438034420981 -1.6373033256 -0.0855663756966 -3.02258579473 2.984556496 3.12378299402 11
94 11037.2858503 0.328746390063 1.46723545832 0.794665175669 -0.0408470579186 1.98362036906 0.468805766123 -0.0827899722389 -0.186731528491 3.1092805574 -1.87609057556 -0.879493263682 1.12634015667 0.66839543321 -1.15805740004 3
95 11093.8281389 -4.74574679726 2.1945898185 4.6855241873 -0.00416303043501 0.984752051259 -0.967376670488 2.86017950841 -0.849337511596 -1.08068076902 2.65961743555 2.8185659934 -1.15626169262 -1.20675302656 -2.87025562106 5
96 11098.2536831 -8.29144189062 0.382361034383 5.95682443245 1.2740164922 0.217943558544 2.28124516021 0.145456563982 -1.97153276874 -0.583205030016 -0.796903788116 0.0311425016381 -1.07992582337 2.40532371703 -1.41403463498 8
97 11130.1264678 -1.91632522618 5.3004315762 3.49336874293 -0.329125933689 2.97812250019 1.62467674851 1.59846129817 -3.1220559295 1.27290901855 1.53212615914 1.09747027458 0.964682150875 2.91460695229 -1.26685578954 12
98 11154.1496559 -7.43655888759 3.7089519603 2.90432436968 -2.62893785364 -1.70776230042 -2.00290810896 2.36677067935 -2.805444937 -2.02041501972 2.87787268209 -1.07689695965 -1.35099484743 3.03931619319 -2.698484736 11
99 11199.1051539 -2.93222074202 6.25996503317 7.13483311819 0.930046275236 -2.6394340916 2.77460598609 2.35343699146 1.72411542064 1.19727125929 -2.98396754538 2.74794721419 0.271332118548 -0.650687430095 1.39669423531 14
100 11295.3006717 -6.66128452944 1.64147037018 5.69996503417 -2.01051866374 -2.25554624892 -0.783057059641 -1.6446995551 1.41701639433 2.02704595324 0.320553733904 -1.41032487317 2.41393066118 -0.426428701593 -2.25876118617 8
101 11309.9595682 -9.71915240638 5.39362914261 -1.85993331001 0.470903678733 -0.692871249073 1.53464411218 1.09160284695 -0.106455042254 -0.205623333811 1.41968319462 -0.467860904955 1.05827108892 -0.927239399563 -0.808907663343 16
102 11365.5423375 -3.83859707154 -0.636398641324 -3.05081637278 1.93831369741 -2.73047678419 0.17048766159 -0.0682757984086 -1.83295904168 -0.282414512126 0.660166811262 -1.10018688968 -1.98439102761 1.64952556809 0.290226981424 22
103 11542.4431489 -8.09769241412 -0.790694422235 1.18944720727 -0.189941937943 2.14535214232 1.84012387305 2.46203246687 2.7847809056 0.300756828738 -0.221978886719 0.945664294261 -3.0595820818 -1.37992795033 0.332952216747 20
104 11596.5708076 -7.24120748649 4.55683277286 1.1160218516 2.83039068754 -0.355882244773 0.0180716120202 -0.84730508727 -1.52032525086 0.719611212541 2.45198874479 -1.46427441288 -0.857432915975 -0.883396200319 -3.12614935814 11
105 11641.9251362 -0.613173728995 -1.44872985646 1.74239184586 0.6087888503 2.86628255258 2.16045155014 2.77783564418 -0.790971392718 2.26387739714 3.0899104299 -1.2316442166 2.98400445048 2.56276533872 0.998480412061 21
106 11732.9214037 -8.47785563665 -3.54336888273 7.05020613748 0.580930670664 -1.77501656929 0.980761029235 2.96915956591 0.829901003179 2.39595995942 1.23705257896 0.787326280109 -2.82148847733 -0.911498491268 -0.196525392137 26
107 11751.3303025 0.219794345763 0.103469622931 6.8402744817 3.01233380451 -1.28639909069 -1.23640290395 2.45280176694 1.65256053948 1.94943139835 -1.52742250591 2.48376003075 -1.24862685314 -2.09626282038 0.201160093947 9
108 11772.6840856 0.62324284156 4.92375733846 6.48775358823 1.3526024538 -0.533903100484 -0.577493854965 2.31369089349 -2.37516430727 2.4120241191 0.394071360926 0.976012025236 -1.0493205148 1.33830595059 1.26104386507 18
109 11794.0816097 -6.18369057873 -3.89695292645 6.67783329127 0.209935091663 2.10271237471 -2.07282491704 -1.2497729888 -2.80531254509 -0.297841299228 0.20747119361 1.81985691558 -0.687379375599 1.18782361218 -2.43490199856 23
110 11897.9299385 -8.04452259565 -3.81426112091 -0.364743137053 -0.289469874765 2.23670571235 0.595016671621 -0.336595707097 2.38094904245 -1.9931485818 -3.10030563306 -0.0559508779555 1.86386788325 0.32392663287 -2.13356347369 25
111 12060.2662283 -6.74025671833 2.49377729944 6.22861268632 -0.811356048151 1.27757418684 1.1282274736 0.833512234549 1.46270973551 0.498001006838 0.875838783777 -1.78804726936 -2.06943566059 0.306012035054 -2.5981165335 8
112 12354.2077339 -1.02341922065 0.413741303641 6.62126864173 0.283313027674 -0.374625524494 2.80947460934 -3.12068394538 1.28009024509 -1.49428566559 0.693002340092 0.579491247728 1.18773555212 -2.60275383392 -2.88096524866 9
113 12586.8735749 -7.40355934353 6.0045124544 2.8395489438 0.869830032737 2.53928627407 -1.99753218866 1.10042272862 -1.33739740871 -1.63000621576 1.47802709768 2.04896419781 -2.73065049463 -0.874943864725 -2.47304099379 11
114 12611.9385905 -7.02910024184 3.63237728022 6.45168193451 -1.32575271281 -0.118177983862 0.313153141147 2.94764557168 -2.78560900849 -0.78923868213 -0.805987553245 2.08846761096 -1.80699079443 2.14253328149 -2.35388149206 17
115 12846.6412607 -9.39232596202 1.80752573059 -3.12348562196 -0.86840573075 -1.97629377342 -0.849394065679 -1.50919185261 -3.05948175553 0.565985639982 2.85551478385 0.344568933728 1.81036891053 -1.21918593756 2.6123549428 7
116 12966.400517 -6.60809058831 -3.67953402467 0.930992473967 -0.156222221814 1.31123118862 -2.73887629295 2.08453426066 0.147637073543 0.852395053186 -0.32687625784 0.115626419242 0.21895802089 -2.98467979848 1.89179972187 20
117 13027.5697199 -3.86081381835 -3.66634495155 3.67093311121 0.191376374733 0.388070789201 -0.92296543585 -2.42000705878 -1.5584886442 1.6317626425 -0.684803113737 -2.63480284008 2.44971691913 -1.82378066528 0.448111613052 23
118 13074.0450517 -8.65019638389 -0.761491114827 6.13027824086 1.82058248988 -1.09232087233 -1.00963199615 -1.84973385099 -2.22420977019 1.00413268983 2.6689707922 2.28333193887 -2.82368530087 -0.422018292543 -2.2647785426 26
119 13144.5709312 -3.59248817268 -2.5007822504 -2.24695967731 -2.16526706249 -0.791174956338 0.238691644202 1.11105279067 1.2081587567 -0.801185547354 2.45658299985 0.742301564702 1.88936519664 0.295409834745 -2.82215287473 22
120 13458.3364609 -4.05223447939 1.64372869233 5.01671488209 -2.57724155204 0.40389716975 -0.871186266116 -2.74583842542 1.52262085414 0.803667476196 -2.76029391022 -0.576007340821 -2.98353429653 -0.231786818082 0.548234672254 5
121 13656.369536 -2.33310147334 -3.87539232606 -1.18802560035 2.0696755794 0.510698867827 1.64682579229 -1.22801346832 1.03806025251 2.41473584153 -2.8512988088 -1.6603298804 -0.685094548356 -1.68999097885 0.75880026012 24
122 13938.2494306 -7.04742406765 5.18162166509 4.56883504065 1.47909299205 1.87766738271 -1.39600295495 -1.33721245207 -0.273813379955 -2.64677254561 1.58250882712 -1.308768908 -0.748681709407 0.268988151204 -2.51455306062 17
123 13987.2927742 -9.06712233082 -2.82711064763 5.13035283325 1.04730695433 -1.90440126121 0.125152491014 1.88691029548 2.43931554692 -3.0952123575 -2.5983875918 2.44609322327 0.354982000675 -0.455752125915 0.0965966971307 26
124 14043.142281 -9.66820699495 -0.326617550384 6.70851373624 1.76561876781 -0.407582708523 -0.640256051368 -2.78247103419 -1.05804887932 -1.11523465348 -0.176989355861 2.09637105272 0.93940504421 -2.48540335894 0.259480942829 26
125 14113.3182563 -1.01397384398 1.50981733861 5.47556357655 0.703652894672 -2.39039282881 -0.517646162729 -2.43650015932 -3.10204083837 2.57819709571 2.17400294939 2.69996307448 -2.81666578573 -2.57567623397 0.0355800096213 9
126 14383.0484283 -9.38353412987 -1.63994075554 -0.297237468118 -2.36504725482 -1.89435882164 2.05145531115 -1.13540627863 -2.66802694157 -2.07515951825 -2.30074867022 -3.1385648095 -0.825842996449 0.432065722114 1.50899518747 25
127 14401.3519514 -3.67784974199 7.03517305062 3.60753959009 2.07014984976 2.76386721056 2.334155909 -0.717052220546 0.476208851782 0.812508286994 0.0884764079653 -2.13589004974 1.58245776134 2.52262757488 2.98071701908 14
128 14461.6168189 -3.13896493064 -2.5333611035 5.29893426862 -0.239474014177 -1.52442391605 0.289086712922 1.06682553604 -0.653761401392 -1.43797952831 -2.98858686353 1.7029977409 -3.14102938251 2.51605948819 -0.139546747303 23
129 14563.9834658 0.465876135564 4.33675628713 1.39717759987 -1.28491875993 2.36947676202 -0.10833898296 -0.779049192223 0.192348051982 -2.96831065861 -2.38144072421 1.24107434554 0.183372692293 0.875451506725 0.608242879393 12
130 14682.646192 -1.2085092808 -3.85767625132 3.87795475019 0.386597889524 -1.31820758437 -0.638616407771 2.6063887828 2.32206041704 -0.837508695487 -2.42900267683 -2.93051516293 2.45096561751 3.10159253683 -1.16663829839 27
131 14860.3035551 -5.1109334961 -0.342697058784 1.25988703051 -0.98240972205 3.0555899637 -2.08468062336 2.50984639293 -0.796684360015 -1.67225203958 -2.36774602696 0.0899902616315 1.41449973837 -0.0120329269961 -1.67334048735 19
132 14996.9031715 -8.13225079861 4.33414883936 5.76464656963 -0.867319064441 -1.30160538051 0.209896451583 -2.71185138547 1.08075586147 0.847628498572 -2.98212975663 -2.86297947433 2.7392902296 -1.91397140772 3.06390534793 17
133 15004.2659409 0.314828564996 5.81754395905 2.69644787083 0.111660188082 -1.00774685798 -2.40566885594 1.13875809481 0.390236382572 2.64302760314 0.388953665668 -3.0080432694 1.13179021037 0.914004026003 2.6459980929 12
134 15106.4539967 -9.55854723886 0.439937950934 -1.66894596217 -0.0823471255583 -1.58719297171 1.77628811429 0.652323054389 0.451685643046 2.59203727266 -2.523250307 2.09858070409 -1.61855903306 2.61317924091 -2.15473539671 7
135 15135.8495554 -2.39994985507 -3.00703107317 -2.2955556036 1.00266262193 -0.692061607425 -0.788306742738 1.81215249662 -2.50284727018 -1.70355301626 -0.317234119158 -1.08849396967 2.81533209285 -0.920586093504 1.22117542819 24
136 15227.9037875 -1.20109783577 -3.32346210036 5.4501358858 -2.07476460503 1.78703600006 0.274129618373 -1.85345282877 -0.598654592379 2.99894505749 -0.533231646784 1.06631215973 2.06075477028 -1.55725373243 -1.49939699842 27
137 15328.4818753 -8.61285785147 -1.35476337124 -3.09372363274 1.15925871491 1.49935833789 0.431028810442 -2.45862295103 1.77381042249 2.66095986848 0.1170559014 -2.5935550371 0.115541155209 -2.96435516847 -1.69938546619 25
138 15555.1579758 -2.09100783512 0.733719361378 6.78179614768 -0.892099548288 2.59903617118 -2.0913984848 2.65204811281 -0.768491834525 -2.74992828305 0.857021441588 2.78196604078 -2.20158620811 -0.864030778214 -0.944597141828 9
139 15595.2442612 -6.2450888474 4.05233199013 6.2258436262 -1.96337589025 1.09650646638 2.72809508906 0.69519574604 0.0196192581476 -2.48214443678 -1.60077463668 2.21767221854 0.858289600078 1.92912609791 -1.37197446202 17
140 15680.9999572 -1.7090646865 3.53648715964 -0.402575476266 -1.5788555468 -1.88834013822 -0.706251018988 1.71323723974 2.40889228805 1.50861568803 2.17333173453 0.570820211744 2.01777779405 1.04025995406 0.156203306937 15
141 15818.2705208 -3.10509655839 3.27087532018 7.13165739711 1.448334344 1.94446735547 0.346246918494 2.58922437761 1.19115655688 -0.0698092349104 2.63070534377 0.663213165209 2.61476483587 2.26393632864 -2.57418600615 5
142 15879.0082999 -9.79250390303 -0.879747194387 6.2116340296 1.84803914467 2.9101717085 2.51072169684 1.96642005523 1.94550469706 -0.940618256129 2.94746463398 0.158039309831 0.406241330341 -0.814370763949 1.34901457136 26
143 15891.2606915 -1.38427821385 6.13065775458 6.99241817071 0.863016188132 1.20662062728 -0.756829225164 -2.89619531073 3.11008421833 -2.34923006003 2.92391701603 -0.129243701294 -0.779668064872 2.09214034467 0.499314008678 18
144 16310.6709057 -8.11715314544 6.76553417801 5.77958324094 -1.17908874928 2.99586596711 -1.09332968653 -2.03776470956 0.444738054165 0.892386996896 2.5018789554 0.658523861183 1.00977915056 -2.72069413882 2.1351197274 17
145 16350.4916899 0.676766043396 -3.63701345817 5.44850535319 -0.640653855737 1.08227697917 1.40895871259 1.76248820658 -2.27759238073 -1.77944349506 -3.00844307114 1.46690631927 2.38778814895 -2.54281421942 0.75555872691 27
146 16413.7417844 -1.09879358072 3.81851328258 6.53330557818 -0.712962290958 -1.66621953714 -1.17688544774 -1.60093587991 -0.0505148651375 2.58441101072 0.834110185423 0.698908878191 1.15467344017 -0.837941554504 -1.19594473567 18
147 16449.3055378 0.23187239557 6.77878729955 1.95115242046 -1.81644873943 0.703732082197 -1.72531077532 -0.745869085749 3.1362650898 -0.323501466471 -0.319032812728 -0.779667022756 -2.86102993501 1.05741379565 0.623053062999 12
148 17936.3897847 -5.19645920284 6.71732885651 7.02895484288 -2.01895097188 0.0352544513307 -0.905643101892 0.452442306669 -1.9402502086 -2.62949033729 2.95787915891 -2.79929015344 2.54797938899 2.30775311746 1.58922889255 14
149 18492.4658655 0.84137457489 5.33293597752 6.11436862117 -1.91498573154 2.5114725938 1.2225610259 0.176714367518 1.91416982196 1.72041896538 -0.139491881639 -2.64670243913 0.15341499367 2.69382971007 -2.01132540133 18
150 19726.3380199 -3.44807240622 6.86956236616 5.24887751835 -2.14698408471 -0.599965725265 -1.40945105254 1.44464560863 -3.04246144328 1.0175920584 -2.28684652856 0.11546533488 2.06419218701 -0.554431364012 -1.0012481625 14
