 0.706377977264 0.472580684559 1.22356644592 2.7574079484 0.306398982869 -0.905697736111 -0.489912938781 -1.46436180612 -2.51553729432 2.17194967641 2.69626774497 -1.39009470481 -2.11596470567 -1.09637520034

1 1256.29751831 1.59681490935 2.16331438913 -5.35638575893 -2.87764318622 -1.15044092011 3.11159431863 -1.12671261573 -0.0414776030744 1.25137930712 2.10490996533 2.08102596863 -0.0911946454628 2.47767049752 -2.05570893968 15
2 1832.34307538 0.844528689131 3.10870234051 -5.79471194792 -2.11553701487 2.736821431 2.37851239681 1.65797727436 0.703225182786 -2.40696187748 0.951130860794 0.720836962532 -3.11177581974 0.976975699373 0.474361392459 13
3 2925.66724599 0.664502528695 4.97176686668 -5.80301711176 -1.11850939864 -2.87832213895 -1.42703472828 1.51384134163 -1.0462786869 2.58153039661 -2.88863794653 -1.19419192816 3.12192194418 -0.932778077729 -2.52502519048 13
4 3105.04219411 0.662378589865 -5.78654929708 1.88041524602 -2.90885508551 -1.41479195564 2.19251876958 1.83212843283 -1.51040519199 0.424187314886 -0.77737334283 -1.1349180433 1.62923310597 2.63857520059 -2.22123320986 23
5 3228.99159351 1.38018734822 -4.41123884317 2.04929628137 -3.04607542116 0.935816002167 -0.69196269157 -1.75219682899 1.98437141839 -1.79250680765 -2.58865998296 -0.596034382219 -2.78368232152 -0.549798060406 1.42834979453 27
6 3374.20436987 3.56651954244 4.36325474323 -5.66412184167 -1.24041786481 2.05841946311 2.70127407337 3.10591058368 0.984268977553 1.21712496294 -1.04810855766 -1.25117629227 0.320017423817 -2.87555188085 -1.05142735154 15
7 3545.92125189 0.76497489897 -0.661816324235 -4.38007391637 -1.29676099681 -1.7270356094 -0.854447011621 -1.17269633787 -2.97776474176 0.088525066789 1.22023548509 2.75462197085 1.82530358236 2.40325206746 -1.55880803313 4
8 4229.58716428 -0.334601819874 1.80194696784 -4.88918041032 -1.84813145801 0.315736679429 1.09615462725 -2.49614434978 -1.75986568719 -2.93666836437 1.90555452201 3.06958798403 -1.82588091115 0.94374794764 -0.00286676797029 13
9 4285.81648729 -0.215264961889 4.30988210388 -5.29221692054 -1.33520586091 -1.61769876955 2.93615286497 -1.87727500064 2.74933917278 1.25573482899 1.55722556157 1.68185687905 -0.624283774679 2.19076534719 2.23499502264 13
10 4667.63032959 1.48215792372 -3.98570346404 -0.896827813744 -1.66488841819 0.914316111131 -1.97321273546 0.48024998784 -0.444625181967 -1.37677601098 -1.53904141721 -1.73948212145 -0.685802037053 -0.3338220825 -0.343679029588 21
11 4940.26796093 -1.6673642921 -5.00334578107 -2.83770124214 -1.94745660117 -2.83227723193 -0.471089902568 -2.06295535245 -0.691621142331 -1.43410460372 -3.10718801401 -0.927204760655 -0.84443665876 0.306690588281 0.240877177215 19
12 5067.01959325 -2.62263723113 -5.59964826043 -1.41386908646 -2.35668911149 -2.88748778765 1.10635507692 -2.44171237454 3.09379569812 0.481495711544 1.78506919107 2.00310076096 -1.77289481371 1.82001675289 1.1841118118 20
13 5117.54434133 2.64806308986 -2.13457436011 -4.04344179099 -1.96281557557 2.60091352102 -1.59930800434 2.43626164424 2.89181730664 -1.40329095924 -1.19956509652 0.68751994921 -1.5150460437 1.17819408385 -1.88339880731 6
14 5177.07109492 1.4614220849 1.46682291275 -4.82121816989 -1.63955325774 0.231815782887 -0.842121316542 0.642967914235 2.24484856964 -0.411430323355 2.84756803093 1.03723650334 -2.70421923655 0.518618872105 -0.791410864035 15
15 5274.2997789 1.73568379905 -0.885104736698 -1.0108723236 -1.74656112726 -0.490000779688 -2.4664090712 -2.06179899443 1.40256258143 2.43132941362 1.01036271343 -0.579893476803 -1.57016201763 0.171964458304 0.0451367367763 3
16 5494.62321406 -2.56499706018 1.70834566268 -1.91096690785 -2.53436849074 -0.91178649691 1.05931350078 -0.720963012447 -0.493547580917 -0.305260816793 -2.56625669699 -1.55980160204 2.89455666796 -2.17307748448 2.91019473182 11
17 5609.7040813 2.80333839492 2.98955902055 -6.66817595882 2.16751508138 0.663814312004 -2.53515967897 0.454733118853 -2.48813717964 -0.89245053102 -0.269889695397 -1.51242699136 3.13475690891 -2.83288539855 -2.31577003668 15
18 5686.42360743 1.04057254403 -0.360709037915 -0.879526803092 -1.53537150508 -0.385543346033 -0.0692453717393 -1.58853006271 0.205648090465 -1.4693390554 -0.799770107392 0.0878911128354 -2.19286912183 0.543990048662 -1.07670042642 1
19 5717.11323665 -5.11775750736 0.431731686559 -4.09068143872 3.10556640659 -1.09933215985 2.98513837515 -0.0568100071567 -0.950572920794 -1.21699736592 2.568502333 -2.89421720361 0.81357689516 0.0553156069186 -1.62984799192 7
20 5969.11716648 -1.08896019599 2.02579563748 -2.58037892207 -1.62028180955 2.48837228042 -0.54463284029 -2.35557962673 -1.06605925053 1.77155835116 -2.84986346395 -3.02797093593 -2.35633533205 2.4585178526 -3.02031821463 10
21 5984.07909698 0.991596940333 -0.500616762006 -5.26722444162 -1.68448757472 0.592419452297 1.48759632948 -2.01810219428 2.57940819349 -1.1403130227 -0.0733057904188 -2.47661698257 0.95558687648 -0.824647376289 2.02866469301 4
22 6048.2159805 0.222825776008 3.09123579392 -4.24775520272 2.82203556565 0.404935822404 -2.76989792844 -1.52227402815 -0.325862174239 -2.71532487548 2.39398643577 -0.456687630121 -0.671540261076 1.35927103868 -0.235815986379 13
23 6106.7841582 1.68947422491 -0.16887628444 0.236365470211 -1.89101928394 -1.59990283017 -0.0468879379562 -0.292238901325 3.03669134175 -1.75703261588 1.4292387975 1.54958717751 2.67356184275 -1.40110505229 0.974044391725 3
24 6478.71837254 4.60261205426 2.88545828492 -4.92430775906 -2.77044685612 -1.60282098808 -0.706458382004 -2.89295452873 0.292284455832 1.22990111147 1.04999494302 1.32925476204 -2.46218175744 0.0549664480958 1.07868750685 15
25 6703.76245186 0.722510130911 0.739378681462 -3.36907173624 1.1445515066 -0.00767015788657 -1.83176725252 -1.80315153085 1.66680814675 2.96589354584 -2.79448952963 -2.19095082348 -2.9039042709 2.83660088472 -2.89680080667 4
26 6714.21675996 -0.589994858521 -3.46577520274 -3.30987228962 -1.32790987727 -2.30261206709 2.48159552086 0.123977619085 -2.13877577414 1.88865542795 1.40352080232 -2.48950487796 2.79548500866 2.35423198953 -2.68411904261 22
27 6741.38673061 -1.66100400703 -2.74648029696 3.71354516166 0.838287104113 2.98191271925 -0.778686097948 1.0644636179 1.43481968216 -1.00994241448 -0.150670151749 -1.30378264247 1.75264108532 -0.145795408658 2.51008714418 23
28 6779.91790783 1.41689488741 1.05250375516 -5.93914754002 0.936034780122 2.76016073881 -1.673958371 -3.09811752107 -0.513577733947 -0.438260249825 2.96461684347 -1.9107760574 1.26435623747 2.68640050601 -2.13833438551 6
29 6881.18750877 3.00332439442 -2.96190693886 2.1645879953 -2.80605856501 -1.68549394987 -2.80990169705 2.7138802111 -0.777459076589 0.352146949338 0.945616927144 -0.182234283072 -1.17522928142 -1.06453206241 -2.29053124907 27
30 6895.48110421 4.09412260595 -5.88302713552 -1.04383692664 -2.2563329332 1.59373463404 -1.58462044342 0.667513968011 -0.327215721509 -0.928654080253 1.2988620447 -0.0774184828542 1.15929002066 1.37277749245 0.641166721201 21
31 6996.15235831 2.56084600131 0.947724623495 -6.56662913363 1.42615452711 2.50392879784 -0.460258042256 1.75680946456 -2.20768253733 1.07223048042 0.894283786355 0.260030707607 2.69018730196 0.129205237305 -1.99870978355 6
32 7151.41466246 -2.60222284106 -0.524147810599 -1.82456515952 -0.818260593112 1.17586148255 2.50051984981 -0.109601626031 2.37648109471 -1.97974875292 1.40513109278 -2.76732427187 -2.45813043658 1.88570034779 -1.55537516568 2
33 7159.27328134 -0.960138207472 4.14087381852 -5.87253223278 0.371601853863 1.89773307883 0.802567902062 1.79597114818 2.42791914808 -1.82885309004 -3.11440945018 -1.6149988509 0.240177334032 1.1467767467 0.61591233914 13
34 7199.36273657 -4.23580245005 4.54634202956 -6.22366757167 0.443633570483 -2.43244051228 -1.49941113904 -2.66833437702 -0.595077825613 2.45670428514 2.63679056563 -2.951486524 -2.83994939236 -1.32485068236 -1.14199698905 16
35 7239.2615662 1.91251475281 -5.65209367957 1.53601596736 2.30246202158 -2.22912316836 -0.325739853114 1.04852169082 -0.786127294377 -2.97132983031 -2.13116448218 0.841965448228 -2.85117078395 -2.17797326079 0.68353029812 27
36 7240.71849845 2.16354514271 -4.35929406616 3.67475305116 2.69707915179 2.01779035809 -0.735240835942 -0.846428654013 -0.0385328511423 0.90322441862 0.772374008753 0.963107337336 -2.22349500676 0.748616397043 0.567678660738 27
37 7321.64392306 0.253729760747 -5.0638044189 -2.56725264852 -1.8900833513 -2.40334321892 3.06742879664 0.0754969062009 0.911210241547 1.40041284378 0.796979451449 -0.729019307676 1.7974722865 -2.07243575385 -0.789226521207 19
38 7431.29773239 -5.06151591779 -4.52529623173 1.25487872677 -1.32436427582 -3.05587828721 2.33514651261 1.55537674812 -3.0319424419 -0.639948725048 -1.37068745127 2.13910022894 3.09791810667 1.67169443825 -1.70366733384 26
39 7432.51153405 -5.34827264434 -5.25970882951 0.388039664711 -1.89859278981 -2.82843362446 2.3566262394 -1.32672860055 1.46644706625 0.99096839787 -1.44229146871 2.32667169812 0.968351277072 0.282316846286 -1.71493617398 20
40 7486.14089222 -4.10081568573 -1.39897608515 -5.96891775974 -0.366604475182 0.568627199858 -1.17831908817 1.80802090217 0.402998168431 -2.93168967779 2.27087660116 2.4059814001 -0.791363736225 -0.216886438644 -3.05945573736 7
41 7594.29699242 -3.61905955597 3.67935516843 -6.4461943583 0.464087093073 -1.10230917522 0.0917066343025 -2.53506831302 1.95335210531 -2.46629726648 -1.35125284863 -1.76596940001 1.7180359298 1.02490240583 2.09559236838 16
42 7617.5171078 -3.02776414092 -5.21578030111 1.53795722252 2.04725914475 -0.929486192065 -0.139365143829 1.88449112096 -2.84724888337 1.0975446193 -2.60808490715 3.09130155049 -0.375104653804 0.446462310931 -0.751994100186 26
43 7752.90220478 2.03135372098 -2.85874027451 -5.05854780189 -0.215634974505 -2.79407280658 0.625444280384 -0.350179006725 -1.84437674533 -2.04309148848 -0.652996143407 0.125398941794 1.28506555511 -1.38748426626 1.24539822502 24
44 7824.41125924 1.65632585608 4.2263403375 -1.48472461917 3.10674623958 -1.91370568544 0.889914499682 1.04384069108 -1.46153552054 -0.464008198402 -2.93625086617 0.166275618624 0.406591642572 -0.875523571967 1.51628822669 12
45 7991.887966 2.78461892452 2.95397507908 -2.17736308984 1.49176980088 -1.49310136264 1.96090217113 -2.89038733072 -3.13804449595 2.67811488488 -0.132921015878 -1.26193378819 -0.679153872743 0.457086142285 -2.66959287701 12
46 7994.27224634 -1.99690656104 0.629408704688 -1.78931384298 -1.70350265745 -1.70118085144 -2.13478544761 -2.00543833233 2.10202978871 -1.98997324666 -1.90063391099 0.592134858899 -0.0935563340258 1.60720064869 -2.92478307858 1
47 8155.42352872 -5.53502819945 -4.89315289852 3.58378207439 -2.44478796116 -1.6370782824 0.566630688975 -1.30547637307 -1.76892555009 2.71717183166 0.0998489017389 2.4010331412 2.68772162365 2.68504155369 0.411960247003 26
48 8299.80295424 -2.13694582107 1.71512999008 -1.66682948134 -0.429382711252 0.264238251281 -0.475090438413 -2.66201537159 0.638924998122 2.47808409443 0.186775409717 -2.17506850461 -1.31803899375 2.56172118402 2.05933054645 10
49 8457.59360993 -4.57103543437 4.38440748145 -1.88379164533 0.672806990828 1.01000695764 -0.467213646622 0.256415285856 1.22882312645 2.91302480368 -0.140703566793 2.06374513881 1.20272731624 -1.38185152562 0.855274639727 11
50 8559.33202539 -5.14241325049 2.56404434122 -2.43552645771 1.78457179232 1.73994082125 -1.05590586299 2.92711042144 -0.308485161656 0.0300679910707 0.306498730248 -1.41997966314 -0.944690770888 -2.85352953226 2.53620840063 11
51 8603.96103922 3.14621561755 0.0815528652832 -3.68987830398 2.94520332944 2.23040565374 -1.13072556063 0.325088590307 -1.9603726472 -0.915698473521 -2.48986390045 -2.20706905608 -3.02149638351 0.979444460237 -1.11799016038 6
52 8619.39314927 0.874243793773 -4.67804274494 3.27234044455 -0.545497429674 -2.44703502434 -1.31965269146 -2.61693515881 -1.56200680521 1.93186879501 -1.87725402231 2.82708193165 1.76111075402 -3.09003933954 -2.34580598048 23
53 8677.30454969 -0.0282815656669 -0.423474017308 -5.33066728498 -0.222730646459 -0.24519577255 1.86393031944 2.91862713259 1.28022636358 -0.451604706994 -2.92907997474 2.33124145892 -1.88985810598 0.264536093989 2.64561583946 4
54 8861.03072448 3.31536189367 -4.83207453303 -4.36805711818 0.994651423816 0.444645577054 2.07522031805 1.82020020657 1.63457901441 0.681806307536 -2.21490127782 0.489439288651 -0.175094427933 -1.10934804886 -1.6197289447 24
55 8940.45040535 -4.03137568924 4.55475308358 -3.2950485045 -2.10345662505 2.69698274965 -0.16005434871 -1.73767186352 -0.546668275466 -0.659095898084 -3.12702659359 -0.331096739369 -2.04308123484 0.140285387599 1.58837621665 16
56 8955.60413714 -4.737503181 0.812673728236 3.61459548603 1.26742150711 -2.78198790748 0.251144736032 0.00750511663681 2.6117052024 1.2874569471 2.04022151578 -2.07482771284 2.4586444441 -2.17878582608 0.369832394373 8
57 8965.28685054 3.31947604294 -1.46732067752 -0.0404724223286 2.63463586532 0.725243052885 1.53693897717 -0.0812848905751 1.05071920752 0.169539776541 -0.178603097673 -0.488344565766 1.95136331728 1.43134645335 2.67994791985 3
58 8969.34271444 -4.11396049408 2.99403556561 -1.94038813603 0.417984189724 -2.59417978655 -1.11062619771 -1.39365481259 1.28064441308 2.75394052514 -2.33918823923 2.06222682207 2.21789026859 0.0631220970337 -0.251666945919 11
59 9076.83429696 4.29882053716 -0.201865243101 -5.45398151606 1.52016348881 2.36068741334 1.31326987652 -2.3971619897 0.61974063174 -0.308113141135 -2.89051283783 2.46744301791 -2.40096842653 0.165466260121 1.44658209242 6
60 9200.93135521 4.18209910848 -0.230696633655 1.15207887273 -2.32249667954 0.967629162402 2.45202916121 -1.94760920054 2.70952595695 -1.51572994457 -1.93582815577 -1.74933315732 -2.9704031114 -2.02870648288 1.47303720398 9
61 9242.05017812 3.4307458027 -1.99112714914 -2.6563048677 -0.190050834055 2.37185454931 -2.36081652339 -0.721435989391 -2.06627362187 -0.945408960715 -0.561605848126 -2.80308778051 2.85746407724 1.96909077142 -1.25211411263 3
62 9274.68703212 1.33529860824 -1.35071564745 -2.01731204068 2.3920199123 2.89892542717 -2.7882657389 0.138630757856 1.54893367765 -1.7114973858 1.12155662794 0.530728546213 -3.11427626278 1.53880878713 0.979801762891 3
63 9294.72905449 -4.23598827141 0.262368256868 -1.95540706038 2.21645581791 -2.24675812104 3.10946043601 0.878582618939 -2.69080285269 -1.14581612038 -2.83853972425 -0.663678809591 -3.1333533641 0.93225858419 2.01789391165 2
64 9331.35054552 -4.44152043019 -3.48311522942 3.98064691141 2.6095361374 0.0990070936196 -1.15296588731 1.70965471423 1.87609592283 2.17752761243 0.334323377158 -2.23856794819 -0.0660560881283 0.670504682521 -1.4084544199 26
65 9400.48147741 2.43049851464 -1.85071157637 -4.16162236832 1.60858896202 0.937997416063 2.65823143777 -2.58683042852 -1.22326348507 2.72878996036 -2.02936149513 0.910410750804 -0.994257033985 0.167993321303 2.10888903012 6
66 9479.31265971 1.71273827363 -3.37133580179 -1.89571271616 -0.150138208381 1.26626166028 -2.53828761087 -2.21344553207 2.21166807651 0.270749635641 -1.80645860864 0.133822303759 -1.45086455424 1.45425126434 -1.23464984546 21
67 9512.01067826 -5.16395224273 -0.644513442366 -1.31522284057 0.199550828508 -1.57940909793 2.0223853703 0.454314518182 1.60923792937 1.19626524848 0.353591002052 -2.59325922022 -1.92476999351 2.13618439416 0.0655546152213 2
68 9536.70377915 -2.99910340668 4.2647135995 -3.87651048473 2.05935472663 -0.0383164654692 -1.62229779357 -2.90813387342 0.518810992767 1.51506089893 3.13246434133 -2.5731585464 0.329239104078 1.52402712958 2.81287375147 16
69 9600.51417184 4.42130452522 -4.61140436149 -3.57686232465 0.454654499997 0.337278496391 0.110757916684 1.4046776846 -0.870947737871 2.4734422114 2.74126686914 2.00236304711 0.980843194866 -2.42897419219 2.01250726156 24
70 9730.85625174 4.15210469946 4.10359657696 -2.66110769393 1.84675496231 -2.86450496532 2.00149513681 -0.911944392173 2.39424022166 -1.96686606534 2.1167687497 2.61239628103 0.665925077036 -1.27807320932 2.31623465853 12
71 9941.25685301 4.12476798868 -5.24439240072 -0.958691218033 2.46922422545 2.30950939488 -3.09200663008 -0.594780150607 -2.74146728292 -0.650200617427 -0.336538453763 0.120027850559 -2.40247404296 -2.78980803111 0.0957313578719 21
72 10045.1665205 2.7686738473 2.12523561009 0.294101263526 2.09451056143 -0.284091759045 2.89132615107 0.465873286585 -3.09630531221 -2.24578685707 -3.13534536939 1.19844826643 2.46210173843 -0.777375692705 -2.3440960699 12
73 10059.1897461 3.64416912345 1.75678061099 -2.6837604586 1.69770647064 -2.27331378144 -1.64510970238 2.91245101307 1.03264628469 1.40301209034 -1.34499531614 2.06399768625 3.02398091401 -1.04224226749 0.44737770668 12
74 10150.6611476 -0.976519788164 -4.06304589343 -1.13904481863 -0.852853961367 1.68686148663 0.200710212749 1.87684774738 -2.07756585586 -0.29583513421 1.18281137818 -1.07293776363 -2.5839027491 -1.48609793687 -0.931641517473 19
75 10237.4523771 -3.27250481393 0.700598690878 -0.692141524917 -1.87095775971 2.81581032047 -1.68399093805 1.43219646326 -0.0748629139723 1.01989290674 1.14150601442 -1.57392052177 -0.187969069031 0.330561411733 0.893509592342 2
76 10302.6906676 -4.7395693953 3.13206300114 -0.800794065524 -0.262805421143 0.994647281335 0.969907830635 -1.40255813786 -1.21191335103 -1.19904938892 1.98735433359 3.13398671032 0.656925783349 -1.47217703141 0.875814953825 11
77 10327.5485318 0.190998202317 2.05942778082 -1.66527445775 0.0399979646956 -1.40028778377 1.49148710693 2.34049958119 1.13457512681 -1.4524655316 0.661817461094 -2.26099590968 2.24897404561 -2.33828748107 2.4067511866 10
78 10355.0706141 -5.09397749853 -0.234110187982 2.53488799367 -1.95832135601 -0.0542167325941 1.66368515586 2.74802346943 -1.00522997951 -2.56062634172 -2.51331145822 0.422287304708 -1.26112821648 -1.37043228156 -2.64535002433 8
79 10390.6749083 -3.98914405325 -2.55091665159 2.8153925515 -2.24671461383 2.43484147443 1.97633183219 -2.49295843553 0.748161683146 0.270318430034 1.66208653402 1.5089884135 0.0244047736212 2.23106858095 -2.11667394647 26
80 10441.1513601 2.22174867109 -4.04464582965 -1.13421300887 3.06493219834 -0.38900272784 -0.412112659836 -0.734544532648 1.51328330646 2.95394147348 2.43106998135 -2.62125320805 -2.6150262533 -1.94057322316 3.01523010826 21
81 10482.7531768 -3.11074922924 -4.75954699406 0.476731297157 1.77369262849 -1.71248309962 -0.290027434846 0.658377381729 -2.57385314387 1.97192083313 2.30224480683 -2.78595025942 0.715096554364 -2.6663804523 -0.342355781227 20
82 10572.3577986 -2.27875808966 3.05434811087 -2.36642550949 1.72329560888 -1.08486869005 0.880852073216 2.06487779747 -3.08553405393 0.0278198080866 1.34052959441 -0.175349420099 -2.10517423814 -1.87156325232 1.02474122228 10
83 10601.0755636 -2.29074883037 -4.60992715262 0.248263231185 1.49264875092 1.76846934234 -2.77574804748 -0.125569088112 -0.330643294182 0.596441622335 -2.63433618678 -2.57877486048 -0.291720116742 -1.90003964204 -0.888529837648 19
84 10628.6126669 -3.73453958698 -2.45433882193 -2.30512872325 0.33361592368 2.39668195225 -2.02225454422 -1.18922993599 -2.88485134992 0.635490232579 1.30433449548 1.06079062979 0.0419983825713 -2.37494528328 -0.910358356984 20
85 10662.8144037 3.18837732643 -0.857321037999 0.641310937675 3.04177605204 1.73138281528 -1.83116329332 -0.584706970085 -2.5267918546 0.678626312687 1.96412566023 -2.16904041711 -0.123032166328 -1.98696429605 0.406320321088 9
86 10703.9607915 0.7097149787 1.57321530812 1.36533430261 -1.85308144734 0.149125527112 -0.527237391834 0.0743784274269 -1.54516488506 -0.050969298721 2.61467119053 -1.88939255367 0.756998073329 -1.53967128252 1.50765729513 14
87 10798.6945389 -4.17004892151 -2.12145418447 0.28400942569 1.11565331342 -0.833061754872 1.47911313278 3.03626660652 -0.0588304444721 0.683909436292 -2.24568924004 -2.25434226772 0.241170291621 -1.00930891614 -2.65512147132 2
88 10929.196684 -2.58190309872 -1.08540430537 2.66210911328 1.14526110758 3.06085607281 1.53540022051 -2.9228212316 -1.54545463509 -1.73320772579 -1.06241319466 1.36649400733 2.41158657718 -1.51345635046 -2.1363868678 8
89 10998.6922291 -0.816509023561 0.646758831555 2.03290599385 1.97146100895 1.58511544391 -2.51729529973 -2.75736579839 1.45076253644 -2.62667413843 -1.78519635515 1.75920222832 2.06537953394 -0.906549768924 -1.44886671262 5
90 11036.7742582 -0.997222540213 0.511594747377 -0.535621738993 -0.654853828872 0.402547040846 -1.96908536684 -2.54798225725 1.65218204409 1.03019697076 -0.6999401761 -2.51421001193 2.07667449883 -1.39614550875 -2.44405481405 1
91 11116.3627276 -3.47286164362 2.51494493766 -5.32128145608 2.04792312597 -2.40486817827 -2.67124287942 -0.805504643647 1.30153680781 2.12293755777 1.96715574219 1.72114033824 -1.66716610572 1.56381547665 -1.38448640117 16
92 11168.1986951 4.22117405256 3.28037329798 -0.736921250416 -1.16787419903 -1.4839588671 0.765086522126 -0.524002898489 2.15182920828 -1.07175271072 -0.966753031086 2.33378305345 1.66048937869 2.03535303776 -0.351103652584 12
93 11229.2069382 3.36639448625 4.87145636414 -4.67220040611 0.783930892581 -0.605335299326 0.608644526698 2.14308058794 0.74427563615 2.18399650517 -2.33271189388 1.96073803186 -0.496036366804 -2.24550257405 0.949167438376 15
94 11229.9208513 2.36952242456 2.97905151482 1.62572971046 2.52263398038 1.39339784123 -1.03248775892 -1.4459191537 -0.37884178741 1.99573134523 -2.07607387196 2.84796869573 -1.29472734817 1.92599371103 1.13431403659 18
95 11279.6581984 -5.26998832054 2.30990356972 -1.87237213863 -2.23100154472 1.3056769488 -0.458589067413 1.09170729924 -1.06708406466 0.560696490453 0.823383635463 -2.23409567118 -0.534157755639 2.05230805904 -2.38620202479 11
96 11431.2106066 -1.93876511971 -2.24680873846 -6.53198449676 0.0890303308367 1.80746804055 -0.47004127085 -3.12299045097 0.515999479194 -2.69321217158 0.750414111156 -2.13077984026 -0.397852965463 2.51894392463 -2.87343098972 4
97 11570.6594695 0.166804333704 -2.62800640777 3.00450174977 -1.49304810868 -0.728122168735 1.04265268222 2.25356984581 1.78648446688 -2.88805860236 1.73232057609 2.07742748415 -2.0108244699 -2.40730073356 0.44421633453 23
98 11575.5864622 -2.03874472713 -2.6243034244 1.15879872982 1.94732987039 -1.30028417405 0.424349164929 2.32982601089 2.28842626363 -1.06233839296 2.48770549344 -0.741790572804 1.62914457156 3.09212922202 1.38455478732 23
99 11818.4195625 -3.78523420622 0.490291074502 0.753498427019 -0.919298974062 0.317792442232 -0.622184682409 0.141199858055 1.1212382414 1.77196106336 1.56639176208 1.64495880169 -0.090483659916 1.31607481821 -0.312997987878 8
100 11966.2002956 -0.874003554043 0.211836132474 2.29857125728 1.56798209539 -1.55188382326 -0.370461907936 -3.02563784481 -0.926547302416 -0.262812209589 1.64192763747 -1.88312628594 -1.29391318486 2.31387698558 0.704064612285 5
101 11978.5902085 -2.78447891808 -1.10794237201 -5.87485745793 -2.47628957663 2.57102669328 1.94119460364 -0.19598816677 -0.58641226064 -2.8828996321 -0.283827446067 0.085534703214 1.19099256146 -1.2463944726 0.888956113476 7
102 12164.5288063 3.39516892985 1.97691006534 1.5400608704 2.77927992452 -3.03143238055 1.33098143231 3.10681997914 2.15589680238 1.63022059699 -1.74691493101 -2.86957228904 -0.598565192463 -1.54567995987 2.76682975849 18
103 12235.7538744 -3.99063407202 -0.116538724867 1.00952355744 2.5168226649 2.90292872983 -0.915213345917 0.932915292755 2.47338509118 2.48887203429 -2.38637349507 -1.79546620743 -0.775343377855 -0.691042256957 -2.60255551824 8
104 12308.446219 -1.64006328333 0.839900385786 1.63629094502 -1.96457127395 2.76669261561 2.34669861537 2.12190288744 -2.24839900462 -1.93584576792 -2.43536622875 1.53537977763 -2.66204511996 -1.06892237476 -2.43310452609 5
105 12583.9136487 1.77197988843 -4.69502712534 -6.40886491826 -0.640492132372 1.96438724281 -3.10951752196 1.29760164344 -0.168839389644 -1.82613260378 0.961371198101 -2.43834341104 -0.23073679908 -1.38963088787 3.06002657829 24
106 12624.2401932 3.88325790458 -3.5816304736 -5.9840456858 -0.766273817229 -2.41050682487 -3.13769494359 -0.0686924004665 2.58648629933 -1.64976030709 -1.93360439567 -0.860732281094 -1.35725416604 0.356308121245 -2.5359574071 24
107 12669.0617294 0.952695152209 -0.396495342428 -1.88927390162 1.4857574567 2.13182279327 1.42120119587 -1.09187429897 -1.17874903287 2.04314712066 -1.62291267185 -1.24178918156 -0.858077844136 0.741761471798 -3.10786202233 1
108 12753.8734076 0.177665159694 2.69147708082 1.47833536522 -2.05072012483 1.6376153016 -1.69176205629 -1.0619837992 2.69162657723 -0.477521145626 1.63267493186 2.14291434624 2.59608180486 3.06819378146 1.42045686144 14
109 12810.8396107 -0.920737866423 -4.38923843239 -3.83390294291 2.24918702577 1.92196339884 1.86424846165 -2.41091024943 0.320520772954 1.75569897842 2.48855541503 0.177551617375 0.785005779081 0.972249562655 1.93799754222 22
110 13073.5803519 -2.0071846934 4.30146468971 -0.271176436905 -2.69482789867 -2.487071176 -1.12497919297 -0.0779378592751 -0.109272015331 0.929547524828 2.16968762181 2.89075401038 -1.61910043594 2.75443990387 0.099269297106 10
111 13107.0984063 -0.0592017698288 0.517471405378 0.132597567352 -1.27454136899 0.207350374936 -2.95010095938 -0.951448588599 -0.594299907381 0.80606873891 -0.280320061342 0.53433129152 3.00592946295 2.53663620492 -2.31624092738 1
112 13113.6579651 -4.1137599377 -1.28301117936 -0.520813649159 1.41142549169 1.7212637326 0.377775949214 1.73620913958 -0.268181872209 0.290662019239 -1.37060388877 2.73621035048 -3.00790807323 -0.705887603311 -0.497736064605 2
113 13491.8112924 0.93850966007 -3.2518470933 -1.24465845243 2.64382644183 -0.113872905271 3.09484431349 -0.0362392628069 0.997037348813 3.00349041154 -1.18407148447 2.80801365132 2.28466511186 -0.513394247784 1.26585595898 19
114 13643.6260442 -2.05192331227 2.95317588958 2.53768742189 1.68615926892 -3.10716595851 0.822308202594 -1.86521203712 0.792565977964 -0.79023094707 -0.399789480672 -0.738098079444 -2.59779585704 2.86617377603 -0.47330191707 14
115 13741.8377831 -1.23456204995 -4.44370320512 -4.35408319296 -0.00687718214309 -0.192866890607 1.9061171381 3.04432849836 -3.07717174249 0.27968701529 -0.0370123555893 -1.5830243247 -1.87132062286 2.44441581557 0.885845228072 22
116 13777.9302865 -1.75215940895 -5.36897815002 -4.9735488365 -1.32435075172 -1.78620436914 0.17269474946 1.92292443886 -2.6112508033 2.00257687299 -0.17803847458 -1.91907950248 -0.132146212208 -1.75885553916 -1.84546760748 22
117 13882.402497 -4.24374002026 0.392107635067 -6.03657800553 1.27000513047 -0.828520662451 2.4212905937 -2.16994519048 -3.09269111841 -1.37347784868 0.63338049057 -1.98384779159 0.264653604532 -0.195873059181 -0.755194726067 7
118 13896.1001131 4.13437796212 1.21423915516 -0.250999388363 -0.7116005691 2.30597424622 -0.19508499533 -2.96055037554 3.01321018297 -1.97556724713 0.558459275879 2.1578323275 0.719357651726 1.2903172074 1.66317366843 3
119 13923.5281365 -1.49073409455 -0.306670641211 -3.27764059635 1.70309135028 1.51290805306 2.17301102799 -1.24314606855 -1.44180716509 -2.35916146683 1.64706394515 0.13359682513 -1.92597528687 -2.72025231644 -1.26848840977 4
120 13924.9409957 -2.88086403257 2.8916410977 1.20913761439 1.35094860049 -0.643056861015 2.7014845192 -1.06584378578 3.00799247623 0.996004441985 2.68956271228 -0.934363283555 -1.75964707204 1.72557769689 3.0524535019 17
121 14081.6667291 -2.45845417082 -0.143321628695 1.08654279082 0.150536462987 -2.61200388724 -0.291324484666 -0.456779464062 -1.84940651974 -1.23239426265 -1.60031918163 0.402468435227 2.3598539725 -1.187822505 0.937525026594 5
122 14305.8913583 -0.385712166067 -0.458689174217 0.415804313585 0.0398609036916 1.05381160508 0.867975681705 1.11943653494 -2.39690597589 2.00763645059 -0.797290241023 -0.0410889799181 -1.24589791698 2.94476694538 -1.41454183218 1
123 14333.7924483 0.0718574599454 -2.00541563169 2.42018761217 -0.136940478719 -0.967047245055 -0.617163754416 -0.163111837614 -0.304810567541 0.657651192427 2.87883375209 0.611658043188 -2.08430667881 -2.84936243243 -1.99071428799 5
124 14380.8095476 -3.99993002299 -2.62754550352 -4.96195667657 0.431140634046 -0.977621798326 -2.40511658538 0.198967923653 -2.43087049792 1.35585425398 -0.856787610228 0.768198944665 0.988278736039 -1.15674677575 -1.80003386569 25
125 14415.6981704 -0.658550180792 -5.06407535517 -3.70287382189 1.13102910907 1.25603726764 -3.00674681325 -0.583193577592 2.97302230266 2.94556902964 1.48679187208 -0.943129861704 -1.03971578513 1.25110741926 -0.203698618319 22
126 14573.7163115 2.13359246509 -3.82139538187 1.75621252263 0.426821879836 0.818496340962 2.5812438447 2.10374525006 -2.97246405537 0.993185487312 2.84564070844 2.61656351424 0.870631299958 2.32835057291 -2.02828960862 27
127 14689.2672463 -3.33496579949 -3.92346821373 -3.94803339868 0.450117451745 0.0327137058833 0.950209443631 2.546593264 -3.10529994219 2.24862991257 -1.00840756494 1.1099320716 -1.68525990248 0.307946870666 2.91369509435 25
128 14837.6956247 1.35077187086 -1.09815475214 3.80432599798 -2.67186030777 0.0743715173924 0.329540938215 -2.72756688864 -0.802324192493 1.08362621271 -1.16766135668 1.6054718076 -0.494016614985 -2.88530428269 -1.36021983834 9
129 14954.7103535 -4.08394932167 1.81765027641 0.704413996801 -1.33510635598 2.33613166289 -1.74076224352 2.42320648668 -0.312082305027 -1.99195488056 -2.4265405374 1.88938682881 2.05991008672 -0.0202927374011 -3.01719563833 17
130 14967.2928835 -4.31129899438 -4.62439306783 -4.86130793793 2.43466790734 3.09549288065 -0.673487781816 -0.454973179191 -1.92249769582 -3.02993177431 -2.7993534455 1.01401234861 -2.08572865129 -1.47128783304 2.07024621496 25
131 15046.6844846 -2.35289236557 2.97893567849 -0.328524242556 1.32017617438 2.58010709104 -0.50706803369 0.256862273178 1.60077329792 -0.169013652578 -2.62806416219 -0.251930268812 0.506078364781 2.59072451477 2.88963545779 10
132 15322.9899283 -5.77321736181 -1.92132674206 -3.34337302937 0.932973981518 2.08285347753 -0.862234202977 2.69537015757 -0.894745901927 0.814278003095 -3.04188422767 1.36080202539 1.83476406506 -3.06463491308 0.943872495917 7
133 15425.6142474 -1.12133502098 1.9795793252 1.06978202076 -0.39368918726 -1.63342498306 1.9653382484 3.10359594121 1.24658744528 1.76942422682 1.37151789776 0.931550067588 0.98667541304 -0.0665255300724 -0.494563195246 14
134 15537.9899153 2.66030403996 3.20608868123 4.13546286518 2.59911338162 0.520897617818 -0.702530668321 2.44168098154 -2.33296485325 0.759136333523 1.32779405937 0.477651598658 -2.37665482345 -2.38345408983 2.58745838942 18
135 15617.9574547 -6.15677073643 -0.590879290074 -5.36734738967 0.818522639536 1.37699919265 -2.0221876313 1.43364755404 -2.47977874115 0.0301423347146 1.17908123467 -1.02116579163 -1.19903987867 2.83698219443 1.32689373151 7
136 15916.060671 1.77198376824 1.11023112367 4.00788476694 2.58499935166 2.53360186361 3.02637596434 -1.19427005862 -1.00637403523 1.15974524304 -1.59056859427 2.18207732431 2.88950700413 -0.981912680875 -2.76648978804 9
137 16009.0162676 3.61903466803 -0.236871057327 2.58025676822 0.135536021614 2.81259775534 -2.44020754773 1.86311111033 2.7404098007 2.08365108222 -2.4272675645 0.374441323903 0.428930769647 -1.43310629454 -2.37475009788 9
138 16025.565695 -5.6208030416 -3.9066240357 -1.94603580655 1.16047227348 2.92291363108 2.43362679726 1.27405637992 -0.310645058571 2.00965330898 -2.77714340481 2.14593750129 -0.237877897675 -3.05473037369 -1.89358495821 20
139 16197.4093621 -4.05307533486 2.35071598975 3.04820365101 -1.85098350544 -1.06801958696 2.26889934816 0.458883843725 -0.876117392049 -0.388095438404 -2.27262227576 -1.81762798447 0.323773161671 2.92455721864 0.120416092813 17
140 16351.3837584 -5.83071695306 -5.55121195008 -5.44529775526 -0.326707500555 2.99155592603 -0.0747221340928 0.659628741912 -2.35136622493 1.38796457649 0.0171531974389 -1.21414708469 -0.602800565376 1.09722883056 2.80109624632 25
141 16405.5919895 -5.56693338494 -1.58058111858 3.93423566951 -0.55184317192 -2.24079642622 -0.737291686894 -2.28303506822 -1.79711702057 -0.422646892121 -2.85536993694 0.743528769299 1.31979165082 1.91987395566 0.581241803412 8
142 16501.5324366 -1.20221785711 2.00910595389 2.96663294355 -0.650319095755 1.1267566752 2.09654240522 0.816882381724 2.76690266172 1.3244500023 0.472037455897 -2.56436690074 -1.6178213622 -2.83129561097 -1.05662558146 14
143 16627.6750136 3.74232435255 4.76549381365 2.87448669216 0.0955220074287 1.40975908678 -1.35634238175 0.65279338721 -0.0614575677143 0.622397431389 -2.59884591086 -1.46586506471 2.54240577265 -3.05162246574 -2.19326881602 18
144 16968.8970109 -2.76093092128 1.85173476799 2.41840839688 -3.05721649433 1.16214313995 -0.376516873482 1.23691876941 -1.14262153014 -1.41168600039 -1.87384068186 -0.0389943779898 2.21538720428 0.690589101242 -1.9999007233 17
145 17083.2202448 -3.76254250486 4.10277729637 1.39408520206 -2.87862416281 1.33868046981 1.66231960456 -0.931809129171 -1.10048484248 -1.86379577837 0.205765361309 -3.01664877083 2.60567595763 -1.4977781339 0.049991956961 17
146 17243.3722971 -5.20042944684 -4.61190652819 -5.38617077382 -0.561442732305 1.9554661427 2.53628308078 -1.85690832929 -1.33742308746 1.48982280917 1.57337962049 -0.280323640458 2.23242001792 -1.60328545807 3.13963695853 25
147 17474.7775829 3.9884104077 -0.600382392396 2.89975198001 0.286545604096 3.03730290702 -2.98632334642 2.85537950816 -0.568434367543 0.0021354366871 2.61119478454 -2.0043428804 -2.83337886981 2.09157458408 -0.16715079875 9
148 17606.0747907 -1.09776776156 1.1241781467 2.63515863519 -2.93369989417 -1.75545587903 -1.94359777211 -2.32164868814 -2.28339178336 -0.339688427741 -2.97626639231 0.988543636512 1.33910502695 -0.0302627441937 1.84895889453 5
149 18422.0395657 1.33990937392 1.89863940652 4.20826522088 -2.45325356505 1.20319539869 -0.404829568148 1.36511015159 -0.970306112274 -2.83812308569 -1.32315444615 1.11935740396 -0.266573580973 1.59128487938 -0.813531191402 18
150 20558.7495117 1.02054113888 3.10833261721 1.77666220457 -0.325120521506 0.109944815016 -0.989120410487 -1.39881157939 -2.18036735833 -1.81805861177 0.634020126758 2.08699455556 -2.39746199302 -2.70912521607 2.05105420158 14
