 1.68063626457 4.56536659464 4.40136112875 1.397212762 0.73822314704 -0.591791679197 1.10370904561 1.93565735137 -1.59724007731 1.31374932755 -0.0819940256583 -0.835689942963 -1.23208186484 0.783821499531

1 -60.5353492447 -2.03630608402 -0.342067085221 -7.96227246759 -1.38587003179 1.11153239264 -0.350262789845 0.146052321007 -0.258097150537 0.0680306334148 -1.73443327114 -2.50326290833 0.985565259315 -1.70353313101 2.81485429988 13
2 2289.18980762 2.09106663605 -2.01569368926 -7.33732092805 0.0456347778571 -2.56182578438 -2.22954361791 -1.84681676421 -2.38311324075 1.81073567568 1.48838878813 -1.60247115898 0.0105074282332 0.693418844702 0.235021012134 15
3 2751.10127848 1.21678063597 0.0284754976426 -7.78461900399 -0.865707297762 -0.41134923073 -3.13016988276 2.60478949777 3.02517935319 -1.62166637645 -2.99366398759 -1.7303654066 0.133946216277 -0.924218557147 1.76194352475 15
4 2787.80008838 -2.58198549135 -0.343888479727 -6.51424616716 -1.88936415186 -1.22352509635 -1.0127043362 -1.02160957144 0.386927705529 -0.4555808878 0.721450014046 0.944565497386 2.46058622345 -1.32527220666 2.63196642782 13
5 3452.87103898 -4.79247420618 -2.12888616291 -7.60425660554 -0.89596730588 -0.80280934479 0.614684006686 1.68898475048 -2.40785211137 1.96720458313 -1.94853237824 -0.315692843094 1.13828769501 -2.97274247801 -1.33523427977 16
6 3521.19533244 -1.01371733 -2.33077371649 -5.86185502083 -0.857563656294 1.8129230536 -0.160178766737 -0.744871263099 -0.676056742977 -0.896380042564 0.833608766786 3.12039053037 1.22733332744 1.4896720541 0.663300589602 10
7 4358.02164436 1.27825455595 -4.27618567035 -6.02778491016 -1.37102931681 -0.479224622007 -2.44332527863 -1.72907476853 -2.60181109066 2.04388121192 -1.07664879399 -1.49343407082 1.3850835754 2.32283369505 2.80811079603 3
8 4845.29697532 -2.23753141624 -8.89932310654 -1.09917634139 -1.97549961847 1.97764032718 -0.270686415263 -1.65359802324 1.53265989018 -2.91725624454 -1.32706786848 1.69301577749 -2.60442553862 0.788430116442 2.11870683627 23
9 5064.11789631 -5.68628836812 0.574944027025 -7.78068973779 -1.35193342996 0.971676252722 2.4536681265 -2.94245076436 -0.365750766283 1.96413384716 1.98812571156 -0.949974454317 -1.17580053424 1.00461716054 -2.67590232622 16
10 5227.65320553 -3.95812554854 -2.3686941969 -9.06175560165 -1.99640920763 0.486539210222 1.64558248404 -1.33411691973 -0.820505018114 2.59971068958 -2.329706449 -2.46152777767 -0.308518868058 -2.95735286208 2.52658388658 16
11 5822.92791154 1.62068338191 0.861451429199 -8.42316773342 -2.75490891076 1.7018335815 1.5663837138 2.5182330359 -2.65448317752 -2.61871254182 -1.08349613156 2.66912928121 0.70856902306 2.35186380641 2.95443273388 15
12 5874.76560305 2.502229738 -7.74763347391 -9.05958916008 2.77046159261 -2.23546322815 1.88270076494 -1.85947978064 -0.473673296021 -3.09027967669 2.78368537333 -2.8612176066 0.258187792371 0.738442948329 2.55726430765 24
13 6057.71829696 3.38854668481 -6.93427487888 -4.3167612434 -1.19378039602 -1.47111482719 0.260628221246 3.12908918974 1.76292353019 -2.53973481962 -1.96174898001 -3.09803680199 0.445567224008 -1.54323785025 2.96105347386 21
14 6058.84254199 1.4988425068 0.392287303687 -6.89671674747 -0.861681075687 -2.48158049354 -1.64401131053 2.32678111567 2.04026334816 2.87703698645 -2.49407060821 0.832603056252 1.05465896892 -0.835446156469 -3.06804683775 15
15 6469.92749886 2.59803742564 -0.4742263513 -8.42233531149 -2.74744631582 2.11950028888 0.198715664919 -3.0795910418 -2.48547137622 -1.02941093926 2.05805594053 -1.80312144187 2.64520696735 3.1088621752 1.48585760142 15
16 6565.47367832 -3.05654167179 -4.24370111906 -7.29355833775 -2.15244343648 -2.36654979522 -2.26829560933 -0.202307778517 -1.38327629704 1.00584650633 -1.59694435021 -3.00096311243 -0.576310365712 2.78806888814 3.00271653521 4
17 6652.55473783 -0.156229940225 -1.77009088176 -9.70282857221 0.873591169942 -2.99989328222 -2.5038479449 1.61833940358 -2.74357222254 -2.71394850526 2.54651904789 -2.7952732596 2.81360485259 -0.78784348053 0.862841627663 13
18 6676.92368441 -3.74304198064 -1.02047946519 -8.98246502476 1.97365982608 -0.821989596607 -0.681242850736 1.39561602745 2.78980005749 3.02970247398 0.832805032916 -0.84340279425 2.13719545187 0.57703133219 0.136302578365 16
19 6695.05914023 -2.32692020793 -9.33959433938 -4.8760829636 0.395525809475 -2.33381716504 -0.575378021974 -0.244042352111 0.0340071518063 0.279365313258 -1.66233491708 -0.915098435353 -2.60115205407 -0.669729819796 -0.497957766974 19
20 6906.78267373 1.53075237064 -1.68528044484 -4.99016671995 -1.96545170402 2.70475919019 0.530352983888 1.43850383492 -1.25484785133 -0.870497071149 -3.10949534225 1.29565794041 2.16834891708 1.0001853622 0.851432941674 12
21 7033.0625345 0.813043270217 -4.62987122213 -1.66384574359 -2.19160181918 2.68064276266 0.44525797659 -2.05172948302 -2.58228859815 -2.17729340037 -0.359264309676 2.03306187808 2.56822677725 -0.984812780485 1.40459838885 9
22 7099.5281878 -0.55583445092 -1.76403452928 -6.8588124542 -2.87130008944 -0.617232676491 2.32227629765 1.43391929173 -2.60970171466 3.08868815965 0.349150832889 1.93882006347 -1.41966108502 -1.64449375734 -2.05428713204 13
23 7185.65419848 0.789919003428 -5.56051691281 -7.64149084374 1.74291598504 -2.90278177184 -0.0325991957761 -1.29460181708 0.555570210258 1.04518746921 2.76121944776 -2.25918328527 0.215434135975 -0.47097907299 2.4125371101 6
24 7502.26096457 -1.13646796215 -8.75001584197 -3.08857980724 0.213921766809 2.76445364451 -2.00693130864 -2.57515215311 -1.94986189439 -1.21786060391 0.286409088239 0.364630098333 -1.32309903383 0.907349524521 3.01651195068 19
25 7565.38443009 -1.439272023 0.813403190584 -8.01991376252 2.46211157227 -0.979174119963 2.51273131646 2.73369525527 0.470144033523 -2.95563989922 1.95819618488 -2.54910268276 1.64683230224 1.19175229588 -2.38556699922 13
26 7582.75904124 -3.56289216022 -7.52776045578 -4.40241281491 0.928853307675 -2.56413386529 -2.24208357841 -0.25393050176 -2.95832712947 -1.77555093303 2.51580001109 -0.875337508707 -0.435139431596 0.671604397269 0.0249865666791 20
27 7977.92976133 -5.84497951455 -3.17212162681 -8.42203404864 1.74520971593 -1.01992287121 0.404839288004 -1.55778861625 -1.62214406594 1.19593217396 0.805297182509 0.475225120915 2.19322440787 -1.38889583643 3.13631234108 7
28 8042.52829362 -2.11606314191 -1.38329403467 -5.66837421473 2.73635418582 -3.11155687014 0.0325547603988 -1.29988649388 1.86193121342 -0.837693193824 -2.31366161713 0.897588902534 -0.156275325694 -2.66601843504 2.02317430318 10
29 8076.34967538 -2.02669742827 -0.782999373941 -8.8234447445 -2.89667149171 -1.55522914026 -0.145880448249 -2.05442605898 2.56606405568 -0.482085217685 2.18299054374 -1.03764295094 -2.86141383542 -2.23184008769 -2.7973283822 13
30 8141.64562005 -5.19997332227 -9.42246038888 -4.7361040317 -1.93138203689 2.23429206491 1.15763196435 -0.287977289144 -1.53250416162 -1.30023447721 1.03935640493 2.41696902901 -1.10944480441 1.20342184684 -1.33580442483 20
31 8217.81421878 -6.61139028326 -4.83321576837 -5.57375336282 -0.961736467036 0.732138612133 0.385746626726 -0.413160689182 3.04058161407 1.11625865233 -0.133956221627 1.73282887574 -0.774408449162 0.4725956225 2.18801985838 2
32 8511.7783577 3.06181907118 -4.43798750949 -3.3600440255 -1.33941565579 2.51344224965 0.850418702303 -1.50603270029 -2.09796265543 1.9826569825 -2.90504199905 1.78667708567 0.863692966867 -0.444416098562 2.57621897927 3
33 8544.75361947 2.83647527287 -5.58169051149 -6.81016539263 -2.88298094796 1.46625387633 3.01275687019 -1.7232026524 -0.855102376024 -1.47709163402 -2.25116918207 0.573532804992 1.36963314086 -2.11168774775 -0.296836817148 6
34 8555.79675098 -4.10749080873 -4.73602346409 -9.44967233853 -0.188398702054 -0.544322820937 -2.30213184816 1.59439191392 0.203107459026 2.37258381623 1.56778392985 0.194064563745 2.64158689394 0.82674587732 -2.02187324942 7
35 8573.83668706 -0.184602395388 -7.87534933279 0.773092496795 0.369769451875 2.27280941667 -1.84358179183 -0.291085120172 2.6233541073 -1.34872905151 -2.64138222344 0.373994503493 -1.6576018213 -1.52742785365 2.3331897862 23
36 8624.85961433 3.24848580798 -6.14399656186 -7.75404397465 0.972278935348 -1.24125205022 -0.30272783482 -1.61575562687 -0.246716066771 -0.0986353234331 1.54551012041 2.06648826758 1.37949408532 1.17868942686 2.53044304168 6
37 8787.2508897 -4.21731843294 -8.85932935633 -0.297853293443 -0.0429477145466 1.9351125762 -2.72910486488 -2.98925845162 -0.93942190136 -2.61516373001 -2.87850742363 0.941660814628 0.953992389556 1.44986014747 3.03631441957 26
38 8821.9143051 1.75039725321 -1.18355360401 -5.82018563131 -2.86803441688 -0.807214978807 -2.47199360201 2.57443633963 -1.96570184086 0.22899938486 -1.50154681472 1.55616509577 -2.03883981985 0.275363134979 -2.56859724712 12
39 8916.26651704 -1.14314621371 -3.51026511053 -4.62569644955 0.168313704069 1.51214852667 0.509866936704 1.06035477866 1.70835702805 -2.44299754456 -1.98743267957 -2.79089521573 1.59275194143 2.20839524886 2.09484393169 1
40 9037.07414008 -6.96599560242 -4.50535940621 -8.81144643834 -0.173473039506 1.34616962529 -2.48105105639 -2.92784781336 2.77798829156 0.897007576333 2.35326687087 -1.83151462197 -2.1986174078 0.207733023595 0.399554364225 7
41 9065.41717331 -5.16882172311 -2.21506627371 -5.23530057152 -1.90785633053 -1.54795365103 -1.30598260472 2.07544993048 2.93224771523 -2.85721863974 -2.20001516292 2.6255744936 -1.98500906722 1.2623877856 -1.7938109755 11
42 9158.75284086 0.967605611681 -8.88395947218 -8.46960515308 1.73930105082 -1.13816986322 1.29270038794 2.79092445576 -0.0989006319733 0.115572463768 -1.60459298448 2.11060523232 2.11030897117 -1.31326569963 2.85236486905 24
43 9221.56150116 1.17819711216 -5.85691674754 -6.5541289808 1.25571290496 2.52989455966 -2.01168126643 -1.53744008124 -0.763884746748 -1.31826775504 -2.72343876437 2.14829566292 0.00184804353992 -2.41206210491 3.04404965798 6
44 9226.16461763 -4.02364683407 -6.30889221774 -5.5252513901 1.0393359461 1.58958645688 -2.93595702049 0.879678906333 2.62288337927 2.66121750058 0.767742062462 -2.08839898718 -2.11536135557 2.35298430189 -0.341579325176 2
45 9250.25246548 2.61784317621 -5.00179301745 -2.79133540642 -2.49293647806 0.603679815734 1.46590443256 -0.443123309208 -1.99903717459 2.53087072915 -2.59518768106 2.40297043711 -0.850448776401 0.086695093785 -1.73681358606 3
46 9283.97826621 -4.90071790262 -3.98889137992 -3.46676787479 0.22835430628 -0.491195271219 -1.39303654376 2.24593537401 1.03974966627 -0.95427395574 0.580068861056 0.391362092344 1.50587932297 -2.83070260074 1.82451991826 2
47 9322.41292372 1.03122667761 -5.81071354455 -3.56690662806 -2.66785915207 -0.108872062055 1.6376725779 -0.234794262745 -3.08413977842 -1.38396861146 2.46657978839 -0.827391700285 1.17541859318 0.473900037118 -0.93404192124 3
48 9342.663301 -2.31591727141 -5.93203711929 -3.56473921666 1.08043340448 -2.74563865691 -0.72677470338 0.918245012221 1.34058290781 -2.26658151618 1.89420131339 0.538157828101 -2.96238608465 2.68741040127 0.475690204302 1
49 9344.34418036 3.19179172718 -2.52861583355 -9.22544164452 -0.382023728966 3.07061573567 3.11567693806 0.480856575155 0.389851474617 -0.256067223053 -1.78786169008 1.39456647118 -1.62456287807 1.50308627521 -2.54524201717 15
50 9368.98701013 -4.67025002029 -1.78687922875 -5.68848317234 -0.0210148608339 -2.88576136363 0.0113532262155 -0.782194028502 0.87884478974 -0.870927631882 0.965729919067 1.12924429155 -0.245712402174 2.48209871363 -0.0160707430295 11
51 9378.71334706 3.51325016051 -6.92492907455 -0.250527234324 -1.15811385102 0.627199495073 1.5052445762 -2.76006164953 -0.244312834362 -2.51686974417 1.38846476502 0.220915685601 -0.0481108190086 1.00608459762 -2.8172057521 27
52 9428.92557404 -4.61342415887 -3.15033672772 -9.89312636176 -3.05592015754 -2.56211795987 0.446171637466 -2.61794549385 3.08199779443 -2.84318418224 -2.09693057302 1.46198741612 0.356280411556 1.83273191695 1.32877555697 7
53 9453.80604285 0.91260298185 -1.66158107385 -3.55288671439 -1.51678553737 -1.07607688459 2.61161271855 -1.74745602156 0.444134439559 1.22482398029 -0.311838231852 -2.50020366166 -0.27373718218 -3.12978063093 -0.0140627417572 12
54 9474.34951512 3.59650298729 -7.65518004743 -2.16509634599 -0.194301279263 -0.754124988023 1.44550642805 -0.95661510869 2.6483738299 -2.41015998126 -2.92893604469 -0.0242770289391 -2.00476487387 1.98347403903 1.60047421734 27
55 9554.88041272 -0.959352298553 -7.78446856108 -8.42182008011 0.514139739071 -0.974445826409 2.9394143471 2.31163510631 -0.286492205636 -2.48106478745 -2.90368365796 2.66432648217 -1.5501149366 -0.5620580015 3.04845413642 22
56 9671.8948842 -6.56213543096 -1.84352972286 -4.80083212088 -1.11922470071 1.6624196788 -2.65474751256 0.423087077255 1.54117034421 -3.01054214361 -1.97013532164 -1.19417633482 2.87057488628 0.867183775268 1.46737515501 11
57 9694.1483382 0.445753948817 -4.50515082269 -6.88384739731 3.02651088906 -2.01079236554 0.804675407072 -0.11904607092 -0.355288774887 -1.28826652323 -1.59091143127 -2.70516561946 -1.42225699982 -1.01605907643 0.33981642945 6
58 9716.18813198 -1.91148951371 -2.4207108522 -1.94196946585 -2.22510266095 2.69177328405 0.539132670448 0.632072052918 -0.605855578488 3.12621328931 1.64203093292 1.92615841941 -2.27380459933 2.03465034235 1.93325146437 14
59 9733.3226386 3.16602584097 -4.49359857234 -6.58336229766 1.26393755689 1.29148276024 2.92986367164 3.03320012244 2.05704817634 0.794741721605 -1.13589650583 -1.70805531631 0.248917526438 0.929839609206 0.623095173375 6
60 9769.19744525 -4.56137523161 -5.9875651182 -0.722463376183 -2.21365968014 -1.35585999758 -0.716943541643 2.96571347894 -2.58354502381 -1.04678842732 1.17321421141 0.429182776377 -3.13502093535 -1.86479702605 -2.51256836592 8
61 9775.69065306 1.63771037582 0.172052142577 -2.3768895542 2.78961648462 -0.191199864345 0.0121509490973 2.65980794117 2.03005345579 -1.49351097548 1.49772768985 -2.88618565646 2.28602319202 2.98982571097 0.117193965778 18
62 9834.84232709 -1.33480175001 -4.52370568416 -0.945571158839 2.25408966926 -2.21257613647 -0.895817801741 -1.16907609615 0.292257434851 -3.09563394361 2.27690097397 -1.13337706606 -1.13908476772 -0.879343848323 1.98323667212 5
63 9971.60688243 -3.87241459106 -9.10886909909 -3.59604029964 2.24559392341 1.45284079579 -1.23577030596 2.72418354449 2.22597094774 3.05950692122 -3.03756917565 -2.68685579956 -0.723344953443 -3.02467152897 -0.723816821926 20
64 9981.49201599 1.1271359199 -4.94552925086 -0.248992592294 -1.92482354004 1.56414710095 2.76077844266 0.680707839835 2.73421756829 2.6247203274 -1.21106187071 2.84819450162 -3.07387281919 0.448501528871 -0.282327938066 9
65 9984.13265734 -3.73948973923 -9.84140616464 -0.117848258299 -2.23781700278 -0.320887087129 -0.683927422136 1.91135041618 2.56431524948 -2.34529127119 2.70691734146 -2.62084201881 -1.42492955292 0.646186187698 1.69177335373 26
66 9995.08395354 -7.14833596543 -5.23901148771 -6.80564405528 0.288653136477 -1.8215408125 -2.90548045981 1.35132728389 -1.09679000186 1.33984640958 2.09009530801 2.81173046098 -2.48399559907 -1.51939237693 -1.5970006623 7
67 10064.6107887 2.50486694601 -9.55078333683 0.306155356551 -2.6225858873 -0.109183030067 -2.77933194918 2.9225858251 -0.365672672147 1.49573826197 2.4230156462 -2.94623396565 -0.260221261151 -1.69999587514 0.0288957899275 27
68 10168.2531132 1.32105154773 -8.83724876963 -5.13727775467 -1.92876917071 0.275449171609 0.195216048099 -1.1098413248 0.716325192159 -1.56093786906 2.44845437148 3.02190270735 -2.22982878536 -3.1398062764 0.204583622788 21
69 10169.9549597 -2.48628267464 -6.22428039488 -0.182753428947 -0.0590119809169 0.145789404802 0.301747774948 -1.28544541045 -2.0891518085 0.619844067305 1.58320439806 1.8502977375 -2.35108801439 -0.113181992588 -1.39820301471 5
70 10237.9631772 3.30118610154 -2.20965867257 -2.91059523907 2.7219429829 2.18886167699 -2.05251993337 -1.49632759003 -2.17436929155 -2.14812598001 -0.0269377545323 -2.68157285231 -1.30274866578 -0.0159566420567 0.752443686377 12
71 10289.7515393 -4.22310642113 0.463652015091 -4.65137547927 1.91238867807 2.62093266545 0.875706245388 1.5092623065 -0.755232644183 0.741143051064 -1.68424063158 -1.67242876748 1.51003503811 3.00988570513 0.0841290158928 11
72 10384.1773105 -2.87918937313 -3.53334650447 -7.77321354923 1.83922381308 0.897518824568 -0.268189343319 -0.127717321826 -3.04681313042 -2.67986064885 2.40883065029 1.29172620957 -0.79780028626 2.27133473075 -0.470173981657 4
73 10388.3828164 -1.00623855808 -0.326196646276 -1.87915672336 -2.35269104245 1.98701406912 2.60616306338 -1.48926660766 -0.381130394363 -1.24471203664 -0.572159338004 -0.92308022648 -2.90806964155 -0.939090078556 -2.98505861777 14
74 10410.8251569 -4.8521070889 -9.36216174446 -8.79572432049 2.75779178607 2.9588465447 1.71200984751 2.85541093066 -1.61733292967 -1.90540519756 -2.7282250402 2.17569864977 -0.829745670678 2.52841508471 0.878546930942 25
75 10424.7587557 1.13741301128 -6.90001400624 -4.34134853525 0.572590906524 1.09368643154 0.729527355966 3.0587018907 2.43186680046 2.49040835803 -1.77016621945 0.136028789137 -0.72736617183 -1.81963461803 2.14149684356 21
76 10473.2520104 -2.32592793096 -5.11102325745 -9.28130551715 -1.78926608686 -0.949229956286 0.534367906332 0.585471850087 -2.83249089457 -1.81075084055 1.2999542235 -0.510362246314 0.453741634136 2.86188126311 -0.421489589577 4
77 10614.9856432 -2.3984635108 -6.37348692521 -7.55234415018 1.85652144655 0.321799821524 0.821162564058 1.5132390873 0.0992413852698 2.50262358821 -1.2881452181 -2.78090425703 2.16571694838 2.05354314463 2.32681587028 4
78 10953.7918351 2.95753470391 -5.71122545009 -1.18844464091 -1.86168312164 0.419807382922 -1.01294009289 1.22742662641 2.46250399627 -0.52750790605 -2.0951928384 1.68958641002 -2.90470786258 0.543504317077 -1.14957386293 9
79 11059.2334462 1.37811098022 -5.38529664512 0.154981009596 -1.99209751401 1.42680903418 -2.11384693075 -1.80848449323 2.34788334207 -0.510491996245 0.647013571698 2.04711346975 -2.19520319879 2.105470133 -2.44404429751 9
80 11075.4762754 -7.14279914459 -6.24953678267 -2.69838615722 -1.17298672916 -2.10757192206 2.41939123611 2.24381932451 -1.16705597898 -0.850273975388 1.10424717624 0.254756307194 -2.27416854484 1.30118312859 -0.648372617312 2
81 11133.5416366 -2.56905665148 -0.622430383964 -3.64632105759 -2.64118101934 -1.60368319806 2.37069021934 0.295749167659 2.43439057813 0.676375093946 -2.96474785071 0.969871160231 2.23189622872 1.92215158053 1.34069235231 10
82 11238.9754233 -1.88274875318 -7.52801423864 -8.281958495 2.53142628718 -1.49687391635 -2.65960688223 -0.200790885663 -2.31280935162 0.661599983083 -2.75633945469 -0.426851933444 -2.27693403653 2.50811696458 -2.52361026758 22
83 11242.2522556 -3.62164083136 -6.6659296864 -6.43092162228 -3.12279436946 -0.64408525201 0.901348720482 2.63464929711 2.11887125542 0.929459446852 0.969535189317 1.58851649611 -2.13795919992 2.7895740705 1.78459349244 25
84 11285.4381655 -0.805290711023 -0.299525468546 -4.47942870282 -3.06598993416 2.46200567814 -2.32587915307 -1.89167047051 -2.44102962696 2.1283063434 -0.700724883348 -3.07713584047 -1.12977512904 1.20841484206 1.38198865124 10
85 11285.4463217 -1.28642419872 -4.30085717487 -0.701419877942 1.85649076824 -0.583150331863 -1.35779563081 2.54648814123 2.87383830016 0.868995186652 -0.792254814495 0.324675969436 1.67063907292 -1.83649867986 -0.433794226215 5
86 11508.3840764 -1.88335542249 -6.09570701738 -0.334683382761 -2.95031576191 2.90873771137 -0.813949590599 -2.24875650482 1.12130919162 1.24449898788 -0.800291619512 2.60525997035 -2.30341617879 1.63594744512 0.461930738698 5
87 11594.8864874 -3.50070202316 -4.86204741168 -3.01165889282 -0.443768820288 -1.00845932059 0.567027296141 -2.24211480243 0.706618805906 -2.82279790427 -0.607880127393 -1.16651355692 -2.59155962238 -2.3623420082 -2.52754387762 1
88 11623.4655482 -6.30507131372 -5.48336734121 -6.90908131167 -1.41532839601 -2.33340684105 -1.6984420403 -1.95036745871 2.74996494209 1.99539541353 2.67195082362 1.62209337039 2.78293007875 -2.66398388582 1.84521332422 7
89 11687.1414533 -3.59218946271 -7.40787713047 -7.70419357562 -2.9071342173 -1.30725421365 2.39992931197 -1.90062127652 -0.332460893233 -1.11997180956 1.5528496821 1.57395220046 -0.544222477031 -0.0764402960839 0.973980541279 25
90 11718.5644277 -3.06127960498 -8.07274221993 -1.42428941375 1.61684572299 -2.1481776611 3.1067547214 2.37550957554 2.3296484181 1.7499543251 -0.808204667687 -1.98070173513 -1.92247870214 -2.26883964687 2.28999199285 23
91 11732.7477926 -4.05536550631 -5.15378269378 -1.63954372667 -0.249145141378 2.63325938944 0.531074936753 -0.0496665076841 -1.37029280106 -2.17036475114 -3.08346962899 0.778214804344 3.03228224444 -1.83217581403 -2.66645041496 8
92 11787.1246123 -0.189343668722 -9.26436749755 -7.01054334494 1.9246933392 -0.231494756569 2.41058892717 -0.222983975139 2.3468635565 -1.64637467803 -0.144184829135 3.04217640938 -0.502331822471 -2.9595221107 1.2951834922 22
93 12077.5295164 -6.50794889913 -8.77922844129 -1.48375638213 -3.02773074926 -2.64086879157 -1.9625172302 1.2875703785 0.309365917076 1.37767986646 1.35857604694 -3.1238796403 0.0277128418486 -0.049009579284 0.612628055144 26
94 12107.7932997 -0.598967726272 -4.4505561141 -4.24539206421 2.16210218916 2.23416073054 1.14766163536 -0.387495222631 -2.29699613465 -1.40290047464 2.10026554727 2.64715740344 3.00227928161 -2.96308718431 1.07977849767 1
95 12172.7788 -3.21878157741 -5.72997071257 -4.87207985841 0.857659979682 0.812429755008 1.83162318977 -0.69615919539 -2.64409611189 -0.388667046725 -2.45193171132 1.16109125302 -0.650973880307 0.258716463709 2.38172787568 1
96 12237.6516195 3.20673023865 -5.19540542934 -3.6459058272 0.438400807481 0.977339737402 2.80158996395 -1.42859729456 -2.59237726265 -0.754433033831 1.41623293783 0.677897726465 -2.69753389518 -2.61021228799 0.819768718624 3
97 12253.7455759 -6.6231326745 -9.66869274618 -2.43056103676 -1.09721008969 2.40226816116 -1.64576804574 -3.08115192235 -0.302051680677 -1.73715848293 -3.06025858411 2.60127066107 -1.30866570014 0.541096755458 -0.919503263003 26
98 12310.7948916 -1.24418988798 -1.71474825336 -4.69269185851 2.20531260632 -0.888852799805 1.12047217261 -0.0395891144429 1.89490633684 -3.07868502054 2.21269508012 1.83661904536 -0.753363783701 0.531859927895 0.599669778665 10
99 12317.1418929 1.63550170604 -7.66000098977 0.439226004152 2.60525494696 -0.203402359994 -3.01579199259 -3.05197156239 -1.24192366101 1.49878128302 -2.37718952229 -1.45719416392 -1.44733415591 -2.10370199847 -2.66608761706 27
100 12356.5793373 -7.16394111857 -3.44906750272 -1.18768356807 2.20863902417 -0.908598206725 -2.86049319593 0.327577118151 0.20953245457 2.51095082585 -0.840535991572 1.66297130022 -2.0047982779 1.01183385478 -2.38412432781 8
101 12385.2267878 -2.88024094771 -7.64690028258 -7.47954943797 2.53349402514 -2.03066480687 0.323907193775 1.75019115506 -0.742115934267 1.85701576114 -2.24531548237 -1.25039233248 -2.50178440157 0.708852465471 0.354357852027 22
102 12449.6750018 -5.91196694202 -5.44138346937 -5.19388557307 -0.1373030418 -1.79048885073 -0.766063714884 -1.01245600462 0.97172810134 -2.08719499876 -2.42300828329 -0.251797724406 2.14303047717 -1.60836311213 -1.19245933196 2
103 12452.586472 1.73599298431 -7.96302359118 -7.05003565494 3.014675537 -0.714672612349 1.06333224045 -2.47964015343 0.879844428712 1.93675928098 0.134083092369 -2.39778471744 1.68808188701 1.27962577616 -2.88477836198 24
104 12496.8808826 -2.22210127021 -3.71685521479 -7.50612214457 2.63252379643 1.22943487801 2.12645401756 -1.49780071139 1.77878745424 -2.13811655884 0.226473703848 -2.74818434222 1.1718090731 0.225327576195 -0.678274758245 4
105 12580.6471842 -1.45963222514 -8.1062659364 -1.01451239853 1.18352298891 -2.31295458216 -3.09229950218 1.03156306549 -0.646334662498 -1.5090341799 -2.94894983348 -1.77605131669 -2.03409147472 0.808097197227 0.268294838419 23
106 12634.7767207 1.44152700597 -9.99135939148 -9.23351235199 -1.92380177754 -0.513651574906 -0.861639413245 2.46638757102 0.509759752396 -0.63589651124 -1.36880890644 -0.553218395889 0.970432328968 -2.17921364414 -1.6152903893 24
107 12701.8733029 2.12828603942 -4.79452364803 -3.76299596442 1.52263679315 -2.36779328052 -1.29471914034 1.65795590621 0.370584306751 1.88781555099 -2.08191567166 0.645696840709 -2.44760182225 -0.028105201116 -0.76853632506 3
108 12757.7418777 -4.97886963778 -0.0494319985945 -3.49716204139 -2.5483365776 0.863996554466 0.50005766883 -0.718283994999 -2.09778602438 -2.63814282341 2.24066727627 -0.254221761958 0.18771231942 0.859654902663 -2.76283186143 11
109 12759.182522 -2.4787034209 -6.12150311401 -3.94451418162 2.89851846393 0.761147301742 -2.67195044268 0.133166283903 -1.64344063221 2.64843057677 -2.42476924048 -1.99175822635 -2.99892534834 -2.06848173274 2.44480183043 1
110 12766.412676 3.13981378771 -8.28457616804 -2.39132001598 0.567642665022 2.32263941824 1.70975503201 0.17135603811 -2.23713013159 2.29150149434 0.405106915893 1.08740348047 -2.32401139149 -1.2393966443 -2.23120232432 27
111 12774.6900043 -1.87325686713 -5.88220835769 -2.38020102326 0.632820262679 -0.00207178465267 1.60825750287 -1.42095752763 -2.79454827925 1.81788760798 2.65647275436 -3.08685091498 -1.04901111375 -0.121594740553 -2.12326915133 5
112 12802.2741977 -6.44434460691 -2.96906133206 0.204362197741 2.78725051299 1.47988792478 3.05731413039 0.106507949218 2.66580631573 -3.09423485433 0.474777848776 1.06954854701 -2.31774995226 2.88197232693 0.835622918797 8
113 12933.5466591 -2.86105876157 -9.29539766789 -9.70503015263 0.73218557576 1.56506358881 -1.79533079306 -3.07569871756 2.16725289583 2.66018877004 1.9718343962 -0.77556182083 -0.730394193915 -0.0688795415114 1.23227192352 22
114 13014.2740075 3.66812140583 -0.62239854166 -4.94236000313 2.88425535487 -2.46507318659 -2.15248346039 0.186688184786 2.54348794351 -1.8679406639 1.01402978255 -0.322557669423 0.0632499381132 1.01875748892 -0.606059691823 12
115 13094.2823404 -3.76716276369 -2.73259059031 0.611975570667 1.10099856567 2.90054523296 2.03363883697 -3.07534549859 3.09889648668 -0.719565534271 -1.41039324354 1.62276724455 1.70218859631 0.861770498859 -2.77645981645 8
116 13265.1334366 -2.60661142533 -9.36266047941 -5.72046562603 -2.77178092603 -2.36365976049 1.37829665188 2.61742421262 2.27502263983 2.70317049193 -1.80108318386 1.58379331995 0.238952933834 1.11537325597 1.71565532003 19
117 13323.3163093 1.98605972411 -0.952711483913 0.381565885813 -2.6479841158 -0.373398370121 -3.03395360949 -2.82001250915 0.962370485637 -0.570429734141 -0.224369415501 -3.09569431029 -2.67942861443 1.65885344855 -1.09245475726 18
118 13381.714061 -5.68650270254 -5.72899859707 -5.51072127744 2.86413588162 2.47927601996 3.0799159379 -0.089673624732 1.64512462198 -0.665619763725 -1.34250230996 -0.718618222614 1.02413892833 -2.91656687932 1.7504139284 2
119 13543.5143366 -3.68469377956 -6.83963739133 0.628918754941 -0.190980992685 -1.52461363433 0.891748662165 -1.4135088322 1.04891668908 0.642704526634 -1.87191169362 -2.52228224183 -1.94070905891 -2.68816584384 -0.786466890318 26
120 13569.9880142 -6.92189633196 -3.25588551904 -2.28777051619 3.06833474696 0.845354819885 -1.01601737975 -0.0571285470587 2.01104199271 2.31711007791 0.618360608908 1.71847801489 0.865470261484 0.566664221993 -2.5061556266 8
121 13803.5962972 -0.426053014556 -6.41786831865 -0.204362633335 0.219577603648 3.01977448292 1.06961399587 -2.98601657539 0.0693592838706 -1.47592553897 -2.7858052942 -0.814288808768 2.67513378865 -0.828074257905 0.192885252398 23
122 13840.519699 -3.45231796294 0.487966072801 1.05409795582 1.71177621491 2.44152916694 1.75738956047 -0.946621043291 0.52431220265 -2.40088576635 -0.0875665521939 0.335759278017 -0.183438346355 -0.858554333146 1.99810734712 14
123 14014.2541992 -6.7544480168 -0.0829600246923 -6.52937856018 3.06458367827 -0.896567078141 0.570902599022 -0.012996046955 -0.264308385855 -1.61292063929 2.87438332268 2.87583843742 -2.18857331984 1.37138586043 2.64764040871 16
124 14050.0785902 0.546169303688 -9.1522764163 -8.33978970382 -2.02998899423 1.283758266 -2.8743947002 1.05047188324 0.968837517236 -1.73239198499 2.38847667738 -1.97156605167 0.631972544427 -1.86223790247 -1.33978214259 24
125 14110.8266356 -2.96594077044 -4.36941707467 -7.0102392969 2.72791049928 -2.86116886121 -1.3112586072 1.82486955316 -1.84138555303 1.98659628519 0.742560771077 1.88610915823 -1.96752496776 -2.26306455844 -0.963678476527 4
126 14150.8622197 -3.48078608267 -4.40295337856 0.521381117784 -1.95098860824 1.69621092729 0.877110398973 -2.64858625842 1.67641972892 -2.85523320185 2.07999172695 0.697400350945 -0.300534524525 1.67223088422 1.14623570965 5
127 14155.0428481 0.0531651593406 -6.94801481624 -5.69460531559 -2.70769433219 -2.97044071938 0.491415996629 3.10134700803 2.39600162238 0.492231150212 2.80208360367 -1.8706866719 0.348500496014 0.300381777605 -1.44809431799 19
128 14218.1096094 2.61094849267 -6.44821098141 -3.38345732901 2.95423001493 2.44985589783 1.14448677207 -1.64693099973 -1.97332130705 1.786264666 2.23020596781 -2.496403955 2.56082245555 -1.14992568138 2.03366547416 21
129 14280.2636824 -4.46733487613 -8.91292577743 -9.09632367663 -1.40968239736 1.50317091178 -2.25875743093 -1.20320822774 0.206015303527 0.886385254684 -2.23449353944 -0.0135041109298 -0.846546386983 1.22496872341 2.95303902915 25
130 14430.8744401 -4.62762213758 -9.04636353642 -7.89883766051 -2.56096764974 -1.25965509395 2.0070547013 -0.10202560102 1.92655472222 0.488779063833 -1.95527809665 -1.82128230922 -2.27757638883 2.44554762705 1.61418904005 25
131 14478.1702672 -4.81426092584 -0.38950391065 -1.60285406646 2.75762219523 2.51719606294 -0.881192418804 -1.49821521536 -1.27868365245 -1.83791250937 -0.769540009154 -3.08279891338 -0.249502065878 3.06169897146 -0.0248769399191 17
132 14507.1758618 -5.11043644226 -7.20765103525 -2.64607842507 2.91131594806 -0.627435831704 -2.77031412459 -1.82603613023 -2.98583152183 -0.794098318181 -0.321753179 0.0539395772667 1.69955131491 0.693810772662 1.77091205158 20
133 14518.4168844 2.06326237325 -1.48510388526 -1.70207621332 0.429571961555 1.17445845087 -1.26996013013 2.45235280263 2.04475815208 -1.2586321124 -0.439974792505 -0.0885804593031 1.39989520344 -2.40172305534 2.88598976479 18
134 14602.4710695 -0.190141246762 -0.13389119577 -1.63727327478 -0.0827011085981 -0.651034666962 0.636761335563 -2.74864425296 -0.614684236391 -1.9938007009 1.00699368541 -1.28433876528 3.03230573304 -0.113178912352 -2.75437988859 14
135 14667.0737235 -5.57736875213 -6.89478567691 -2.92632394074 2.27135632987 2.30295705249 1.59514871582 1.63156120429 -1.00160589592 -1.19004386631 -0.884132226351 -0.419965562097 1.88308938549 1.80616176774 -2.13113889808 20
136 14856.3976367 3.41383727142 -1.09293809194 -5.76267088692 1.14998622866 1.94630692834 0.724863162371 1.00351604845 -1.32313537248 0.857372352751 -0.359198295431 0.808242899177 3.11054451295 1.74154812748 -1.63925033941 12
137 14977.4152176 2.3363062521 -5.76469286192 -1.37398874545 -0.316436417971 -0.686394724741 -0.612448221152 0.343001577594 -0.606297624421 1.59999470985 -2.43206940073 1.65855907374 -0.938362369542 -2.40537604186 -1.57529787496 9
138 15022.6086024 3.47939169773 -8.37014278973 -5.21220500933 -2.09142303628 -1.15891375908 -3.14021120958 -2.64646064939 1.58741527737 1.14258233857 0.940159006517 -1.27733626578 -2.54154429396 2.40126377447 -1.56725959711 21
139 15435.0499724 -3.95282025016 -0.890951661656 -5.02930587484 0.313496608506 2.72931014845 -1.68064407173 1.8393430927 1.65315950148 2.25691851594 1.10452567879 -2.15092627522 -2.29087846622 -1.43408302114 -0.709758747093 11
140 16139.152353 -3.34089015817 -2.33511165732 0.315313683406 0.0690286554902 -2.9975689708 -1.25879864419 1.45891134404 -1.50112246149 0.70587414175 2.72496092431 -1.48292457713 1.00429922302 1.39566380718 2.50197354184 14
141 16180.244376 -5.03859163984 -0.647093297929 0.301560670064 -1.37335883848 -1.89853109714 2.98151531373 2.46080090438 1.67988008947 1.48583492219 -1.05527581619 1.44420057681 -2.09159549821 -2.74016633011 -2.27146363878 17
142 16203.6166663 -0.0331886896303 -7.80540888793 -4.68151606338 3.0894743496 -0.794374243107 2.7947313814 -2.35195863904 1.67223632961 -0.646669607594 0.879061922583 2.54932352192 1.23409297533 1.1596259022 1.7308211047 19
143 16255.289271 2.80432342065 -1.51702477182 -0.43331804024 2.15507533428 2.42756846302 1.5332088455 1.75062594913 2.47214568795 0.139179328484 0.974637414069 -1.63481436409 0.471074635092 -2.8079256651 2.55107718025 18
144 16758.6030116 -7.14769389796 -0.869179911251 0.61873678565 0.584152787347 2.15669661197 1.56969312648 0.179526404681 2.23993804246 1.71451911358 2.13294472428 -1.17111071149 2.77565160242 0.3508382788 0.0658854799099 17
145 16967.5675585 -1.71155417544 -1.14120671592 -2.58885462238 0.756496027216 -3.03235219136 1.35148541746 -0.764397461737 1.04346245412 0.917996558471 -1.1472903147 2.86875491154 -0.701276766262 -1.98446583888 -0.997197979207 10
146 16975.0051743 -1.88649627497 0.139397944579 -1.0094377998 1.25646839327 -2.47705488847 -0.184945228997 1.74268931493 -2.46714760651 -1.85113930802 -1.74389733272 0.779690431756 1.69380857212 0.347688629405 -2.64139660395 14
147 17066.8655885 -4.22515906177 -2.63130997667 0.582606470786 1.00409618067 -1.90006155853 2.07231164604 -2.67691801999 0.238077006209 0.454767568807 -1.42974313828 -0.909002152734 -2.88194040226 -1.70507480212 -2.90792226791 17
148 17398.8959032 3.26410640868 -6.18033081161 -1.10504763818 1.51449742534 -0.369353054745 2.52799062626 -1.50532051452 2.54712983575 -0.280696895687 2.11167194606 0.0270167594623 0.108522482542 1.56987757043 -0.123884647297 9
149 17537.1612012 1.64348412238 -1.23710192708 0.182456215651 2.03558708673 0.764672947909 2.59617046682 1.08636803437 -0.827559194754 -1.16710758532 1.98533685349 -0.32775874425 1.8010880104 -1.00311124266 2.57977675637 18
150 18809.4987452 -6.28574301854 -2.03799439417 1.02223532739 -0.611072361847 -2.81882960051 2.36289094525 -2.50150414603 0.647657922172 1.60843469786 -2.44660070452 -2.41964031723 3.09387475364 -1.88518868351 -0.51467622994 17
