 -4.52859656066 4.4041281514 -4.70616018053 -2.30352290279 2.68700808351 -1.13413653332 -1.50331636285 2.22007006891 1.91311996598 1.57520117167 0.039606532307 0.173705666658 2.05258420518 -2.12197796745

1 1754.90644831 4.93211781788 -8.26912554363 7.27500615527 2.83000301326 -0.223082025523 -2.22067401311 -2.61472410251 1.87594048713 1.72956534933 0.107681088701 -0.950262192266 1.07875065467 0.728262535379 -0.106653548378 23
2 2044.69248267 6.99038213664 -1.60754746619 1.50653609525 1.96374083671 0.155106023328 2.89037365426 0.632610775584 2.97335104732 0.600923651356 -2.81856703422 -0.804616233904 0.260253105635 -0.0508217539147 2.09875755292 15
3 2401.95216001 2.57164652897 -0.675759004063 2.56798510974 2.66838014568 -1.36589241274 -1.81369817539 2.65738812365 1.51555323787 -1.11609698036 0.859065045339 0.937289488334 0.839714573751 1.0145331967 0.198763910497 16
4 2510.20980366 8.51464284992 -8.29438595764 4.32560744483 2.98123577053 1.86837361233 1.49533846319 0.718639556129 0.807619668435 0.567203696045 -1.59267647801 -0.28649748607 2.1156794084 -1.18404824318 -1.83523119844 21
5 2895.85549843 6.20646082788 -3.41098643427 5.16850891178 2.68715282541 -2.14279257017 0.308520169043 2.67012861984 -3.06915370941 1.917620097 -2.18454788667 1.102170715 -2.11732410802 1.71627053012 1.4475530461 1
6 3562.66806364 3.80866084117 0.947855304321 0.32605753426 -0.0710022003551 -2.49314468245 -1.99460031755 0.737456891937 -0.788395890336 0.462575817624 -2.49894814117 1.76810235861 -1.41508009952 2.14695567929 1.76059969852 13
7 3628.66184209 8.2187050609 -5.00143939938 4.66522770193 2.99743583665 2.46897096523 3.03496990478 0.859463780232 1.40104077608 -0.575765717012 2.10666925376 -3.04666756069 -1.99582329105 -2.14260588062 -0.534086606678 3
8 3839.50679405 4.76010842664 -2.93601231005 0.434603753174 1.86747772929 -2.03889267474 2.34380673076 1.6987675246 0.528267520877 -0.491964188345 -1.73318625605 -0.8082837697 1.25948260872 -1.59092003874 -2.7984722003 4
9 4615.69164986 8.84843393686 -1.57558862374 -0.253224265648 2.47543209757 -1.62451583515 1.44518495955 -2.17273909076 0.997873757879 0.382514903671 -1.65131996148 -2.28144116542 1.11014037192 -1.57195183075 3.00951331863 15
10 4872.79964814 3.87377583817 0.262876011425 0.299608814402 0.489282769714 -2.34899289631 -3.07122084527 2.30610603501 1.28109666926 1.90674606699 -2.98925087296 1.83534045311 -2.65836415135 0.784653307758 1.2658956098 13
11 4890.21211983 3.8983172498 0.716574418648 2.07614462985 -3.04236323492 2.7916279236 -2.73334833462 1.56008955937 -1.05183733733 0.616165557892 0.228848714253 -2.79298815081 0.964685583639 -2.55094482515 1.3689111677 13
12 5265.75575431 9.00804926693 -7.45048583621 9.27122333555 2.11328634273 -0.91760173259 -0.766259258816 -0.96474769214 0.829048629012 -2.12107664533 0.817621896447 -1.51557625753 2.79320872487 0.636785902874 -1.52406090112 27
13 5553.43091016 1.9860041111 -2.21416184453 -0.240082338566 1.44090127704 2.10281641072 -1.65835886206 2.72418798456 -1.35834886082 2.78500174785 1.11714208668 2.80154113237 -0.845718910094 -1.3128311608 -2.41026301922 16
14 6162.08656841 8.23932205988 -0.398682845197 2.85705942731 -2.196182598 -2.96388136003 -2.68858609822 -2.3912572458 1.78112564082 0.488280470908 -1.29904814833 -0.686136974582 0.0134645394416 -1.05368419299 1.35581994267 15
15 6196.34078422 5.40782847537 -1.27546130862 3.76737330829 2.9892312249 -0.32726046758 2.43305747493 1.60821009191 0.694133961931 -1.30577781184 2.2760936966 -0.297167191826 -3.08421099313 2.28123329297 1.50403280553 10
16 6394.30818937 7.59750452466 -1.70384131665 5.13906221086 -2.862437347 -0.676692299668 1.0879911516 -1.75715488263 -1.00278554188 -0.400542979332 -0.442980933911 -1.34184065058 -0.90381107172 -0.898207309755 -2.446304875 12
17 6544.42659333 2.78983571692 -7.32967742712 8.46999553535 1.39748595734 -0.242682996006 -2.31298829263 3.07570365533 -1.68840696119 1.32681612875 -1.20569146067 1.69820614924 2.66258959682 2.07986353098 -1.51259942085 23
18 6578.19840102 3.26022579246 -1.92769757333 1.58778692165 -1.52908382979 -0.182214976905 0.135548099764 -0.549450053724 -1.66768775719 2.57862794087 0.636400016923 0.103533232601 -2.30969099694 2.76756120369 1.56930499164 13
19 6627.87582791 7.52067282532 -4.67982461146 1.18509730446 -0.247563769711 0.768816086287 -1.58352113929 -0.705742106641 -2.1358280994 -1.22908710187 -1.10013153069 -1.58967686683 -1.59487269508 -1.0429766499 1.58466194853 6
20 6926.52720771 4.72946250414 -3.27307218001 6.16896586541 1.27760962001 -1.50711559268 -2.48938090613 2.02813849485 -0.791088709105 -0.295236865096 1.85795395881 0.808160827404 2.27842538363 -0.770382285227 -2.54541791785 1
21 7113.30123078 4.99248138188 -4.34138552532 5.26890449374 0.999398657948 -0.346906997464 -2.3875077569 2.00932484076 2.31561795286 -1.33027981739 -2.940439918 1.26119474634 1.43120689587 2.69181217769 -2.1231900999 1
22 7158.60252251 2.02668135123 -4.24957532115 2.52944360694 -0.741197566878 2.3474537827 -2.36468581749 -0.570201533034 -1.69937489553 1.11494686461 0.635887177454 -2.29791935313 -1.46818953014 -1.9046769935 2.05739196873 7
23 7269.90835781 3.59835543751 -2.77936467786 6.40637019852 3.07537831168 -1.14884236651 -2.10473478818 1.86138650198 1.25280388847 -1.62326251632 2.93238568538 -0.443356722322 -0.611293697213 1.59192936494 -2.44885027729 1
24 7307.7217967 9.75236436682 -3.71827648392 4.70727118726 -2.8200358396 -2.37935469473 -2.1362224111 2.99018653968 1.89346945736 2.92254747915 2.72056142735 -1.93749410348 2.23910504606 -1.63823322634 1.79005649746 3
25 7649.7682073 3.58058908728 -3.48823759319 5.97915244297 -1.14823536095 0.879757321623 2.69851907169 -1.34162521668 -1.78035638945 2.9162579898 -1.67010184372 0.577271603111 2.27916836745 -3.11008748716 0.578852559409 1
26 7667.10411468 0.998622842746 -9.22285326538 6.69692638234 -2.02706058709 -2.82356100756 -0.41487130417 1.61830047627 -0.323981231016 1.27240150762 0.0973715612756 -1.69953004441 1.30509888392 1.2828502005 -1.6100984138 26
27 7743.80013721 3.07268277295 -1.8130873141 2.29857627243 1.28083988147 2.17310498672 2.20129727388 3.0995212963 0.410155979089 1.63340957483 0.745161517406 -1.94881162368 0.674533350579 1.36385275594 -2.19090056739 13
28 7850.47001134 -0.0286554953289 -4.62590808433 5.44935410425 1.76527250566 -1.32009315811 -2.45468972054 2.92190562856 -1.40285481701 -2.16499800609 -0.216517105779 2.77329991894 0.118237049586 0.434738598024 1.85067375753 2
29 7905.32875768 8.87854753051 -2.59250552352 -0.231911605727 -1.42853241266 -2.06369039872 1.7524220147 -2.20112343592 2.41452858882 -1.10535763154 2.975324685 -1.18509698594 1.26719122181 -1.02457905097 1.10793511853 6
30 7927.5742405 6.75787619083 0.0458430878026 5.9638468418 0.373519443814 -0.840569740367 2.85904577941 -2.95802947661 -0.475831479868 0.0214982135753 1.88369572213 -0.356135151495 -1.83950081749 2.48806424677 -0.508068975086 12
31 7942.57810117 9.98854550458 -9.05739431165 -0.0032617652934 2.64569157231 -0.980793305179 2.54851964984 0.147046519356 1.54121853264 0.299236229262 -1.60536964071 -0.398928373963 1.24775401741 -1.09824312746 1.04351303892 24
32 8011.80932702 1.70488306641 -2.1656491181 -0.450255117079 -0.449655335911 -1.40263599609 -2.87038235489 0.420727785474 -2.34477529753 0.752619575912 1.80072243353 1.12168964788 -0.30577720058 2.21674797147 2.61663849491 16
33 8031.06944466 3.90234907909 -0.379184237685 4.60045132848 1.96965294725 1.09969922724 -1.44418571965 -0.522608305514 2.34562474654 1.73583835764 -1.67156856362 -2.09130417641 -0.777103277681 0.556390698937 2.44558078292 10
34 8099.86465324 -0.0330724597838 -4.13386462417 -0.423291444509 -2.63969328918 -1.49257545351 -2.62292440984 -2.50670228217 -1.47733567773 -1.48542857837 -0.469947533938 -2.43926428509 -0.932648831199 -2.23645237316 -2.78167083538 7
35 8106.24703124 9.61113144276 -1.34839831832 1.21150469415 2.0102040725 -0.473794605774 -2.29825786002 -0.531074553855 2.52467834459 -0.826741245073 -0.751059623466 0.663479075641 2.62065887669 2.90064824719 -2.73971434767 15
36 8165.76963239 9.78381559227 -2.85161854611 0.476832389847 1.46355136947 -0.400334278392 0.511273933729 1.80932560201 -2.66395604206 -2.90447217249 -2.69234183458 -2.71210378732 2.61714937221 1.79141930348 1.21010246911 6
37 8211.60400719 2.34499267252 -8.14820779487 3.6944125097 -1.71648745019 1.74140640384 -2.24394669667 -2.96644250218 0.559545487352 0.414525384559 0.209579707493 -1.11117758396 -2.8364526497 0.466745798507 -0.875210740901 20
38 8269.44106006 9.98287064551 -2.87179964503 5.7843667706 -3.04139552025 -1.91659671255 -2.91032420942 -2.44178018101 0.0674318331035 1.35038664788 2.31370997176 -1.61643573721 -2.85459713871 0.498507651414 -2.2715603609 3
39 8299.7483537 4.55916609074 -5.53926220975 0.794608413633 1.08466358751 0.0507531549984 -0.589835023026 -2.75851346789 -1.8300568552 -2.17797515666 -2.0868498302 0.0487849898038 -1.08492090884 -0.686317300977 -2.68559204691 4
40 8311.52095163 -0.0477143344154 -9.45167465051 3.02842017372 0.54923267393 -0.046691691977 1.28596617941 -2.4433176328 -2.32609639118 -0.622525558196 0.354652642829 2.64579718316 -1.6138217118 0.881579159455 0.0234522383348 20
41 8467.22332842 9.89802094891 0.0370520703968 1.29500129095 0.943285689924 0.751413928396 -0.912771994811 -0.758914404523 1.56211160594 0.447914495317 -0.973416887621 0.617846159244 -1.36337710238 -2.3549505184 -2.10461564202 15
42 8534.1918802 -0.20799164125 -8.84074776764 3.6059996374 0.859473231296 -1.27701440824 -2.05757816517 1.44913156405 -1.44937744653 -2.68555263418 -1.66853521056 -1.49230635228 2.0758098026 1.88287210116 -3.06661129853 20
43 8706.74101289 1.03487618251 -7.41921135648 8.4421660212 0.318261403265 1.80892965138 -1.52346174671 1.71471966734 2.45276009521 0.237441287419 1.54274654063 1.33034792289 0.533361409852 2.11344567769 2.01065707566 26
44 8742.32739496 5.30399929107 -2.4515792324 0.880939897309 0.624076996257 -3.07711540016 3.0311988073 -1.30606623185 1.87547986768 1.68198281521 1.48609678532 -2.34092240633 1.85402629423 -2.62888369186 -2.08088814695 13
45 8814.90939449 5.69443014542 -7.79205419619 0.87813447962 -2.41227385672 -2.05434591734 1.48818081416 3.05553528363 0.258070132592 -0.0560315940968 -0.280944895098 2.56970004947 0.0209823628558 -0.0261548547249 -0.0827608720576 22
46 8830.83083814 8.72013060817 -7.44664900514 1.63552970121 -2.30272802479 -1.47106085881 -2.85946138584 1.63148993301 -1.51253752942 -1.7698212451 0.413740176307 -0.267992487266 3.05986954025 -2.41455946775 -2.61228032495 24
47 8849.58874035 0.054289961078 -2.5061791634 5.05367017815 -0.221774083398 0.439967232814 -1.92417164198 0.686396527781 0.905674761971 2.72380899467 0.411932882313 0.182126935124 1.44133995969 -2.98706734739 -2.22019955706 11
48 8901.77417715 3.53510179515 -1.26166855902 5.52368487676 1.97625678794 -1.25267583498 -0.863015839924 -0.820365556549 -1.36703484878 -2.82750979888 1.97152217756 -0.503938690556 2.53815231984 0.323536875283 -1.93236658052 10
49 9151.79585225 0.870195914502 -3.16718569368 1.28094055283 -2.65186609637 0.855631555656 0.119248778006 2.12116211141 1.92201882064 -1.9560006081 -2.55744369087 2.80561925619 -0.572580548998 2.37434268827 -2.32515201528 7
50 9195.48642983 -0.655921263674 -5.86690513436 2.40513861309 3.00780286415 1.72134051133 -0.574324072704 0.57614954374 0.720381531851 0.604534557056 -1.62577469629 -0.942012879013 0.779417016391 2.70025773621 -1.93627533189 7
51 9232.51544132 0.639190616541 -2.86496020421 3.54366416392 -1.67290133181 -3.10117154076 3.0240224816 1.1281108323 -1.9709022111 -1.46779137097 0.387000684345 -1.10555969809 -1.97748327997 2.39951683065 0.056539004103 2
52 9343.89540392 6.38322017582 -4.73734642942 0.10159542202 2.07078023769 0.59041323802 -0.313952906977 0.522430028044 0.874461914268 2.62532892622 -0.671453445446 1.39323160561 -2.16489672872 0.879445268426 3.06741237722 6
53 9442.75869157 2.86681921197 -7.33178757775 4.24313439704 1.79723648908 -2.8428269164 -1.42012402979 -0.00900084377664 -1.04075266174 0.546135237764 0.643291544417 0.476821251111 1.01767889561 -0.349981965883 -2.8247519379 19
54 9511.95342737 -0.10755097379 -1.10860903142 2.48316702208 -2.61382389031 2.33131311062 -2.67403024631 -0.0545018350345 0.182220674572 2.36525976889 0.0202415018336 -0.281488864975 -2.93465598206 -1.04269576736 2.66404882413 16
55 9604.73588176 8.74392176034 -5.1290345852 6.89541949459 -0.0223408717259 1.68004593526 -1.2820247468 -1.14004591964 -0.341565384164 -0.598009081334 -2.70865621371 -1.90571256558 0.372684023172 0.829702613862 1.53082256256 9
56 9662.43976493 1.8211258815 -2.92686786005 4.40881816585 0.160776795447 -1.96484735889 -2.54809725633 -1.0047337818 1.25865481099 -2.15419679846 -2.23106768924 0.070593402959 -1.43338934558 -1.12804365422 -2.66570356698 2
57 9665.33870319 7.95659331682 -4.50588394737 4.83274293335 -2.47341507183 0.163402265932 -0.391466175066 2.14680796812 -2.09786801087 -2.81015793662 2.84320061348 2.67881088087 -2.06212411196 -2.14936499078 -1.93369276931 3
58 9703.63859452 0.0769600484847 -0.485109133022 0.939527969972 0.141747909872 -1.01851720154 0.626331565934 2.98528409953 2.9004558719 -3.06433050009 -0.317621785497 -0.826831430179 -0.35820736353 -0.313727273057 -2.5114695408 16
59 9730.09794015 4.55451282593 -5.28074663084 0.150968184283 0.117564737944 1.49327663553 2.25038630366 2.37657040176 1.35077934888 -2.56509296367 -0.642708450198 -3.06340987139 -1.07225897463 -2.75878469649 -0.993875830734 4
60 9749.11083397 5.1642535556 -9.06143499415 9.78566848689 -1.21181371257 0.25172983813 -1.03534043113 -0.981364024832 1.74717286004 2.75821661373 1.57170002223 2.60061907831 2.80906160167 -2.79311125599 -2.3037604368 23
61 9813.16920184 7.06117607222 -2.15821982324 4.0833964857 -0.171810952246 -0.422922094233 0.815808315959 -0.010371842246 1.39410779149 2.52501921162 0.254281423388 -0.509619040856 -1.83678106449 1.95181933005 2.37111023334 12
62 9943.12261008 0.11059919192 -9.08127992621 8.44558627802 1.2750708237 0.625007407988 -1.50521060032 -1.23069016455 -2.72146206027 -1.84876593981 2.437426147 0.886556022192 -0.101173467261 -2.93423016641 -2.30005707731 26
63 9980.64481414 9.53034435061 -0.255330149187 2.56028751223 0.627481040532 -3.11492450237 1.55471463328 -0.770863401611 1.39117186637 0.60485945327 -2.18075070713 -0.332725987615 2.02968341075 -2.95014527367 -3.09601783039 15
64 9980.67150276 4.93388505151 -4.0359694226 7.06277449161 -0.886577701061 0.16486490257 2.87313878025 -1.83249797969 -1.72196274135 2.44646739338 2.20156628569 2.01781159265 1.10006334009 -3.11912545994 1.29012527046 5
65 10229.712834 5.07733860117 1.08028949045 4.76127381426 1.00127605228 2.64160003024 -1.57502252068 1.99411303362 2.22576134 2.78178187022 0.168216648265 -1.08771406143 1.36870424112 -1.82982448011 1.50530595562 10
66 10229.9712212 3.9955349683 -1.57473328718 5.88304359809 -0.543275718418 -2.65167152423 2.62230439161 1.4152583143 -1.23131975082 -0.464072458226 0.148575159651 1.01377606356 -2.94901871851 -2.84921945332 1.85789749478 10
67 10268.2659946 9.10977929687 -5.73936359413 4.60326506128 -1.37463821473 1.6891401009 -0.812499760635 -1.41669518785 -0.781223153831 0.254757795182 3.13611372114 0.389915660402 -2.58043138404 -0.983979036874 -2.83329338685 3
68 10290.3240761 4.87283651179 -5.87160829365 0.417311383402 1.31711343595 -2.32997069155 -2.85124177513 -1.11534367328 -1.92877713637 1.06672822815 -1.81363106893 -2.86415653272 1.58168119298 2.25409837828 1.95693087266 4
69 10296.3471458 1.26419630801 -2.69270427247 4.88331370916 -0.600045676973 -1.28613485818 -0.0762954901024 -0.639638907579 0.90110345343 2.52954518457 -2.47044700596 -2.87027751201 -0.360313524165 1.44232549958 0.881024022702 2
70 10430.6430982 2.61916975774 -3.69886033377 5.34614209335 -1.14814954871 -2.95873384055 2.02233208466 0.950667335175 2.57688910273 2.82311636446 1.69906919635 2.57579650603 1.32996737726 2.43136403658 0.922066363694 2
71 10611.6703194 3.14924883519 -3.16331920049 7.39712680061 2.34142313766 -2.11098794988 1.37183439171 -1.87279291972 -2.36542514912 2.17889098541 -0.375187011233 -0.74073116504 -2.33958047874 0.903610092223 -2.83751275752 5
72 10683.7662953 8.3511272604 -8.48457025786 4.60895506681 1.5576585953 -3.12690486143 -2.21342715611 -2.15859549516 -1.78939385474 -0.26230162964 -2.63782998136 2.13411635883 -1.01074643883 2.92653167307 -0.517981931178 21
73 10738.0939297 2.81469943527 -7.31720033914 6.2449938598 0.0306729891354 -2.80584782047 -3.04976311078 2.78649230445 0.598830582173 2.0663392718 -0.28959440756 0.450413761919 -1.84126723203 2.34004865003 -1.16598925287 19
74 10771.6950938 4.88245671168 -3.12287279843 8.99382672348 0.23902982127 2.99274450752 -0.692558635234 2.5694443815 0.736857066498 1.47918500375 -1.54225526509 2.77490765138 0.887153516619 0.859509360367 -3.07679254621 5
75 10848.6100336 2.55061126562 -1.35232319532 4.93510269605 0.588160741755 -0.697495558127 -1.83876886601 1.22062231407 -0.74547119475 -1.21429555103 2.41688952028 -1.27119906195 0.291290985799 -2.82499919482 2.17692868212 11
76 10917.1872509 9.9965352263 -7.33276244603 1.3384106297 0.970628773979 -3.03484240851 -1.99570915402 0.141210467686 -1.52231342042 -2.88527644773 -2.20573401137 2.92526501631 1.03309365399 -2.55005086886 -1.00684144273 24
77 10992.6391303 5.55034232358 -7.5562184001 5.62204967068 -1.2587069643 -2.42514838415 3.12070815285 -1.98862629391 2.87498712658 -1.98779365761 0.816339123777 2.74072943479 2.4999671352 -1.47947329479 -1.31309691134 19
78 11178.5662088 6.74158574847 -9.70566184251 0.276129582306 3.08066512946 1.27305559578 -2.8428738998 0.594944415052 2.4196813047 2.25312700343 -2.92311377884 1.8191718476 3.04731746766 -1.58758278154 -0.454546756428 24
79 11185.9512464 9.68569694991 -5.57489075626 2.83459518752 -1.21201200703 -1.72816162373 -0.876840923074 0.723724907021 2.02781582566 -0.855446964906 -1.16073719768 -3.07720212018 -0.208938913389 2.85912038753 2.75559834552 6
80 11226.4916246 7.09734690782 -8.25078106297 3.46689634474 0.594670272531 -1.94675295931 0.311086593757 -0.410280531691 -1.23526006337 2.57164105451 1.48335492631 -0.360839807391 -2.61633755735 -2.62478159264 2.25246144717 21
81 11264.1070881 -0.393170347558 -1.76007573851 5.39633498383 -1.36459916218 2.25283886695 -2.31748693753 1.35049102012 -1.8310975655 1.18953500964 -2.51150343462 -1.42335188735 2.83028320031 -2.34208529677 -1.28500001233 11
82 11271.2380418 6.79685300942 -7.89989953832 1.96623750155 0.356955689179 1.11617024529 0.946440243902 -1.38264130806 0.846549236234 0.870979872964 -1.93336691418 -1.16444774904 2.72147709958 2.12384308294 -0.255430495802 24
83 11272.7210753 8.66074127061 -1.16805167701 8.45641978405 1.75209916372 -0.143026627179 2.00207292687 -1.94093446808 -1.06019764901 -0.322842950256 0.518684285187 -1.28168659992 -2.20513830741 -1.50791958365 1.73284492365 18
84 11354.7689494 8.27673252647 -5.17788995395 3.97777871735 -0.867584694055 0.284693089867 2.199114945 -1.29055723121 -1.06959817999 0.326916301928 -3.04003545168 0.29511773889 0.188269139549 -2.62999813605 1.5962491237 3
85 11361.5105952 9.87561876111 -5.52448062218 1.3611085742 0.603629773511 1.13129360985 -1.97286238924 1.89355911828 -1.20774070976 2.31611048094 -1.04649569659 2.93043121773 3.11174500152 1.76760089564 -2.26025399582 6
86 11401.5225931 0.925867341125 -6.02674791972 1.5650383045 2.16355968659 -0.741504083727 -1.77569437215 -2.37531315037 -1.60426722558 2.8223451264 2.25395621951 0.944141146943 -0.039508666456 2.8291657339 2.50027591638 7
87 11430.0352107 1.43762286685 -4.23823424064 8.89587296965 -1.65562128617 2.41507514873 1.45132256009 0.635796366448 -0.973551561661 2.09620312245 1.92022316409 -0.626559202272 1.74085771398 0.0816288966521 -2.56752100325 8
88 11449.9532019 0.296891071527 -9.81622677804 -0.032059184634 0.128817177466 0.328085360665 -2.95238324525 -2.30056138325 -2.27433998659 0.789921962668 0.330706451656 1.61993101118 -2.20483271059 -0.0142136017765 -0.434320346965 25
89 11521.1444148 3.69468229112 -5.32961793118 10.2027301202 0.689608971347 2.64651492975 -0.636258912136 -1.71713516438 2.56434563316 1.7515363475 0.551781257598 -2.1772398914 -2.1631219317 -0.287194106707 -2.61763036341 5
90 11555.9931612 3.59100923079 -7.30986976629 0.610461689748 0.950776365266 1.74334157894 -1.66008469026 2.2363259804 0.289603793519 -2.97363299365 -1.21641633901 2.70979566661 -1.28982017896 2.36600327857 1.85662345222 22
91 11754.7394914 3.29276483679 -8.25296747247 0.323729952016 -2.27138173016 -1.82311246958 -1.35419321809 -2.37925841445 0.227416476058 -0.974865315516 -0.531405394776 -2.35627816626 0.0579673963806 -2.31505801729 2.5534832084 22
92 11811.0329084 -0.714877825782 -3.56803279596 8.36517712939 2.82296511878 -3.05051299269 1.43669949029 -2.2593347055 0.992155748142 2.50323393297 -2.86886928944 2.24672039771 -1.6901720824 -0.689330606709 1.9392949979 8
93 11854.9632944 6.95441675987 -9.20619988552 6.97533866295 0.158518703088 1.58890717539 3.01260793854 0.069136030007 -1.84063399523 -1.92774364326 0.453200335556 1.51326496743 0.84848135206 1.08394449964 0.457487588252 27
94 12090.8299852 -0.626114561254 -2.96864572913 5.66281714094 1.96800738459 0.343628110249 0.943365551002 2.26987677299 0.198347241083 1.82431176619 -2.77448849574 1.05729585822 -0.938604946075 2.78962358083 0.829794791887 2
95 12134.0486229 2.36186291338 -0.432767732328 5.96852591326 2.82973579628 -0.484402879961 1.62622596713 2.50756025494 0.400564967328 -1.91877365433 0.545931961766 -2.49316030542 -1.81563031568 1.68830303687 -0.880306354043 11
96 12183.4527083 -0.879021949145 -5.91607374701 2.56247375032 2.1083369645 1.21925286032 -0.769532392766 -1.11906914413 -2.45823052278 -2.80869821108 -1.39039650239 0.445910980879 1.84495697005 -0.526242648133 1.5413085796 7
97 12362.0318501 7.00494712966 -8.69901289241 8.97428306541 -2.04907053082 -0.0310364980179 -1.77474653538 -0.626793466956 -2.48158375886 -2.5250661286 3.03466630662 -2.80040600226 -2.4834585865 0.707514632389 2.49514028223 27
98 12437.2750284 3.23815022229 -7.92397575383 3.38457516182 1.19734797042 1.5033789093 -0.531136599211 -1.49817858496 1.97303865401 -1.53185999702 -2.03546438009 2.03505732876 -0.636469601655 0.761388538349 2.93613255906 19
99 12458.5676205 1.50334904593 -1.43453282175 9.73542583133 -0.811034227162 1.79016390363 0.294143153112 0.931326794381 -1.19410026802 -2.64538207481 -0.997906826672 0.647296304188 -0.323214066372 -1.16490458549 -0.093435610963 17
100 12520.4104192 6.82604175979 -2.44802528352 6.2944409069 -1.7706634307 2.48661204299 0.717559996345 0.746839637519 -1.08845927443 -0.23274537653 -0.0245074843312 1.17879636162 1.55689742437 -2.94543903499 -1.72475494175 12
101 12657.8286703 0.491953744118 -6.85414008248 1.21431601536 0.550099823653 1.93124850052 0.776804471562 -0.784798067695 1.38965082018 -3.06886220395 0.245856377777 -1.39725831894 -0.11323061912 -2.91091686312 1.18098202549 25
102 12877.6355865 9.82904970606 -7.54753418518 7.52448448936 -1.62100918608 -0.0684407908871 2.42060468494 2.36955665001 2.81447601577 -1.18233375528 -0.330999296872 2.84768149328 2.1694897074 -2.28382181807 -1.50215501987 27
103 12880.1545664 5.76511413972 -4.43960199154 2.03981317084 0.744079087327 0.661537223359 -1.28792701602 2.24731891131 2.72950387305 0.810000055292 1.33314001159 -2.58045085767 -0.175057096978 2.24526075753 -2.9417139814 4
104 12892.586152 -0.00160300427809 -5.49189233163 9.70339283965 1.14643744265 1.17289287083 -1.36374707878 0.400369159008 -2.10419554227 2.80725379968 -2.42113885892 1.45812204353 0.314345105069 -0.0308275790882 2.49454537778 8
105 12951.2526521 6.30943308823 -2.86894203751 7.77481604671 -2.55908487696 -0.598262487903 0.379924264443 -2.73393267737 0.0900698240632 -1.34632747555 -1.82962053967 0.270130640645 -1.59916469647 -0.133264863618 -1.02811563275 5
106 12996.8044958 4.3296983738 -7.39408496386 9.45897945361 -1.34430860536 0.578286709433 2.58268578313 2.30158294455 -2.90205493531 -1.04252788704 -0.147361069617 2.6426275098 0.990798871687 -2.41924379799 -1.8248759094 23
107 13125.5989327 3.09018917198 -3.23570937197 2.51084052863 -0.0503513415708 1.53895600644 0.846792015262 -2.02655913763 -1.14130120171 2.06427552778 -2.85628321887 2.43601253702 -1.76879822994 2.91196033978 -0.78612485665 4
108 13433.4732324 2.25658317723 -6.97920949463 6.74977695829 -0.048259417765 1.1120228068 -3.13162144362 -0.363412854618 1.24775074801 -0.811268649994 -0.871162783861 -1.87479198767 -1.08350041713 -2.96264392068 -2.23557500993 26
109 13586.6870519 3.0003722715 -6.2562043793 5.14658464171 -0.163383531731 1.93865046906 -1.74536486705 -3.1031025882 0.738085530618 -2.01892268149 -0.620338084338 3.09306440639 -2.53884772515 3.07950799045 -2.18576387317 19
110 13694.0658161 2.29818194429 -7.54875739943 -0.0520153158179 -1.98364798985 1.54058146821 2.56206863939 2.23231132421 -0.85682643914 1.83714252681 -2.93691107742 2.81472568188 2.88213853575 -1.85519525442 1.39893514221 25
111 13727.0453172 3.17283205015 -9.12041019072 -0.388619909704 2.78023271009 -0.595636268804 2.426000598 -0.505574289969 1.48454660584 -2.75878652488 1.86292590672 0.584632130536 2.61694262948 -1.66071910188 2.78603945752 22
112 13832.0110421 1.44847401946 -0.589341833337 4.91343415241 0.269852331296 -0.397059399555 -1.14408826592 -0.721433482462 0.471992307811 1.78644261436 -0.089664307632 -1.47836372066 -2.47541811676 -0.770808193616 -1.67052742985 11
113 13833.0147994 0.875545196553 0.185839058765 9.0348667298 2.30247339337 2.05215234818 0.512936631885 -1.88447768783 -2.60522304653 0.111397354165 -1.75559223759 -1.74355281419 -1.41897569142 -0.920322658604 -0.722771674072 17
114 13839.6326238 2.03922665007 -1.87836982711 9.8754653784 -2.29048491043 -1.06063959664 2.19425899266 -1.58400951293 0.0894854340435 1.5367858623 1.93168766508 -0.508781205928 -0.160768874676 1.13786063048 -0.867849642572 17
115 13842.2839919 -0.295322329646 -4.17444448281 6.71158878718 -2.38654038248 3.02523683236 2.74425372875 1.92481304344 0.233973973281 1.08002138719 -0.996929586222 -0.558628327125 -1.34674531895 -3.02129892805 -0.0290143529353 8
116 13877.0267656 5.79094309598 -7.50789921646 2.17159588036 -0.336870460387 -2.4289264145 2.17283027015 -1.76820730707 3.08982653655 -2.73390903726 -1.42406742089 2.2509902088 -0.0323323442757 -1.4110803095 -2.38228932106 22
117 13939.1534709 0.916840668068 -8.17129405349 1.01152154653 2.94571264159 -0.382593327305 -0.00901070570893 1.95114577864 -2.5200741543 1.03276667835 -2.69139944727 1.04799042573 1.50333297382 -0.837699116821 -0.806136359807 25
118 14008.350049 1.18676765834 -7.32479984139 0.96832742322 2.78551091747 2.13993213496 -0.162740203437 -1.25996320842 1.95149212842 -0.662393481541 -0.588270483725 -1.07316344457 -1.5180136442 2.29004221308 -2.01910206994 25
119 14025.4651149 -0.155676795955 -6.38601852438 6.97266446648 1.24868779077 -0.967050523793 -0.990680717079 -1.05981599339 2.50800548954 -1.25280601599 -0.787065965829 -1.64441141099 -0.536074537901 -0.381768498434 1.24334949303 26
120 14188.9964422 5.4554540917 -4.16466903174 9.93695587419 1.55432550505 1.24961162857 1.40921773468 0.241493874497 -0.512561916817 0.500911952461 -2.97943960915 2.67441076069 2.49986898595 1.43449867035 -2.47037310441 5
121 14264.0606767 5.90242433144 -5.7501581406 6.34141119506 -1.74313464291 2.43722313368 0.886753605939 2.92207697189 -1.73714775342 0.190588620048 -1.97341878414 -1.24828102279 2.43929136561 -1.26630062752 -2.90006586404 1
122 14316.5334125 2.84638191471 0.608412696657 7.55031018742 -2.65360231155 2.46648193065 -2.64487926686 2.16224362218 -0.744463263218 -1.14194562107 -2.56025678549 1.43179743944 1.28568693747 -1.33084054289 -1.33358043453 14
123 14401.3962063 8.19094662992 -3.14662534261 9.25902738612 -0.24608629205 -1.74728421956 2.40201632595 -1.46929280472 -2.21473849575 0.0447758109397 -0.938356142135 1.11224527763 1.46120607057 -2.25204394635 0.131753244116 9
124 14416.2264442 8.8440932376 -0.431171255291 4.39501653184 -1.8637078487 1.3181412966 -0.114756464441 0.343679141549 -2.85609602128 1.59573169142 2.92361394187 1.82330858678 -0.393970078097 -3.13620782804 3.10845440105 12
125 14442.7644711 2.25809356421 -6.21381915832 9.7369381268 -2.33835096982 -1.69080111049 -1.32464079366 -1.86502014421 0.161325425935 1.81779670562 -2.05743112132 -1.2717647009 -2.09641644963 -1.5128584499 0.309473100403 8
126 14502.9715472 4.05261188316 -0.113245367705 6.47584294555 2.75485886351 1.47860731474 -1.27805254039 -2.93339039401 0.521285260701 -2.12415890916 -2.74344166298 1.36206959051 -2.42834131367 1.17625552934 1.50628656993 10
127 14507.2082053 -0.213328122096 -0.118260738943 7.31680566368 0.0340262953242 -1.77837931332 -0.861883442858 0.714871828498 2.92467077966 0.938647668083 -2.09641001277 -1.2697194834 1.04782817148 1.54140347015 1.37560614281 17
128 14720.2445876 7.18016315412 -8.18329763545 4.01269768832 -0.37291542839 -2.55117543775 0.493241005492 2.4806886892 -2.53456135629 -2.6074967107 -1.41013311033 1.45729510082 -0.777713421739 -1.28868976021 1.43679337471 21
129 14815.6792797 4.69884135372 -0.971516813838 8.03641745698 -0.399352879223 0.247820605077 2.12486077316 0.842241473248 -0.825060285319 -3.02923614379 -2.53637255965 -2.22354266803 2.79392423663 -0.579914843879 0.971388681687 14
130 14876.9570975 1.86076461703 -7.39748745217 4.06983168489 -0.426647502797 -2.38584238336 2.06560647346 -2.40196112814 0.555130118685 1.26047475632 1.45875683486 1.46653653988 3.05585745546 1.33284612091 1.78616812629 20
131 14910.4276025 8.46821705715 0.116616765043 8.9840988328 1.52287558818 -1.50279001622 -1.40299959557 2.54249121893 1.62682320624 -1.08152118295 1.11866791475 0.325567735444 -0.457661548632 -1.56373472925 -2.80607115191 18
132 15059.7586517 0.377021576009 -3.77698986054 9.0004426846 -2.20906724362 -3.0148355618 2.8005728523 1.94555149297 -1.83114883992 2.98288484195 -2.63283777704 1.70462166887 2.02246391999 0.0586938560363 0.528067947119 8
133 15326.3715509 5.2865480779 -9.5951526376 6.57534721509 0.63352879824 0.634506350744 0.762283239035 -1.17089872206 -2.56505770975 -0.0369233627815 -0.240450373901 0.0641828395393 -2.76173452689 -2.82004441445 -0.988017738364 23
134 15574.8052954 9.29656698625 0.458640794959 5.57669719598 -2.00660366175 -1.56454960439 0.113458015469 -0.512331402168 0.985079222098 2.01239189061 2.73083429314 2.60247786826 1.20602762168 0.655880295176 1.90010126191 12
135 16128.7990372 1.27491067881 -1.52318666826 5.00418800698 0.131828538661 -3.04572827334 0.430537137304 2.5315162157 2.96299556305 2.81431129623 -2.92026637913 -1.23970795807 1.05929491774 -2.70058714649 1.90262475029 11
136 16200.3902891 8.46870297416 -2.92306651883 8.24223088047 -1.55300323189 2.15013279449 -0.0826572820504 -2.2689596801 -0.261320773974 -1.94240063981 -2.63928156869 -3.10145105912 1.85284356025 0.822096557434 -2.06363416543 9
137 16217.0995012 4.22542266994 -1.58412392474 9.66418493469 1.50252545369 -2.44841175738 1.64525148175 2.70917858269 2.31895387106 -3.01978848331 -3.13018012771 -1.75837359496 0.328104362254 3.10353854626 2.19731203668 14
138 16308.4629057 7.12276178709 -8.33155888452 3.69899635097 1.37211055119 0.728350730983 -3.09146928042 -2.79920456295 -1.64068872322 -1.82464647259 -1.88518874938 -0.932829209454 2.59285520183 -0.7941606971 2.34677745003 21
139 16397.2373615 8.69267591217 -6.41269188809 6.72737066084 0.0842420082798 1.02608364271 2.82554279426 -1.4386277504 -0.960625712335 -2.83817098289 1.47621220436 2.15817316737 -2.60000503511 -3.10535860441 -1.77221304932 27
140 16532.9493046 9.37024997599 -2.66107982625 7.20648331069 -0.563520329659 0.6966485625 -1.71176047708 1.8025753496 -2.82314768888 1.27574566195 0.54077771224 -2.95851292141 2.49256303508 2.04909187214 -1.8435920182 9
141 16943.9542093 6.12722919628 -1.03527928871 8.94921111684 2.05678549813 -2.84194146738 -2.65260859655 -1.76110815855 -2.4759068678 1.85608434553 0.268259260668 -0.346158209214 0.921819863778 0.607121155315 1.527193002 14
142 17044.4114574 8.38260376554 -4.73317572779 8.63454593358 -2.43084045236 2.59406261759 0.440082704809 1.52167581471 -1.88589243761 2.00521737362 1.41982236619 0.767106934574 -1.40226411349 -0.946627479033 1.52400997301 9
143 17082.7064746 7.97555999178 -0.832811229424 7.57428674585 -2.38979735097 -2.94168217053 2.23884745974 -2.3801602513 -0.273808072194 -0.129731727501 -2.47140332933 1.88551237808 1.03650912217 2.36709226113 1.47937735408 18
144 17578.4361378 5.99655749608 -1.31623467676 9.49234270548 2.90304140388 -1.63010900286 0.826299968323 2.56138982786 -1.67884243488 2.55657276893 3.09076767241 2.95279417853 0.564928343876 1.14360720316 1.70314540558 14
145 17746.7938887 -0.676232756771 -0.0792960822705 8.32186239435 0.911949547687 -0.261278651757 -2.51959827571 0.309957542871 -0.280556172777 1.09152119147 0.9021005473 0.0289833335738 -1.49113405252 -2.27914816907 2.20501652989 17
146 17921.9969674 9.49024363224 -1.61674962781 7.90444769866 -2.04544146006 -1.38382954036 -2.46486983161 -1.5490271536 -2.21675345839 -2.56279361985 3.05178931212 -1.65081927795 0.856361595017 1.13788354457 -1.90923581825 18
147 18294.9923299 -0.713502055082 -8.12769403771 5.23742321707 -0.755305265893 -0.668667316351 2.09679115807 -0.83127583212 -0.649410132827 -1.22862296746 -2.91642151811 -1.73025346283 1.44810719788 -1.80212720496 -1.30687527579 20
148 19396.1852928 6.63115335901 -1.58918922755 9.18098912393 -2.52247662346 2.43358283933 -1.91236761394 1.42360790077 -2.33430157451 -2.23199369493 2.93890770211 1.69877798062 -1.86398966984 -2.15543120765 -0.482996703001 18
149 19424.8003514 9.06561188926 -3.14148572263 9.08399146403 -1.60330211886 -1.43643093205 2.41115270578 -0.792967665271 -0.79312073618 -2.62657977952 -2.056385117 -1.95037767519 -2.02528045 0.448523307145 0.310359856138 9
150 19980.1903131 4.91943275442 0.178043498722 9.83733003443 -2.07305623084 0.116270448962 0.0778124780309 1.50526606412 1.14121969294 -0.952746708065 2.086795626 2.42721114758 -2.73172821928 -0.22435077943 -1.85855283432 14
