 -3.91969160279 4.93095614366 4.91630635991 0.435594520215 -1.32963673774 -1.35593097867 -1.34541375687 -0.015716580929 -2.17556528003 0.434786963522 0.780334049831 -1.74033122391 -2.30154467469 0.815055276008

1 1348.00953293 6.05817434432 -3.52470709596 -8.10490657698 1.1443101248 -0.364120919927 -2.38646142261 1.99110516361 0.168729684664 -2.12512339924 -2.08492277541 -0.200468798024 -2.4650097865 -1.45741012199 1.20752739948 6
2 1717.76457464 5.23258949195 -8.25471910712 -4.38618202724 0.17743738846 -1.30599190229 -2.86970108419 -0.79162922848 2.14574169251 0.762404809451 -0.310558445824 -0.864700378533 -2.83949142038 -0.206703805646 2.31123953742 19
3 2723.8448813 1.05821690666 -1.34385484091 -9.71673840308 -1.09989952147 -1.29740242391 -2.30149724432 -0.91827908693 2.53300634864 -1.10500729391 2.19834384449 -1.52532798062 0.432048448029 2.58451917896 -1.24895476497 16
4 3142.51031958 2.77269464603 -0.320067742592 -8.5641461205 -0.968562905973 2.42506335341 -0.444423743266 -0.762355886054 0.299260655853 -1.45069833569 2.12642398395 -0.493146540073 -0.57586825486 -1.24481972806 0.480763569914 13
5 4411.24041119 7.48590714857 -1.84852370573 -9.33629869303 0.856465918503 -1.54932034422 0.523961469576 -2.32088094065 1.73487867166 -0.985532033575 1.18590718808 0.132618352398 1.10875980077 -2.4204520882 2.0286081075 15
6 4509.60778263 4.84796603139 -1.16996523679 -8.34819757523 0.743596234669 0.626735132663 -1.1463536084 -1.58955237012 -1.83016152355 0.578272113141 -2.56409685437 0.435789676673 0.905110059237 -2.22524010308 2.08189288931 13
7 4620.53106493 7.14017363469 -4.86447850276 -6.90162760069 -0.33003870269 2.42339238377 0.779624781346 -2.04381115372 2.54264527144 -0.129884511503 -0.0188515302303 1.02480614095 -0.325228499663 -0.71112620545 -0.164246689175 6
8 4632.91065333 5.74517508889 -8.52534857139 -2.15543876221 0.366577471148 -2.74910223592 -2.01435237775 3.02445700285 -1.37790493904 -0.703365459324 1.13956773439 -1.11498245678 0.493737621294 0.523407990732 -1.93546390438 23
9 4858.29640357 5.11068783458 0.384035626714 -7.54412506992 1.95740026667 -1.29754050873 -1.59090621387 -2.82112747484 1.45434580917 1.96489919759 -0.538062089399 0.69687356513 -1.56494120619 2.16279796726 1.61802720281 13
10 5179.86059491 2.60472503936 -1.64429703895 -9.24695498798 -2.80706142704 3.11053673155 -0.987979515084 1.59670762413 1.39997459124 2.48878031297 -2.41272216767 0.947717775459 1.60020160424 -1.25827101103 0.855697954334 13
11 5319.27524587 3.45855631631 -6.89656278817 -3.09789878377 -0.80898903401 3.11914478864 -0.496098864402 -1.37395950094 2.98415498741 -2.86114125556 -1.16038552972 -0.607825216254 1.03567496238 -0.959507729896 3.13855844097 19
12 5623.63339757 0.560340457671 -5.53829433224 -4.2926304559 -0.648439901092 2.1179450614 2.90542451701 0.209464080012 -1.36482915818 0.255635832326 -1.2226263236 -0.117386519654 -0.259855582506 2.27131946425 1.70264667756 2
13 6079.34695806 3.56565371265 -6.25892464634 -10.3826043621 1.36873713292 -0.164808742276 2.80866915899 1.93864870621 -1.420097195 -0.351502517804 -0.202373816552 -1.34448786384 -2.30195696231 1.826189996 -0.904055785842 4
14 6163.03031216 5.37446681854 -8.57058187054 -6.97040810678 0.4716456048 0.144057263101 3.07702223411 -2.16902761969 0.577020903536 1.75098312144 0.230429123146 2.81738941862 -1.17037540672 -0.430377885487 2.33886318367 22
15 6577.77616777 4.92414174567 -3.92533748666 -10.3938733839 -2.80517891138 -2.1369746948 -0.146314002171 2.55139848802 0.477092047632 -0.6898034467 -0.921683059675 0.417549776935 -0.095293636357 -2.34803330583 0.70743064398 4
16 6903.89098702 -0.86980967158 0.27074118215 -9.1509473149 0.67105011304 -1.59785350167 -0.452638007148 -2.641498806 0.397882700499 1.84085908667 1.95420829532 0.468885309985 -0.199366139051 1.47215233317 2.61124649013 16
17 6955.89845371 4.77065931282 -5.41579265665 -6.17540650391 1.82242153793 1.8656271361 -2.58929545186 -0.769680694407 1.67404892622 1.29577166373 -0.396288834689 1.47318460515 1.56828914525 -0.253160770906 1.75708860116 1
18 6961.22529591 5.09100312667 -3.30563426836 -5.50568442504 -1.53851199596 -1.82438142033 2.73332067025 -0.0214940757331 -2.03795765007 2.71512276277 2.93986080755 0.212262025948 2.578683305 -0.159788840583 -0.795418519498 1
19 7186.14779162 6.57552761474 -7.34943450817 -9.97670224154 0.223913493024 -1.32187046139 -2.77043736835 -1.54334806974 1.05836762595 2.99604210639 1.06164209292 -2.13931025469 -0.434919540017 -1.72411121003 2.94471723198 24
20 7478.52934685 2.11407124985 -3.58339638918 -4.09052118827 0.706905984561 -2.32041152992 -0.193733794349 -2.83983346002 -2.8530146692 0.360734915455 -1.7376450524 2.91720529498 2.21794137849 -2.07206979197 0.8012111939 1
21 7593.46577257 7.98447300522 -9.07017912161 -9.46403029037 0.24736393912 -0.0867684901098 2.31591753872 2.60167447165 1.86068359277 -1.75602437473 1.84475936887 -0.379077570739 -1.97470362536 1.90658677905 1.862758541 24
22 7608.97150629 6.43946016423 -8.67676483231 -4.4422529068 1.35547918548 2.41221563221 -1.66892260956 -1.576111744 -2.28047379389 -2.319744983 -2.75246780138 -1.32658318891 -0.514141750227 -3.11242522312 1.41378980662 21
23 7695.37735518 3.18946820383 -5.09977029716 -8.75681248319 2.70360311331 -2.26792588336 -3.04295984628 1.74456556481 0.799510788336 0.0126608798263 -0.565052704222 -2.61742748786 2.40980246828 -1.81412500774 0.511972145279 4
24 7758.18934091 -0.400753069789 -3.21739820419 -6.62017006243 -2.46985263122 0.388079535168 2.39340116106 -2.59640349826 -2.41357459207 2.94134169264 1.49383404595 0.527572015761 -1.18841489823 -1.25578895038 0.398886900987 2
25 7819.22944843 9.41088304901 -7.30668732985 -9.88289106801 -1.45631093213 -0.219567945202 -0.708443741269 0.154273385375 -0.539212769202 1.39794669713 -0.354700621331 -0.845034068113 2.50068364921 2.76167499575 -0.0981198915343 24
26 8145.75647609 -1.26240970253 -9.4436034579 -0.95742950862 0.190609579075 0.659244842882 -2.12210405116 -0.31846586127 1.80368578909 0.0804582644434 -2.22924023206 0.713428908884 0.691308617604 -0.330441918673 3.07541512557 26
27 8224.33259728 4.80610523254 -0.916490071156 -6.18812281785 -1.22699215098 0.547374881524 -0.378494176512 -1.14853608007 1.02471105791 -1.17422781087 1.51955799015 1.80836841406 -0.942677385099 -1.31700373112 0.0121672504081 10
28 8248.78069618 2.71129024459 -2.88432603759 -8.53631941503 1.55214907545 -0.507828173812 -0.153948324976 -2.4164534167 -0.683739108378 0.975842516357 -0.471016005995 2.82173141657 2.92029319511 2.55059753462 0.825135569338 13
29 8249.99208463 -1.06771429447 -0.986264980697 -7.37936817355 0.765544853812 -0.273902280274 -2.63555288172 -1.99093925181 0.416686088052 -2.62985992481 -1.6070710322 1.52825779652 2.82079320371 -0.800006777887 2.56182421136 16
30 8271.90169328 2.34857313156 -3.7110863796 -10.3284846103 -2.40835942046 -2.84383324444 -1.43414514948 -1.6648752793 1.90450350952 -1.2872431276 -2.03496214398 -1.51652585473 0.580103006156 1.19661221747 0.573734375885 4
31 8290.85501924 0.483766230476 -9.39698357287 -2.33188451678 -0.917324048543 0.029449110234 0.0974561849296 -1.36387262776 2.73777667779 -1.90257810279 1.48700268703 -2.9893027506 2.11774221725 2.59770769217 -2.81121512858 26
32 8357.49603184 6.7247764917 -4.47664156161 -7.63749186483 -2.01729927569 1.38910991445 -3.09628142626 2.60453242538 -2.55091298172 1.73670044299 -1.83676356683 -2.16242396941 2.21190010549 -1.13141322036 -1.69922870096 6
33 8383.95269871 7.95927352607 -3.354696495 -2.86377329205 -0.268540767022 0.767017857464 2.64067016658 -2.73194762319 -0.584597089653 -0.567458338306 -2.36112986338 -0.951540280578 -2.26251928898 2.73072018026 -0.291940503583 9
34 8671.19310417 4.89682499547 -7.26798840797 -9.2683239498 2.46897669106 -2.5232025006 0.98943120742 0.891540509937 1.87028733104 1.459104506 0.0542434502209 2.08764517797 3.04240715635 -1.8435753689 -1.32871675461 22
35 8679.88558739 7.049972807 -2.3898788962 -4.58480734029 1.30937736066 -1.23610907269 3.03809468265 -2.75796087721 -1.55866985922 2.86305541215 -0.560635246435 -1.13942926334 -3.11797710777 2.30763864727 0.932083181217 12
36 8680.78657225 6.62882423109 -2.18230521039 -5.18873480375 -1.56576030013 0.932125380731 -2.92255701032 -2.88932374598 0.995632413373 -2.57572410295 2.39386190806 -1.21989466482 3.05583935575 -2.00707594091 -2.36541386466 12
37 8736.5944853 5.10243165069 -8.45388442948 -0.396255804845 0.763937194766 1.33882628074 2.68186231937 2.86665582283 -0.654534358246 3.00315099979 -0.173848320942 0.649497934376 -0.442289721312 -1.83750059821 1.30829321825 23
38 8795.80397144 5.61962426994 -3.10130020069 -8.85975346513 2.2253057282 0.711283707285 -2.77192373785 1.72960454589 2.70730258491 -2.75573119955 0.170403423668 1.94699589114 1.06730001001 0.320282647863 1.97571491588 4
39 8807.60423004 6.52181448595 -5.30787076958 -2.16486854417 0.04964143551 -0.117498377392 -1.87588383267 -1.64355020538 1.66088936915 0.210117926321 -1.89539469021 -0.704774219951 -1.41190850095 0.0956552411307 1.45362795817 9
40 8813.58283009 9.09820965806 -8.8693629299 -8.51368028057 0.540376385605 -1.13359261728 -0.712895706737 2.50539758456 2.41902475014 1.10272434761 1.08545525654 -0.577139739489 0.939386760015 2.81391476407 -0.28485951757 24
41 8849.58520221 1.65442745135 -2.22507657569 -5.83563741585 0.358135907543 -2.26954708106 3.07427239746 -2.81429504626 2.74991528501 2.73807036848 -2.1863378945 -1.34292290808 1.69669594873 -1.95851929358 -1.07402524194 11
42 8860.9205683 9.05611442129 -4.55907691862 -6.08385286632 0.373081611062 -2.23299475503 -0.108718749541 -2.98937309797 -1.55201750695 -1.0114346035 1.25164243999 0.845888085409 1.78130615974 0.959671366709 2.18832250016 3
43 8865.14700602 5.35871806011 -1.34142232942 -5.15946781023 -2.766088071 -0.940374495226 -0.354736816622 -1.59610593488 1.65456144428 0.955225249612 -0.338470319157 1.87212104654 0.349571954509 -1.93307482313 -2.60917850973 10
44 8899.09744141 2.69101424965 -4.24771125367 -1.59895422806 -1.24225032053 -1.21476477713 -3.11280142573 0.398993515173 1.47106007444 -2.67064596173 -2.94912636282 -0.366289994007 -2.366778177 0.475773387999 2.42838286516 5
45 8952.78135907 8.84492044944 -9.26952940205 -9.27778539202 0.689284683037 -2.2320988943 1.77872920409 -1.95676202076 -2.03568172184 -0.690173729505 -2.58453448843 -0.253804951665 -2.94370831538 -1.98114643859 1.16659876428 24
46 9010.04663901 8.86055306515 -5.30007683406 -9.24998420653 -2.42038657266 -0.113548191886 -2.23938094191 -1.80907669886 0.272290149347 1.93350389203 2.82747326268 0.131875021506 -0.658879676936 0.314380781296 -2.03348895299 6
47 9086.13506481 -0.914621505448 -8.49243401456 -9.81454583523 -1.81296759289 -2.15216833385 -1.4217313297 -2.03960272613 -1.21318097033 -0.104943251644 -2.46918805978 -2.63557499089 -0.382257954633 1.0303450533 -1.12090943978 25
48 9125.58547644 -1.43744022935 -1.45879745019 -5.37045061821 2.91164448613 1.11674600637 2.10216976225 1.38172289068 -2.76427118605 -2.22674903188 -2.82298531275 1.75354807137 -1.94913442799 -1.98723770073 -0.989054157533 11
49 9187.75762719 5.54852090704 -6.95805635837 -8.65288448499 2.19864885609 -1.20183666755 0.919685801663 1.86401803984 2.25579682002 2.9867166532 -3.09087924646 2.10840010121 1.62742615035 -1.97668951313 -0.477754632585 22
50 9192.25515539 9.07064420792 -9.45527541314 -5.83863520954 -1.71003208748 -1.93217907492 2.7574169625 -1.92669848699 -2.2134451065 0.778176104014 1.05930823035 1.24062337489 1.7437619474 -0.422904030834 -0.21167274082 21
51 9359.86717904 8.38573962587 -2.83447770156 -5.28732521003 -1.40403407354 -1.38062023885 -0.065964286445 0.724882321135 0.900816932519 0.408466322641 2.27048884666 -0.62640852801 -0.99300670736 -0.30017697017 -0.982919177068 12
52 9364.0242368 9.40361010462 -3.03917496478 -7.63107951669 -0.940086506394 -1.94971636418 1.13311518091 -2.77093018472 3.06304346266 -2.83310910211 0.577681500777 0.696543993624 -2.86113330025 -2.78096203831 0.357958981812 15
53 9431.71331267 9.04705791432 -6.04312525175 -7.71169866134 -1.88875258959 0.983233807669 -1.51134921993 -1.02386661616 2.99767071089 0.926881059288 1.80693026284 0.352817188046 2.93359171787 -0.741756613304 2.91767530047 6
54 9621.00666003 4.07872022973 -2.50910864594 -7.73979535118 -1.8784759221 1.47888139385 2.55664157046 1.66940642968 1.07649825789 1.42936666811 2.79602762103 -1.89871986555 -2.33555965724 -2.84540754726 -0.839421179784 13
55 9630.70903998 3.59108908742 -6.3061082182 -3.88299175028 2.04652140347 0.787652867616 -2.8960877278 0.813988650286 -1.97458139833 1.887630702 -0.868329749927 0.854594335858 -2.23898259763 -1.38797912838 -2.51493574899 1
56 9668.38318219 2.3190642009 -4.48058924522 -2.08931769055 -0.581748831477 2.6531319813 -2.43437309162 1.51132107831 0.372740559373 -1.97608315058 0.690301185871 -1.81872348304 -1.02240754156 -1.58178143514 -1.35003318799 5
57 9708.67594625 7.71285536427 -10.0801680127 -1.76813616563 0.548364139552 0.324831800605 -3.10447877861 -0.776951052765 2.97325959145 -2.05782160282 -1.11223824219 1.42850624637 1.90683830103 2.94348919315 -1.12817149295 27
58 9724.83322684 -0.965805978413 -4.70169723571 -7.41960942034 0.33918366785 -3.08931008601 2.58568360301 1.82492480084 0.281200533492 1.53842706258 -1.99305239505 -2.65381640036 -0.840030786959 -2.90492646465 -2.48428044578 7
59 9781.32235918 4.65512693787 -9.0002966983 -10.3453800923 3.03861712437 -2.30130512875 0.225654539369 1.98719688591 2.63181906039 1.74955710609 1.25232125397 1.53203228594 2.93864601175 1.53220937646 0.050301367391 22
60 9844.03614375 8.9411677515 -6.95067618769 -5.25681896236 -1.07470732983 2.17970330692 -2.77471178212 2.83783894718 -2.59779675383 -3.05727523685 -0.442289940874 -1.76119324313 -0.773470631119 0.830970918341 2.73989442705 21
61 9851.37315986 8.31541825924 -0.975617986436 -7.50944089449 -0.979904715359 -1.26238415073 1.0683590576 -1.61724241016 -1.78599865438 -2.34498599253 -0.604027768234 -2.98999458878 -1.88822784749 -0.931494276135 -1.92092436055 15
62 9923.44126884 8.0182194146 -8.37008297331 -1.8909674671 -1.40488266663 -1.55890104821 1.88980742216 0.191675917576 -2.42354040795 -0.242180191734 -0.597409835339 -0.114571709697 -1.88049738619 2.03943843426 1.60452589825 27
63 9980.36604657 0.137420710828 -2.93631538543 -2.37465396691 -0.854787458451 1.923817576 2.03365224086 0.80278527805 2.41708723311 -0.0193135839554 -2.18843958157 -0.29305833142 -2.06508261154 0.0785419916624 -0.848698534336 17
64 9999.26161408 -0.643958190706 -5.3638687768 -5.6875809106 -0.0635866529643 -1.0631916869 2.5593045496 -2.09810023096 -0.586216444823 -1.31173736291 -3.06026178072 -0.658462058331 -1.92784089158 2.22611770164 0.23082527294 2
65 10131.2813507 3.6460465848 -8.51727027592 -6.55643564018 -1.48621457201 0.643734759108 -1.42439861827 -0.397465384562 2.75198792482 -2.31976818535 1.55397606097 0.22328014627 2.38782289363 2.93343742133 2.639536877 19
66 10317.5304396 4.63278110782 -7.8331488926 -1.41167427663 -2.67512824888 2.86698142211 -0.930667106408 -2.84943498661 0.225669752721 -0.617448400409 0.31617810507 -0.844458133107 1.34916621059 2.15878505895 -1.00198781797 23
67 10606.2198423 2.9673565072 -5.55789691827 -0.234812262213 -0.287196751022 1.03799899381 2.47695360972 -2.58139976443 -0.0353909546414 0.621093686294 -1.50547464487 -0.346881767547 -1.87817507263 -1.86991824768 -1.53053792103 5
68 10644.3280789 3.97457391673 -8.59484661395 -5.2387830083 2.63414804245 0.379213209233 -0.0495529032332 1.80768779886 2.24010823356 1.12189490785 -2.34949796696 -1.55614883221 -0.93149603593 -2.19075466869 -0.72707751197 19
69 10694.5534568 5.24051688695 -9.03595801985 -8.39350203494 1.68706139645 2.17560433022 1.70615313535 2.29453732914 -2.67973854829 -2.14617887171 -3.13652437506 0.8187384092 0.112535018 -2.73889956567 -1.34518502513 22
70 10751.3057413 5.53163172726 -3.9514471477 -0.89163559952 0.292855343279 -0.487315853711 0.0499080720218 -0.7704388578 2.48434709996 -1.46819991907 1.77374974576 -1.24064384568 -0.732956199237 2.61011104705 -2.8551484143 5
71 10878.6034856 0.200783737766 -9.97802352419 -1.76168207125 2.36998798806 2.74470332904 -2.69979993492 -0.417824111441 0.183741852999 -1.09166752884 -1.47536195758 1.47900046733 -0.81267543958 -0.195935160412 -1.69895577189 26
72 10883.4093579 3.80095333179 -2.20953288526 -3.55115229898 -0.0538073385079 2.42579449387 -2.79462624769 3.00409846126 1.12177549219 1.61887144474 -0.142763169409 -2.37317106179 2.27072419056 2.19955437525 -0.132046690791 10
73 10896.3850886 0.131717323197 -6.59505474989 -2.81625681123 -0.411750734274 -2.64114114108 -1.36053989408 1.47760320664 0.270724137354 0.167868435616 -2.74196129733 0.869194261225 -0.221167115594 2.52050068663 -0.21811120604 8
74 10921.5989646 2.26920092473 -7.43445828094 -4.1704870307 -2.30247219409 -0.64786734355 1.68198016913 1.52085200659 1.9533783492 -2.98814168334 2.89812589007 0.684659207814 -2.94530372977 -2.46870029024 -1.93031863267 19
75 11037.1652672 -1.05006314714 -1.3220637825 -6.16944461911 -3.08873915761 -2.92650740688 1.12986602878 -2.77588837185 -1.74712907455 -0.629559908827 -2.73791245004 0.188584882002 0.343598790738 -1.56438493659 0.853155477993 11
76 11074.4511781 5.82572952198 -6.13779650366 0.136597994856 2.83424366315 -2.55600576656 1.1825117491 -3.12957553425 -2.94224435978 -1.89379503258 2.61961523097 0.965480787655 -0.28036452609 -1.70105845155 1.97721963046 9
77 11164.5189766 2.2901848737 -5.39533748638 -4.10397643119 -1.78803029148 1.06221047355 2.86533267949 -0.300719149565 0.813030811672 1.01390761899 0.783361628045 -1.87180394398 1.31730336273 -2.41352273745 2.88160478884 1
78 11207.3068744 1.43456077966 -3.54907903643 -10.3318300856 -1.91595309531 2.05602627209 -2.2008207252 -0.117572739188 -2.98785762799 -2.67958761196 -2.87517367674 -2.02243554453 2.82089297522 -0.501264768976 -0.284419779341 7
79 11272.8954828 8.54686275683 -2.14605066234 -8.79154119453 3.05819882662 0.862372028499 0.425567206387 0.0884480019118 1.68848564016 0.484366552237 0.428965252256 -1.08550809604 2.61940694677 2.91319662032 -2.87035058608 15
80 11304.5313454 -0.985557711741 -8.69469159947 -0.919662399784 -0.63259627177 -2.9199714547 1.07529754543 -0.440432585212 -2.3830044044 2.63003273334 1.23456478574 -2.79629678835 2.19376443183 0.319572579869 -1.12000201507 26
81 11345.9846992 6.06840047451 -7.2125008316 -0.214468072441 2.8600493097 -1.76250288851 1.84747214994 1.28879513787 -2.73825758212 -1.37670793225 2.05281659819 -0.217797968693 1.75869078186 0.177256958965 1.24541046001 27
82 11370.218125 7.95505053378 -0.657787420668 -7.64839041324 2.7995516613 -1.37169875135 1.33054608333 2.40147602555 -2.39706573477 2.92485084027 2.62970923801 2.05137709666 -2.41730788267 -2.1556247159 -1.04472415226 15
83 11447.8678497 7.38167800902 -5.11956040319 0.526042333106 -2.74759197828 -0.9016245343 -0.725825611806 0.556864612549 -0.0481538133277 1.55219033589 -2.60860941044 0.321086663963 1.77312809291 -2.43408632296 1.5018621932 9
84 11499.4778687 2.12636648148 -0.573454709165 -6.21071917479 1.5947783051 2.57228034114 1.31976410147 -1.25247622852 1.6112001105 -1.70496291958 -2.13531941417 -0.905740495702 -0.829416613736 -0.204041991152 -1.92125909144 10
85 11506.2346147 8.18448599493 -7.50910244636 0.384179828718 -0.116254401156 -2.09053255658 -0.495967793442 2.32544351443 2.30070302523 -1.50189743679 -0.538266730219 -0.502093636601 1.80675056648 -0.171395779976 0.495049478138 27
86 11544.6655661 0.722588213767 -5.03887996511 -1.19794123094 1.49153868974 -1.44458866588 -3.09038397239 -1.19413179998 1.78144785253 1.01912575517 -2.58358423548 1.02658886238 -2.5502167707 0.730643592531 2.09279152498 8
87 11591.5807874 0.771756660862 -3.50990569241 -4.52434416124 -0.0889566678315 -2.0607301517 -0.763196005123 -0.19786527735 0.0575915421286 2.39452053291 0.731147461316 1.2571683158 1.53218965991 -2.86616561254 1.89128182424 2
88 11736.9825681 4.3708621736 -2.36913165305 -3.09093759731 1.91497129739 -1.23446974967 3.062180995 -0.36237609137 1.34617727115 0.558533305304 2.71901453437 -1.01024770931 0.745291547241 0.758281245567 -2.04410906501 10
89 11824.2918639 1.78023591735 -4.33150770009 -6.22083704146 1.98932244576 0.585133372431 -0.711671927845 2.33395540771 -2.72635478436 -2.19337641211 1.51174272136 1.23588384774 0.712189390483 2.25605714175 -3.06837461352 2
90 11861.2051784 -0.931093377092 -9.60212277711 -4.22837860187 -0.981305814456 -3.13259210361 0.487900024753 -2.34862397585 -2.80365040908 -0.0702460490101 -1.07069311512 -1.41038564958 2.25391544734 1.47331724374 2.01089757658 20
91 12192.3929173 3.4375054784 -1.48418778673 -3.79370564295 1.36558934204 -0.319861900307 1.4817053493 -1.99462224311 -2.37348840315 2.21129648936 1.69407459494 -2.31835369879 0.0173750747532 2.63917089908 -2.03160161044 10
92 12210.9449492 0.37347201323 -9.50891132815 -4.0853458548 2.27662595549 0.716989218157 0.869142338972 -0.853589958508 0.720426550143 1.84384846733 1.65912073389 0.456873864933 -2.91089643521 -2.63156500233 0.729168795026 20
93 12257.2075921 4.06962196062 -4.45704842327 0.258580238644 -2.5657012085 -0.308613042839 1.75746335064 -2.05144799557 2.87617067597 -0.80981453216 -2.19700973184 0.39474296218 -1.22252036365 -0.754482755068 -2.5747207187 5
94 12263.470635 7.07199966286 -0.808635114774 -7.62605142625 2.91596907949 -2.1522760945 0.860999208335 2.3007344965 -2.30648051604 0.456613120642 2.9373212327 -1.59424729369 -1.56253615922 2.62909173043 -0.770304379028 15
95 12285.3568741 1.92001587427 -5.55274981793 -9.21387740602 -1.42638611538 -0.341542442614 1.27183512359 2.79243214611 2.21188484346 2.86307384557 -1.69924442171 -2.36146567331 -1.63892005058 2.65757425869 2.02169526195 7
96 12416.9314986 8.47715743159 -0.709315289214 -5.45755382629 0.0508070725392 2.49724654225 -0.774180790562 -0.0748418393649 -0.0343982015171 2.37604167101 1.85717962896 0.801491019435 -1.34484614197 2.82436788163 2.7286988645 12
97 12441.219388 3.95834055633 -3.1712860579 -6.99996610413 2.23910531854 0.762712270638 -1.4766802488 2.91233075191 -0.223876275319 -1.09141236869 0.222620847382 2.23295748519 0.467577651346 -1.88765370462 -0.97198595865 4
98 12509.1517313 8.30183927296 -5.11840729873 -6.50409119378 1.80853297303 -1.98184395922 0.320005725845 1.81767319294 -0.536074792461 -2.49553043226 -0.0198354882344 1.0969375463 -0.424318052834 1.64636041387 1.27660481001 3
99 12538.3008344 2.05157043071 -8.86374679814 -5.22002134747 3.01557058389 -2.93857276945 2.38329585056 2.35698763965 1.22965990262 1.84005801495 -0.529611995847 -2.71740781911 -1.2539910312 0.643996252284 -0.894198126864 20
100 12563.0474256 0.936730734624 -2.20541950689 -7.75349343945 -3.09128854888 0.50461921404 2.63563604541 1.49142623729 2.46063226648 -0.9670491351 1.53388937759 2.04139366096 2.96374072075 -2.60219388388 0.407242219036 16
101 12568.1334318 1.45197971979 -4.63330620297 -1.4636020682 0.256923379583 -0.933218219997 -0.497019662839 -0.587604206656 2.28326769076 -2.77074763966 -1.00253641204 -1.33451816843 1.81757561416 1.18063152784 -1.49916322401 8
102 12721.8126072 -0.0165620084711 -5.9378251469 -10.3502678423 2.2320585509 -0.74058853114 0.880578398467 2.36414725651 2.99297519258 2.65875472451 1.96678546617 0.861865169529 1.05924071022 1.77146164229 -0.347319206261 7
103 12749.1478329 7.53963323406 -3.00834140216 -6.01229399482 1.685897525 2.20714153927 -2.13739375872 -1.60778034227 -2.50926888451 -1.86885424254 0.578618496672 -3.05499915068 1.44565961737 -0.241483408197 0.491275585783 12
104 12931.6900396 3.46305829745 -4.00372226033 -3.3254291793 1.30603647958 2.94452855827 -1.68547500327 -2.85100544927 -2.86707109088 -3.00953343932 2.55393405578 0.26933339512 1.13588293171 -0.204665335157 -2.28471579656 1
105 13159.1696081 7.15626481736 -7.86194202554 -6.52743907623 1.60777534748 -3.06947758372 1.4846090949 -0.108332246493 -2.46382824334 -2.2084225998 1.23009896177 2.67866093051 -0.00929029761386 2.53194964541 -0.682552605654 21
106 13189.1342574 7.81185070695 -4.04580923563 -2.02613758757 -1.67242855042 2.79322578488 1.93316411923 -0.683700171775 -2.90085690726 -2.50270640269 0.744697101332 -0.298148672876 -2.45029710215 -2.7162971387 -2.67292606492 9
107 13359.6939886 1.15672058549 -10.1927699876 -3.68449416633 -2.41386565722 -2.81262237784 0.453145256819 2.40336871015 -0.568631039089 -2.10312239823 -0.830478957928 -1.44545732636 2.04358579633 -2.39413834706 -0.640422733371 20
108 13365.190821 0.83028887922 -3.46855160143 -2.77543767721 1.93615050406 -0.00905476943419 -1.69949384336 2.39627517309 -0.0867995491534 0.208395421387 -2.85564023618 2.46919700544 0.0478847773405 -0.134383130163 0.275792383029 8
109 13476.5862147 3.71527541967 -1.85774118676 -3.06365079586 1.30032492867 -1.79831183696 -1.45201166525 -1.59846316327 2.65366134998 -1.57398011961 0.17532321385 -1.55505865415 -2.62680198016 0.65242109276 -1.91214028934 14
110 13571.4957609 0.656612312527 -1.69874271139 -8.27774256126 -2.28611506214 1.34423080703 2.44299704855 0.458175388119 -2.29299951008 -2.13381208692 1.93324120033 -1.69204333722 -1.54185026134 -0.066353386748 0.056620568872 16
111 13582.7276388 -0.0959248570573 0.039429135625 -4.50535528856 -1.73301058756 -2.76126610804 -2.7354457132 1.31554843131 2.84654313324 0.259323145727 0.309494401354 -2.96655520701 -0.149335119659 -0.178412762241 1.79390220487 11
112 13617.1046925 5.95776037208 -0.418740209495 -3.87538161922 2.66453560761 1.49312667457 1.15075981711 1.71393306547 2.44244807795 -2.06820025658 2.2640078558 1.55654210374 -0.501232239537 -2.08158464266 2.58134995528 12
113 13690.0046115 -0.865748024916 -6.11821216513 -0.308264103785 2.84014196505 2.65209285462 -0.445685137071 0.493552664596 2.75589603735 1.79440899121 -0.651080883562 1.35793331993 2.35648846329 -2.71448211944 2.92776465271 8
114 13698.3734302 6.54494128946 0.0589361104368 -2.2085078748 -0.504622389129 1.22643046254 -1.57752403893 -2.39563620733 2.03611465759 -1.66708718515 1.95280243997 0.506268860717 2.62884336268 2.90231268997 -0.540759230669 18
115 13890.9466697 0.327878311616 -5.23824629599 -7.73567960748 -2.78644036039 2.28248006934 1.83595644629 -0.523146671556 1.4701649914 2.68880932189 1.21514758154 0.381669235936 3.12600842049 -2.5719032122 2.97249534855 7
116 13960.3198098 -0.0791285476393 -5.1714009993 -3.47691422926 0.613994949146 2.5218970515 0.104615364265 0.420427798263 -2.0852234886 -1.43703475959 -2.68183579633 1.99168062718 0.42965135423 2.47285616413 1.00507974726 2
117 14079.047879 2.26348539047 -3.46229361467 -1.78915586668 0.951733437651 -2.71350007382 -0.591775213489 -2.77487460726 0.0121447700923 2.81758222846 2.64768632912 1.42820492438 -0.401479563452 2.40746105361 2.11329625339 5
118 14100.3847917 9.24767040512 -4.66500026663 -7.98798052998 -2.22032359898 2.88038098851 2.59813327269 2.39981273266 -0.889713984435 2.73592632591 -0.449785878745 0.47930377937 -2.68196277421 -0.109103374367 -1.39777227889 6
119 14175.0582019 1.88815051974 -10.242873297 -8.97130611495 -0.173524530254 0.0693867929834 -2.48387187084 2.01261417806 -1.45649640037 1.44929649046 -0.27631535673 -3.11617206528 0.940093439207 -2.4909464755 -1.19068067284 25
120 14180.756173 8.21434444937 -5.79926515221 -3.46763052607 1.46711330326 2.35880466336 -0.861921740203 2.39934545044 2.12070371706 -0.539933435823 -1.6221683054 -2.09072930761 -2.61990898731 -2.21860216228 2.38760324082 3
121 14445.8005252 -1.37037744333 -9.55806058059 -4.19560069106 -2.56911614326 1.49023738998 -0.415387171934 1.33120934329 2.28084551434 2.032193045 2.98258486338 -1.61270130143 1.97212766582 -0.967588473037 0.61422238211 20
122 14527.108095 0.0323330251952 -9.15862664489 -9.37356212575 -1.5399374412 2.94918667541 -2.35135894302 3.08979901414 -0.526185791902 2.52893044152 -0.0576963787711 1.76063992726 1.42774733889 1.98752494148 -1.45566043859 25
123 14587.7830057 0.184253162119 -0.298046220609 -5.26711058977 -2.47869475763 -0.839022208239 -0.818889978077 1.96705445553 -0.923025652645 1.22403624271 -2.30967443062 0.786470545395 -1.2373841025 0.420846673071 -2.88407287779 11
124 14600.477103 5.76126067075 -5.04703025959 -4.89727850962 -2.61032489419 -0.844728067697 2.17686489788 0.0928887917317 -2.7116786762 -0.636620398583 -0.748987617271 1.63861382107 0.369168822767 2.18462820485 2.6251933511 3
125 14604.8518465 4.47437829557 -9.23669549913 -2.0336274681 -2.23279154582 -1.15361856317 -0.955763716484 1.91844885559 2.81970269768 2.71710621476 2.72256853281 -3.04439816834 -0.443887969804 -1.82490482056 2.5952690906 23
126 14711.1251536 -1.00414738246 -4.47238605401 -0.171954913328 -1.91269328052 2.13099173235 -1.64586799997 -3.03973171919 1.03103259525 1.27404618275 -2.45180171521 -1.97597896635 -1.45855277042 1.33726390987 1.35578753741 8
127 14754.6528924 0.170443781279 -5.98106858189 -8.62229978959 -0.0935518443564 -0.856783046439 2.04820442183 1.08209583606 0.282496292506 2.64453034029 -1.98551930154 -2.573144416 0.77200143581 -1.613604715 1.82120700041 7
128 14760.3038697 7.30324925141 -8.53648939224 -4.50877558377 -2.95935264918 2.92722351632 -3.09096314038 -2.06568650795 2.63137218807 -2.41737916403 -2.75625661282 -1.9615745878 -1.75186223901 1.4245074142 0.843407578746 21
129 14763.6634407 8.17271724263 -7.92617693623 -3.05616901146 1.77656959886 -2.73202640773 2.65604260363 -0.781356357804 1.74161527256 2.02988100352 0.184211093018 -2.36470533039 -2.45154622205 2.05262176438 1.28483151833 27
130 14834.4158304 7.16586169888 -3.13311507158 -6.24824122315 2.41294966772 -2.12384719453 0.975401023738 -0.344686087571 -1.16029098989 -0.962500303378 2.20063448326 -1.43633619341 -1.10880319627 -0.460269889291 -2.92756475965 3
131 14897.7988319 -1.08891491081 0.108501051572 -4.21452363694 -1.14683280592 -1.50560467894 0.957106204041 1.55001774348 -1.69781180809 1.37718510062 -2.02622213348 0.27771563631 0.391189619809 2.09413298823 -3.11091155106 11
132 15008.2761137 7.83288551844 -1.74188595129 -0.549831040421 0.711238725258 0.0991822380358 0.0294400114206 -0.0242787170173 0.0346748091047 -1.95372962018 -0.583033989163 -2.74533956923 2.04961848569 3.11587352634 -0.647743624078 18
133 15124.7484606 8.05012675738 -0.244732603299 -0.314644209775 2.85917777921 0.628594952614 -2.76592266726 -1.77915522262 -2.73892314661 -0.628522717379 2.29455556435 -1.19380356248 0.402975192241 1.48635767692 -2.45684592931 18
134 15208.7537067 -0.0931126269653 -8.50852174604 -8.15293772626 1.63496363374 1.85149515983 -0.533786216287 2.79039894462 -1.86875400053 0.813741350779 -1.43679968157 1.42851822437 -2.99094968919 2.30168063925 0.763030350035 25
135 15289.684977 4.38861162947 -0.669594964925 -0.128685492241 -0.137945131557 1.63892005736 1.6226588177 -1.43592960379 0.281029158075 -2.30004855273 1.37046791507 -1.86198837466 -2.71823476979 -2.51914375126 -0.981629022274 14
136 15347.9538118 2.27953797814 0.211628127676 -1.09136884286 1.72660424865 -0.6776256218 0.939808258712 -1.4762713527 -1.45337376754 -1.96651054181 -2.14574046778 3.10894905904 1.07220478328 2.8457627018 2.4548050414 14
137 15365.2935007 7.69407215922 -4.6924387888 -4.143709732 2.156906283 1.2001100102 -0.692546808976 -0.316078281189 -0.594294471589 -1.50054152295 -0.946283597735 -0.50656759666 1.36227959428 1.76229383937 0.446497311193 3
138 15438.0000507 4.30483130033 -0.848320716703 0.187254780903 -0.583652270624 2.95152269011 1.9629794072 1.07161535034 -3.12466141999 0.379163381718 -1.1704033423 0.703489403487 -1.58671024708 -1.51433315251 -1.98352938589 14
139 15612.2712079 3.79897382197 -0.848458367142 -2.05814156843 0.254885265197 2.8685062041 0.419275604844 2.39417734254 0.24743671912 2.08442078278 2.95031124871 -0.502682354971 0.135472527445 -2.38261731094 2.47157496777 14
140 15698.762304 -1.18243838072 -2.03982773416 -1.73013867578 -1.61485210965 -1.23604308937 -0.966752110252 -1.98158880637 -1.1144504762 -0.288338429737 2.44389310956 3.11639966656 2.42850474604 -2.15463088043 -2.92329147238 17
141 15988.7451252 0.178193143158 -8.96605340009 -9.91806689416 -1.0522810655 2.35387826037 -3.01777452199 -1.97143190085 -2.36724639159 -0.381406595846 1.54566767557 -0.507548526367 3.01312095489 -0.124939906689 0.191654112954 25
142 16091.2643602 -0.168220097174 -1.36050721834 -2.63536911805 -0.0221070423505 -1.31496227222 -1.07418627605 -2.17878701367 -0.969031148332 -0.720191652886 0.751781772251 2.72306341438 2.52157368464 1.91028919129 -0.656569706027 17
143 16501.3323553 5.77332413646 -1.88164905401 -0.200948835129 -0.00388719845282 -0.554975868087 -2.85097904065 2.66802167221 -2.45302849203 -1.15145664542 -1.72900909883 2.16187085192 -2.30226712135 0.100842399898 -1.84031222951 18
144 16540.6399464 5.65166634269 -7.73630392017 -0.748681012113 2.04625294251 1.5370489416 2.87797004656 0.688135457455 0.96812759703 1.26922115355 -2.38209985971 -0.190536086858 0.50691427653 -0.0314650453383 -0.0620312077608 23
145 16755.4155997 8.40709985954 -4.56989840076 -0.231907246511 -0.220096726722 0.556162341008 0.264161681137 0.72855057028 2.90346768084 -2.36827334871 1.38807831007 1.51410328852 -2.8136753641 -1.74286363246 2.27811992829 9
146 17355.3628225 2.79688424574 -1.89342984709 0.576986753023 -0.265701103147 -0.153717389957 -0.071240035496 1.67786830775 -2.39828076442 0.959327855745 2.10220716903 -1.94182646781 1.4065843777 -0.923610266069 -1.09660000309 14
147 17437.9189008 -1.4051829669 -8.18276363195 -2.75053324051 -3.01701879413 1.19508600996 1.16086956533 2.34758868234 -2.66503115497 0.263273018901 0.850000017353 0.418379011708 2.00586904433 -0.373775060535 0.15113205248 26
148 18189.6949313 0.471149857503 0.194875413001 -0.0555694755699 2.46571656031 0.0935113760745 -2.51226484459 3.14109406765 2.18462413753 -2.83039843448 2.84973601589 0.0624929259199 -0.278566242598 1.45495177045 -1.03271331985 17
149 18684.3887268 8.51820494166 0.39230194106 -2.05532273496 2.64986392848 -0.666714955525 -1.07186264126 2.61293745833 3.12978671745 2.16718681934 -2.03985238845 2.33224557895 2.27976822359 0.863515363596 1.41764355336 18
150 20084.1379948 -1.36806718091 -1.60533437429 -0.428514304539 0.456135267033 1.94846216525 -1.25190273759 -2.83995855445 2.06572884896 -2.68883663093 1.53762041675 2.46526320489 -2.06670147265 1.04028977508 -0.670150248912 17
