[-3.4886, 2.0629, 4.4753, 0.8238,-2.0473, 3.0416,-0.5202,-0.1865, 1.5811,-2.8381,-1.1302,-3.1198,-2.5224,-3.0106,-1.5727, 0.3565,-2.577 ,-1.2023,-2.9521,-0.0077]
[-4.1321, 1.8085, 3.7325, 2.2832, 1.2243, 2.848 ,-1.6024,-1.1849,-0.3995, 2.3569,-1.7242, 2.0678,-0.0336, 2.5239, 1.8682, 0.1184,-2.5082,-1.205 , 2.6474,-0.4905]
[-1.6892, 5.115 ,-2.1952, 2.6525,-2.3562, 1.1146, 2.4834, 0.9826, 0.2619, 2.295 , 2.4238, 0.2425, 2.9846,-2.6591,-0.3533,-0.0417, 2.1037,-1.1679, 2.8831, 2.1496]
[-3.6063,-4.4353,-2.8019,-2.5975, 2.1927,-1.3754,-2.1032, 1.2093,-1.2216, 0.1427, 2.9162,-0.2836,-1.2996,-2.6473,-0.2479, 0.0985,-2.8113, 2.3367, 0.6299, 1.1394]
[ 1.4511, 2.7751,-1.1528, 2.3485,-0.0774,-0.6967, 1.8797,-0.5821, 1.6627,-1.3613,-0.0623,-0.7468,-3.0364, 0.4794, 2.0382,-3.0407,-0.3089, 0.8274, 0.2342,-1.4137]
[ 1.9377,-2.1941,-0.2899, 0.4398,-2.6162,-1.5781,-1.8517,-2.8394, 1.1349,-0.1694, 1.8127, 2.6051, 0.6037,-2.9598, 0.2033,-1.0544, 2.2907, 1.7392, 0.1397, 1.4764]
[-0.2438,-1.5783, 3.7201,-1.0358, 2.2157, 3.0547, 2.8129, 0.3869,-1.5105,-1.3008, 1.4483, 1.8676, 1.3929,-3.0455, 2.4046, 1.8615, 0.8886,-1.1093,-2.4379, 1.3223]
[-3.0097,-1.6186, 5.0289,-2.0732,-2.2436, 0.1391, 1.3303,-2.1692,-2.6411, 2.2303, 3.1202,-2.7533, 2.2934, 1.4224, 2.9495,-0.3887,-0.7324,-1.2996, 2.7274,-0.4463]
[-2.6019,-4.662 , 4.0362,-0.6871, 0.15  , 1.9355, 0.7261,-0.5259, 1.0286,-1.487 , 0.4703,-1.1859,-2.8148,-1.3714, 1.9372,-1.8695,-2.7488,-0.71  ,-0.0586, 3.1067]
[ 2.7288,-1.3671,-2.5048,-1.2722, 2.9881,-0.6857,-1.0436,-0.9975, 0.6506, 2.1851,-1.4274, 1.0829,-0.7634,-0.0528, 1.7439, 2.9222, 2.5123,-1.2985, 2.9638,-1.7261]
[ 0.9758,-2.5593, 0.081 ,-1.8574, 2.9455, 2.2188, 2.8251,-1.9368, 2.0636,-2.4139, 0.6207, 0.456 , 0.0825,-0.5946,-1.4468, 1.3527,-1.2638,-1.0988, 0.8737, 0.8124]
[-2.0258,-0.8266, 2.9707, 2.9433,-3.0949, 1.5992,-2.2145, 0.8708, 2.0114, 3.1003, 0.2965,-2.8459,-2.7198,-1.7725,-0.8331,-2.2345,-2.6503, 0.1246,-1.0199,-1.8244]
[-5.0365e+00, 5.3801e+00,-1.7094e+00,-1.0781e+00, 1.2818e+00, 2.8574e+00,-2.0574e+00,-1.1505e+00, 3.1951e-01, 1.5545e+00,-7.4839e-01,-1.3037e+00,-1.8870e+00,-5.9403e-02,-4.3245e-01,-2.8643e+00, 2.4701e+00,-4.8631e-02,-1.2032e+00,-9.2028e-04]
[-4.8184, 3.3599,-2.1023, 1.8649, 0.246 ,-0.8776,-1.8225,-1.5304, 0.2941, 1.564 , 2.146 ,-1.9918,-2.8249, 0.9579,-1.3499, 0.0956,-2.897 , 0.8955,-0.7407,-1.4433]
[ 1.4299, 4.3721, 1.4837, 1.9504, 0.5416, 3.0752,-1.2974, 0.2953,-2.637 , 0.6227, 0.4753, 2.1166, 2.4964, 0.4479,-2.3772,-0.1323,-2.3514,-2.4708, 1.7937,-0.5533]
[ 2.9172,-2.5046,-1.0333, 2.3699, 2.1356,-1.025 , 2.4342,-2.1833,-1.7962, 1.7711, 0.2894,-1.3406, 0.7565, 0.6595,-2.6864,-2.545 , 3.128 , 1.3357, 2.3628,-0.2797]
[-3.5196, 0.1535,-1.4636, 2.487 ,-2.1856, 1.9968,-0.7536,-2.8434,-2.3266, 3.0834, 0.5555, 2.0187, 2.952 ,-2.4221, 2.6649, 1.0488, 0.8596, 1.0133,-1.9434,-2.5874]
[-5.2482, 2.1024,-1.5797, 2.9972, 0.2974,-2.5758, 0.4522,-0.9579,-0.3392,-1.5253, 1.9982, 2.3395,-0.3727,-3.0147,-0.6113,-1.7015,-0.5273, 2.8778,-2.2375, 1.3617]
[-4.9419,-1.8743, 3.3529,-0.7131,-2.1537, 3.0109, 0.1859,-2.861 ,-0.0908, 2.8215,-1.8663,-0.1105, 1.0755, 0.4861, 0.2457, 0.5366, 2.9693, 2.7226, 3.0236,-1.446 ]
[ 3.2071,-3.3708,-2.0412,-0.6664, 1.8146, 2.2471,-1.4182, 2.8577,-0.2793,-2.4968, 1.3375, 0.4087,-0.7545, 2.6295, 1.7497, 0.3694,-1.2478, 2.5239, 1.7147, 2.0655]
[-3.9061,-1.6915, 1.3587,-3.0171, 0.186 , 0.8563,-2.0622,-1.1265,-2.8278,-0.1855, 1.1403, 3.0987,-1.1373,-2.1796,-1.943 , 0.4838, 3.0776, 2.4041, 0.317 ,-1.6141]
[ 3.2391,-5.2323, 4.43  ,-0.5029, 2.1466,-2.3716, 1.8481,-0.943 ,-2.6126, 2.6914, 2.8871,-2.5744,-0.5671, 1.0411,-1.4283,-1.6925, 1.4698,-2.2154,-0.7367, 1.2308]
[ 5.0404,-3.3474, 1.5652,-0.6401, 1.1441, 2.1427,-0.2629,-0.1308, 2.0042, 1.2448, 1.6476,-2.5658,-2.5611,-0.4939,-2.8853,-1.1247,-1.9328, 1.9038, 0.3756, 1.1998]
[ 1.1089, 0.464 , 0.51  , 2.2405, 1.4235,-1.1133, 1.4124, 1.8971, 0.0864, 2.4974,-2.1761,-0.4732,-1.0578,-1.0363,-2.6339, 2.0919,-2.0448,-0.5277,-1.8477,-2.5296]
[-5.4774, 5.0707, 0.3312,-1.9277, 0.1378, 1.9529,-0.6222, 0.3336, 1.5447, 0.2861,-1.5689,-0.5298, 1.4797, 2.927 , 1.3529,-1.5428,-2.55  , 2.3397,-2.5643,-1.3989]
[ 4.6303,-1.4348,-5.3215, 2.7055,-2.413 ,-2.4564, 2.8884,-1.1241, 2.1875,-2.7783, 2.023 ,-0.9545, 0.2683,-0.8302,-1.4923,-2.4123, 2.5279, 0.2281,-0.4249,-1.1562]
[-1.1408,-0.4917, 2.4815, 0.0847,-0.6714,-2.9635, 1.1571, 2.1575,-1.6566, 1.9105, 2.5843,-0.9793, 2.759 ,-1.496 ,-1.4027,-0.2686,-0.2093, 0.2196,-2.8752, 1.2283]
[-2.5165,-0.9606, 1.5125,-0.1678, 0.3141,-2.7819, 2.1964,-2.48  , 2.5961,-1.6995, 1.5239,-1.9298,-1.4153, 0.7713,-0.388 ,-2.5357,-2.5069, 1.6238,-2.3905,-2.8512]
[ 1.402 ,-0.9608, 3.0333, 0.1686, 2.8374, 1.1162, 2.1915, 0.4172, 0.091 ,-1.2204,-2.4664,-1.3855,-0.8967,-2.8188,-1.3218, 2.4593, 1.7389, 0.5556,-2.9116, 2.0689]
[-5.3179, 3.6295, 2.1865, 0.2758, 1.0549, 2.1769,-1.3556, 0.305 ,-1.8091,-1.9725,-1.9611,-1.1742, 2.0084,-1.5462, 2.0664,-0.3245,-0.7006,-1.2306, 2.5238,-2.772 ]
[ 3.2944,-1.9771, 1.8846, 0.5992, 0.2312, 2.6323,-0.2611,-1.1646, 2.248 ,-0.1001, 2.8853, 1.4843, 0.9929,-1.7544,-0.9719,-2.3866, 2.8188, 2.281 , 2.6348,-1.4939]
[-1.6719,-4.7188, 2.7235, 1.2774,-0.8694, 0.6431, 1.8849,-0.5802, 3.1042,-2.3899,-1.2918, 2.7367, 1.2313,-0.1231, 2.9614,-1.8412, 1.0366, 0.4439,-1.2721,-0.3972]
[-5.1831, 2.8518,-1.2066, 0.4127,-1.5363,-2.4407,-2.8937, 0.6933,-1.1064, 0.0745, 0.4067,-1.539 ,-0.5092,-0.0833,-2.3813,-1.4121, 2.5762,-0.5949,-2.8127,-1.3309]
[-1.9627,-4.9505, 1.9597,-2.2339,-2.183 ,-0.6387, 2.3924,-2.0168, 2.2698,-0.9008,-3.1244,-1.6906, 1.7497,-1.3966, 1.0473, 0.6108, 1.3303,-1.659 ,-0.1753,-0.2565]
[ 3.6628,-1.9952,-1.7663,-0.3716, 2.8726,-0.3275,-2.2025, 2.083 ,-2.8795, 1.1755, 3.1004, 2.4793,-2.3119,-0.4676, 0.3731,-1.9985,-0.0932, 2.7504, 2.7085,-0.7111]
[-4.948 , 3.9632,-0.3953,-1.1836,-0.6837,-2.9845, 0.5539,-1.8354, 2.1641,-1.5799,-1.0085,-1.8719,-1.2978,-0.2312,-2.7574,-0.6828,-2.0454,-0.1955,-0.8248,-2.5795]
[-4.1389, 0.1265, 2.6155, 2.9491,-0.377 ,-2.0554, 3.0706, 0.4661,-0.347 ,-0.664 , 0.5065,-1.8334, 1.5488,-2.6964,-1.828 , 0.6537, 1.6434,-2.0623,-1.7317, 0.1623]
[ 1.156 , 0.3372,-1.0583,-2.8938,-2.3105,-2.7493, 0.6986,-2.1463, 2.4634,-0.6008, 0.7623, 2.8269,-2.5049, 2.6286, 2.5047, 0.556 , 1.1013,-1.0663,-2.5375, 1.118 ]
[ 4.0491,-0.2137,-1.9559,-0.8688,-0.2388,-0.6048, 2.1471, 3.1329, 1.1417,-2.6553,-2.1429, 1.7919,-0.0916,-0.1704, 0.7946,-0.753 , 0.9516,-1.1446, 1.171 , 1.0114]
[ 5.3018, 2.4011,-0.4861, 0.8196,-2.2577,-0.9268,-2.7546, 1.3924,-0.6785, 2.7661, 2.8843,-0.3739, 0.114 ,-1.4608,-0.2344,-0.9505,-1.9931,-2.7216,-0.2984,-2.6595]
[ 2.1811, 0.1886,-5.3582,-2.0071, 1.7165, 0.2502, 1.4103, 1.5172, 0.6063,-0.8967,-2.0662,-1.5184,-1.7519,-0.7341,-0.1014,-2.7789,-0.6991, 0.8427,-1.8144, 1.704 ]
[ 1.0003,-0.4489, 4.86  ,-1.5883,-0.4297,-1.1325,-2.9151,-1.6364,-0.1857, 2.2042,-0.4484, 2.3899,-1.3919,-3.0807, 1.8394, 2.6781,-2.9304, 2.1544,-2.1732,-1.1319]
[ 3.6295,-0.9746,-3.373 , 1.8623, 1.5217, 1.8979,-0.8343, 0.3858,-0.6864,-2.4217, 0.6296,-0.4366,-2.9484, 3.0036, 2.9775,-1.0786, 1.2651, 2.9375,-0.2848,-1.9799]
[ 1.2551,-2.6391,-4.5167,-0.8625, 0.7753, 2.8644, 2.0045,-0.4241, 1.5986,-2.6174,-0.9985,-1.7101, 2.8297, 2.5391, 2.5322, 0.7674,-0.7307, 0.9709, 0.1547, 0.744 ]
[-2.8298, 4.2599,-0.8512,-2.7612, 0.9869, 2.8397,-0.314 , 0.1371, 0.8212, 0.0087, 0.9101,-0.0399, 1.4782,-2.0491, 2.0209,-1.1074, 1.3891,-2.4259, 0.0348, 2.3939]
[ 3.839 , 4.0597, 0.5056,-2.2638,-1.7523, 2.6302,-0.5107, 2.9651, 0.5915, 3.0184,-2.7887, 0.3961,-1.9914, 2.9759, 0.1336, 0.8167,-2.0677,-0.2086,-0.8948,-1.2473]
[ 3.7972,-4.9753,-2.7873,-0.3005, 0.8268,-3.1024,-0.5514,-0.7784,-1.9197, 1.6567, 0.6378, 1.8233,-0.2081,-2.9237, 2.3978, 2.8068,-1.1295, 0.068 , 1.1182,-2.5482]
[-1.9848, 3.7032,-0.1815, 0.8319,-2.137 ,-1.2967,-1.2381,-1.0786,-1.5263,-1.6282,-1.0351, 2.4225,-3.0858, 1.2801, 0.3753,-1.2794,-1.8848,-0.5148, 3.001 ,-2.6877]
[ 0.4946, 0.7504,-3.429 ,-2.636 ,-2.1196, 1.6578,-1.2797,-2.0513,-1.1549,-0.4537, 2.0722,-1.3951,-1.3824,-1.3228, 0.0087,-0.3065, 3.0947,-2.2329, 0.0631, 2.2919]
[-3.0167,-4.5552, 5.0851,-1.2553, 0.1198, 1.463 ,-1.4226,-1.2879,-0.5836, 1.0689, 2.3278, 0.4138, 0.2603,-2.6598, 1.9385,-2.6349, 1.4041, 0.6317, 1.5754,-1.5635]
[ 3.5571,-2.3507, 1.5014, 1.1786, 3.0862,-1.7347,-0.363 , 3.0415, 2.7866, 2.6002,-0.4996, 0.7803,-2.0501, 2.2906,-2.4091, 1.0631, 3.0947,-0.0903,-0.2512,-2.5078]
[ 2.215 ,-2.4611,-0.3462, 1.0981, 0.5303, 0.9656, 2.2365, 1.2651, 2.7915,-2.086 ,-2.0502, 2.6273,-1.5095,-2.3299, 2.0854, 1.9562, 2.3515, 0.2925, 1.286 , 3.0385]
[-3.3713, 1.0394,-1.5262, 0.4421, 0.119 ,-1.7369, 3.044 , 1.345 ,-2.0742, 2.9445, 1.5977,-2.0039, 2.0496,-1.1541,-1.4804, 0.1917,-0.6953, 0.77  , 3.0888, 1.3498]
[ 4.2543, 5.4748, 1.8663,-1.5792, 0.5847, 0.4019, 3.026 ,-1.515 , 0.9246, 1.1981, 0.9025,-0.421 ,-2.6239, 2.8191,-2.9964, 0.6656,-0.5481, 0.1715,-2.5416, 1.2314]
[-0.333 ,-4.4835, 0.5387,-1.2766,-2.2352,-1.9983,-2.1924,-1.0649, 0.9376,-1.6491,-0.5555, 2.8051,-2.9807, 3.0864, 2.4744,-0.3464,-1.9206,-2.9228,-1.0603,-1.6193]
[ 2.6841, 5.0002,-3.9498, 0.6912,-0.5482,-2.9513, 0.24  , 2.3738, 0.4733, 1.2385,-0.6103, 0.8431, 1.0655, 2.4963, 1.9643, 0.2011,-0.0843,-2.7262, 2.4975, 2.8915]
[ 3.0604, 0.8144,-1.4462,-0.7059, 1.4003, 1.1104,-0.7932, 0.726 ,-1.9296, 2.0531,-1.1008, 1.8335, 1.6464, 2.4767,-0.8856,-2.4094, 2.1874, 0.9692, 0.4122, 2.5874]
[ 4.2061,-4.1238, 0.1894,-1.4222, 2.0974,-1.197 ,-1.6043, 1.8266, 1.0449,-0.5379, 2.6874,-0.2619,-2.4725, 1.1441, 0.6248,-1.1934, 1.2176, 1.7132,-0.9218,-1.028 ]
[-5.2603, 0.2037, 4.1629,-2.1971,-2.8371,-0.9903,-0.4371,-1.5872, 1.6972, 2.8768,-0.164 ,-0.9993,-0.1058,-2.0929,-0.1275, 2.4757, 2.3073, 0.8479, 0.7527, 2.5343]
[-4.0312,-2.3188,-4.7208,-1.8374,-2.3101,-2.2338, 0.097 , 0.6504, 1.719 ,-0.165 , 1.3   , 2.317 ,-0.7257,-0.8535,-1.0433, 1.3559,-1.8318,-1.4221,-1.9877,-1.9195]
[-1.3938,-1.2476, 1.9908, 2.5885,-0.437 , 1.7872, 3.1399, 2.5911,-1.4516,-0.2646, 0.1598,-2.0454, 0.8397,-3.0293,-2.6876, 2.4886, 0.9016, 1.1915,-0.6459, 0.3505]
[ 0.7482, 5.0146,-1.8525,-2.0199, 0.376 ,-2.2334, 2.9819,-2.5049, 0.2199,-0.6653, 1.3263, 1.453 , 0.0693, 1.1562,-0.3269,-3.1237,-0.0858, 1.5263,-1.9497,-1.9329]
[-3.1677,-3.4118,-0.8655, 2.6218,-1.8247,-0.6382,-0.0177,-1.9823,-1.3968, 0.4895,-1.2944, 1.8762,-0.7583,-1.3955,-1.4245, 2.3219,-0.9064,-1.5692, 2.1963,-0.6717]
[-0.0483,-0.1171,-4.7118, 2.5571, 1.3309,-0.1738, 0.2612, 2.0586,-3.0424,-0.4217, 3.1219, 0.859 ,-0.1175, 2.4344,-1.4507,-1.5016,-1.344 , 3.0965,-1.1971, 1.6043]
[-2.945 ,-2.9335,-1.1634, 1.2558,-1.7584,-0.1371, 0.1794,-0.4435,-1.9017,-2.0157, 3.0487,-1.8624,-2.2267, 1.315 , 0.9509, 2.631 ,-0.0608,-0.3286, 0.692 ,-0.5413]
[-1.324 ,-3.0589,-3.6464,-2.6665, 0.2373, 0.9112,-2.2153, 2.001 ,-2.6001,-2.4668,-0.2506, 0.7167,-1.4953,-2.3197, 2.2518, 0.9616, 2.7765,-0.4118, 1.318 ,-3.0563]
[-1.2234,-3.5138, 5.0577,-1.4514,-2.5531, 1.3787,-1.5373,-1.3271,-2.719 ,-1.9878, 1.5872, 2.0796, 2.0858, 1.0096, 0.0129,-0.7719, 1.8125,-2.7559, 0.5657, 1.3382]
[ 1.4843, 1.4407, 0.9195, 1.5696, 0.8322,-1.7302,-2.2399, 0.0101,-0.4095,-2.8281, 2.4504, 2.443 ,-0.4285, 0.0603,-0.6022,-1.4097, 0.0255,-1.2846,-2.9959, 3.0018]
[ 3.0767,-5.4115,-5.0288,-0.4157,-0.0111, 1.3184,-1.8688, 2.5935,-0.1887,-2.0414, 1.0618,-2.513 ,-2.0611,-2.6183,-2.7926, 2.2144,-1.766 , 1.5971,-0.0789, 3.1014]
[-4.5791,-4.9643, 4.7802,-1.6772, 0.6269, 1.8367, 1.7485, 0.9933, 1.6727, 2.7737,-1.5147, 2.3574,-1.1677,-0.6326, 1.6699, 2.1563,-1.0484, 0.9107,-2.2621, 1.4885]
[ 0.4916, 5.4512, 3.9745, 0.4889,-2.3739, 0.3852, 0.4592,-1.9463,-0.4601,-0.8624,-2.506 , 0.7315,-1.4038, 1.3695, 1.5293, 1.9633, 0.3198, 2.9374, 3.1232,-0.2131]
[-2.3592, 2.3971,-2.1964, 1.3544,-0.0318,-2.0339,-0.988 ,-1.8987,-0.7311, 1.5437,-0.6451, 2.34  ,-0.8995,-1.4927, 1.3349,-0.2078, 2.0804,-2.7695,-2.277 , 0.3116]
[-1.9316, 1.7924,-0.5734,-3.0814, 2.4624,-2.6139,-1.9379,-0.521 , 0.0177, 0.4462,-1.8998,-0.6692,-0.2013,-3.035 , 1.5826, 0.4796,-1.7031,-1.3382,-2.2442,-0.4619]
[-2.2851,-1.6109, 4.3555,-3.1264, 0.1917, 2.9301,-1.8603,-1.9461,-2.33  , 2.7496, 0.6765, 0.2679, 1.7118, 0.1994,-3.1059,-2.9417, 2.3901,-1.5088,-2.8082, 2.6721]
[-4.6252, 4.0966, 0.1639,-1.6784,-2.5303,-0.6222, 1.484 ,-0.8672,-0.3277, 2.944 ,-1.935 ,-1.096 ,-2.7945,-2.5117,-0.7088,-2.3833,-0.1371,-0.033 ,-1.5109,-1.8104]
[ 3.881 , 4.2886, 5.0803,-0.0941,-1.0478, 1.3705, 2.6277, 0.3377, 0.6149,-2.3144,-2.1051, 2.9958, 1.5415, 0.3988,-2.1962,-1.3577, 2.6909,-0.4942,-1.0494, 2.6237]
[-2.0542,-3.7423, 2.9373,-2.0295,-2.9206,-0.5382,-2.6184, 0.8245, 0.0993, 1.8005,-0.6707,-0.6023,-1.7262,-2.3134,-1.2006,-2.2997, 2.1845, 0.7635, 2.4683,-2.0801]
[-0.5478, 1.9041,-0.5565,-1.438 ,-0.976 , 1.709 ,-1.5116, 1.5475,-2.3606, 2.7235, 0.1788,-1.3636,-0.8882, 0.0537, 0.9919,-0.9677,-2.7703,-0.2612,-0.3343, 1.5531]
[ 2.1896,-0.9814, 2.9185,-0.4828,-1.426 , 2.5422,-2.695 , 1.0564,-1.5305,-1.2645,-0.2107,-0.4673,-0.5318,-1.3589,-0.5   , 0.7271,-2.0016,-2.2588,-0.808 ,-1.3131]
[ 4.9044, 4.0156, 0.1117,-0.4736, 2.757 ,-2.1198, 2.4594, 0.8777, 3.052 ,-1.95  ,-0.3264,-0.7127, 2.9728, 2.3711,-1.9342,-2.0283, 1.5607,-0.0084,-0.9101, 2.5549]
[ 5.402 ,-2.8901, 2.5767, 2.2271, 1.6745, 1.7029, 1.6121, 1.4931, 1.3903, 2.2752,-0.9803, 1.9288, 2.4205, 0.3783, 2.5018, 0.1545, 2.084 , 1.4572, 1.6882,-0.791 ]
[ 1.3445,-4.2935,-0.4965,-0.5402,-0.5642,-3.0831,-0.4125, 0.5826, 0.5238, 0.8372, 1.7599,-1.8896, 3.0042,-1.0666,-2.0081, 2.1842,-1.2218,-0.3603,-1.2552, 1.1833]
[-1.8704,-0.7482,-2.6621,-0.4239,-2.3497,-1.2839, 0.9185,-1.0544, 1.993 , 0.9013, 1.9482, 2.5771,-1.2127, 0.2296, 2.3584, 2.8067,-2.5161,-1.3467, 2.872 , 0.9277]
[-2.9065e+00,-4.9769e+00, 1.1873e+00, 2.9230e+00,-2.0536e-02, 1.0344e+00, 7.1151e-01, 1.6979e+00, 3.1955e-01, 1.1571e+00,-3.1218e+00, 2.6743e+00, 7.5384e-01, 1.5428e+00,-1.1587e+00,-3.1383e-01, 5.9409e-01, 1.7652e-01, 2.4663e+00,-4.6713e-03]
[-2.6557, 2.8216,-5.4792, 0.4663,-0.271 , 0.056 , 1.7557,-1.9223, 1.9127,-1.9627, 2.8038, 1.8574, 0.9975, 2.4158, 0.9241, 0.3225,-1.2024, 0.6319, 3.0196,-0.3487]
[ 0.052 ,-0.511 , 4.2869, 0.9449,-2.6003,-2.891 ,-0.9055, 1.2159,-2.5185, 1.1432, 0.9798, 0.3031, 3.0872,-2.2591,-0.4552,-2.1579, 1.0518,-0.6997, 1.6428,-1.4203]
[-2.623 , 4.3393,-1.6607, 2.22  , 1.9174,-2.3008,-2.2283, 2.5023, 1.5675, 0.7306, 0.523 , 1.5748, 1.1718, 2.7422, 0.3085, 0.2931, 0.5772,-2.8609,-2.5657,-3.1279]
[ 2.1794,-2.2986,-1.1972, 1.5562,-2.1332, 1.4186, 1.7655, 2.6768, 1.5092, 2.0268,-0.4129,-2.2811, 2.8349, 0.2736,-0.8515, 1.1552, 1.1721, 2.6127,-2.7072, 1.7351]
[-2.9881, 0.562 , 0.7837, 2.8018, 2.5123, 0.3138,-2.9156,-2.8847, 2.1572, 1.9331,-1.9886,-2.2439,-0.1963, 2.6845,-2.2329, 1.1936, 1.9653,-0.4789,-2.0846, 0.4333]
[-1.2959,-1.679 , 1.1791, 0.1064,-0.1893, 0.4171,-2.619 ,-2.5085,-1.8054,-0.5821,-3.0159,-1.7755, 2.7391, 1.8254,-2.6909, 2.553 , 1.0224,-2.9144,-2.9453,-2.2577]
[ 3.0152, 1.6112,-3.4079, 2.8407, 2.844 ,-0.6285,-2.8154,-2.5567,-2.9135, 1.0282, 0.0584, 2.9446,-2.9632, 0.587 , 0.2779,-1.8138,-1.2948, 0.6784, 0.7329,-0.5879]
[-4.2539,-4.2118,-1.2419, 0.6157,-0.9126, 1.6911,-0.005 , 1.9335, 1.353 , 2.8212,-1.2853,-1.154 ,-1.8729,-0.7542, 2.3081,-0.7112, 3.0758, 1.7088, 1.9658,-0.1149]
[ 4.0917,-3.7274, 2.1182,-0.6166, 1.8075,-2.4402, 0.4218,-2.9298,-2.9266,-0.5439,-0.8447, 0.6977, 2.8589,-2.2288, 2.4707, 0.8743, 1.1005, 1.3926,-1.0174, 2.3368]
[ 4.8479, 3.9204, 5.0203, 2.7788, 0.9702,-2.2035,-2.2081,-2.2052, 2.6271,-2.1671, 2.129 ,-0.73  , 0.997 ,-0.4704, 3.1371, 1.6539,-3.0438, 0.1582,-3.0933, 2.1989]
[-4.874 , 2.3083, 1.8201,-1.0216,-2.1891,-2.5107,-2.049 , 2.1597, 0.9022,-0.5732,-0.5385,-0.8086, 1.599 , 0.5673, 2.1225, 0.4366,-2.5635, 2.5468,-2.1544, 3.085 ]
[-3.3047,-3.6971,-4.9444, 1.9712,-3.0174,-0.6832, 1.7908,-0.7047,-1.1047,-0.3838,-1.2439,-2.0711, 2.4571, 1.5733,-2.0299, 1.4344,-1.8144,-1.3196, 1.1005,-1.8682]
[-0.6195, 4.9911, 4.6342,-1.9948,-3.1396, 1.3653,-2.4274,-1.3426, 1.3232,-2.3387, 1.4332,-1.8246,-0.4886, 0.314 , 2.1987,-1.1085,-1.0597, 0.9433,-0.7996, 2.1121]
[-0.2649,-0.1224, 2.1666,-2.769 ,-1.9328, 0.8464, 2.2631,-0.295 , 2.0293,-3.1073, 2.7384,-0.7422, 2.5522, 1.6932, 0.8187, 3.0819, 2.99  ,-2.4583,-1.8533,-1.6695]
[ 1.4614,-0.3792,-0.9771, 0.4133, 3.1338, 2.3424, 1.9808, 0.924 ,-2.3242, 1.9651, 1.6474,-2.791 , 0.8432,-2.0548,-0.9889,-2.213 , 1.1512,-2.0128, 1.7316, 0.2571]
[ 1.1678, 1.2744, 3.679 ,-2.256 , 1.1775, 1.5949, 0.1363,-2.3225,-2.1758,-1.3081,-2.2645, 1.7496, 0.6922,-0.9563, 0.6472,-0.1951, 0.6453,-2.8761,-1.7505, 2.0684]
