[-1.7876,-4.377 , 0.5976,-2.695 , 1.9202, 1.0608, 0.0512,-1.3642, 0.5502, 2.1894,-0.3599,-1.7647, 3.0595, 0.6088,-0.1265,-0.1622,-2.0133,-1.8447,-0.6419, 0.8861]
[-4.4622,-3.7247, 2.944 ,-0.6649,-0.7023, 2.4245,-0.7193, 1.9357,-1.9118, 3.1369, 1.4243,-1.6328,-0.8533, 0.3761,-2.5941,-3.078 , 0.2544,-2.8664, 1.3286, 0.1124]
[-3.7565,-5.3987,-1.8223,-1.5682,-2.954 ,-0.6223,-2.2614, 2.4738, 2.7608, 1.7084,-1.2508,-0.0757, 1.616 ,-1.4678,-1.4363, 2.0361,-0.1469, 2.3717, 1.9384,-1.6102]
[ 4.3612, 0.818 , 5.2715, 0.5284,-1.4709,-1.3326, 2.0152, 2.4074,-2.3815,-2.7025,-1.6973,-1.7106, 2.9308,-0.876 ,-2.561 ,-2.8032, 0.6769, 1.9128, 0.0704, 2.9079]
[ 4.0433, 4.287 , 1.8697,-0.3765, 2.9794,-2.387 ,-3.0496, 2.5034,-1.9301,-1.6271, 2.4781, 2.4887, 0.899 , 0.6085,-2.6039,-1.0236,-3.0974, 0.3863,-0.6967, 2.4739]
[ 5.0395,-3.8784,-5.0978,-2.9106,-0.0162,-0.1213,-3.1087, 1.6267,-0.9266, 2.8689,-2.5106, 0.3349, 0.321 , 1.8854,-0.9124,-2.3045,-1.3503, 0.4411,-2.3196, 0.1796]
[-1.0292, 2.1806, 5.2764, 0.9651, 2.4306,-2.1855, 1.822 ,-2.9849,-1.2954,-2.2807, 2.9243,-2.1278,-2.9823, 2.1383,-1.1319, 1.8774,-2.9265,-2.7593, 2.0205,-0.4105]
[-3.6356, 5.0227, 4.2262, 2.8964, 0.906 ,-1.3618,-1.0458,-0.0957, 0.1647,-1.7978,-0.1291,-2.6735,-2.9438,-0.9501,-2.7612,-2.3205, 0.8677,-3.1106,-3.057 , 0.9492]
[ 2.2958, 4.409 ,-3.9989,-0.1474,-2.0117, 0.2545,-2.8427, 3.0959,-3.0593,-2.7073, 1.2021, 2.9013,-3.1343,-3.095 ,-0.8483,-0.4131, 0.4951, 3.1147, 1.7552, 1.4026]
[-2.2029,-4.1061,-1.0078, 1.9126,-2.3324, 0.2585,-2.8729,-2.7113,-2.2018, 2.1212,-0.4417,-0.3026,-2.0489,-1.2199, 0.3542, 2.2356,-1.6622,-2.9307, 2.6996, 2.2863]
[ 1.5   ,-0.8137,-2.5735,-0.4859,-2.5833, 1.7544, 0.6295, 0.2094, 0.3656,-2.4829, 1.8111, 0.3172, 0.4564,-1.7639,-1.8685,-1.2725, 1.1064,-1.4293,-0.2877,-2.9928]
[ 3.7693, 4.5528,-0.8127,-0.4947,-1.9318,-1.6352,-0.9896,-0.9378, 1.9509,-1.4329, 2.3283, 1.5026, 1.3534,-1.6809,-0.4621, 0.2432,-0.7573,-1.7012,-2.1801,-2.9282]
[ 3.8378,-0.5902,-2.0697,-0.5773, 2.5702,-2.8423,-2.9983, 1.6822, 2.4089,-1.7596,-2.4525,-1.3673,-2.0122,-0.1463,-0.2916,-1.6863, 1.7051,-0.7307,-1.2443,-1.3231]
[-4.6995, 3.4202, 1.1129, 1.3319, 1.2997, 1.4375, 0.9393, 2.7886,-0.4184,-0.9856, 1.5569,-2.9286, 0.824 , 0.8863, 2.7621, 1.0052, 0.5929, 2.119 ,-0.4952, 1.8973]
[-2.3227, 4.5012,-0.4986,-2.6174, 0.3248,-3.0033, 0.8684, 1.2322, 2.5659, 2.3245, 1.096 ,-0.0484,-0.5879, 0.5013,-0.0737,-2.4451, 0.9499,-0.1806, 2.3458, 0.4026]
[-4.2825, 1.8827,-3.5823,-2.9646, 3.0512,-2.0596, 2.0569, 0.1864, 0.4429, 0.9376,-0.8775,-0.5438, 2.1589, 0.2437, 2.774 , 0.6272,-1.8318,-1.1408,-0.6979,-2.4708]
[ 4.5818e-02, 4.0694e+00,-2.4343e+00, 2.1109e+00,-5.0779e-01,-3.1246e+00, 1.0563e+00,-2.8783e+00, 1.9645e+00,-6.3913e-01, 1.0150e+00, 3.2775e-01, 1.9162e+00, 3.6266e-03, 1.9341e+00, 1.7613e+00, 2.7261e+00, 1.5311e+00,-2.4039e+00, 9.2081e-01]
[ 0.5472,-2.0414, 3.4953, 0.4326,-1.2933, 1.4683, 3.0365, 0.9703,-2.3602, 1.0631, 1.874 , 2.135 , 1.3676, 0.3805, 1.1587,-2.3115,-1.4373,-0.8645, 2.461 , 2.1284]
[ 1.745 ,-3.9646,-3.1425, 2.4696,-0.6512,-2.3279,-2.0082, 1.014 , 2.7599, 2.4001,-0.2549,-2.5539,-0.6923, 1.241 ,-2.6481, 2.3066,-1.1265, 1.484 , 2.0312, 1.2041]
[ 2.7395, 5.2351,-3.1915, 1.6028, 2.304 , 2.506 ,-1.8805,-1.9217, 3.0326,-1.2947, 1.3981,-1.4173,-2.5814, 2.1173, 0.3756, 2.308 ,-0.6758, 1.1984,-0.5526, 1.032 ]
[ 3.6266, 4.2313, 1.0606,-2.2943, 0.4604, 0.4837,-0.2545,-0.069 ,-2.3793, 2.6104,-0.8082,-3.0822, 2.3965,-2.9206, 2.1815,-2.19  , 1.1843,-0.6497, 2.1902, 0.8076]
[ 5.2542, 4.8587,-0.2603,-2.3046,-2.5768, 1.7727, 2.8478, 1.1451, 2.4223,-0.0085, 2.3209,-0.1704,-1.9392,-2.6727,-2.2221,-1.0243, 0.4383, 2.8039, 0.1359, 1.2606]
[-4.0208, 1.8508, 3.0175,-2.811 ,-0.3475,-2.7513,-2.3608, 1.186 , 0.713 ,-1.0456,-2.2595,-1.6065,-1.9674,-2.0825,-2.3036,-0.3011, 1.8369, 2.305 ,-0.1372, 0.6339]
[-0.3023,-5.005 , 4.1366, 3.0238, 2.9749,-0.7048, 3.0195,-1.3563, 0.6916, 2.3012,-2.2297,-2.2515,-0.2169,-2.2394,-2.3298, 2.0669,-2.6133,-2.9337,-0.1633,-1.1425]
[ 2.5332, 4.0469, 4.8633, 0.4991, 2.2526, 1.2453, 1.7234, 1.0276,-0.9334, 0.6007,-1.8155, 2.4846,-1.4737, 3.0877,-1.1878,-2.4601,-2.6715, 0.1081, 2.5075, 2.8593]
[ 0.9163, 2.0372,-0.52  , 2.2123, 2.8447,-0.5782, 1.1983, 2.6803,-0.0791,-0.1973, 0.9342, 0.0177,-2.4754, 2.6053,-1.4284,-0.5451, 0.6848, 3.0645,-1.1541, 0.4485]
[-0.757 ,-3.5753, 3.8693, 3.018 ,-2.6758, 2.5104, 1.6662,-0.6757,-1.936 , 1.0369,-1.1752,-2.1746, 0.7164, 0.1698,-1.699 ,-2.0833, 1.5508,-0.3873,-2.9161,-1.3493]
[ 5.1488, 2.9987,-1.8978, 2.7768, 0.6051,-1.9017, 0.1395, 2.8809, 0.7342, 1.4336,-2.9159, 1.9261,-2.7394,-2.3197,-2.9303, 0.54  , 2.091 , 2.9166, 0.9026,-3.0219]
[-5.3857, 4.0897, 0.2999, 2.9703, 2.8427,-1.5318,-0.0408, 2.518 ,-1.4659,-0.1966, 1.8834,-1.2601,-0.0769, 2.821 , 0.031 ,-0.8403, 1.6836,-2.5022, 1.274 ,-0.3992]
[ 2.2855,-2.5159,-4.7557, 0.7948,-0.3184,-0.4898, 1.526 ,-1.609 ,-1.6274,-1.7994, 3.1063,-0.2522,-2.498 , 3.08  , 0.6731,-2.9699,-2.3166, 2.522 ,-0.485 , 2.2991]
[ 0.4365,-3.3423,-0.3395,-0.3668, 2.4273, 1.8103, 1.4983,-0.4436,-1.271 , 2.5434, 0.2591, 1.0588,-1.6699,-0.9202,-0.145 , 2.8799,-1.32  , 1.6674, 2.319 , 0.028 ]
[-5.3484,-0.6789,-2.3239, 0.6488,-2.4408,-2.8635, 1.1952,-2.5641,-1.6997,-0.3872,-1.6728, 0.4696, 2.8685, 1.8756,-1.7071, 0.4331, 0.9578,-0.1068,-2.6363,-0.6971]
[-5.4763,-0.6942, 3.5758, 2.867 , 3.0656, 2.7083,-1.8748, 1.4908, 2.4093, 2.9741, 1.9249,-0.9079,-0.5054,-0.6391, 0.3361,-0.2495,-2.2951, 1.2516,-1.1212, 1.8409]
[-4.9783, 2.581 , 2.3438, 1.089 , 1.3681,-2.8442, 3.0999, 3.135 ,-2.1226,-0.9927,-1.0784,-2.3869,-1.8938,-1.5846, 0.9096,-2.8127,-1.6667,-2.2552,-1.0135,-0.9069]
[-4.8238,-2.2745,-4.2489,-2.2676,-1.8565,-0.3121,-2.7143,-2.7769,-0.502 , 0.4186,-1.8807, 0.6349,-1.6638,-0.0405,-1.3913, 1.38  ,-3.0752,-0.6651, 0.1358,-1.0543]
[ 4.7693,-0.3095, 1.1539, 0.4457, 2.6238,-1.1663,-1.6819, 1.0534, 1.0955, 2.8945, 1.386 ,-3.0125,-1.4558, 1.0756, 2.6456,-2.9079, 1.1778, 0.2078,-0.9129,-0.1556]
[-4.4523,-3.2464,-2.3864, 2.5451,-1.5983,-3.0359,-2.2125,-0.9548, 2.9544, 2.2912,-0.9171,-1.968 , 0.171 , 0.03  , 2.1678, 1.7484,-0.9571,-3.0759, 1.2922, 1.9993]
[ 5.1563, 2.7401, 2.146 , 2.8788, 0.6483, 2.8535,-2.6211, 0.4296, 2.9813, 0.9803, 3.0083,-1.7453,-1.5078,-1.0934, 1.103 , 2.9445, 0.3064, 0.1497,-2.632 , 0.1992]
[-5.3977, 4.1922,-3.2067,-3.0951,-3.0953, 0.9155,-1.666 ,-0.5591, 0.4028,-1.3964,-1.4704, 0.4867, 0.088 ,-0.295 ,-0.2177,-2.4835,-0.1434,-0.0659, 0.5486, 0.6181]
[ 1.4591, 5.1923, 4.865 , 2.7303,-0.5587, 2.7071, 1.3812,-0.9258,-0.7179,-0.6508,-1.2711, 1.4638, 1.1049, 2.5215,-0.6778, 1.3321,-0.4687,-1.0516,-2.6681,-0.2933]
[ 1.3527, 5.0512, 0.8704,-1.367 ,-1.1167, 1.8196,-1.5995,-1.98  , 0.2609, 2.8582, 2.1997, 0.7279,-1.0863,-1.3224, 2.9547, 0.5262, 0.4306,-0.564 , 0.1186,-0.008 ]
[ 4.1255,-2.534 , 4.3655,-2.8104,-2.7034,-0.2942, 2.6527, 0.0332,-1.6461, 0.7989, 1.8272,-3.0482, 0.009 , 1.0781, 1.5158,-1.4388, 0.2333, 2.6005,-0.131 , 2.2556]
[-0.2031,-1.6587, 5.015 ,-1.9137, 2.6552,-1.3498,-1.7896, 0.4747,-2.8208,-1.724 ,-2.9386, 2.5895, 2.7334, 2.8275, 1.1485, 1.72  , 1.9601,-1.0221, 1.2133, 1.9638]
[-4.1844,-5.2323, 1.549 , 1.2738,-1.9854, 2.0755,-3.0464,-1.6155,-2.3377,-2.1038, 1.6389, 0.026 , 1.6626, 1.0803, 1.5845, 2.4417, 0.5629, 0.2668,-1.2679,-1.7208]
[ 1.6028, 0.9736, 3.2682, 2.9764,-0.5148,-2.1046,-1.8154, 3.0362, 0.6448,-2.7844, 0.5823,-1.0267, 0.2576, 1.809 ,-2.5075,-0.5443, 2.4415, 0.1418, 2.761 , 2.3763]
[ 2.5829, 4.8477, 0.8951,-0.1136,-2.0563,-2.2602, 0.0078,-1.0025, 1.6671, 2.0575, 2.3992, 2.7424, 0.1392,-0.5994, 1.4495,-3.0672, 2.5853, 1.1368, 0.6158,-1.2697]
[ 3.521 , 3.9826,-3.7178,-0.4751,-1.3587,-0.8033,-1.9226,-2.8704, 1.5209, 0.7956, 1.2222, 1.6167, 1.414 ,-0.5659,-1.6451,-1.6283,-1.2918,-0.4471, 0.9642,-2.652 ]
[-3.487 ,-4.3884, 5.4155, 1.25  , 1.821 , 2.7346,-2.8125, 0.7697,-1.1021, 1.1119,-1.176 ,-1.4702,-3.0902, 0.461 , 1.4478,-1.1311, 0.4331,-1.5793, 1.2523, 1.758 ]
[-5.1027, 0.8506,-4.2661,-2.5207, 1.9512, 2.5971, 2.1813, 1.8046,-2.9342,-1.7366,-2.3643,-1.589 , 2.0331, 1.0218, 2.1869, 0.3542, 0.7743,-1.245 , 1.2826,-0.7304]
[ 2.8999, 0.2248,-3.0121,-1.6684,-0.0994,-0.4477,-2.5367,-1.9059, 2.4006, 0.751 , 1.7888,-2.2188, 2.5143, 0.4714, 1.6456,-0.8277, 0.6736, 1.7682, 2.9736,-2.4262]
[-4.7739, 2.0853,-1.0396, 3.034 , 0.1588,-2.6436,-1.3333,-2.5052, 1.7027,-2.4158,-1.4831, 2.4623, 1.6407,-2.1079, 1.1661, 1.0594, 0.5815, 0.9798,-2.571 , 1.2437]
[ 0.8658,-1.9395, 3.6564,-0.1808, 1.0002,-1.3289,-1.8134, 0.4521, 0.8041,-2.0704,-0.3763, 2.1359,-2.4708,-0.3555,-2.1491,-0.5946, 1.0099,-1.758 , 2.3122,-0.2791]
[-1.2517,-1.2861, 1.5523,-2.5939,-1.5391, 0.2236, 0.5779, 0.3159,-1.2461,-0.4249, 1.5735,-0.4878,-2.5421,-1.4201,-2.6227,-2.0961, 1.2777,-1.2781, 1.3257, 2.1197]
[-2.6675,-1.5133, 3.6411,-3.0676,-1.1444,-0.0977, 0.8434, 2.5294,-1.2057, 0.3099,-0.6206, 0.621 , 0.7965, 2.7868, 0.199 , 2.4355,-0.8964, 2.3629,-1.249 , 0.7016]
[ 3.7992,-1.2438, 3.239 ,-0.4991,-1.9543,-1.6155,-1.1325, 0.5729,-0.7539, 0.3684,-2.1935,-1.7786,-0.0785,-0.2364, 1.623 , 1.58  , 0.1479,-1.1293, 0.3554, 1.7267]
[ 3.9341, 3.7479, 2.4981, 1.5594,-0.6428, 1.3817,-2.9641, 1.3666, 0.8339, 1.0287, 1.6918,-2.9381, 2.7431,-1.6008, 2.3413, 0.8091, 1.9007, 0.6299,-0.5074,-1.4449]
[-3.7014,-1.1494, 1.7363, 1.032 ,-0.4384, 2.9096,-0.5923,-0.2806,-1.5455, 2.4975, 2.6485, 0.1616,-2.407 ,-1.8612,-0.6809,-1.1774,-0.3769, 1.1879,-1.8727, 1.4872]
[ 3.7445,-2.434 ,-3.4396,-1.3279, 1.7924,-2.0384, 2.2793, 2.6728, 2.0285,-2.3313,-0.7783,-2.7959, 1.5087, 0.562 ,-1.9565,-2.7563, 0.1875, 2.4535, 1.5924, 0.4777]
[-1.3905, 3.2811,-0.6794, 0.2798, 1.6494, 0.2908, 0.5349, 0.9609,-0.6113, 0.6082, 0.1374, 2.6194,-1.5571,-0.0968,-0.9547,-3.0899,-1.9741, 0.1646,-1.5629, 0.9774]
[ 4.2836,-4.8213,-5.1138,-2.6747, 2.7001, 0.1321, 0.6642, 0.6755,-2.6526,-0.719 , 1.6796,-1.7029,-2.8735,-1.3301,-3.0878, 1.5464, 1.9752, 1.7025,-1.9119,-2.0516]
[-4.3928,-4.3977, 0.7113, 0.4303,-2.3682,-2.1687,-0.1535,-2.8415, 0.148 , 0.888 , 1.1127,-1.2637, 0.65  ,-0.9271,-2.8538,-1.4563, 0.6237,-0.9016,-3.0203, 0.6195]
[-4.3032, 3.2734,-2.053 ,-2.9159, 0.1424,-1.0945, 1.877 ,-2.1228,-0.2512,-0.6444,-1.6769,-0.6847,-1.1995, 1.1108,-2.0652,-2.322 , 1.9068, 0.9059, 0.4085,-1.6982]
[ 3.328 ,-1.4166, 3.3103,-2.1198,-1.7993, 0.6076,-0.9671,-2.4943,-2.5063,-0.4524, 1.3901, 0.9991, 2.1287,-1.9044, 0.5097,-1.8667, 0.1042,-0.4906,-1.0609, 1.705 ]
[ 2.5728, 0.1722, 5.0216,-0.4048, 1.5411, 1.9571, 1.8078,-1.2186, 0.1884, 1.9338, 2.3377, 2.4539,-2.4387, 0.3188,-0.1881, 1.4557,-2.8375, 0.1192,-2.4506, 0.1983]
[ 3.5692, 3.2053,-5.2941, 0.513 , 0.9959, 1.3617,-1.1258, 0.255 ,-1.9512, 1.2953, 0.7038,-1.7813,-1.7473, 1.0899,-1.6353,-2.1337,-2.5583, 1.3286,-1.2137, 2.8411]
[-0.5388,-4.3673, 1.9193,-1.8924, 1.4378, 0.7102,-3.0501,-1.9353, 0.5392, 2.2616,-1.4512,-0.9641, 2.2432, 2.6165, 2.0634,-1.591 , 1.2499, 2.0898, 0.4354,-0.7559]
[ 1.5215, 4.2341,-1.3559,-0.4045, 2.7365,-2.6771,-2.8959,-1.1191,-0.7913, 1.3828, 1.0114, 0.4834, 3.0061, 2.2358, 3.    , 2.6359, 2.6322,-2.539 , 2.0148,-2.9938]
[ 3.0654, 5.1437,-0.595 ,-2.1683,-1.1223,-1.5183, 1.3247, 2.2594, 1.5732, 1.7751, 2.568 , 0.5907,-0.8227, 2.4569, 2.6036, 1.8036,-2.894 , 0.9405, 1.637 ,-0.4045]
[ 4.3207,-0.304 , 3.2653,-0.2712, 1.4239, 1.4633, 1.897 ,-1.8926,-0.8601,-1.2306, 0.7733, 0.3733,-0.4564, 0.5386,-2.1024, 0.4949,-0.361 , 0.6118,-0.2549,-1.9983]
[-1.9045, 3.113 ,-0.4757, 0.9033,-2.0437, 2.6337, 2.9883,-0.6016,-2.4781, 2.6316,-1.7904, 2.0979, 1.2521,-2.149 ,-0.8932,-1.8993,-1.3203, 1.3328, 2.4977, 0.3386]
[ 0.8013, 1.1476, 1.0041,-1.6133,-2.4121, 2.479 ,-0.5807,-2.869 , 1.0938, 0.6177, 0.0905, 1.8578, 1.7113, 1.3034,-1.8678, 0.2829,-1.7156,-1.8136, 2.6243,-3.077 ]
[ 1.4322,-4.8662, 3.8449,-1.4155,-2.5639, 0.2642,-0.3981, 1.8545,-2.6177, 2.3684,-2.8673, 1.7537,-2.6452, 1.4196, 2.2856,-0.1202,-0.5749,-1.6505, 0.5825,-2.2475]
[ 4.7655, 2.7315, 3.3361,-1.8496, 0.6362, 0.668 , 0.239 , 2.8754, 2.2023,-1.3983,-0.5708, 1.9817, 2.5174,-0.9708,-2.4358, 1.5936, 1.1627,-2.2021,-2.344 , 1.8235]
[-5.108 , 2.4727,-1.0054, 1.1449,-0.0892, 2.8982, 2.1645, 2.8223,-0.6764, 0.4243,-2.8978, 2.6122, 2.4098, 1.4225, 2.1555, 0.7759, 2.6675,-1.0018, 2.3255,-1.1926]
[ 3.8506, 4.8328,-2.8337,-0.7807,-1.2293, 0.2708, 3.0127,-1.1277,-1.6629, 1.8173,-2.9685, 1.3775, 0.221 , 1.8968,-2.9123,-0.845 ,-1.3359,-0.8197,-0.2237, 1.3161]
[-4.1074,-4.8885,-0.9954, 2.8172, 2.4018, 3.118 , 1.0929,-2.8882,-1.4061,-1.8263, 2.8522,-1.1624, 0.9171,-2.5466,-1.0076,-2.1037, 2.4115,-2.2438,-1.8602, 1.9759]
[ 1.713 ,-3.8532, 1.7183,-1.3458,-1.9613, 2.7846, 0.5123,-2.346 ,-1.5495, 0.7946, 2.3995,-2.227 , 1.9349, 2.0692, 2.5494,-2.747 , 2.4893,-0.127 , 2.117 , 3.0735]
[-2.3035,-3.6787, 1.0181,-1.6477, 2.2482,-2.6372, 0.912 ,-0.4116, 3.0554, 2.7674, 1.8748, 3.1052, 2.938 ,-1.3566,-0.3853, 1.1718, 1.3436,-2.0667,-1.7306,-0.5842]
[ 5.0694,-4.1571,-0.3928,-0.4751,-2.1733, 2.072 , 0.4479,-1.4328,-2.839 ,-1.5932, 2.7234, 0.062 , 2.5657, 1.4766, 0.1973,-2.0093,-2.4084,-3.0364, 2.6475,-0.4209]
[-1.6191,-3.8092,-3.5206,-0.5624,-1.5469, 0.6205,-2.9888, 2.3313,-1.4968,-0.6558,-1.7546,-1.2574,-0.7151, 2.7032,-1.1386, 0.7604,-1.8013, 0.0851, 1.9378,-1.346 ]
[-5.1063,-4.6568,-2.6769, 2.1654, 1.1486,-2.1121,-2.5205,-1.919 ,-1.4279, 0.7105, 0.9137, 2.2192, 1.4213, 0.6394, 3.0274, 3.1378, 2.8485,-2.6248,-2.1196, 3.0698]
[-3.4159,-4.8819, 0.0141,-1.6029, 0.159 ,-2.1502,-0.9248, 0.7537,-0.3486,-2.9169, 1.421 , 0.022 ,-2.5731, 1.4013, 2.1753, 1.2216, 1.9623,-0.4777, 2.1949,-2.17  ]
[-1.5795,-3.2544,-1.2407,-1.8128, 1.9185,-2.1886, 2.3947, 2.0907,-0.4282,-2.8979,-2.5274, 3.137 , 0.2541, 1.5573,-2.4266,-1.9308, 0.2532, 2.7766, 3.049 ,-0.0074]
[-1.1452, 0.6949,-3.7634,-0.9855, 1.9262, 2.2239,-2.3551,-1.6342,-0.4204,-2.3171,-0.7444,-3.0345, 0.6422, 1.8214,-1.6809, 0.823 ,-2.3962, 0.0469,-3.0763, 0.6151]
[ 3.4091,-1.6019, 3.524 ,-2.1963, 1.6459,-1.4216, 1.3548, 2.5856, 1.9947,-1.6898,-0.4909,-2.9469, 1.1991, 0.0354,-2.9172, 0.4941, 0.9194, 0.932 ,-1.9257, 2.68  ]
[-4.3051, 3.316 , 3.5673, 1.8636, 0.9596,-0.3741,-1.9952,-1.3617, 0.6337, 0.4048, 2.8859,-1.7781, 1.632 ,-1.385 ,-0.9775,-3.0773,-2.5038,-2.0745, 3.0704,-1.7804]
[-0.6904,-3.0639,-4.2762, 3.0125, 2.114 ,-1.081 , 2.6223,-1.4433, 2.4685,-2.467 ,-1.3608,-1.2221,-2.6378,-1.9239,-2.62  ,-0.2107, 3.0525, 2.0697, 2.534 ,-1.488 ]
[-4.9918, 3.4493,-3.6338,-1.1924, 1.3108,-0.7887, 1.3904,-2.0505, 0.7811,-0.9648,-2.8144, 1.9431, 0.1365, 2.5701, 0.3452,-3.0413, 1.3286,-1.5684, 2.675 , 0.1949]
[ 3.2499, 1.1977, 2.1457, 0.452 , 0.6313,-1.1759,-0.2476,-0.7368,-1.295 , 1.109 , 0.2715,-2.8785,-3.0018,-1.9455,-2.7147, 2.3117, 0.2392,-0.8222, 0.0792,-1.1458]
[ 2.406 , 4.5379,-0.1959,-1.8113, 0.2374, 0.1651,-1.0846,-3.0067, 1.5589, 2.2348,-2.72  , 2.2576,-0.4708,-1.4924,-1.4326,-1.8469, 1.6873,-1.2253,-1.094 , 2.6926]
[-4.6407, 4.573 ,-2.6048,-1.0965, 2.0157,-2.2289,-0.9143,-0.0549,-2.3484,-1.4046, 0.8846,-3.1305,-3.1278, 2.5336, 2.3014,-2.0784, 1.1095,-1.3997,-2.5136,-0.8422]
[ 5.0583, 1.9593,-3.6253,-2.383 , 0.1561, 2.1417, 0.1162,-2.5512,-3.0396, 2.6719, 2.5472, 0.8589,-0.1155, 2.3563, 0.4722, 0.5736,-1.1715, 1.2689,-1.766 , 2.1917]
[-3.8099, 2.0081,-0.4493, 1.6059, 2.0223, 0.4693,-0.0716, 2.2534,-2.6796, 2.4224,-1.0037,-2.4857, 1.5454,-0.5759,-1.1829,-2.6864,-0.3762, 0.5659, 0.6659, 0.157 ]
[-2.1192,-1.4053,-5.0368, 2.4985, 0.1501,-2.1974,-2.2973,-2.8337,-2.0877, 0.2904,-1.1919,-2.8223,-2.7895, 0.5974, 3.051 , 1.4822, 2.8723,-1.4798, 2.9909, 0.6803]
[ 3.0072,-1.4003, 4.7707,-2.5652,-3.0212,-3.0806,-0.5513, 2.787 ,-1.3146, 1.9455, 0.6996,-1.7781,-2.3317,-2.0383, 2.1772, 1.6755,-2.5724,-2.2866, 2.0566, 1.017 ]
[ 5.3532,-4.2044, 1.7869,-1.1676, 0.9756,-2.7745, 0.687 ,-1.6552, 2.8745,-0.5839,-2.5198, 1.0072,-0.9581,-1.8658, 0.9442, 0.5954, 2.5255, 1.8261,-1.1203,-0.752 ]
[-0.8023,-2.098 ,-4.1106, 1.8583, 2.1767,-0.7964, 0.1031,-0.879 , 0.0758, 0.6646,-2.8418,-0.1162,-1.159 ,-1.1136, 0.4994,-1.7902, 1.206 ,-1.4494,-0.3634, 3.0921]
[ 0.4413, 0.9536, 0.1791, 2.6418, 1.943 , 0.4222,-0.2298,-2.5381,-0.132 , 1.4225, 2.3213,-3.1412, 0.1167,-1.8327,-2.9834,-0.9838,-0.844 , 1.5811,-0.8335,-0.1555]
[ 3.9447, 3.0687,-2.9067,-2.5891, 1.3655, 0.3791, 1.9973, 1.4774, 3.0985, 0.0747, 1.1144, 0.6133,-2.0354, 2.4058, 2.5097, 0.0468, 2.6973,-1.9687,-1.9   ,-2.6871]
[ 4.2039, 3.0838, 4.2935,-0.8732, 2.6349, 2.2481,-0.1456, 2.1177,-3.1328,-0.2013, 1.1119,-0.2481, 2.1067, 2.1647,-0.9662, 1.4116,-1.096 , 1.2009, 0.5599,-3.1285]
