[-0.7497,-3.9131, 3.4332, 0.6955,-2.3353,-2.1595, 2.2753, 1.7422,-1.8498,-2.0801,-0.2469, 1.5791, 0.3774, 0.9628,-1.4638, 1.6936,-1.5944,-3.1261, 2.9925, 2.5299]
[ 1.6587,-0.2781,-1.5076, 0.2897, 2.9933,-2.1606, 0.0639, 2.3391, 3.0994,-2.9828, 2.2244,-1.799 , 3.0697,-0.4009,-0.0126,-0.58  ,-0.0162, 0.239 , 3.0229, 2.6852]
[-5.313 ,-2.8767,-0.7605, 2.3188,-2.6556,-2.3637,-0.9361,-2.9028, 1.4025,-3.0963,-1.7309, 0.4818, 2.7376, 0.2577, 0.9662,-2.3547,-0.8004, 2.1111, 2.6763,-2.1868]
[-0.809 , 0.3249,-4.1205, 0.115 ,-2.6164,-2.14  ,-1.4969, 1.9094,-1.4471,-2.6602, 1.3239, 2.9992,-1.3817, 1.9368,-2.1899, 2.4727, 0.121 , 2.5787,-2.1683,-2.5115]
[-3.4646,-5.0879,-5.0145, 1.1202,-0.5626,-0.2522, 1.249 , 2.4459, 1.7992, 2.0492,-0.5477, 1.4394,-2.5212,-0.9521,-1.1159, 1.4043,-0.9602,-1.4399,-0.8935,-0.9722]
[ 0.1784, 5.0503,-0.0371,-2.8419, 0.66  ,-2.3864, 2.1898, 3.0485,-1.5652, 0.6194, 2.9316,-1.8251,-1.6152,-0.9454, 3.1001,-3.1075, 1.5465, 1.2583, 0.3531, 0.6376]
[ 2.0072, 1.2436, 0.865 ,-2.2182, 3.1304, 2.6147,-1.6965, 2.3557, 3.1113,-2.8388, 0.6389,-1.908 , 0.1592,-1.756 ,-0.1322, 0.9934,-1.966 , 0.4377, 2.804 , 1.464 ]
[ 5.2503,-2.1932,-1.8168, 1.3895,-1.1905, 1.6817,-1.492 ,-1.9355,-1.0754, 1.0863,-1.0255,-0.7684, 0.1154, 1.4213, 2.0743,-2.3092, 0.2996,-1.6063,-2.5335,-1.0804]
[-3.2268, 2.5248,-1.7063, 1.1314,-1.5468, 2.0137,-2.5998,-2.5836,-2.2692,-1.1584, 0.3142,-2.0618,-1.2248, 3.0895,-1.6546, 0.2457, 1.3501, 2.363 ,-0.9874, 2.2966]
[ 0.0527,-3.8115,-0.1454,-0.8048, 0.5656, 1.2922,-2.6533,-1.8912,-2.3928,-3.0013, 1.1441, 0.1298, 1.7808,-0.8883,-0.9417, 3.0901,-2.9263,-1.662 ,-0.1784,-0.6432]
[ 2.1032,-1.4114, 3.326 , 2.1526,-0.0212,-2.3366,-1.8323, 2.4055, 1.8392,-2.4747, 2.9588, 0.6643,-1.0142,-2.6439, 0.2135, 1.9557, 2.8188,-1.6235, 2.0731, 0.406 ]
[ 4.3695, 5.3177,-2.327 ,-2.5548, 1.6041, 0.4082, 2.9579,-0.207 , 0.5799, 2.0827, 0.0703,-0.6227, 1.3541,-0.6853, 0.4173,-0.9657,-2.8312, 3.0706,-1.402 ,-1.5946]
[ 2.016 ,-2.3768,-2.2044, 2.7313, 1.1063,-1.4472, 2.4554,-0.9957,-2.3018, 0.0781, 1.6276,-2.0234,-1.5547, 2.5998, 2.3767,-1.4823,-1.9977, 1.9179, 0.9171,-2.0185]
[-0.3359,-0.1856,-0.5177, 0.3107, 0.9099,-1.0394,-2.05  , 0.8634,-1.4685,-1.4065, 3.0028, 2.6132, 2.3325, 1.6064,-2.2467,-0.7191,-1.5374, 0.3232,-1.3461, 1.9501]
[-2.1473, 2.531 ,-3.5188, 2.5856, 2.1393, 2.4404, 2.9852, 1.5158,-0.4686, 2.0075, 2.699 , 1.4431,-1.8206, 1.7099,-1.9199, 2.6163,-1.3572,-2.2642,-1.9861,-2.5579]
[ 3.1753, 0.1187,-3.1903, 1.1201,-2.9382, 2.5504, 1.0206,-0.2705, 2.5377, 1.5826,-2.3552,-0.3544,-1.0525,-0.0543,-3.0291, 2.6724, 0.658 , 2.6154,-2.6736,-0.069 ]
[ 1.3458,-3.9223,-3.9931, 1.3375,-2.269 , 2.4448, 1.9831,-1.1791,-2.932 ,-1.4541,-1.3448, 2.2465, 2.712 ,-2.9765,-2.017 , 0.6741, 0.7191, 2.6741, 3.0381, 0.3062]
[ 0.5526,-5.2131, 0.1007,-0.476 , 0.4566,-2.5615,-1.508 , 0.1066,-2.4055,-0.3084, 2.3214,-1.02  ,-1.6267,-2.1865, 0.3637, 2.332 ,-2.0011, 1.4824, 2.3324, 1.5093]
[-0.4141,-0.3864, 1.3677,-2.6846,-1.9235, 1.8311,-2.9748, 0.3948,-1.7336, 1.016 ,-1.8101, 0.2935,-1.3673,-1.2458, 1.1914, 2.3237,-0.7103, 1.3855,-1.1401, 0.129 ]
[ 1.8588,-3.6269,-5.1274, 2.7493, 2.204 ,-2.8324,-1.6835,-0.6191, 0.0882,-0.1436, 2.8633, 0.7872, 2.1163,-0.5125,-1.6381,-2.0542,-0.2321,-1.1093,-2.5809,-0.9203]
[ 2.0249, 0.6752, 5.4578, 1.6873, 1.9219,-1.4115,-0.9945,-0.7405,-0.7063, 0.7967,-2.2582, 2.9315, 2.3156, 0.2652,-2.9281,-1.3842,-2.6115, 2.4417,-1.7738,-0.4558]
[ 4.5278, 1.6424,-3.795 ,-2.5994,-0.2319,-0.3238,-1.3215, 3.0306, 0.2842, 0.0991,-2.9134, 1.0922, 3.0117,-2.5462, 0.5125, 0.6957, 0.6273,-2.5509,-2.1246,-2.2566]
[ 2.4799, 4.4254, 1.694 , 0.6501,-0.9133, 0.6509, 3.0436,-1.3434,-0.4321,-1.1514, 0.1106, 2.3117, 2.9375,-1.7422, 0.3509,-0.9875,-1.2695, 0.6766,-2.7959, 0.7314]
[ 1.9822, 0.0877, 0.9299,-0.1125, 1.1919,-2.151 ,-1.1685, 2.9925, 0.6043, 0.3845, 1.8906, 0.1298, 1.9394, 2.9402, 1.6754, 0.8506,-1.4953,-1.7647,-1.0132, 0.4585]
[-3.2878, 3.2014,-5.284 ,-2.8247, 1.1454,-1.2662,-1.0945,-2.7805, 2.5885,-1.3134,-1.1715,-2.859 , 0.6624,-0.0921,-1.5008, 2.5703,-3.1012, 1.9832,-1.2946,-0.9469]
[-3.3292, 5.0413, 2.7105, 1.3982, 1.0332, 0.9131, 2.9483,-1.2519,-1.2696,-1.6612, 2.9396,-2.5048, 1.9539,-1.5285,-1.7773, 1.6172, 0.7658,-0.058 , 0.2972, 0.3117]
[-4.7265, 1.9002,-3.8645,-0.5229,-3.1253, 2.0003,-3.0806,-1.7525, 1.7717,-0.6882,-1.995 ,-2.0224,-0.0497, 1.6585, 1.427 , 0.4462, 2.9307, 2.5671,-2.4961, 2.7381]
[ 0.2257,-2.5016,-2.8924, 0.7909,-0.4469,-2.2066, 1.7233, 1.1092,-2.3897, 2.5014, 0.6377,-1.214 , 0.5952,-2.6345, 2.0613,-0.6313,-1.3532, 0.6113,-0.0378, 1.1118]
[-4.8681,-4.2938, 1.5495, 2.5768,-2.5831,-1.2758, 3.0476,-1.2305, 1.7371,-1.6938,-3.131 , 2.7939,-0.7319,-1.7282,-2.8872, 3.0782, 0.5339,-3.0947,-0.6372,-0.1535]
[-5.286 , 2.7601,-5.3272,-1.2713, 0.7554, 0.2407, 2.925 , 0.664 ,-0.2142,-1.06  , 1.5422,-0.9715,-1.1772,-2.4838,-0.2454,-0.7544,-1.1754,-0.0764,-2.0345,-1.7465]
[-0.234 , 5.2871,-1.6045,-1.3215,-2.6443, 0.5929, 1.8697, 0.8753,-2.5418, 2.6512,-2.2859, 3.0255, 0.258 , 1.142 ,-1.817 , 0.028 , 1.701 ,-2.8489, 0.3559,-0.4599]
[-2.5558, 0.9856, 2.5917,-1.0651,-3.0405,-0.11  ,-1.4149,-0.494 , 0.422 , 1.8326,-3.0447,-0.0043, 2.5258,-0.0567, 0.8766, 2.9325, 0.0926,-0.2862,-1.5909, 3.0014]
[ 0.652 , 5.4311,-1.8727,-0.3884,-2.0474,-2.6697, 0.7255, 2.8163, 2.8356, 0.4917, 0.1184, 0.9681, 2.919 ,-2.8772,-0.4447,-0.1533, 0.493 ,-3.1262,-0.8105, 0.2774]
[ 2.5807,-3.5154,-3.694 , 2.2247,-1.3368,-2.747 , 1.3081, 0.6213, 1.3968,-0.4371,-2.9867,-1.277 ,-2.3324, 2.9305,-1.452 ,-1.1073, 0.4894, 0.7498, 2.1452,-0.8478]
[ 3.6415,-2.1227, 5.3953,-1.4688,-1.1257, 1.3972, 0.1406, 1.4891,-1.3242, 1.1194, 1.492 ,-1.9389,-0.3881,-2.1462, 0.9637, 0.5192, 2.4261, 2.7614,-0.46  ,-1.7052]
[ 0.0315, 3.0003,-3.0136,-1.548 , 2.4334, 0.9722,-0.9109,-1.7287, 0.7572, 0.9861, 0.4729, 0.633 ,-0.4601,-1.0648, 1.9687, 0.4607, 1.989 ,-2.1546,-0.0719,-0.163 ]
[-3.9678, 3.4053,-0.7755,-1.1069, 0.6975, 2.0711, 1.3844,-0.7412, 2.5188, 0.6161,-2.8314,-1.1909, 1.9817, 1.474 ,-2.734 , 2.5738, 3.0269,-0.5706,-0.0497, 3.025 ]
[ 0.6895, 5.4165,-3.0687, 2.9583,-0.5082, 1.7751, 1.3554,-1.1763,-2.6762, 2.5735, 1.1562,-0.009 , 2.831 , 2.4386,-1.975 ,-1.912 , 2.3661,-2.7065,-0.4568, 1.1544]
[ 1.0299, 3.2866,-1.4006,-1.3838,-1.0059,-3.0817,-1.8586,-1.6582,-2.1901,-0.2889,-2.3218, 2.6264,-2.1297,-0.855 , 1.9033,-0.6663, 1.2972,-2.6506,-0.6554, 1.5646]
[-3.6142,-0.8039, 0.8991,-2.9491,-1.6603, 2.9159,-1.5419, 1.5512, 0.7012, 1.9006, 1.5604, 2.6906,-1.3739, 2.2281, 1.1054,-0.8381,-0.395 ,-0.9323,-1.1958, 0.1033]
[ 2.088 , 2.9767, 1.2915, 2.5585, 2.9017,-0.3718,-1.3715, 1.7703,-2.1775,-0.4579,-1.6897, 1.166 ,-1.8257,-2.9703,-2.8986, 2.7802, 0.1511, 0.1916,-1.8252,-0.0256]
[ 0.8066, 2.6501,-1.9891,-2.9779, 1.6862,-1.7973,-1.2653, 2.5106,-2.9502, 1.7195,-2.3687,-1.9141,-2.192 , 0.3151, 0.9302,-1.4391, 1.9094, 2.1193,-2.8579,-1.4133]
[ 4.5044,-0.9923, 5.3694, 2.5055,-3.0093, 1.6465, 0.0889,-0.9969,-0.6105,-0.0292, 1.4681, 2.5754, 1.3906, 1.3911,-0.8301,-0.2563,-0.7886, 2.946 , 0.9484, 2.7749]
[-2.2766, 1.7074, 3.5294, 1.7477,-2.9865, 1.3514, 1.7619,-2.2753, 0.0266, 0.9657,-2.8511, 2.1193,-2.4438,-1.0497, 1.772 , 2.3283, 0.1246, 1.2317, 0.6139,-0.4016]
[ 4.3451,-1.5477, 4.254 , 0.2135, 1.7452,-0.6354, 2.0094,-0.7603,-0.1674, 1.6199, 0.8477, 2.5004,-2.8579, 0.0574,-1.3902,-1.6996, 1.0394, 2.5218,-2.1755, 3.1185]
[-2.6741, 1.0179,-1.6505,-0.4435,-1.2708,-0.9319,-2.1725,-0.6597, 0.1523,-1.0522, 2.2551, 2.244 ,-0.4111,-1.5238, 0.1385, 1.207 , 2.0533, 2.5374,-3.0097, 0.6866]
[ 1.6404,-1.8326,-0.8562,-1.8022, 1.2774, 0.7895,-1.6784, 1.5681,-1.6051,-0.3041,-2.9018, 0.9756, 1.1172,-0.2199, 2.6856, 0.1841, 0.1023, 0.8847,-1.8803,-1.5848]
[ 0.1042,-3.875 , 5.2907,-1.204 ,-1.4697, 1.2999,-1.5249,-2.0553, 1.9451,-2.3753,-1.935 , 1.4393, 0.7084,-3.0016, 1.6725,-0.4399,-0.7054,-1.6507,-0.5777,-0.5176]
[ 2.9454,-4.8899, 3.4155,-0.7146, 2.7536, 2.9845, 2.2964, 1.9889, 1.5139, 0.7664, 0.3441,-1.3818,-0.8068,-2.6245,-2.2069,-2.4584, 2.9206,-0.2687, 0.6818,-2.4128]
[-2.0808, 2.7082, 2.1449, 1.7078, 1.4965,-0.6939, 1.8656,-0.7042,-1.0024, 1.2516,-1.9872,-2.8861,-1.5954,-2.1948,-0.804 , 0.0187, 2.164 , 2.5214,-2.1094,-2.4295]
[ 2.1878,-0.2948,-4.3375, 0.6375, 1.94  ,-1.017 , 2.0822, 1.7115,-2.3086,-0.5817,-0.2961,-1.8553,-0.951 , 0.1408, 2.1014, 0.987 , 2.958 , 0.2425,-1.3417,-0.1944]
[ 2.4142, 1.2914, 4.0428, 2.2599,-2.9981,-1.8008, 2.1528,-1.9651,-1.8801, 0.6783,-2.7127, 2.9782,-0.8591, 1.436 , 1.9565,-2.0536,-3.0214,-0.5579, 1.1961,-2.0332]
[-5.2582, 4.6013,-2.7462, 2.7887,-0.8946, 1.3434, 0.8013,-3.0417, 2.5224,-0.2806,-0.5203, 0.5122, 3.1313,-0.0922, 2.9017, 1.2977, 0.1517,-2.6403, 0.1876,-1.8208]
[ 4.6563,-2.2973,-1.9655,-0.1547,-1.898 , 2.8511,-1.5933,-2.229 , 1.1667,-2.1757,-1.1358,-0.3201, 0.5722, 2.1939, 2.26  ,-0.191 ,-0.6182,-0.792 ,-1.9427, 0.1532]
[-0.0085,-2.0253, 0.0487,-2.7722,-1.55  ,-0.4886,-0.6633, 2.473 , 1.4536, 0.3122, 3.0244,-0.4497, 2.3918, 1.7649,-2.8141,-2.5784,-1.5805, 1.8247, 1.095 ,-1.3154]
[-3.1629, 1.7765, 1.2228, 0.3521, 0.3304,-0.9857, 1.0528,-0.9905,-2.8137,-1.7306,-2.5442,-0.5747, 2.2313,-0.6026, 2.5447, 0.3083,-0.1771, 2.449 ,-0.2631,-2.2062]
[ 2.6058, 2.5959,-0.3984,-2.1847, 0.7416, 0.1297, 3.0087,-2.0241,-0.0709, 1.3244,-0.1101, 0.0412, 3.0027, 1.549 ,-0.6291, 0.8342, 2.6003, 1.7816,-1.3436, 0.7765]
[ 1.2374, 3.0138,-0.1359, 2.7267,-3.0995, 2.3755,-1.2811,-2.4917, 2.4777, 2.72  , 2.1934,-2.5501, 3.007 , 0.2898,-2.8844,-0.2282, 1.6646, 1.615 ,-0.4325, 0.2779]
[ 2.5953, 0.9987,-1.0596, 0.0251,-2.4398, 0.8649, 0.4118, 0.506 , 2.3059, 1.7807, 1.7744,-1.3459,-1.1674,-2.7879, 2.4652,-1.9163,-0.5526,-0.3914,-0.0258,-2.2637]
[-0.2444, 1.6862, 2.8119,-1.6906,-1.7248,-1.17  ,-1.0523,-2.9535,-1.2254,-2.3229, 2.3778, 2.4564,-2.3983,-1.0613, 2.469 ,-0.8683, 2.3327,-2.3256,-1.2861, 0.4631]
[-2.4667,-3.7332,-2.7983,-2.5211,-1.3112, 2.8675, 0.4063,-0.7626,-3.1087, 2.0029,-0.3542,-1.7108,-1.0003, 1.2804, 2.6133,-2.0964, 1.0187,-2.6742, 1.4777, 3.0586]
[-5.3448e-01, 3.7832e+00,-3.4240e+00,-2.1685e+00,-1.9449e+00,-1.0957e+00,-1.6771e+00,-2.9572e+00,-2.4958e+00, 2.4472e+00,-2.7669e+00,-1.5190e+00, 5.2408e-01, 3.0219e+00, 3.0329e+00,-1.9701e-03, 8.9394e-01, 2.8061e+00,-2.8906e+00, 2.8159e+00]
[-4.3543, 5.4476,-0.8215,-2.7061,-2.2739,-1.26  ,-1.7433, 2.9641, 3.0587, 0.7628, 0.4311, 0.3258,-1.9041,-0.2032,-2.6188, 1.2086,-1.5989,-1.8308, 1.863 , 2.7743]
[-0.5798,-0.9971, 1.4273,-1.0787,-1.7334, 2.0886,-1.7257, 0.9505,-0.8377, 2.9261, 1.3041, 0.7599,-2.4992, 0.2626, 0.7862,-2.9517, 2.6052, 2.7687,-0.3398,-1.7847]
[-4.8609,-1.5296,-2.3512, 2.2005, 2.2339, 2.2214,-1.3188, 0.8377,-0.1367, 3.1032,-0.245 , 1.7771,-2.7875,-2.5497, 3.0367,-2.028 ,-2.0166, 2.5267,-2.9329,-1.3342]
[ 5.0693,-3.1396,-5.4498,-0.9909, 1.3256, 2.3437,-3.1265,-0.8987, 2.4823,-2.6009,-2.316 ,-2.1978, 1.4645, 0.1516, 2.2949,-0.8552,-0.8793,-2.3674,-1.4972,-1.1282]
[ 0.1877, 1.3271, 3.2425, 1.1217, 0.3614,-2.6639, 0.0879, 2.7725,-2.1672, 0.1666, 2.2315, 2.9695, 2.6462, 0.9879, 0.1388,-1.5125, 2.1986,-3.0673, 1.2927,-0.9135]
[-3.3819,-0.6618,-1.5425,-0.9217,-0.4488,-2.3295, 0.9039,-0.3074, 0.1958,-1.1313,-2.5954, 1.8604, 1.445 , 0.3242, 1.3746,-2.7801, 1.3887, 2.7787,-2.695 , 1.5261]
[ 1.861 , 2.3365, 5.4504, 2.631 ,-2.7344, 0.7594, 0.7956, 1.6324, 2.9433,-1.1016,-0.7236, 0.7741, 0.8158,-3.0421, 0.0293,-1.8148, 3.0472,-2.0758, 1.6964, 0.1235]
[ 5.2983,-0.9446, 5.322 , 0.2002,-2.8536, 1.8014,-2.6156,-1.7809,-0.5891,-0.9054, 1.3755,-0.2589, 2.8539,-0.9068,-1.5602, 0.7993, 2.6201,-0.2431,-1.9626, 2.2963]
[ 4.4816, 1.4558, 3.9321, 0.4864,-2.46  , 2.0405,-0.3551,-2.2638, 0.7044,-0.0265, 2.1854, 1.3823, 1.9959,-3.0048, 1.6198,-1.4283, 2.1006,-0.5269,-0.5827, 0.781 ]
[ 5.0819,-3.0161, 1.5207,-2.9034, 1.1832, 2.9934,-1.7785,-1.4716,-2.9794,-0.7997,-1.3247, 0.6055, 1.5002,-0.5876,-2.9893,-3.0302, 1.0903,-1.6714,-2.8566,-2.542 ]
[ 0.4076, 2.7972, 5.0688,-0.6905, 2.488 , 2.9425,-0.6771,-0.3649, 2.5587, 0.4442,-3.0782,-2.2425, 3.0526, 2.0891,-1.9556,-2.9375,-1.2509, 0.1885,-0.7182,-2.8703]
[ 4.5439,-3.7604,-1.6041,-2.8067, 1.6764, 2.8763,-2.0806,-1.0098, 0.07  , 2.9866,-0.3205,-1.7593,-1.353 ,-3.1362,-2.2658,-1.8913, 2.5895, 2.7514, 2.7088, 2.595 ]
[ 2.3866,-3.7941,-2.3582,-2.4395, 0.8672,-1.4614, 0.8381,-1.0547, 0.4238,-0.1287, 2.7062, 1.5019, 0.3517, 2.6043,-1.9488, 1.8242, 0.5997, 1.6666,-2.9686, 1.9548]
[-0.1391,-0.1076,-2.6526,-2.7141,-1.4352, 2.9958, 2.3723, 2.4338,-0.8972, 2.4506, 0.0555,-0.9729, 2.4725, 0.5872,-1.157 ,-2.3439, 1.9804,-1.6568,-2.4704, 1.6417]
[-3.9266, 4.6841, 3.775 ,-1.6205, 2.0389,-2.2556,-1.6758,-0.5272,-2.5672, 2.1044, 1.8083, 1.9885, 2.1551, 1.3557, 0.4443,-0.6303, 0.5528, 2.5605, 1.1644,-0.8099]
[-4.3909, 3.4109, 2.1848, 2.6967,-1.644 ,-0.8482, 1.1476, 3.0829,-3.012 , 0.3844,-0.3254,-1.5653, 0.1539,-1.4393, 1.1105,-0.4921, 2.3443, 1.9344,-2.6383, 1.0546]
[ 2.1832,-2.1894,-0.8611,-1.8069,-0.9951,-0.6167,-1.7267,-0.0966,-2.5288, 0.9308,-0.2919,-0.7383,-2.797 ,-1.2277, 2.1656,-1.1445, 1.4136, 1.5584, 0.0748,-0.9528]
[ 0.5389, 2.4418, 4.6038, 1.7552,-2.9674, 2.0398, 2.0989, 1.7469, 2.7698,-2.8324, 1.2123, 1.7372, 1.98  ,-2.4581,-1.8868,-0.6526,-2.2434,-0.4987, 2.7161,-0.1167]
[ 0.409 ,-2.7546,-1.612 , 0.1831,-1.5174, 2.7086,-2.3248, 0.7989,-1.3692, 0.486 ,-1.0146,-1.5641, 1.372 , 0.005 ,-0.8855,-0.1749, 0.1527, 1.6591,-2.0216, 0.2257]
[ 4.8897,-5.2428, 5.1898,-2.4331,-2.8226, 2.7081,-1.8012,-2.4052, 0.4572, 0.5419, 0.0306,-2.1489, 0.6304,-1.7135, 1.4051, 1.1523,-2.4479, 2.6675, 0.021 , 2.9094]
[ 0.9291, 2.9034, 5.2867, 1.5808,-1.4679, 1.6892,-0.2813, 1.8517, 2.3908, 0.3798, 1.5727,-1.4969, 2.8269,-0.3342, 0.6698,-2.088 ,-0.58  , 1.3748,-3.0267, 0.3363]
[-5.359 , 0.0117, 4.0614,-2.0849, 0.4666, 2.8972,-1.9438, 0.1939, 2.2636, 0.406 , 0.2524,-2.3547,-1.1829, 2.1469,-1.948 , 2.3137, 2.1396,-2.7646, 0.788 , 1.6502]
[ 2.4356,-5.2219, 4.3117,-3.1094, 2.3394, 1.9721,-0.9735,-3.063 ,-2.7729,-0.3934,-2.9757,-0.8586,-1.8866,-0.3274,-3.0542, 1.1323,-0.4537, 1.0627,-1.117 , 0.4968]
[ 3.7058,-0.2833, 0.0904,-2.6095,-1.4607,-2.555 ,-1.9288, 1.5177, 2.2632,-1.0769,-0.7931, 0.7929,-2.7973,-1.3064, 1.3578, 3.0259, 1.9243,-0.3417, 1.2684, 1.2105]
[ 0.4184,-4.0052,-4.3738, 2.2115,-0.0637,-1.9535, 2.986 ,-0.7461,-0.1672, 1.7657, 1.758 , 0.7477,-0.038 , 1.3834, 1.7021,-2.041 , 0.5974, 1.5074,-2.3941, 0.6404]
[ 3.5872,-0.7062, 1.1259, 2.8289,-0.255 ,-3.1362,-0.9373,-2.6368, 2.2006, 2.123 , 0.2213,-0.37  , 0.2013, 1.387 ,-0.7243,-0.8151,-2.5417,-2.5098, 1.8289,-0.8975]
[ 1.2907, 2.6486, 3.2227,-0.3496,-0.7626, 2.4009, 3.0818, 2.4531, 3.034 ,-1.2415, 0.3278,-2.5976,-1.677 , 2.1383,-2.0532,-0.3226, 1.4826,-1.9748, 1.8178,-2.1778]
[-1.0712, 2.3782, 3.913 , 1.7902,-0.6705,-1.4525, 2.6013,-0.9874, 2.2912,-1.8273,-1.5124,-1.2208,-0.5885, 1.2824, 2.0808,-1.9952, 2.6532,-1.6643,-1.7386,-2.4801]
[ 1.1075, 4.1115,-4.1908,-1.0681,-0.7031,-2.5016, 2.7082,-0.3773, 1.8889,-0.8219, 0.8912, 1.6221, 2.8117, 2.2593,-2.9741, 0.3475, 0.8717, 0.7156,-1.3196,-2.0322]
[-1.6525,-3.8131, 0.2592,-0.7973,-2.3557, 0.074 , 2.0313,-2.7126,-1.7934, 2.9037, 2.5446,-2.7591, 0.9581, 0.4535, 0.7873, 0.3084,-2.7404,-0.753 ,-0.951 , 2.9329]
[-3.9396, 4.2339,-2.0534,-0.081 , 1.019 , 0.0377,-1.8387, 0.1489,-1.2114,-0.1507, 1.2468,-1.0053,-0.6476,-2.955 , 0.7999,-2.3154, 0.3791,-0.8327, 0.3626, 1.6881]
[-2.2517,-2.0061, 4.776 ,-1.3269, 1.9706, 0.4151,-2.2786,-0.8898,-2.5277,-0.6029, 1.4732, 2.3761, 1.3589, 0.7955,-0.3734,-0.6045,-0.7026,-0.4294,-0.9829,-1.1664]
[ 1.1568, 5.1433,-3.8975,-0.3322,-0.7266, 1.1386,-0.2563,-0.7734, 1.6366, 1.1063, 0.5063, 1.8032,-0.6726, 1.994 ,-1.1338, 2.1952,-0.6888, 2.0317, 1.2616,-1.9164]
[ 3.9724,-4.7177, 3.0735,-0.4974, 2.7682,-0.1769,-1.1551,-2.5148, 2.8863, 1.0042, 2.3895,-0.2185,-0.1443,-1.1048,-1.0468, 1.7741, 0.6921, 2.9206, 0.8131, 2.0059]
[-1.1883, 3.3335, 3.1057,-1.657 , 1.963 , 2.3104, 2.8518, 1.2217, 2.4133,-1.2847, 0.9491, 1.874 ,-2.9115, 3.0932, 0.3355, 2.6366, 0.6385, 1.6594, 0.263 ,-3.044 ]
[ 0.9338,-1.2591,-1.6854, 1.8508,-0.7873,-1.9387, 1.1375,-2.8294,-1.2532,-1.6919, 0.5422, 1.6242, 2.6492,-2.9979, 1.6455,-2.0769, 0.856 , 1.1771, 0.5216, 0.5381]
[ 1.7755,-4.5041,-1.1653,-1.1305,-1.6609,-2.9513,-2.2732, 2.742 , 1.8011, 2.1495, 0.0941, 1.5882,-1.7797,-0.4004,-3.0101, 1.5296,-0.2848,-2.6745, 2.2024,-1.422 ]
[-2.391 ,-0.6822,-2.7212, 0.2398,-0.6847, 2.5258,-1.3984, 1.2993, 2.2737, 2.0991,-1.2559, 2.8524, 1.6585, 0.4626, 1.9185,-0.9855, 0.6235, 2.9943, 1.1174,-1.149 ]
