[-0.0282,-0.6003,-4.8166,-0.8898,-2.2082,-1.0873, 2.4503,-1.4077,-2.5006,-3.135 , 3.1018,-0.3722, 1.2629, 1.2186, 0.5431, 1.1225, 2.9717, 2.7094,-0.7044,-2.0525,-1.8226, 2.3049, 0.6365,-2.4522, 1.3086]
[ 1.1297, 0.3947, 2.1491,-2.475 ,-2.6758, 1.9138, 0.5831, 2.6553,-1.8687,-0.2676,-0.4436,-2.4999, 1.4066, 3.0512,-2.1424,-0.5012, 2.3382, 0.1086,-0.322 ,-2.0002,-0.9734, 2.9077,-1.0497,-0.0373,-2.5094]
[-0.75  ,-0.1664, 0.524 , 1.7302, 0.9036, 0.0959, 0.6554, 2.2019, 1.714 ,-0.2428, 1.7612, 1.0027, 2.7169, 1.9564,-0.6838, 1.1079,-0.7077,-3.1175, 1.356 ,-1.7596, 0.0955,-2.1046, 2.9456, 1.4104,-1.0893]
[ 5.3102, 1.1723,-1.833 , 1.9456, 1.0166, 1.0823, 1.4379,-0.0776,-0.5002, 2.9132, 0.038 , 1.4211,-1.1075,-2.7885, 1.7178,-0.6481, 2.8791, 1.0695,-2.3047,-0.9669,-2.3069,-0.274 ,-0.9507, 1.8233, 3.0638]
[ 3.8757, 2.5469, 4.7445,-1.1024, 0.6227, 1.4829, 2.7203, 1.7937,-1.8434, 1.8558,-2.4419, 0.5531,-0.3651,-2.6618, 2.0074,-0.369 , 0.4497,-1.1183,-1.7238,-0.7824, 1.4605, 0.9862,-3.0442,-0.5668,-1.7804]
[ 0.2269, 1.6686,-2.3207, 1.9246, 0.1275, 1.9603, 2.5146, 1.2229,-2.8301, 1.5978, 1.3953, 3.0613, 1.8585,-1.6071, 1.3941,-3.0167,-1.0234, 0.1223, 0.224 ,-1.5652,-2.1554,-1.7826,-0.2831,-1.0373,-0.0159]
[-4.5295,-4.8711,-2.2428, 1.9635,-1.5327,-0.0563, 2.8053, 0.2776,-1.5858,-2.3342, 3.1357, 1.1128,-2.5955, 1.9035,-2.9067,-0.5905, 2.0647, 0.5153, 2.7368, 0.6569,-1.8248,-0.4244, 2.7584, 1.9893,-1.3167]
[-5.0752,-1.1655,-0.7326,-2.5231, 1.5484,-0.1813,-2.9613, 2.8499, 0.6884, 2.3196,-2.1674, 0.341 , 0.2442,-0.237 , 1.3945, 0.3418,-3.0537, 1.1891, 0.3532,-1.9803,-0.962 ,-1.3804,-0.7071, 2.3811,-0.175 ]
[-2.3719,-5.0553, 0.599 , 0.4207, 1.7512,-2.891 , 2.2027, 0.3323,-2.8901,-0.0087, 1.4029, 2.7673,-2.9311, 2.7211,-1.9393,-2.5595, 0.6129, 2.6942, 2.0084, 0.1259, 0.7048, 1.8684,-2.7475, 2.713 ,-0.9529]
[ 1.1402, 3.6123, 3.365 , 0.483 , 0.5529, 2.341 ,-0.7516, 2.5302,-0.1635,-1.1643,-1.0596, 0.7387, 2.9376, 0.3186, 1.0257, 0.403 ,-2.1458,-2.3434,-1.6062,-0.5796,-0.6069,-0.2734, 0.463 ,-0.4594, 0.9987]
[-1.1463e+00,-1.0572e+00,-2.6606e-01, 1.9706e-01,-1.8807e+00, 4.3613e-01, 7.4462e-02, 1.5028e+00,-9.0578e-01, 2.7318e+00,-1.0070e-03, 9.0440e-01, 1.5225e+00,-2.8347e+00, 9.2547e-01,-2.8104e+00, 1.7818e+00, 6.9768e-02,-1.8729e+00, 1.9365e+00, 3.0937e+00, 7.2868e-01,-7.5532e-01, 8.9585e-01,-2.2488e-01]
[ 5.0277, 4.776 ,-0.6779,-1.592 , 1.6795, 2.1394, 1.9371, 2.1347,-1.7034,-0.5153, 0.4689,-0.7358, 0.506 ,-2.4462, 1.3607, 2.9439, 0.5335,-1.9793, 2.2973,-1.8193, 2.9571, 2.0243,-1.1419,-0.5483, 1.5986]
[-2.0121,-3.9586, 1.1403, 1.8523,-0.3095,-1.3283, 1.4584,-2.3314,-1.639 , 0.5358,-1.168 ,-2.3103, 0.1374, 1.6877,-0.2013,-1.7138, 2.9213,-1.7217, 0.2775,-1.8194, 2.7923, 2.4314, 2.7268,-1.226 ,-1.834 ]
[-5.3246,-2.644 , 2.09  , 1.7282,-0.2213, 1.4653,-0.841 , 1.132 ,-2.7394, 0.455 , 0.6248,-2.6565, 0.7342, 1.3383, 2.6085, 2.1523, 0.6912, 0.8572, 1.722 ,-1.5187,-1.5691,-2.7472,-0.2401,-0.438 ,-2.4296]
[ 5.2764, 0.6858, 3.7305,-1.5117, 1.8053, 0.8704, 0.0548,-2.5748, 2.524 ,-0.2618,-1.3088, 2.2068, 0.7987, 0.374 , 2.4725,-1.3808, 0.5165,-2.7701, 0.9689,-2.5166,-3.1316, 2.1164, 2.0268, 1.6386, 1.875 ]
[-1.0954,-0.0879,-3.2906, 2.1362,-2.8921,-0.936 , 0.0467,-2.7576, 2.8477, 2.8896, 2.5079,-0.4875,-3.0105,-1.8765, 3.0498, 2.9268,-2.5552, 3.1003,-1.8621, 0.291 , 1.2586,-2.6202, 0.9601, 0.173 , 2.3144]
[-4.0248,-1.2114, 1.8551, 1.5141,-0.5602,-0.3507,-2.882 ,-0.048 ,-2.1365, 1.2   , 0.8678, 0.9267,-2.266 , 0.7643, 2.1805,-1.0011, 0.3173, 2.8381, 1.9195, 0.9665,-0.4877,-0.5039,-1.7129, 2.0456,-2.0238]
[ 1.4483,-4.1962,-0.1294, 1.7488,-1.502 ,-0.1664,-1.7419,-0.8792,-0.8607, 1.9331, 2.656 , 0.2136, 3.0619, 0.6846, 0.1688, 2.7433, 0.4877, 2.8793,-2.4187, 1.0448,-2.1374, 1.0119, 3.1355, 2.6846,-2.2403]
[ 1.5399e+00,-6.9052e-02, 4.5309e+00, 1.1221e+00,-5.5703e-01, 1.2469e+00,-3.9654e-01,-2.4066e-01,-6.9491e-01,-5.6235e-01,-2.4028e+00, 1.2762e+00,-1.4986e+00, 1.7120e+00,-2.7343e+00,-5.9809e-01, 2.0949e-01, 1.3290e+00,-1.1152e+00,-2.8913e+00, 2.6718e+00,-1.0939e+00, 1.4726e+00,-1.3652e-02,-4.9480e-04]
[ 3.9883e+00, 5.1630e-01,-4.8623e-01, 1.2043e+00, 3.2261e-01,-1.3418e-01, 1.5446e+00,-5.0336e-01,-2.7273e-01, 1.7912e+00,-2.4264e+00,-2.4208e-01, 2.5889e+00, 2.6706e-03, 7.9574e-01, 2.4076e+00,-1.3455e+00, 1.1935e+00,-3.1131e+00, 7.6169e-01,-2.2650e+00, 5.9224e-01,-1.0606e+00, 2.0878e+00, 2.9570e+00]
[ 2.4094,-4.3961,-1.4246, 2.9863, 1.9957,-0.0457,-2.6047,-3.0541,-2.22  ,-1.4177, 0.0892,-1.8499, 2.8148, 0.6886, 2.7722, 2.1425, 2.5883,-2.0872,-0.6273, 1.8112,-2.8879, 2.4417, 2.8368, 0.616 , 1.2645]
[ 1.1949,-4.3158, 0.5899, 1.8903,-2.5078, 1.2439, 2.7541,-0.9865,-0.6441, 2.7893, 2.7788, 0.3128, 0.1529,-2.5025,-0.6449, 2.7694,-0.6796, 2.4939,-2.3494, 0.4936, 1.085 ,-1.8535, 1.2238,-1.419 , 1.2004]
[ 3.1146,-4.2971, 3.6578, 1.4428,-1.0612,-0.6657,-1.5327, 3.0936, 2.2442,-0.913 ,-0.1427,-2.1073,-2.1967,-2.0106, 2.9563, 1.6815, 0.374 , 3.0048, 0.1119, 1.9532, 1.1368,-2.2359,-0.3616,-0.3212, 2.4267]
[ 0.9992,-4.2433, 2.1455, 1.2372, 1.682 , 1.2568,-2.1564,-2.5825,-2.8667,-1.8757, 2.6459,-1.8868,-1.5969,-0.0567, 2.5323,-2.6012, 1.527 ,-2.0448, 1.3506,-2.1694,-2.1045,-1.6658,-0.6208, 1.3175, 0.8821]
[ 2.2098,-5.4485, 3.8293,-1.5634, 0.0185, 0.4818, 2.1163,-0.0992,-1.4265,-0.2171,-1.1541, 0.9881, 0.5005,-0.0191,-3.0031, 1.7459,-0.1514, 1.0844,-1.4464, 0.8739, 2.5401,-1.7973, 0.4591,-2.1049,-0.6279]
[-4.3577, 0.8625, 4.7358, 1.8672,-1.6855,-0.7777,-0.7584,-3.0876,-1.6311,-0.9958, 2.1943,-1.4916, 2.8401, 0.6658, 0.1495,-2.1989, 0.8518, 2.9214, 0.5216, 3.0269, 1.2089,-2.2048, 0.4889,-0.5918,-2.5917]
[-0.2542,-3.2353, 5.345 , 3.0158, 0.8995,-0.5583, 0.4444,-2.9491,-0.3183,-3.0261,-2.9343, 0.1365,-1.6137, 1.1445, 2.3763, 1.8141, 1.7111, 0.6583, 2.0639, 1.6674, 2.5386,-2.2991, 0.487 , 3.0928,-1.7165]
[ 2.5269, 4.728 ,-5.0611,-1.787 ,-0.0565, 3.0399, 0.3811, 1.275 , 2.4303, 2.6745,-0.3722,-1.7881,-2.9611,-0.5911,-0.5072, 1.3688, 0.9842, 2.3899,-2.8959,-2.7917, 0.9429, 1.3461,-0.1877, 1.7577,-1.7936]
[-3.1459, 2.5061,-5.0528, 1.1345, 2.0731, 2.7622,-0.1022, 2.73  , 0.9651, 2.4875, 0.0713, 0.9926,-3.0877,-2.5051, 2.3197, 2.726 ,-2.5809,-1.5257, 3.0397, 0.5936,-2.6097, 2.4204, 2.749 , 1.3552,-0.1734]
[ 2.7436, 0.5206,-0.7468, 0.3175, 1.3149, 1.1179, 2.2288, 1.3464, 1.015 , 0.5544,-3.1209,-0.5966,-0.8081,-0.5963, 2.5919, 0.3383,-1.5546,-1.8421, 2.6815, 2.0614,-1.653 , 0.0062,-1.266 ,-2.033 , 2.5197]
[ 2.3065,-3.4649, 0.2774,-2.1006,-1.2567, 1.4019, 0.9868,-1.1496, 2.9095, 1.9187, 1.0888,-1.7199, 3.0852, 1.4405,-0.0643,-2.6118,-0.4351,-2.9462,-2.5966,-2.5732,-3.078 ,-0.6793, 2.38  , 1.0344, 0.5483]
[ 0.4721,-3.035 ,-2.2205,-0.0357, 1.7798, 0.4131, 2.6114,-2.481 ,-0.6849, 1.8976,-0.4844,-0.7906,-1.3679, 1.4129,-0.8925,-1.5238, 0.0417, 1.3268, 2.4351, 0.0041,-2.7192, 1.5172,-0.2419, 1.1937, 2.4199]
[ 2.6070e+00, 2.9689e+00,-4.3766e+00, 6.5405e-01, 3.0788e+00, 1.9393e+00,-8.3454e-01,-2.4639e-01,-2.0005e+00,-1.6238e+00,-1.1481e-03, 5.3469e-01,-2.2302e+00, 1.2130e+00,-2.2732e+00, 5.8904e-01,-8.5703e-01, 2.5333e+00, 3.0275e+00, 2.8122e+00, 8.4576e-01, 2.7396e+00,-8.2540e-01, 3.0010e+00,-3.1026e+00]
[-1.9524,-5.4482,-4.1952, 0.7087,-0.9758, 2.4739,-0.906 ,-0.524 ,-1.1403,-1.4266, 2.623 ,-2.4654,-2.9002, 2.892 , 2.5637, 1.02  ,-2.6955, 2.662 , 1.2856,-0.4104,-2.6979, 1.0698,-1.0505,-2.2052, 1.6868]
[ 4.0643, 1.5158, 3.7898, 2.6541, 1.1549, 2.1222, 1.5567,-1.5417,-2.9443,-2.9291,-0.8566, 3.0825, 1.6824, 1.0686, 1.1374, 1.9202,-0.8534, 1.1729, 1.9599,-1.9456, 0.5615,-0.2802,-0.5701,-0.9009, 0.9688]
[ 4.2897, 4.965 , 4.4675, 3.0471,-1.9811, 2.6294, 0.6473, 2.366 , 0.6735,-2.723 ,-2.2314,-2.6733,-1.8602,-2.6997, 2.2366,-1.0566, 2.6012,-2.0399,-1.6979,-1.5894, 0.7594, 1.9247, 2.8373,-2.9568, 0.3937]
[ 3.1782, 5.3615,-1.7748, 0.0581, 1.3982, 0.7641, 2.481 , 0.5878, 0.4467, 2.873 ,-1.1465,-0.7791,-2.0655, 2.6695, 1.8817, 1.6309,-0.535 ,-2.5902, 2.3045, 2.5239, 2.2283, 1.2123, 1.6414, 0.3635,-2.9528]
[ 3.2284e+00, 5.3921e+00, 2.5796e+00, 3.0339e+00, 3.0668e+00, 2.4783e+00, 2.4087e+00, 4.7610e-01,-2.8172e+00,-2.7359e-03, 1.2576e+00,-6.7864e-01,-1.1077e+00,-2.2469e+00, 2.8481e+00,-1.2373e+00, 9.6259e-01, 1.3220e+00,-3.0319e-01, 1.1214e+00, 2.2220e+00, 2.1889e+00, 2.7035e+00,-1.3180e+00, 5.1668e-01]
[ 0.6585, 2.1298, 4.6685, 1.8849, 2.0382, 1.6876, 1.384 , 2.3052, 0.4623, 2.0033, 2.0312,-2.2146,-0.2326,-1.924 ,-2.1384,-2.9913,-1.1705, 2.5115,-0.7381,-2.3107,-2.4924, 2.4609,-0.0292,-3.1084, 0.7469]
[-3.6781,-3.5883,-4.1465, 0.0884,-1.5501, 2.4997, 2.4335, 1.3709,-2.6255,-3.1353,-1.1808,-1.8595, 1.0406, 1.6706,-0.476 ,-1.3293, 1.2587, 1.2574, 0.4475,-0.5878, 2.2035,-1.147 , 0.8984,-2.5162, 1.7038]
[-1.2816,-0.9971,-4.4773,-0.9897,-1.8924,-1.9788, 1.9953, 2.2972, 1.5419, 0.4187,-1.4424, 0.2097,-1.9982, 2.379 , 2.0063, 1.2601, 1.5932,-2.1267, 1.012 , 2.6221, 1.6857,-1.0203,-1.9002, 1.8942, 3.1357]
[ 3.1586, 1.2777,-3.069 ,-1.6972,-2.1634,-0.817 ,-2.8404, 2.7714,-2.7216,-1.1917,-1.2731,-1.4864, 1.8609, 0.0383, 2.1305, 1.1992,-0.1023,-0.1878,-0.4324, 2.5474, 3.0595, 1.6995, 2.5227,-1.4665, 2.5508]
[ 5.3542, 3.9753,-0.1086,-1.3715,-0.9037, 0.3044,-2.9211, 3.1064, 2.8006, 0.0579,-1.6706, 0.743 , 1.4835,-2.0807,-2.3518,-2.8482, 2.4588, 2.3692, 2.9228, 0.4415, 1.2915, 2.4158,-0.1148,-2.1502,-2.6376]
[-2.6983,-2.5813,-0.0642, 2.0768, 1.7664, 2.1651, 2.8762,-3.0826,-2.8854, 1.2053,-2.3383,-2.9796, 3.1005, 0.1962,-2.1689, 0.8167, 0.7605, 2.1234,-1.9371, 0.1613,-0.9772, 0.6551, 1.8784, 0.6182, 1.7332]
[-0.3634, 2.7846, 4.8658,-0.7315, 2.5437,-2.431 , 1.0664,-0.4035, 2.0686,-2.4048, 3.0745, 0.2661,-1.6722,-1.3418, 1.3394,-1.5768,-1.5652,-1.9178, 0.4168,-1.7953,-2.7709,-2.2175,-2.9113, 2.69  , 1.4004]
[ 4.4001,-2.2558,-4.5266,-2.9599,-3.0925, 2.7508,-0.8827, 0.7518, 1.059 ,-1.7884,-2.783 ,-1.0946, 3.1063,-2.474 ,-0.1214, 0.0184,-2.4674,-2.6636,-1.0026, 0.7819,-0.5813, 2.7721, 2.6494, 1.6816, 2.0135]
[ 3.9801, 4.4915,-4.755 ,-1.7323, 3.0802,-2.5041,-0.5572, 1.29  , 0.3439,-2.3841,-2.2111, 1.73  ,-0.584 ,-0.1661, 1.9676, 3.0851,-1.1834,-0.3036,-1.1677, 2.6037, 0.46  ,-2.5578, 0.971 ,-2.6635, 2.1039]
[ 4.4711,-3.9867,-1.7824, 0.8318,-0.0484,-3.0617,-0.3036, 0.4418,-2.9664, 2.1771,-2.3531,-2.4458,-1.3875,-2.263 , 1.8279, 0.7989, 0.4914,-0.126 , 0.2372,-0.3119,-1.6613, 2.4487,-3.0131, 0.6553,-3.0224]
[-2.4267,-3.4095,-4.6371, 0.8558, 0.048 ,-2.7277, 1.0525,-1.7646,-2.4624,-2.8235,-3.0559, 0.0083, 2.2113,-0.3718,-3.0176,-2.3717, 0.907 , 2.5779,-2.7034, 2.8906,-3.0491,-2.3851, 2.7596, 0.5049,-0.7277]
[-0.5146, 1.2721, 3.345 ,-1.3621, 3.1322, 2.8959, 2.8379,-0.2966, 2.0813, 1.9609, 1.9833, 1.7148,-0.6789,-1.4517,-0.1124,-1.2446,-1.2849,-1.2867,-2.4995, 0.2121,-2.854 , 2.1438, 0.4011, 0.9112, 1.0774]
[-2.9077,-3.3488, 3.4875,-2.5239,-0.862 ,-2.3841,-1.666 ,-3.0029,-0.4529, 0.7686,-1.2184, 1.2007,-2.9206,-0.8859, 2.9678, 0.9824,-2.4895, 0.5505, 1.4699, 1.0594,-1.4767, 0.4314,-2.0767, 1.3561, 1.4543]
[ 3.057 ,-3.1862, 0.5748, 2.2536,-0.4034, 0.1332, 2.6537,-0.1039, 2.5468, 1.4962, 1.8959,-0.7751, 1.1856, 2.2068, 0.2515,-2.266 ,-2.8452,-2.6535,-0.1226,-0.703 ,-1.6749, 1.7469, 1.618 , 1.7745,-1.4297]
[-3.9607,-0.0731,-4.8353,-0.9444,-0.0819, 0.315 ,-0.6895, 0.3105,-2.9951, 0.0386, 2.7823, 1.5605, 0.6808, 3.0004, 0.886 , 1.608 , 2.8639,-1.174 ,-0.4622, 0.0822, 0.0499, 2.9166, 2.4114,-2.4563, 0.4512]
[-4.7868, 2.5491, 5.414 ,-0.5903, 0.467 ,-3.0207,-2.0063, 3.0834, 0.1412,-0.5565, 0.3887,-1.8815,-1.8811, 2.2829, 0.0588,-0.0953,-2.0526, 0.2836,-2.2744,-2.6318, 0.0252, 0.4762, 2.2529,-1.8576,-1.9811]
[ 5.4578,-5.1838,-3.6078,-2.7872,-2.6378, 1.4307, 2.1571,-1.2118, 0.1736,-1.5668,-0.7404, 2.7519,-2.7537,-2.0964, 2.1592, 0.9193,-0.0253, 0.808 , 0.3415,-0.2343, 0.0748, 3.0313,-0.7437,-0.6465,-0.3601]
[-4.8127, 3.5983,-3.741 , 0.1453,-0.4485, 0.9078,-1.2945,-0.5067, 1.8492,-3.0411,-0.2236, 1.8662, 0.5899,-2.6243,-0.5481,-3.0894,-0.0921, 0.9841, 1.0409, 0.6144, 0.5817,-3.0742,-2.3896, 3.0034, 1.0034]
[-0.5182, 0.5032, 2.4987, 2.3947, 0.6212,-0.2838,-2.2751,-0.5646, 2.1463, 0.3298, 1.6703, 1.6841,-2.3723, 1.785 ,-0.6968,-2.441 , 0.5113, 2.4705,-2.9393, 1.8352, 2.0525,-2.8093, 3.1319, 0.3689,-1.0862]
[ 1.6332,-1.0591,-4.1215, 2.1746,-1.7043, 1.889 ,-2.6959,-1.0142,-1.2404,-1.602 ,-2.3944,-1.1573,-0.1669,-2.559 ,-2.6653,-2.8449,-0.4847,-2.9351,-0.8877, 0.431 ,-0.6361, 2.4235,-2.7212,-1.1007, 2.2578]
[ 4.4982, 2.404 ,-2.3045,-2.0484, 0.1779,-1.9444, 2.312 ,-0.1038, 0.3099, 0.1855,-2.6505,-0.8199, 1.9033,-1.0907, 1.3645,-0.2661, 1.7343,-2.9662,-1.2878, 2.4661,-3.1308,-1.033 ,-2.8444,-1.3868, 0.1986]
[ 2.5012,-4.3137, 2.8235,-2.8405,-0.7616, 0.3163, 2.2861,-3.0552,-2.9188,-0.3982, 1.7167,-2.0242, 0.3172, 2.927 , 2.7641,-3.1077,-1.879 ,-1.7501,-0.448 ,-1.5631,-0.4574, 1.4728,-3.0279,-0.7045, 1.4695]
[-2.0411,-4.7512, 1.7797,-1.4781, 1.8175,-2.9882,-0.8083, 2.2204,-2.4625, 1.6707, 0.7805, 1.4785,-2.7712, 3.092 ,-0.7375, 1.0017, 2.1662,-0.2463, 1.6242, 1.9529,-0.9864, 2.4356, 0.8887,-1.6388,-0.0602]
[ 0.1985,-4.1452,-4.0806, 2.1075, 1.0507, 1.8695,-1.8907, 2.8068,-2.6433,-1.8764, 0.2423, 3.1108,-2.9703,-0.766 , 2.4875,-1.1749, 2.5421, 2.3012, 2.7079,-1.9336, 1.9403, 1.2781,-1.6384, 1.08  ,-2.0859]
[-1.7919,-4.1455,-3.5186, 2.4777, 2.8065, 1.6005, 2.0686, 2.1431,-1.3175, 0.464 , 1.9675,-0.5892,-1.6965, 0.3536,-2.1425, 1.8867, 0.9924,-2.8365,-2.7474,-2.0951,-2.2607,-3.0736,-2.1059,-2.0962, 0.8101]
[ 0.4941,-0.5435, 2.2962,-0.8893, 1.0823, 0.2043, 1.4807, 2.0554, 3.0552, 0.5127, 1.9292, 0.7426, 0.2568, 1.8293,-2.5526, 2.6794, 1.6427, 0.3094,-2.5854,-1.1168, 2.2845,-1.8506,-2.8534,-2.9481, 1.6701]
[-1.6441, 2.5739,-4.6406, 2.8545, 1.9602, 0.8923, 0.4453, 2.6087, 0.2978, 2.8867,-0.401 , 1.396 , 0.2131,-3.1263, 2.4374, 2.4033, 2.5908, 0.3725, 3.0881, 0.2385,-2.3403, 1.4768, 1.6624, 0.7629, 1.0944]
[-4.152 , 3.63  ,-5.4296,-2.8585,-2.8032,-2.6887,-0.2565,-1.3348, 2.39  , 1.8215,-3.1194,-0.231 , 0.0137,-0.1855,-0.3189, 0.4131, 1.3408, 1.7933, 2.8741,-2.6371, 0.9167,-2.5489, 2.4848,-1.5948,-1.7648]
[ 0.6689,-0.6165,-4.3826,-0.666 ,-1.9434, 1.9331,-0.1899, 0.8408,-2.3007,-2.154 , 2.2449,-1.9919, 2.2328,-0.3641,-0.0974,-2.5435,-2.744 ,-1.4895, 1.0488, 2.9021, 2.2986,-2.9694,-1.487 , 2.1272,-1.2092]
[ 5.1585,-1.7143,-2.5145,-1.9497, 0.677 , 2.6623, 1.4582,-0.2379,-2.6732,-1.3781,-1.8824, 1.7771, 2.4836, 1.8129, 2.5545,-1.4236, 1.6726, 2.6875,-2.926 ,-2.301 , 0.1088,-1.1434, 1.4821, 1.6479,-2.6841]
[ 4.5323, 3.287 , 1.2239, 1.3291, 2.5048,-2.5592,-2.5518,-1.4374,-0.9928, 2.7833, 0.1527, 1.2238,-0.7209,-1.11  ,-1.5376,-1.8826, 1.6602,-1.3632,-2.587 ,-1.4809,-0.9728, 2.045 , 1.4264, 2.8077, 1.9855]
[ 1.7422,-0.4577,-3.3383,-2.3551,-1.4229, 1.6045,-0.1837,-0.2341,-0.2462, 1.0949, 3.039 , 2.0242, 0.5133, 2.3613,-0.6366, 2.4135,-1.5945, 1.6494, 2.3449, 2.382 , 1.8582,-2.5459,-2.5121,-0.9957,-2.8584]
[ 5.348 , 1.8808,-3.2441, 1.5112,-2.0065,-1.3875,-1.5057,-0.0405, 0.4383, 0.505 ,-2.8561, 0.7666,-3.0223,-2.61  , 0.864 ,-0.1605, 0.6941,-2.0375,-1.7623, 1.5058, 1.833 , 1.0067, 1.0251,-2.5589,-0.7701]
[-0.327 ,-4.9952, 1.8429, 1.1297,-1.0193, 1.5143, 0.1857, 1.2015,-1.9965,-2.7464,-0.0914, 1.8237,-0.0842, 0.931 ,-2.9011, 1.7041,-2.8362, 0.6055, 0.2674, 2.8376,-2.0541,-1.4492,-2.2696,-2.1434, 1.4245]
[ 4.5421,-3.8137, 0.4741,-2.7511,-0.4185,-1.9755, 0.3056, 0.8412,-1.108 ,-0.4011,-1.1591, 0.2001, 0.8657,-1.6203, 2.1338, 0.8623,-2.1981, 1.2249, 2.7062,-1.9938,-2.1293, 0.9786,-0.9839, 2.2714, 1.1569]
[ 1.5265,-3.4834,-4.2976,-1.4002, 0.2713,-2.8709, 0.6717, 2.3806,-3.049 ,-2.0019,-0.6948, 0.3731, 1.5938, 1.76  , 2.1416, 1.0695, 1.1471, 2.3318, 0.6075,-1.7546, 0.9016, 0.3392, 1.6987,-0.0861, 0.4771]
[-2.9977,-2.6195,-5.0323, 2.1925,-2.1093,-3.1342, 2.4224, 2.8212, 0.5158, 0.5709,-2.8837, 2.7231, 2.241 , 1.9869, 0.0988, 1.2647, 0.0898,-0.8913, 3.0267,-1.0799,-1.4127, 0.5386, 0.4733,-0.1856,-2.115 ]
[-3.8302, 3.7729,-0.968 ,-1.5267,-0.6951, 2.56  , 0.2389, 3.1084,-2.5533,-2.7604, 0.5711, 2.5832,-1.282 ,-0.5292,-1.3508, 0.3731, 1.6918, 2.268 ,-2.3477, 1.7659,-2.098 , 1.2705,-2.6597, 0.4337, 2.6971]
[ 4.9375,-2.9878,-4.0646,-2.9928, 0.9244, 2.4586,-0.7272,-0.4501,-1.9526, 0.0204, 1.4195, 1.7327,-0.5382, 2.4053, 2.5236,-0.4304,-2.3949, 1.5578, 2.5457,-2.9099, 0.8424,-0.3838,-0.6841, 0.015 , 0.3959]
[-4.8142,-4.6618,-2.3296, 0.3148,-2.7723, 3.0178,-1.1907, 2.9052, 0.9799,-2.201 ,-3.1158, 0.6453, 1.2646,-0.7556,-2.6329, 0.937 ,-1.5396, 2.7395, 2.2424,-1.9757,-0.0375,-0.8781, 3.1065, 1.0831,-0.852 ]
[-0.9969, 4.9458,-0.631 , 0.5929, 2.3175,-2.1593,-2.9123,-2.0875,-0.1706, 0.8748, 0.4554,-1.5706, 1.1092, 0.6617,-1.0619, 2.4108, 2.1823,-1.7794,-1.2055,-3.1207, 0.886 ,-1.2756, 0.7428,-0.6898,-1.5529]
[-3.3966, 3.0553, 4.7471,-2.7683, 0.0489,-1.3014,-1.3318,-1.5007, 1.2723,-0.7883,-0.992 , 0.4676, 0.7272, 0.0975,-0.3398,-1.6464, 2.6602, 2.4628, 1.4092,-1.2266,-1.3787, 1.4118, 1.6455, 1.8011,-2.85  ]
[-1.0563,-2.2327, 3.6475, 0.5458,-1.0647,-1.5804,-1.4365, 0.3006, 2.9781,-0.1624, 0.067 ,-0.0061, 2.2996,-2.5844,-1.2785,-0.5054,-0.1882, 0.3025,-2.0016,-2.7909,-0.1158, 2.7147,-2.6899,-3.0521, 1.0424]
[ 0.2968,-4.8203, 0.0666,-0.7862, 2.9572,-2.5762,-2.0285, 2.6877, 0.8503,-1.7912, 0.4107, 1.9941,-1.8663,-1.7025,-2.8293, 0.4908, 2.9007,-1.6515,-0.4046, 2.1205, 1.2801,-1.4401,-2.6712, 2.6963,-2.9464]
[ 3.4863,-3.4531,-0.8091, 1.9518,-1.7903, 1.9818, 0.932 , 1.6199, 1.5116, 1.1428,-1.8668,-3.0044,-2.46  ,-1.4283,-2.5946,-2.2007, 1.6601, 0.7857,-2.2304,-0.9087, 1.3929, 1.2906, 0.7492,-0.5419, 2.276 ]
[-9.6279e-01, 2.4808e+00, 3.0372e+00, 2.2526e+00,-1.0943e-01,-9.1188e-03,-4.0144e-01,-8.0164e-04,-3.0263e+00,-1.4120e+00, 9.7616e-01, 1.7611e+00,-8.9352e-01,-1.9724e+00,-9.2303e-01, 6.0441e-01,-2.1676e+00,-9.7826e-01, 3.7361e-01,-2.0554e-02, 2.3425e+00,-1.3319e+00, 2.8335e+00, 2.0999e+00, 7.2065e-01]
[-0.4757,-4.016 , 5.3042, 2.4612, 2.6255, 2.3848,-0.2205,-1.4782,-1.6735,-1.2612, 1.3184, 2.9336, 3.1338,-0.6618,-0.5443,-2.6652,-1.7142,-2.3334,-3.0265, 1.8408, 1.7657, 1.0205,-1.6237,-1.7529, 0.9244]
[-2.2587,-2.2167, 1.3198, 1.6823, 1.7696, 2.4821, 2.1657,-1.6791, 2.2643, 1.0002,-1.6438, 0.5345, 0.4815, 2.7619, 1.9953, 0.6608, 0.4189,-2.1356,-1.6159,-1.8509, 0.845 ,-0.718 ,-1.3238,-2.9833,-1.6849]
[ 4.8149,-1.9901,-1.1613, 1.9071, 1.0546, 0.7032,-1.9612, 0.3297,-2.6838, 1.5959,-1.4195, 0.8482, 1.129 ,-1.0618, 0.6302,-2.896 , 2.3967, 1.6863, 0.3463, 1.3433, 2.6669,-2.6382, 2.3617,-0.6919, 3.0241]
[ 4.8295, 4.5813, 4.1491,-0.4595,-1.6959, 3.0901,-0.3569, 1.6   , 2.7981, 2.4254,-2.6008,-0.0257,-0.1062, 1.4136,-1.2669, 0.4607, 2.1526,-2.8237,-1.5484,-0.2738, 2.0875, 1.3831, 2.2328, 0.4908, 1.4081]
[-3.0383e+00,-5.4962e+00,-3.8840e-02, 1.0962e+00,-2.8002e+00,-1.7852e+00, 9.9152e-03, 2.8390e-01, 3.0708e+00,-1.9877e+00, 3.1233e+00,-2.1561e+00,-6.6132e-02,-2.2104e+00,-2.5775e+00, 7.2505e-01, 9.8439e-02, 4.4736e-01, 2.7433e+00, 8.6954e-01, 1.3431e+00, 8.5507e-01,-5.4900e-03,-2.6054e+00,-2.0763e+00]
[ 3.6885, 2.4487,-4.1021,-0.6933,-2.8664, 2.5325, 2.2243, 1.0374,-1.871 ,-2.3501, 2.0993,-0.5612,-1.1528,-0.6644, 2.2808,-1.7014,-0.8263, 1.1238,-1.5069, 2.7253, 3.0338, 1.44  , 2.0808,-2.8135,-0.8077]
[ 1.9917, 0.876 , 4.033 , 0.0225,-2.6569, 0.0834, 2.6702,-1.74  ,-1.4598, 0.4517,-2.4986, 2.5688, 1.6173, 2.7337,-2.8507, 2.03  , 1.081 ,-2.6759,-2.9822,-2.4761, 0.8016,-0.3082,-1.4183, 0.234 ,-1.7637]
[-0.4286, 1.0626,-1.9561, 1.1427, 0.2788, 0.0372,-0.3293,-2.8288,-1.183 ,-1.458 , 2.3064,-1.3046, 0.7355,-0.8187,-0.9596,-1.5861, 2.6971, 2.1455, 0.9058,-2.6468, 2.8684, 1.1432,-0.6549,-2.6996,-2.398 ]
[ 3.8096, 2.4925,-4.6972, 2.895 , 0.6394, 2.4674, 0.3683,-0.5928,-2.6649, 0.0648,-0.5346,-0.0142,-2.7471,-0.4125, 0.8228, 1.5955,-3.0748,-1.6268, 2.3549, 1.1608,-2.1524,-0.6301, 1.0972, 2.4106,-2.2676]
[-4.8127, 1.9444, 2.1791, 1.7165, 0.6561, 0.5445, 0.9247, 1.5385,-1.058 , 0.4256, 1.8327,-2.6284, 1.4851, 1.9457,-0.6511,-0.1295,-1.4013, 0.7894, 0.0121, 0.9061,-2.5007,-2.4564,-1.0564,-2.861 ,-0.5963]
[-4.2357,-3.7428, 5.038 , 0.0235, 0.9851,-1.8843, 1.9027, 2.493 , 1.294 ,-2.8358,-0.725 , 1.4458, 3.046 ,-2.3622, 1.228 , 1.399 , 0.4921, 2.5509, 2.1592,-2.6218, 0.3664, 0.7456,-1.0331, 0.3311,-0.4226]
[-4.9424e+00, 4.6373e+00,-1.4536e+00,-1.9671e+00,-4.8046e-03, 1.3493e+00,-3.2479e-01,-2.9609e+00,-3.4676e-01,-3.1370e+00, 1.7784e+00,-6.8974e-01,-2.2215e+00, 2.9324e+00, 1.9423e+00, 5.0979e-01,-2.3296e-01, 1.8889e+00,-2.2449e+00,-4.3032e-02,-2.2490e+00, 2.8889e+00, 1.4650e+00,-1.2547e+00, 1.1798e+00]
[ 1.2733, 3.5497, 3.9312, 2.2582,-0.6857,-0.1231,-1.2184, 0.2462, 0.7605, 1.2629, 0.7903, 0.2269, 2.9723,-1.2428, 2.822 , 0.6041,-2.5687,-1.3905, 0.6191,-1.0698,-1.6924,-0.5475,-2.4784,-2.5081,-1.8936]
[-2.2662, 2.6405,-3.2544,-1.9676,-0.681 , 1.1675, 2.1845,-0.4103, 2.8111, 2.4577,-2.8038,-1.1656,-0.1774,-2.4735, 1.2676, 1.2587, 1.8681, 1.6757,-0.1709, 0.6614,-2.0119, 0.6381,-2.4061,-1.1192,-1.0048]
[-1.9512,-3.9814,-2.3401,-0.0127,-1.6785,-1.2485,-1.9412, 2.7287,-0.7271,-2.5814, 0.3882, 0.017 , 1.2523, 0.7359,-1.7765,-2.2414, 0.7097,-0.5252,-1.8969,-1.6435,-1.4403,-1.135 ,-0.7924,-1.1655, 0.7452]
[-0.3641, 5.4237, 3.575 , 0.1509, 3.0904, 2.3348,-2.2135, 1.0359,-1.5737,-0.5147,-2.6929, 0.6616, 1.6915, 1.9711, 1.2885,-1.5559, 2.4196,-3.0412,-1.9527,-0.567 , 1.5125,-1.9155,-1.9121, 1.9728,-0.0236]
