[ 3.9586,-4.2613,-5.2135, 0.8278, 0.8542, 1.2657,-1.8903, 2.3291,-1.0426, 0.3632,-2.2761, 1.5107,-0.926 , 2.7106,-1.2802,-2.7709,-2.785 , 2.9471, 2.3223,-1.9716]
[ 0.4208,-2.1396, 4.4436, 1.4   ,-1.8251,-1.4341,-2.2229, 0.3202, 1.5198, 0.8924, 1.7217,-1.5375, 0.2288, 2.8685, 2.5314,-0.8311, 1.4027,-0.2791, 0.6017, 0.7717]
[-4.0649, 0.9699, 3.5336, 2.2441,-2.6639,-0.1811, 0.6823,-2.8957, 1.1313, 1.8298, 1.0669, 2.9441, 0.3779, 1.1616,-2.3258,-2.009 , 2.9063,-2.8038, 2.2243, 0.0082]
[-3.0914,-5.297 ,-1.1709,-2.8044,-0.0429, 2.8912,-1.7272, 1.653 , 0.6005, 3.0218,-3.0567, 1.4867, 1.8771,-0.2723, 0.4044,-0.3681,-1.5652,-0.9215,-1.9603,-2.1333]
[ 2.3148,-0.4333, 0.186 ,-1.6279, 2.1514,-0.5238, 1.1877,-0.1712,-2.9463,-0.3499,-1.9727, 1.6948,-0.2395,-1.1126,-2.1388, 2.9634,-0.382 , 2.8278,-2.4169,-3.0613]
[-3.4665,-3.1499,-2.6401, 1.3773, 1.1181, 2.4334, 1.8652, 2.9745,-2.5588, 2.3747, 3.0206, 1.4124, 1.403 ,-0.8869,-1.1553, 0.4737,-2.7978,-2.915 ,-0.775 ,-1.5108]
[-0.1426,-1.9812, 0.759 , 2.4508,-1.0453,-2.4203,-0.7474,-1.9996,-0.7867,-0.9362, 3.0228, 0.5121, 2.7675,-3.1056, 1.0246,-2.1933,-1.2569, 2.0134, 0.4099, 0.4322]
[-2.953 , 5.0261,-3.5418, 1.2981, 2.1906, 3.1078,-1.33  ,-1.9172,-1.7845, 0.171 , 3.0022, 2.5058, 1.2775, 1.9122,-1.873 , 1.462 ,-2.9323, 2.941 , 0.3007,-2.8501]
[-5.3157, 0.2709, 0.3256,-2.1959,-0.5184, 0.0475,-0.9481, 0.3248, 2.3584,-2.0427, 2.9062,-1.4003, 2.0835,-2.2656, 3.0887,-0.3446, 1.9652, 2.432 ,-0.0496,-0.2335]
[ 3.7252,-0.4839,-1.1286, 0.1318,-1.6043, 1.4793, 0.8611, 0.7978,-0.9519,-2.3208,-2.6131, 2.039 , 2.0311, 2.3754, 2.4647, 2.3099,-1.6289,-2.1885,-3.004 , 2.1281]
[-2.0515, 3.7564,-3.1994,-0.9538,-1.8268,-2.6066,-1.8518, 2.1281,-2.8139,-3.0254,-3.0059,-0.6084,-1.0737,-2.868 ,-0.9795,-0.821 ,-1.7988, 0.6412,-2.9136, 0.0147]
[ 1.853 ,-4.8327,-2.88  , 2.1825,-1.7894, 2.8272,-0.0759, 0.41  ,-0.5039,-1.2016, 0.5676, 0.7605, 0.2235, 2.7702,-2.9011, 0.1756, 2.8221, 1.8394,-0.7492, 2.289 ]
[ 1.8038, 0.0837, 2.2607,-0.1794,-3.0339,-2.9074, 1.4116, 1.0946, 0.59  ,-3.0914,-1.1363,-2.66  ,-3.0652, 2.8169, 1.8771, 2.0368,-1.8613, 0.5617,-2.7354, 0.1511]
[-3.9151, 4.8243,-0.3818,-0.1573, 0.7383,-1.9276, 0.2251, 1.8478, 2.1632, 1.1002, 1.2925, 1.8258, 2.4915,-1.9918, 1.5134, 0.295 ,-2.358 , 0.6356,-0.1645, 2.2033]
[ 4.3997, 4.2177, 5.4908, 1.6131, 2.4839,-2.0592,-3.0558, 3.015 , 1.111 , 1.9126,-2.3621, 2.8867, 1.4364,-0.0642, 2.4513, 0.292 , 2.0883, 0.1063,-2.9614, 1.0415]
[-2.639 , 3.5214,-0.2972,-2.2958, 0.6664, 1.0923, 1.9047, 2.0705, 1.5703, 1.5067, 1.0572,-1.3231, 0.7814,-3.0424,-0.2475,-1.69  ,-0.8579,-2.8018, 2.3916,-1.9599]
[-4.88  , 0.9357,-5.3814,-1.4739,-2.3412, 1.9742, 0.5262, 0.6694,-1.6794,-2.5544,-0.9774,-1.568 ,-2.8476,-3.0754, 1.0518, 1.2254,-0.0805, 2.3224,-1.6746, 1.3642]
[-4.3028, 4.3516, 2.6985,-1.1373, 0.3023,-1.612 , 2.0671, 0.3762,-0.6716,-0.2315, 2.2926, 0.2864,-1.2148,-2.4674,-0.7013, 3.0043, 0.3722,-0.6134, 3.1247, 0.8545]
[ 1.1227,-3.5295, 4.4668,-3.1272, 0.4292,-1.4698,-0.321 , 2.7005,-0.2479,-0.9576,-2.4204,-0.599 ,-0.7274,-0.9486, 1.5132, 0.0544, 1.4245,-0.3796,-0.9688,-0.6285]
[ 1.8101,-0.7196,-3.5578,-2.9557, 1.917 , 1.9801, 2.7689, 0.6089,-2.9813, 2.0288,-1.0516, 0.9844,-0.6604,-1.7169, 2.3501, 2.6061,-1.9415,-1.9003, 2.5282, 3.0997]
[ 3.0072,-0.5144, 2.1414, 2.9973,-1.5519, 1.6437,-0.0731,-0.2085, 3.0139,-0.0176, 2.6299,-2.7496, 2.5711, 0.3613, 0.3482,-2.3503, 1.5996,-1.1603, 1.5234, 2.9458]
[ 4.2562,-0.5026,-5.489 , 0.9777,-2.8737, 3.0107,-2.177 ,-1.8461, 0.4462,-0.1225, 0.7543, 0.0628,-0.9357,-0.7592,-1.0512, 0.0959,-0.0204, 2.3247,-1.2447, 3.0435]
[-5.3623, 0.4966, 5.0255,-2.8834,-2.0326, 0.9089, 2.7306,-0.3547,-1.157 ,-1.2612, 1.4977, 1.176 ,-0.8825, 1.5422, 0.2957, 2.1919,-1.5407,-2.2532,-2.7152, 2.2525]
[ 4.1574, 1.0876,-0.1331,-2.754 ,-2.4799, 1.9321, 1.6863, 1.0433,-0.6512,-1.3099, 0.7265,-0.8511,-1.824 , 1.5682, 0.6723, 1.2181,-0.1156, 1.9237,-0.0879, 1.5349]
[ 4.4522, 2.1979,-5.0441, 1.5821, 1.7313, 0.8101, 1.985 , 3.0285, 1.1296,-1.7793, 1.1509,-1.5563, 2.0985, 0.6933, 2.5045, 0.8631,-0.7039, 1.8016,-2.9047,-3.001 ]
[-1.8429, 4.9015, 2.5115,-0.5519, 0.9461,-1.6652,-1.4237,-0.7142, 2.0334,-2.7962,-0.5271, 2.7066,-2.0956, 1.5229,-1.9726, 2.5254,-2.8402,-2.0618, 2.8933,-0.8287]
[-3.2605, 0.9275,-0.7293, 2.5786, 2.753 , 1.1736,-0.8717, 2.2736, 1.9061, 1.1675,-0.1066,-1.1535,-1.9638, 2.6763,-0.7449,-2.2954, 0.727 ,-1.6841, 1.8515,-2.4977]
[-5.4819, 3.5407,-2.8466,-1.0807, 2.6446,-2.1466,-0.1881, 0.1404,-0.6778, 1.8604, 0.6884,-2.4503, 1.2975, 0.2423,-2.9221, 2.4223,-1.0335, 1.8281,-2.8281,-3.0307]
[ 5.2467, 1.4316,-0.507 , 0.8395,-0.4085, 1.0285,-2.6904, 2.1359,-1.9768,-1.9695, 1.2851, 0.7257, 0.5909, 1.0217,-1.3924,-0.8832, 2.9792,-0.3204,-0.3268, 0.6191]
[-2.4237, 3.1506, 1.1881,-1.7144,-1.4556, 1.6299,-1.1788,-2.1097,-1.2154, 0.4225, 2.8715, 1.36  , 1.9649,-1.6741, 1.3343, 1.0374, 1.5454,-2.8123,-2.2959, 1.4212]
[ 0.4109,-0.2776,-1.9151,-1.2694,-0.6607,-0.6965,-1.4806, 1.6099,-2.8344, 0.5064, 0.7894,-0.2839,-0.0167,-1.1531,-2.1253, 0.9608, 1.6712, 0.2413,-0.2525, 1.7996]
[ 2.6848e+00,-3.1656e-01, 5.0268e+00, 1.6967e+00, 1.7054e+00,-1.4255e+00,-7.2947e-01, 2.3722e+00, 1.3588e+00, 2.5617e+00,-1.8797e+00,-7.5376e-01, 2.1217e+00, 8.0463e-01, 5.7220e-01,-9.4973e-01,-4.1948e-03,-2.7252e+00, 1.2489e+00, 2.0885e+00]
[ 1.1408,-0.1877,-0.4994, 1.6546,-0.4938, 2.6393, 2.4947,-2.3111, 2.8025,-2.9438, 0.4596,-0.111 ,-0.6734, 2.4763,-0.4486,-2.7425,-1.1844,-1.3997, 0.5912,-1.7787]
[-4.3567,-4.0708,-3.8768,-2.3131, 0.1629,-2.9801, 0.2798, 0.7345, 2.9562, 1.2575, 0.4138,-0.6366,-1.9011, 2.975 , 0.5538,-2.1224, 0.1681, 1.6336, 1.6693,-0.4218]
[-1.7221, 4.3173,-0.6728,-0.5837,-2.0517, 1.5609, 0.0579,-2.4379,-0.1916,-1.995 , 2.3683,-2.8629,-2.457 , 0.6212,-2.9836,-1.4486, 1.4625, 0.7577,-0.706 ,-2.2118]
[-5.3682, 1.4504, 4.7011,-0.6128,-2.3563, 2.9671, 1.2431, 0.8092, 1.8448,-0.499 ,-3.0206,-0.2326, 2.2   ,-2.9895,-0.5634, 1.8862,-2.7359,-0.7233, 1.9436,-3.0344]
[-3.0931,-0.8295,-1.7385, 1.0609,-1.8403,-3.1326, 3.0552,-0.0251, 0.2053,-1.7379,-1.0879, 2.0264,-1.7623,-2.151 ,-2.5032, 0.3799, 2.6068,-1.5105, 1.1052,-1.9107]
[ 2.719 , 1.0056,-0.2051,-2.3716, 0.1597, 0.4428,-0.9814,-2.6827,-0.8364, 1.9198, 2.1515, 0.9394, 1.5636,-1.3056, 1.767 ,-0.8051, 0.7012,-0.1874, 1.5314, 0.2567]
[-1.2586, 5.3795,-0.9602, 0.9826, 2.2574,-1.7792,-0.9857, 0.3963, 1.9652,-2.8654, 0.5974, 0.302 ,-1.7705, 1.3817,-3.1261,-2.5327,-0.4716, 2.5924, 0.8009,-0.366 ]
[ 0.2721, 3.594 , 4.2097, 1.4842, 0.8254, 3.0909, 0.2247, 1.7578, 1.4   , 0.7312,-2.126 ,-2.1794,-1.494 ,-0.2183,-1.6305,-0.6647, 1.298 , 0.3371, 0.3113,-1.2714]
[-5.4171, 1.9725, 3.2203, 0.1346,-2.0465,-3.0048,-1.1378, 1.6108, 0.0787,-0.6521,-0.0137, 1.0538,-1.4677, 1.1529, 2.2559,-0.0503, 1.9803, 0.1983,-2.9272, 1.2787]
[-0.7361, 1.6848,-3.5962,-2.9367,-2.697 , 2.8322, 0.5272,-2.6297,-2.6305,-2.2957,-1.1081,-0.8975,-2.4081,-2.9481, 2.8083,-1.1899,-1.6793,-1.7886, 1.7998,-2.7285]
[ 1.8022, 5.2598, 1.2933,-1.4558, 2.0991, 0.0657, 2.5881, 0.5698,-1.8976, 0.7536, 1.0978, 1.0694,-0.096 , 3.1035,-2.2815,-1.6409,-2.6818,-2.4466, 1.5178,-0.0813]
[-1.6133,-2.5171, 4.6592, 0.388 ,-0.5174,-0.4779, 0.9739, 3.1057,-1.6529, 1.1121, 0.162 , 2.2246,-0.8681, 1.9289,-1.4512,-1.5203, 1.7916, 1.8658,-1.4112,-2.0792]
[-1.5045,-2.7738, 3.3886,-1.1453,-2.0801, 1.3781, 1.735 , 2.4681,-2.3295, 0.235 , 1.7968, 1.0799, 0.132 ,-1.3076,-0.4564,-1.2607,-0.9489,-2.4986, 2.7651, 1.907 ]
[ 0.6593,-1.6817, 5.0948,-1.304 ,-0.6546,-0.0152, 1.627 , 1.8593,-2.3665, 1.2392,-2.3208,-0.8107, 1.7224,-0.1715, 1.0328,-0.6361,-0.9852,-0.5341, 2.155 ,-2.4197]
[ 4.1203,-0.3908,-4.617 , 3.1139, 1.1093,-0.4205, 0.6915, 0.5204,-1.2333, 1.1383,-0.1326,-2.0859, 0.3344,-2.179 , 0.3326, 1.4332, 1.3809,-0.2618,-1.7451,-2.8925]
[-1.1286,-0.6097, 2.1209, 1.5115,-0.6192, 2.5795,-1.9121,-2.5912, 1.6045, 1.4773, 2.9479,-0.7882,-0.2002, 0.2043,-1.3411, 0.8753,-1.1596, 1.1612, 0.1563,-2.3204]
[ 3.8657,-3.5777,-0.9117,-2.7718, 1.652 , 2.2723,-2.5824, 2.1764,-2.9975,-2.2756, 0.619 ,-0.9098,-1.7631, 0.3816, 0.6142,-3.0995,-0.3458,-2.9143,-0.9099, 1.1402]
[ 5.2743,-0.5685,-3.143 ,-2.9534, 3.0262, 2.7325, 1.7883,-1.897 ,-0.1353, 0.4678, 0.2325,-3.0386, 2.3191,-0.5894, 1.9086,-2.5638,-1.6126, 1.3006,-2.1371, 0.1381]
[-0.2691,-5.2239,-2.3426, 2.9819, 2.1227, 2.7467, 2.7949,-0.2865,-1.25  ,-2.5353,-0.1845, 1.4936,-0.9528,-0.2212,-2.3932, 1.9912,-2.7053,-1.5288,-1.9413,-3.075 ]
[ 1.7147,-1.9887, 4.7821,-2.5761, 0.3875, 1.6297, 1.0865, 0.5832, 2.167 ,-1.2606,-0.534 , 1.6008, 2.6615, 0.9751, 1.8033,-0.6441, 1.5243,-0.9215, 0.7816, 2.0756]
[-1.3626,-0.5083,-3.6605, 2.5305,-2.2919, 1.9376,-2.4189,-2.2137,-2.5887, 1.5206,-2.8983, 3.0197,-0.6506,-2.701 ,-1.1359, 1.5503, 1.7625,-1.0473,-0.5704,-1.1788]
[-2.5379, 0.2422, 4.7204, 1.5694,-0.056 , 3.0385,-2.5205,-0.0293, 2.8113, 2.8793, 1.8852,-2.4026, 2.9032,-1.2043,-2.9368,-2.9344,-0.2987,-1.6355,-0.9771,-2.3748]
[ 3.2873, 4.6759,-1.1141, 1.073 , 1.4097,-1.9898, 0.936 , 2.4857,-0.4371, 3.0199, 0.5565, 2.1449,-1.588 , 0.1412,-2.173 ,-3.1166, 2.4185, 2.4566,-1.3232,-1.3979]
[ 0.7524, 1.3475,-5.2853, 0.1858,-1.4602,-1.7124,-2.9954, 2.2015,-2.0359, 0.4358,-2.3497,-1.6229,-0.4023, 0.6614,-0.2047,-0.0234, 1.3103, 2.5965, 3.0081, 1.4825]
[ 4.6281,-0.3096, 3.8626,-0.7443,-1.4367, 1.6985, 2.6027,-2.027 ,-1.0506, 1.3428, 2.398 ,-0.3905, 3.0538,-2.5028,-0.3183,-2.4324, 2.3279,-0.8441, 0.7716,-0.4463]
[ 1.0451, 3.0997, 2.1459, 0.1914, 1.1583,-2.0797, 1.5575, 3.0155, 1.2627,-0.8839, 0.6806, 0.1201,-0.2461,-2.8755, 1.8594, 1.0182,-0.0349, 0.4908,-0.7661, 1.5417]
[ 0.0545, 3.2231,-0.3604,-1.2382,-0.7286,-0.1943,-0.3297, 0.9904, 0.765 , 2.6102, 0.6749,-1.9515,-1.8499, 2.7345, 1.6386, 0.4011,-2.5447, 2.2633,-0.7143,-1.7012]
[ 0.8718,-1.0562,-4.5749, 2.0768, 2.9504,-1.6419,-1.0799,-0.9745, 1.2166, 1.5077, 2.7139,-3.0383,-0.2375, 2.1406,-1.4342,-2.6696,-2.457 , 0.3026, 2.0738,-0.5309]
[-4.2116,-0.7473, 1.6801,-0.775 ,-0.667 ,-1.1232, 2.9744, 2.6441,-3.1292,-2.0049,-0.2677, 2.2499, 1.8214, 0.6179, 1.1106,-0.3463, 0.7402, 3.0281, 0.4423,-2.7752]
[-4.2999,-4.5005, 1.902 , 1.5167,-1.982 ,-0.6695, 1.3977, 1.9032,-0.6659, 2.0692,-2.7424, 1.6128,-0.9072, 1.0973,-2.2875, 1.6749,-0.3424,-0.0367, 2.0581, 0.5057]
[-3.9963,-5.0585,-0.0827,-2.9548,-1.8003, 2.6857, 1.7703,-1.4907,-0.8897, 1.3984,-1.8203, 0.7021, 3.0785, 0.6557, 0.3109,-2.2932,-1.4928, 0.6074,-1.3553,-1.6811]
[-2.7393,-0.9104,-4.9919,-1.1127, 2.4602, 1.5822,-0.3413, 2.2091,-2.6576, 2.3721, 0.5523, 1.6506,-2.8512, 2.2418,-1.7671, 2.6149,-2.2871, 0.6187, 2.8409, 2.1308]
[-2.4056, 0.8307,-5.3799,-1.98  , 0.9699,-0.0689, 0.7559, 1.9701,-1.6332, 2.8055,-0.3698,-2.2066, 1.1847, 2.9651,-0.1664, 0.1458,-2.4127, 0.1157,-2.1761,-2.5133]
[ 1.4603e+00,-1.5909e+00, 3.8518e+00, 1.3497e+00, 1.3248e+00, 1.8289e-01, 2.5754e+00, 2.6317e+00,-6.2041e-01, 2.5999e+00, 1.6233e+00,-2.8242e+00,-4.8367e-04, 1.4638e+00,-4.4206e-01, 6.0945e-01, 2.7258e+00,-5.6071e-02, 1.0883e+00, 1.0152e+00]
[-3.5737, 3.675 ,-4.4714,-0.711 ,-0.8224, 2.7574, 0.2891,-1.77  , 1.129 ,-1.5552, 0.3483, 0.0318, 0.1182, 1.9219,-0.9106, 0.0848, 2.2389, 0.0269,-2.5212, 1.043 ]
[-3.412 , 4.1012,-1.1556,-2.9793, 1.1491,-2.692 ,-0.3824,-2.0951, 2.7842,-0.9799,-0.947 ,-0.9803,-0.99  ,-1.8047,-0.4771, 1.9098,-1.4497, 0.0916,-2.6062,-1.1978]
[-5.3285, 4.3716,-0.9468, 0.1553,-2.0928,-1.3378, 0.3218, 0.282 ,-2.7217, 0.0087,-2.393 , 1.7584, 0.7806, 2.3971, 1.7018,-1.4687,-0.1544, 2.7712,-2.8666,-2.4407]
[-1.562 ,-3.9205, 2.4421, 1.1755, 0.4148, 0.6259, 0.8987, 2.7179, 2.4769, 1.9055, 1.1263, 0.4386, 0.8903, 0.3903, 2.3346,-0.6564,-1.2259, 0.3916, 1.3813, 2.8523]
[-0.834 , 3.3327, 4.5268,-2.3459,-0.0965,-2.0216,-1.5515,-1.6249,-0.7365, 2.31  , 0.052 , 1.5011,-1.5784,-2.0033,-1.6358, 2.4694, 2.7553, 1.8624, 0.1394, 1.7464]
[ 1.6948, 4.8704, 2.3132,-1.2148,-0.462 ,-3.0743, 1.9669, 2.9917,-2.591 ,-1.7474,-0.1075,-1.5881,-0.3181,-0.1013, 2.3289,-0.0559,-2.7922, 2.2711, 0.2717,-1.3018]
[ 3.5503,-5.2793,-2.8454, 1.8338,-1.6085,-1.0648,-1.0415, 2.5588,-2.7546, 1.9909, 0.4373,-1.2126, 2.3901, 1.1563,-0.5901,-2.8064,-1.8985,-0.6667,-2.9145,-2.7497]
[ 3.832 , 1.3932, 4.5882,-1.3711, 0.9424, 2.6601, 2.435 ,-2.2316,-2.3359,-2.1044, 1.7832,-0.5895, 2.5518,-2.9403, 2.5278,-1.1999, 0.7216, 2.8964,-3.0654,-1.878 ]
[ 3.4262, 4.2882, 4.0972,-0.9585, 0.7454,-0.3736,-0.015 , 0.371 , 0.6283, 2.7249, 2.1733, 2.8134,-1.5211,-0.7945, 2.2011,-2.0081,-2.8079,-2.1301, 1.719 ,-0.4021]
[-3.9192, 1.5938, 2.756 , 2.2344,-1.8082, 1.5724, 2.965 ,-0.54  , 0.6103,-0.5097, 1.8715, 2.4687, 1.4108,-1.3753,-1.6497,-2.5915,-2.0311, 0.9476,-0.9198,-0.7664]
[-2.2805,-2.3134,-0.6355, 0.6219,-0.9473, 1.728 , 2.5699,-2.0252,-0.0274,-0.4407,-1.4273,-2.0608, 2.2385,-2.978 , 2.3008,-3.0571, 0.5917, 2.5959,-3.1348, 2.3603]
[ 0.6759,-2.2407, 2.8253,-1.9783,-0.5027,-3.1228,-0.515 , 0.4934,-2.6483, 1.6655, 2.6377,-1.2255, 2.0652,-0.6958, 1.5858,-2.3044,-2.5934, 2.0109,-1.4245, 3.1221]
[-0.4391, 2.3644,-4.3805,-1.4853,-0.4484, 1.9667,-0.8955, 1.0303,-0.6512,-2.8821,-1.2818, 1.8121,-2.8198,-1.3498, 1.0217,-1.8859,-0.3973,-2.8528,-0.4248, 1.9326]
[-2.1166,-0.9761,-2.9638, 0.6716,-0.643 ,-0.6436, 1.2713,-1.3872, 2.4263, 1.3045, 1.3559,-3.0157, 0.9687, 2.4064,-2.1059, 2.8148,-0.7828, 0.47  ,-1.1625,-2.8544]
[-2.783 ,-5.1129,-4.1279,-0.9477, 1.9556, 1.3279, 1.6596,-1.8527, 0.0767, 0.0935,-0.9117,-0.0416, 0.6027, 2.9679,-0.0067, 2.1748, 2.5436, 1.6126,-0.7831, 1.39  ]
[-4.5854,-1.2897,-0.0777, 1.3653, 1.4377,-0.6176, 2.9395,-2.711 ,-2.6647, 0.6781, 2.8457, 1.2615,-0.7801,-2.0545,-2.1029,-0.7554,-0.7709,-1.8047, 1.7055, 0.6619]
[ 0.4039, 1.5336,-4.9991, 2.7436,-2.9644,-2.0979,-0.8162, 2.8469,-1.5262, 0.4275, 2.698 ,-2.6202,-0.4528,-1.1079, 2.8736, 1.793 ,-1.2468, 0.7899,-0.4879,-2.0522]
[ 1.0451, 0.3664,-4.0334, 2.4941, 2.2242,-0.9558,-1.7503, 3.0947, 2.3841,-1.0533,-0.8123, 1.9385,-1.8615,-0.5675,-2.6432,-2.6043,-2.2681, 1.1023, 1.3217, 2.0168]
[ 3.5043,-2.4966,-0.6246, 1.9562,-1.1422,-1.9008, 1.1456,-1.0116, 1.6008,-3.056 ,-0.7327, 0.7799, 0.0987,-1.2843, 3.0223, 2.4094,-1.2815, 2.3737,-1.8813,-2.1109]
[ 2.7958,-0.6413, 4.2279,-1.3179, 0.4017,-2.6319,-1.338 ,-2.7904, 0.7408, 2.828 , 3.1056, 2.9009,-0.9507, 2.9889, 2.6929,-0.8432, 0.9882, 2.8476,-1.6939,-2.0389]
[ 0.6228,-3.6501, 3.9812,-2.7389,-0.6796,-0.8017, 1.9167,-2.6347, 2.7479, 2.4589, 0.6574, 2.6585, 0.783 , 0.0218,-2.8673, 2.531 ,-2.709 ,-0.681 , 2.7687, 1.3338]
[ 4.6873, 1.1102, 1.5026,-1.4393,-0.9147,-3.1021,-2.4321,-2.9192, 2.6364,-2.4833,-2.6851, 1.9188,-1.1729, 0.5509, 3.0838, 3.0557,-0.5244,-1.0943,-1.576 ,-1.2765]
[ 0.1565, 2.6411, 2.2047,-0.6837,-2.4192, 2.07  ,-0.9966,-2.287 , 1.1951,-0.879 , 1.3715, 3.0269,-1.4449,-2.5397,-2.3387, 2.956 , 1.5262,-0.7857,-0.9509,-1.0433]
[ 0.0541, 2.2834,-4.3832,-2.6001,-2.9868,-1.4628, 1.408 ,-0.6328,-0.2222, 2.8545, 2.0807,-2.2143, 0.4662,-2.3986, 1.8535, 2.9272, 0.1619, 0.3375, 0.4545,-1.5234]
[-4.7914,-5.3859, 2.6965, 1.4529,-1.4041,-0.1202,-3.0788,-2.4866,-0.0073, 2.6637, 0.0709, 2.8131, 1.8378,-0.8608,-2.327 , 0.8666,-1.8396,-0.7372, 1.2499, 1.6346]
[ 4.5058,-5.1296, 4.3877,-0.8269, 1.0345,-0.9038, 0.7551,-1.3209,-1.4119,-2.0129, 2.4858, 0.9784, 0.3249, 1.9709, 0.8346,-0.7521,-2.5195, 0.7581,-0.3759,-0.0736]
[ 1.1049, 0.1078,-3.5945, 3.0335, 1.4645,-0.3861,-2.638 , 2.7516, 2.863 , 0.615 , 1.1582,-2.3263, 2.7821, 2.8875, 2.4587, 0.4419,-1.5546,-0.3178, 1.0083, 1.8341]
[ 3.599 ,-0.0874, 4.7117,-2.3963, 2.0544, 2.2791,-1.5926, 2.7489,-0.5867, 0.3574, 2.3085, 1.2019, 1.5609,-0.4469, 1.3607,-2.0345, 1.8516, 1.1485,-2.8176,-3.0349]
[-2.7074, 0.1394, 3.6009,-0.1669,-1.7321, 0.4739, 0.7425, 2.6481,-1.5651, 1.9662, 2.8432, 2.4371,-1.5714,-1.2229,-3.0892, 0.3061,-1.3056,-2.2908, 1.1733, 2.9891]
[-5.3515,-1.4279, 0.3472, 2.1976,-0.1005,-2.767 ,-0.9854,-0.0543,-2.3833, 0.3543, 1.6021, 1.8832,-2.7471,-1.5906,-0.5855, 1.8185,-2.0133,-2.4815,-1.0506, 2.2973]
[ 4.6471,-2.1283,-5.2945,-1.7402, 3.1124, 1.2884, 0.9889,-3.0883,-0.0548, 2.1409, 2.6709,-0.8205,-2.703 ,-1.5213, 0.2653,-0.7664, 2.6535, 0.9218, 2.6641,-0.8776]
[ 1.2284, 0.8481, 4.0099,-1.935 ,-0.1604,-0.6779,-2.6875,-0.0128, 2.6925, 0.5144,-0.2071, 0.8429, 0.2962, 0.4672, 1.6078,-0.2202, 2.2944, 1.4464,-2.6411, 0.2948]
[ 1.0839,-3.2671,-5.0012, 2.3447, 0.5654, 2.5968,-0.7765, 0.8058,-2.406 ,-2.0594, 1.0479,-2.986 , 0.7558, 3.0355, 2.2338, 2.0611,-0.4165, 2.0168, 0.3193, 2.3764]
[ 3.8912,-0.0415, 3.0362,-1.9242,-2.4446,-3.0272, 0.3023, 2.6297,-0.2146, 2.4423,-1.1776,-0.5669,-0.8392, 2.5636, 2.4293,-1.5225,-1.2494,-1.0423,-2.178 , 0.299 ]
