[-3.9009,-2.4542, 2.9125,-1.3787, 1.2802,-2.9515,-0.1465,-2.3006, 1.725 , 1.8459, 2.7239,-2.8035,-0.4668, 1.8059,-0.124 ,-1.6262, 1.1675,-0.9272, 1.2383,-1.4199, 1.7225, 0.8499,-0.5573, 1.8875, 2.8235]
[-1.7344, 5.2162,-1.2441, 1.4022, 2.7259, 2.5223, 2.9371, 2.3715, 1.4056, 0.7628, 1.3484, 1.5105,-2.7177,-1.0508, 0.8335,-2.5801,-0.2884, 1.5467,-0.6214, 0.2882, 1.1655,-0.8317, 1.7841, 0.2627,-0.8906]
[ 5.4879,-1.6352,-3.9085, 1.2814,-2.6175, 2.4502,-0.3406,-0.5036,-1.0115,-2.6061,-0.3135, 2.7552,-1.3631,-0.5892,-2.0995,-1.306 ,-1.3025, 1.7936, 3.0181,-0.8441, 0.7632, 2.4227,-1.2312, 1.7091, 0.524 ]
[-0.7656,-4.4477,-0.4425,-0.9662, 1.7117,-1.1238,-1.0603, 1.5257, 0.796 , 2.1824, 2.8098, 1.8806, 1.0447, 0.775 , 2.3733, 1.2736, 1.9181,-3.0938, 1.7593, 2.4932,-1.7059,-2.2659,-2.529 ,-1.2076,-1.0853]
[-1.2169, 1.3374, 2.6027,-2.3528, 1.2951,-1.19  , 2.4034, 0.4974, 2.2066,-1.2042, 2.1459,-0.456 ,-2.8554,-1.415 ,-0.13  ,-1.9164, 0.8953, 1.7922, 1.6795,-3.0137, 1.6457, 2.0851,-2.2109,-2.1186,-0.457 ]
[-3.4653, 4.4738, 3.8974, 0.5186,-0.6833,-0.2349,-1.2219,-2.8242,-0.4729,-2.773 , 1.7508, 2.1542, 0.011 , 1.1577,-2.5951,-2.828 , 1.6109, 1.5396,-2.0794,-3.0985,-3.1064, 0.2302,-0.9863, 0.7147,-1.8537]
[-4.8884e+00, 9.1944e-01,-5.1830e+00,-4.3451e-03, 1.9809e+00, 1.7344e+00,-2.6560e+00, 2.5937e-01,-1.3216e+00, 1.3182e+00,-2.7509e+00, 2.6036e+00,-7.7765e-01, 2.4970e+00,-2.5866e+00, 2.6106e+00, 1.3220e+00, 1.5048e-02, 2.9800e+00, 3.0749e+00,-3.0117e+00, 8.3014e-01,-5.4688e-01,-2.0430e+00,-1.1481e+00]
[-0.5145,-0.3675, 4.1948, 2.3875,-2.9536, 2.8322, 1.7894, 1.4253, 0.9103,-0.0804,-2.41  , 2.7387,-0.3662,-2.5544,-0.5212,-2.1282, 1.1713,-0.0422,-2.2326, 0.3257, 1.8699,-2.4188, 3.1393,-1.6094,-1.1755]
[-0.1721,-1.1266,-1.2066, 2.6644, 1.6819,-0.2071,-0.2989,-1.5348, 0.9813, 2.3794, 2.9137,-1.3222,-2.7782,-1.3353,-1.7159,-2.6387,-0.0647, 0.386 ,-2.3197,-1.5969, 1.5818,-0.0847,-2.7333,-0.5075,-2.7598]
[ 0.4043,-2.6368, 3.0391,-0.1204,-2.2593, 1.8063,-1.4202, 2.4551, 3.1395, 1.8054,-0.7144, 0.1339,-3.0398, 2.5481,-1.7955, 2.9821,-0.9471, 3.1223,-2.6359,-1.5037, 0.6352,-2.9744,-1.9248,-0.8055,-1.6609]
[ 4.7078, 3.9726,-3.2881, 0.3863,-1.4355,-2.1883, 2.9446,-1.7902, 2.3655, 2.8917,-0.5152,-1.1092, 2.5639, 1.3634,-1.877 ,-1.3733, 0.4705,-1.3017, 2.4615, 0.8673, 0.8458, 0.6045, 0.4226, 2.6033, 2.9662]
[ 2.5449, 3.3955,-2.5439, 2.5391,-1.8109, 2.3068, 1.3387,-1.9972,-3.1274,-0.1003, 2.3214, 1.4875, 1.381 ,-1.921 ,-1.569 ,-1.0335, 1.7914, 0.8064,-1.147 , 2.0417,-2.743 ,-0.1353,-1.389 ,-2.9045, 0.9177]
[ 1.2125, 4.0905,-4.8105,-2.9324,-2.6488,-1.4644,-3.0103, 2.5563, 0.0141,-0.2344,-1.2822,-2.3048,-3.0795,-0.5545,-1.3108,-0.0756, 1.3059, 1.6575,-2.8817,-2.5912, 2.7148,-0.9186, 1.884 , 0.3396, 0.5967]
[-2.4934,-0.0838, 1.4463,-2.7132, 3.1118, 1.7158, 1.0147, 0.1953, 0.5918, 0.2308,-2.5132, 1.6928,-0.9657,-2.3755,-0.6113,-1.9683,-0.9182, 1.0336, 1.4121, 2.9317,-2.6592, 0.7168, 2.7351,-0.9455,-0.42  ]
[ 0.8139, 3.5175, 1.3264,-0.456 , 0.6425, 1.5341, 2.2939, 2.2628, 2.7487,-2.1418,-0.2609, 1.0823,-0.1253,-2.6446,-2.2434, 1.4927, 0.4095,-0.4468, 2.0636,-1.6935, 0.5063,-0.6012, 1.3804, 0.9218,-2.1813]
[ 0.1983,-4.2646,-4.8806, 2.4933, 2.7183,-1.6158, 1.9383, 2.3793, 1.0427, 2.4224,-2.5386, 0.5056, 1.9754, 0.744 , 1.3208, 2.0278,-1.3788, 3.0783,-0.1895,-2.7576, 3.0515,-0.9396, 0.3679,-2.9415,-2.4994]
[-5.2363,-2.6028, 3.6737,-3.0413, 3.1284, 1.8533, 2.9023,-0.473 ,-1.7252,-1.3243,-2.4814,-1.6687,-0.7911,-0.1123, 2.6729, 2.6835, 1.1889,-2.2118, 2.1704, 1.2518, 2.7604,-2.1112, 2.9961, 1.5584,-2.5201]
[-4.4913,-2.5004, 4.0406, 2.4716,-2.4102,-0.8905,-0.2118,-2.9601,-1.4431, 0.2338,-1.4166,-0.0394,-3.048 , 2.2288,-2.0313,-1.1485,-0.2576,-3.1011, 0.1193, 3.0919,-0.8875, 1.645 , 1.5922, 0.522 ,-0.7701]
[ 2.638 ,-3.8877,-4.9694,-1.6025, 2.116 , 0.3232,-2.8158,-1.5326, 1.4198,-3.1058, 2.7471,-1.0709,-1.7319, 2.9385,-2.7895,-2.6251, 0.0936,-3.1091,-0.0723,-2.133 ,-0.7482, 1.3609, 2.3084,-0.0895, 0.9179]
[ 0.1473,-0.4569, 0.3444, 0.101 ,-0.521 , 1.2719,-1.3182,-0.9137,-2.6082,-2.835 ,-0.8761, 0.1952,-2.1806, 0.6175, 0.7548, 1.9194, 1.9205, 0.5339, 0.4984,-0.2854,-0.2331,-1.7024, 3.1188,-1.4928,-1.85  ]
[-1.4142,-2.9741,-3.4311,-0.9147, 0.2056, 0.4899, 1.0922,-2.288 , 3.0789,-1.0111, 1.8778,-0.375 , 1.8632, 1.2124, 1.1143,-1.0401, 2.4066,-3.0324, 2.7275, 2.3414,-0.6451,-1.7184,-2.716 ,-2.5949,-2.4546]
[-0.8432, 3.2325, 5.3304, 0.7375, 1.5099, 2.151 ,-2.6392, 2.253 , 2.1949,-1.6027, 0.7449, 0.353 , 0.7443,-0.8529,-1.2746, 1.0804, 2.0408,-0.4818, 0.2586,-0.191 ,-2.9016,-1.4276,-0.0727, 2.4779, 0.1623]
[ 1.0492,-1.4575,-2.158 , 2.6963,-0.9516,-1.9511,-1.6987, 0.6189, 0.4839, 1.086 ,-0.0907,-0.6041, 2.5805, 0.8255, 0.8484, 2.4423, 2.9817,-3.0898, 1.9125, 2.5613, 2.0066, 2.1138, 0.1476,-0.3529,-0.596 ]
[-3.9   ,-2.897 , 0.0105,-1.835 ,-1.2464, 3.0669,-2.783 , 1.5725,-2.0883,-1.06  ,-2.5597,-0.1573, 0.0558, 2.0367,-0.3528,-2.6953, 3.0528,-2.3006, 2.7036,-2.4002, 1.6699,-1.3018, 1.6107,-0.8728, 0.8295]
[-0.9393, 3.5063, 3.9555, 1.411 ,-0.8051,-3.127 , 0.6085, 2.7611, 1.7865,-1.7434,-2.3698, 1.9314, 2.8131,-0.8315,-1.6248,-1.013 ,-2.3236, 1.7392, 2.862 , 0.8385, 2.5927, 0.3266,-2.5585,-2.5453, 1.3832]
[ 0.9218, 3.6238, 4.4419,-0.1112,-2.9778, 1.0083,-1.0518,-0.7375, 0.4316,-1.4593,-1.4433,-2.8496, 2.9215, 2.4585, 1.7903,-1.2995, 1.2613, 2.1867, 0.9008,-0.6396,-0.8419,-0.2141, 1.1223,-0.2421, 2.8801]
[ 3.7103, 0.2301, 1.7488,-0.0397,-0.5842, 2.8018,-1.502 ,-0.931 , 3.064 ,-1.8236,-1.7118,-1.5222, 1.5849, 1.6008, 1.707 ,-1.7532, 0.8221,-3.0436,-3.0008,-2.1922,-1.6471,-2.5757,-1.067 ,-2.0462,-2.4909]
[-2.0089,-0.5577,-2.7869,-0.6794, 2.1307,-0.8986, 2.4507, 2.5533, 2.3698,-0.6086, 1.3828, 1.2493, 0.0136,-2.0642, 1.7171,-2.8151, 0.5082, 1.3165, 1.4312, 1.1655,-2.6577,-1.5211,-0.79  , 1.4589, 2.1943]
[-5.0861,-1.8137,-2.48  ,-2.002 , 2.8527,-1.7968, 1.094 ,-2.2717,-3.0061,-0.6456, 2.1151,-2.174 , 0.634 , 1.4508, 0.9174, 0.3049,-2.0821, 1.2043,-0.0819, 0.3786,-1.0397,-0.1866, 1.1075, 0.1917,-1.685 ]
[-1.5613,-3.0865,-3.7886,-0.8642, 0.5299,-0.2502,-2.0211, 0.6848,-0.3884,-1.2177,-1.8745,-1.5028,-2.0993, 1.5774,-2.0928,-1.4015, 1.7683,-2.5117,-2.7986, 1.936 , 1.4661,-1.0274,-0.9188, 3.0877,-2.5822]
[ 2.3162,-1.5855, 2.6566,-1.5044, 0.6609,-0.2743, 2.8871, 2.6187,-0.9313,-1.2177, 2.8251, 2.2713, 1.0518, 2.7702,-1.8854, 0.7409, 1.726 , 2.3738, 1.4539, 2.5884, 1.6843, 2.1549, 1.788 ,-1.7743,-0.944 ]
[-3.9604,-3.7072, 0.1757,-2.8322,-2.9042,-2.3153,-1.1348, 0.6966,-0.7675,-1.3223, 2.4491, 0.0486,-0.989 , 0.171 , 1.752 , 3.1075, 1.6397,-0.874 , 2.1482,-0.5377,-1.8867,-0.703 ,-2.8701, 1.0145, 1.0218]
[-4.2112, 1.9653,-3.2929,-1.3646,-2.0635,-2.8233, 1.6932,-1.9189, 1.9604, 2.0663,-0.2474,-0.5299, 0.9759,-2.6205,-2.4571, 0.6519,-2.4766,-2.4834,-2.9975,-1.7427, 1.0182,-0.9107, 2.3839, 2.4663, 1.5653]
[-3.2777,-0.9164, 1.6677,-0.3369, 0.1207,-0.5317, 0.9661, 0.4736,-0.958 , 1.0985, 0.9944,-0.2655, 1.8605,-0.0315,-0.4053,-1.0575, 1.945 ,-0.7891,-0.2649,-1.0883, 1.7288, 0.4508, 2.2396, 0.6052, 2.4095]
[-3.3108, 4.4873, 4.9811, 3.0468, 1.5321,-2.2739, 2.8093, 0.0276,-0.6424, 0.0112, 1.6352, 2.2922,-3.0085, 0.4003, 2.6349,-0.965 ,-1.6971,-0.0978, 2.4361, 2.1932, 2.1138,-0.475 , 2.9167, 2.2218,-2.2972]
[-3.1374, 1.4915, 3.9662, 0.522 , 0.0661,-1.2004, 2.3353, 2.7347,-2.7814,-1.046 ,-0.5237, 0.9027,-2.0744, 0.6018, 1.4157,-0.2307, 3.0383, 0.2438,-1.9825, 0.9711, 0.4655,-0.7033,-0.8452, 1.8134, 1.407 ]
[-1.7683, 3.319 ,-0.5573,-0.6256, 2.937 , 2.969 ,-0.8309, 1.4628, 2.3076,-2.4544,-2.9552, 0.013 ,-0.4082, 0.2936, 1.9012, 1.2951,-2.0054, 0.18  ,-2.5869,-1.7241,-1.6076,-3.0085, 3.0769, 0.607 , 1.8002]
[ 2.1187, 4.0027,-0.663 ,-1.7463,-0.364 , 1.0145, 2.4046, 1.0986, 1.837 ,-1.3173,-1.7034, 1.898 ,-2.0289,-0.7034,-0.9602, 0.3095,-1.3628,-0.0607,-2.9752, 1.492 ,-0.6915, 0.9652,-0.136 ,-1.8725,-1.8666]
[-4.8155, 4.5471, 4.2119,-2.7821, 1.8243, 0.9477, 1.7931, 3.0585,-2.4289, 0.9439, 0.3761, 2.7038,-2.5212,-0.4073,-1.8121, 2.502 , 2.5245,-2.617 , 1.4522,-0.4437,-2.4778, 3.0939, 1.6135,-1.8248,-1.9231]
[-1.2749, 0.4803, 4.5367,-0.0515,-2.2202,-0.2988,-0.4949, 0.8113, 0.9016, 2.4722, 1.3054, 0.791 ,-0.0751,-2.2903,-1.734 , 0.0649, 2.7523, 1.9485, 2.4171, 0.4551,-2.9958, 2.2863, 0.9707, 0.0864, 0.2048]
[-5.4375, 1.6663,-4.2981,-0.9227,-1.3741, 1.8024,-0.6925,-0.0326, 0.9865, 1.3851,-1.6749,-2.7668,-1.5561,-0.3878, 0.543 ,-2.248 ,-0.7153, 2.0568, 2.9448,-0.3691, 2.6752, 1.4414, 2.1769,-0.2345,-0.6897]
[ 3.9316,-1.1071,-3.6981,-1.5671,-1.6367, 2.3999, 1.2807, 1.4204, 2.6482, 2.6434, 2.7674,-2.1072,-0.091 ,-1.4721,-2.9015,-2.9425,-2.3298, 1.1115,-0.8485, 1.641 , 0.4481,-0.147 ,-1.7131, 1.9867,-3.0085]
[-3.3912, 4.2544, 3.3793,-2.6542, 2.498 ,-1.2672,-1.1497,-1.3107,-1.4156, 1.2262,-2.6779, 2.4781, 1.5396,-0.4614, 2.149 ,-1.1284,-2.7719, 1.7776, 2.888 ,-2.4429,-0.8063,-2.0445,-0.087 , 2.6279,-1.533 ]
[ 1.0976,-4.919 ,-4.5408, 0.187 , 1.2311, 0.4226,-1.0363,-2.9171, 2.2784,-0.7075,-0.556 , 0.9934, 3.0075,-0.2895,-2.3573, 0.1265, 1.4423,-2.9302,-3.1001,-3.0241,-2.2045, 1.9998,-2.9175, 0.3377, 2.1837]
[ 4.3485,-1.6942, 0.942 , 1.9741, 2.5833, 0.198 , 1.5629, 1.0328, 1.5922, 1.7742, 0.6683, 0.202 , 2.1227,-1.2337, 1.1441, 1.0863,-1.4674,-0.8529, 2.8903, 2.2785,-2.5268,-0.8983, 2.1864,-0.6112,-0.7773]
[ 4.8309, 1.7432, 2.7813, 1.515 ,-0.511 , 1.4334,-0.7183,-0.9667, 2.746 , 2.5249, 2.4836, 1.4894,-1.8031,-1.0093,-1.3456,-2.3006,-1.6311, 3.1068,-2.7582, 2.3975, 0.0644, 2.5241, 0.1464,-0.9407,-0.2263]
[-5.0201,-3.4038,-1.4428,-1.3091,-0.2305, 2.8725, 2.6678,-1.696 ,-2.7536, 1.3271, 0.9909, 1.4171,-0.1537,-2.8958, 0.6803,-0.7853, 0.2898, 1.9619, 0.2047,-0.2221, 3.0817, 2.4181, 1.2079,-2.9884,-2.2822]
[-0.6973, 5.0723, 0.1821,-0.1401,-0.463 , 0.9136, 2.7167, 0.2441, 2.7302,-1.1802,-3.0636, 2.8657,-2.2503,-2.4495, 2.0439,-2.5366, 0.4766,-1.5087, 2.015 ,-0.2272, 1.949 ,-2.6593,-2.1961, 1.5571, 1.7823]
[-3.9307,-4.6311,-0.479 ,-0.0377, 2.6076, 1.8812, 0.2774, 1.2784,-0.9065, 1.9995, 0.0908,-2.8919, 1.8723, 2.1492,-0.8576,-3.0262, 0.2713,-1.88  ,-0.026 ,-2.9738, 2.1939, 1.0523,-0.0282,-2.7989, 2.1453]
[ 3.2801, 4.6313,-4.1718,-2.7273, 0.1982, 1.4654,-0.0723, 0.0868, 0.0405,-0.5891, 1.6381,-2.8862,-0.4125,-1.9391,-1.2764, 1.1993, 2.3519,-2.6613, 2.5643, 0.3063,-2.0055, 0.2129,-1.6829,-1.5304,-1.4971]
[-0.2388, 5.1183,-5.0329, 0.574 ,-2.895 ,-2.4414, 0.745 , 2.1688,-2.7455,-1.7471, 1.6477,-1.4391, 2.5291,-1.0039,-2.5861,-1.67  ,-1.8679, 0.767 , 0.1104, 2.0314, 0.9673, 0.2944, 0.4502,-1.9212,-2.2966]
[-2.7322, 1.6585,-2.2418, 0.1557, 1.2269,-2.1722,-0.2861, 3.0069,-0.3693,-1.8303,-1.7856, 0.1468,-0.3889, 2.6709, 2.429 , 1.1782,-0.1907, 2.2276, 0.0329,-1.9548,-0.3638, 2.8035,-0.8708,-0.9646, 2.2656]
[ 2.0726, 0.4422, 3.7467, 2.5033, 1.7945,-2.2171, 0.4866, 0.9998,-0.305 ,-0.3146, 1.7124,-0.4567,-1.3168,-2.9753, 1.931 ,-2.0716, 2.0825, 1.1506,-1.6897, 2.8475,-3.075 ,-1.3849,-0.5096, 1.297 , 3.0435]
[ 5.1627,-1.7055, 3.2271, 1.2107, 1.0904,-1.0259, 0.6109,-2.9552, 0.2523, 2.3854,-2.0368, 0.111 ,-2.1785, 2.3936, 1.472 , 2.2888, 3.06  ,-2.6172,-2.0026, 1.4545,-1.573 , 1.3976,-1.4714,-2.9833,-1.6595]
[ 0.1507,-4.5239, 5.2025, 2.9526,-1.6796, 0.6922,-1.6701, 0.5479, 2.8416,-0.9905,-1.4811, 0.4744, 0.4243, 0.4776,-1.3601, 1.5899, 2.8119,-1.6086, 1.2714, 2.7837,-1.299 ,-0.7405, 2.6547, 2.1897, 0.4103]
[ 1.5047, 2.8058,-2.9906, 0.7836, 1.6236, 0.09  ,-1.5047, 1.0277, 2.6579,-0.0392, 0.0411,-2.0447, 2.8618, 1.7122,-1.8312, 0.3802, 0.0729, 0.2773, 2.4989, 2.8769, 2.3125,-2.0807,-1.9035, 0.7403,-1.1681]
[ 5.0427, 4.8016, 5.1215,-2.0002,-1.5478,-1.297 ,-3.0366, 0.8862,-2.0429, 1.7749, 1.0276,-1.0262, 0.0653, 0.8701,-1.1761,-0.4828, 1.8403, 2.3997, 2.0399,-0.1775, 2.834 , 0.9081, 1.4324,-1.7693, 2.8129]
[-2.9533,-0.5193, 0.1064,-2.7789,-1.6404,-3.0937,-0.6829,-0.0968,-2.6772, 2.9208, 2.2472, 0.4324, 0.2589,-2.0062,-0.0724,-1.1545, 1.1423, 0.9607, 0.7445, 1.6016,-3.0966,-1.0662,-2.06  , 1.9245,-1.365 ]
[ 0.9268,-3.6199, 1.8894,-1.6643,-2.0931,-2.0047, 1.7313,-0.06  ,-1.788 ,-0.7707, 0.9062,-2.0619,-1.5479,-3.0594, 1.5022,-3.001 ,-2.2378, 0.9382, 2.7931, 2.3141, 1.5931, 2.0402, 1.5869,-0.6871, 1.1433]
[ 5.0429,-0.2299, 4.3822, 0.647 , 0.7256, 2.7383,-2.4801, 0.7123, 1.9136,-1.4594,-2.2351,-0.7106, 1.7575,-0.673 , 1.1606, 2.2548, 1.1025, 2.3564, 0.6766, 2.0997, 1.8363,-2.573 , 2.367 , 0.2859, 0.8482]
[-1.1716,-3.7297, 1.975 ,-1.6742, 1.0416, 2.7174,-0.8773, 1.7746,-2.3657, 2.9848, 0.2451,-1.3285,-0.6037, 0.7484, 0.2308, 0.9217, 3.0027, 0.5246, 0.1884,-1.0297, 2.4383,-0.106 ,-0.9105,-2.655 ,-2.9803]
[-0.5862,-3.8062,-2.9341,-1.5696,-1.6618,-2.8659, 1.5639,-2.5547,-1.3608, 0.7025,-1.0639,-2.9715,-1.762 , 0.3491, 1.4581,-0.8965,-3.0772, 2.7508, 2.3247,-3.0168, 0.1982,-1.351 ,-0.5511,-3.098 ,-0.371 ]
[ 2.1701,-3.9505,-0.7262, 1.006 ,-0.5395,-0.2178,-2.9546,-0.3529, 0.5044, 0.2243,-0.586 ,-2.4003,-0.107 ,-1.2704, 2.5718, 2.4408, 2.2269,-0.2445,-0.4368,-1.8651,-1.506 , 2.014 , 0.544 , 1.4297,-1.1637]
[-3.1082, 3.336 ,-4.6113, 2.0494,-1.1875, 3.0573, 0.1942, 0.6758, 0.9431,-1.2435,-0.832 ,-1.8045,-1.5539, 2.4339,-3.0323,-0.8822,-2.3916, 2.9985,-1.9245, 0.1643, 2.8258, 2.2656,-1.9303,-0.732 , 1.4794]
[-3.6415, 2.0864, 1.0297,-0.947 ,-1.6077,-1.6234,-2.6213,-2.917 ,-0.5016, 2.1598, 0.7476, 2.44  ,-0.6788,-1.2827, 1.2745, 0.8818,-2.45  , 0.2541, 0.3016,-2.6458,-0.9551, 1.5555,-2.5417,-1.5936, 2.4176]
[ 1.3482e+00,-1.6711e+00,-1.4544e+00, 1.2098e+00,-8.7503e-01,-1.4838e+00, 8.0699e-02, 1.4713e+00,-5.0588e-01,-1.7052e+00, 3.1080e+00,-2.3108e+00,-2.4114e+00, 1.1876e-03,-2.0738e+00,-7.9089e-01,-1.4592e+00, 2.6457e+00,-1.7292e+00,-2.0125e+00,-8.3445e-01,-6.2421e-02,-2.7981e+00,-2.7384e+00, 1.3092e+00]
[ 1.7676, 2.5999,-3.3868,-1.9363,-0.4203, 3.0123,-2.0905, 0.9452,-2.7275,-1.5516, 1.8819, 2.2388, 1.9362, 3.0935, 2.7503,-0.1535, 3.0966, 1.0748,-2.2437, 1.6992, 0.4907, 2.4492,-0.2377,-0.5323,-1.595 ]
[ 1.4868,-4.1876,-5.4286,-2.0028,-0.7508,-0.1105, 0.9492,-2.4051,-0.4328,-2.3572, 1.1988, 2.4428, 0.3148, 1.8949,-2.1332, 2.2735, 2.1471,-0.4474, 0.6639,-1.9226, 1.8995, 1.3951, 0.8512,-1.9076, 1.6667]
[ 3.2599,-5.3588, 0.9775,-0.8828, 2.8617, 1.5806,-0.5419,-2.847 , 0.2491, 0.2749,-1.4551,-1.8631, 1.8426,-2.3253,-2.8963,-2.3326, 1.8784, 0.5382, 0.9572,-0.44  ,-0.1354, 2.2758, 0.2965, 2.509 , 1.3652]
[ 2.0984, 1.9227,-0.6762, 1.9597, 1.3527,-2.7736,-1.1793,-1.2673,-2.2715, 2.6213, 2.4495,-1.2339, 3.1001, 1.9785, 0.5554,-0.5722,-0.5279, 0.0094, 2.8358, 0.4285,-2.6075,-0.868 ,-2.0134,-0.2256, 0.5223]
[-5.01  , 3.7612,-1.9265,-0.2006, 0.5116,-0.2419, 1.5335,-1.9052, 0.3979,-2.7375, 1.5521,-1.554 , 0.1783, 1.8593,-1.0954,-0.8667,-2.8247, 2.1161,-0.8156, 1.4199, 0.4143, 0.5883,-2.3015, 2.254 ,-0.7566]
[-5.476 ,-2.0549, 0.8902,-1.4279,-0.9203,-1.689 , 0.9225, 2.5484, 1.0422, 2.7018,-0.4353, 2.6031,-2.2046, 0.7006, 0.7243,-0.7953, 2.8711,-1.5055,-1.748 , 2.1378, 0.716 , 0.1907,-2.7757,-0.499 ,-2.4848]
[ 4.964 , 3.4751, 4.9605,-0.899 , 2.7916, 2.7417, 2.2306,-0.3586, 2.6773, 0.638 ,-2.3172,-2.1399, 1.1854,-0.8945, 2.402 , 1.7091, 0.5276,-1.104 ,-1.4943, 0.1257, 1.3686,-2.8021,-0.3585,-0.9968,-2.8122]
[-0.5108,-5.0446,-1.7661,-0.7949, 1.6868,-0.0745,-0.7515,-2.5128, 2.7462,-3.0742,-0.0094,-2.3713, 0.4515,-1.039 ,-0.7189, 2.5686, 0.2436,-1.042 ,-0.6119,-0.5693, 2.8354,-2.4819,-1.1124,-2.917 ,-1.3038]
[-4.2647,-3.9207, 2.7018,-0.985 , 2.808 ,-2.3632,-0.2699,-1.7547,-1.794 , 1.2958,-0.8468, 1.4166,-0.0569, 2.9787, 2.7554,-0.5291,-0.5036,-1.82  , 1.2319, 1.7447, 1.2005, 2.7286, 2.2345,-1.0198,-2.0175]
[ 1.1042, 0.0352,-0.7449,-2.4877,-2.7201,-1.888 ,-0.6527,-1.482 , 0.035 ,-2.7715, 2.232 , 1.1042,-1.6276,-2.4143, 1.0265,-2.2345, 0.2225,-2.1388, 0.5625,-2.568 ,-1.1324,-0.6218,-1.2489, 0.5407, 0.5411]
[ 2.125 ,-1.2518,-5.4615,-2.9969, 2.4695, 2.3877, 1.8593, 0.5894,-1.8041, 2.0148,-2.5898, 1.4113, 0.4909,-2.8549, 2.301 ,-1.3885, 0.8174,-2.5586,-0.1516,-1.7034, 1.2086, 1.7978, 2.9458,-1.4772,-2.3667]
[-2.9124,-5.1783,-1.3048,-1.5883, 2.3853,-1.2337,-1.7527,-0.7705, 0.5398,-0.4424,-1.9159,-1.3697,-2.8455,-0.9269, 1.6056, 1.1933,-2.1138,-2.4768, 0.797 ,-2.1387,-0.9497, 0.2857, 1.9552, 1.458 , 0.8789]
[ 4.1005, 1.5277, 2.4898,-2.9148, 2.9431, 0.8684,-1.6901,-0.8851, 2.2864,-2.3562, 1.1099,-1.043 , 2.0338,-1.5059,-1.5543, 1.4612,-0.8828,-1.1519,-1.6812,-0.667 , 2.5321, 0.3784, 1.1639,-0.197 ,-0.7353]
[-1.6911,-4.5821,-3.333 , 2.8882,-2.5515,-2.4265,-1.3836,-2.4453, 3.0396,-1.2139, 2.3859, 0.7152,-0.5862,-2.75  ,-0.6325,-0.4088,-0.5504,-0.2203, 2.2133,-2.2637,-3.1226, 2.9477,-1.5634,-1.3112, 0.1131]
[ 0.2501, 4.406 ,-3.958 , 2.8385, 0.0673, 0.382 , 2.355 ,-1.4993, 2.4993, 2.1922, 2.3164, 2.8446,-1.7963, 2.0555, 0.9903, 2.6981, 2.9929, 0.362 ,-2.8708, 1.3271, 1.2497,-1.4154, 1.4975, 1.8266,-2.7649]
[ 5.3632, 3.9688,-0.6641,-0.2907, 1.2357,-1.0986,-0.0309,-2.3119,-0.9206, 0.5384, 1.8929,-0.1962,-1.0413,-2.2774, 2.0078,-1.883 ,-1.7917, 0.9851, 0.8875, 0.0482,-1.5208,-2.5913, 2.1037, 2.4997,-2.3799]
[ 2.122 ,-2.1153,-1.6603,-2.2238,-0.0265,-0.6083, 1.681 ,-1.5317,-0.1385, 0.7952, 1.9422, 0.9057, 2.5431,-0.4864, 3.0835,-1.4977, 1.1993, 0.9654,-0.1801,-3.1291, 2.3366,-0.1978,-1.8064, 0.6764, 1.3495]
[-5.1139,-4.9172,-1.8165,-0.27  ,-2.9169, 1.6855,-1.9148,-1.3006, 2.9639,-2.4586, 1.0845, 2.9964,-0.193 ,-0.5565, 0.9521,-1.1418,-2.1796,-0.641 , 2.4243, 1.9216,-2.1979, 2.4129,-0.1498, 1.8745,-2.2365]
[ 1.7429, 4.6644,-3.8227, 1.7499,-0.1673, 0.7561, 1.1675, 1.0311, 0.4193, 2.3486,-1.3296, 1.4458, 2.5265,-2.0291, 2.7323,-1.389 ,-1.868 , 0.6599, 2.6691,-3.1066,-1.562 ,-2.7566, 1.4619,-1.6124,-0.7153]
[ 3.2881, 0.6825,-0.7647,-0.2199, 0.7328, 2.4981, 2.076 ,-1.5683, 0.215 , 0.9195,-1.2674, 0.3406,-1.1146,-2.632 ,-1.0009,-2.4942, 2.7373,-1.9851, 2.7817, 0.1308, 0.81  ,-2.5312, 0.9892,-1.6405,-1.895 ]
[ 1.6388,-1.3821, 1.9727, 0.7803, 0.4251, 0.4133,-0.4092,-0.9789,-2.9838, 1.0107,-2.7616, 1.6358, 2.3975,-1.7525,-1.0221,-0.0913,-3.1413,-1.1927,-3.0628, 2.1391,-2.2576,-1.4289,-1.8857, 2.0966,-1.1584]
[-5.242 , 0.522 , 0.4878, 0.524 ,-0.1446,-1.056 , 0.1979, 1.3576, 1.5155,-2.2862,-2.1453,-2.4279, 2.5936, 3.0292, 2.1378,-2.9346, 0.3162,-1.4042, 2.6761,-2.5186,-0.5878,-1.8462, 2.4981, 3.0576,-0.0365]
[-3.1158,-4.888 , 5.2694,-0.1016, 0.2201,-1.2009, 0.0586, 0.3131, 0.047 ,-2.5329,-0.2044,-0.3342, 1.7484, 1.7953,-1.6183, 0.6294,-0.6841, 1.6088, 0.0323, 2.3427,-0.7507, 2.5512,-2.4194, 1.2453, 1.5953]
[ 1.9692,-2.4763, 5.4729,-0.7125,-2.7269, 1.1036,-2.4361, 2.0441,-3.0788,-0.1   , 0.8972,-0.526 ,-1.0877, 0.6353, 3.0212, 0.5387, 1.9109, 1.1261, 0.6929, 0.0067, 2.9411,-0.0982,-3.0135,-1.9373,-2.2433]
[ 4.5506, 0.6967, 0.9963, 1.5753,-2.5912,-0.6753,-2.8964,-1.5843,-0.2132, 1.7981,-2.4678, 0.1816, 2.407 , 0.4229,-0.3597, 1.2095,-2.741 , 1.5953,-0.7743, 2.3818, 0.0839,-0.6793,-1.2361, 1.2078,-2.6103]
[ 4.096 ,-1.8244,-0.5394,-0.8725, 3.0254, 0.5232,-1.9878, 0.4654,-1.0437,-0.6486,-0.2205,-1.915 ,-2.6254,-0.6965, 3.1162, 0.8296,-2.5261,-1.3396, 0.7517,-1.7723,-0.2874, 0.3838, 1.4425, 0.9184,-0.3182]
[-3.3525, 4.6434, 0.9924,-0.7526, 0.0933,-2.6139, 2.4305,-2.6382,-0.0717, 1.4601, 2.8624,-3.0826,-2.6081, 0.9961,-2.9133, 2.6553, 2.054 , 2.7716, 0.7407,-1.452 ,-3.1295, 2.8816,-1.3529,-2.0413,-3.1022]
[-4.9528, 2.3802, 4.7112, 0.2731,-0.8181, 0.214 ,-0.4345,-2.3683,-2.6717,-0.4029,-1.2085, 1.226 ,-2.4335, 2.4209,-0.1367, 1.1998,-1.05  ,-0.9775,-1.4211,-1.8173,-1.2368, 2.6456,-1.2002, 1.1407,-1.5474]
[-3.5902, 2.9896, 2.9082, 0.9039, 0.1302, 2.5325,-0.0543, 2.8492,-2.8537, 1.6286,-2.9728,-0.8497,-2.635 ,-1.5697, 0.3398, 2.3603,-1.4443,-2.5062, 3.0256,-1.7002,-2.7263,-0.5286, 2.4242, 0.115 , 3.0562]
[ 4.1708,-5.1184, 1.4365, 0.2589,-0.5623, 0.1302, 2.7752, 1.1207,-0.6884,-2.4149, 2.6834,-0.3982,-2.4769, 0.7541,-3.0704,-0.1545, 1.1414, 0.7411,-1.4572,-0.6842,-1.7691,-2.5666,-1.1081, 0.875 , 2.8915]
[-4.9795, 4.5154, 3.8877,-1.2398, 0.3593,-2.6103, 2.4972, 2.3593,-1.1805,-1.9086,-0.3626,-0.8953,-1.6199, 1.555 , 2.3945,-1.0341, 2.3693,-0.6793,-2.5024, 0.1474, 3.1086, 2.2661,-0.6826, 1.9392, 0.5747]
[ 5.27  , 3.3422, 3.8708,-1.3646,-1.9342, 2.2619,-1.9151,-1.4811, 0.724 ,-2.0741,-2.3991, 1.7735, 1.9209,-1.7718, 2.2097,-0.372 , 2.5665,-1.6008, 3.1276,-1.048 ,-1.8438, 1.8159, 2.2351, 1.3205, 2.8364]
[-4.8212,-5.047 , 2.7937, 2.7737, 3.105 ,-3.068 ,-0.6601,-0.7348,-2.454 , 3.1198,-2.2292, 2.0919, 0.3324, 2.5154,-0.09  ,-0.4896,-2.4165,-0.2079,-2.6087, 3.0467, 2.0924, 2.7332, 2.2896,-2.1449, 0.4337]
[ 0.9627, 3.2124,-4.421 ,-3.0049, 2.5717,-1.8688, 0.5997,-0.4924,-2.4525,-1.9392, 0.9033,-2.0651, 1.4759,-2.5432,-2.3458,-1.74  , 2.5945,-1.7761, 0.8138, 1.3043,-2.9494, 1.8549, 2.3501,-2.2797, 0.9629]
