[ 4.6626, 2.018 ,-4.6067, 0.123 ,-2.209 ,-2.4335,-0.333 , 0.612 , 1.3463,-1.6424,-1.8555,-1.8643, 0.5039, 0.6115, 1.0268,-2.927 , 0.8695,-2.6278,-2.7841,-1.4019,-3.014 ,-1.7402, 0.4111]
[-3.0182, 3.4306,-5.0429,-0.2821, 1.0384, 0.4511, 2.6823,-3.1184, 1.596 , 2.2911,-2.1563, 1.225 ,-0.1996,-1.0437, 2.254 , 2.9828, 0.8489, 0.7676,-2.1858, 0.0652,-3.0132, 1.5008,-3.1343]
[-3.2204, 5.1086,-4.3622, 1.0326, 2.5806,-2.8516, 0.1202, 2.4869, 2.7254, 0.1142, 2.3127,-0.8411,-0.1361, 2.1475,-0.9443,-2.7421, 1.1204,-2.05  ,-2.6982, 2.8401, 0.3523,-1.6369, 0.299 ]
[-4.0179, 2.5946,-2.7561,-2.7726, 0.2896,-1.3988, 2.0304, 2.9454,-2.8291,-0.2577, 2.3656, 1.0054, 2.7409,-1.9696,-1.7305, 2.0326,-2.6807,-2.3384,-2.199 ,-0.128 , 2.435 , 2.1223, 1.2757]
[-0.7296, 5.0847,-5.42  ,-1.4987, 1.1797, 0.3638, 0.2494, 1.1283,-1.9997, 2.5233,-2.692 ,-0.8552,-1.9355,-2.7785, 0.4698,-0.3972, 1.4284,-0.6873, 0.904 , 0.6502, 2.2325,-0.8377,-1.8321]
[ 3.1319, 4.6567, 2.4823, 2.1045,-0.4732, 0.1715,-2.9138, 2.8944,-1.8145, 1.6402,-2.1847,-1.9134, 0.5344,-2.3687, 2.1665,-0.2699,-1.1178,-0.1419, 2.2113,-2.4785,-0.5187,-1.6014,-0.6288]
[-4.6833, 0.1336,-2.2073,-2.2559, 0.0481,-0.8714,-1.7092,-3.0592, 0.5465,-1.9007, 2.4324,-1.6583, 2.561 , 1.7169,-0.5261,-0.2416,-1.0897, 2.3244,-0.539 ,-0.8095,-0.8384, 1.5117, 2.4627]
[ 4.0242,-0.2076, 2.4023,-2.8208, 2.9293, 0.6115,-0.5522, 0.2891,-2.9266,-0.4001, 0.9712,-2.0406, 2.1569, 2.1533, 0.7908, 2.8523, 0.1969, 2.8311, 2.6885, 2.8195,-0.6816,-1.4667, 1.9169]
[ 2.3773,-4.5056,-2.757 ,-0.1178,-3.0404,-1.2686,-0.8942,-1.3257,-1.9119, 0.2971, 0.5481, 1.1959,-1.3593,-1.2717, 1.1285, 1.7635,-3.0499,-2.1814, 1.2068,-0.2502,-0.9571, 1.355 , 1.92  ]
[ 4.057 ,-3.8439,-2.9568, 1.9151, 1.917 ,-0.268 , 0.6051, 2.7506,-1.4881, 2.6718,-0.0301,-1.1336, 2.2133,-1.0245,-0.3388,-0.7761, 0.7667, 1.9343, 1.6987,-0.7591,-0.5554, 0.067 ,-2.5264]
[-1.5183,-2.3135, 3.773 ,-2.3277,-1.8814, 0.4638,-3.0391,-1.4847, 2.1672,-2.3828,-2.3806, 2.3988, 2.6028, 1.0545,-2.2728, 0.4977, 1.1178, 1.0057,-2.8308, 2.6096, 2.1792, 1.0085,-2.7288]
[-2.8256,-3.8474,-4.6748, 0.7103,-0.4912,-2.0326,-1.0663, 1.3402, 0.4594, 2.8357, 0.8561, 2.3151, 1.1421, 1.9102,-1.398 ,-0.8497, 1.5432,-0.3017,-2.796 , 1.0173,-3.0651,-2.7099,-0.176 ]
[ 3.5496, 4.5553,-5.3805,-2.297 , 2.9961, 1.2227, 1.4423, 0.2691,-1.7771,-0.7762,-1.7761, 0.5678,-2.6661, 0.9748,-3.1169,-0.073 , 1.3351,-0.6931,-1.5817, 1.6864,-1.665 , 2.3217,-0.5354]
[-4.399 ,-3.5604, 4.5999,-3.0978,-2.2054, 0.2635,-1.2622, 2.8738,-3.0254, 2.2793, 1.7629, 2.7225,-2.511 , 2.6434,-0.7665, 2.2775, 2.2673,-1.7529,-1.4089, 2.8833,-2.2679,-2.1519,-1.3261]
[ 0.5654,-2.0464, 0.8989, 0.354 , 1.5279, 1.608 ,-2.8091, 2.9177, 1.5225, 3.0996, 2.119 ,-0.173 ,-1.4489,-2.6945,-1.4357, 2.4394,-0.3704,-1.8421,-1.0617, 1.7367,-1.8799,-0.2653, 2.31  ]
[-1.213 ,-1.2216,-5.4128,-0.6983,-1.174 ,-2.8774, 1.1336, 1.5432,-2.5076, 0.9636,-0.8454, 2.3582,-1.9947, 2.2392,-1.5581,-1.9014,-2.1232,-2.1837,-1.2453,-3.1277,-1.2872,-0.6504, 1.8071]
[ 3.4207,-3.6113, 2.9082, 1.7305, 0.0825,-1.5819, 1.5718, 2.332 ,-0.0524,-0.3225,-1.869 , 0.2557,-2.0327, 3.0822, 1.2001,-1.3101, 1.9317,-2.7438, 2.5162,-2.1203,-0.385 , 2.9643,-2.308 ]
[-2.9628,-3.5419, 2.2089, 1.3607,-2.8874,-2.4851,-1.8466, 2.2759, 2.9899, 1.7878, 1.2053, 1.3293, 2.4878, 2.5483, 1.0894, 1.5188, 2.5458, 0.3351,-1.1194, 1.194 ,-0.2325, 1.2547, 0.5969]
[-1.1645,-0.0934,-0.8015,-2.9607, 2.5458,-2.3053, 2.961 , 0.3997, 2.1549,-1.4589, 2.1453,-0.7928,-0.1675,-1.2139,-1.3665, 2.6721,-0.461 ,-1.0721, 2.6006,-1.12  ,-3.0634, 0.0778,-0.2397]
[ 3.8344,-2.8452, 2.9562, 2.5936, 0.925 ,-1.0855, 2.6769, 0.7781,-1.1091,-0.2854,-0.1735,-1.8946, 2.3225,-1.9067, 2.6963,-3.0964, 1.8868, 0.152 ,-3.0257,-0.3576,-2.4759, 0.314 , 2.4625]
[-1.6695, 3.3326, 3.9315, 0.4476,-1.3662,-1.7523, 1.862 , 2.64  ,-0.3268,-1.6093, 2.7922, 1.1736, 0.9553,-1.4907,-2.5406,-0.9938,-0.0888,-2.9012,-0.8339, 0.5908,-3.0245, 1.6522, 2.2347]
[ 0.5207,-2.0939, 1.1062,-0.8471, 2.3374, 1.0255,-0.782 ,-0.0304,-0.6147, 0.1029, 1.4363, 3.129 , 2.0676, 2.2786, 2.9961,-2.3135, 0.1357, 0.0291,-0.3601, 2.6842, 0.8926,-2.659 , 0.4198]
[ 1.5898, 1.1123,-2.1094, 1.1066, 0.9976,-0.3876, 0.2296, 1.7681,-1.7135,-0.1614, 0.5263,-0.6596, 1.683 ,-2.1625,-0.8971, 0.9439,-0.1903, 2.4848, 2.4335, 0.9761,-0.2446,-1.944 ,-3.1275]
[ 2.5489,-2.8097,-0.6972, 1.6477,-1.7934, 0.825 , 1.1853,-2.481 , 0.2298,-1.3384,-0.578 ,-2.7306,-2.3902, 2.1785,-1.42  ,-1.5564,-1.4982,-2.6668,-1.3051,-2.8472,-0.2415,-2.0461,-0.4837]
[-0.0156, 5.0619,-1.5617, 3.0879,-1.7264,-1.3033,-1.9675,-1.2143, 1.7175, 1.848 ,-0.5733,-0.8652,-1.2118, 2.7488,-0.1073,-1.0129, 1.4091,-0.7091,-2.7495,-1.6054, 0.3275,-2.0387,-2.4324]
[-5.2615,-1.401 , 0.0195,-2.3803,-2.2658,-1.4152, 2.1199, 0.639 ,-0.535 ,-1.4812, 1.8801,-1.6285, 0.0384, 0.3869, 2.7342,-2.5064,-0.2561, 0.038 , 1.5343, 1.2678,-2.8685,-1.6271,-2.9237]
[-3.3605,-4.7735,-1.2323,-3.0412, 0.4709,-2.6345, 0.5574, 2.7797, 1.7176, 1.5083,-2.9556, 1.6949, 1.3685,-0.7818,-2.5021, 2.3794,-2.1953, 3.1256, 0.0511,-0.717 , 2.2276,-1.8629,-2.7565]
[ 2.2458, 1.9428, 3.2928,-0.7671,-0.7441, 2.3758, 0.106 , 2.4204,-1.157 ,-1.8381, 1.1285, 2.4708,-3.0463, 2.2083,-0.5361, 0.3028, 2.5843, 0.9796, 2.2109, 1.4296, 1.6911,-3.1161, 3.134 ]
[ 0.4917, 4.7984, 1.7874, 0.1654,-0.8354, 2.2962, 2.4204,-1.6726,-0.8403, 1.5648, 2.4627, 1.4721,-2.5267, 0.1434, 1.703 , 0.3002, 2.21  , 0.6449,-0.8366,-1.114 ,-1.4397, 1.6403,-0.2661]
[-4.7894,-0.0919,-5.3782,-1.7322,-2.3659,-1.2118, 2.9993,-1.7355, 1.2866,-0.7236,-1.478 , 2.0753,-2.5619, 2.5868,-1.818 , 1.8055,-0.1701, 0.8779, 2.0778, 2.0258, 0.2585, 1.0907,-1.4231]
[ 5.3544,-2.4741, 5.2335,-0.2619,-3.0258,-1.4351, 0.986 , 0.5252,-2.0445,-0.8649,-0.594 , 1.2759,-0.1563,-2.5167,-2.0985, 2.9434,-1.5818, 0.8728,-2.4661,-2.9425,-0.5928, 2.8687, 2.0492]
[-3.4655, 4.0882, 5.1266,-0.2552, 1.7451, 0.5989,-1.5239, 1.9574, 1.7621, 3.0739, 1.2729,-2.5491,-1.6992, 0.0464, 1.4918,-3.0966,-2.1272,-2.2115, 2.9953,-1.2799,-0.1117,-1.5767,-1.1444]
[-2.0233, 4.0429,-4.9088, 0.989 ,-2.6281, 1.1515, 3.1287,-2.5802, 0.1556,-0.3177,-0.1043, 1.6521, 0.7567,-1.8967,-0.7493,-0.598 , 2.7526,-0.2335,-1.4385,-1.0024, 0.6281,-0.7929, 0.2286]
[ 1.3889,-3.5481, 1.2582, 0.9787,-2.5483, 2.2554,-2.5892, 2.4146, 1.2244,-1.6782,-0.5201, 2.1315, 3.0981,-1.0642,-1.347 , 0.5254, 1.4735,-2.259 ,-2.6767, 2.0724,-0.0187,-0.52  , 0.0423]
[-1.8228,-0.4437, 2.3773, 2.8802,-1.2961,-0.0601, 1.4779, 2.1165, 2.7101,-0.1899, 0.5094, 0.5808, 2.9274,-2.7294, 2.5029,-2.7418,-2.2557,-2.7698,-1.3618,-2.5543, 1.6934, 1.3512,-2.6414]
[ 4.2431,-0.6281,-2.0229,-2.4069, 0.5345,-2.4141,-1.7434,-0.8574, 0.6918,-2.2958, 1.5713,-0.0302, 2.1638,-1.7437, 2.2665,-2.2379, 2.0604, 1.181 , 1.6453, 2.6341, 2.3044,-0.6302,-1.5623]
[ 4.6122,-4.0926, 1.9389,-0.3924, 1.8851,-0.7794,-0.0463,-0.0259,-1.8618,-1.7826,-2.3399,-3.1347, 2.604 ,-1.6141, 0.2016,-2.3205,-3.0019,-0.6007,-0.8183,-1.2099, 2.2178,-1.4856, 1.7973]
[-3.6779, 1.4954, 4.1686, 2.9262,-2.1015, 1.6336,-2.2053,-2.9177, 1.6693,-2.7525, 3.0274, 3.0777, 2.7357,-1.8209,-2.2372,-0.0357, 0.0299, 2.2265, 0.6452, 0.6917,-0.6066, 2.017 , 2.9403]
[ 1.8076, 1.7813,-4.7404,-0.3306, 2.2662, 1.5414, 2.2081, 0.5751, 0.229 , 2.4124,-0.1965, 1.5537, 1.0924, 2.5394,-0.3522, 2.8981,-2.9133,-2.9039,-0.7779, 0.1131, 3.0698,-0.632 ,-2.0848]
[-1.2471, 3.413 ,-1.4226,-1.8659,-0.9129, 2.0483,-0.0121,-3.002 ,-0.6787,-1.5444, 2.1996,-1.8261,-2.4555, 1.5632,-0.8134,-0.4315,-0.2606, 1.0302, 2.5246, 1.7363, 1.991 ,-2.8758,-2.1202]
[ 4.717 , 4.3247, 4.5214, 0.0628, 2.8858, 2.7735, 3.0552,-0.9963,-2.1464, 1.7399, 1.7368, 0.8318, 2.6352,-0.2993, 1.2526,-0.2913,-2.009 ,-2.6062, 0.0775, 1.1399,-1.7696,-2.5016,-1.8269]
[ 1.9544, 0.6841,-0.8088, 1.4896,-1.4144,-0.4275, 1.8686, 0.6948, 2.6726, 1.4878, 2.942 ,-1.8494, 0.2739,-1.285 ,-0.6469,-2.0278,-2.9301,-2.8183,-0.6872, 2.1813,-1.0453,-1.2651, 2.1892]
[-2.9563,-5.4562, 3.6856,-0.1103,-0.6056, 0.69  ,-0.3965, 1.112 , 0.1379,-3.1326,-0.859 , 2.8539,-0.5009, 2.5539,-2.906 , 1.8713,-1.3379,-2.3417, 1.1801, 2.039 ,-2.7338,-0.0427, 2.5327]
[ 1.4819,-4.6487,-1.4215, 0.1887,-0.7147,-1.8369, 3.0737,-0.0281, 1.4978, 0.084 ,-0.0052,-1.4982, 2.2488, 1.6006, 0.043 , 1.9138,-0.7232,-2.925 ,-2.6565, 0.8552,-3.0888,-0.561 ,-0.4454]
[ 2.9551, 4.8488,-1.4357, 1.952 ,-2.6842, 1.7616,-1.8966, 2.0662, 2.9765,-1.1164,-1.4311,-0.7682, 1.6009,-1.5419, 2.2359,-0.9795,-1.2359,-3.1013, 2.3504, 0.2637,-2.599 , 3.1265,-1.1086]
[-1.0522,-4.1529, 3.9245,-2.3348, 1.0873, 2.0577,-2.5501,-1.9426, 1.6387,-2.5867,-1.5992,-2.0411, 0.7713, 2.3684,-1.2435, 2.7834, 2.4061, 2.631 , 1.9074, 1.1547,-0.8558, 2.951 ,-1.6079]
[-1.4253, 4.4122,-5.3948,-1.0711,-2.0813, 0.6322, 0.2416, 1.2837, 2.4078,-2.5888, 0.2083,-0.7612, 2.3064,-1.2561, 0.4457, 3.0664, 0.7003, 3.11  ,-0.9655, 2.6277, 0.4532, 0.8585,-2.3335]
[-5.2913,-0.7737,-1.9965,-0.8661,-2.7769, 0.4615, 2.0624, 2.4747,-0.4039, 1.112 ,-2.329 , 2.1899,-1.4899, 1.1122, 1.6898, 0.8313,-1.2849, 2.5766,-1.9334,-2.0498, 2.2021,-0.6521,-0.0807]
[-2.7438,-3.5128, 1.253 ,-1.1062, 0.6981, 0.1291,-0.1053,-1.9824, 2.5849, 1.5307,-2.065 , 2.7526,-2.275 ,-1.7379, 1.0466, 2.3633, 1.4326, 1.922 , 0.5576,-1.8841,-1.234 , 1.1845,-0.3887]
[-1.9232, 3.8481, 0.045 , 1.324 ,-0.7974,-2.9331,-0.7484,-2.5327,-1.8196, 0.8666,-0.3836, 3.1264,-1.2105, 1.9694,-0.1169, 1.7004,-0.9265, 0.0746, 1.7707, 0.3901,-2.5406,-0.2832, 2.3837]
[ 4.6157, 3.2284, 1.4865,-2.6324,-0.7833, 1.931 ,-0.7583, 0.4751, 2.2984,-1.0846, 3.1249,-0.2327, 2.46  ,-0.0975, 0.8914, 1.5512, 2.6966, 2.0263, 0.0063,-2.1283, 2.6531,-2.2707, 0.4523]
[ 5.1068, 3.5076, 1.2947, 1.0392, 1.1417,-1.3049,-0.1314,-2.9461,-2.8372,-2.5631, 2.6304,-1.5239,-1.5584,-3.0157, 1.9159,-1.3038,-0.9945, 1.9501,-1.0003,-2.2654, 0.495 , 0.7525, 0.3895]
[ 0.4348,-3.092 ,-2.5402, 0.2543, 1.5475,-2.6633, 2.9782, 0.9855, 1.9444, 1.153 , 1.3623, 0.8666, 0.1906,-1.6246, 2.5495,-1.9909, 2.7268,-2.1199, 2.5546, 0.7006,-2.9813, 1.1851, 2.6825]
[-4.3573, 5.1466,-2.4401, 1.    ,-1.7017,-0.008 , 0.6039, 2.2553, 0.2926,-1.682 , 1.0405, 1.0507, 1.7093,-0.7387, 1.1455,-2.2375, 2.9889,-0.5232, 1.861 , 0.9405,-2.077 ,-0.799 , 2.6771]
[-3.7911,-1.3826,-4.6362,-0.3934, 3.0185, 0.3739,-0.9778,-3.0695, 2.6847, 2.1648, 2.7739,-3.0109, 2.8557, 2.035 , 1.6757, 1.8594, 2.8242, 1.9818,-2.9272,-1.9737,-1.6138,-0.1349,-0.3035]
[ 1.3379, 0.233 , 1.7267, 2.4652,-0.7141,-0.1295, 0.3946,-0.8842,-1.7118, 0.7543, 0.9142,-0.9631,-0.0114,-2.8801,-2.2852,-1.3503,-2.6521, 2.4349, 1.5268,-0.8992,-2.2978,-2.2849, 2.0421]
[-4.2138,-0.0689,-4.903 ,-0.3444, 1.8437, 2.0496, 0.3431,-3.1011, 2.0097, 0.1335, 2.0707,-2.7761,-1.0829, 1.1366, 2.1954,-2.7526,-2.0368,-2.803 , 0.9707, 2.4964, 2.6274,-0.3766,-2.227 ]
[-0.0965,-2.2854, 1.4908, 1.9232, 2.9277, 3.1281,-2.4507, 0.867 , 2.6886, 0.1088, 1.394 , 2.7692,-1.7346,-0.0341,-2.0391,-1.7573,-1.4177,-1.2043,-0.1065, 0.6395,-1.4352, 0.0923, 2.3149]
[ 5.4517, 1.8827, 1.2518, 0.5683,-0.8798, 1.0834, 2.7424, 2.0618,-0.575 , 3.0922, 1.0428, 2.5078, 1.193 , 0.486 , 1.8127,-0.1897, 0.2912, 1.1012, 0.8402, 0.0453,-0.6407,-1.2013, 2.7163]
[ 0.3971,-0.1605,-1.9801, 2.4824,-1.1145,-1.8243,-0.3207, 2.857 , 2.2598,-0.0175, 0.3665,-2.9452,-0.221 , 3.0102, 2.3366, 0.1506,-0.0894, 1.331 ,-0.5679,-2.7116,-2.5868, 0.2519,-2.4757]
[ 1.794 , 1.1335,-1.6031,-1.8344, 2.0326,-0.8167, 0.4705,-0.208 , 2.6867, 1.8394, 0.1476,-2.4852,-1.9782, 3.0973, 1.8662,-2.78  ,-0.4376, 0.9342, 2.9032, 0.162 , 0.1952, 0.9089,-0.2576]
[ 4.6034, 3.8631, 3.4509,-0.921 ,-1.8493, 2.3395,-0.6971, 2.186 ,-1.285 , 0.8748,-1.7771,-2.6402,-2.7183,-1.08  , 1.2331, 2.3898, 1.7552,-0.6128,-2.1392, 2.5195,-2.7961,-0.8089, 0.3765]
[ 4.9012e+00,-1.0431e+00, 3.7913e-01,-6.4478e-01,-3.1264e+00,-1.8209e+00,-1.9859e-04, 1.1350e+00, 1.5941e+00,-2.3341e+00,-1.9959e+00,-2.4680e+00, 8.4573e-01, 2.8770e+00,-6.5680e-01, 2.6850e+00,-2.5359e+00, 1.9126e+00, 2.2412e+00,-2.7238e+00, 1.5639e+00, 5.0510e-01,-2.5996e+00]
[ 5.3617, 5.3894,-2.5933, 2.3082,-1.889 ,-2.6873, 1.7305, 2.1901, 1.5336, 1.4119, 0.2184,-2.9479, 1.1369,-0.3382,-2.4545,-0.8117, 2.2954, 3.1205, 1.0492,-0.0569, 0.6708, 0.0901, 1.5495]
[-1.4949,-5.4777, 2.991 ,-0.154 , 1.7679,-0.7142, 1.8017, 1.8984, 2.143 , 3.1085,-1.75  , 0.5769,-0.0283,-0.7107, 1.7304, 0.6265, 0.024 , 2.7943, 2.2306,-2.4068,-1.2332, 1.4106, 2.0318]
[-4.8548,-1.493 , 3.2467,-2.8482,-1.5844,-2.251 ,-2.7208,-1.0489, 0.2867,-0.1182, 0.8651, 1.9033, 1.8292,-1.7496, 2.3908,-3.103 ,-1.9939,-0.9232,-2.7048, 1.6625,-2.666 , 2.7934,-2.2107]
[-1.9206,-3.3757, 2.8659, 0.8902,-1.347 , 2.4715,-3.1328, 2.8345, 1.6569,-1.3299, 2.5883, 1.2364,-2.2818, 2.8563,-2.5371,-1.2971, 2.2129, 1.0983, 2.8039,-1.1959, 2.5641, 2.0437, 2.426 ]
[-1.954 ,-1.3666,-2.2447,-2.2272,-2.6186,-2.5938, 0.4223,-0.9926, 1.0601,-0.8568,-1.8631, 1.8814, 0.1644, 2.5912,-2.7807,-0.3829, 1.8057,-1.2147, 0.7904, 2.1019, 0.7034, 1.3423, 1.3319]
[-1.2177,-1.121 ,-3.42  ,-2.1545, 0.267 , 1.7856, 2.805 , 3.0562,-0.7577,-0.2676,-1.6195,-2.2069, 0.0707,-1.2296,-2.7078,-1.2757, 1.9532,-0.6418,-3.0466, 0.7744,-0.4377,-0.9807, 0.8416]
[-5.4942,-1.6147, 5.4105,-1.5339,-0.473 ,-2.9489, 1.7553,-0.9663, 2.47  , 0.891 ,-3.0534,-1.3924,-0.5099, 0.9663,-0.1725, 0.9974,-0.8845, 1.9312,-2.0423,-0.5278, 1.0302,-1.8049,-2.2267]
[-2.1047, 1.3243, 4.6583, 0.0406, 0.2934,-2.6253, 2.3793, 0.8553,-1.303 , 1.8853, 0.7794,-2.0489, 1.4542, 0.8891,-2.7771, 3.0366, 1.1692, 0.1279,-1.7258,-0.4117, 0.1219, 1.2898, 1.8834]
[ 4.7291,-0.6075, 0.6593, 2.3027, 0.1793,-1.0527,-2.4251,-0.9811, 1.8292, 0.7155,-1.7729, 1.4763,-1.0139, 1.5597, 2.8851, 2.927 , 2.9375, 1.9622,-0.5477,-2.7708,-1.5911,-2.5779,-2.869 ]
[ 3.547 ,-2.8197,-2.7536, 0.3676, 0.4364,-1.4044, 2.7761, 0.2282,-2.9876, 0.9895, 0.7902, 2.1221,-1.712 ,-1.7593,-2.6213,-1.063 , 1.9669, 0.1367, 3.0516,-0.0434, 2.8793,-1.5174,-1.2162]
[-4.6812, 4.397 , 1.8351, 1.7795,-0.9084,-1.4228, 1.3167,-1.1212,-3.039 , 1.2456,-1.1676, 2.6095, 2.1463, 1.4351, 2.0456,-2.1747,-2.8378,-3.063 , 3.0648, 0.6035,-2.6344,-1.9848,-2.0247]
[ 1.8768, 4.2659, 0.7427, 0.9926,-3.083 , 2.508 ,-0.9601, 2.7502,-2.4616, 1.7211,-0.3437, 2.1766,-1.657 ,-0.2949, 1.05  , 0.701 ,-2.5007,-2.3973,-1.9954, 0.7284, 2.6711, 2.2416,-0.4325]
[-1.1141, 0.5389, 1.1629,-1.1639, 1.6819, 2.7093,-2.4348,-2.0985, 1.4592, 2.473 ,-0.8057,-1.7658, 1.728 , 0.3555, 0.9392,-2.1096,-1.4351, 2.0514,-2.5007,-0.9177,-0.1883,-1.3885,-2.046 ]
[-3.0276, 4.6213,-4.4124, 3.0166,-2.2617, 0.5543, 1.2284, 0.3988,-1.2534,-2.4822, 1.1148,-2.5496,-1.6295, 0.538 , 1.548 , 1.2789,-2.2948,-2.2663,-1.775 , 0.8029,-2.0405, 2.3194,-2.5401]
[ 4.6086,-0.9715,-3.1246, 1.6348,-1.4762,-1.7841, 0.1156,-0.7431, 2.0188, 0.7615,-0.8136, 1.1886, 0.3467,-1.7658,-1.9531,-0.3217, 2.9836, 1.4326,-2.0476, 0.7238, 0.7231, 1.0078,-2.5716]
[-0.1713, 5.0748,-1.1154,-2.4279, 1.6987,-1.3876, 1.7642,-2.2741, 0.9302,-2.7889,-1.9958,-2.5099,-2.5831,-1.2063,-2.0708, 1.2967, 2.5032,-2.6608,-2.5241,-0.392 ,-2.0985,-1.3652,-2.5525]
[ 4.8011, 3.6923,-2.698 ,-0.6413, 1.0444, 2.1365, 2.938 ,-0.3377,-0.353 , 2.3021,-3.1305, 0.2979,-0.6249, 0.5171, 2.5837, 2.0752,-2.0821,-1.6493,-1.3102,-2.1041,-2.1113, 1.3653, 2.7064]
[-5.3515, 3.3792,-0.9802, 0.9931, 2.7793,-0.3704,-1.7958,-0.6191, 2.3178,-1.3373,-2.5082,-2.5389, 2.7575, 1.2435, 3.1364, 0.1504, 1.8231, 0.379 , 2.5996,-1.0927,-1.7229, 2.805 , 0.052 ]
[ 1.591 , 1.1885, 2.36  , 3.1201,-2.5274,-1.5296, 1.9017, 1.5841, 0.3223,-1.4676, 3.0922,-2.644 , 2.2675, 2.832 ,-0.9819,-2.4481,-1.9701, 0.6049, 1.1885, 1.1883, 0.3738,-1.7061, 1.1766]
[-1.6147, 4.8207,-5.1313, 1.925 ,-0.9114,-0.0967, 0.3849, 3.0606,-0.5204,-0.9033, 1.52  , 2.4252,-2.6431, 2.8564, 1.8492, 1.0491,-0.7097, 1.507 ,-0.817 ,-0.46  ,-3.1337,-0.803 ,-1.0221]
[ 4.8882,-4.4152,-1.3477,-1.8316, 0.9724, 0.3349,-0.3591,-2.2474,-0.3425,-2.2858, 0.3824, 1.7991,-1.0767, 1.118 ,-2.7183,-1.9394,-1.506 , 1.2614, 0.031 , 2.6938, 3.0486,-1.9867, 2.5593]
[ 4.194 ,-1.5461, 4.7986, 2.0546,-1.2149, 0.6369, 2.7773,-2.6717,-0.5078, 1.5314, 1.1684, 2.9922, 0.2683, 0.5663,-2.2158,-0.8589, 2.4983, 1.1201, 0.2749, 2.8767,-2.5824,-0.6174, 2.3657]
[-5.2072,-4.0957,-0.7041, 1.3891, 0.4772, 0.4056, 1.3764,-3.0802,-2.2997, 1.5932,-0.5058, 1.3678, 1.1945, 2.9766,-2.7681,-1.4603,-1.0113, 1.9277, 1.3503,-1.5148, 3.0482,-0.2611,-1.0969]
[ 1.1144, 1.0633,-0.8913, 2.6397, 3.0368, 1.7613, 1.2029,-2.2105, 1.3607,-0.5363, 1.3719,-0.0395,-0.4682, 1.8494,-3.1297, 1.8748, 0.2039,-2.9219,-2.8349,-0.2809,-2.3718,-2.9732, 2.1926]
[ 3.5219,-5.3775, 2.6113, 2.4416,-2.5777,-0.1996,-2.0697,-1.8517, 1.6204,-0.8083,-1.5986,-0.3055,-2.7358, 0.1891, 0.422 ,-2.1131, 2.5765, 2.6781,-2.0192,-1.5296, 1.9324,-2.6121,-2.1928]
[ 2.042 , 1.1043,-2.6247,-1.0943, 2.9143, 2.6691,-0.6241,-1.284 ,-1.1761,-1.153 ,-1.8187,-1.1588,-2.9371,-1.56  , 3.0291, 0.1954,-2.5358,-0.8463,-1.6392, 0.0892, 1.7327,-0.1471,-2.0239]
[ 2.0596, 1.9232, 2.6055,-2.4981, 1.2179,-1.1824,-1.5857,-0.9277,-3.088 , 1.1118,-0.2497, 2.5765, 1.3436,-2.3768,-2.5677, 1.8942, 0.6316, 2.8405,-1.5267,-1.9459,-0.1091,-2.9891,-1.2087]
[ 1.2118,-4.5085,-1.8286, 2.5943, 0.4975,-1.294 , 0.5254,-1.2751, 1.8293, 0.8987, 0.1216, 2.7673,-1.1245, 0.8361,-1.3221, 3.0451,-2.797 , 2.605 ,-2.483 , 2.7616,-1.0344,-2.4519, 0.8386]
[-1.0674, 4.1855, 0.5399, 0.2236,-2.5408, 0.836 ,-1.76  ,-2.5299,-2.1453, 0.2253, 1.9765,-2.595 , 0.5315,-2.6868,-1.1939, 1.0538,-0.6735,-0.5531, 2.9369,-3.1205,-0.5298, 0.3473,-0.8175]
[ 4.3045,-4.2118,-0.8048,-0.9441, 2.1272,-2.0062, 2.9171, 0.7888,-2.4376,-1.5426, 1.45  , 1.6621, 1.7574,-0.7799,-1.8234,-0.4748,-0.2998, 2.6909, 1.2979, 0.2091,-1.4879, 0.6226, 2.7423]
[-5.435 ,-4.9118,-0.87  ,-0.0106, 2.7949,-1.5852, 2.4419, 2.2584,-2.2034, 0.2064,-2.0112, 0.8889, 0.8355,-3.1308,-2.6484,-1.4333,-3.0599,-0.7785,-0.5922, 1.6332,-2.5976, 2.5898,-2.3213]
[-5.1063, 4.7576,-3.6314,-1.2266, 2.5667,-1.4324, 1.0893,-2.5669,-1.7083, 0.9559,-1.5516,-1.7115, 2.3364, 0.8714,-0.1831, 0.3573, 0.9775, 0.9254,-0.5637, 2.8597,-1.3133,-1.867 , 0.3941]
[-2.0884, 4.4824, 3.4727, 2.2717, 1.2271,-0.4955,-2.2322,-2.3886,-1.191 ,-0.8889,-0.5465,-1.3912, 1.3061, 1.8503,-0.8497,-2.5505, 0.5493,-1.1285, 1.2265, 2.6416, 2.8529, 1.7842,-2.5793]
[-5.3249,-2.1733, 1.7494, 3.0238, 0.5989,-2.758 , 1.1528,-3.0274, 2.7817, 1.2175, 2.9261,-2.8691, 3.0417,-2.9925, 0.6825, 2.0767, 0.9073, 0.7059, 2.466 , 1.4994, 1.2192, 0.7755,-1.7492]
[ 2.2785,-4.6982, 0.3328, 1.4757,-1.0252,-0.7133, 0.8689,-2.2605, 1.8418,-3.1363,-2.3682, 2.6885, 0.2613, 2.1939,-1.832 , 1.5946,-1.9854,-1.6501, 1.5001, 2.9744, 1.6273,-1.2112,-1.7729]
[ 4.8608,-3.8362,-0.9427, 0.1979, 0.3225, 2.3866,-2.9184,-0.6343,-2.9302, 0.7858,-2.8007, 2.5653, 2.318 ,-0.0644,-1.5223,-0.457 ,-0.4811, 1.6978,-3.0709,-1.3372,-0.1885, 0.9127,-0.8659]
[ 4.4716, 4.0828,-3.8659, 1.8151, 2.0401, 1.4253, 2.8432,-0.5295, 1.4739, 2.2438,-1.0166, 2.9944,-0.3276,-1.6791,-1.5923,-3.1305,-0.3355,-0.8466,-2.2988, 2.8185, 0.0889, 2.4178,-2.016 ]
