[ 5.2339, 0.4943, 4.5267,-2.5186,-2.7261,-2.728 , 0.5554,-2.7914, 2.9853,-1.3027,-0.9942,-0.2574,-1.9456, 1.6192,-2.4037, 2.0162,-1.6914,-2.9304]
[ 4.8753, 4.3154,-2.7007, 0.9623,-2.8965, 3.043 ,-1.1293, 1.2774,-1.4871,-0.2691, 0.6549, 0.9195, 1.8061, 3.095 ,-2.3456, 0.2585,-2.8221,-2.1697]
[ 5.0467, 3.2999,-5.4005,-0.3015, 0.6163, 0.2293, 1.4097, 0.4388,-0.556 , 1.9425,-0.2975, 1.7717,-1.1086, 0.3038, 2.1018,-0.4372,-2.2562, 1.7905]
[-2.0249e+00, 4.8800e+00,-6.1163e-01,-2.5130e+00,-2.3570e+00,-3.0263e+00,-7.0419e-02, 5.0825e-01,-2.4217e+00, 3.1089e+00,-1.5874e+00,-9.6635e-01, 1.5025e+00,-2.7492e+00, 2.9407e+00,-5.1814e-04,-2.5759e+00, 1.8478e+00]
[ 4.3166e+00,-1.8917e+00, 4.7268e+00,-1.1114e+00, 1.4727e+00, 7.2711e-01, 3.1280e-01,-9.2356e-02, 2.8817e+00, 6.9583e-01, 2.6568e+00,-5.5490e-01,-3.7410e-03, 1.3256e+00, 2.8174e+00, 1.6617e-02,-2.7844e+00, 3.3018e-01]
[-2.3792, 4.5874, 2.8659, 0.3711,-2.1276,-0.1862, 0.0105,-1.1674, 1.9861, 2.1643, 1.7076, 1.3773,-0.5801, 2.0381, 2.1488,-1.1001, 0.1532,-0.3949]
[-3.5263, 3.329 ,-4.9015, 0.0164, 0.2903, 0.7398,-1.451 ,-1.1795,-1.3344, 0.9701, 1.1673,-0.3478,-1.1648, 1.4689,-0.2312, 0.4403, 0.0751,-2.6908]
[ 2.32  , 1.7814,-2.8474,-0.1421,-2.65  , 2.0437,-2.7146,-1.3861, 2.0616, 1.4606, 3.0801,-2.9515, 1.1942, 0.3502,-2.1016,-0.7847, 2.8641, 3.0051]
[ 4.1826, 0.6184,-0.7571,-1.7692, 1.4732, 0.7958,-0.5771, 0.2444,-2.8396, 1.1263,-2.5199,-2.4557, 1.6433,-2.9691,-1.0432,-1.5911, 1.6992,-0.1238]
[-0.868 ,-1.5112, 2.4514,-2.6078, 0.5409, 2.6945, 1.3879,-1.1943, 2.5279, 0.7232,-2.6455, 2.2894,-0.6903, 3.1263, 2.2635,-0.5935, 0.9362,-0.1738]
[-2.0894,-4.4531,-3.3361,-0.0902, 0.5135,-0.1787,-1.875 ,-0.2994, 1.6602,-0.675 ,-1.1413,-1.4163, 2.5115, 1.224 ,-2.865 , 0.2418,-1.3472,-1.8407]
[ 5.0853, 3.7606, 1.9634,-1.3935,-1.906 , 1.3782, 2.4996,-1.0307, 0.4155, 2.4891,-0.6267, 3.1265, 2.0331, 0.3608, 1.1475,-1.1194, 2.3762,-2.6636]
[-1.5199, 0.3715,-2.7972,-2.9316,-1.831 ,-2.2567,-1.4562,-1.6036,-3.0981, 2.2856,-2.8824, 3.0672, 1.9787, 1.539 , 3.133 ,-1.6894,-1.8044,-1.285 ]
[ 4.473 ,-2.7101, 4.5156,-2.5867,-2.009 , 0.8779, 1.2389, 1.5186,-2.5559, 2.6172,-2.8357,-1.6098, 1.0034,-2.6123,-0.7578,-2.3564,-0.7   , 2.5973]
[ 2.977 , 1.9684,-2.0334, 0.2004,-1.1364,-1.2034,-0.868 ,-0.4893,-2.231 ,-2.06  ,-1.9551, 1.8897,-2.147 ,-3.0414,-0.4351, 1.1864,-0.0774,-2.8723]
[ 3.3156,-2.5558, 1.6734, 2.7099, 2.4052,-0.7621,-2.9375,-0.1716, 0.3403,-1.9412, 1.075 ,-0.1392, 0.3377, 2.2558, 2.1291, 2.1561, 3.0457, 2.6984]
[ 2.5934, 4.6704, 3.2166, 0.0579, 2.6365, 0.1998, 2.9966, 2.0692, 2.0019,-2.7288, 2.9871,-1.6466,-1.1056, 2.7403, 1.8949,-0.3157,-2.5614, 0.0074]
[-4.1616,-0.8591, 0.6598, 2.3773,-0.5738, 2.1279,-2.4662, 2.8723,-1.4627, 0.5049, 0.2337, 3.1411,-2.2878,-0.0275, 2.3665, 2.7959, 0.4313,-0.8453]
[ 1.1399, 5.367 , 1.1354,-1.1187, 0.1515,-2.9896, 1.7002, 0.7536, 0.8154,-1.9715,-3.0393, 1.291 ,-1.5787,-2.4355, 2.7648, 2.4196, 2.8299,-2.8006]
[ 4.35  , 1.1985,-3.4688,-0.1545, 1.1983,-2.4709,-0.899 ,-2.7133,-2.1913, 2.6181, 0.0884,-2.0002, 2.9206, 1.4124,-0.8109,-0.698 ,-2.7894,-3.0737]
[ 1.2265, 3.0935, 3.3936,-0.4315, 1.3665, 1.6213,-2.641 , 2.0014,-2.9557,-0.2571, 1.2153,-2.7996, 1.4806, 2.308 ,-2.4164, 0.3637,-0.1621,-0.6555]
[-5.4876,-3.3323,-0.6765, 0.71  ,-0.1301,-1.6694,-1.077 ,-0.6428,-2.5935, 2.6471, 1.4851,-2.8727, 1.8342,-3.1146,-2.5106,-2.2195,-1.4387, 0.2549]
[-3.8552,-0.2743,-1.7461,-1.9959, 1.3012, 1.1304, 2.8427, 0.314 ,-1.612 ,-0.991 ,-1.4399,-1.1938,-0.7643,-1.5279,-2.4434, 2.3998, 2.4887,-0.6104]
[ 2.1182,-3.3135,-1.7402, 1.2971,-1.1492, 2.1969, 0.1937,-2.894 , 1.8319, 1.861 ,-1.2561, 2.9217,-0.8906, 2.7539, 2.1537,-1.6498,-2.2155,-0.9788]
[-3.7458,-4.048 , 0.1545, 1.4991, 0.3733,-0.1595,-1.2468,-2.4483, 1.519 ,-2.7749, 2.9671, 1.1237, 0.609 , 2.193 ,-2.2365, 2.4538, 0.973 , 1.6473]
[ 0.5642,-0.8134,-1.3386, 3.1166,-0.5448, 1.1655, 0.3165,-0.6348, 1.2112,-1.7841, 1.5616,-2.6551,-1.8471,-1.5908, 0.3849,-0.7648, 2.1253,-1.4361]
[ 2.7343, 0.8569,-1.1203,-1.2379,-1.2672,-1.6182, 1.4324, 0.3196, 1.0785, 2.7382,-0.4779,-1.4697, 0.014 ,-0.6383,-0.8483,-1.3793, 2.1814, 1.9857]
[ 4.4578,-0.3265,-1.7541, 2.6636,-0.0985, 0.7915, 2.9907,-0.567 , 1.4703,-1.2177,-2.7174,-3.1336,-2.9565,-2.6274,-3.041 ,-1.4317,-2.3119, 0.9234]
[-3.2134,-3.7802,-2.7728, 0.301 ,-0.0306, 0.9953,-0.2669,-0.3236, 0.5948, 1.9463, 1.4756, 1.7483, 0.6157,-2.8963,-0.7136,-1.2909, 0.9461,-1.4051]
[ 4.9994,-4.9372, 2.4224,-1.8734,-1.0027, 1.9867, 2.8869,-1.7242,-2.777 ,-0.5102,-1.6296,-0.9569,-1.9877, 2.1059,-1.9829, 0.0184, 1.0018,-0.215 ]
[ 5.2183,-0.4906,-4.834 ,-2.3679,-3.1266,-2.2244,-2.4946, 1.2089,-3.0173, 2.3102,-1.8158, 2.1345, 1.3975, 1.4855,-0.4113,-0.8605, 2.8368, 2.8522]
[ 5.2312, 1.8877,-3.4255, 1.7497, 1.2767,-1.2549, 0.3827,-2.9848, 1.3094, 1.4381,-1.8167, 0.4954,-2.752 ,-1.6038,-2.2576, 0.9733,-2.0897, 0.6096]
[-5.2818,-3.9829, 3.6388, 2.3457, 0.5114, 1.5224,-2.7916, 2.4314,-0.5378, 2.7561, 3.0925, 0.356 , 1.3136,-0.6628,-0.4298,-2.1588, 1.385 ,-1.4299]
[-3.3852, 5.3642, 2.472 , 1.5363, 1.5024,-0.35  ,-2.6598,-2.975 ,-1.3615, 1.5777, 2.643 , 2.1648, 0.6839, 1.8307, 1.6299, 2.6563,-0.8222, 0.4119]
[-4.0123,-4.7445,-0.7038, 1.7384,-1.5296,-1.2518, 1.7612,-0.6218,-0.5823, 2.5776, 2.6188,-0.1587,-2.4853, 2.7891, 1.352 , 0.3422,-2.3579,-0.5299]
[-1.3667, 4.4749, 4.9131, 1.4556, 0.9066, 2.0774,-0.4107,-2.0846, 0.9487,-1.0413, 2.6536,-0.5485,-2.3165, 2.1359,-0.3924,-2.8173,-1.3606,-2.8724]
[-1.5464,-2.0215,-4.5138, 0.7292,-1.9491, 0.5223, 2.3427,-0.2108,-1.4211,-0.4936, 2.5955, 3.1366, 0.4307, 2.4499,-0.8246,-2.7044, 1.01  ,-0.4163]
[-1.0662, 3.8378, 3.465 , 1.7699, 2.1066,-0.6711, 2.3595, 1.5339,-2.7353,-2.1667,-2.9496,-0.5817, 2.3208, 2.285 , 1.5551, 2.1382,-0.7381, 1.4843]
[ 5.0879, 0.1986, 3.9655,-2.4521, 1.2599, 0.3971,-2.5249, 1.2371, 2.0323, 0.8804, 1.3212,-0.6467, 2.6153, 0.8552,-1.1337,-1.8751, 0.1297, 1.2704]
[-3.0371, 2.8071, 1.5119,-1.6122,-0.9579, 1.5961, 0.8622, 0.3801,-0.1719, 0.3231,-0.9961,-1.5918, 0.5005, 0.804 , 2.201 ,-3.1185,-1.2772,-1.5182]
[ 4.8549, 5.3024,-1.048 , 1.4627,-3.0606, 2.5122,-0.7584, 0.4596, 0.5584, 2.8994,-1.8584,-1.2825, 0.4102,-0.4549, 1.6799, 0.144 ,-0.9411, 1.234 ]
[-2.4393, 3.2093, 1.1468,-2.484 ,-1.6147,-0.3884, 1.6379, 1.2969, 0.7313, 1.8086, 0.4945,-2.501 , 0.3076,-0.5925,-2.134 ,-1.8123, 1.2389,-2.0674]
[-2.8193, 2.6152,-1.8279, 0.9567, 0.6017, 2.4176, 2.0958,-2.6907,-2.9871,-1.2233,-2.9501,-0.5703, 2.7542,-0.011 , 0.084 ,-1.9978,-2.7176,-2.5744]
[-5.0401,-4.9672,-0.6903,-2.0837,-2.5896,-2.3255,-2.67  , 2.0351,-3.0038,-0.0754,-2.9313, 1.267 ,-2.0953,-0.9067, 2.0619, 2.2304, 2.472 ,-0.1735]
[ 4.4154, 1.4246, 0.312 ,-2.7073, 0.2722, 0.9623,-2.3218, 0.9679, 0.3259, 1.0101, 2.1071,-1.2844, 0.5246,-1.5952, 2.7965,-1.227 , 2.826 , 0.312 ]
[-3.7021,-0.1026, 4.215 , 0.8733, 2.2346, 0.907 , 2.004 , 1.7125, 1.1452, 1.6097, 0.7452,-0.8447,-2.9506,-1.1252, 0.1719,-2.9774, 0.9186, 0.2582]
[ 1.2299, 3.8479,-3.6361,-2.7176,-2.0269,-0.4462, 2.1016, 2.0022,-0.9846, 0.9589, 2.2671, 1.7231, 1.3334, 2.3019, 0.3904,-0.3476, 2.0205, 2.1138]
[ 4.5879,-0.1013, 2.1956,-2.9717,-2.5577, 3.1007, 0.5636,-2.18  , 0.2092, 2.7478, 1.2873, 0.6929,-2.0388,-0.5616, 2.0215,-1.2899,-0.2709, 2.4362]
[-4.3593,-0.3224, 2.5829,-0.6195, 3.0771, 2.8571,-2.1456, 1.3462, 0.2532, 2.2162, 2.8798,-3.0444, 1.027 ,-0.8805,-2.7954, 1.5976,-2.9603, 0.1325]
[-3.6447, 2.7007,-5.003 , 0.0291,-1.2731,-0.4692,-0.5927, 2.5316,-1.6254,-2.4522, 1.7981,-0.0161, 2.5585, 1.6931,-0.3104, 2.5323, 1.3127, 1.9321]
[-3.0489,-1.9279, 3.9083,-0.4795, 1.7694, 2.6027,-2.2416,-0.2909,-1.5884, 0.5544, 1.1172, 0.5633, 1.7183, 2.2104,-2.1058, 2.9716,-0.9244,-1.2461]
[ 3.6003, 2.8968, 2.9001,-1.7643, 0.0876,-2.4595, 2.7769, 2.5415, 0.4585, 1.703 ,-0.9759,-2.9632,-0.4449,-2.4515, 1.2726,-0.1646,-2.084 ,-2.2518]
[-2.8453, 2.9289,-5.3445,-1.2005,-1.1705, 3.1269,-1.972 ,-0.3611, 3.0523,-2.7811,-3.0327, 2.3799, 1.1971,-1.715 , 0.556 , 2.916 , 0.1154, 1.6401]
[ 4.3652,-5.3283,-1.5078,-1.7158, 1.4882,-1.7882, 0.1945, 2.282 , 2.1573,-2.7925,-2.2996,-1.9192,-2.0437,-1.6006, 2.304 ,-0.4192, 1.5119,-1.6316]
[ 5.0908, 2.5186, 1.9501, 0.5162, 2.2953, 1.6666, 2.025 ,-2.2161,-0.2454,-2.1287,-2.3319, 1.7828, 0.7298, 0.3198, 1.8892, 1.1975, 2.951 , 0.8537]
[-1.3268, 5.0813,-3.2096, 2.0726,-0.8487,-0.4184,-2.0943, 0.8877, 0.6158,-2.642 , 2.6222, 2.1203,-2.6409,-3.0434, 3.0942, 2.4209, 2.2181,-1.2299]
[-4.141 , 3.7587,-1.7914, 3.1021,-1.236 ,-1.0649,-0.2425, 1.1498, 0.8855, 2.1724,-2.9263, 2.5241,-2.3359,-0.3118,-2.406 , 0.2192, 2.2577, 1.3517]
[ 0.5457,-0.8567,-0.3998, 2.1256, 2.5744,-1.5131, 2.3296,-0.5901,-1.7096,-0.3197,-2.342 , 3.14  , 2.138 ,-0.7243,-1.1066,-2.1103,-2.9145,-0.6931]
[ 3.4658,-1.2582,-4.3019,-2.6216, 2.9491, 0.6677,-3.0018, 1.1217,-3.0306,-0.8489,-0.7182, 0.4587,-1.2641, 1.8082,-1.1628, 2.3266,-2.2093, 1.9592]
[-1.5145,-4.6692,-0.5286, 1.604 , 1.7655, 1.4491, 2.9052,-1.5714, 0.8231, 1.8277, 2.702 ,-1.513 , 1.49  ,-1.8613, 2.5567,-2.5778,-1.7746,-1.7959]
[-4.9389,-0.4074, 0.6559, 2.0286, 0.3249, 2.4832, 0.8209, 2.2778,-2.0921,-1.647 ,-2.3848, 0.0866, 0.309 , 0.9568, 1.3416,-2.7176,-1.9184, 1.2352]
[-5.0056,-2.13  , 3.4507,-2.6131, 1.1264,-0.5998,-1.5699,-1.7158, 2.9864,-1.194 ,-2.4636,-2.0076,-1.3496, 2.3276, 1.7985, 1.5457,-1.28  , 2.7273]
[-1.2091, 2.9543,-2.0026, 0.5355, 3.1373,-1.8743, 0.791 ,-0.7041, 2.6252, 0.9266,-1.9432,-2.0233, 0.2703,-0.7521, 0.4697, 0.2334,-2.5923, 2.4533]
[-1.7164, 5.2232, 4.1983, 0.8805,-2.5928,-1.6057, 0.9288, 2.0421, 1.6669, 2.8891, 2.409 ,-1.6043,-0.4641, 2.948 , 2.3682,-1.7411, 1.7606,-0.2372]
[ 0.9613,-2.4362,-3.8855, 1.6276,-1.7698, 3.1263, 1.6049,-1.472 ,-1.3185, 1.8203,-0.4927,-0.0986, 2.2953,-1.0255,-2.5583, 0.7786,-0.4819, 0.2559]
[-1.1247,-1.7549,-5.1032, 0.385 ,-0.8526,-2.7318, 1.1256,-1.4268,-1.3698,-2.5953, 1.5462, 1.7248,-0.5781,-1.4447,-2.4282, 2.2546,-1.8488,-1.7848]
[-1.1114,-3.6735, 2.6218, 2.4996,-0.2201,-2.5354,-2.9909, 2.3829, 2.4455, 1.3343,-2.7847,-2.3916, 0.8128, 2.1068, 2.9343, 2.4621,-1.7015, 2.6247]
[-2.4266, 2.8684,-1.8773, 1.0823,-2.8618,-0.4771,-0.7725,-2.7998, 1.2605, 0.783 ,-0.5913,-0.0738,-0.2271, 1.3183,-2.5885,-1.1306,-1.568 ,-0.3071]
[ 5.2475, 1.0447, 2.6709,-2.0146, 2.8607, 1.9697,-1.1401, 1.8794,-0.9137, 2.9134, 1.3147,-1.6274,-1.7142,-1.0315,-2.1444,-2.1881, 2.3927, 0.2554]
[ 5.3069, 0.5779, 0.6647, 2.7295, 1.6418, 1.2353, 2.3144, 0.2947,-1.2241, 0.2628, 0.163 ,-2.9104, 1.9846,-0.214 ,-0.6401, 2.0159, 2.2555,-2.8637]
[-1.6495, 3.374 ,-3.7201, 2.2908,-0.495 ,-1.9742,-0.7126,-2.8316, 3.016 , 2.1851,-0.7978, 0.239 , 1.7737, 2.2838,-3.0181,-1.0554,-2.007 , 0.5895]
[ 5.0735, 2.4328,-1.4942, 1.0119,-1.4282, 2.638 ,-2.0532,-1.2116, 1.2414,-1.2188, 1.3909, 2.4275, 0.3878,-3.0228, 0.9982, 0.3637,-0.3425, 2.0722]
[ 2.3609, 4.2923,-0.4094,-1.8646,-0.284 ,-0.0312, 0.8509, 2.7107,-2.0879, 1.475 ,-0.8665, 2.9332, 1.4256, 2.8459,-0.2259,-2.2807, 0.7269,-0.6814]
[ 3.3608,-3.5541,-2.7503, 1.6587,-1.7535, 2.1974,-0.7441,-2.3469,-2.868 ,-0.2246,-2.5016,-2.2477,-2.9638,-0.5264,-0.926 , 1.1147,-2.0902,-2.7941]
[ 5.0122, 0.1037,-4.287 ,-1.7255, 2.8671,-2.1523, 0.5062,-0.914 , 1.3897,-1.9597, 1.6325,-0.6564,-0.1888,-1.1333, 2.0251,-2.7261, 2.3072, 3.0028]
[-1.5196, 4.0805, 1.6681,-1.1774, 1.6789,-1.6741, 2.1839,-1.2277,-2.5246,-0.6595,-2.6414,-2.6879, 1.6045, 1.3614, 2.3808, 2.4426, 0.3345,-2.2309]
[-4.3315,-1.1307,-0.2665,-0.2075, 3.0711, 1.9384,-1.0347,-0.8112, 1.9099, 0.9967,-1.336 ,-0.7603,-1.4091,-1.7417, 3.0796,-0.875 , 0.6164,-1.6944]
[ 5.1349,-3.6733, 3.1115,-0.1251,-1.5139,-0.7145,-2.9653, 2.3216, 1.6321,-2.1181, 2.6736,-1.0753, 2.2877, 0.1314, 2.9622, 0.1029, 0.2046,-2.8475]
[-4.669 ,-1.1631,-3.8356, 1.4573, 0.9105, 3.0135, 2.4237,-2.8049, 0.8963, 1.4709,-0.5897, 2.5869,-1.9254,-2.2708,-2.0708,-1.6857,-0.7968, 2.8337]
[-2.1218, 5.391 , 4.6765, 2.3424, 0.4709,-0.3283, 0.5439,-2.0266,-1.3342, 1.3262,-1.7097, 1.7236, 1.1329, 2.7373, 3.051 , 0.5207,-1.4008, 2.1362]
[-5.1389, 0.7048, 4.5235, 2.4731,-0.1297, 2.7667,-1.4311,-0.6467,-1.7522, 1.308 , 3.0201,-1.3407, 1.2091,-0.4823, 1.8725,-1.9027,-1.1262,-2.6954]
[-2.8531,-5.4312, 1.0525, 1.022 , 0.9157, 2.8414, 2.944 , 1.0629, 2.3127,-2.4291,-1.4273, 2.0381, 0.8824,-0.7833,-0.1944, 0.5283,-1.0303,-2.0582]
[-4.1535, 3.4404, 4.7866, 2.9444, 2.3203,-1.1777,-1.199 ,-2.0133, 2.266 , 0.0097,-2.5558, 1.9793,-1.4409, 2.7655,-0.9005, 1.7088,-0.6879,-0.1291]
[ 1.2029,-3.7734, 1.2306,-2.1095,-1.3442,-2.8414, 0.9352, 2.9183, 0.4524, 1.0237,-3.0721, 0.7142,-0.771 ,-2.9842,-3.0422, 1.6389,-1.774 ,-0.6423]
[ 4.1247, 0.307 ,-5.3255, 2.4782,-0.8249,-0.3115,-0.6541,-0.1028,-1.7084, 0.6334,-1.886 ,-0.04  , 2.4215, 0.0148, 1.149 , 1.0725, 2.4419, 1.6163]
[ 2.9999,-1.724 , 1.4581,-0.9038, 1.5278, 0.6896,-2.3263, 2.6789,-1.8178, 2.0292,-2.0946, 2.0654, 0.1918,-0.1178,-1.0663,-0.7158, 1.0313,-2.8922]
[-1.6584,-4.6107, 2.467 ,-1.3918,-0.5404, 1.7937, 1.4238,-2.7079,-1.2223, 1.6988,-1.4715,-1.2104,-0.7929,-0.4857,-2.6044, 0.4596, 0.7751, 0.3275]
[-0.6702,-0.5483,-2.8385,-3.0455, 2.5157,-0.5968,-2.0098, 1.2089,-0.7708,-2.8793,-0.4119,-2.7481, 1.951 ,-2.0818, 1.4947, 1.019 ,-1.3292,-2.7357]
[-2.1866, 2.0989, 3.838 ,-1.9155,-0.3669,-2.9244, 2.0964,-0.0588,-3.0865, 0.3939, 1.954 ,-1.0162,-1.2272,-1.2705,-2.8485,-2.0736, 1.9674,-2.7696]
[ 5.0258,-2.8841, 4.9463, 2.4445, 1.1584,-2.0823, 0.0482, 1.1936, 1.8725, 2.7472,-1.124 ,-3.0221, 1.0243, 1.8118,-2.2184,-2.3515, 2.7369,-0.3168]
[-0.0622, 1.1567, 3.8551,-1.1876,-1.6989,-2.0018,-0.3569, 1.8258,-1.6724,-1.5579, 3.0617,-1.9094, 2.1682,-0.2712, 2.6205,-1.105 , 2.8958, 2.1283]
[-4.664 ,-5.2442, 0.8208,-1.2447,-1.0673, 1.4796, 1.5667, 2.04  , 0.6489,-1.4677, 1.7367,-2.6435,-2.7569, 0.4071,-0.9814,-0.8161, 0.5479,-0.2537]
[-4.8253,-2.4417, 4.4707,-0.5491, 2.6537, 2.5903, 2.8539, 0.8577, 1.0796,-0.7596,-2.1347,-2.6602,-3.0081, 3.0718, 0.5186, 3.0343, 0.1035,-2.4537]
[ 0.8321, 2.0916,-3.3872, 0.0717, 1.7814,-2.433 ,-1.1345, 1.3782, 2.0462,-2.0529, 0.8875, 2.5731,-1.8351,-1.2791, 1.1048, 1.9732,-2.8181, 2.4179]
[-0.5356,-0.7248,-3.7145, 2.9218, 2.6714, 2.254 , 3.0278,-0.0447,-0.23  ,-0.1522,-1.6508, 1.2033,-3.0604, 2.8374, 0.0638,-2.2186, 2.6577, 1.7523]
[-0.2968, 4.1932, 4.0767,-2.3947, 2.4374,-0.9768, 1.2784, 2.5202,-1.3759, 0.9584,-1.0498,-0.4923, 1.7748,-0.4569, 0.5358, 3.0408,-0.9687, 1.8791]
[-3.0387,-4.1784, 1.4248,-0.1006, 0.1832, 2.5894,-2.7612, 1.3172,-1.6567,-2.4839, 2.4988,-2.8467,-0.6191, 0.4027,-0.5516,-0.6098,-1.9584, 2.2915]
[-0.6139, 0.888 ,-0.6109, 2.3165,-1.9126,-2.4945, 0.3703,-1.8115, 2.3685, 1.559 , 0.1784, 2.2502,-0.1407,-0.1185, 3.0455,-2.8699,-1.0965,-2.121 ]
[-3.3948,-2.4316,-4.3325,-1.5707,-2.5308,-0.1449,-2.3225,-2.0887,-2.3636,-3.1205,-2.6651,-1.6864, 2.5845, 0.6993, 0.4114,-1.5586, 0.6568,-1.5588]
[ 0.7685,-4.5738, 2.6377,-1.811 , 2.3564,-2.4055, 1.5455, 1.5718,-0.8026, 2.889 , 2.2385, 0.951 ,-0.3836, 2.5643, 2.6379, 1.7171,-3.0056,-2.1105]
