[ 4.1023,-3.5158, 1.8647, 2.412 ,-0.6408,-3.1023,-2.0672,-2.7997, 2.3257, 2.186 ,-1.2858, 2.9145, 2.5837,-0.4923, 2.4982,-1.9954]
[ 5.4147,-0.0178, 1.8513, 1.7931, 2.1615,-2.1841,-3.0762, 2.917 ,-1.123 ,-0.06  ,-2.8004, 1.1423,-0.1412, 2.7529, 2.7821, 1.1868]
[ 2.8906, 3.9773,-2.0684,-0.3203, 0.7849,-2.9623, 1.6473, 0.9796,-0.7312, 1.8306,-2.5769,-1.4874,-2.8673, 0.8722,-1.4975,-2.0123]
[-0.1447,-4.0214, 0.631 ,-1.6998, 2.2169, 2.2358, 2.6419,-0.6411,-2.0388, 2.7416,-0.5344, 3.0437, 0.8575,-2.6423, 1.3908,-1.3553]
[-0.6728,-3.2629,-0.7685, 2.1612, 2.5248,-1.8781,-2.4166, 1.7836,-0.5077, 0.3657,-0.0674,-1.4092, 0.5943, 0.2717, 1.7252, 1.6373]
[ 3.9618, 1.0346, 0.323 , 2.6183, 0.2045,-0.3741, 0.7732, 2.5123,-0.9516,-1.6691, 2.4324,-1.5449, 1.0218, 1.5144,-0.8883,-1.5975]
[-0.1488,-0.4106,-3.3154, 2.8552,-2.0508, 3.043 ,-2.7263, 1.6063,-2.3889,-0.4277, 1.4495, 1.5173,-2.8895, 2.4408, 2.1901, 1.6497]
[-1.0473,-0.5117, 0.3202, 1.4484,-2.0883, 0.9034,-2.4082,-0.1724,-0.7038, 1.7957, 2.8617,-2.1058,-2.0321, 2.2526, 0.9538, 2.5887]
[-0.0121,-1.1618,-1.975 , 2.6739, 1.3385, 2.075 , 0.9564,-2.1925, 0.092 , 1.1645,-0.0601,-2.358 , 2.3539,-2.2262,-2.1572, 0.2297]
[-0.8868,-0.3522,-3.5813, 0.7243,-0.8612, 2.4172,-1.6082,-2.822 , 0.2989,-0.1632,-1.2535,-0.6047,-1.2019, 2.1206, 1.2836,-0.2964]
[-1.6402, 3.1478,-0.3373, 1.7336, 2.2601,-1.749 ,-2.7437,-0.3519, 0.4348,-1.4714, 2.9516, 2.7736, 2.3812,-1.2497, 1.135 ,-0.1317]
[ 1.5358,-4.2606,-0.6414, 0.4528,-2.1007,-1.1416, 2.4698,-0.6239, 0.0999,-0.5727, 0.2906,-0.6727, 2.7665, 0.5079, 1.3884,-0.7644]
[ 0.6432, 4.6228, 2.9228, 2.7729, 2.412 ,-0.2126, 2.608 ,-2.846 , 2.2421,-2.6681, 1.3427,-3.0303, 2.5341,-0.7123,-2.2288,-1.7836]
[ 0.7888, 2.5544, 0.8687,-0.4716,-1.776 , 1.7958, 1.8919,-1.6822,-2.528 ,-1.7066, 2.8462,-0.3013,-0.0639, 1.4077, 0.0597, 0.1861]
[-2.5306,-5.3524,-2.1604, 1.4738, 0.5648,-2.733 ,-0.8628,-0.4483, 1.8665, 0.577 , 2.4552, 1.483 ,-0.6128, 2.1903,-2.1651,-2.7234]
[-2.1111,-0.8154, 1.5665,-1.9767,-2.8103,-2.1137, 1.5562, 1.8967, 0.579 , 1.4589, 1.1503, 2.335 ,-0.1288, 1.5001, 1.1417,-0.0698]
[-3.3845, 3.6853, 2.3463,-0.4336,-1.6269,-2.5478, 3.0707,-2.9083, 2.6731,-0.6778, 2.9315, 2.3881, 1.0743,-0.7729, 0.9254,-2.4584]
[-0.6818,-0.67  ,-3.9855, 0.8881,-0.7595, 1.2855, 2.2782, 1.023 , 1.517 ,-1.4696, 1.8152, 2.2622, 1.3696,-0.3333,-0.2533, 0.9046]
[ 1.4946,-3.5714, 0.4902, 1.6732,-2.4979, 0.8291, 3.1135,-2.3699, 0.0291,-1.5844,-2.1153,-0.7045,-1.3892, 2.0979,-2.0763,-1.1071]
[ 2.0926,-3.5356,-3.9148,-3.0011,-0.1651,-1.0954,-0.6897, 2.798 ,-1.8784,-1.2126,-2.702 ,-0.3741, 2.586 ,-1.685 , 2.8931, 0.8142]
[-5.1412,-3.5571, 1.7592, 1.9054, 0.3566, 1.7509,-1.7639,-2.3347,-1.0884,-1.2112, 0.8977,-1.2051, 2.0083,-0.585 , 0.2736,-2.9954]
[-0.5502, 3.9908,-4.5787, 0.5671,-2.7775, 0.925 ,-1.5653, 0.1222,-1.8339,-1.5127, 0.107 , 1.4611, 0.1457,-2.5818,-0.245 ,-3.0652]
[ 1.755 ,-2.6327, 1.7399,-0.0384,-1.8416,-0.9743, 0.8973, 0.5911, 2.7509, 3.1006,-0.872 , 2.6697,-2.9411, 2.244 , 0.2908, 2.0092]
[-0.2662, 3.6028, 2.8353,-0.6296,-2.6813, 1.8788,-2.3421, 2.0165, 1.3444,-0.3816,-0.6981,-1.6908, 0.0217,-0.0047, 2.8116, 2.5015]
[ 3.9113,-4.5644, 4.0128, 1.1184,-1.8339,-1.9477, 1.4684, 0.8883, 1.5004,-1.1481, 2.9418,-1.2905, 0.2047, 2.277 ,-0.2239, 0.99  ]
[ 1.3643, 1.3783,-4.6566, 1.7313, 0.2396, 2.9349,-2.2791,-0.3324,-0.5932,-0.5164,-1.0203, 2.4055, 2.7216, 1.8708,-0.6528, 0.181 ]
[ 0.0294,-3.2609, 0.7944, 0.55  ,-0.1092,-2.3048,-1.5437, 1.9161, 1.1493, 2.7162, 1.5748, 2.5072, 1.3582,-1.3826, 1.1662,-1.2589]
[ 5.3562,-1.3696,-4.9627, 2.883 , 2.9001, 0.5165,-1.8226,-0.3007,-0.3198, 0.7618, 1.5175, 2.265 ,-0.9508,-1.16  , 2.9851, 0.9058]
[-4.7402, 2.5445,-2.3622,-0.4357,-2.4914, 1.0088, 0.6092, 2.3397, 2.2867,-1.4587, 3.104 ,-0.8335,-1.9245, 2.8052,-1.0116, 2.9199]
[-0.57  ,-2.0427, 2.3263, 2.9847,-2.6057, 2.0035,-3.1086, 1.6796,-2.1965,-1.3996,-1.1963, 3.0905,-0.7269,-1.8524,-2.4667,-2.6517]
[-3.5029,-4.0382, 0.276 , 2.0122, 0.52  ,-1.7376,-2.1273,-1.8551, 1.5091,-2.4075,-1.9814,-0.4955,-0.3328, 1.0567,-1.6252,-1.8498]
[ 4.3833, 5.1141, 1.3759, 0.6404,-0.8713,-0.2916, 1.4235, 0.3632, 0.5073, 1.984 , 0.6964,-0.0104, 0.7986,-2.5571,-2.6947, 2.7259]
[ 1.3075, 0.3232,-2.1318, 0.0053,-2.1215, 2.325 ,-0.4927,-0.8897, 1.6591, 0.5365,-3.0724,-0.3731, 2.1723,-2.4389,-0.5568,-0.0949]
[ 4.6367, 1.5861,-1.5293,-0.7691,-2.5201, 2.5373, 2.2033, 1.6848,-1.5928,-0.4052,-2.252 ,-3.0044, 2.0897, 2.9435, 0.572 , 0.5258]
[ 5.2783,-5.3248,-4.9282,-0.8861, 0.5702, 0.2193,-2.0494, 1.2655,-2.4987,-2.6283, 2.7637, 2.1933, 0.9914, 1.2042, 1.8206, 2.0303]
[-4.9848,-2.0205, 5.2161,-1.4146, 2.1837,-2.6733,-1.8339, 1.8976, 1.5462, 1.6137, 1.6451, 0.9645,-0.2471,-3.047 ,-0.4888,-1.7002]
[ 5.3314, 4.5425,-2.7045,-0.3246, 0.483 , 2.8271,-1.0582,-0.0132, 1.3797,-0.5959,-0.3348, 3.0897,-1.2059,-2.6138,-1.3509, 2.9022]
[ 3.9338,-3.116 , 1.9585,-1.4716, 2.1161, 1.1238,-2.5064, 1.6787,-0.0838,-2.3582,-2.9601,-2.5073, 2.9482, 2.283 , 1.9268, 1.4373]
[ 4.1751,-2.1314,-1.2851, 0.8684,-2.6416,-0.93  , 1.5355,-0.8999,-0.0514, 2.787 , 0.3994, 0.6368,-2.2441,-2.9055,-2.6761,-1.1409]
[ 0.2814, 2.5298, 0.1443,-0.3961, 2.9101, 1.3464,-2.4798,-0.9289, 2.0279, 1.0971,-2.5979, 1.1793,-0.1407,-2.7634, 2.7732, 1.2917]
[-3.6392, 3.8372,-2.6109, 2.7028,-0.8872, 2.1472, 2.6141,-0.1005, 2.7675,-1.5467, 2.7823, 2.5116,-0.4433,-0.0603, 1.9187,-0.6821]
[ 4.9147,-0.3783,-3.8251,-1.0589,-1.386 ,-2.5865, 2.4886, 2.0831, 1.5085,-1.6014, 2.8196, 0.0544, 0.5722,-0.7232,-0.0474,-1.3635]
[ 8.8225e-01,-5.2190e+00, 3.6645e-02, 1.8702e+00, 2.3876e+00,-2.1708e+00,-1.8470e+00,-1.2012e+00, 1.2686e+00,-1.2597e+00, 5.2070e-01, 2.7619e+00, 2.2529e+00,-2.8464e+00,-2.0875e-03,-4.1395e-02]
[-2.5686, 4.0391,-1.5938, 2.6434,-0.9963,-0.6318,-0.7417, 1.8008, 0.4116,-1.7192, 0.4156,-1.5841,-2.7431, 0.3982,-2.2656, 2.4213]
[ 5.0832,-5.1606,-1.2333, 1.1582, 2.2037, 2.7809, 1.8677, 2.9007,-3.0624,-1.1965, 2.8721,-0.0355, 1.5803,-3.0867,-1.9458,-2.9154]
[ 3.4099,-5.0552, 2.0326,-0.1464, 0.87  ,-1.0855,-1.9222,-2.836 , 2.5975,-1.3024,-0.8256, 1.0941,-1.2346, 1.5244, 1.8397, 1.3744]
[-1.5548,-4.5505,-4.0046,-2.9125, 1.1179, 1.0617,-1.7129,-2.644 , 1.3595,-2.5377,-1.9618,-2.7204,-3.0018, 0.394 ,-1.8812,-1.2304]
[-3.6691, 0.2647, 0.583 ,-1.731 , 2.6586,-0.5372, 0.9231, 2.7453,-0.4588,-2.6591,-2.5707, 1.4622,-2.7459,-0.9969,-2.2042, 1.3365]
[-3.6522,-3.2714,-1.8623, 1.6662,-0.2655, 1.6968,-0.4011,-2.955 , 2.2752, 2.2657, 0.7997,-0.6674,-0.214 ,-1.7529,-0.7094,-1.3096]
[ 5.1889,-0.7211, 2.6339,-2.3518,-1.0204, 1.9958,-1.7848, 2.9964, 2.6701,-1.1394,-2.2068, 2.3917, 0.0629,-0.1005,-2.2004, 1.1204]
[ 5.3939, 3.1285,-4.6225,-2.6304, 1.2765,-0.5734,-1.4671, 1.5702, 0.583 , 2.2144, 2.4777,-0.9172, 0.3257, 1.101 , 2.2996,-2.0263]
[ 5.2872,-0.3124, 5.4928,-0.7295,-0.9676, 1.0433,-0.6337,-0.0912,-0.2802,-0.486 ,-1.8646, 2.2217,-2.4669,-2.0735, 1.61  , 0.2287]
[-2.5919,-5.1946, 3.5898, 2.8921,-0.9045,-1.7482,-0.7707,-2.1012,-2.14  ,-0.2336,-2.4191,-2.8477, 0.2128, 2.6562,-1.0606,-0.2337]
[-0.2225, 5.0678,-3.4993, 2.5647, 1.2943,-2.8834, 0.7584, 1.4175, 0.3297, 0.4016,-2.6713, 0.7012,-0.9341,-2.3831,-1.5927,-2.1879]
[-5.3371,-5.3113,-2.6481, 0.2031,-2.4923,-0.4122,-2.0864,-2.5919,-1.552 , 0.2882, 0.9893,-2.539 ,-0.1297,-2.0712, 2.7331, 1.2762]
[-3.3894, 0.3175,-1.9692,-3.1306, 2.9038,-1.3114, 1.6676,-0.2588,-1.2245,-1.4638,-2.0904,-0.7181,-0.5348,-1.1049, 1.9868, 2.442 ]
[-4.2261, 0.5005, 5.0303, 1.2382,-2.9198,-1.8134,-0.2247,-1.3281, 3.0888,-0.8729, 0.8609,-2.3558,-1.4963,-0.2297, 3.0313,-1.4747]
[-0.9572,-5.0097, 0.936 , 0.9781,-2.7957, 0.1984, 2.4922,-0.0649,-2.2155, 1.4085, 1.7671, 2.8357, 0.1228, 0.4907,-1.5868,-2.95  ]
[-1.5161,-4.3509, 2.8266,-2.8311, 2.8513,-2.8311, 0.4013,-2.4552, 2.6623,-0.188 ,-0.4534,-0.2572,-2.0495,-1.2324,-2.4431,-3.0086]
[-3.9044e+00,-1.9704e+00, 1.6814e+00,-1.0644e+00,-1.9425e-01, 1.0480e+00, 8.3861e-01, 4.2572e-01,-9.9534e-04, 2.6365e+00,-2.1957e-01, 1.5962e+00,-8.8375e-01,-1.9739e+00, 4.2121e-01,-1.1174e+00]
[-4.5921, 0.709 , 0.1103, 1.009 ,-0.7632,-2.9098, 0.3799, 0.1354,-1.7074,-1.3596,-1.2691,-1.4296,-0.948 , 0.3789, 0.6041,-1.2703]
[-2.9922,-4.2326, 1.5192,-1.6657, 1.6417, 1.6801, 0.2136,-1.6935, 1.0811, 1.4521,-0.7934,-3.1018,-2.1574, 1.995 , 0.8898,-1.2218]
[-0.2097,-1.5833,-5.0285,-2.9952, 2.7637, 1.6276,-2.5552, 3.1154, 1.3614,-2.105 , 1.7963,-1.3238,-2.53  , 1.3165, 1.3521, 0.4115]
[-1.11  , 4.2573, 1.5754,-1.1823, 2.7567, 1.5427, 0.1041, 2.0909,-1.1053,-2.8922,-2.9003, 2.3019, 2.2918,-2.3997, 2.6955,-1.8077]
[ 4.807 , 3.7366,-1.876 ,-1.1641,-1.5712,-1.3873,-0.3677, 0.8343, 2.94  , 2.7216, 0.9569, 3.0961, 0.5439, 1.1646, 2.0456, 0.3387]
[-3.252 ,-1.4559, 4.2292, 0.2319, 1.1363,-2.5856,-0.089 ,-1.4887, 0.662 , 2.7899,-0.6379, 2.1417, 2.1738, 1.3699, 1.5346,-0.3782]
[ 2.9722, 1.0301,-2.7862,-0.648 ,-0.372 ,-0.1828,-1.3605,-1.5806, 2.159 , 2.0344,-1.7626, 1.5857,-0.7582,-1.6912, 0.834 ,-0.1807]
[-4.3022,-5.0061, 4.1019, 0.8939,-2.074 ,-3.0596,-1.9855, 2.4346,-2.4298,-2.3467, 0.5703,-0.805 , 0.8843,-2.4278, 0.4169, 0.4565]
[-0.484 ,-0.2507,-2.452 , 2.3036,-1.0092, 1.8788,-1.523 ,-1.2197,-1.8527, 2.8394,-0.6609,-1.0707, 2.7726, 0.6668, 1.2544,-0.5233]
[-3.5158,-5.4194,-3.3474,-0.7035, 0.5926,-3.0447, 2.5227, 2.6593,-1.3259,-2.6013,-1.6366, 2.1553,-2.6287,-2.0763,-0.2484, 1.8998]
[-5.321 ,-3.2048, 3.7195,-0.8124, 1.2059, 2.7772,-1.1112, 0.1157, 2.274 , 0.8401,-1.4879,-1.9683, 2.7066,-0.174 ,-2.6296,-0.013 ]
[ 1.4255,-0.7086,-2.0904, 2.8922, 3.0868, 0.2129, 1.4178, 0.6929,-1.2409, 1.3502,-1.2909,-2.0698,-1.3213,-2.4002,-0.0909,-2.4353]
[ 0.3956, 4.1692, 5.4847,-0.9308,-0.6395, 1.3698,-2.0519,-0.6201, 0.9276, 1.9079,-1.9288, 1.5636, 2.2339, 0.4565,-0.9901, 2.0461]
[ 3.5004e+00,-5.4553e+00, 5.0816e+00, 2.4220e+00,-2.6911e-01,-1.8440e+00, 5.1065e-03, 2.8762e+00, 8.7794e-01,-1.8350e+00, 1.8878e+00, 2.3086e-01,-6.7774e-01, 9.8765e-01, 1.9675e+00, 1.2839e+00]
[-4.3903,-1.9674,-3.8792,-0.8718, 1.4314, 1.9356,-1.5212, 2.153 , 2.8354,-0.7716, 0.4465,-2.0689, 2.6564, 2.9094,-2.9893,-1.9581]
[ 3.6445, 5.1751, 1.4712, 1.9017,-2.1828,-1.5378, 2.8013,-2.7846,-1.0051, 2.9359,-1.8858, 1.6258, 2.1599, 0.1868, 1.5125, 1.6663]
[-2.1474, 1.281 ,-4.9494, 1.8314,-0.343 , 0.1855, 1.183 ,-0.0586,-1.5627, 1.0541,-2.5032, 1.38  , 0.0442, 1.7585, 0.4713, 0.7475]
[ 4.6941,-2.3319,-1.2269,-1.5421,-0.9684,-2.1726, 1.8306, 0.1116, 1.2234,-1.1211, 1.8147, 2.0803,-3.056 , 2.9247, 0.5   , 1.0803]
[-0.9806, 5.1615, 2.7617,-1.9996,-3.0061, 0.1285,-2.1465,-1.2531,-0.0841, 2.6713, 0.0868,-2.4049,-0.3074,-0.1321,-2.4865, 1.875 ]
[-2.9886,-1.827 , 5.3219,-0.7495, 2.3057,-2.923 ,-0.932 ,-0.0563,-2.22  , 2.4912, 2.3604,-0.9471,-1.1833,-1.3206, 2.8285,-0.3347]
[ 2.565 , 0.4544, 1.1764, 0.3967, 1.5281,-0.8407, 2.5631, 0.1543,-0.1474,-1.7389, 2.9996,-1.4761, 0.466 , 3.1037,-1.7896,-2.4726]
[-2.2847,-1.9189,-0.4376,-3.1008,-2.2595, 1.2209, 2.8633,-3.0597, 2.1062,-2.6629,-0.2231, 2.1885,-0.4204,-2.6626, 1.1145, 0.4028]
[-1.5171, 5.0413, 5.0176,-2.4173, 2.6892, 1.6277, 0.208 , 1.5338, 0.3514,-1.0779, 0.6963,-2.5849,-0.7143, 2.5672, 0.0958,-1.4627]
[-3.0236, 4.406 ,-3.7714,-2.4195,-1.6925,-2.2094, 0.8175,-1.8687, 1.2454,-2.4079,-2.7318,-2.6711,-3.0673, 1.4859,-1.8782,-0.324 ]
[-2.1528, 3.7538,-4.9007,-3.0719, 2.1022,-1.8305,-1.3002,-0.0755,-1.728 , 0.6076,-0.4279,-0.7304, 2.8902,-0.754 ,-0.5065,-2.9049]
[-4.7267, 3.0138, 5.2135,-1.8684, 0.6862,-0.6414, 1.1024, 0.3932, 0.998 ,-2.9068,-2.1897,-1.3075, 0.7897, 1.0331,-2.5718,-2.0507]
[ 4.1580e+00, 3.0928e+00, 4.3904e+00,-2.4384e+00, 3.0110e+00, 7.1421e-04,-2.2098e+00,-7.7857e-01, 8.5925e-01,-1.5228e+00,-1.6354e+00,-6.8361e-01,-3.1137e+00, 3.3056e-02, 2.7753e+00,-2.0847e-01]
[-4.6232, 5.1142, 0.4214,-0.5351, 3.0366,-0.8885, 1.9789,-2.9392, 2.3739,-0.1941, 0.7584,-2.1585, 0.565 ,-0.3059, 0.1643, 1.0339]
[-1.6747,-1.3898, 4.951 , 0.0653, 2.5986,-0.7541, 0.986 ,-0.8944,-0.1814, 1.6622,-1.5644,-2.5321,-0.2184,-0.6309,-0.2161,-0.0844]
[ 3.4705,-1.5773,-4.4916,-1.1132, 0.9438, 2.1039,-0.6631, 1.7516, 0.3563,-1.8817, 0.3296, 2.5198,-0.5193, 0.1852,-1.0144,-1.5781]
[-2.5439, 1.1558,-1.5404, 2.4297, 0.8017, 2.4781, 3.1327, 2.3331, 2.2833, 1.2098, 2.2515,-2.9917,-0.8795,-0.425 ,-2.356 , 2.9211]
[ 0.9746,-0.4963, 0.5103, 1.4756,-0.2179,-2.3245, 0.2438, 1.5462, 2.0189, 0.5505,-2.4311,-1.4096, 0.9207, 1.7236,-2.6212, 0.9402]
[ 2.709 , 4.4212, 3.3449,-2.7832,-2.4243, 1.4041,-2.4738,-0.1475,-0.2834, 2.4933,-0.1332, 2.0076, 1.1349, 3.1023,-1.5276,-2.0482]
[ 0.1186,-3.8759,-3.2509, 1.7192,-1.0857,-1.5757,-2.6331, 2.681 , 2.6758, 0.5041, 0.5775,-0.1245, 1.8617,-2.1107,-1.1135, 1.9008]
[-3.4922, 5.1076,-5.2698, 0.5822,-1.6848, 2.9613, 2.6848, 1.4881,-0.3487, 2.9426, 2.1998, 1.4645, 1.8288, 1.5147,-1.2162,-2.5022]
[ 0.2539,-0.354 ,-3.7018,-1.895 ,-0.7568, 0.4886,-1.7502,-1.1375, 2.4078,-0.6848, 0.4278,-0.7908, 0.8216,-1.0993, 0.1554,-1.5858]
[-0.7212,-2.6646,-3.0002, 1.3729, 1.0527,-2.333 , 2.3519, 0.5512,-2.1481, 2.8911, 0.753 ,-1.6414, 1.5762,-2.0735, 0.6767, 0.9834]
[ 0.568 , 0.0985,-1.9538,-0.625 ,-0.8422,-1.261 , 2.1981, 3.1282, 0.266 , 1.1992, 1.6908, 0.8144,-1.2998, 2.2557,-1.4317,-0.7684]
[-3.8803,-0.7044, 2.3387, 1.0974,-0.1991,-0.9917, 0.0239, 3.081 ,-2.5148, 2.9969,-2.0146,-2.3465,-1.2765,-0.1423,-0.3204,-0.7472]
[ 4.0759,-3.9455,-2.2847, 2.1841,-0.9961,-0.8012,-1.9842, 1.8637, 0.9572,-1.8208,-2.8626, 2.0729,-1.8854, 0.3054, 0.3434, 2.4785]
