[-2.0422,-3.7788,-5.2406,-2.1019,-2.7409, 2.6839, 0.7096, 2.7686, 2.4937,-0.9263, 1.9455,-2.9691, 0.7029,-0.582 ,-2.2856,-0.705 ,-0.028 , 0.8727, 0.2223,-1.2165,-1.6318]
[ 1.3681, 3.0664,-3.7235, 2.0572, 0.1601,-0.324 ,-2.31  , 1.9771,-1.3197,-2.5136, 1.8655,-1.9483, 2.213 , 1.7596,-0.525 ,-1.7828, 2.708 ,-1.8121,-0.3008, 2.2502,-2.779 ]
[-1.9893,-3.0907,-4.3917, 0.8043,-0.7581,-2.7065,-1.8654, 0.102 ,-0.7976, 1.4628, 1.3607, 2.9853,-2.5646,-1.9424, 1.4342, 0.745 , 2.6938, 1.9634,-0.7059,-1.193 , 1.5304]
[-4.6497, 0.4018,-3.2073, 1.2696, 0.9816, 2.8821, 1.6601,-0.2412,-0.17  ,-1.4651, 2.3638,-2.2131,-1.7294,-2.5089, 0.4496, 2.0389, 0.6185,-2.7262,-2.8531, 0.3875,-1.7662]
[ 1.971 ,-1.5214,-2.0582,-0.9785,-0.2005, 0.5877,-0.668 ,-2.9928, 2.0934,-0.7406, 2.3233,-1.2046, 0.9393,-0.6318,-2.7286, 2.9443, 0.5841, 1.4991, 1.6759,-0.6555, 1.0753]
[ 3.4917,-3.2667, 5.1063,-2.9539, 0.8634,-1.5605, 1.1681, 0.1268, 2.4078,-1.9857, 1.6835, 2.3812,-0.1478,-1.5442,-1.2997,-1.449 , 1.2457, 1.5072, 0.0459,-2.3581, 1.9914]
[-1.749 ,-3.3608,-3.7165, 1.9768, 3.04  , 1.4954, 2.1413, 0.7059,-1.8743,-0.1615,-0.8311, 2.6507, 2.0754,-0.2853,-1.3988, 2.9202,-0.5394,-2.0824, 2.1064,-0.5975,-0.282 ]
[-1.8977,-1.1928, 3.6116,-1.483 ,-1.8735, 1.0585,-1.3989,-1.6101, 2.4869, 2.8529,-1.9562, 1.4358, 2.1656,-2.0828, 0.4346, 2.7284, 0.7561, 3.0082, 3.074 ,-2.3004,-1.0811]
[ 2.8725, 1.6711, 1.5713, 0.7488,-2.0589,-1.419 , 1.6231,-1.7618,-0.6762,-2.5332,-0.8632,-1.5961,-0.9473,-0.7138, 2.7061, 1.0922, 3.1001, 2.4027,-1.7557, 2.5521, 2.6432]
[ 3.665 , 2.1142, 4.4793,-1.579 ,-1.2546,-1.3342, 2.6654,-2.0632,-0.2436,-2.4217,-0.6708, 2.3902, 1.2006,-1.527 , 0.3529,-1.8642,-2.0862, 2.0197, 2.9974,-0.6668, 1.3729]
[-1.2417,-0.4688, 3.8518, 2.7854, 1.1132,-2.8173, 1.2317,-0.1622,-1.7435, 0.7589,-2.2624, 1.3477,-0.5564,-0.718 ,-1.0744,-0.1359, 2.2728,-2.4049, 0.3435, 0.9023,-0.1653]
[-4.3741e+00, 2.8566e+00, 5.1470e+00, 7.6035e-01,-2.8795e+00, 2.1034e+00,-6.7702e-01,-5.2404e-04, 4.2974e-01,-2.3015e+00,-2.1211e+00, 4.4393e-01,-1.4468e+00,-1.3636e+00,-1.7236e-01, 1.7101e+00,-1.1629e+00,-2.2376e+00, 2.9373e+00, 2.6957e+00, 1.9087e+00]
[-4.3507,-0.5679,-4.0425,-1.6756, 0.5302,-1.8417, 0.3344,-2.6173,-1.6766, 0.9129,-3.1037,-1.6367, 1.1564, 2.096 , 1.1736,-1.3813, 2.2823, 0.0588,-1.9255, 0.2735,-2.8816]
[-4.7316, 4.0873, 5.0226, 1.3012, 2.9988, 0.8287,-2.3844, 0.1948,-3.1335,-1.0464, 1.614 , 0.9534, 0.9795, 2.4175, 0.9554, 2.6287, 0.5048,-3.0179,-1.6663, 0.1775, 1.5991]
[ 4.9357, 5.0058, 1.8066, 1.3904,-2.787 , 1.1016,-0.9766,-0.5331, 0.981 , 2.1308,-1.9723, 0.238 , 2.0381,-1.1541, 0.7068, 2.9199, 2.5469,-2.5835,-2.0685, 3.0951, 2.1302]
[-0.2834, 2.3114, 4.3357,-0.5619, 2.9632, 2.9716, 1.7176, 0.3961,-0.1915, 1.384 , 2.4957,-1.5872, 1.1575,-1.0956, 0.7026, 2.5038, 0.1199, 2.3788,-0.0719, 2.1522, 1.8314]
[-0.5887, 4.0677,-4.9828,-0.3545,-3.1186, 1.9544, 1.5539,-1.3559, 2.5318, 1.7114,-2.6886,-1.3173, 1.4607, 0.0507,-2.2007, 2.2813,-1.3905, 1.4281, 1.781 , 3.0094,-1.0495]
[-3.2329,-0.4575,-2.1284, 1.2207, 1.9982, 0.411 ,-0.1955,-0.9409,-2.1883,-3.109 ,-2.1188,-2.3172, 1.7545,-2.0044,-1.0926, 3.1012, 3.0152,-2.3283,-1.2416,-2.8464, 0.6354]
[-1.1507, 3.3214,-2.5015, 1.384 , 2.0565,-0.3039,-2.5302,-1.0423,-1.8912, 1.4662,-1.1615, 2.9913,-2.7391,-2.3005,-0.5147,-2.1013,-2.3902, 1.5188,-2.4523,-2.6532, 2.3194]
[-1.0559, 5.1334, 1.5055,-2.6947, 1.4499,-0.6097,-2.3072, 2.734 , 0.2489, 1.8273, 3.0934, 1.6891, 1.6724, 0.7608,-1.5978, 2.185 ,-1.5297,-1.9422,-0.3758, 0.873 , 3.0006]
[-3.0009,-5.0397,-1.8286,-2.096 ,-1.6829, 0.2642,-1.4778,-2.614 , 1.7713,-0.9078,-2.7191,-2.3377,-1.0031,-2.0454, 2.7588, 1.0675,-0.0389, 0.8339, 0.5024,-2.8985, 1.5381]
[ 5.3324, 2.2203,-5.3078, 2.0133, 1.4155, 1.4859,-1.3455,-2.7289, 1.2155, 2.2585,-2.4795, 1.2675, 1.4916, 1.5231,-2.0651, 2.6082, 1.7085,-1.6357, 2.7414,-1.579 , 3.0021]
[-0.1608, 2.947 ,-1.0189, 1.7998,-2.2886,-0.9727, 2.0236,-3.1312,-2.7485,-1.3867, 1.1883, 2.6134, 1.9747,-2.1518, 1.2908,-1.4671,-0.2818,-0.3375, 3.0744, 3.0067,-1.5475]
[ 2.1082,-1.6417, 1.1883, 1.1983, 2.1396,-2.3722,-0.3584, 1.3687, 2.3812,-2.3836, 1.6695, 0.7165,-0.9539,-1.6812,-1.06  , 0.2106, 1.9827,-2.1319, 1.6743, 2.3392,-2.6836]
[ 0.1346,-4.9393,-4.4908, 1.2979, 2.4638, 0.218 ,-1.2563,-0.8777,-0.1245,-0.3758, 2.0348,-1.6665,-1.0154, 2.1518, 0.72  , 1.8965, 0.9699,-0.1276, 2.6279, 2.2848,-1.9448]
[ 2.6273,-4.8534,-4.568 , 0.3653, 1.1224, 1.6695,-0.4465,-2.8112,-2.2656, 0.7491,-0.5402, 3.0827, 2.3637,-1.961 , 0.8254,-1.5386,-1.8295, 1.5858,-2.7691, 2.1379,-0.2118]
[ 2.1796,-1.9718, 3.0218,-2.8228,-2.7809, 2.3466, 0.4543, 2.2305, 0.7877,-3.109 ,-2.1292, 2.9689,-2.8859,-2.5438,-1.23  ,-2.0908,-1.9989,-1.7071,-0.891 , 2.6467, 1.3937]
[-1.7386,-0.0678,-4.7093, 2.1543,-0.6144, 1.569 ,-2.452 , 0.856 ,-2.6244,-0.9196,-0.2765, 0.9006,-1.2636, 2.8755, 2.2426, 2.143 ,-0.2853, 2.6411, 1.3396, 2.8029,-1.1601]
[ 1.5331,-0.0838, 1.562 ,-1.4382, 0.2193,-2.5478, 1.2338, 0.5358, 1.0953,-0.265 , 1.7259, 2.9542, 1.6702,-3.1226,-2.5101, 1.2096,-1.9932,-2.19  ,-0.0866,-2.7457, 0.3949]
[-1.5703e+00, 2.0455e+00, 2.9522e+00, 1.0562e+00, 4.7111e-01, 4.5046e-04,-2.5106e+00, 3.1338e+00, 3.6761e-03, 7.5629e-01,-1.2888e+00,-1.7702e+00,-1.0774e+00, 2.3031e+00,-8.2297e-01, 1.3963e+00,-5.8472e-01, 1.0045e+00,-9.9242e-01, 1.7295e+00, 2.4112e+00]
[-2.5104,-2.9467,-5.1483, 0.2127,-2.7546, 1.481 ,-2.0157,-2.3068, 1.8287,-1.7949,-2.9395,-1.7506, 0.7424,-2.2731,-1.1205,-1.6075,-2.5042,-1.2596,-0.0432,-1.2028, 2.435 ]
[ 3.3488, 2.0376,-5.4979, 1.3783,-1.0326, 2.3833,-2.6232,-1.4605, 0.5083, 1.9983, 2.2252,-3.0343,-1.5287,-0.106 , 1.4339, 0.034 , 2.2404,-2.1786,-1.3745,-1.396 ,-0.8432]
[ 2.1478,-4.9883, 0.7111, 0.0586,-1.9877,-2.3589,-2.2622,-3.0106,-0.7436, 1.6599, 1.9042,-0.6312,-2.7538, 1.8662, 0.6519, 0.4872,-0.1836,-1.0142,-0.976 ,-2.8841, 1.1687]
[ 1.9767, 2.005 , 0.1533, 0.9172,-2.1196,-2.764 , 1.3387, 0.5076,-3.0381, 2.1363, 0.0704, 0.7499,-2.6497,-1.0822, 1.1277, 3.0995,-2.4256, 2.3959, 0.1602,-0.2672, 2.2147]
[-2.4805, 4.841 , 3.7465,-2.7556,-0.3216,-0.1695,-0.3353, 0.2508, 2.2328, 3.1241, 1.345 , 0.538 , 2.3107,-0.571 , 2.2958, 1.8058,-1.1361,-0.477 , 2.0747,-2.1498,-2.161 ]
[-2.7886,-4.884 , 0.2885, 2.4918, 1.5833,-2.3596,-3.0648, 1.9793,-1.0059, 2.563 , 2.454 ,-0.255 , 0.7393,-0.1746,-1.2715,-2.8621,-0.2152,-2.1498,-1.6605,-2.9782,-1.0682]
[ 1.0521, 3.3   , 1.3372, 2.9341,-0.9244,-0.8836, 1.4696,-2.6559,-1.1087,-2.1142,-1.9006, 1.4977, 0.034 , 1.1565,-0.0092, 2.3251, 1.6993, 1.9035, 0.4116, 2.1804,-1.1776]
[ 2.3505, 0.0785, 5.0478,-0.6771, 2.489 , 1.2594,-2.2881, 1.5266, 0.4608, 2.7106,-1.1689, 0.1925,-1.228 ,-0.3889,-2.3932, 0.9012,-1.1534,-1.0736, 2.3874,-1.7196,-2.6434]
[-5.3688e+00, 1.4045e+00, 8.1848e-01, 1.1011e+00,-2.3148e+00, 5.3651e-03, 1.0220e-01,-6.7157e-01, 2.1261e+00, 8.7320e-01, 2.5277e+00,-1.2063e+00, 3.6664e-01,-2.9230e+00, 2.1277e+00,-1.5549e+00, 1.3580e-01,-1.1178e+00, 1.2845e+00,-1.7895e+00, 6.3860e-02]
[-1.8344, 0.3166,-3.8176,-1.9052, 1.8803,-0.7444,-1.5475, 1.7059, 2.6122,-0.774 , 1.1281,-1.3871, 0.7045, 2.9978,-0.2898, 1.7956, 2.1534, 1.9342, 2.9736,-1.1138,-2.6898]
[-1.315 ,-0.5484, 0.6704,-3.034 , 3.0354,-0.9565,-1.1145, 2.0157,-0.2268,-2.8516,-0.5099, 1.4058,-0.7442, 3.0618,-1.5535,-0.9828, 0.0982,-0.2616, 0.4281,-2.2314,-1.1259]
[-4.82  , 2.6517,-3.8952, 0.0488, 2.4204, 1.365 , 0.1635,-0.403 ,-1.2337,-2.3426,-1.0573,-0.1146,-0.4589, 1.0651,-1.0079,-0.2518, 1.3952,-2.9027,-2.7463, 1.1612,-0.6046]
[-4.6997,-5.3703, 1.0679, 0.5514,-2.2789, 1.9991,-2.1412,-2.4987, 2.3585, 1.8602,-2.7547,-0.1796,-2.8642,-2.2121, 2.9202, 1.3314, 0.1426, 0.2168,-1.3599,-2.8619,-1.487 ]
[ 2.873 ,-2.4232,-4.5547,-2.5175, 0.2104, 0.1965, 1.2571, 1.7924, 0.0659,-0.7838,-2.683 ,-1.419 ,-1.2424,-2.9815,-3.1087,-2.0021,-1.152 , 1.2589,-1.4339, 0.2694, 0.7488]
[-0.8755, 1.6555,-0.4981, 2.4623, 2.776 , 2.7016,-2.2098, 0.0823,-2.8063,-0.2126, 2.9303, 0.581 , 0.4519,-0.3747, 0.4476, 1.6266,-3.1203,-1.2885, 1.1573,-2.7771, 0.4334]
[-4.8878, 5.1268,-4.537 ,-2.1559,-1.9873, 1.8272, 2.4006, 1.082 , 1.1403, 0.7299, 3.0025, 2.2342, 2.9108, 2.4704, 2.4684, 0.0209, 3.1059, 0.2131, 2.075 , 2.3539,-2.8057]
[-2.6992, 0.3602,-3.7858, 1.6851,-1.9649, 1.6335, 2.7979, 0.8044, 2.3097,-2.3299,-1.9555, 0.9599, 1.46  ,-2.3238,-1.3398, 0.6208, 1.9841, 1.1143, 0.9621,-2.9728,-0.1401]
[-1.64  ,-4.2015, 5.415 ,-1.7738, 1.4141, 2.567 ,-1.892 ,-0.8368, 1.7867, 0.9387,-0.0158,-2.5317, 1.8077, 1.0893,-1.4884, 0.0506, 1.8028, 1.0516, 0.6139, 1.806 ,-2.3377]
[ 2.1236, 3.4762, 2.5214,-1.4776, 2.8377, 0.5312, 2.2622,-0.1731,-0.1747, 0.4268,-2.794 ,-1.074 , 0.8876, 0.575 ,-1.6745, 1.3905, 0.8834,-0.0503,-1.6063,-1.5378, 2.076 ]
[ 1.9788,-2.265 , 0.8994, 0.1869,-0.5077,-0.122 , 2.6705, 3.0417, 0.5381,-0.3041, 0.9266, 1.8504,-0.9412, 2.8203,-1.043 , 1.4366,-1.7382, 1.0683,-0.1058,-2.4804,-1.4963]
[-2.108 ,-5.2138,-4.9495, 0.5347,-1.6875, 0.1679, 1.8071, 2.6126, 2.9013, 1.8551, 0.3887,-1.9373,-1.1242, 0.1209, 2.1866,-0.7985,-0.6286, 2.4424, 0.1422, 2.1258,-2.5105]
[ 3.126 , 2.409 , 0.3945,-3.0949, 1.2728, 2.3776, 1.199 , 0.8808, 0.6415,-0.844 ,-1.9078, 0.6091,-2.3164, 2.0163, 1.5872, 1.8295, 0.5785,-0.0288, 2.4105,-0.7311,-0.9075]
[-4.4041, 2.3298,-2.8745,-0.7179,-1.8596, 0.5407,-0.1187, 0.1369, 0.6111, 1.6328,-2.0764,-2.8179,-1.2787,-1.4998,-1.6112,-0.1041,-1.023 ,-0.5578, 0.7053, 0.7049,-1.3508]
[-2.3074, 1.3821,-2.4303, 1.2673, 0.7277, 2.7611,-2.121 ,-1.5065, 0.0356, 2.2282,-2.0619,-2.3885, 0.1608,-0.6008,-1.6242, 1.4091, 0.0965,-2.9148, 2.4886, 2.3645,-3.1272]
[-2.4324, 0.3949,-2.4636,-2.2747, 0.1368, 0.2553, 2.0808,-1.0917, 0.1002,-2.6606,-3.0088, 0.0155, 2.6265, 0.4872,-1.0663, 1.5178, 2.2409, 0.2718,-1.0627, 1.536 ,-0.9368]
[ 3.2887, 4.0563, 0.4964, 2.9499,-0.4607, 1.2346,-2.5208, 3.0414, 0.7232,-1.7469,-1.8882,-0.0069,-0.9778,-0.1985, 2.7992, 2.1425, 0.2933, 1.539 , 1.3218,-1.215 , 1.236 ]
[-4.3174,-5.2154,-1.8721, 3.1055,-1.9934, 0.0896,-0.461 , 0.9588,-1.9344,-0.9436, 2.1182, 0.2367,-2.6902,-2.1335,-1.0548, 0.3519, 2.135 ,-1.8193,-2.9371, 0.8897, 1.1842]
[ 4.3645, 2.5916, 4.3379, 0.5087, 1.3117,-1.3586, 0.7074, 2.7435,-1.3382,-0.1303,-2.8965,-2.5697,-2.4456, 1.4268,-0.1991, 2.1502,-2.5769,-2.0408, 0.7566,-1.8655,-0.3795]
[ 0.3758,-0.5817,-2.5783,-2.9669, 1.5028, 0.1919,-1.743 ,-0.3998, 1.8373, 1.6326, 2.3492, 2.3136, 1.1792, 0.8631, 0.9527, 2.1123, 0.9216, 2.8745,-1.3691, 0.1678, 0.6032]
[ 0.0126,-2.3861, 4.625 , 2.4609,-2.9848, 2.5229, 2.3735,-2.8679,-2.338 ,-1.631 , 0.3643, 2.4442, 1.5446,-0.6173,-2.5021, 0.0689,-1.324 , 2.0795, 1.3608,-2.4993, 0.4699]
[ 4.3649,-2.4448, 3.2597,-2.5309,-1.4548, 0.1969, 2.546 , 2.1525,-2.9365,-0.5016, 2.8543,-1.3824, 2.7348, 2.7624,-0.5217,-0.454 ,-0.2941, 1.2731,-1.0784,-0.7476, 0.2261]
[-5.4345, 1.4047,-2.9635, 3.0297,-0.7834, 2.5199, 2.6028,-0.61  , 2.1694, 1.587 ,-1.7804,-1.6426,-2.9873, 2.3594,-0.8303,-2.8316, 0.9636, 2.1343, 1.5816, 2.8242,-0.7279]
[ 3.9806,-2.3375,-1.807 , 1.7061, 1.8488, 0.6655,-2.6411,-1.508 ,-3.0202,-2.3203, 2.7683, 1.5889, 2.1887,-0.9807, 2.2874, 0.4431,-0.8146, 2.6157, 1.0209,-1.2285,-3.0918]
[-0.9327, 2.9661, 1.2798, 0.983 ,-2.1523,-2.4496, 1.4726, 1.6685,-0.3915, 0.3738, 1.3786, 2.9165, 0.0434,-0.3782, 2.7111, 3.1247,-2.0437, 1.1951,-2.3473, 2.9721, 1.7983]
[-4.2055, 4.8174, 3.4345,-2.1768,-1.5827, 2.0647,-1.3736,-1.5195,-2.9749, 0.4951, 2.0757, 2.246 ,-0.0324,-1.0014,-1.5446, 2.1639,-0.5879,-1.4854, 2.2884, 2.4552, 2.6695]
[-1.3657,-4.105 ,-3.1656,-1.5662,-2.3576,-2.1252, 0.8498, 1.307 , 1.3641, 1.9353,-0.4222,-1.3959,-1.5588,-0.7176, 0.4532, 0.5033,-1.4444,-1.086 ,-3.0471,-2.3532, 2.14  ]
[ 4.4335, 2.486 , 3.258 , 0.1326, 1.5133,-2.8544,-0.5104,-1.1859, 2.2252,-0.3058, 1.8892,-1.4869, 2.5977, 0.5652, 1.0784, 1.1526,-2.6378, 0.7564, 2.1778,-0.3984,-0.7137]
[-5.4996,-4.2279, 1.7751, 1.6407, 2.1843,-0.6691, 3.02  ,-1.7608,-0.9222,-0.9057, 2.5374,-1.461 ,-0.8943, 1.35  , 0.0224,-1.0461, 1.2181,-0.7383,-1.4769,-2.1013,-2.8247]
[ 4.6393,-1.3395, 4.9879,-1.9169, 2.2058,-2.9943, 0.3404, 2.1864, 1.5334, 0.2952, 1.7723, 0.2724, 0.4538, 0.65  , 2.1276,-0.849 ,-3.022 , 0.3316, 3.0803, 1.8953, 1.4727]
[ 1.9866,-0.596 , 3.1267,-3.0962, 0.452 , 0.7483,-1.6802, 0.6525, 1.497 , 0.89  , 0.9264,-0.9646,-0.581 ,-1.5193,-1.9898,-0.211 ,-0.8592,-1.4289, 2.0462, 2.9173, 0.1025]
[-2.6627, 0.362 , 4.7393,-1.7064,-1.6696, 0.2237, 1.1297,-1.4973, 2.1889,-2.6266,-0.8388,-0.4299,-0.7451,-1.7798,-1.9876, 1.66  , 1.6929,-3.1177,-2.9686, 0.9527,-0.8648]
[ 1.0408,-0.9859,-2.8324,-0.2681,-2.1636, 0.5028,-2.2963,-0.0103,-2.1272, 1.4545, 2.1863,-3.0138,-2.77  , 0.5291,-0.8819, 2.6994,-0.226 ,-0.2849, 1.7068, 2.2796, 0.8858]
[-1.9835, 1.6468,-1.2003,-0.8136, 0.6033, 2.5004, 0.2692,-0.4528,-1.099 , 1.222 , 2.185 , 0.7654,-1.8275,-0.1184,-2.7012, 0.6139, 1.8442, 2.8341, 2.211 ,-2.9985,-1.5679]
[-5.3311,-0.3638,-4.5019,-0.4151, 0.57  ,-1.3094, 2.1153, 1.4372, 1.5093,-2.6049,-1.8565, 1.1345, 0.2773, 1.4222, 2.2802,-2.4012, 1.5562, 2.1365, 2.7975,-1.6549,-1.1062]
[-5.2603, 1.5313,-4.8937,-0.574 , 1.7852,-0.365 ,-2.2392, 2.1414, 0.5592, 1.2267, 2.5891, 1.146 ,-0.5629,-0.0601,-1.9967,-1.1953, 0.9313,-1.5478,-2.7681, 1.7174,-0.922 ]
[ 3.1151,-1.7967,-1.897 , 0.2202,-0.0341,-0.7971, 0.2533, 2.7595,-1.9903, 0.6471, 0.6536, 1.8839, 1.0285,-2.3978,-1.9047,-1.1215, 1.9389,-3.1153, 1.988 ,-0.6545,-0.3668]
[ 2.9412, 0.8753,-5.0765, 2.0337,-2.5887, 2.935 ,-2.1782,-1.0066, 2.4907, 0.6154, 0.0935,-1.0285,-1.2561,-2.1907,-1.3129, 0.6519,-2.4865,-0.45  ,-0.3164, 1.1018,-1.0718]
[-2.3396, 3.6332,-0.8632, 0.808 , 1.4551, 1.4009, 1.4031, 2.5603,-2.9433,-2.4271,-2.4725, 1.5896, 0.327 ,-0.9381,-1.7543,-1.1151,-1.0564,-2.6321,-2.0701,-3.1301, 2.0763]
[ 3.117 ,-3.5627, 2.0939,-1.7175, 0.1866, 1.6409,-2.4982,-0.8597, 0.9254, 2.8618,-1.4246, 1.4268,-1.8065,-2.8602,-1.7157,-0.905 , 0.02  , 0.5562,-1.2401, 2.987 , 0.4101]
[-4.8093, 0.8555, 4.5069,-3.0049, 1.6021,-0.7807,-1.3648, 2.5013, 2.6188, 0.8576, 1.1929, 1.4503,-1.5799,-2.8186,-1.7547,-3.0979, 2.3738, 2.0287, 0.4744,-2.9456, 1.8348]
[ 0.3115,-1.3711,-1.4318,-0.6135,-2.9671,-2.9568,-1.1631,-3.1096,-1.292 ,-1.1369,-1.3866, 0.0928,-0.5709,-1.6937, 1.604 ,-0.5442, 2.1214,-0.2356,-0.3335,-0.7298,-0.4257]
[ 0.789 ,-4.2872, 5.4848,-2.5951,-1.6769,-1.2282, 2.1239, 1.9325,-1.4009,-1.4581,-0.2362, 0.2439,-2.7425, 2.8865, 0.4725, 1.3232,-0.7728,-1.2817,-2.178 , 0.1292,-1.6673]
[ 0.0532, 0.1176,-1.8117, 1.4705,-1.9503, 2.8556, 1.308 ,-0.1018, 2.5859, 0.3464, 2.3134,-0.9275,-1.7399,-1.3106, 1.2494,-0.9003, 2.3611, 2.5263,-2.5094,-1.2897,-1.8471]
[ 2.8643, 4.7367,-3.3656,-0.5158,-1.8379, 3.0788, 0.7169, 0.0134, 0.6362,-0.8553,-2.1944, 1.6998,-0.5523, 0.3981,-1.1253,-1.0074, 0.6387,-1.8905,-2.8507, 0.5792, 1.7284]
[-3.4059, 3.5113,-0.8554,-0.0845, 1.021 , 0.0103, 0.5965, 0.8812,-1.1012,-0.1445, 1.1663,-0.4044, 2.5352, 2.9283,-2.9346,-2.1302, 0.0988, 3.082 , 1.6196, 1.0525, 2.3905]
[-3.8516,-0.5902,-4.2108, 0.5717, 1.1862,-1.8664,-3.0233,-1.294 , 0.6013,-1.0907,-0.8327,-1.7549, 0.1345,-2.3515,-0.9908, 0.6759, 1.8173, 1.4028, 1.4828,-0.6996, 1.5047]
[-5.4379,-4.4606,-2.6739, 1.7009,-2.7061, 0.9464,-0.0315, 2.7431,-2.0454,-1.671 , 0.3815,-1.3297,-1.659 , 0.3311,-3.078 ,-2.5357,-0.5029,-1.6836,-2.3126,-2.5383, 2.6267]
[-3.4404,-3.663 ,-2.0201, 0.4073,-2.3889,-1.3109,-1.9753, 2.3754, 1.3163,-0.0271,-0.0283,-0.0484, 1.2879, 1.7286,-2.9048, 2.4986, 1.4947, 1.4573,-2.0942, 2.88  ,-2.0052]
[-3.9782, 3.3227,-0.3558,-0.3401, 1.7724,-0.2615, 1.4818, 1.9156,-3.0211, 0.1267,-0.0983,-1.3499,-0.8801, 2.3431, 1.9605,-2.3238,-2.2483, 1.5298,-1.7436,-0.1415,-1.6577]
[ 4.8544,-3.314 , 3.6468,-0.9245, 1.4161, 2.9879, 1.6239,-1.9215, 1.3348, 2.6994,-3.1381,-0.4823, 0.5337,-2.919 , 1.2321, 2.1422,-1.6196,-2.9452, 0.936 , 0.0981, 2.0933]
[ 3.5259, 4.1982, 3.6739, 1.2056, 2.8081, 0.1577,-0.7502,-2.8703, 1.5675, 2.4215, 2.3489, 0.597 , 0.0874, 1.2592,-2.5338, 0.6676, 2.9874,-0.9513, 2.8882, 0.2688, 3.0751]
[ 0.0215,-1.3411, 5.4047, 2.0309,-1.9875, 0.1885,-3.0437, 1.2648,-1.4937,-2.4292,-1.409 ,-1.577 , 2.3586,-1.1174,-0.9962, 2.6155,-2.2221, 1.9518,-1.4712,-2.9319, 0.2787]
[-4.7217e+00,-3.8291e+00, 2.2009e+00,-1.4123e+00, 3.7725e-03,-6.9417e-01, 2.7901e+00, 1.4885e+00, 2.0686e+00,-2.5364e+00,-2.2924e+00,-5.5151e-01,-1.4531e+00,-2.4560e+00,-8.1586e-01, 2.9757e+00, 2.8138e+00,-2.5762e+00,-9.7959e-01,-2.0913e+00, 3.2090e-01]
[ 3.0354,-1.9219, 4.4483, 1.0471,-2.0794, 0.6313,-0.8604, 2.1433,-0.8731,-0.7907,-1.686 , 1.8788, 2.0071,-2.6615,-2.0703, 2.3743,-0.5964,-0.9655,-1.6898, 0.1296,-0.6342]
[-0.6033, 0.1583,-1.9531, 2.5227, 0.1103,-0.1049,-2.7763, 0.4759,-1.9885, 2.0133,-0.695 ,-2.5214,-2.3814, 1.0886, 0.5541,-1.4843,-1.9488,-2.0983,-2.0913, 3.0347,-2.1091]
[-1.4   , 1.5552,-5.0099,-2.0432,-0.1083, 0.9767, 0.7105, 1.7513,-1.8648, 2.8202,-1.6006,-1.8339, 0.061 , 2.9811,-2.1572,-2.9662,-1.7041, 0.8283, 2.104 ,-1.9577, 1.9846]
[-1.8118, 3.8045,-2.7956, 0.7342,-2.437 , 2.3568, 3.0181,-1.4648,-1.6151,-2.5299,-0.9543,-3.0838, 0.2141, 1.073 , 3.0847, 0.7764,-2.0806, 0.4864,-2.2945,-1.6996,-1.0629]
[ 3.2312,-1.458 , 0.3232, 0.9303, 1.4513, 0.0815, 0.0744,-0.0651,-0.298 ,-1.4398, 2.9468, 1.1906,-1.0791, 2.2064, 2.4751, 1.1542,-2.7713, 2.7179, 2.3807,-0.9951,-2.813 ]
[-2.6535,-0.7893,-3.0722, 0.9611,-2.7202,-0.5416,-1.9222,-0.8988, 1.4396,-1.6295,-0.1868, 1.6832,-2.5431,-2.0007,-0.7145,-1.0695,-1.1119, 2.9943,-1.9951,-2.4172, 2.3348]
[-1.6454, 0.9521, 1.8917, 2.94  , 1.7938,-0.3134, 0.9968, 1.7587, 0.4519,-2.5164,-2.9644,-1.8423, 1.3652,-2.7893, 0.279 , 2.7713, 0.515 , 1.572 , 0.8311, 1.9116, 2.7069]
