[-1.5632,-2.4627, 3.6119,-0.8647,-2.8171,-2.8029,-1.297 , 2.2594, 2.1102, 2.6412, 2.6256,-0.2516,-2.7806, 1.5644, 2.4787,-0.2704, 0.9962,-2.0463,-1.9294, 1.2028, 1.8168,-2.5891,-2.8421, 1.4227, 2.2054]
[-3.9398,-4.2907,-4.5013,-0.7023,-0.9051, 2.8668, 0.2959, 0.9564,-0.272 ,-0.3157, 1.4414,-0.2018,-1.1046, 0.4204,-0.0415, 1.6006, 2.6547,-0.5453, 3.0486, 0.706 , 0.0212,-0.6621,-1.039 , 1.7688,-2.0983]
[-4.5247,-0.9849, 4.6347, 1.8088,-1.3391, 1.0646,-0.5888, 0.3175,-0.8581,-2.5989, 2.4337, 0.5874,-0.2151, 1.4635, 0.9335, 1.6824, 0.9316, 2.3803, 1.7894,-1.9135,-2.9216, 0.6024, 2.9937,-2.3651,-0.534 ]
[-3.7008,-5.4864,-2.3057, 1.4518,-0.6858,-0.2008, 0.6634, 0.9703,-2.7004,-1.5071,-1.2413, 1.8413,-0.2344, 1.8998, 2.2788,-0.051 , 0.2125, 1.8572, 1.5952, 2.1783, 2.8177, 0.4367, 1.7979, 0.1947, 1.2058]
[-2.4486,-4.9627,-2.8336, 0.2456,-0.9372, 1.5429,-1.9998,-0.9174,-0.9733, 2.5667,-2.9317,-0.8861, 1.4068,-1.3748,-1.0622,-0.845 ,-3.055 ,-2.384 , 1.4288, 2.7381, 2.8128,-1.8348,-2.685 , 0.8505,-0.1319]
[-4.1398, 1.2771,-0.6164,-1.8486, 0.7047, 0.6553,-1.5812, 1.7454, 1.7465, 0.3683, 1.7892,-0.5939,-2.7045, 1.3561,-0.4269,-2.852 , 1.0193,-2.6649, 0.4137, 3.0449, 3.091 , 1.0742, 2.4527, 1.8759, 0.8152]
[ 2.4942,-3.7324,-4.6461,-2.0876, 0.866 , 1.549 , 2.8727,-1.6284, 1.2282,-2.0574, 0.1261,-0.1084,-3.1299, 1.0074, 0.711 ,-2.5481, 1.0454,-3.0362, 0.5878, 0.9487, 0.7746, 0.1019, 2.5215,-3.1283, 2.7438]
[-1.5981, 0.9571, 1.9431, 2.3901,-1.4194, 2.823 , 1.5162, 2.3686,-2.7109, 1.3739,-0.566 , 3.0969, 1.0932, 2.5417,-2.1394, 2.5811,-2.6522,-0.7637,-0.1574,-1.7541, 1.3811,-0.0424, 1.6103, 1.9338, 2.9929]
[-2.6546,-4.0758, 4.0437, 2.7102, 2.3555,-1.2633, 1.1498,-1.8866,-1.6682,-2.6721,-2.7133, 1.9505,-1.437 , 2.0446,-1.4982,-2.1224,-2.9449, 3.112 ,-0.6082,-0.3286,-0.4358,-1.294 , 2.2122, 0.4095,-3.1039]
[-0.7461, 5.3792,-0.6625, 2.776 ,-0.7113, 1.5502, 1.0146,-2.541 , 0.2156, 2.0564,-2.6187, 1.0854, 2.8467,-1.4516,-2.3349,-2.7115,-1.3471, 0.5362, 3.1381,-1.698 ,-2.8186, 0.9079, 2.1239, 2.5339, 2.6352]
[-5.2544, 2.9078,-0.5421,-0.3304, 0.5801,-2.1508, 2.664 ,-0.7623, 2.4488,-1.1608, 2.5148,-0.9546,-0.6674,-0.629 , 1.0561,-1.1299,-0.2839,-2.6574,-0.8877,-0.1864, 0.2374,-1.5769, 2.3252, 2.1594,-0.6351]
[ 3.7524, 3.785 ,-1.0612,-1.3923, 3.0449,-0.3636, 2.6546, 1.3418,-0.4633,-0.9531,-2.1142,-2.9755,-2.3477, 1.9424, 2.0428,-2.8596,-1.7141,-2.1211, 2.8581, 1.5976,-1.254 ,-3.0422,-2.204 ,-1.9824,-2.1855]
[-1.0452, 3.1726,-5.347 , 2.3231,-0.9003,-1.8136,-2.8966, 2.6703,-0.8994,-0.2816, 1.401 ,-1.9079, 2.002 ,-1.0302,-2.5319,-2.8046,-2.6691, 1.1475,-0.4434,-0.0342, 2.6235,-2.5704, 0.8745,-0.2187,-0.2474]
[-0.8918, 4.7163, 1.4465, 2.9321,-0.593 , 0.6285,-0.4011, 0.7439,-1.301 ,-1.85  ,-1.5159, 2.7513, 0.432 , 2.4641,-2.6216,-1.7645,-1.1308, 0.8097, 1.7552, 1.8067,-0.9734,-0.161 ,-0.777 ,-0.4853,-0.5836]
[ 4.8571,-1.1844, 4.6076,-1.3172,-2.1223, 0.1135, 3.0074, 2.5536,-1.3205,-1.6047, 2.457 ,-2.1185, 1.8026,-1.2545, 1.4298,-3.0137,-0.0311, 2.5459,-1.3643, 0.9056,-2.5326, 2.0462, 2.5641,-1.0111,-2.8554]
[ 0.7056,-1.5137,-1.1502,-1.9329,-2.2886, 2.5001, 0.5031,-1.3766, 2.0423,-1.4722, 0.9635, 2.4561, 1.8434,-0.083 ,-1.3025,-0.4782, 0.6367,-2.8918,-0.7746,-1.1107, 2.3513,-0.0884, 0.5008,-0.386 , 1.6087]
[-1.9991, 2.0472, 5.2212, 1.0228, 0.7835, 0.6843,-0.4416,-1.8786,-1.1709,-0.9617,-0.7543,-2.5958,-0.915 ,-1.0037, 2.1395, 1.7728,-0.4022, 2.4674,-1.9797, 3.1351, 2.3689,-2.0999, 1.8416, 1.1462,-2.5987]
[-1.043 , 5.4685,-4.1475,-1.3695, 2.058 ,-0.6748,-0.6405, 0.2772, 1.8651, 0.4261, 0.8559, 1.4998, 2.4027,-2.753 , 0.2515, 1.5445,-2.0575, 1.982 ,-1.7219, 0.9166,-0.2867, 1.5876, 2.6246,-0.9481, 2.8406]
[ 3.4904e+00, 4.4657e+00, 1.8109e+00, 1.9058e+00, 1.4812e+00,-1.8857e+00, 1.7802e+00,-1.3835e+00, 3.4463e-03,-9.5288e-01, 1.7477e+00,-2.1351e+00, 2.5195e+00, 9.1450e-01, 1.5577e+00, 2.2688e-01,-1.3439e+00, 1.1984e+00, 1.9827e+00, 1.5931e+00,-5.7166e-02, 2.9964e+00,-3.5003e-01,-2.4477e+00, 2.3489e+00]
[ 4.8078,-1.9832, 0.8067, 0.2729,-1.8904,-1.3604,-1.1585, 1.6171,-3.0482, 0.6998, 0.0138,-2.2745, 2.6227,-0.7871, 1.7457,-1.7706,-0.3913,-0.8379,-2.0172,-0.9832,-0.0724, 0.5294,-1.8511,-1.7005,-2.2912]
[-1.5039, 2.6228,-4.2247, 1.4973, 1.6543,-0.1591,-2.3597, 0.179 ,-1.1941, 0.2445,-2.2658,-0.6492, 1.908 , 2.6509, 1.4065,-2.8646, 0.9561,-0.5886,-1.612 , 0.6178, 2.9739, 1.5374, 1.4505, 1.4091, 1.4452]
[-0.4527,-1.9914,-5.2179, 2.8457, 2.1825,-2.4776, 2.0212, 2.4694, 1.4049,-3.0119, 0.1187,-1.4467,-1.7176,-0.8295, 2.5735,-1.5327, 1.85  , 2.5321, 2.5794, 1.3801, 0.8402,-1.1905,-2.4672, 0.0429, 1.6787]
[-3.8323, 3.5676, 3.2036,-2.1819, 3.0598, 2.4548,-2.453 ,-1.4797,-1.6529, 1.5282,-1.4269, 3.0487,-0.032 , 0.094 ,-0.713 ,-0.0106, 3.134 ,-2.2746, 1.5082,-1.2312, 2.1901, 0.7778,-0.1943, 2.3848, 1.1944]
[ 4.1868, 3.7041,-4.0789,-1.7926,-0.4654, 2.5964, 0.0139,-0.6435,-2.2945, 2.6021, 0.3212,-2.313 , 0.9776,-1.972 ,-2.1679,-2.2561,-2.2083, 0.4987,-3.1075, 0.7488, 0.8751, 2.5465, 1.461 , 0.5481, 1.3636]
[ 4.0122, 2.1945, 1.1999,-2.9363, 2.676 ,-2.9646,-2.5866, 1.0355,-0.0754,-0.8817, 2.5063, 1.5443,-1.525 , 1.5038,-2.1547, 0.7215, 1.2451,-1.885 ,-0.3526,-0.2789, 0.2324, 2.2671,-1.7444, 3.1061, 1.8005]
[ 0.828 , 3.221 , 5.2116, 0.008 , 1.3782,-0.2246,-1.4458, 1.2894,-3.098 ,-2.0505, 0.8812,-0.2861, 2.1607,-0.5975,-1.2481, 2.9715,-2.575 ,-2.2157, 3.0494, 2.529 , 1.9917, 2.3684, 0.3544,-1.4955, 2.8856]
[-1.7827, 2.5863, 4.4137,-1.7595, 1.7551, 1.5691,-3.0889, 1.3188,-0.8282, 1.6875,-1.4564, 0.5602, 2.8381,-2.3187,-0.7706,-1.382 , 1.0155,-0.3017, 1.6893, 1.381 , 2.1993, 0.8339,-1.2192,-0.4554,-3.1248]
[ 3.5654, 3.5588, 2.0926,-0.6177,-2.6067,-0.1165,-0.0194,-2.6558,-1.8457,-1.0416,-2.8163, 0.943 , 1.4538, 0.9006,-1.5536, 1.6095, 0.7117,-1.9026, 2.2918, 0.6045,-2.4789, 2.4154,-0.8346, 0.3382,-1.4158]
[-0.1768, 0.2342,-0.6604,-1.2246,-1.9191,-2.3448,-2.8345, 1.8307, 0.0073,-2.857 , 0.7524, 0.4711,-0.6498, 0.0863,-0.2225,-2.5   , 0.4056,-0.7067,-2.0674,-2.2507, 0.7725,-2.6909, 1.7527,-0.9376, 0.095 ]
[ 1.361 , 3.7077, 0.0934, 0.5676,-3.1069,-2.7673, 2.6799,-1.4964,-0.6441, 2.8998, 1.0983, 1.28  ,-1.2527,-0.6312, 1.6387,-2.0118,-2.0772,-2.9253, 0.0716,-2.418 ,-0.2444, 0.1453, 1.6977,-2.3796, 0.2351]
[ 2.7112,-2.7622, 0.6792,-2.5548, 0.6612, 2.7784, 1.0656, 0.2404,-0.0491,-3.1009,-2.0959, 1.4464, 0.3821,-0.8357,-0.973 ,-2.2764,-1.1885,-1.3584, 0.0293,-1.893 ,-0.9504, 2.8289,-2.984 ,-2.5336, 2.9383]
[-2.8681,-0.4243, 4.1656, 2.6055,-2.3938,-2.9339, 0.5744, 2.0306, 2.6238, 1.0692, 1.8603, 2.4798, 1.3528, 2.1716, 2.8465,-1.9588, 0.5175,-0.1308, 2.5678,-3.1115, 1.2483,-0.6657, 2.5956, 0.9903,-0.6673]
[-3.5745, 5.4468,-4.3479,-1.2899, 0.1512, 2.9157, 1.7706, 2.9401,-1.2158,-0.1964, 1.1603,-1.4501, 2.8744, 1.5385, 2.5721, 0.7046,-2.0756,-2.8972, 2.2319,-0.5657,-1.7064,-2.2801,-1.6902,-2.2824, 0.6428]
[ 1.8638, 5.3611,-5.2085, 2.8   ,-0.8346, 1.2976, 1.6394, 2.8034, 0.3508,-2.3963, 0.097 ,-1.8926, 1.0654,-1.9956, 3.0294, 3.0829,-1.9656, 1.4966,-1.6076, 2.7855, 0.5042, 0.7392,-0.0837,-1.7451,-0.7421]
[ 1.2244,-4.7233,-1.0548, 1.2272,-0.4513,-2.0546,-1.1986, 3.1142,-1.7237,-1.6688, 0.7494, 1.8649, 2.9857,-1.1021, 1.583 ,-2.9631,-0.3614,-1.6195,-2.5742, 2.3345,-2.5108,-2.8155,-2.559 , 1.9957, 3.012 ]
[-2.4861,-5.0124,-0.2901,-2.0513, 2.7481,-1.566 , 2.7062, 0.8092, 0.4631, 1.0442, 0.565 ,-2.8524,-2.4195, 2.6788, 2.7728,-0.2168,-2.9019,-0.2178, 0.5048,-3.0757,-0.6507,-0.2952, 1.2662,-1.8268,-1.4719]
[ 0.5759, 1.0268,-2.9924, 1.2801, 0.4913, 0.9157, 2.5901, 1.0043, 0.3468,-1.4996,-3.1213, 0.8042,-2.9945, 0.698 ,-1.0997, 1.2948, 2.6194, 2.1135,-1.6053, 1.965 ,-0.6111, 0.591 ,-0.2972,-1.9841, 2.2543]
[ 4.2314, 0.6631,-0.0798,-0.8407, 1.7094, 0.1709, 0.7452,-0.8163, 0.5199, 2.7275,-0.8776, 0.8995,-3.0468,-0.2461,-3.0667,-1.139 ,-2.6179,-3.0178,-2.7815,-2.5428, 2.5069,-0.9005, 2.4932, 0.0742,-0.5828]
[-0.7163, 1.0776, 1.3758,-2.3151,-1.921 ,-2.0528,-3.0729,-3.0485, 1.9592,-0.9197, 0.26  ,-2.4998, 3.0189, 0.4778,-0.3032,-0.8363,-2.1454, 1.0218, 0.2975,-2.2554, 2.8   ,-0.6298,-0.3314,-2.8162, 1.6625]
[ 4.5914,-5.1138, 4.3021, 1.1616,-1.2368,-1.7895,-0.5126,-0.1575,-2.281 , 2.9423,-0.195 ,-2.7766, 2.8458, 1.9749,-2.7571,-1.3963,-3.113 , 2.7462, 0.7479, 0.6659, 1.6114, 0.3042, 2.122 , 1.0389, 1.4198]
[-4.1917, 0.3348, 0.6539, 1.0117,-2.5812, 0.0237,-2.3273, 2.0343, 0.9538, 2.0067, 0.3447, 0.4133, 1.9617, 2.0431,-2.6262, 0.6003,-1.6423, 1.1474,-1.7446, 0.7536,-1.32  , 2.9151,-1.4573, 0.069 ,-2.8444]
[-4.5235,-0.1757, 3.2297,-1.4092, 2.6186, 1.6619,-2.5311,-0.0922,-2.2664,-0.7017,-0.0682,-0.2065, 0.6813, 2.5355,-0.7299,-1.3113, 0.7957,-2.7694, 1.4903, 0.2621,-1.5983,-1.4674,-2.4636, 3.0699, 0.1027]
[ 4.1229e+00,-1.9369e+00,-3.6287e+00,-6.5279e-01, 1.7259e+00,-1.1148e+00, 5.1310e-01, 2.4349e+00, 1.0561e+00,-2.5137e+00,-1.7226e+00,-1.9677e-04,-2.4719e+00,-1.3250e+00,-9.1494e-01, 1.0454e+00,-2.4220e+00,-1.1989e+00, 2.1957e+00, 2.4740e+00, 6.6623e-01,-4.9570e-01,-1.9064e+00, 1.4603e+00,-9.9505e-01]
[ 5.2023, 2.3642,-3.8315,-2.2942,-2.8275,-0.4441,-2.4187,-0.1769, 0.4526,-1.5581,-2.8657, 0.9579,-2.6157, 2.175 ,-0.4435, 0.9834,-2.2041, 2.3068, 0.7158,-1.9199, 1.1192,-1.521 ,-1.4595, 2.2516, 3.01  ]
[-5.2555, 5.2836, 4.066 , 2.2144, 1.6451,-0.1777,-2.9156,-0.2792, 0.4405, 2.5697,-1.6543, 0.3985, 0.8166, 3.0419,-1.1399, 1.0717,-1.1773, 3.0542, 1.4599, 1.0391, 1.7718,-0.1858,-2.0252, 0.3112, 3.1127]
[-5.048 , 0.997 ,-3.4469,-0.1127,-2.0044,-1.9386, 1.8193, 1.0386, 2.8842, 2.072 , 1.3547,-1.8786,-1.107 ,-0.2239, 1.2526,-2.5624,-2.5387,-2.5436,-1.8512,-2.9151,-1.6675,-0.3914,-0.9298, 2.2275,-0.0836]
[ 0.2607, 3.1907,-1.1499, 3.1232,-1.9727,-1.2263,-0.7559,-2.6425,-2.4129,-0.653 , 1.7232, 1.9652,-0.5759,-2.3688,-1.8872,-0.1821,-2.1673,-2.9503,-1.7937,-0.9244,-1.1511, 0.1403, 2.3375, 2.4924,-2.1976]
[ 3.6056,-3.2261,-3.753 , 1.1355, 3.0818,-1.456 , 0.927 ,-3.066 ,-1.2094,-1.2504, 0.54  ,-2.3391,-1.8264,-2.6102, 1.6979, 2.1456,-2.5326,-1.2721,-2.3943,-0.1996,-0.4966, 1.175 ,-1.7058,-2.0684,-0.6544]
[ 3.8187,-4.6328,-3.5071, 1.0905,-0.545 ,-2.5597,-0.2367, 1.1682, 0.0901,-0.8703,-2.6297, 0.8743,-1.9825,-1.2148, 2.1055, 2.4051,-2.3762, 2.7935, 0.3805,-1.4417,-1.4158,-0.4869, 0.8581, 2.5299,-0.2075]
[-3.4295, 1.4581,-2.7399, 0.7233, 0.3399,-2.6295,-2.7652, 2.7783,-1.4731, 3.075 , 0.0355,-0.4533,-1.4721,-0.7875, 0.6534, 1.261 , 2.5007,-2.8581,-2.2634, 1.5382,-1.4292, 0.2741, 1.9318,-1.7028, 1.1807]
[ 1.4231,-1.5269, 1.2829,-2.9596,-0.9015, 0.2381, 0.2043, 1.2898,-2.5243, 2.4839,-0.7415,-2.5659, 0.7727,-2.8502,-1.5821, 3.0376,-1.672 ,-2.2984,-1.8499, 2.9432,-1.5749, 2.447 ,-0.5978, 0.7437, 2.1345]
[-0.3213,-3.1217,-3.1678, 1.0194,-2.7876,-1.3616,-1.2932,-0.2312,-0.7759, 1.6472,-2.1061,-0.4562, 2.1125,-1.9419, 0.836 , 0.9023,-3.0862,-2.5538, 2.8965,-1.8898,-2.3368, 2.3411,-1.2332, 1.2576, 0.3506]
[ 2.0666,-0.7585,-3.8438,-2.5426, 1.9632, 1.1496,-0.6153, 0.9694, 0.4972,-0.1982, 1.6085, 2.2154, 1.698 , 1.7465,-2.9031,-2.9545,-0.7069,-1.5448, 0.4041,-1.7958,-1.3743, 1.2805, 2.4885, 0.0272, 2.7425]
[ 0.9502,-0.5858,-1.8467,-1.4339,-1.4308, 1.5814,-1.8681,-2.9827, 2.4084, 2.8336,-2.5581, 2.8605,-2.0271, 0.3162, 1.5812,-1.5765,-0.7098,-0.6374, 1.5517, 2.0967, 2.8749,-2.4373,-2.3248,-1.9426, 0.8297]
[ 4.2623, 3.8544, 2.02  ,-2.6538, 1.5308,-0.5787,-0.3665, 0.1806, 1.1989,-0.6022, 2.4765,-1.5463, 0.7158,-3.0925, 2.8581, 2.8625,-0.5042,-3.0623, 2.0143, 1.2529,-1.52  ,-2.7229,-1.839 ,-3.0325, 0.725 ]
[-1.4318,-1.0225, 3.1387,-1.5873,-1.935 , 0.7434,-2.631 ,-1.7953,-3.0021, 0.1506, 0.0408, 3.0402,-2.9049, 0.3667, 0.9741,-2.7477, 1.0251,-3.062 ,-0.6204, 1.839 , 1.8617,-0.1762, 1.307 , 2.6744, 2.4044]
[-5.1856, 1.3294, 5.4923,-1.9621, 0.2561,-2.5153, 1.5322, 0.5819, 0.3302, 1.8581,-1.1985,-2.5558,-0.7485,-1.5542, 0.7622,-0.1273,-1.2812,-3.0726,-0.3097, 0.9058, 1.1505,-1.0733, 2.4271, 1.7478, 2.6052]
[-3.1238,-2.4948, 1.9424,-1.9609,-1.9549,-3.1004, 1.8606, 1.5839, 2.5262, 1.1281,-0.4044,-1.7459,-1.2122, 1.6985,-2.324 , 2.1979,-0.9269, 1.3084, 2.9343, 1.2437,-1.7335, 3.0632,-3.0811,-2.3499, 1.4931]
[-3.0452, 0.1555,-0.1419, 1.9552, 1.0568,-3.0899,-2.4308, 3.0962, 1.3408, 1.4628, 1.7319,-2.9882,-2.988 , 0.6526, 1.7736,-2.8118, 1.5919, 2.563 , 1.2865,-1.3579, 1.4978,-1.837 ,-0.3042,-0.5357,-0.9484]
[-0.3767,-3.972 ,-4.103 , 0.4006, 2.9027, 1.0555,-2.5861,-1.1111,-1.5487, 2.6891, 0.8783,-2.0705,-1.1533, 1.1083,-2.3294,-0.1778, 2.6175,-0.5702,-0.1828,-0.8865, 2.3343, 0.6458, 1.6162,-0.9261, 2.784 ]
[ 0.7115,-5.3798, 1.5804, 3.0591,-1.3589,-1.1997, 1.4828,-0.653 ,-0.7766, 0.0936, 0.7415, 1.5368,-1.7328, 3.0026,-1.9465, 2.5089, 0.8786,-0.7545,-0.1214, 0.2873, 0.917 ,-2.095 ,-0.3833,-0.8649,-0.6907]
[ 4.4223,-3.3402, 1.3161, 0.3909,-0.7903,-0.1944,-1.3231,-2.2289, 2.3518, 2.3598,-0.5442,-1.1465, 1.6507, 2.4948, 0.8461, 1.6304, 0.6934,-0.5447,-2.9629,-1.731 , 1.9415, 1.5831,-0.1191,-1.4236,-1.2803]
[ 4.1896,-1.461 ,-4.1295, 2.1318, 1.6819, 0.0846, 0.5642, 1.9666, 2.7562,-1.8549, 2.1478,-1.9131, 2.9597,-1.6357,-2.6846, 1.6583, 1.2346, 2.3445, 2.7712, 1.7257, 0.5148, 1.0891, 2.7918,-1.1927, 2.1304]
[ 1.0834, 2.8035,-4.2619,-0.338 , 2.5803,-1.5527, 0.6893, 0.9197, 1.2944, 0.3508,-0.5013, 1.4453,-2.7281,-2.5533, 1.9221, 1.3869, 2.2987,-0.8825,-1.6413, 0.9358,-2.1332,-2.1749, 3.1183,-0.7281, 1.7955]
[-1.1439, 4.8239,-4.3111,-2.8737,-3.1284, 2.6907, 2.4572,-2.7736,-3.0354, 2.904 ,-0.4723, 2.3034, 0.1207,-2.0925,-2.0795,-1.379 ,-2.4745, 0.7689,-2.7338, 0.6974, 1.5106,-2.7922, 1.4243,-3.1157, 1.7651]
[-4.6346,-3.4615,-2.8087,-2.7018,-2.9455, 0.8776, 0.8078,-2.1793, 1.6493, 0.9044, 0.2934,-0.4025,-2.1794, 2.8317, 0.6943, 1.352 , 2.0157, 0.156 ,-2.1343,-3.075 , 2.2027, 0.2412, 3.0843, 1.5775, 1.7717]
[ 1.4318, 3.6244, 0.015 ,-0.9885, 2.6535,-0.4052,-0.032 ,-0.8128,-2.2334,-1.739 , 0.5442, 0.4019, 0.559 , 2.2329,-1.6616, 1.0837,-1.6176, 2.2918, 1.3463,-1.8679, 3.0665,-0.2371,-0.2048,-1.9576,-2.5459]
[-2.553 ,-2.304 ,-5.3557,-2.7464, 0.4676, 3.0706, 0.6681, 0.873 , 0.5242,-0.7565,-0.7576, 1.302 ,-2.2334, 0.2212, 0.7176,-0.6308, 2.9978, 1.9657, 1.4956,-2.1447, 0.5356,-0.7418,-1.1808,-0.0734, 2.2353]
[-4.8062,-4.4751, 0.959 ,-0.0582,-1.3636, 1.5572, 0.5094,-0.7335, 0.1027, 2.6863, 1.9631,-2.35  ,-1.0594, 2.5573, 2.7662,-3.1094, 1.3392,-2.7772,-1.0644, 2.9223,-0.503 , 1.8113,-0.2526,-2.5548, 1.7071]
[ 2.1729, 4.097 , 4.6345, 2.7004, 2.8789, 0.4207,-2.0215, 2.0849,-2.0197, 2.2025, 0.0319,-2.4154,-2.7212,-2.606 , 1.6162,-0.3602,-2.5312, 2.947 ,-2.418 ,-0.1243,-2.1775, 1.6337, 1.1315, 0.8119, 0.6589]
[ 2.7668,-4.4716,-4.4339,-0.3842,-0.6145, 1.8273, 1.6973, 0.4586,-2.9924,-2.1887,-1.8856, 2.0211,-2.5481, 1.8669, 0.7232, 1.6149, 0.5463,-2.2605,-0.3184, 2.7107, 0.7598,-2.6016, 0.2429,-0.473 ,-1.2176]
[ 2.8364,-3.7217,-0.29  , 0.628 ,-1.0854, 2.9357, 2.4269,-0.7169,-2.5682,-1.312 ,-2.6144, 2.5039,-1.3098, 0.9893, 0.3414,-0.6982, 2.5617, 0.3073, 2.9504, 0.7436, 2.0106, 2.597 ,-2.3625,-2.5435,-0.2746]
[ 5.0403, 4.9083, 1.6968,-0.7559,-1.0498,-0.9567,-2.2715, 2.7544, 2.0966,-0.5811,-0.584 ,-2.3856, 1.7309, 0.2674,-1.7572, 1.6564, 0.3429,-1.4813,-2.5797, 1.8039, 0.7148,-0.0512, 0.877 ,-3.1137, 1.3971]
[-5.4556, 2.9082, 0.7029,-3.0424,-2.9215,-0.437 ,-1.9041, 2.7372, 0.5334,-3.1263,-2.8392,-2.2283, 1.6075, 2.3229,-0.702 ,-0.4099, 0.3573, 0.7829,-0.2892, 0.1994, 1.7164, 0.331 , 2.866 ,-1.2727,-1.0795]
[ 2.6568,-0.6424,-3.8991,-2.1645, 0.0849, 0.5854, 0.1676, 3.1369, 3.012 , 2.6962,-2.2768,-0.1307, 2.6689,-2.8959,-0.004 ,-2.1693, 1.293 , 2.2266,-0.6796,-0.9354, 2.1253,-3.0482, 2.268 ,-2.4378,-0.6203]
[ 2.1758,-4.8752,-1.0305,-1.754 ,-1.4216, 1.3855,-0.229 , 0.7009,-2.9982, 1.0721, 2.4246, 1.1893, 2.499 ,-1.0236,-0.3109,-2.3481, 2.6719,-0.6687, 0.4408,-2.3248, 0.9271, 1.2858,-0.035 ,-0.6704, 1.4582]
[-1.9174,-2.8808, 1.8608, 1.1332,-0.4714,-1.3512,-1.6859,-1.6301, 3.0541, 2.7143, 1.2726,-2.2773, 0.7283,-2.0331, 1.8373,-3.075 ,-0.6022, 2.3137, 3.1222,-1.9546, 2.9866,-0.7824,-1.263 , 0.1429,-1.5862]
[ 3.3995,-2.344 , 2.8423,-2.4794,-1.9573, 1.2579,-1.9436,-1.2718,-0.7116,-1.6841,-1.2899,-1.3507,-0.8806,-1.886 ,-1.7012, 0.3639, 1.8503, 2.1629,-0.7121, 0.9173,-2.1723,-1.8749,-1.351 , 0.1774,-1.144 ]
[ 1.3883,-1.608 , 5.3034, 1.7092,-1.5733,-2.2918, 0.1246,-1.8229, 2.2949,-0.9392,-0.9621, 2.5727, 1.043 , 3.0745,-2.9079, 2.3097,-3.0149, 0.3294,-0.052 , 0.3211, 0.5112,-0.7536,-1.3277, 0.3191, 0.5225]
[ 1.5739, 1.872 ,-4.8447,-0.4011,-1.1818,-2.7631,-1.5967,-0.6814,-0.0484, 1.6757, 1.2669,-0.0997, 0.4596, 1.0675, 0.3484,-0.4123,-2.5829,-2.5491,-0.7949, 0.2477, 0.3419,-1.9916,-2.726 ,-1.4695,-0.5281]
[ 1.3879,-5.327 , 1.6141, 2.6333,-1.4148,-2.4934,-0.2114, 0.9011, 0.5591,-1.4154,-2.9793, 2.8278, 2.5737,-1.5962, 1.1974, 0.8891,-1.3263,-2.0261, 0.5942, 0.4582,-2.404 ,-1.7977,-1.4698, 1.0071,-2.0075]
[ 5.1834, 0.1438, 2.4538, 2.1217, 1.8745,-0.3022,-1.3901, 0.2457, 0.9313, 2.3319,-1.6688, 1.3259, 1.1846, 1.376 , 1.8119, 0.7944, 0.6468,-1.9223,-2.5745, 2.6777, 1.761 , 1.5997, 1.5065, 2.1746, 1.6098]
[-1.2375, 2.3105,-1.6859, 1.0857,-2.8869, 2.7351, 0.2087, 2.7723, 0.2859,-3.0306, 1.3305, 3.1172, 0.395 ,-2.0541, 0.901 , 1.1375,-2.9586,-0.7268, 2.7559, 2.1203,-1.604 ,-2.7902, 2.4998, 0.0753, 1.9262]
[-3.3602, 2.5235, 4.6751,-2.9502, 2.7456, 0.7833, 0.3608, 0.5227,-2.3047, 3.0265, 1.7368,-0.1049, 2.2   ,-0.2613, 1.8221,-1.6538,-0.1679,-2.1046, 2.2071, 1.0435,-2.8217, 2.8606,-0.7281,-2.2919,-2.3555]
[-5.0023, 1.5018,-3.3309, 2.5851, 3.1048,-1.1932,-3.1335,-0.3815, 1.5309,-1.8117,-0.9476, 0.0895,-0.633 , 0.906 ,-1.7184,-1.8814,-1.2403,-1.4454, 2.1078, 2.7952,-0.3011, 0.1603, 1.5188,-1.9594, 0.9421]
[-3.2729,-3.7397,-3.2905,-2.0805,-2.8143,-1.1404,-0.6157, 0.7889, 1.6658, 0.1496, 3.0614,-1.4092, 2.2872,-0.3344,-0.8512,-1.4714, 1.6411, 0.5734,-1.252 ,-2.1327, 2.5429,-2.4634,-2.9209, 1.4325,-1.1039]
[ 1.1301, 4.9595,-1.9319, 0.9773, 0.1018,-2.7062,-2.7984,-2.6543,-3.0106, 2.5874,-3.0851,-3.086 ,-2.7948,-2.0815,-2.8075, 0.5448, 0.4515,-1.7422, 2.959 , 2.1549, 0.2969,-2.0093,-0.0336, 0.8319, 2.3335]
[-3.2517, 1.1469,-5.0135, 2.3961,-2.6915,-1.7552, 0.0469, 1.3921,-0.9016, 0.5839,-2.254 ,-1.9485, 1.8109,-2.6472, 0.5639,-0.1864, 2.1364, 2.1743, 2.836 ,-0.0652,-2.0562, 0.8973,-2.411 , 0.9297,-2.9442]
[ 1.0075,-4.86  ,-1.6315, 0.4698, 0.5242,-0.0473,-1.4729, 2.6386,-1.9721,-1.9046, 0.0236, 0.8194,-2.1247, 2.0562,-0.8832,-1.9229,-0.1801, 1.9897,-1.3585,-2.4834, 2.6277,-0.4381, 3.1058,-2.8926,-1.793 ]
[ 4.3757e-04,-9.7999e-02, 2.8219e+00, 2.2862e+00,-8.9717e-01, 1.4825e+00,-7.9113e-01, 4.2967e-01, 1.8262e+00, 2.2188e+00,-5.4115e-01,-1.2436e+00,-5.1592e-01,-2.8467e+00, 1.6914e-01,-2.2289e+00,-4.3073e-01,-3.0118e-01,-1.6315e+00, 3.1534e-01,-1.9455e+00, 2.4742e+00,-2.0586e+00, 2.1245e+00,-9.7344e-01]
[-3.4863, 1.9434,-5.0322, 3.0738, 2.9828,-3.0582,-2.2658,-1.4834, 1.594 ,-1.5716, 0.9759, 2.7552, 2.6733,-1.8725,-2.8056, 0.2076, 0.7427, 0.357 , 1.9795, 0.3282, 2.7269, 1.0028, 1.5662, 1.6134,-0.6167]
[-3.6655, 4.5988,-4.8846, 0.7733, 0.7916,-2.5293, 2.8818,-1.3613, 1.9159,-1.573 , 0.1463, 2.5818,-2.8296,-1.2407, 1.4014,-2.9731, 2.607 , 1.4212, 1.3286,-2.5714,-1.4709,-0.5955,-2.0334, 2.212 , 0.7186]
[-3.7273, 1.5641,-4.3994,-2.0358, 2.0396,-0.5935, 3.0333,-1.3804, 2.8713,-1.7362,-1.2376,-2.2318,-1.0761,-1.7777, 1.0548, 0.1899,-2.0051,-1.4127, 2.0795,-1.9983, 2.0765, 2.684 ,-1.2749, 2.1172, 0.5952]
[-0.0887, 1.6695,-3.7508, 2.7833, 1.1295, 2.5512,-3.0876,-0.3704, 1.3122,-2.9929,-2.8214,-1.9607, 1.1403,-2.2845, 0.0098, 1.71  ,-2.7715,-0.0684,-0.9173, 1.9715, 2.1847,-0.2349,-2.1318,-2.8683,-0.8549]
[ 0.134 , 1.0906,-2.3687,-1.6941, 2.4817, 2.3777,-1.7538, 1.9922, 0.8112,-0.5592,-0.9222, 1.6799,-2.7774,-2.1829, 0.3802, 2.7253,-0.4911,-1.7115, 2.4671, 1.3878, 2.6854, 0.3013, 2.1185,-0.5174,-1.4842]
[-1.8193,-0.3377,-0.8557,-1.6261,-2.5074, 1.0108,-2.3961,-2.6434,-3.0342, 0.9718, 0.7088, 1.4339, 1.7064,-2.5771,-2.5995,-1.8654, 2.1977, 1.2369,-2.2632,-1.2664,-1.8018, 2.1587,-0.4357, 0.1008, 1.3775]
[ 1.5994,-3.2271, 4.0997, 0.4901,-1.126 , 2.4134, 2.1246, 3.0769,-0.7196, 2.0738,-1.3842,-1.9961, 0.4549, 1.0082,-1.7503,-3.0952, 1.7031,-0.4128, 0.9609, 1.7606, 0.9093, 0.8629,-0.1132, 1.0292, 0.1579]
[ 3.3473,-4.3356,-4.9399, 1.0094, 2.3819,-1.8419, 1.2853,-1.2669,-1.9501, 2.4908,-1.6308,-1.8857, 0.7295, 1.0541, 0.8024,-0.4647, 1.9062,-1.5876, 0.3536, 2.7529,-1.0458,-2.58  , 2.0436, 2.0913,-1.0248]
[-0.021 , 3.8257, 3.5402, 0.0271,-1.0559,-0.0811,-0.208 ,-3.0447, 1.9451,-2.0001, 1.2567,-1.3345,-1.0568,-1.0805, 2.4672, 2.3383,-2.0939,-1.7522,-0.1236, 1.6193, 2.1899, 2.9876,-3.1022,-1.2972, 1.0448]
[-3.485 ,-5.0751, 4.9044,-0.4185,-3.0232, 0.6567, 1.9862,-2.4253, 2.2618,-2.3478, 1.1032, 1.8895, 1.4179, 1.6315, 1.1372, 2.0732,-2.1069,-1.1374,-2.7381,-2.5149, 1.8245, 2.303 , 0.2652,-2.1827,-1.5279]
