[ 2.8559,-5.3134, 0.7265,-1.9287,-2.1346,-2.467 ,-0.9372,-1.7945,-2.6557, 1.1014, 1.4565, 0.4268, 1.3879,-2.6024,-0.6942,-2.9936,-1.6298,-1.627 , 0.346 , 1.5864, 2.1621, 2.6552, 2.2161]
[-1.9574,-1.2604, 0.5317,-1.8554,-0.0268,-1.312 ,-1.7884,-2.2361, 1.1357,-1.2107, 2.7473, 0.9842,-1.7476, 1.3878, 0.6201, 1.4883,-1.4266, 2.8072, 0.5896, 1.0592, 1.2993, 0.1858,-1.4942]
[-3.9842, 4.463 ,-5.2374, 1.3397,-1.998 ,-0.3034, 1.8151,-1.776 , 1.8031, 0.8855, 3.0814,-2.5612, 1.0505, 0.9602,-2.4436,-3.0948, 0.4508, 0.5652,-0.4636,-2.4534, 1.9604,-2.2172, 0.7511]
[ 3.7345, 0.5854,-0.877 , 0.9388,-1.068 ,-2.9147,-2.3745,-0.9345,-0.2974, 0.6821,-0.13  , 0.8836,-2.7211, 1.0657,-0.7486, 2.9437,-0.0691,-2.624 ,-3.0948, 0.9003,-2.7656, 2.5595, 0.409 ]
[ 1.8197, 3.6221, 2.3775, 2.8923, 2.2154, 1.9156, 1.3934,-1.0089, 0.919 ,-1.749 , 0.4897,-2.6923, 0.3765, 2.1597, 0.8446,-2.0192, 0.5918, 2.4715,-2.1189, 2.2731,-2.1817,-1.7636, 2.5144]
[-2.0142,-5.2101, 0.5871, 1.1094, 0.1914, 0.3364, 0.0671,-0.8535,-0.6428,-2.2387,-1.7331,-0.1566,-2.7909, 1.4769,-0.4649,-1.1437, 1.6449,-2.0573, 2.813 , 1.1334, 2.343 ,-0.8839, 1.0776]
[-4.6813,-5.2206,-1.21  , 2.3874, 1.2584, 3.1227, 0.0574, 2.7124, 0.1283, 0.4921,-0.2416,-1.1512,-2.5279, 1.9095,-2.8064, 2.6272, 2.8412,-0.0382,-2.4413,-2.7046,-0.9914, 2.905 ,-0.3967]
[ 0.8434, 5.1137,-3.2539, 2.7837,-2.3567,-1.6755,-2.9615,-2.1799,-0.1346, 1.4346,-1.8227, 0.5996, 0.3337,-3.0952, 3.1285,-1.0534,-0.9465,-3.041 ,-2.4736, 0.0683, 1.3069,-0.1872,-1.3497]
[-0.0154,-2.3868,-2.3924, 0.0621,-1.7978,-2.1833,-0.4633, 1.3376,-2.0184, 1.5804,-0.1241, 2.6615, 3.1363, 1.0126, 2.8115, 1.4316, 1.8108,-0.3174, 2.5361,-2.3923, 2.3708, 0.3252,-0.8715]
[-4.4776,-0.0071, 5.053 ,-3.1016, 2.0426,-2.0384,-1.892 ,-2.2428,-0.8904, 0.6248, 0.7758, 2.6741,-2.438 ,-0.5664,-1.2866,-1.8139, 1.7957,-1.3392, 1.851 ,-1.2075,-1.1014,-0.6651, 2.3525]
[ 5.342 ,-3.2218, 2.8476,-2.3404,-0.019 ,-1.2456,-1.3604, 0.5388,-0.8143, 2.4804, 0.7846, 0.9728, 0.7998, 2.8541, 0.5966,-0.9795, 0.6416,-1.273 ,-1.2777, 1.0609, 2.5172,-1.2108, 2.4052]
[ 4.9221,-0.1293,-1.6357, 0.7935,-1.429 ,-2.5796, 0.6171,-1.2309,-1.6404,-0.6331,-1.3601,-1.7595,-1.5482, 1.6335,-1.7751,-1.4993,-2.8384,-1.4129, 1.0085,-1.012 , 2.3251, 2.1464, 0.1031]
[-1.9479, 4.0296, 1.928 ,-0.8102, 1.4876,-1.7315, 1.8787, 2.9173,-1.6889,-2.3091,-2.5732,-0.653 , 2.1107,-0.2892, 3.0917, 1.0631, 1.1223,-0.9856, 0.3632,-2.162 ,-1.1085,-0.6607,-2.9158]
[ 4.3994,-5.0676,-1.8582, 1.4862, 0.2074,-0.7635, 0.415 , 0.1104, 1.9071,-0.1425, 2.4347, 2.3001, 2.4181, 1.4602,-1.068 ,-2.7444,-3.0456, 2.4488, 1.3107, 2.983 ,-1.4104,-1.7817, 1.7008]
[-4.4275, 0.7673,-5.0706,-0.668 ,-0.9217,-3.02  , 3.1264, 2.5458,-0.2809,-1.8422, 0.6466, 3.086 , 0.1017, 0.7798, 0.0375,-0.7187, 0.4227,-0.8432, 0.3534, 1.8164, 2.4155,-1.0286, 2.8202]
[-5.3068,-2.8969,-4.5187,-3.1108, 0.393 , 0.9955,-1.5773, 1.822 ,-0.523 ,-0.8667, 2.4751,-0.0054,-2.8356,-2.1587, 2.111 ,-2.4907, 0.5776,-2.1957, 1.3544,-0.6629, 3.0873,-2.5321,-1.3072]
[ 2.6311,-3.6334, 2.7781,-2.0547, 1.2981, 0.0117,-1.3055, 0.3522, 0.6291, 1.7375,-0.4856, 2.9825, 0.3165,-3.1268,-0.7374,-1.329 , 1.1288, 3.0662,-0.7044, 1.8495, 3.0267,-2.7439, 0.574 ]
[-5.0769e+00,-5.6058e-01,-5.3627e+00,-1.1382e+00,-1.6363e+00, 2.9175e+00, 1.1616e-01,-1.9884e+00,-2.3902e+00, 2.9391e-02,-1.8809e+00,-1.8419e+00,-1.3716e+00, 3.2434e-01, 5.5009e-01,-1.5221e+00, 2.6095e+00, 2.6503e+00,-2.6215e+00, 3.1101e+00,-6.0428e-01,-1.9693e+00, 3.9607e-03]
[ 4.8411,-5.1003,-3.9671, 2.4494,-0.6654, 1.3056,-3.031 , 2.2262, 0.7801,-2.913 , 2.5859,-1.218 , 0.1666, 3.1343, 1.1253,-0.328 ,-2.1738, 2.1292,-1.9219, 0.7206, 2.1844, 2.3773, 0.574 ]
[ 0.891 ,-5.2074,-4.8185,-0.4658, 1.1873, 0.2007, 0.1168, 0.015 , 2.1108,-0.045 ,-1.6631, 1.0048,-0.5598, 3.136 , 2.3516,-2.6634, 1.5438,-0.3016, 1.7201,-2.6973,-1.4544,-1.324 , 0.3298]
[ 2.4311, 0.5348,-1.4271,-0.9213,-0.4071,-1.4768, 0.9144,-2.5721, 0.2197, 1.9907,-2.7432,-0.8691,-0.2655,-1.656 ,-1.1837,-1.0908,-1.9111,-0.7507,-0.2115,-1.818 ,-3.1116,-1.4233,-3.0934]
[-3.5625, 5.4962, 2.1734, 0.8696,-1.6061,-1.4125, 1.9253,-2.5211,-1.3362, 0.0963,-0.7752, 2.6503,-1.8334, 2.6199,-2.9711, 2.387 , 1.1426,-0.2572,-1.8175, 2.7706, 0.5396, 1.9834, 2.0212]
[ 5.4381, 0.1311, 2.7295, 0.3766,-1.1939, 1.4599,-0.8024,-1.9866,-1.9006, 1.825 , 0.456 , 0.7967,-1.3228,-2.226 , 2.8328, 0.0843,-0.2025,-1.7079,-2.1464,-2.9747, 0.5336, 0.9496,-3.009 ]
[-1.7315,-1.4477, 4.3536, 3.0656, 1.1816, 2.9998, 2.9373,-2.2664, 2.8832,-1.6209, 2.3048, 3.1296,-1.6021, 1.1514, 0.2547,-1.5286, 2.5055, 2.5809,-0.018 , 0.2761, 0.2895,-2.6396, 0.9439]
[-3.2338, 1.0129, 4.8392,-2.9263, 0.3473, 1.9749, 2.4312,-1.8551, 2.8001,-2.5057,-1.5205,-1.6704, 0.447 ,-0.6247, 0.4316,-2.2872,-1.1254, 3.0115,-0.5101, 1.0351,-0.7974, 0.4247, 1.0699]
[ 1.7444,-2.8043, 3.6547, 0.0928, 2.0012, 2.7997,-2.4007, 1.7523, 1.9624,-1.5739,-0.0736, 1.6482,-2.1021, 2.5022,-1.5376, 2.1976, 0.8137, 0.8543,-2.1123, 0.9907,-2.7952,-2.5673,-1.6101]
[ 0.775 ,-1.5729, 3.6044, 1.5256, 1.5137, 2.6862,-1.8533,-2.2962,-0.3177,-1.2325,-2.1556,-0.6481,-2.1535, 2.8482, 0.606 , 2.6764, 0.8143,-2.4153, 2.1807,-0.6187, 1.0281, 0.6845, 0.3041]
[ 1.4146,-1.983 , 2.8945, 2.4746, 1.299 ,-2.4652, 2.9508,-2.6979, 2.737 , 3.0938,-2.802 ,-1.3844, 0.3399, 2.2361, 1.4588,-1.8852, 3.118 , 1.6242, 2.106 , 3.0006, 2.1749, 2.1533, 1.1494]
[-2.5039,-3.6052,-1.3175,-2.2932,-0.3366, 0.5616,-2.5143, 0.5812,-2.467 ,-2.0369,-2.2863, 0.7857,-2.0608,-0.611 ,-1.0318,-2.5788, 2.7241,-1.8437, 1.3345,-1.597 ,-0.8122, 1.8536, 2.9801]
[-5.4595, 5.4632, 2.9191, 1.2517,-0.2768,-3.0837,-2.8322, 1.0131, 1.8274, 1.7986,-2.7376,-2.4347,-1.0762, 2.7883,-2.5321, 1.9922,-2.4591, 1.4855, 0.5514, 0.8362, 2.7698, 2.9881, 1.6074]
[-3.3308,-2.39  , 3.9907, 2.5918,-1.4111,-2.9192, 0.5174, 1.474 ,-1.2305, 2.5915,-0.5563, 0.101 ,-1.8818,-0.8271,-1.6539, 2.4937, 1.4888, 2.988 ,-1.4341,-2.5391,-1.8888, 2.8503, 0.6572]
[ 5.0112, 0.1379, 3.5083, 2.9061, 1.0859,-0.5537, 0.6706,-2.9812, 1.0711, 0.3221, 0.679 , 1.8345, 1.9416, 2.0942, 3.0737, 0.2642,-0.0082, 0.683 ,-1.0001, 0.9837,-1.1348, 2.5919,-0.2873]
[ 2.2972,-2.1484, 2.9168, 0.8854,-2.5145, 0.2978, 1.1972, 0.5789, 1.6525,-2.3791, 2.3448,-1.2148,-2.6086, 0.7872, 2.8187,-2.2845,-1.8658, 1.1109,-0.3138, 2.4135,-2.4148,-2.5676,-2.942 ]
[ 5.4633,-1.5884,-4.3038, 0.9553, 0.2978, 1.695 , 1.333 , 2.9309,-0.557 ,-2.4628,-2.3147,-0.2188,-1.8466, 1.0873, 0.3472, 1.562 , 2.5909, 2.4822, 2.3994, 1.5779,-1.1953,-0.7874, 2.8438]
[-2.0083, 4.6065,-0.7395, 3.0653,-0.0363,-1.3468,-2.7666,-1.9777,-0.4983,-2.5912,-0.6692,-0.0136, 1.124 ,-2.7986,-1.0516, 2.8662, 0.3862,-0.1584,-0.6317, 2.3657, 0.2237,-1.5928,-0.3408]
[ 5.4587, 0.3644,-2.3907,-2.679 , 1.3447,-1.009 , 0.5237,-2.4125, 0.3406, 3.1237, 2.8784,-1.767 ,-1.2742,-2.141 , 0.7003,-2.1144, 1.6617, 0.2708,-2.9161,-1.2556, 0.0241,-2.5299,-2.6172]
[-0.7776, 1.0863, 0.4134,-1.6298,-0.7135, 2.4858,-2.8529,-2.4709,-3.0035, 2.1335, 0.8199, 1.7101,-1.2106,-1.0776,-2.4637, 3.0938,-1.1744, 1.7152, 1.3516, 2.8518,-1.669 ,-1.1951,-1.4975]
[-4.2656,-3.7115, 1.7082,-1.6556,-0.5539,-1.1622, 0.5196,-1.1743, 1.118 ,-0.8593,-1.8523,-0.6921,-3.0807, 1.3925,-2.7313, 1.2604,-1.6892, 1.5058, 0.2184,-1.2287,-0.8702, 1.2996, 0.5348]
[-2.394 ,-1.1727,-2.6172, 1.4079,-1.1227,-1.019 , 0.6938, 2.5935, 3.0551,-3.1048, 0.7891,-2.7828,-2.6556,-2.6521,-0.3708,-2.2618,-2.9938,-2.7511,-2.4261,-1.8633, 0.7599, 0.6051, 1.212 ]
[-1.7578, 0.7119,-2.0264,-0.6367,-0.5523,-1.5242, 0.214 ,-1.3051,-0.2984, 1.5682, 2.7054,-0.8828,-2.6562, 2.1983, 2.2615, 0.3035, 1.7645, 1.577 ,-0.7528, 2.4235, 2.3922,-1.7127,-3.0377]
[-5.4842,-2.6078, 3.3395,-2.4898,-2.4019,-3.0071, 0.349 ,-1.8883, 2.0264,-0.96  ,-1.7233, 0.743 ,-1.4104,-3.0592,-2.4938,-1.8309,-2.1721, 1.5079, 2.4118,-0.3802, 0.4479,-2.3394, 0.1147]
[ 2.8672,-5.4775,-1.9228,-1.1818,-2.9726, 1.6666,-2.9085, 2.3985,-2.1975,-2.964 ,-0.0074,-1.1833,-1.5597, 0.461 ,-1.1552,-2.8147,-1.7645, 1.6463,-2.2058,-2.319 ,-2.4564,-2.9555,-1.8388]
[-4.018 , 1.1794,-1.0373, 2.1006,-3.1081, 1.0686, 2.1395,-2.6189, 3.0667, 0.6881, 1.8947, 0.7245, 1.6494, 1.0605,-2.9886,-1.107 ,-0.651 , 0.6253, 3.0096, 1.7652, 1.2799, 2.5617,-0.5701]
[ 4.277 ,-5.1324,-0.9057, 1.6357,-1.6026, 1.5669,-2.8564,-1.0689, 0.4717, 2.6343, 0.1128,-2.2682, 1.1136, 1.9399, 2.9124,-1.3572,-3.1208,-2.4323, 0.7958, 2.0407, 1.2322,-0.2042, 0.1113]
[-1.6435,-0.2767, 0.764 , 1.8119, 0.2406, 0.1356,-0.985 , 2.2789, 2.1515,-1.5835, 0.0628, 1.4967, 0.951 ,-1.167 , 1.6103,-1.2471,-2.8748,-0.0713, 2.7224,-2.391 ,-0.6814, 1.5852,-2.0432]
[ 1.5973, 0.7492, 5.3078, 2.3806,-1.8196, 1.4293, 2.2579, 1.1292, 2.2558, 0.8937,-0.2094, 1.4279, 1.6832,-1.2198, 0.9855,-1.6034,-2.2396,-1.052 , 3.0458, 1.3149,-1.6888,-0.7712, 2.9177]
[-1.9298, 1.7048, 2.662 , 1.2596,-0.1413,-0.5825,-1.013 , 1.2766, 1.9921,-1.7299,-1.2421,-2.8893,-1.5644, 2.284 ,-0.3417,-0.857 , 3.0317,-2.2783, 1.3317, 1.9107, 2.1231, 0.4083,-0.5188]
[ 4.6916,-1.9522,-1.2952,-0.744 ,-0.1228, 2.5122,-1.4454,-0.9523,-1.4487, 0.5481, 2.6932,-0.6877,-0.9012, 1.6289,-2.5662, 2.2477, 1.8117, 1.2482,-2.5851,-0.0415,-1.819 , 0.117 , 1.7799]
[-1.8887, 1.7649,-4.8737, 2.7241, 2.8506,-2.6667, 2.8699,-0.376 , 2.8845, 2.8195, 1.8912, 1.4866, 0.5139,-1.6434,-1.8583,-1.9445, 0.9296,-1.7054,-1.8609,-2.7724,-2.3393,-0.5915, 1.9578]
[-2.2795, 0.9418,-5.0572, 1.1615, 1.5729, 2.905 ,-1.3116,-0.143 ,-1.7923, 1.6289,-1.8325, 1.7413,-2.4891, 2.904 , 0.4586,-1.1072, 1.7937, 2.6209,-0.8918, 0.4576, 3.1282, 1.5214,-1.2069]
[ 2.7384, 1.806 , 2.7418,-1.8918, 1.902 ,-1.1164,-1.1879,-1.6261,-0.0469,-3.0438,-1.6275, 1.2612,-2.8635, 1.021 , 2.6297,-2.4633,-0.1847,-1.4602, 0.0384,-0.5273,-3.0025,-0.5157,-2.3376]
[ 3.8755,-3.5266,-1.1445,-0.5312, 1.8989,-1.3739, 0.0791, 1.4135, 1.983 ,-0.0258,-0.6476,-0.8805, 2.2146,-1.665 , 3.0262,-2.4499,-0.0445, 3.0021, 2.3195,-2.8264,-2.4096,-0.207 ,-2.7693]
[-1.5832,-5.2838,-1.6399, 1.0441,-2.4667,-0.8572, 2.4262,-2.0799,-0.0695,-1.3003, 0.7078, 2.3716, 2.9389, 1.5588,-0.7904,-2.4297,-3.0034,-1.3167, 0.6266,-0.9636,-0.7098,-1.5815,-1.2596]
[ 2.2907,-2.6816,-2.6629, 0.6435, 1.9517,-0.6472, 0.4015,-1.3977,-0.2821, 1.387 , 1.6021, 1.567 , 2.7729,-0.6533, 1.4968,-0.6723,-2.675 ,-2.3809,-1.628 , 1.1979,-1.5767,-0.5813,-1.3281]
[ 3.5743,-4.8598, 2.6543,-0.5962, 2.6805,-1.6588,-1.5432,-0.9389, 0.6322, 2.4161, 1.3597, 0.534 ,-2.6313,-0.8846, 2.5013, 2.5481,-0.7553,-0.1626,-0.8499,-0.0915,-3.0397, 2.3237,-1.8101]
[ 0.1753, 2.7215,-3.5621, 0.925 , 2.9369,-0.6039,-1.6561,-1.7045,-2.1404, 1.7382,-1.8868, 1.0419,-3.0954,-1.0826,-2.9416,-1.882 , 2.4562,-1.0513,-1.0848,-0.398 , 2.3183,-2.7277, 3.0145]
[ 1.4394, 0.1393,-0.0418, 1.1007,-1.2863, 2.5589, 2.199 ,-2.7578, 1.5197,-0.7876, 2.088 ,-0.7   , 0.5918, 1.1019,-0.54  , 1.4217, 1.0296,-2.4643, 1.3203,-0.7181, 1.0872, 0.8267, 2.6063]
[-2.7689,-5.3533,-2.721 ,-2.5451,-2.9252, 1.2371,-2.6264,-2.8424, 0.4477,-2.0632, 1.9282, 1.1972,-2.2102, 2.127 , 0.3152,-0.0616,-1.299 , 0.2094, 2.9019,-1.2898, 0.2133,-0.318 , 2.4104]
[ 1.648 ,-1.889 , 3.626 ,-0.5281, 2.6615, 0.8885, 2.9256,-1.1597, 1.2982, 1.3509,-0.13  , 2.894 , 0.0831, 0.978 , 2.9296,-1.2928, 0.1088, 0.994 ,-0.3975, 0.8644,-1.8147, 1.6344, 1.9372]
[-4.2729,-4.7259,-4.7887,-0.5083, 2.5998,-2.3971, 1.8993, 0.8435, 2.4861,-0.4363, 2.3769, 3.0217, 0.7147,-3.1134,-2.7506, 1.2864,-1.1667, 0.7273, 1.8902,-1.211 ,-1.9276,-1.8098, 0.2313]
[-1.7329, 4.5147,-3.9057, 2.0038, 1.1718, 0.2892, 0.3284,-1.3175, 2.8524,-1.1482, 1.0896,-1.8416, 2.6472, 1.3585, 2.1004,-3.0424, 0.2092, 0.9256, 2.311 , 1.1056,-1.3491,-2.9292,-1.9485]
[-0.5027, 5.1778,-1.2474, 0.1381, 1.1573,-0.3719,-1.1953,-2.1107,-2.2045,-2.2963,-1.5905, 2.9527, 0.6896,-1.0286, 0.42  ,-2.9414, 1.0729,-1.2393,-2.9419,-2.2076, 2.3693,-2.2214,-2.2822]
[-4.3154, 5.2422,-5.1783, 1.7866, 1.2078,-1.6593,-2.139 , 0.7471, 1.8775, 1.7483, 2.9641,-3.0063,-1.4353, 1.1934,-2.0628,-1.6516, 0.5721, 1.216 ,-0.2176, 0.0969,-2.8137, 1.166 , 0.0799]
[ 0.4814,-1.2685, 3.4687,-0.3415,-2.2423,-2.392 , 3.0853,-2.1726,-1.3981,-1.7961,-2.5973, 2.7324,-2.1083, 0.0964, 0.4976, 0.2122, 2.3217,-2.2911,-0.0743, 0.9407,-2.7132, 2.7265, 1.3856]
[-3.5599, 4.8737, 4.3056,-0.0839, 2.7288,-0.5655, 2.8449,-2.6074,-0.5646,-0.377 ,-1.2725, 2.233 ,-1.8555,-2.059 ,-1.0331,-1.3899,-2.8155, 0.4594,-0.9239, 0.7626,-2.2371, 2.5555,-1.7003]
[ 2.3862,-2.4144, 2.2474,-2.1623, 1.267 , 0.5771, 1.7777, 2.6693, 2.2416, 1.0718, 0.6974, 1.5494,-2.4466,-3.0564, 2.4344,-0.0383, 2.3669, 3.1336, 0.9405,-1.575 ,-2.5654,-0.8928, 2.1258]
[ 4.6811,-2.0434,-4.5192,-2.8287, 0.405 , 1.9319, 0.3362, 3.075 , 0.7614,-0.424 , 0.6368,-1.5762,-1.8273,-1.3473, 1.9623,-2.7525, 2.8308, 2.6054,-1.7063, 2.6384, 1.9798,-1.0132,-0.9832]
[-2.8469, 1.0219,-3.7549, 1.3492, 1.1185,-2.076 ,-2.1577, 2.6972, 0.4911, 1.756 , 0.374 , 2.2877,-1.0842, 2.6463, 1.0963, 0.2458, 0.3024,-1.6062,-0.0116, 2.9846, 2.4742,-1.5402,-2.9936]
[ 3.4116, 0.9405,-1.4423,-2.566 , 1.642 ,-0.6533, 0.1988,-0.5038,-0.3152,-2.2375, 0.8541,-2.9413,-1.4178,-1.1648,-2.4404, 0.1314, 2.167 , 1.3533,-0.4673,-3.1294, 2.0402,-2.657 , 1.018 ]
[ 2.2106, 1.8559, 2.4493,-2.6973, 2.2995,-0.8718,-0.5341,-1.7761, 2.4859,-1.49  ,-0.7834, 3.0226,-0.2562, 0.0552, 2.6704,-0.1325,-0.6235,-0.9225,-1.4943, 1.9719,-2.6979,-2.3689, 1.2682]
[-0.7768,-0.7937, 0.4172,-2.6267, 2.2932, 1.8167,-1.7278, 1.4012, 1.5629,-1.215 ,-2.5493,-2.4522,-0.8133,-0.8506,-1.9293, 0.1092,-0.0678,-2.2562,-0.6417, 2.0207,-2.2675,-2.4958, 3.1315]
[ 2.2111,-1.2263, 4.6898,-1.7527,-2.9169,-0.0564,-0.9976, 0.583 ,-0.3325, 2.6559,-2.8095,-2.9661,-0.0296,-2.5658,-2.6071, 2.1349,-0.8199,-0.43  , 0.4569, 2.8552,-0.7683,-2.5538,-0.1272]
[-3.7254,-3.4981, 2.7372,-2.016 ,-0.7619, 1.9808,-0.7863,-0.6341,-1.1042, 1.1027, 2.6267,-2.3079, 0.3592, 1.7659, 0.1231, 2.0193, 2.4028, 0.4962,-2.1987,-0.3761,-1.3242,-1.5927, 0.9208]
[-3.2539,-4.7589, 3.7807,-1.0007,-1.935 ,-1.2876, 1.1971,-1.7505, 0.3338, 0.6722, 1.6241, 2.1007, 0.4128, 1.7872, 2.3248, 0.1359, 1.1124, 1.4335, 3.1399, 1.0986, 1.0116, 2.0158, 1.309 ]
[ 2.0084e+00,-1.1854e+00,-3.5646e+00,-2.1392e+00,-1.8109e+00, 1.0198e+00, 2.3710e+00, 1.7253e+00, 1.4682e+00, 2.4617e+00,-1.2192e+00,-4.1198e-01,-7.2928e-01, 2.0140e+00,-1.6666e-03, 2.6717e+00,-2.2421e+00,-1.8539e+00,-6.1624e-01, 2.4052e+00, 1.9139e+00,-1.6098e+00,-6.1176e-01]
[ 3.3974, 2.0156,-4.5909,-2.3524, 3.1123,-2.5206,-0.2667,-0.1677, 2.7679,-1.5314, 0.2257, 2.9713,-0.6866, 0.1131, 3.0443,-2.7359,-0.515 ,-0.275 , 0.8613, 2.7898, 2.17  , 0.3103, 1.8521]
[ 0.4161,-4.7875,-2.1442, 2.148 ,-2.5746,-0.6892, 0.7472, 0.1126, 2.2037, 2.5115, 2.4972,-3.1068, 0.4405,-0.4466,-0.4571, 2.7193, 0.7631,-1.8489, 0.1072, 1.3111,-2.8136, 2.6401,-0.6234]
[-0.9638, 1.3091, 0.8562,-0.6231,-0.9511,-0.4717, 1.9044,-1.6702,-1.4079, 2.3131,-1.0381, 1.5197, 2.4895,-2.633 , 1.9053, 0.6839, 1.1483, 2.3726, 1.259 ,-1.3687,-2.5686, 1.8692, 1.3681]
[ 4.6833,-1.048 , 2.8155,-2.9325, 2.81  , 1.5849, 2.4316, 2.5603, 0.0817, 1.3231, 0.3336,-0.6752,-0.437 ,-1.1611, 0.6062,-0.3843, 1.9285,-1.0789, 2.193 ,-2.3985, 1.9311,-0.8968,-2.0664]
[-3.5189,-3.0639, 2.6586,-2.1922, 0.8602,-1.2847,-0.1088, 2.4348,-0.9702, 0.609 ,-1.5933, 1.9607, 0.7661,-2.5762, 2.5889,-2.9095, 1.4576,-0.6734, 3.1071,-1.7874, 2.9234, 0.2121, 0.0391]
[-2.5981,-1.8171, 4.5117, 1.8431, 0.2481, 1.1608,-0.6804, 3.0062, 2.4435,-3.0892, 1.5884, 0.867 , 2.3516, 2.6977,-0.9208, 2.4944,-2.4329,-0.2504,-3.0014, 2.3398,-1.2072, 0.3856, 1.5427]
[-0.4742,-5.4738,-3.5834,-0.4776, 2.7968,-1.1399, 1.3742,-2.9311,-1.9912, 0.7741, 2.5299,-0.3012,-2.111 ,-3.0021,-2.2688, 2.9739,-2.7361,-1.4719, 0.9127, 2.0148,-0.9166, 0.2834, 0.8942]
[-3.601 ,-2.5069, 0.7924,-1.61  , 2.6364,-2.3737, 1.7287, 2.7656,-1.0973,-1.4161, 1.2221,-1.1343,-1.724 ,-2.6733,-2.7035, 0.5471, 2.3992,-1.5674,-0.3538,-1.8857,-0.181 , 2.0844,-1.5499]
[-2.5634,-3.5175, 4.8508,-0.059 ,-2.9147, 0.2678,-0.478 , 2.7571, 2.8247,-0.9129,-1.3808,-2.0599, 2.7861,-0.2159, 2.4725,-3.1041,-2.7356,-0.1961,-1.4023,-2.1609, 1.3714,-2.6028,-2.7417]
[ 1.9952e+00,-2.5867e+00, 7.1581e-01, 1.1720e+00, 2.4429e+00, 1.1337e+00, 7.8672e-01,-1.6684e+00, 1.5614e+00,-1.7243e+00, 1.2926e+00, 3.7894e-01,-1.8185e+00, 1.4801e+00, 1.1749e-01, 2.5192e+00,-1.5538e+00, 8.3303e-01, 2.2531e+00, 2.9983e+00,-2.2407e+00,-2.3054e+00, 4.1077e-04]
[ 4.6213,-0.0711,-3.9624,-1.5777, 1.7204, 1.8504,-1.2346,-0.9681,-2.4698,-2.2998, 1.0027,-0.2472,-1.2512,-2.755 , 2.1619, 0.0774,-1.4185,-0.5851, 2.8715,-2.6552,-2.7232,-0.3093, 0.5234]
[-1.9432, 2.6662,-4.8679,-0.8353, 2.6269,-1.6023,-2.1082,-1.7445, 2.5319,-0.6565,-0.4482,-2.2293, 3.1407,-2.2286,-3.0028, 2.7346,-0.8572,-0.3379,-1.0815,-2.3985,-2.9939, 0.516 , 1.5314]
[-1.5308, 0.497 , 3.7998, 1.4545, 0.9888,-2.6867,-1.9805,-1.2911, 2.156 , 1.4654, 1.4879,-0.7315,-2.3534,-1.4446, 2.0305,-2.5924,-1.7072, 0.8892, 0.0907, 0.7384,-1.3572,-1.651 , 2.579 ]
[ 0.5764,-0.033 , 3.2489,-2.8357, 0.3175,-0.5272, 0.1888, 2.7506, 1.0105, 0.1183,-1.3266,-0.9044,-0.1488,-1.7144, 1.1219,-3.0758,-0.5577, 2.8927, 1.5249, 3.1236, 1.0819, 0.369 ,-3.0721]
[ 3.6302,-0.6725, 1.86  ,-0.2956,-2.738 , 3.0667,-2.0537,-1.2176, 2.3222, 2.6506,-1.9257, 0.8257,-0.5725,-2.9771, 3.1298, 2.2282, 2.1492,-1.4319, 0.6228, 1.6149, 1.084 ,-0.1372,-1.1183]
[ 3.7309, 5.2027, 3.1593, 1.51  ,-2.2935, 1.6215, 1.5914,-1.6123,-3.1045, 1.8242,-0.3386, 1.3033,-1.42  ,-0.9231,-0.6203,-2.0458,-1.1918, 0.2415,-2.3223, 2.5367, 1.6936, 0.8323,-2.0801]
[-3.3655,-5.0404,-3.5549,-1.2398,-1.9216,-0.6916, 0.7322,-1.6362,-1.759 ,-2.1575, 1.1423, 1.5566, 0.7796, 2.3001, 1.3432,-0.8336, 0.1245,-1.6955,-2.2006, 0.1087,-1.1786, 0.4764, 2.8719]
[ 0.5679, 0.5204, 5.0925,-1.7401, 0.9971, 0.9599,-2.1316,-0.3457,-2.9841,-2.3852, 2.8154, 1.6421,-0.2503, 0.2857,-0.1993,-2.9324, 0.1396, 0.4034,-2.5745,-3.0518,-0.4026,-2.2299, 2.3001]
[-0.8765, 0.3123,-4.2936,-0.141 , 0.0786, 2.7851, 1.9149, 0.1396,-0.7638, 1.7896,-0.6481, 1.5203,-1.2027, 2.4628,-2.9034,-2.9954,-2.9382,-1.2472, 2.3276,-0.3977, 1.3044,-1.3405, 1.6398]
[ 4.8752, 3.9582, 3.8214,-0.4459, 1.253 ,-0.53  ,-2.5959, 2.6176,-2.9981,-3.0285, 0.617 ,-2.4915, 0.1727,-2.7434,-2.7511, 2.3935, 2.7837, 1.2295, 0.249 ,-0.5662,-1.4956,-0.2129,-0.6783]
[ 5.3003, 0.2288, 5.4793,-0.2912,-1.3124,-1.6016,-0.6132, 0.0385,-0.4494, 0.6318, 0.2119, 0.165 ,-1.1765,-2.0823,-1.0872, 0.0081,-0.8646,-2.4269,-0.278 , 2.7354, 1.4147,-0.8826, 2.5642]
[ 2.7435,-0.2964, 3.2356,-1.51  ,-0.5978, 2.674 ,-1.5894,-1.9569, 2.6576, 1.2444,-2.7862, 2.9695, 2.6749, 1.0013,-0.5531, 0.1886,-1.1074,-0.7613,-0.843 ,-2.91  , 1.2124, 2.0252,-0.8459]
[-0.0417,-3.8128, 1.2756,-2.7992, 1.3156,-2.3582,-0.7515, 1.5061, 1.7313,-2.5232, 1.2201,-1.7601, 0.0613, 0.8566, 0.6914, 0.5897,-0.2892,-0.4303, 1.6805, 1.4024, 0.1205,-2.8386, 2.2071]
[-4.4261, 2.17  ,-2.3061, 1.4991, 2.6006, 0.79  , 0.1349, 0.7313, 3.1175, 1.606 ,-1.8246,-1.8655, 2.1026, 1.4279,-0.6345, 0.78  , 2.2993, 2.0446,-0.2622,-1.009 , 2.1376,-0.3121,-1.2772]
[ 5.4798e+00,-2.6142e+00,-5.4909e+00, 1.5255e+00,-2.4984e+00,-7.7995e-01,-2.0173e+00, 1.9130e-01,-1.6235e+00, 1.2525e+00,-1.0770e+00,-1.2704e+00, 2.7827e+00,-3.9703e-01, 8.6843e-02,-4.6356e-03,-1.3957e+00,-1.4575e-01,-8.1062e-01,-6.2236e-01,-8.2533e-01, 1.2805e-01, 2.7104e+00]
