[ 2.1112, 4.8519,-0.9688,-3.1217, 2.4076,-0.4167, 2.3571,-2.9727,-0.7212, 2.6906,-2.6942,-0.545 , 0.6333,-1.3796, 0.5011,-2.8838,-3.1323,-1.9883]
[ 1.6728,-2.7262, 0.4638,-2.8682, 1.5792, 2.8985, 1.3783,-1.237 ,-0.4067,-3.0702,-2.9456, 2.2015, 0.6766,-2.2478,-1.4397, 0.9513,-0.4432, 2.8768]
[-2.5319,-3.3137, 0.8122,-1.0786, 2.8111, 2.1299,-2.496 ,-2.8496,-1.8027, 0.7734,-1.672 ,-1.5097,-1.637 ,-0.4987,-1.3742,-0.3954,-3.0004,-1.2224]
[-0.5987,-5.3779, 4.5162, 1.5114,-0.8894, 2.4131, 0.4028, 1.1797,-0.3484,-1.5374, 2.7682,-1.7196,-0.0933, 2.4027, 1.6284,-1.1005,-0.0979,-1.7445]
[ 4.4333, 3.488 , 3.9137, 0.4146,-0.1715, 1.2336,-1.7053,-2.6302,-1.6002,-2.8027,-0.1539, 3.0281,-1.0283,-0.1079,-1.303 , 0.894 , 0.9912,-0.2353]
[-2.9377,-0.8746,-3.14  ,-0.5619, 1.8203, 2.9252, 1.7625, 2.3632, 2.729 , 3.1254,-1.2681,-1.4017, 0.6872, 0.4927, 2.3591, 0.8695, 0.3578,-2.1691]
[ 0.5023,-3.6468, 3.1489, 2.466 , 0.0597,-0.9399, 0.1263, 0.7213,-0.445 ,-2.8564, 0.0939,-2.924 , 1.7879, 3.0253, 1.0755,-1.641 ,-3.1098,-1.4622]
[ 2.227 , 4.2464,-0.0904,-2.6219,-0.4316, 2.6256,-2.3539, 0.5908,-0.8379, 0.3762, 3.0721,-1.1426,-1.0016,-2.1568, 1.9171,-1.7504, 2.9336, 1.3405]
[-2.5128,-1.5367,-3.9725, 2.1298,-2.601 ,-2.1026, 1.1844,-1.1935,-0.2461,-1.246 , 0.4106, 1.1524, 0.4669, 1.501 , 0.4452, 1.7698,-0.9358,-2.7269]
[ 3.3344,-2.2794,-5.2367, 1.8588, 2.9419, 2.414 ,-2.0866, 1.1829, 1.4232,-1.066 , 1.5158,-1.5172, 1.0944, 0.6837, 1.1727,-2.5601, 0.0911,-2.8185]
[ 0.572 ,-1.4929,-3.7831,-1.7793, 1.9825,-1.5538,-1.9461,-2.2515,-1.258 ,-1.1032, 0.2997, 2.3881,-1.61  , 2.9084, 0.7206,-1.4989,-1.8102, 2.3824]
[ 4.7651, 1.2954,-2.7223,-2.0493, 1.9113,-1.7566,-0.1296,-1.9184, 0.4301,-0.9195, 1.7014,-0.3653, 1.2849, 0.0882, 1.2596,-0.1181,-2.5723,-0.5563]
[ 4.2109,-4.921 ,-2.638 , 0.1536,-1.1363, 2.8308, 0.14  ,-0.9479, 0.9939,-0.3191,-2.4219, 0.4027,-2.3285,-1.8864, 1.1273,-1.0592,-1.4492, 0.3112]
[-1.2546,-4.5862,-0.6483,-2.747 , 0.8464,-1.7316, 0.6969, 0.1696,-2.198 ,-1.8307, 0.8458,-0.9798, 2.3245,-1.5642,-1.1339, 0.53  , 2.2468, 1.1308]
[ 0.9696, 3.706 ,-3.9284, 0.872 ,-2.3116, 2.7211,-1.0933,-2.6721,-0.6335, 0.4457,-2.3407, 2.9706,-2.2779,-1.6046, 2.9417, 2.9721, 2.6308,-2.6518]
[-3.8460e+00, 3.1332e+00, 4.8760e-01,-2.6844e+00, 1.5910e+00, 1.0048e+00, 2.5452e+00, 2.6502e+00, 7.7871e-02,-1.8144e+00, 1.2229e+00, 2.1933e+00,-2.5845e-03,-8.7323e-01, 1.1691e-01,-2.5638e+00, 1.1261e+00,-1.1793e+00]
[-1.832 ,-2.4048, 5.2629, 0.4469,-0.6105, 0.2109, 0.4733, 1.9415, 0.6301, 2.7211,-1.0644, 0.4889,-0.4944,-2.723 , 1.3276, 2.2969, 0.7562,-2.9975]
[ 1.0941, 4.8666,-3.5702,-0.8339,-0.3832, 2.1109, 2.6976, 2.8943,-1.4114,-1.1147,-1.0979, 0.8905,-0.7566,-1.1104,-2.9816,-3.0602, 0.9436, 2.3443]
[ 4.3547, 1.1922, 1.5323,-0.2709, 0.7978, 1.129 ,-2.071 ,-1.495 , 2.0325,-0.6882, 1.2973, 0.5513, 2.7842, 2.8158, 2.4541,-0.096 , 2.0486, 2.8696]
[ 3.9625, 3.5426,-0.2953, 1.4648,-1.5991,-2.4071, 1.8004,-1.2662, 3.1376,-2.324 ,-1.7025, 0.1677, 1.5841, 2.7237, 0.4389, 2.1942, 2.9372, 2.8302]
[ 3.4277,-5.2247,-2.0311,-0.6544, 0.4248,-2.5394, 0.1682,-2.8905,-3.0428, 2.8786, 2.9313, 1.0487, 2.5293,-0.3035, 2.1401,-0.4495, 0.8943, 1.0619]
[-1.8401, 0.4103,-2.7243, 2.9649,-0.8215, 1.5217, 2.6407, 1.5364, 0.1599, 2.4649,-1.6426, 2.2099,-1.093 , 1.5513,-2.9136, 2.8223,-0.6325, 0.1889]
[ 2.1057,-4.0288,-5.2649, 0.7449,-2.3497,-2.8093,-1.6018,-1.0034, 0.441 ,-2.3082,-1.2863,-1.411 ,-0.2314,-0.3504, 1.2276, 2.9365,-1.4124, 2.4158]
[-4.4719, 4.3194,-5.3336, 2.3695,-1.3935,-2.412 ,-0.0391, 2.2441,-1.6161, 1.1204, 0.5093,-2.0924, 2.6289,-1.7203,-1.5361,-0.3456, 0.394 , 2.3251]
[-1.7602, 1.4481,-3.1072,-2.918 , 1.4027, 2.6421,-1.8946,-2.8635, 0.146 , 1.5005,-0.9591,-0.7229, 0.5209,-0.435 , 2.7507,-2.9717,-2.8213, 0.1537]
[-2.4472,-2.2753, 4.0357, 0.6091, 0.0648, 0.6855, 0.0692,-1.7799,-0.6611,-1.7839, 0.7986, 1.1297,-1.7347, 0.1875, 1.9344, 0.2856,-2.6845,-1.7552]
[ 4.2456,-3.5538,-5.3077, 1.225 ,-2.5162, 0.1793,-2.9176, 2.2526,-1.0709, 0.8747,-0.2352,-1.1674, 0.0843,-2.7935,-1.978 ,-1.9784, 2.055 , 0.9915]
[-2.1586, 3.0078,-3.5988, 2.5571,-2.9657,-2.0742,-2.9469, 1.981 , 2.785 , 2.8226, 0.9863, 1.1554, 1.5089,-2.0659,-1.2998, 0.0633,-1.7473, 1.9705]
[-3.9997,-0.9464, 0.8962, 1.9083,-3.057 , 0.812 , 2.3706,-0.8394, 2.4147, 0.8344,-0.12  , 0.7956,-0.5752, 0.9473,-2.0777,-1.6046,-1.5458,-2.2627]
[ 2.4322,-2.1409, 1.8079, 1.9197, 1.0647,-1.3726, 0.3186,-2.4811,-2.7033, 0.0891, 0.9369, 1.7417, 2.1368,-2.8141, 1.7032,-2.9554,-0.1912, 1.2542]
[ 3.8727, 4.0219,-4.8519,-1.5981,-1.8179,-1.122 ,-0.8553,-2.5721, 1.1433,-0.7462, 3.081 ,-1.3813,-0.4035,-1.1505, 2.1765,-2.071 , 2.6316, 3.0104]
[-5.2592,-0.1845, 2.4083,-0.3354, 1.8787,-1.9037,-2.1061,-2.8979, 0.785 , 0.5224,-0.2557,-2.9627, 1.3848, 2.0917, 0.9191,-1.2798,-1.8728, 1.8733]
[-0.1141,-4.4028,-2.523 ,-2.1698,-1.8272, 3.0751, 2.9842,-0.3218,-2.7158,-1.6985,-0.3559,-2.7081,-1.9934,-2.1766,-0.5791,-1.1242, 2.7727, 0.2442]
[ 2.5134, 0.0407, 1.5226,-0.0857,-2.1376, 2.9917,-0.0876,-0.6819, 1.1608,-1.5589, 2.9809,-0.4557, 1.1612,-3.1259,-0.6694, 1.1354,-0.1094, 0.2943]
[ 0.4951,-4.7518, 3.1341, 2.4451, 0.5162,-3.013 ,-0.7345,-0.667 , 2.8835, 0.6551,-3.0474,-3.0748,-1.9381,-2.5387,-1.0549, 0.1438,-0.5717,-1.5405]
[ 1.8651,-3.5896,-4.9331,-1.2583, 2.5179,-0.2091, 2.0002,-0.2563, 2.1572, 0.1706,-2.9582, 2.6762, 1.1379, 0.7993,-0.8744, 1.8388,-1.1238,-0.3861]
[ 1.4156, 1.8366, 1.4316, 0.5313, 2.5634, 2.1803, 1.4623,-2.9818, 0.2615, 2.2736, 2.0943,-0.4642, 2.7391, 0.3074, 2.2722,-0.4854,-2.3011, 0.8869]
[-5.0121, 3.2741,-3.2894, 1.3473,-1.7133,-0.327 ,-1.3567,-1.2722,-0.1275,-0.0675,-2.1177,-1.1169,-0.4693,-2.674 , 1.5352, 0.997 ,-2.7582, 0.5661]
[ 4.9805, 4.3142,-0.5802, 2.8961,-1.0056,-0.1747, 0.8895,-2.8687, 3.0631, 3.0573,-1.7442,-2.0941,-1.4298,-0.4631, 2.1092,-1.2974,-0.9316, 0.3127]
[-4.0446,-1.3927,-2.3596,-0.2639, 0.9888, 0.4051,-3.0673,-1.1114,-0.9521,-1.8674,-1.0339,-0.0308, 0.3313, 1.0771, 1.0797, 1.5332,-0.4233, 2.032 ]
[ 0.3541,-4.1959,-0.8952,-0.3785,-0.1329,-1.8248,-1.5959, 1.5332,-2.3066,-2.4747,-2.859 ,-2.9128, 2.3201, 2.6921,-0.8723,-1.9484,-0.6394,-2.3734]
[ 2.6609,-2.8074, 2.7036, 2.4463, 0.0399, 1.5739,-0.1357, 1.1422, 2.5002,-1.7103,-2.4025, 0.8303,-2.437 , 0.4016,-2.5921,-2.2478, 0.5607,-1.3877]
[ 0.2471,-0.4152, 3.3881,-1.0627,-2.9107,-1.8371, 1.795 , 2.0995,-1.2244,-1.5596,-1.0515, 3.0042,-0.2788,-2.4847, 1.2268, 3.0667, 1.8716, 2.9842]
[-0.1873, 1.702 ,-4.4976, 2.3712,-1.5276,-0.1777, 1.1778, 3.0282, 0.9306,-1.4718, 1.4035,-0.6568, 2.786 , 1.3218, 1.8901,-0.8356,-1.8478,-1.313 ]
[ 0.4558,-2.1699,-4.8775,-1.6693,-0.2995, 1.9383, 1.2761,-2.8872, 1.4836,-1.8966,-3.0855, 0.8114,-0.5485,-0.3602, 1.0602, 1.9708, 2.5211,-1.8626]
[-4.6309,-2.9862,-3.3639, 0.6761,-1.8085, 0.6246,-1.9319, 0.317 , 2.8836, 1.3329, 2.1411,-0.6509, 1.6559,-1.2986,-2.6935, 2.995 ,-1.8209,-2.8884]
[ 5.1373, 4.2084,-2.5965,-0.5938,-2.3932,-0.9761, 1.444 ,-1.7581, 0.0132, 2.5519,-3.0566, 2.7208, 1.5695,-2.927 ,-1.9091,-3.0919, 0.7695,-1.5251]
[-2.2544,-2.5816, 2.0041, 1.595 , 3.0683,-0.2737, 0.2917,-3.0741,-1.7608, 1.4657, 0.7371, 0.8807,-3.0638,-0.1286,-2.2322,-0.0749,-1.7871,-2.5931]
[ 1.0015, 3.7998, 3.851 ,-1.0945,-0.5275,-0.9305, 0.9944,-0.312 ,-0.5757,-1.9712,-1.3778,-2.4868, 2.8809,-2.4976,-0.9343, 0.3017,-2.6547, 0.5309]
[-3.3177, 1.2504, 0.2619,-1.0054, 2.8892,-3.112 ,-2.8136, 2.3167, 1.8382,-0.0747, 2.4063,-3.0321,-1.5458,-0.4591, 2.6837,-0.0399,-2.9169, 1.2787]
[ 4.2598,-2.4074,-5.3044,-2.6541, 1.6835,-1.4258,-1.6235, 1.9906, 1.5667,-1.9025, 0.3436, 0.4485,-2.0105, 0.7605, 1.9902,-2.0148, 2.707 ,-2.2622]
[ 2.5175,-3.4687,-0.6672, 0.1714,-0.9322, 1.1337, 0.4312, 0.5367, 0.0758, 0.9099, 1.9536,-0.8882,-1.5134, 1.9431, 0.2561, 2.1844, 1.6305, 2.8705]
[-3.1939, 1.2973,-2.8262, 0.4117,-1.3188, 3.0173,-0.4069,-3.0892,-0.488 , 0.6213,-2.8632,-2.7129, 2.5576, 0.2322,-2.0435,-0.5923, 2.1667, 0.6046]
[-5.2403, 3.6813,-4.038 , 1.908 ,-0.705 , 2.2918, 1.7727,-0.1618, 2.3638, 3.032 , 1.9407, 1.1573, 2.3646,-0.6226,-0.3266, 0.5822, 0.1011, 2.1269]
[-1.7744, 5.0609, 1.2416,-2.1353, 0.9924, 0.1658,-1.4528,-2.6619, 0.8898, 1.968 , 1.769 ,-0.8987, 0.2712,-1.2312, 0.0739, 0.725 , 2.2484,-0.398 ]
[ 2.1542, 0.5853, 3.9949, 0.8208, 1.7027,-1.7113, 2.8381,-2.7755,-0.5989,-1.9865, 2.6423, 2.9324, 2.2963, 3.0682, 0.1508, 2.8693, 2.9529,-2.4296]
[ 3.9563, 3.9577, 2.7529,-2.5884, 2.1634,-1.9476,-1.3633, 0.5416, 3.0225,-0.6681, 0.42  , 0.3257, 2.7768,-2.6434, 2.6012, 0.2281,-1.4508,-2.3161]
[-0.226 ,-0.6637,-1.3186, 2.1115, 0.129 ,-3.0942,-0.495 ,-2.864 ,-2.7733, 1.8542, 0.3832, 2.1006,-2.2873,-2.84  , 0.8684,-2.782 ,-2.9152, 0.8221]
[ 1.5826, 0.6596,-1.014 , 2.9581,-2.8902,-0.6919,-1.3424,-1.6786,-1.8736,-1.5539, 2.1205,-2.8533,-1.9344,-2.3499, 1.0145, 0.1706,-1.5191, 0.1795]
[-1.1212,-3.4151,-3.4355,-0.2953, 0.5458,-1.4781,-1.7856,-0.9582, 0.0869, 0.8236,-2.8887,-2.347 , 1.7431, 2.9258, 1.4305,-2.1662, 0.8772,-1.3301]
[ 1.7722,-1.2344,-2.1952,-2.3162, 1.5012,-1.3395, 0.2058,-1.2931,-1.2469,-2.5789, 2.9331,-2.4532,-1.4837, 1.4664,-2.3164,-2.4469, 1.5585,-0.6939]
[ 3.4661,-1.6838, 1.0987, 0.5952,-0.0299,-1.7655, 2.0443, 2.2385,-0.6091,-2.9648, 2.5157, 1.4322, 0.8081,-2.1721, 0.006 , 2.5216, 1.2251,-2.5977]
[-0.9829, 0.1783, 4.2802, 1.7074,-2.9478, 0.3879, 0.2327, 1.4655,-2.5946, 2.1772, 1.2602,-2.3239,-1.5576,-2.7236,-1.2257,-0.9509, 0.1523, 1.239 ]
[ 0.7835, 4.5665, 2.3493, 2.3871, 2.8092,-2.9948, 2.9447, 2.9062, 0.8989, 2.5428, 1.1707,-1.8724,-2.3176,-0.8597,-1.48  ,-2.8843, 1.551 ,-1.6227]
[ 0.2087, 2.0675, 2.223 ,-0.5512, 2.4939, 0.7278,-1.192 , 0.3634, 1.3102,-0.0272,-2.4423,-1.5836, 1.7306, 1.5991,-2.6876, 1.3859, 2.8033,-0.0734]
[-0.8459, 1.5722,-2.9106, 0.2035,-2.7472, 0.1376,-1.067 ,-0.0311,-0.7078, 1.8618,-0.9236,-2.7143,-2.8581, 0.7407,-2.8462, 0.0444,-2.5593, 0.3686]
[-0.3923, 3.9688,-2.0088,-0.596 ,-2.6389,-2.6033, 0.9897, 0.7698, 0.066 , 1.423 ,-1.4688,-2.3722, 2.6953, 1.5101, 2.1354,-0.1419, 0.2001,-2.9667]
[ 1.7358, 0.3969, 0.6023,-2.1662,-1.0681, 1.6213,-2.4191,-3.0875,-1.7295,-1.1324,-2.0494, 0.6845,-2.4393, 3.0112, 1.3046,-1.062 , 2.5734, 2.0269]
[ 3.929 , 1.851 ,-0.0295, 0.2695, 2.4186,-0.6183, 0.8886, 1.0315, 0.1678, 2.898 ,-0.7871, 2.2964,-0.4729, 2.88  ,-0.3101, 0.3291,-1.8866, 2.252 ]
[-1.7923, 1.6983,-1.1688,-3.0009,-0.4535,-2.9979,-1.6174, 1.8423,-0.0974,-2.8613,-2.3883, 1.1866,-1.0078,-2.2204,-0.8787,-0.0882, 2.1759,-1.1439]
[ 0.2741, 3.7695,-0.8041, 0.7949,-1.2773,-2.9924, 2.8145, 2.5974, 1.3156,-1.3198,-3.0065, 2.5641, 0.0552,-0.6344, 2.3412,-2.107 ,-2.4589, 0.3934]
[-3.6762, 4.5312,-3.9638, 0.3992, 0.9662, 1.3367, 2.3486, 2.1933,-0.0221, 1.834 ,-2.9544, 2.993 ,-1.6795, 1.2076, 1.4357, 2.5945,-0.9104,-1.0412]
[-3.5413, 1.9445,-0.614 ,-2.987 ,-2.2801,-1.2196,-0.1974, 2.3004, 1.5419, 2.0978, 2.593 ,-2.7009,-2.9466, 2.0218, 0.1768,-2.0297, 2.0557, 2.6041]
[-3.0143, 0.6037,-1.1068,-0.4043,-2.897 , 2.7241, 1.4587, 2.4107,-0.7833, 1.3594,-0.3449, 1.2541, 0.4188,-1.1707, 0.3476,-2.7117,-2.7141,-1.1749]
[-4.2815, 4.7951, 3.6916, 2.962 , 1.2883,-2.7366,-1.531 , 0.738 , 0.1483,-1.2108,-1.2958,-1.582 ,-1.3684, 0.1057, 1.1136,-3.0191,-2.7994,-2.4927]
[ 5.3399, 0.9163,-3.0683, 2.5211,-2.728 , 2.3838, 1.5442, 1.6465, 0.5319, 0.2379,-1.7177, 2.1965, 0.3648,-2.3955, 2.8433, 1.5193,-1.3839, 1.3921]
[ 3.2717, 4.3163,-2.756 ,-2.8266, 2.723 , 2.9286, 1.901 ,-2.0575, 0.7582,-2.2234, 1.0769, 1.4175, 0.3765, 1.3733, 1.5769, 1.8472,-0.3084,-0.4252]
[ 1.0139,-4.8015,-3.6608, 2.5828,-2.45  ,-1.2568, 1.6299,-1.8891, 2.5328,-1.1734,-1.1469,-2.9928, 2.4609, 0.5857, 1.4688,-1.4157,-2.8687,-1.6045]
[-2.7307,-4.2683, 0.8019, 0.8   ,-0.2302, 1.7007,-1.6784,-0.9233,-1.1783,-1.3134,-2.225 , 2.7996, 2.2058,-1.7328,-3.0152, 1.0213,-1.9795, 1.7542]
[ 1.0066,-2.0343, 1.9738,-0.0341,-2.9294, 2.8253, 0.4331, 2.9947, 1.2771,-0.6066, 0.4023, 1.9188,-0.4103,-2.1048,-1.9713, 3.0187, 1.4875,-1.2801]
[ 4.0188, 5.4609,-0.8833,-2.7283,-0.3057, 2.397 ,-0.3779,-0.4205, 0.3675, 0.0668, 0.3347,-2.2962, 1.8996,-1.5778, 2.2284,-0.6834, 1.2159,-2.798 ]
[ 2.1078, 3.3108, 0.8558, 0.2375, 0.7211,-3.1029, 2.1587,-3.1413,-1.7684,-2.3849, 0.4254, 2.5704, 0.2391,-1.6504, 2.8094,-1.2191, 0.0891,-0.3579]
[-2.1233,-2.9224, 0.7168,-0.2996, 2.2141, 0.6756,-1.8637, 1.5787,-2.6868,-0.79  , 2.3127,-1.002 ,-0.0949, 2.472 , 2.7107,-0.5548,-0.7558,-0.4869]
[-1.1069,-1.9641, 4.5407, 1.4773, 2.4581,-2.7832,-1.3377, 1.9303, 1.9516,-1.97  ,-0.383 , 1.0167,-3.0342, 0.8232,-2.4425,-2.7925,-1.708 , 2.2057]
[ 1.0931, 4.3994,-2.5305, 1.1181, 0.7329,-2.375 , 0.6464, 2.5539,-2.4634, 1.7794,-1.9696, 1.2025, 1.0351, 2.2551, 2.0967,-2.4078, 0.4931,-1.4293]
[ 1.6437, 0.3306, 1.8138,-2.9464,-0.1463, 0.4911,-0.8408, 2.2773, 2.3665, 0.2368, 1.5588,-2.1251, 0.0443,-2.4551,-2.8219,-2.9307,-2.3202, 0.916 ]
[ 4.9299,-1.5939,-4.8814, 0.5182,-0.3598, 2.4594, 2.7585,-0.9559,-2.5469, 0.8543,-2.3413,-1.8907, 1.3205,-1.7267,-0.0145,-0.8487,-2.4653, 0.3925]
[-5.444 , 2.7972, 4.1042, 2.8786, 1.4429,-3.1264,-1.2956, 0.0507, 0.5379, 1.9821, 2.856 ,-2.6295, 1.1932, 0.3172,-1.2087, 1.964 , 0.9236,-0.5878]
[ 0.8619,-5.1572,-1.1142,-0.6879,-0.267 , 0.2123,-2.5735,-0.5833,-3.0349, 0.827 ,-2.8485,-1.6626,-0.0165,-0.4548,-0.9657,-0.3755, 0.6934, 2.9634]
[-3.8732, 4.5528, 0.6269,-1.8265, 0.7189, 1.4012, 2.2281,-1.5416,-1.8935, 2.2018, 2.0079, 1.7245,-0.906 ,-1.1704, 3.1337, 1.5915, 1.9012,-1.0738]
[-0.0877,-4.7905,-1.6708,-2.4112,-2.0286,-2.5881,-0.3699, 0.4398, 2.3555, 0.0673,-1.6712, 2.8796, 0.2183, 0.5973,-2.719 ,-0.5932, 1.7232, 0.4238]
[-3.0541,-1.4974,-2.9579,-2.0366, 0.7704, 1.0507, 0.1521,-2.2841,-1.6537,-0.1785,-2.8933, 0.024 , 1.115 ,-2.6199,-2.891 , 1.154 , 2.8254, 2.889 ]
[-2.5961, 1.2024,-0.1025, 1.0306,-1.3307, 2.0409,-2.3467,-2.2933, 2.9726, 2.1415, 1.4696,-1.2864,-2.2515, 1.8692, 2.3528, 2.6901, 0.0758, 2.737 ]
[ 2.9588,-3.7572, 3.5811,-0.3659, 0.9224, 2.768 ,-1.8327,-1.4908, 2.583 ,-1.3715, 2.4181,-0.5931,-0.0071,-2.2151, 2.0996, 2.565 , 2.1631, 2.8848]
[-1.0579, 4.0676,-0.6139, 2.0945, 0.7712, 2.607 ,-0.5282,-2.473 , 0.3445,-0.7703,-0.0163,-1.3153, 1.9991, 0.2474,-3.017 , 2.9805,-2.6117,-0.5326]
[ 4.0676,-5.3487, 3.2094, 1.7048, 2.2137,-2.9946, 2.1868, 0.561 , 2.6484,-1.6261, 2.2054,-0.3222, 0.522 ,-2.8561, 0.7414, 0.9685,-0.3099,-0.7263]
[ 0.8898, 3.0266,-4.4493,-1.9617, 1.6169,-1.1114, 2.4141, 1.0151, 0.5879,-2.9094, 1.4041, 2.1612, 0.9307,-2.5825, 0.9817, 0.4331, 2.063 , 1.7972]
[ 0.6325, 2.3129, 1.2259, 0.8924, 1.7873,-1.0011,-0.5893, 0.8175,-2.5271, 1.1168, 0.1772,-2.7949,-2.0103,-1.5507, 1.1105,-0.6522,-0.0097, 0.3252]
[ 1.4723e+00, 8.5697e-01,-3.1704e-01, 1.7762e+00,-2.8293e+00,-2.9323e+00, 1.8833e+00, 1.5069e+00, 1.8638e+00, 2.5444e+00, 1.4388e+00,-2.5025e+00, 1.9643e+00,-9.8946e-01,-2.4033e+00, 6.2528e-04,-2.0114e+00,-6.6799e-01]
[-4.3118,-1.7063, 3.8689,-2.1445,-2.2048, 1.0734, 1.0956, 0.5604, 1.6908,-1.1285,-0.4011,-2.144 ,-1.7195, 0.9844, 1.5771, 1.925 , 3.059 , 0.8383]
