[ 3.4634,-4.5901, 1.9351,-2.9269, 1.279 , 1.5173, 2.6156, 0.4109,-0.5946,-1.0758,-0.2539, 2.3557, 0.0401,-1.8279, 0.4426, 2.3277,-0.156 , 0.7593]
[-0.6026, 0.6683, 5.0656, 0.3392, 1.8742, 2.4311, 2.3548, 2.5391,-1.7236,-0.9121, 0.08  ,-2.6786,-1.9063, 2.1079,-0.2188,-2.0049, 2.0016,-1.0725]
[ 4.6063, 3.2164, 1.9475, 1.961 ,-1.5061,-0.1846, 1.3374,-2.1787,-1.5452,-2.3326,-1.0799, 2.8356,-2.8407,-0.6905, 0.0956,-2.6577, 0.0315,-0.0636]
[-3.7167,-5.4459,-0.7124, 1.7652,-1.7286, 1.1024, 2.6145, 1.0293, 2.9129,-2.6836,-1.0364,-1.1252, 0.863 ,-2.0537, 2.7169,-2.7232, 2.8589, 1.6041]
[-3.9224,-5.0624, 3.0314,-0.04  ,-1.547 , 1.1455, 0.6862, 1.0437, 0.3189, 1.5301,-0.7144, 0.8358, 0.7549,-1.6845,-2.417 , 2.7434,-0.6497, 1.2019]
[ 4.575 ,-1.335 ,-3.6632, 1.6978, 2.5415, 0.1326, 1.0675,-0.484 ,-2.9027, 0.8555, 0.9871,-0.1635,-0.7583, 1.1418, 0.6345, 3.1164,-1.3048,-1.6017]
[ 2.829 , 0.9352, 2.2828, 0.6736,-0.0239,-2.3013,-2.4037,-1.2632, 1.1057,-3.1127,-0.149 , 1.872 ,-1.7075,-0.7473, 2.4368,-0.4416, 1.2937,-0.2223]
[-0.75  ,-5.4891, 2.1816, 1.7436,-2.2641, 1.7769, 0.7917, 0.2723,-2.8479,-0.4091, 2.2673, 0.7887,-1.6375,-0.394 ,-0.0716, 1.1627,-0.2688, 3.0622]
[-1.064 , 3.1953, 1.716 ,-1.2221,-0.2028,-2.3825, 0.2458,-3.127 ,-0.4372, 1.6267, 0.92  , 1.0559, 1.5747, 2.9579,-2.6587, 2.7667, 0.5131, 1.2815]
[-5.1366, 3.2908, 4.541 , 1.5983, 1.3931,-0.8395, 1.0525,-0.8937,-2.1732, 2.2099, 1.9063, 0.9477,-0.9399, 2.7323,-2.2589,-1.439 , 2.9986, 2.8257]
[-3.4554,-4.9254, 0.1481, 0.1938,-1.7689,-0.2838, 0.7097, 3.0923, 0.2449,-0.8316, 2.7838, 2.7234,-2.1109,-2.5932,-0.2783, 0.6985,-2.3666,-0.3097]
[ 5.3979,-5.1897,-1.5057, 2.501 , 2.6932,-0.7437, 2.2846,-0.9289,-0.2005, 0.6123, 1.005 , 0.1015,-0.4876, 1.693 ,-1.1068, 2.1552,-1.179 , 0.4673]
[ 5.0472, 2.4414,-2.6245, 2.3795,-0.9042, 1.3463,-0.5212,-3.0929, 0.9009,-0.9958, 0.4944, 0.3234, 1.2979, 0.072 ,-1.2425, 1.7566,-1.4305,-2.1529]
[ 4.0567,-3.9881, 1.8872, 0.4879, 0.0234,-1.991 ,-1.2146, 0.5908,-3.0835, 0.7448,-2.3007, 0.1639, 0.3216,-1.3734,-1.1334,-2.9188,-1.9642,-0.8671]
[ 4.64  , 4.3585, 3.9554,-0.7666,-0.2775,-0.261 ,-3.1093,-1.2833, 0.4002,-1.1844, 1.9021,-0.9943, 2.6911,-0.3293,-2.0227,-0.5912,-1.2509, 1.7022]
[ 1.6417, 1.377 ,-5.2975,-0.358 , 2.0573,-1.2072,-2.4008,-0.1537,-1.9792,-2.9273, 1.2569, 1.9304, 0.2392, 1.5708, 1.7004,-0.2816, 2.9802, 1.0543]
[ 3.2648, 0.3825, 3.5604, 0.1579,-0.1525, 1.9804,-1.096 ,-0.6898, 2.2657, 2.4489,-0.6053,-0.0148, 0.7486, 3.132 , 1.9363, 2.3549, 2.0926,-0.3556]
[ 3.4683,-3.5269, 3.3444,-2.2439,-3.0607,-1.0807, 2.9269, 1.7024, 2.9497, 2.341 , 2.1672,-2.7974, 0.2468, 2.6668,-1.9976, 1.827 , 1.894 , 2.011 ]
[-1.5163,-3.5366,-3.2825,-0.1231, 0.7549,-0.052 ,-0.7925,-1.7481,-0.4477, 1.4589, 0.1623, 2.2494,-2.1557,-0.8007, 0.7487,-2.7496, 1.7601, 2.3832]
[ 1.7071,-3.9559,-3.3458,-2.7898, 2.3841, 2.9886,-0.6833, 0.9251,-1.8905,-2.254 ,-1.9022,-1.4216,-1.7921,-0.1842, 0.2603, 2.7665, 0.1639, 3.1251]
[ 4.9903, 2.108 , 3.3652, 2.5307,-0.3143,-1.8453, 1.1247, 1.5025, 1.4262,-1.0817, 0.9389, 0.5573, 0.6231,-1.9654, 0.7681, 0.8234,-1.9972,-2.7456]
[-3.2337, 3.557 , 0.8246, 1.047 ,-2.1015,-2.4264,-2.7682, 2.2689, 0.1844, 1.1137, 0.9122, 0.7235,-0.2763, 0.7388,-3.1271, 1.7885, 1.9101,-2.7081]
[ 5.3466e+00,-4.9630e+00, 2.0692e+00, 1.7546e+00,-6.7844e-01, 1.3539e+00,-3.5733e-01, 1.2312e+00, 3.0576e+00,-2.9127e+00,-4.9749e-01, 4.4179e-01, 2.9401e+00,-9.6878e-01,-1.4678e+00,-1.2395e+00,-2.7716e+00, 1.3849e-03]
[-3.9852, 0.9628, 1.1603, 0.9921,-0.5043,-2.5428,-0.8007,-3.0342,-2.0453, 1.2039,-1.7504,-0.9752, 0.9079,-2.0803, 2.7576,-2.315 , 1.5896, 2.542 ]
[-3.1366,-5.4134,-0.0719, 0.9171, 1.4642, 2.1009, 1.9454,-2.7077, 2.7411,-2.8873, 2.3291,-2.6888, 0.2035, 0.9993, 1.3147, 2.9123, 0.6367,-2.4343]
[-3.7695, 4.3169,-5.4521, 1.3539, 0.0147,-1.9235,-0.9401, 1.9147, 2.7709,-1.7682,-1.3754, 0.7881,-2.4954,-0.1974,-1.0569, 3.1221,-2.4436, 2.6852]
[ 1.8487, 5.4799, 4.7369,-2.6088,-2.4972,-1.3502, 0.4284,-3.126 ,-0.0854,-0.7467,-1.8803, 0.4185,-2.8867,-1.4166, 0.7988, 1.0498,-0.3338,-2.2983]
[-4.944 ,-4.8096,-0.6596,-3.0174, 2.0264,-0.63  ,-2.1982,-1.9287, 1.1523,-0.2659,-2.7587,-1.2006, 3.018 , 1.4873,-3.102 ,-1.6087, 2.8011, 3.015 ]
[-2.102 , 0.0719, 3.0208, 2.8029, 3.1258, 3.0773,-2.5635,-2.2152,-0.1557,-2.3303,-0.7402, 1.4614,-0.9882,-1.0786,-1.8442,-0.1517, 0.7686, 2.8622]
[-3.6726,-2.3888,-5.1933, 2.9893,-0.6709, 2.2277,-2.6723, 1.3316,-1.0282,-1.0815,-2.1255,-1.2158, 0.2641,-2.9277, 1.2232, 0.1076,-2.3222,-0.7736]
[ 3.5216, 0.1637,-2.2972, 0.4164, 1.4955,-1.1825,-1.7892, 2.7812,-0.8751,-0.8737, 0.2085,-0.4959,-2.4709, 2.9855, 2.7629, 1.3815, 1.9641,-0.227 ]
[-2.1755,-1.2622,-2.3824, 2.5149,-0.9797, 1.4966,-3.1026, 2.4001,-0.4748, 2.9053,-0.3596,-0.7564,-0.1476,-3.0843, 3.1306,-2.3774,-3.0882,-2.0244]
[ 2.9127, 0.9019, 2.1875,-3.1406,-0.9394, 2.5603, 2.8995, 2.2025, 0.4419, 0.9562, 2.975 ,-1.3699, 2.8779,-0.8943, 1.9608,-2.1824, 1.1752,-1.4112]
[ 1.4792,-0.9106,-2.7665,-2.2126,-0.4755,-1.3789,-1.3386,-1.1046,-2.1115, 0.2314,-0.8577, 2.573 ,-1.0095, 0.1909, 0.2639, 2.4712,-0.9888,-0.939 ]
[ 0.0264,-1.2475, 0.5588,-2.6906,-2.0423, 0.6634, 0.6722,-0.323 ,-2.64  , 2.1713,-1.5693,-1.6103, 1.0542, 0.4988,-1.9875,-2.5136, 0.9712, 1.3952]
[ 1.1167,-0.4215, 3.914 ,-1.6648, 0.7002, 2.428 , 0.4606, 0.2649, 0.105 , 2.8028,-1.4689, 0.5987, 0.8939, 2.5912, 0.2181,-2.0812,-1.3348, 0.4471]
[ 3.3256,-3.8185,-1.4133, 2.5991,-0.1131,-3.0768, 2.8686, 0.2876,-0.725 ,-2.1539,-1.3699, 0.5572, 2.6525,-1.1336,-2.543 , 1.7231, 2.5736, 2.3598]
[-2.4505, 3.6231,-5.399 ,-0.5489,-0.9605, 3.0755, 1.0262, 0.3531,-1.7457,-0.6439, 0.3048, 1.8092,-1.7829, 1.3299, 0.2103,-3.0943,-0.1778,-2.8776]
[-3.3395, 2.2656,-2.7968,-2.0084,-0.1621,-1.5196, 0.1078, 1.8158,-3.0367,-0.502 ,-0.2837,-2.9394,-1.1416,-1.606 ,-2.4974,-1.5009,-1.3738,-2.6786]
[ 3.8034, 0.3113, 1.6016, 1.6557, 2.5807,-2.5334, 3.0935,-2.4309,-2.8881, 1.2025, 0.3992, 1.4525,-1.1073,-2.5906,-3.1033, 1.5812,-2.012 , 0.9693]
[ 1.6213, 1.5695,-1.086 ,-0.7517,-1.2872,-0.5785, 0.4771,-2.0854, 1.3344,-2.483 ,-2.7226,-1.1008, 0.3831, 1.1546, 1.0352,-1.199 ,-2.999 , 1.9132]
[-5.3828, 3.838 , 5.2237,-2.1151, 2.4838,-1.8641,-1.8686,-2.0745,-2.56  , 3.0602, 2.0499,-0.2449,-2.3676, 3.0321, 2.4692,-1.5322, 2.2587, 3.0155]
[-0.617 , 0.6016,-4.7497, 0.9281, 1.5165,-2.0752, 1.6689, 0.1264,-1.9117, 1.9584, 0.7514,-0.2238,-1.3383,-0.842 , 0.9977,-1.2465, 2.6045,-0.8177]
[ 3.3423,-2.4942, 5.3298, 0.1738, 3.0763, 2.7321,-2.5673,-1.5501, 1.5772, 0.3243, 2.5062,-1.8252,-2.8887, 1.508 ,-2.9555, 2.898 ,-1.2153, 0.4086]
[ 4.0852, 5.4384, 0.0788,-2.4106,-1.7329,-1.9018, 1.3773, 1.3298,-2.2981,-1.5502,-2.7797,-2.6542, 2.9453,-0.2687, 1.5175, 0.7707, 2.1341, 2.397 ]
[ 3.5824,-2.6258,-4.6425, 1.4581,-2.1989,-2.2245, 2.5126, 1.6699, 1.7135,-2.7703, 1.7928,-0.8245, 2.6881,-1.4496, 0.3918, 1.9424,-3.0113, 2.0193]
[ 4.0454,-4.0349,-0.2125, 2.7615,-1.4566, 0.4515,-1.8063, 0.2734, 1.5149, 2.9834,-1.6335,-2.3003,-0.6095, 0.8398,-0.2501,-2.3086, 1.6328, 0.8112]
[-3.1269, 1.237 ,-4.6766, 1.7223,-1.0226, 2.3412,-2.4692,-1.3403,-0.3742,-2.3543,-2.9923, 1.8027, 1.8859, 0.03  ,-1.0248, 0.1403,-0.1099,-2.9306]
[ 5.3504e+00,-2.1608e-02, 9.4956e-01, 2.3580e+00,-1.3646e+00,-3.1323e+00,-1.3445e+00, 2.3731e+00,-2.6959e+00,-1.6340e+00,-3.5063e-01,-2.3574e+00, 2.9413e+00,-3.6363e-01, 1.6049e+00,-1.0144e-03,-1.6738e+00,-4.6396e-01]
[ 0.7385,-0.203 ,-4.3151,-2.9977, 3.1325, 0.7971,-0.1794, 3.0152, 0.8292,-3.104 , 2.9028, 1.8802,-1.4538, 2.9018,-2.2089, 0.3216,-2.0861,-0.8339]
[ 2.8164, 5.4588,-0.5507, 1.6541, 3.0267, 1.1691,-2.7143,-1.8395, 1.6892, 2.6076,-0.5077, 0.2943, 1.2822,-1.0261,-2.6578,-2.4429, 2.5245, 0.6434]
[-3.2388,-3.4753,-3.8883,-1.7875, 0.3849,-1.2202, 1.1169,-0.2851, 0.8953,-0.332 ,-2.0714, 0.0981, 1.2427,-2.4951,-1.6827,-2.7967,-1.8137, 0.9275]
[-0.8351,-1.6688,-3.3306, 3.0492, 1.3788,-2.9993, 0.5382, 2.2431, 0.6489,-1.6288, 0.1962,-1.6035,-1.7668, 0.8935,-3.1013, 1.0617, 2.6935, 2.9015]
[ 5.1861, 0.834 ,-2.4502, 1.0714, 2.8021,-0.6119,-0.1642,-0.0852,-2.0888, 2.7027,-1.2073, 2.2948, 1.5076,-1.6961, 0.1509,-0.8107,-1.3242,-1.2559]
[-2.5522, 1.6981,-2.6192,-2.7667,-2.4342, 1.7405,-0.1886, 2.0083,-2.6559,-1.61  , 2.3116, 1.9459, 1.0459,-2.791 ,-1.3382, 2.1294, 1.5499,-0.3825]
[ 2.6967, 4.1191, 3.6355,-2.7   , 0.6768, 2.498 ,-1.9818, 1.6369,-0.9894, 2.5845,-1.5682, 2.3563,-0.4291,-2.231 , 1.0763,-2.9329,-1.1317, 0.5812]
[-4.5288,-3.4049, 5.169 , 0.5682,-1.8854, 0.9553,-1.9382,-2.5868,-2.8101, 2.957 , 0.3308,-2.342 ,-0.0892, 2.3026, 1.6375, 0.6894,-0.589 ,-2.404 ]
[ 3.1063,-1.1967,-4.8546,-0.7155,-2.8192,-2.8847, 0.7784,-1.7844,-2.7761,-3.1084, 2.9849, 0.0965,-2.2759, 2.7818, 1.1793, 1.6812,-1.9249,-2.5969]
[-4.1642,-3.8703, 4.5435,-2.6689, 0.3789, 1.6815, 0.0859, 0.7162, 1.5243,-2.6868, 2.2473, 2.749 , 1.8482,-2.7648,-2.9407,-0.4962,-2.4832, 0.9836]
[ 1.503 , 4.5235, 2.6333,-1.8988, 2.0227, 2.5069, 0.1732,-2.5998, 0.7791, 1.8282,-1.9573,-0.5499, 1.3386,-1.3353, 0.2458,-0.5991,-1.3257,-0.7647]
[ 0.3002,-4.7716,-0.1078, 0.7278, 1.0501,-0.0403,-0.4484,-2.5187,-0.0874, 2.4407, 0.5753, 3.0094,-1.6994,-1.5309,-2.4568, 2.4755,-0.1511,-0.3556]
[-1.3613, 1.4975, 1.3373, 2.4096, 0.9402,-0.1216,-2.2384,-1.2779, 1.7886,-2.3281,-2.2378, 2.0997,-0.1582,-2.6242,-2.8217,-2.7013,-0.9147,-0.7653]
[-4.8702, 1.8177,-3.5932,-0.5353, 0.6367,-0.6323, 0.5914,-0.8901,-3.0265, 1.4936, 1.7214,-0.8314, 0.1432, 2.6554,-0.3634,-2.3867, 0.6099,-2.3839]
[ 2.5298, 2.4163, 4.9075, 1.6711, 2.9644,-2.4898,-0.1897,-2.3059, 0.3715,-1.6038, 1.2169,-1.652 , 0.8966, 0.7981,-0.1068,-3.1405,-1.0864,-2.7036]
[ 2.4887,-1.3665,-3.937 , 0.8124, 0.563 , 3.0493,-1.9954,-1.9216,-2.4687,-2.0319, 1.1832,-2.8853, 1.3753, 0.1402, 2.9635, 0.6317, 2.3218, 1.7391]
[ 2.0186,-3.1779,-3.3321, 2.0696,-2.9877, 1.7386,-1.0739, 0.8178,-1.317 ,-0.3764,-1.905 , 1.6912,-1.7419,-1.5622, 0.5598, 2.7146, 1.103 ,-0.3907]
[ 3.5296,-4.3254, 3.006 , 2.6807,-2.992 , 2.5674, 1.9189,-2.7336,-2.2605, 0.5797, 2.0062, 0.9718,-0.6802,-0.9254, 1.0187,-0.2715,-0.7245,-3.0036]
[ 5.189 ,-0.2917, 4.2297,-0.6872,-1.851 , 2.0425,-0.3473, 0.2998, 1.7481, 0.8294,-3.1103,-1.4069, 1.0127, 0.5554, 2.969 ,-1.4945, 3.1041, 0.7773]
[-1.9937, 1.1955,-2.2812, 0.6238,-1.8575, 2.4842,-1.7687,-2.0594, 1.2808,-2.897 ,-1.1284, 1.2914, 2.7697, 2.4234, 2.6809, 2.5188, 1.1244,-2.0565]
[-1.8723,-4.8711, 4.7249,-0.1608, 1.6945,-0.8705, 0.3799, 1.1197, 1.6884, 1.3146,-1.0149, 1.5532, 2.4689, 3.0103,-2.9563, 0.5735, 0.926 , 1.3977]
[ 4.6595,-4.6577, 4.197 , 0.6523,-2.0772, 2.4597, 1.1624, 2.5734, 1.1744,-0.2155,-0.6324,-1.584 , 0.1349,-0.0895, 2.98  ,-0.6614, 3.0666,-0.798 ]
[ 0.3768, 2.7606, 2.8623, 0.0276,-1.7881, 2.4329, 2.0934,-2.5432,-2.9448, 1.4218,-0.4409,-2.7661,-2.2931,-0.1253, 2.5715,-0.6406, 0.6478,-0.2364]
[ 0.8318,-0.1557, 2.4298,-0.9648, 3.0052,-3.0019,-1.802 , 2.5145, 1.2977, 0.6242, 0.3662, 0.1445,-1.5954, 0.7164,-2.6983,-1.4235, 2.8912,-0.7853]
[ 0.4574,-2.6299, 1.531 ,-0.1882,-0.8602, 0.3563,-2.9038, 1.189 ,-0.8188, 0.5503,-1.3319,-3.1093, 1.9834,-1.6381,-2.5282,-2.1493, 1.0256, 0.1094]
[ 2.1941,-4.4686, 2.6338,-1.0253,-0.0395, 3.0969, 0.7902,-1.8538, 2.6887,-1.1831,-1.4652,-1.9858,-0.1202,-2.6717, 2.652 ,-0.8789,-0.4062, 1.8284]
[ 1.6367, 5.1768, 2.4311,-1.2958,-1.5865,-2.3644, 2.2397,-1.8462, 2.6328, 1.7465, 1.168 ,-2.1155,-2.726 ,-2.7201, 2.7832,-2.4054,-2.845 , 1.3046]
[-5.3731,-5.3876,-2.7679,-1.763 , 0.6476, 2.2043, 3.0813, 1.1005,-2.7178,-0.0455, 2.0631,-1.1718, 1.3181, 1.931 ,-2.6749,-0.6779, 0.9222,-3.1098]
[-2.9625,-5.4939,-1.3516,-0.8494,-2.0049, 3.0755,-2.2035,-1.251 ,-0.8789,-1.6197,-0.4318,-2.6897, 1.2618, 3.0983,-1.9782, 0.9261,-3.0328, 1.9337]
[-1.8766,-3.2323, 5.4231, 1.5375, 0.147 ,-0.1131, 2.2968, 1.5579,-2.4727, 0.7666,-0.1099,-1.2952, 1.483 , 0.6878,-1.7653,-1.7256, 2.4972, 0.5679]
[ 3.9678,-3.4628, 4.9933,-1.4605, 3.1339,-0.2338,-0.5557, 0.9297,-0.6964,-1.2571,-1.8915, 1.8943, 2.0564, 2.0933, 1.1545, 2.9695,-2.8077,-1.7654]
[-0.71  , 0.6842, 0.9727,-1.3623, 0.1941,-0.1449,-2.4087,-0.2882, 1.1477,-2.6412,-2.858 , 2.4388,-2.2306, 1.0635, 2.3779,-2.4419, 0.2124,-0.1081]
[ 1.2296, 2.7966,-2.7249,-2.6208, 0.9702, 1.4839,-0.0687, 1.4267,-2.7531,-0.9765,-1.2441,-1.622 , 1.1333,-0.8439,-1.2189, 0.5718, 2.4839,-2.638 ]
[ 3.319 , 2.8675,-3.2626, 2.9   , 2.676 ,-1.6431,-0.3875,-1.6202,-2.7637, 2.3469,-0.9455, 1.0346, 0.396 ,-1.0696, 1.2973,-2.8752, 1.3097,-0.1578]
[ 3.1585, 3.0684,-5.0556, 1.8252,-1.6876,-1.311 ,-2.5651,-0.701 , 1.9087, 1.4183,-1.7508, 0.2954, 0.4943, 0.6599,-1.7417,-2.5366,-1.946 ,-1.2478]
[-2.8747,-3.9733,-1.3499,-1.9504, 2.5186, 0.1717,-1.877 , 1.5995, 2.436 , 2.6712, 0.8464,-0.4172,-1.6515, 2.8168, 2.6411,-1.1834, 2.7106, 2.6661]
[-0.8459, 0.4201, 4.1173, 1.7779, 2.5985,-0.4127, 2.6733,-1.5357, 2.1615,-1.8233,-2.653 , 2.5882, 2.2499,-1.5316,-0.3444, 0.5131, 0.9225, 0.4419]
[ 4.0764, 2.2086,-1.2756, 2.5557,-1.8697,-3.1074,-2.9232,-0.3143,-1.5071, 0.9702,-1.7432, 0.8932, 1.7264, 2.1139,-3.129 , 3.0392, 1.6891,-2.1039]
[-3.4323, 2.7196,-1.6234, 2.742 ,-0.1065, 1.6101, 2.7343, 2.6675, 0.873 ,-1.193 ,-0.2401,-0.3211,-2.824 , 1.3201,-2.4837,-2.8676, 2.375 ,-0.6796]
[-0.9593, 3.0241,-5.1273,-1.5145,-1.7598,-0.0356,-0.6733,-0.568 , 0.7867, 2.8719, 0.4484,-2.2734, 2.1894,-2.619 , 1.6622, 1.5785, 1.0174,-3.0667]
[ 3.9989, 3.2654, 4.5436,-0.2602, 0.0952, 1.3299, 0.605 ,-2.3036,-2.9121,-2.4309,-0.1284, 1.5639, 2.9252, 1.9227, 2.9409,-1.1872, 0.6925, 0.6708]
[ 2.3198, 0.7586,-0.0866, 1.6832, 3.0837, 1.7232,-0.4196,-0.9484, 0.0997,-1.0365,-2.0975,-1.7894, 1.6276,-2.0736, 2.5596, 2.5258,-0.1424,-0.0971]
[ 3.0978, 3.6454, 1.3079,-1.4427,-1.3871,-2.6347, 1.532 ,-2.4423,-1.3112, 0.029 ,-0.9514,-1.484 , 0.3061,-0.8209,-0.6034,-0.0668,-2.904 ,-0.8196]
[ 3.2619, 2.1398, 4.7544,-2.3177, 0.3172,-0.9161, 0.4201,-0.9392,-1.7847,-2.9285,-0.4879,-1.9205, 2.5166,-1.1447,-2.5385, 1.2366, 0.5677,-1.4529]
[-0.0599, 3.8128,-0.1959, 2.3392,-0.321 , 0.8914, 1.1996,-2.382 ,-0.4483,-1.9489,-2.2375,-2.5557,-0.6499,-0.2473,-2.8114,-0.8754,-0.0238, 2.9752]
[ 3.614 ,-1.2117, 0.4072,-1.5357,-1.7495, 2.0957, 0.9147,-2.9115,-0.8829, 1.1446,-1.9774, 1.96  , 1.8326, 0.1354,-0.4056, 0.4432,-2.0724,-1.5553]
[ 3.9688,-3.6977,-3.2617, 2.6039, 2.0291, 1.1088, 1.8611,-0.962 ,-1.4645, 1.8799, 2.5178, 0.3544, 2.2929,-0.9797, 2.1345,-0.5325,-1.6033, 1.6721]
[-0.1181, 3.6411, 4.5794,-3.0789,-2.7349, 2.6054,-0.7223, 2.0486, 0.4252, 0.5112,-1.1377, 1.9038, 1.2265,-1.6149,-1.839 ,-1.7416,-1.2948,-1.4099]
[ 3.7139,-1.147 ,-2.4335, 1.6105,-2.135 ,-2.375 ,-3.0224, 2.9103, 0.9538,-1.5672, 2.9195,-1.1173,-1.0455,-0.8587,-1.9742,-0.9385, 2.5907, 2.2074]
[-4.8488, 1.3515, 0.3652, 0.7119,-1.0844,-0.8451,-1.8124,-2.5821,-0.8881, 1.2175,-2.5048, 0.3258, 1.0772,-0.3917,-2.7111, 0.8953, 2.5988,-2.3457]
[ 3.3713, 3.7423, 5.4523, 1.9394,-0.5738,-0.8905,-1.5903, 0.3811, 0.6621, 0.6876,-2.7904, 0.9517, 1.1429,-2.7097, 0.0843,-2.1944, 2.2681,-1.9692]
