[-1.5558,-1.1451,-1.0453, 1.2819,-1.6297,-0.7647, 2.3396, 2.187 ,-2.632 ,-1.242 , 1.9442,-2.6945,-2.7238, 1.82  ,-0.0089,-1.4316,-2.2866,-2.3829,-1.9411,-2.0777]
[-1.3624,-0.9941, 5.2296, 0.8701, 0.5078,-2.4365, 2.0079,-0.7229,-0.5285, 2.0298,-2.459 ,-1.2017, 2.087 ,-0.4957, 1.1584, 0.7522, 2.7277, 0.2781, 2.3631,-0.4764]
[ 0.9927,-5.4961, 2.2523,-1.2407, 1.3445, 0.777 , 1.9738,-1.9913, 0.9626,-2.0044,-0.8621, 0.5042, 1.7462, 0.2138, 2.6592, 1.8783,-1.8217,-1.7829,-0.396 ,-2.5755]
[ 4.9471,-2.0036, 2.2641,-1.7779, 0.6625,-0.7547, 2.9854,-2.0932, 1.6042, 3.0584,-0.5913,-2.5785,-0.3731,-2.6323, 2.1419, 1.0221,-0.3937,-0.713 , 2.1438, 1.6115]
[ 1.0009,-3.5315, 4.1586, 2.9602, 0.9757, 0.3192,-2.6604, 1.9479, 1.3142, 1.6524,-0.3326,-0.0914, 2.5601, 2.5935,-0.4825, 0.6685, 2.4521,-2.0437,-0.1599,-1.9365]
[-3.14  , 1.2468, 0.7264,-2.8193, 3.1186, 0.7658, 3.0977,-2.5672,-1.3282,-2.9285, 1.7905, 0.9156, 1.5644, 2.4265, 2.1968, 0.1981,-2.0318, 1.8551, 3.0715,-1.2641]
[-4.5294, 0.0774, 0.2483, 0.4803, 2.8209,-0.6747,-1.7571,-1.0078,-0.2114,-3.0035, 1.2641,-1.9256,-1.0067,-1.5408,-2.0822,-1.3752,-2.166 ,-2.8381, 2.3399, 2.9903]
[-2.2358,-2.3135, 4.8968,-1.5733, 2.9351,-1.7306,-2.3098, 2.3061,-0.4806, 0.4892, 1.317 ,-2.1765, 0.0697, 1.948 , 2.1955,-1.3509,-1.2172, 2.5092,-0.7221,-1.5859]
[-5.1156, 0.0719,-0.5253,-0.884 , 1.2986,-1.1834, 0.9181,-2.1042, 2.8793, 1.5315, 0.9381, 2.2687, 1.7133,-1.0806,-3.0245,-2.4494,-2.0011,-2.7749,-0.4295,-1.556 ]
[-1.7422, 3.7628, 1.8426, 1.889 ,-1.0479,-0.0848,-2.6301, 0.3219, 1.3875, 1.6783,-2.4858,-3.0676,-1.1718,-1.2748,-0.6243, 2.6695, 1.5914, 0.3119,-3.1178, 0.7599]
[ 4.9411,-5.3533,-4.7808, 0.8722,-2.4759,-2.0719, 1.2692, 1.0499,-2.747 , 0.764 ,-0.1668, 0.4026, 0.1124,-1.6079,-0.3468,-1.6839, 1.6665,-0.4776,-1.743 , 1.8641]
[-0.4556, 5.3085,-3.5564, 0.6568,-1.5167, 2.0552, 2.5033,-1.1173,-0.9586,-1.3506, 2.1351, 2.5623, 1.5692, 0.7524, 0.5294, 1.3955,-2.2134,-1.293 , 1.0212, 1.2418]
[-2.153 ,-0.6204,-1.7647,-1.8079,-0.9013, 0.1993, 2.7443, 0.9546, 1.1404, 2.1463, 2.4081, 0.9881,-2.5255, 0.4482,-0.2461, 0.0871,-2.5928,-2.3541,-1.1846,-0.2017]
[ 4.7897, 3.5676,-2.7141,-0.6779,-3.0519,-2.8107, 2.2986, 2.2473,-2.2868,-1.8782,-0.7077, 2.3471, 1.2759,-2.6845,-2.2427,-1.5056, 2.1132,-2.977 ,-1.4333,-2.022 ]
[-2.9702, 1.8163, 5.1572, 2.9987, 1.6158, 1.725 , 1.6956,-0.946 , 1.8094,-2.09  ,-3.1184, 1.0871,-1.1561,-2.9376,-1.1437, 0.8789,-0.6185, 2.9049, 2.1014,-0.105 ]
[-1.6714, 0.6208, 4.9456,-0.0286, 2.1016,-2.0326,-1.4442,-2.0681,-0.4189,-1.4983, 1.2336,-2.7669,-2.1552,-2.4045,-0.3561, 2.573 ,-0.941 , 0.4782,-2.8081,-2.6987]
[-4.0768, 3.3432,-0.8087, 1.2681,-1.898 ,-1.5704,-2.6495,-0.3947,-1.8564,-2.9449, 0.536 , 1.8636,-2.3342, 3.0314, 1.2861, 2.9625, 2.1941,-1.4172,-0.9697,-0.1698]
[-2.3639,-3.8676,-4.0396, 0.1735, 1.5711,-1.4535, 1.4225,-1.9119,-1.0655, 2.4537,-1.3477, 0.2922, 1.2742,-0.214 , 2.823 ,-1.5805, 0.5376, 1.2898, 0.5432, 2.4563]
[-1.6018,-1.3791, 5.162 , 2.0309, 2.3485,-1.4549,-2.5297,-0.1156, 2.8622, 1.7856,-2.5913,-0.4733,-1.7706, 1.3987, 1.8891, 0.3505, 2.8103, 0.0671, 0.6975,-2.0871]
[ 1.6278, 0.8919,-1.8967, 1.2712,-3.0437,-2.9419,-1.2089,-1.2086, 2.9573,-1.3898, 2.247 ,-2.8777,-2.7516,-1.443 ,-2.2233, 2.0037, 2.0248,-1.3321,-2.0798, 0.4386]
[ 4.7688, 2.6561,-0.7557, 2.0629,-1.6892, 2.1902, 2.9669, 1.3215,-1.2523, 1.1365,-2.998 ,-0.7778,-2.0556, 2.0592,-2.9935, 0.4125, 2.5378,-1.9047, 0.4287, 2.484 ]
[-1.1567,-1.8369,-3.1665, 2.6307, 0.7448, 2.9516,-1.5223, 1.7357,-2.4739, 2.9439,-1.0328,-1.7322, 1.4015, 2.4966,-2.6469, 1.7124, 1.2893,-1.9939,-0.3183,-0.8742]
[ 3.7052, 0.98  , 2.7538, 0.1931, 1.6394, 1.4953, 1.5765, 1.2249,-1.6719, 1.2806, 2.6609,-2.9535, 2.5845,-1.9362,-1.7324, 2.7103, 1.3586, 1.7282, 2.0425, 0.6586]
[-4.383 , 3.8766, 3.1801, 0.9941, 2.7561,-0.3841,-3.0828, 2.954 , 0.8796, 2.0736,-1.9801, 2.4578, 2.8988, 0.2612, 2.7165, 1.9889,-0.2171,-0.8626,-1.0366,-0.9244]
[ 4.6359,-4.6585,-4.7843, 2.292 ,-1.23  , 3.1275,-0.5597, 2.7956,-2.5435, 1.4506,-1.4008,-1.808 ,-0.8843, 2.8978,-2.8499,-0.0473,-1.843 , 2.4306, 0.5894, 2.1139]
[-3.0627, 1.0518,-0.8616, 2.4088, 2.2634, 1.2134,-1.6015, 1.7252,-0.1984, 0.019 , 0.946 , 0.0179,-0.202 , 1.1309,-2.6954, 2.7235,-0.0495,-0.3232,-2.9466, 0.5425]
[-0.3382,-2.221 , 3.275 ,-2.6714, 2.4535,-1.6499, 2.5364, 0.1794, 2.7604, 1.9356, 2.7724, 0.72  ,-1.9513, 1.9902,-1.8752, 1.4726,-1.5731,-1.3678, 2.3046, 0.1854]
[-3.1667, 2.6133, 0.7974,-2.2297, 2.7836, 0.4505, 1.1395,-0.2767, 0.1785, 1.5845, 2.9079,-1.3891, 1.8864, 0.7908,-1.8194, 2.6767,-1.431 ,-1.1018, 2.6383,-0.6024]
[ 2.3926,-2.858 , 0.876 ,-2.5984, 1.0591,-1.0102, 0.051 , 2.7046, 0.2105,-2.3106,-1.6262,-2.9133,-1.4728, 1.6425,-2.2701,-2.5681,-0.0743,-0.9843,-2.3067, 2.6047]
[-0.7537, 1.4554,-1.505 ,-1.2417, 1.3375, 0.0193,-1.864 , 2.2426,-0.1599, 1.4985,-0.4565, 0.1332, 2.6073, 1.2442, 2.8396, 2.1163,-1.0819, 2.3733,-0.7586,-2.711 ]
[ 4.5344,-2.0902,-1.0062, 0.5607, 2.7205,-0.3434,-1.3875,-0.9899,-3.0932, 2.4514,-0.6041, 1.5656, 0.0837, 1.3142, 2.9901, 1.0826, 2.9633, 0.4317,-0.3502, 2.1102]
[ 1.0465,-2.2242,-1.911 , 1.2196,-2.9445, 0.1568,-3.1071,-0.3682, 1.0407, 0.4507, 0.399 , 1.6837, 1.8399, 1.3613, 2.4451, 1.1648, 0.2706, 0.9484, 2.2946,-2.8191]
[ 1.4615e+00,-5.3235e+00,-4.1784e-03,-2.3356e+00,-2.6123e+00, 1.7035e+00, 5.1331e-01, 2.7978e+00, 2.5772e+00, 2.1870e+00,-2.1540e+00, 1.0095e+00, 7.9459e-01,-3.0316e+00,-2.7662e+00, 7.3625e-01, 1.7037e+00, 1.7603e+00,-3.0932e+00, 6.5970e-01]
[ 2.9525,-0.9279,-4.6956,-2.4098,-2.4935,-0.8589, 1.0372,-0.6765,-2.544 , 2.7277,-2.4614,-2.012 , 2.6831, 1.1077,-2.4822,-1.4115,-0.8106, 2.591 , 1.302 , 2.0159]
[ 3.4809,-1.6221, 5.2372, 2.5498,-1.8215,-0.1938, 2.3418,-0.2268, 2.4812, 0.0497,-3.1004,-1.1501,-0.9575,-0.6635, 1.8033,-0.5133, 1.0341, 1.2711,-0.6641, 1.1874]
[ 0.4185,-3.3799,-0.4862, 0.1914, 2.7042, 1.3253, 2.1187,-1.1315, 1.5249,-1.1066, 3.0379,-2.2449, 3.0532, 1.123 , 1.1638, 2.8187, 1.0658,-1.3781,-2.5539, 2.5782]
[-3.3833,-0.5953, 3.814 , 1.5755,-0.7985, 2.603 ,-0.8286, 2.0064, 2.1334, 1.3752, 0.6654,-1.4596, 1.2388,-2.2599, 0.0853, 0.0767,-0.9131,-0.2329,-0.8123,-0.0581]
[-1.6347,-1.2476,-2.918 , 0.1904, 1.6316,-0.7035,-2.8065, 0.9672, 2.7889, 0.2681,-2.4459, 1.8001,-3.1338,-0.3463,-2.101 ,-2.864 ,-2.6523,-1.1105, 0.1016, 2.5577]
[ 5.3135,-0.8693, 2.0275, 1.2607,-0.9046, 0.6163, 1.2358,-1.4054, 0.6578, 1.7017,-1.3983,-0.0855,-0.9784, 0.0839, 3.071 , 2.217 , 1.4224, 0.0245, 2.7334,-2.5984]
[-1.6225,-1.5762, 2.8153, 2.2959, 1.9241,-2.9265,-0.9411, 1.5294,-2.3005, 2.2704,-2.4869, 0.3159,-3.0027,-2.3495, 2.208 , 0.2629,-0.6057, 0.427 , 1.4986,-0.0933]
[ 4.8525, 5.4479,-2.5677, 2.8449,-0.0595, 1.3752,-3.0209,-1.3322, 2.0742,-0.1109,-2.9228,-1.963 , 1.7721, 0.1233,-2.7989, 3.042 , 2.0613,-1.0979, 1.0157, 2.9363]
[-0.5108, 5.4694, 3.4344, 2.7597, 2.9287,-0.4874, 2.1906,-1.0903, 2.553 ,-0.4654,-1.4417,-2.0127,-1.2343,-2.2392, 0.3189,-1.2872,-1.5887,-1.316 ,-2.3692, 0.0742]
[-0.4894,-0.3313, 4.4114,-0.5246, 1.7497, 1.951 , 1.8262, 0.7419, 0.8816,-0.5141,-1.672 , 2.2526, 2.0815, 1.6824,-1.5334, 2.3035, 0.149 ,-1.2825,-1.5995,-2.6237]
[-0.9005, 1.5428,-4.4661,-0.1365,-1.3002,-0.2689, 1.06  ,-1.3924, 2.1344,-2.2762, 1.7786,-3.1403, 0.1422, 0.9591,-0.2103,-0.6021, 2.762 ,-1.3752,-2.1308,-3.0987]
[-4.2178,-3.6402, 2.3242, 2.9522, 0.3722,-2.0276, 1.7647,-0.6971, 2.6662, 2.8709,-0.4238, 2.6039, 0.7329,-1.1908,-2.063 ,-0.6301, 1.8545, 1.3025, 0.7277, 1.7641]
[-0.4204,-3.9996,-1.2723, 1.9085,-2.9669,-1.875 , 0.1626,-0.1418, 2.5102, 0.3347, 0.8966,-3.033 ,-2.4845,-1.5941,-0.3652, 2.8928, 2.0312,-1.5584,-2.0418, 0.9535]
[-4.2136,-2.4685, 0.1807, 2.3476,-2.8964, 2.483 ,-1.5851,-1.2898,-2.1209, 0.9547,-1.8724,-1.6606,-0.5925,-2.7645, 1.206 ,-1.0819, 1.5428, 1.1184, 2.6154,-2.0634]
[-2.4892, 0.981 ,-3.2253,-0.7953, 1.8634, 1.7317,-1.0509,-0.0639,-2.9433, 3.1326,-2.2761,-1.4854, 0.0937,-0.6401,-2.5337, 2.4878, 2.1428,-1.4608, 3.1274, 2.3171]
[ 3.4053,-2.9362,-2.1223,-1.9092, 0.7465, 1.1441,-0.0976,-2.2764, 2.1945,-0.1586, 2.8589, 2.6201, 2.0597, 1.1295,-0.8573, 0.308 , 0.7789,-0.5816, 1.8103,-1.5411]
[-0.6826,-2.0772, 0.329 , 1.9565, 0.8755, 1.8359, 3.0023,-1.2509,-0.9282,-1.8078,-1.8217,-0.9733, 0.4761, 3.0019,-0.5281,-0.5162,-1.0355,-3.0002,-1.0836, 0.1543]
[ 2.912 , 5.2399,-5.3783,-1.8845, 1.9868, 0.0072,-0.4072,-0.352 , 0.2044,-1.627 ,-2.2431, 3.1316,-1.5064, 0.2924, 0.0172, 0.1146,-0.8793, 0.1569, 2.0998,-0.8569]
[-1.8958, 1.3777,-2.3763,-0.934 , 0.953 , 0.4491,-1.6151,-0.4846, 2.5124, 0.8173, 1.3487, 2.5581,-0.3928, 1.0819, 0.6363, 3.0999, 2.8604,-0.0545, 2.075 ,-2.6305]
[-2.8767, 3.1625, 2.1307,-1.011 , 1.3563, 0.3457,-2.9018, 1.8874,-2.8146, 2.2805, 0.2093, 1.7703, 1.4816,-1.1827,-3.0091, 1.2337,-1.3925,-3.1039, 0.4146, 1.5533]
[ 5.206 ,-2.3286, 3.5426, 2.7397,-2.0481,-1.8743, 1.3047, 1.4732,-0.1389,-2.3685,-1.3234, 0.6076, 1.9182,-1.2186,-2.795 , 0.5302,-2.0316,-2.6194,-0.0867,-1.6167]
[ 0.3847,-4.2816,-2.7556,-1.69  ,-0.0746,-1.9833,-1.0391, 0.1874, 2.9698, 3.0572, 2.4802, 1.5056, 0.6156, 0.9257, 0.79  , 1.9851, 0.3961, 2.6457, 0.8869, 2.5453]
[-2.4353,-2.2255,-4.7976,-2.2073,-0.963 , 2.9205, 2.3227,-0.958 , 2.6035, 1.5266,-1.7885, 1.565 , 1.6138,-0.1301,-1.7155,-2.0398,-2.9336,-2.5195, 3.105 ,-1.5947]
[ 3.3312, 4.8469,-2.5253, 1.9479,-3.0504,-3.1412, 1.9304, 0.196 , 2.822 ,-0.858 , 2.4653, 1.6787,-0.6948, 1.1689, 1.9567,-2.85  , 0.9866, 1.3664,-0.9258, 0.8081]
[ 0.6814, 4.2158, 1.7308, 0.7164, 0.772 , 0.4587,-1.7954,-0.7119, 1.6891,-2.792 , 0.988 ,-2.0944,-3.0829,-0.9607, 1.0113, 2.8582, 0.7788, 0.069 ,-2.1973,-0.3344]
[ 0.9902, 4.7523,-0.498 , 0.0059,-0.0391,-0.0756, 0.4065,-2.3626, 2.9071,-0.7698,-2.804 , 2.1505,-1.4285,-1.9743,-2.2214,-1.6236, 1.8525,-0.5756,-2.5726,-1.1842]
[ 0.9406,-4.4275,-2.2408,-1.0353,-2.3249, 3.0877, 1.787 ,-0.4995,-1.9809, 2.8514, 0.4368, 1.6504, 1.2478,-2.3278, 1.2222,-1.3579,-2.907 ,-1.3593, 1.3617,-1.0841]
[ 4.5616,-4.8026,-0.5095,-1.6957, 2.2877, 1.9807, 0.6394,-2.2505,-1.9576, 1.0566, 2.7807, 2.0147, 2.1923,-0.2866,-2.5569,-0.1356,-1.6476, 1.7959,-1.4137, 0.7636]
[ 4.0419, 0.362 , 1.7495, 1.2389,-2.0403, 0.3544,-2.1657,-2.5   , 0.3652, 2.5995,-0.7932, 2.3615,-2.0677, 0.3208, 3.0446, 2.4987,-1.6678,-1.3443,-1.0805, 2.8761]
[ 5.2213,-4.506 ,-0.5041, 1.3457, 2.1842,-0.2843, 0.6811, 2.9281, 1.854 , 1.1336,-1.7636, 2.8686,-1.5717, 1.8671, 1.3493, 1.8348,-2.6879,-2.9882,-1.285 , 0.8476]
[-0.0321, 2.9844, 4.5992, 1.3847, 1.2725, 1.6069, 0.5743, 0.1561, 1.7978, 1.6003,-3.0631, 2.4387, 2.4522, 2.4091,-1.4285, 0.332 ,-1.8177, 2.2196, 2.5059,-2.5038]
[ 4.8983, 0.2539, 1.6493, 0.3337, 0.5449, 0.6372, 2.2924,-1.5786, 0.7612, 1.466 , 1.5309,-0.1806, 2.3868, 0.7751, 2.3097, 1.2271, 1.2881,-2.3873,-0.0512,-1.4457]
[ 1.2786,-1.2695,-4.9196,-1.5899, 1.3013,-0.1152, 0.214 , 1.6838,-1.7137,-0.8175, 1.0267,-0.3779, 0.5435,-2.0231, 1.8893, 0.676 ,-1.62  ,-1.1522, 0.3984,-0.719 ]
[-3.2538,-1.4894, 2.6545, 2.6433, 0.8809, 0.4715,-2.0325, 0.1144, 0.5967, 0.6883, 2.5775,-2.8661, 3.0987,-1.0386,-1.7859,-0.0519,-1.8879,-1.3431,-1.5513, 1.396 ]
[-0.7092, 3.7409, 4.3677, 2.7375,-2.3327,-0.6056,-1.3756, 0.0786,-1.3649,-2.8431, 2.1688,-1.3061, 2.8929,-0.959 ,-2.2827, 2.8534,-2.2657,-1.8507,-1.575 , 2.6274]
[-3.9071,-2.0738,-0.4715, 2.6506,-0.5051, 2.2442,-2.9661, 2.8599, 3.0425,-1.0102, 1.7128,-2.1853,-3.0075,-2.3582,-0.9137,-1.5757, 2.4506, 2.5943, 0.2498,-2.264 ]
[ 2.9555,-0.51  ,-0.156 ,-2.7823,-0.9572,-3.091 , 2.9194, 2.1058, 2.6475,-0.2033, 1.585 ,-0.5786,-1.4706,-2.5582,-1.6195,-1.7238,-2.6071,-1.9529, 0.4256,-3.0839]
[-2.0530e+00, 5.4243e-01, 5.7793e-01, 1.5672e+00, 2.9699e+00,-1.3267e-01, 1.6738e+00, 2.8270e+00, 1.3317e+00, 9.0228e-01,-3.0122e+00,-9.8122e-01,-1.8440e+00,-2.2709e+00,-1.5351e+00, 9.4479e-01, 1.7321e+00,-2.6714e+00, 2.3837e+00,-1.7111e-04]
[-3.2062, 4.3976,-4.3678, 1.6637,-3.0716,-0.1219,-2.4943, 0.3365, 1.9317, 2.4977,-1.0342, 0.2749,-2.5288, 2.3442, 1.4094,-0.0816,-2.0706,-0.4113,-1.2285,-0.5342]
[-2.6818, 3.556 , 5.068 , 3.0905, 2.9754,-1.8251,-0.858 ,-0.8029,-2.5356, 0.4177,-2.3024, 0.9234, 0.7498, 2.7493, 2.9093, 0.5822,-3.1077, 1.0955,-2.9267,-3.0617]
[ 0.3179, 3.5696,-2.4864,-0.433 ,-0.9952, 1.2805,-1.9988, 2.0459,-0.9003, 1.2182,-1.9574,-1.4481, 1.9774, 1.5631,-3.1343,-2.5559, 1.0019, 2.8059,-1.5608, 2.9179]
[-3.9831, 0.1417,-4.3   ,-0.3483, 0.2891,-1.1982, 0.5395,-0.2853,-2.601 , 0.3457,-1.9155, 1.6935, 1.2371, 0.0742, 2.2979, 3.0178, 1.419 ,-1.2929, 0.1626,-2.1975]
[-2.3643,-1.8763,-1.7255, 2.1789,-2.264 , 2.1301,-2.8682,-2.8866,-1.5071, 0.6705, 2.0001,-2.8165, 1.7054,-0.0529,-0.6776, 2.1942,-1.4718, 1.2232, 0.3404, 1.0871]
[-1.5342, 1.0052, 0.9592,-0.0835,-2.5433,-1.2283, 1.3097,-2.2221,-2.0381,-0.3199,-2.4411,-0.7548,-1.4709, 2.0203,-2.3329,-2.8458, 1.3247, 1.5223,-0.476 , 0.1792]
[ 3.3885, 1.9672, 4.4718, 0.5911, 1.6121,-0.416 ,-0.6967,-0.272 , 0.1125,-0.976 , 0.6588, 0.7185, 2.43  , 2.3194, 0.3356, 0.808 ,-0.2124,-3.116 , 1.9599,-0.1237]
[ 1.5611, 0.6439, 0.5947, 2.396 ,-2.0454,-1.0681,-0.6549, 0.6469,-1.2926, 1.938 , 2.0874,-0.6112,-2.387 , 0.1904,-1.6461,-2.8399,-2.6844, 1.8212,-1.0237, 1.0564]
[ 2.3451,-3.7351,-2.443 , 0.1228,-0.4728, 0.7257,-0.3936,-1.7859,-2.3828, 2.2626, 2.1409, 0.5884,-0.7006, 1.3759,-2.7   ,-0.6469, 0.464 , 0.8327,-0.3437,-3.0663]
[ 3.5942,-1.269 ,-4.5827,-2.1366, 2.385 , 2.7548,-2.0448,-0.6383, 2.2454, 0.0231,-2.9921,-0.4557,-1.55  , 2.0099, 1.776 ,-0.0316,-1.11  , 0.937 , 0.2932,-1.9513]
[ 1.0628,-3.9122, 2.9898,-2.8568, 1.3683,-1.2572, 3.0859,-0.4189, 0.3304, 0.6567, 3.0903, 0.7587, 0.9281, 1.7531,-1.5169, 0.7267, 0.3433,-0.8141, 0.0727,-0.4722]
[-3.0321,-2.6012,-1.4264, 1.6686, 0.6632, 0.1807,-1.9315,-1.8013, 0.2673, 1.748 ,-0.3788, 1.089 ,-0.3187,-0.7679,-1.9968,-2.0175,-1.8511,-2.7468,-0.8791, 1.6311]
[ 2.9288,-5.2693, 2.8842,-2.3428, 1.1185,-0.3262,-2.3149, 1.2559,-0.0288,-2.3109, 1.1107, 2.1274,-2.0353,-1.978 , 1.563 , 0.6015,-0.2881, 2.293 , 0.1917, 1.6833]
[ 4.0222, 0.3122, 2.4428, 1.0833, 0.92  , 3.041 , 0.791 ,-0.5932, 0.2757,-2.5204, 2.8064,-1.9567,-0.6748,-2.1127,-2.8685, 1.3855,-1.5576, 0.4963,-1.431 ,-0.2541]
[ 0.4653, 0.0349,-4.0865, 0.8133, 1.7955,-0.0969,-1.5822, 0.6671, 2.695 , 2.3112,-1.5304, 0.7115, 1.152 ,-2.8414,-2.3032,-1.3234,-0.4474,-1.0641, 1.5502,-2.5786]
[ 6.0270e-01,-8.2433e-01,-3.6136e+00,-2.0844e+00, 2.8331e+00, 2.8515e+00, 1.6575e+00, 1.3987e+00, 3.7891e-01,-2.9386e+00, 2.1314e+00, 2.0297e+00,-3.6317e-01,-3.1036e+00,-8.8081e-01, 5.8496e-01,-2.7962e-03, 2.2199e+00, 3.0005e+00,-2.3587e+00]
[-5.0132,-5.0359, 3.5577, 0.574 ,-1.1774, 1.8159, 3.0873, 1.3941,-0.7116, 0.1344, 0.4337, 2.7181,-0.9939, 3.0461,-0.2885,-0.4165, 1.6356,-2.2586, 0.143 , 2.4178]
[ 3.5251,-4.226 , 1.6659,-2.7287,-2.044 , 1.7265, 2.9724, 1.9475, 0.8976, 0.8615, 1.4949,-2.3785,-0.4813, 1.9408, 2.3168,-0.4467,-0.937 ,-2.7071,-1.7914, 2.0631]
[ 0.6581, 1.1333,-4.961 , 1.6196,-0.7437,-0.8489,-0.5316, 3.1039,-2.8738, 0.1723, 0.31  ,-2.1773,-0.2756,-2.707 , 0.9578, 1.5543,-2.1381, 1.3517,-1.4846,-1.688 ]
[-1.6635, 0.9714,-4.8751, 0.0645, 1.0141, 0.4576, 1.9588,-1.9627,-0.9509, 1.5209,-1.5969,-0.7187, 0.2615,-3.1293,-1.7052,-2.5384,-3.1315,-0.717 ,-2.0002,-1.1536]
[-2.3412,-4.6703,-0.9629,-1.7835,-2.6034,-1.1094, 0.4818,-1.8922, 2.2221,-0.1131,-0.5694,-2.1067, 1.9319,-2.6703, 0.195 , 0.1443, 2.8484, 0.8   , 2.5583,-1.8188]
[ 4.0966,-2.5396, 4.3796,-0.8019,-2.3996,-0.5932,-0.1663, 3.0441, 2.9832,-1.5645, 2.5855,-2.164 , 1.4755,-0.7847, 0.2299,-2.247 , 0.8484,-0.4854, 2.4642, 0.6098]
[-3.3945,-3.6128, 1.2898, 0.5051,-2.4096,-1.794 ,-0.1021, 0.311 ,-0.08  , 0.7997,-1.8861,-0.3661, 0.692 , 1.3676,-0.6467,-0.6924, 3.1243, 1.3603, 2.2792,-1.4941]
[ 1.573 , 3.4517,-1.6654, 0.7205, 0.02  , 1.274 ,-2.668 , 2.8673,-0.7884,-1.2947, 2.0249,-0.0444,-0.8038, 0.3065,-0.1948,-0.3442, 3.0923, 1.3678,-1.2243,-2.3654]
[-1.8986,-5.0281, 5.2981, 0.9857,-0.6356, 1.0927, 0.4188,-1.4008, 0.8408,-2.9301, 3.1404, 1.4027,-1.2523,-2.0651, 0.6163,-0.8733,-1.5849, 2.5241, 3.1171,-2.1848]
[ 0.5966, 3.1881,-4.9703,-1.3596, 1.9986,-2.698 ,-0.6149,-1.4864,-1.5026, 0.9516,-0.9551,-2.4152, 2.7734,-1.1585, 1.4877, 1.2884, 2.1805,-0.2084,-2.1747,-0.9923]
[-4.4538, 2.8361,-3.1326,-0.899 ,-1.3294, 0.8084, 2.4475,-2.8389,-0.3578, 0.0523,-3.0738, 2.4859, 2.591 , 0.6819, 1.5297, 1.6865, 1.745 , 0.312 , 1.9572,-1.9416]
[ 3.6872,-5.4122,-0.1462, 0.287 ,-2.0198, 0.2716, 1.8149, 3.1278, 0.7895, 1.6576, 1.6114,-2.3181, 2.7859,-0.6751,-0.7591,-1.8633, 2.2318, 1.5372, 0.2648,-0.4928]
[ 1.41  ,-1.6513, 4.4733, 0.4139,-0.5889,-2.564 ,-2.3042,-3.069 , 0.953 ,-0.7566,-0.8624,-1.7681, 3.0141, 2.0103,-2.2673,-1.0782, 0.4467,-0.9314,-1.8076, 0.9309]
