[ 2.0075, 1.0257, 0.8325,-0.5258, 2.9877, 1.7544, 1.1812, 1.6357,-2.5902, 1.2939, 0.7867, 2.4142, 2.0869,-2.4844,-2.1692,-2.4106, 1.9854, 2.2767]
[ 0.3662, 0.7271, 4.3171, 2.5178,-0.2881,-1.2554,-2.758 , 1.2349, 0.9972,-2.9178,-1.5412,-1.9656, 1.8667, 1.0945,-1.4693,-2.769 , 0.3437,-0.8323]
[-2.2546,-2.9027,-1.1745,-0.1595,-2.7376, 1.9345, 0.5691,-1.8987,-1.943 , 0.3664,-0.4274,-2.6966, 2.6036,-3.0596, 2.0835,-2.013 ,-1.9163, 3.0433]
[-3.2429,-0.1272, 0.8282, 1.3437, 1.3081,-1.8677,-0.4375, 0.1846, 2.0098,-2.2283, 2.0044, 2.4449,-2.0359,-1.7195,-1.163 ,-1.7168, 2.2241,-1.5682]
[ 1.8604, 3.3146,-0.4295,-2.7817, 1.079 ,-1.5999,-2.0198, 1.3435, 1.7613, 0.4638, 2.5097, 2.3368, 2.0253, 3.0547, 1.0401,-1.5276,-0.02  , 1.4393]
[ 3.2651,-2.9919, 0.9456,-2.9146,-0.0356, 2.3678, 0.8857, 0.9379, 2.1516,-1.2322,-2.0735,-2.7006, 2.3852,-1.0554,-0.5059, 1.1108,-0.6565, 2.3622]
[-5.4058e+00, 4.0358e+00,-1.4030e+00, 2.7187e+00,-2.0037e+00,-1.0369e+00, 3.0340e-01, 2.6548e+00,-2.2103e+00, 1.4943e+00, 5.0274e-03,-3.4135e-01, 2.5501e+00, 2.2030e+00,-1.4296e+00, 2.7599e+00,-2.2221e+00, 2.1547e+00]
[ 3.9904,-3.8884, 3.9176, 0.0987, 0.2628, 0.6346, 0.1403, 0.6011, 0.5597,-1.499 , 2.54  ,-1.6072,-2.6253,-1.4741,-2.9036,-0.9369, 1.4277, 0.7479]
[ 5.081 ,-1.7104, 2.1132,-2.7173, 2.3732,-2.0777, 0.1937, 1.2848, 2.372 , 1.3236, 2.1326, 2.6813,-2.5013,-1.4411,-0.773 , 0.2385, 1.0662, 3.0239]
[ 0.8608,-1.0128,-3.5388,-1.1846,-0.9087, 0.196 ,-0.5511, 1.8673,-1.3035, 0.7205,-0.3405, 1.2445, 1.777 ,-1.7692,-1.3211,-2.0338,-2.6575,-2.9063]
[-3.6192,-4.3752,-5.311 , 0.4779,-0.3588,-0.9674,-1.321 , 2.9925,-0.01  , 0.726 , 2.54  , 1.4051, 0.2124, 0.151 ,-1.302 ,-2.5807,-1.2591, 0.3466]
[-2.9261,-1.2641,-0.9284,-2.3622,-2.9889, 2.1325,-1.3522,-2.7828,-2.1669, 0.7148, 0.8973, 2.9672,-1.3789, 1.1241, 0.5686,-0.9391,-1.1041, 2.7419]
[ 5.4498,-0.3481,-3.1005,-2.1035, 2.906 ,-2.7373,-0.7275, 2.1341, 2.5999,-2.7457, 0.8752, 1.6044, 2.1272,-2.1252,-2.4488,-0.5822,-1.3644,-1.8322]
[-0.9402, 2.678 ,-5.0575,-0.2075,-2.1196, 2.878 ,-0.0354, 1.9766,-1.398 ,-0.8164, 1.4978, 1.7351,-3.0752, 0.1096,-2.2631, 1.6511,-3.1315,-0.3465]
[ 4.5407, 1.0222, 3.4314, 3.1089, 2.4266,-0.5985, 0.6358,-2.8779,-1.4874,-0.5048,-2.079 ,-2.816 ,-0.5387, 2.3372,-1.1461, 1.7694, 0.0866,-2.3011]
[-3.9935, 1.3368,-4.4502,-1.5665, 1.752 ,-1.7249, 0.5926,-1.4972,-2.1314, 1.2118, 1.8581,-0.3253,-1.5811, 1.5476, 0.0658, 1.5253,-1.9262, 0.5213]
[-0.6322, 4.6205, 2.5126,-0.7501,-1.7173,-1.6732, 0.3242,-1.933 ,-2.203 , 1.9833,-1.4645,-0.4233, 2.2375, 2.3879,-2.2221,-0.6935, 1.6463, 1.7263]
[-4.2582, 0.8977, 1.3914, 1.2438,-0.9484,-1.1137,-1.7008, 0.6205, 0.707 , 1.5112,-1.7743,-2.0962, 2.3056,-1.5066,-2.4162,-0.5558,-0.3006, 1.2728]
[-1.0982,-2.1802,-4.0689,-2.9405, 2.7631,-1.7162, 2.8915,-2.4651,-1.1207, 1.9388, 1.4939,-0.2966,-2.2642, 1.1773,-3.0005,-0.4828, 2.5894, 1.419 ]
[ 0.9338,-5.2539,-0.1244,-1.7161,-0.4631, 0.0257, 1.7895,-2.0616,-2.7607,-2.0076, 1.9149, 0.8215,-2.3817,-0.3451, 0.3001,-0.9878, 0.812 ,-0.3218]
[ 3.5332,-4.5759,-0.5424, 1.4982, 0.0902,-0.3641,-1.5489, 2.1704, 3.0744, 2.1878,-1.214 ,-1.289 ,-0.1559, 0.1844, 0.7708, 0.5977, 2.4101, 1.8931]
[ 4.6718, 0.9921, 3.7574,-2.279 , 2.3392,-2.95  , 2.685 , 0.1227, 2.6129, 1.0163,-2.7663, 2.3046,-1.9605,-1.6893,-1.0223, 2.7315, 1.7678,-1.8322]
[ 3.0574, 3.0844, 4.6774, 1.4365,-2.3376, 2.2057,-0.5035,-0.2174,-1.0173,-1.2025,-0.0392, 0.8002, 2.1371, 0.7192, 0.4719, 0.9224, 2.6046,-1.5962]
[ 1.1484, 1.2496, 3.9497,-1.8315,-1.4886, 3.0892,-0.3808, 1.9668, 0.4496,-0.0423,-1.156 ,-0.3594,-1.529 , 2.9932,-3.1128, 1.1249,-1.352 ,-0.7177]
[ 0.1802,-3.6114,-0.1914,-0.3343, 3.0472,-0.5719, 0.0703,-1.591 , 0.9393,-1.5444, 0.1873,-0.4929,-3.1313, 3.0518, 2.3934,-1.6059, 1.4534,-2.1215]
[ 4.4987, 4.7693,-1.4926,-1.3822,-1.3702, 1.692 , 0.2917,-2.942 , 1.543 , 2.2915, 1.7789,-2.1657, 0.9047, 0.8386,-1.7351, 2.2961,-2.2648,-0.3628]
[-5.3876,-1.8742,-5.4126,-2.5   ,-0.2858,-0.2505,-0.2634,-2.9251, 1.8502,-1.7703,-0.216 , 1.764 , 2.0856, 3.0763, 2.4649, 0.5861, 0.9948, 3.1291]
[ 3.0013,-1.4765, 4.2532, 0.7651, 2.1066, 2.4959, 0.0635,-2.7795,-0.414 ,-0.2837, 2.4249,-0.9951, 1.9035,-0.1324, 0.3341, 0.2897, 1.6904,-0.5027]
[ 0.1935, 3.1327, 2.5181,-2.4618, 2.8882,-1.8993,-1.6603,-1.0856, 1.6347,-2.3114,-0.1654, 2.5653,-0.5997,-0.6301, 2.898 ,-0.2929, 0.5157, 2.8988]
[ 2.9288,-3.8755,-0.3768,-0.7405,-1.8978, 1.3503, 0.4307,-1.7618, 2.8894, 0.1117, 0.0676,-1.4383,-3.0696, 1.8143,-0.0476,-2.2109,-1.2533, 2.6627]
[ 0.4858,-3.8319,-1.2462, 2.0863,-1.1336, 2.3074, 2.4051, 0.9344, 0.5133,-0.5092, 0.2052, 0.8492,-1.3078,-0.0048, 2.3689,-2.9129,-0.0304, 2.3704]
[ 3.1272,-1.7609, 0.9368, 1.529 ,-1.1559, 1.7035, 2.4961,-1.3585, 2.2805, 1.6627, 0.6592, 1.8918,-2.1863,-0.6277, 1.562 , 1.6384, 1.8357, 2.3486]
[ 3.7937,-2.1819, 0.7384, 2.2528,-1.5257, 0.6333,-2.5906,-2.2811,-0.4819,-0.4819, 0.7257,-0.9733,-2.0628,-2.2622,-1.0577,-3.125 ,-1.099 , 1.9283]
[ 2.8846,-0.8813, 2.9398, 1.5926,-1.5319,-1.3077, 0.8899, 0.115 , 2.6389,-1.1757, 1.4185,-2.2163, 1.1742, 0.9997,-2.6549, 2.8228, 3.0634, 2.5436]
[-3.1713, 1.053 ,-3.862 , 1.7481,-2.87  , 1.5586, 0.3729, 2.2938, 1.3713, 1.6882,-0.6127, 2.801 , 2.2729,-0.3217,-2.2941,-2.1033,-1.577 , 0.1592]
[-3.9148, 0.6529, 1.2185,-2.117 ,-0.3514,-1.2179, 1.4059, 1.2584, 1.0347, 2.9035,-0.1992, 2.9248, 1.6886, 0.7169, 2.0033,-0.5976, 1.0357,-0.2834]
[ 3.214 ,-5.4297,-4.1568, 1.2398,-2.5384, 2.862 ,-2.246 , 0.3737, 2.6534, 1.4401, 0.089 ,-1.1699,-2.0883,-2.5583, 2.448 ,-0.6783, 2.6628,-2.2497]
[-3.7852,-4.4359,-2.1097, 0.0736, 0.9588, 1.2938, 0.5658, 1.4685, 1.6779, 0.4377, 3.0091, 1.2174, 1.6749,-0.5264,-1.4984, 2.489 , 0.2686, 2.2076]
[ 3.8419,-3.2153,-0.7338,-1.4408,-1.644 , 1.435 ,-2.8   , 2.6859, 3.037 ,-1.8668, 0.0268,-2.0955, 2.0262,-2.6848, 2.8303,-2.3099,-1.4054,-1.7738]
[ 2.6288,-0.0033, 0.9398,-0.3546,-1.1577,-0.134 ,-0.3838, 0.1404,-2.8822,-0.6841, 2.4007, 0.988 , 2.2825, 0.7525,-0.9131, 0.8449,-2.8632,-1.715 ]
[ 0.5041, 4.8268, 0.6772,-1.6158, 1.1387,-2.3091,-2.8179,-2.3543, 0.7533, 1.9103,-2.0127, 1.304 ,-1.6653, 2.7524,-0.2861, 2.9585,-2.5338, 2.8011]
[-0.3945,-4.9759, 1.7978,-2.3837, 0.8014,-2.638 , 0.6387, 0.286 ,-2.6497,-1.0231, 2.7724, 1.4814, 1.9806, 0.0917, 0.6667, 1.1876,-1.6672, 3.0705]
[ 0.8057,-1.0147,-4.7997, 2.368 , 2.8679, 2.1923, 0.8064,-2.2305,-0.6093, 1.8613, 1.0457, 0.2147, 2.305 , 2.2235,-2.3821, 2.5227, 0.0136, 2.3582]
[-4.453 , 1.6248,-2.014 , 2.2052, 3.0738,-0.5492, 1.1397,-2.4688,-0.1875, 2.9   ,-1.3659,-1.0996, 1.4665, 0.6912,-1.324 , 3.1282, 0.2108, 2.5857]
[ 3.6078, 3.6828,-3.2617, 2.8552,-1.8299, 0.9607, 0.2795, 2.3083, 2.8346,-0.0307,-0.1574, 2.1022, 2.8139,-0.6532,-1.4359,-1.96  ,-2.9621, 1.035 ]
[-1.0904,-5.1855,-1.2191,-1.5192, 0.9923, 0.5618, 2.405 , 2.4862,-0.3491,-1.5075,-2.0711,-2.7435, 2.6305,-0.0232, 0.1107, 0.5236,-2.2359,-2.6076]
[-1.5382,-0.3194, 3.9004,-2.5403,-1.6121,-1.4542,-1.8904, 3.0957,-2.2508, 0.9215, 0.8981,-1.9913,-2.5674, 1.8068,-2.7866,-2.4656, 2.5338,-3.0346]
[-3.4757, 4.9808,-0.1672, 2.63  , 0.5639, 3.0303,-0.0887,-1.4658,-1.2029,-0.2107, 1.74  , 1.5619,-0.2492, 0.65  , 2.5958, 1.4003,-1.4078, 0.6435]
[-5.4443, 0.3164,-0.6813, 1.4707,-1.0055,-1.3854, 1.2586, 1.8701, 1.8243, 1.2615, 1.8494,-1.8589, 1.722 , 1.7259, 2.0154, 0.3713, 3.1101, 2.6611]
[ 2.9281, 3.6266,-4.2553, 0.2182,-0.8216,-1.7027, 2.2451, 0.9854, 2.6786, 2.6983, 3.0392, 0.7032,-1.8103,-1.729 ,-0.9722,-2.4353,-0.5691,-0.5011]
[ 3.4992,-5.4511, 4.4896, 2.872 , 2.1614, 0.2112, 2.7683,-0.8578,-1.1419, 1.8022,-2.0315, 0.8756, 1.1326,-1.6455,-0.7703,-1.9541, 3.1392,-0.8703]
[-1.9757, 2.4084, 4.897 ,-2.0456, 0.8299, 2.7051, 1.9256, 0.3861, 1.7929, 0.2183, 1.5467, 1.013 , 1.9658, 2.5891,-1.9155,-1.226 , 1.6437, 0.1539]
[ 0.0691,-4.6549, 1.7254,-2.149 ,-0.8625, 2.0656,-1.0247,-0.1397,-0.5296, 2.998 , 0.9009, 1.3401,-1.2878, 1.716 ,-0.0634, 0.0522,-0.5991, 0.7911]
[ 2.1322,-2.4438, 4.9701, 2.7758, 0.1002, 0.6246, 1.229 , 3.0838, 2.2505, 2.7426, 2.5775, 0.3482,-1.7192, 1.2699,-2.6983, 0.9314, 0.9025, 2.5336]
[-3.6541, 0.817 ,-5.2579, 1.5953, 2.1338,-1.1803,-1.1622, 1.9026, 1.9925, 2.8552,-1.6985, 2.4761,-3.1212,-1.2905,-2.4037,-0.149 , 0.1677, 2.761 ]
[ 2.414 , 5.154 , 2.9137, 0.6125,-1.2673, 2.5971,-2.8717, 2.7962, 2.6407,-1.671 ,-0.1552, 0.0975, 0.1407,-1.089 , 1.4913,-2.6192,-2.6041, 0.5937]
[-0.9273,-4.5076,-4.5234,-1.11  , 2.466 ,-2.3131,-2.7619,-0.3071, 2.7756,-1.6389, 1.0534,-2.6982, 0.9821,-2.7084, 2.0866, 1.1533, 0.8532,-0.0983]
[ 0.7474, 5.18  ,-5.0808,-1.5884,-1.5256, 1.765 ,-0.2636,-0.2708,-1.3488, 1.7464, 1.8743, 2.9347, 1.1666,-1.1879, 2.2789,-0.4474,-2.7308,-2.5073]
[-0.996 , 3.4306, 2.3914, 0.0257,-0.2972,-1.9744, 1.5335, 2.2358, 0.9933, 0.8928, 0.3007,-1.357 , 0.2858, 2.9147,-2.818 ,-3.0723,-3.1265,-0.4411]
[ 1.6011, 1.2306, 1.3357, 2.0459,-0.8797, 0.2626, 2.4511,-0.411 , 1.4633,-0.1508, 0.0899, 0.4438,-3.0685,-0.578 , 2.8556,-2.9892, 2.7109, 0.589 ]
[ 3.3599, 4.5018, 2.1011,-2.9091, 0.8532, 2.4333, 2.0944,-1.4319,-1.6406,-3.1238, 2.5559,-1.6361, 1.5766, 2.4516,-2.1791, 0.563 , 1.9301,-1.5135]
[-3.1241,-4.769 ,-5.4095,-2.9073, 1.5675,-1.3226, 0.1086, 1.7621,-1.9849,-2.8162, 1.1306,-2.2538, 2.3632, 1.2481,-1.0473, 1.8286,-2.9821, 1.654 ]
[ 3.343 ,-4.9805, 3.3791, 1.5222,-2.9677, 0.4318,-2.154 ,-0.1594,-0.7281, 1.8669, 2.5297,-2.5768, 0.1852,-2.904 , 0.1267, 2.1432,-2.0178,-0.6888]
[-2.3182,-1.6857,-4.3153, 1.9933,-0.6388,-2.2722, 1.2851,-3.0604,-1.2977,-1.7769,-1.4726,-1.8369, 1.4508, 2.5764,-1.8465, 2.1547,-2.1257,-0.2351]
[-1.3446,-4.0042,-0.351 ,-2.9412, 1.3343, 2.8467,-0.2934, 2.7622,-3.1037,-2.9345,-1.0102,-2.0359, 0.9261, 1.9948,-1.9891,-0.1823, 0.4792,-0.1231]
[-2.1756,-2.1942,-5.0018,-0.6788,-2.7274,-2.6204,-0.5541, 0.5946, 1.7156,-0.64  ,-0.0228,-0.4474,-0.449 ,-2.2048,-0.2169, 2.6083,-2.8478, 0.7391]
[ 5.14  ,-4.6393, 1.8367, 1.6126, 1.1138,-1.9934, 1.5234,-1.2789, 0.1409,-1.0732, 0.5114,-1.1553, 1.4651,-2.8608,-2.2   , 1.626 ,-0.5152, 1.1972]
[ 1.553 ,-0.5713,-5.2132, 2.2462, 0.2453,-0.8114,-2.9689, 1.0817, 1.187 ,-1.0776, 0.9281, 3.0751,-1.6513, 0.0995, 0.0224,-1.1825, 0.7295,-3.0253]
[ 0.407 ,-4.0284,-4.9074,-2.5356, 1.0081, 0.4277, 2.7435, 0.9948,-2.6706, 2.4876,-0.8025,-2.5042,-3.1266, 2.3719, 2.1708, 1.2937,-1.4642, 2.3607]
[ 0.8265,-4.1865, 2.1285, 0.4463, 1.1164, 0.6974, 1.5071, 0.9711,-2.0674,-1.3095,-2.623 ,-0.2467, 0.6263,-2.5357, 1.2494,-2.2298,-2.0012, 1.8053]
[-0.1256,-2.3315, 5.3566,-1.978 ,-2.3604, 0.6819, 2.9695, 1.5637,-0.7636,-0.1904,-2.1107,-2.6872, 1.8794, 1.0876, 2.1827,-0.3734, 0.3891,-2.2223]
[ 3.7299, 0.3785,-5.069 ,-1.5017,-1.0916, 2.4241, 1.9855,-0.0406, 2.0559, 1.8975,-0.9926, 1.5915, 0.2459, 1.5083, 1.0187, 2.166 , 2.491 ,-1.8758]
[ 4.0003,-3.8611,-4.8732, 3.0845,-0.8783,-2.4787, 0.8733,-2.3133,-0.4236,-1.2133, 0.704 ,-2.8042, 3.134 ,-0.4938, 1.0983, 1.2168,-1.6164, 1.5188]
[ 1.4909, 5.4553,-2.6146, 0.611 , 1.7177,-1.5201, 1.5023,-0.9575, 0.7509, 0.2951,-1.6269, 1.9251, 0.7216, 1.0193, 1.6546,-2.5188,-1.9179, 3.1087]
[-3.7716, 3.3805,-1.8942, 2.7787,-1.5981,-0.594 , 1.5378, 2.2523, 2.0346,-2.9618, 0.618 ,-0.5179, 2.0577, 0.2978, 1.4223,-1.6887,-0.0903, 1.7758]
[ 3.8592,-0.4054, 3.2914, 1.4435,-1.2909, 1.3458,-2.2508,-0.6764,-2.885 , 1.668 , 1.5519,-0.6256,-0.6581, 0.2765, 1.0225,-0.9668,-1.5671,-0.1646]
[-1.3733, 3.2016, 4.6044,-0.6024, 2.9443,-2.9091, 2.7332,-1.9677, 0.0509,-1.0859, 1.239 ,-1.7261, 2.1504,-2.4714, 1.0799, 0.6859,-0.149 , 1.2174]
[ 4.1565, 3.4019,-5.2497,-3.0454, 2.2337,-1.1634, 1.4777, 1.6331,-2.8861,-0.5592, 0.5516, 1.4167, 0.0063,-1.2128, 2.0273,-2.1672,-2.6226,-0.1627]
[ 2.6896,-0.9013, 3.2135,-2.2813, 2.7094,-0.861 , 0.8254, 1.6786, 0.7923,-0.5289, 2.9703,-0.8702, 2.3523, 2.5806, 2.291 ,-1.6667,-1.1313, 0.9587]
[-3.5663,-2.0083,-4.9084, 0.826 ,-2.3841, 1.2881,-2.399 , 2.234 ,-0.7567, 0.4071, 0.4005, 1.8422,-0.6977, 0.1195, 2.8892,-0.8773, 0.8203, 3.0009]
[-2.8133,-3.99  ,-4.0998,-0.7164, 1.4892,-1.3247,-2.5092, 2.6132, 0.4059,-1.4493,-0.4223, 3.0025,-1.347 , 0.5694, 2.7805,-2.3445, 0.4943, 1.8645]
[ 1.9479, 2.2192, 0.6009, 1.4255,-1.2507, 1.9002, 0.7166,-3.0454, 1.0316, 1.5274,-1.8489, 2.2755, 1.2137,-1.2173, 1.4342,-0.4482, 0.0628, 2.913 ]
[ 2.623 , 1.9291, 4.1545,-0.4394,-1.8127, 1.8304,-2.559 , 0.8832, 2.8869, 2.6128, 2.1101,-1.1095, 2.2856, 0.537 ,-2.8137, 2.5575,-2.2871, 2.3543]
[ 3.8386,-0.0129,-1.8492,-1.6248,-1.8418,-2.1994,-0.7387,-2.4071,-2.3486, 1.6411, 2.077 ,-1.7249,-1.2262, 2.7399,-1.9025, 2.2323, 0.0785, 2.9406]
[-3.4522, 2.2264,-4.6567, 1.757 , 1.4488, 2.3962, 0.618 ,-2.5933, 3.1201, 1.8915,-0.0558,-1.3321,-2.8508,-2.6915,-1.8395,-3.073 ,-1.0625, 3.0483]
[-3.8643,-4.7779,-0.2439, 3.1102,-0.8158,-0.2948, 1.8065, 1.1506, 0.0647, 2.6349, 0.1467,-3.0129,-0.9043,-1.2055, 1.1125,-2.0471, 1.4839,-1.8272]
[ 2.4326,-1.325 ,-0.7343, 0.9718,-0.4085,-0.6725,-1.244 , 1.3371,-0.0686,-1.3778,-2.8304, 0.0567, 2.0402,-0.3652,-2.2265,-2.0491,-1.3227,-0.3715]
[-4.4382, 3.0644, 2.0119,-2.4948,-1.8285,-3.0509, 0.3292, 1.6748,-0.5414, 0.9255, 0.2182,-1.8789,-0.5363,-2.3201, 1.9339, 2.3146,-1.7856, 1.3519]
[-3.7406, 0.7435, 4.6835,-2.6294, 1.2986,-0.4144, 1.216 , 2.8886,-2.8886,-3.0628,-2.7419, 0.5356, 1.3584, 2.3023, 0.1129, 0.9879, 1.4905, 1.704 ]
[ 0.9294,-4.6901, 3.6359, 2.9361, 3.1066,-1.0718,-0.1955,-0.2197,-1.0285, 0.8338,-1.5511,-0.8655, 1.521 ,-0.0331,-3.1096,-0.5879,-0.6986,-2.7447]
[ 3.592 , 2.7522,-2.7542, 3.101 ,-3.0513, 0.9518, 2.6311,-2.1115, 0.9602,-0.7424,-2.7656, 1.4148,-1.4452, 0.4745,-1.5024, 0.2239, 0.3588,-0.4848]
[ 2.1636,-0.5877,-2.9428,-2.8393,-2.7133,-1.2044, 0.7932, 2.2843,-0.7616, 1.3899, 2.5454,-0.3482, 2.4686, 2.2864, 2.1192, 1.0692, 2.9589, 0.6522]
[-1.2336,-5.0508, 5.3391,-1.7706,-3.1199,-0.0952,-0.0326, 2.9287,-0.9273, 0.6888,-1.9782,-2.2418, 0.3064, 2.985 , 0.6835, 2.7682, 1.3689,-0.3917]
[-1.7663,-2.7086, 4.8462,-2.527 ,-2.8724,-1.8487, 0.7201,-2.19  , 2.6914,-0.7231,-2.5906,-1.5402,-2.3547, 2.86  , 1.3478, 1.8015,-2.8862,-2.339 ]
[ 0.389 ,-3.6862, 2.1412,-2.4946,-2.7749, 0.4714, 0.3707,-0.2849, 0.8758, 1.7207,-2.9652,-1.0524, 0.5032,-0.6301,-0.9332, 1.702 , 2.2865,-0.3021]
[-1.2263, 3.4984,-3.5027, 0.8934,-1.5755, 1.2583, 0.2558,-2.5724,-0.8659,-1.7296, 2.965 ,-1.5064, 2.4275, 0.3839, 0.3448, 0.5615,-1.7102, 2.5613]
[ 2.6645,-4.2585, 5.4533,-0.3325,-2.5022,-2.9424,-1.5901, 2.5093,-1.1888, 2.9019, 1.1561, 1.3939, 0.8951,-2.7544,-2.3183,-3.0256,-3.0303, 2.4129]
[ 2.0906,-3.0505, 1.5438, 2.9008, 2.7075, 2.6188,-0.6234,-1.827 ,-1.5178, 0.0685, 0.1865, 2.7224,-1.1378, 1.6201, 2.9436, 0.3588, 1.9103, 2.5776]
[ 0.0528,-4.635 ,-4.9569, 1.5384,-0.4669, 2.6993, 0.6581,-0.4407, 1.5366,-2.2625,-2.1198, 0.2802,-0.3104,-2.0255, 2.847 ,-2.9319,-1.1998, 2.2742]
[-4.8555, 2.9552, 3.4737,-1.2544,-1.6901,-3.1344,-0.506 ,-2.5806,-2.835 ,-1.149 ,-2.0101, 0.247 ,-2.4134, 1.012 ,-1.2625, 2.6196, 1.3026, 0.9396]
