[ 3.5352, 0.8677, 0.2117,-1.6611,-3.1327, 0.1585, 0.7311,-1.0071, 1.3642,-2.6162, 0.5556, 2.7542,-1.7134, 0.0398,-0.1467, 0.5372, 3.0042, 0.9651,-2.5927,-2.4669]
[ 1.1685, 5.0635, 4.7469, 1.49  , 2.6861,-1.1432,-1.7803,-1.5897, 2.3425, 2.8635,-2.9305, 2.1518,-2.0673, 0.4389,-1.0449,-1.4143,-0.5887,-2.7424,-2.7795, 2.2759]
[ 0.347 , 3.2453,-2.2924, 0.9429,-3.1327,-0.6519,-1.3677,-2.8203, 1.9837, 2.8126,-0.8053,-1.9836,-2.9545,-1.2105,-0.4053,-0.1114, 2.6396,-1.743 , 1.798 , 2.1978]
[ 0.2166, 2.7787,-3.0857,-1.622 ,-1.9269, 1.5481,-2.9073,-0.0593,-2.6174,-0.1873,-0.6905,-2.4368, 2.6059, 3.0426,-1.6044,-1.856 , 2.7993, 1.0652, 1.7375,-0.5579]
[-0.4097,-2.6372,-0.2893, 0.6364, 3.0937,-1.6818,-3.1147,-2.2685,-2.2364, 0.3604,-1.6771,-2.5621, 1.9308, 1.4221, 2.6228, 0.5729, 1.5516, 2.7158,-1.2509, 0.6954]
[-1.3183, 3.02  , 2.8259,-1.1385,-0.9415,-1.6267, 2.9335, 1.5658,-1.8997,-0.5956,-0.1072, 0.8873,-1.8688,-0.2916,-1.7251, 1.7291, 1.5971, 0.698 , 0.1883, 0.9067]
[-2.7349, 3.0348,-3.3229, 2.1326,-2.491 , 2.9801,-0.3743,-1.9033, 1.8786,-0.5075,-1.3177,-1.7527,-0.7255,-1.0598,-1.4778,-0.2643, 1.6335,-1.9458,-2.3324,-2.8282]
[ 2.3747, 1.5946,-4.2102, 2.5709,-2.6471,-0.5579, 1.413 , 0.9798, 1.8728, 0.9215, 2.65  , 1.856 ,-2.1762,-2.7585, 1.0263,-0.9725, 2.2527,-2.4272, 0.373 ,-2.6417]
[ 4.1321, 2.2796,-1.3203, 0.3595,-0.86  , 0.1067, 1.3557,-1.0701,-0.4647, 2.2114,-0.9572,-2.7691, 2.7406, 1.2272,-1.189 ,-1.0041,-0.726 ,-0.0864, 1.983 ,-3.0641]
[ 1.2633,-2.7035, 5.0949,-3.1089, 0.2244,-2.5753,-1.9068,-1.0795,-1.1903, 1.1865,-2.8942, 1.6603, 0.5393,-2.6758,-1.067 , 1.8809,-1.801 ,-2.4237,-0.3418,-1.7979]
[ 3.3839,-1.9767,-4.3801, 0.9383,-2.3905, 1.3343,-1.5049,-2.3571,-0.3924,-3.0607,-1.5329,-0.8389, 0.0143, 3.0852,-2.6398, 0.9066,-1.5701, 1.4715, 1.3648, 0.0935]
[-1.4949, 3.9382, 3.4602,-0.9224,-2.9315, 0.4992,-3.1355, 1.6078, 0.3364,-2.2625, 2.3916, 2.0262, 3.1332,-2.631 , 2.6472, 1.991 ,-0.9391,-1.015 ,-2.3627,-2.7952]
[ 4.8832,-4.0288,-0.2119, 2.6341,-3.104 , 0.2391,-0.8317,-2.0504,-0.9231,-0.6881, 0.0192, 0.6222,-1.5108, 1.103 , 0.2325, 0.2464,-0.2614, 1.8173, 2.0063,-0.607 ]
[ 3.2201, 4.1377,-5.4166, 2.217 , 0.2561, 0.087 , 2.8932, 2.5489, 0.955 ,-2.2619, 0.8408, 2.4782,-3.0318, 0.5348, 2.471 ,-1.0657, 2.4847,-1.978 , 1.3858, 0.8121]
[-3.4878,-4.9125, 4.9673,-2.6237, 1.4628, 3.1008,-0.5156, 0.534 , 2.8744,-0.6538, 0.0853, 1.0041, 1.7091, 0.165 , 2.1205, 0.9055, 2.4993, 0.784 , 1.8552,-2.8985]
[-3.8456, 3.486 , 0.8753, 2.935 ,-1.4021,-1.6078,-0.9184, 0.3285, 0.0359, 1.522 , 2.9856, 2.3606,-1.4922, 1.414 ,-2.9473,-0.1205,-0.116 ,-1.3867, 2.1186, 2.2557]
[-0.5147,-3.139 ,-4.721 , 0.7178,-1.0321,-2.3583, 1.6581, 0.2652,-2.1216,-0.6961,-0.1787,-2.9693, 1.7297, 0.0357,-0.9231,-2.1622,-2.2763, 1.8113, 0.0451,-0.2933]
[ 0.8629,-5.077 , 1.7457, 2.0122,-2.6122, 2.34  ,-1.2777, 0.0941, 0.9307, 0.1886,-0.9293,-2.4121,-1.5293, 0.2506,-0.0572, 1.4218, 0.7109, 2.472 ,-2.6841,-2.4131]
[ 0.7452,-0.4838,-2.8133,-0.5666,-1.6075,-0.414 ,-0.6039, 2.0872, 2.4301, 2.2099,-2.2279, 1.4737,-1.1798, 1.7204,-0.6548,-1.1446, 1.6361, 0.4663,-1.9143,-2.3692]
[ 1.5952, 4.9121,-3.2837,-1.4688, 2.9547,-1.2966,-1.7486,-0.389 , 2.5451,-2.0532, 0.5579,-0.0868,-1.5942,-2.98  ,-1.3496,-1.2908, 3.1143, 2.0194,-1.7463,-0.9156]
[-2.1726,-0.9715,-5.3555,-0.145 , 1.8902,-1.8743, 1.7839,-0.2885,-0.7268, 2.5535,-2.5018,-2.5529, 0.1645, 0.9104,-0.9055, 2.4548,-1.6198,-0.3715, 2.0394, 1.2621]
[-1.3659, 1.7159, 3.3229,-0.3087, 0.22  , 1.4123, 1.1534,-0.4397,-1.8873,-0.6565, 2.8683,-0.2307,-0.443 ,-1.9892,-1.9662,-1.7894,-2.2071,-2.4287, 0.0977,-2.1768]
[-2.0466e+00,-4.7363e+00, 1.5384e+00,-9.6176e-01, 3.1694e-01,-1.7178e-01,-1.9453e+00, 2.0717e+00, 1.8982e+00, 4.4893e-03, 9.6203e-01, 1.7811e+00,-8.1525e-01, 3.0184e+00, 2.1109e+00, 1.5335e+00, 4.8791e-03, 1.9264e-01,-1.0038e+00, 1.7630e+00]
[ 4.543 , 0.9945, 1.2236,-0.5918, 2.7222,-0.9239,-1.9561,-0.6165, 1.2653,-2.2643, 1.0677,-1.9691,-2.2983,-2.8754,-2.6371, 0.8639,-1.5635,-0.8394,-0.4519, 0.9386]
[ 2.8082,-4.0792,-4.3906, 1.8391,-0.6676,-0.4169, 2.0548, 1.7768, 3.0287,-0.1865,-0.679 , 1.8181,-0.6767,-1.4293,-1.6762, 0.6987,-1.1459, 0.6692, 0.6456,-2.4771]
[-3.4946,-4.196 ,-1.6694, 0.7938, 1.6195, 1.6903,-2.0242, 2.5688, 2.05  , 2.3664, 1.3118, 1.9551, 2.3134, 3.0165,-0.1454, 2.2466,-2.2176, 0.5814,-0.6051,-2.3519]
[-4.4103,-3.3158,-0.2456, 2.907 ,-0.6948,-0.1818, 2.3389,-2.8185, 2.7435,-0.5589,-0.399 ,-1.0635, 1.2584,-2.7521,-2.7887,-2.9473,-2.1441, 0.5917, 1.7655,-0.61  ]
[-3.5607,-4.3898,-1.5485, 1.7317, 1.6258, 1.9345,-0.5372,-3.082 , 0.8736, 3.1361, 2.6254,-0.9682,-0.9212, 0.3034,-0.384 ,-0.8066, 1.8945, 2.7454,-2.7007, 2.5179]
[ 5.3176,-4.8994, 4.9894, 0.2435, 1.1077, 0.0616, 2.9025,-0.172 ,-0.379 ,-2.7962, 2.5473,-2.7457, 1.7263,-3.0136,-2.7153,-0.9298,-2.4037,-2.679 , 1.5502,-2.6044]
[ 2.7033,-2.396 , 1.7568,-2.8164, 0.6695, 2.3463,-1.1634, 2.3477,-2.4924,-1.9509, 1.7278, 1.6014, 1.0255,-0.9553, 2.0045, 1.972 , 1.6427,-2.8119, 1.0989,-2.4513]
[ 2.157 , 5.4918,-2.2834,-1.2815,-1.2369,-0.3592, 1.2623, 0.2419,-0.739 ,-0.6045, 1.0397, 0.0821,-2.7949, 2.9254, 0.6333,-1.7844, 0.1999,-2.1631,-0.3487, 2.2104]
[-2.0822, 3.78  , 0.9424, 2.8132, 2.8841, 1.6723, 0.7402, 1.3055,-0.3221, 1.6861, 0.6135,-0.7785, 2.9748, 2.6112, 2.1954, 2.6729, 3.0138, 0.1125,-0.0858, 2.4364]
[ 0.669 , 0.6637,-1.2387,-0.3907, 1.2038, 1.7688,-1.6964,-0.9024,-2.5251,-0.249 ,-1.4798, 0.2412, 0.5185,-1.4284,-1.8679, 0.0475, 1.5748, 0.4349,-1.6409,-2.5686]
[-3.2257, 4.6843,-4.9072, 1.1322,-1.7608, 2.8891,-0.4566, 0.9977,-0.5   ,-1.222 ,-0.33  , 3.0326,-1.3265, 0.7711,-0.4263, 1.1973,-1.6054,-1.5236,-0.0543, 0.2658]
[ 2.0542,-1.5601, 0.4218, 0.8278, 0.8888, 2.4973, 2.8757, 0.3409,-0.295 , 2.7261,-1.9586, 0.6978, 1.1723, 1.2974,-2.146 ,-1.4701, 0.0504,-2.3221,-0.9766, 0.693 ]
[-2.9039, 2.5014,-4.3465,-1.1418,-2.049 , 0.6146,-2.0358,-1.9732,-1.1907, 1.7275, 0.8658,-0.8272,-1.3056, 0.5037,-2.664 , 0.0828,-1.6905, 1.4348, 2.2728, 3.1144]
[ 0.5856, 2.8476, 3.455 , 0.2612,-2.2646,-0.8794, 1.178 , 3.0718, 2.6151, 2.4087,-0.1323,-1.0391, 2.0164, 0.3922, 0.0168, 1.6155,-2.2336, 0.0686,-2.1603, 1.434 ]
[-3.7835, 3.0638,-1.7806,-0.5804, 0.8445,-0.845 , 1.4385, 1.8091,-0.2194, 2.7652,-0.7576, 1.498 ,-2.6507,-1.5309, 2.6411, 0.1883, 1.6849,-1.5147,-1.4056, 2.0926]
[-1.3014, 3.8288, 5.3902,-0.5593,-3.1334, 0.7627, 1.7078,-2.3207, 0.1959, 2.2558,-3.1087,-1.2453,-2.0338,-1.897 ,-2.6101,-1.0673,-2.0724, 1.1139,-0.9407,-1.9228]
[-0.5514, 2.2158, 5.0313, 1.1201, 0.3472, 2.8853,-0.5083, 2.2464, 1.558 ,-1.146 ,-1.9211,-1.9345,-1.7758,-1.6936, 0.4052, 1.2539, 2.2279,-0.5224,-2.1549,-2.8994]
[-4.7085,-2.6224,-0.174 ,-0.8012,-0.6884,-2.6497, 1.899 , 0.3266, 1.4966,-2.1056, 1.8091,-2.4226,-2.6457, 1.903 , 0.1126, 0.6431, 1.1313,-1.4097,-2.2124, 1.1947]
[-4.0924,-1.9293,-4.8615, 1.1779, 1.1265,-2.2011, 1.6975,-0.8891,-0.6043,-0.6839, 2.4474,-3.1124,-3.0533, 1.5364, 2.6292, 0.7729, 0.8837, 0.5472, 2.1552, 0.3566]
[ 2.4789,-5.0879,-2.2142, 0.8151,-0.9656, 2.9426,-1.7627, 1.8695, 2.188 ,-1.6881,-2.8242,-0.4738, 1.7176,-1.1774, 2.6177, 0.5624, 1.5443, 2.3079,-0.0137,-2.2875]
[ 4.1559,-1.8187, 4.0292, 2.3367,-1.3207,-1.3717,-2.1639,-2.4611,-2.5386, 1.9448,-0.5228, 0.3251,-1.3581, 1.9905,-2.7531, 3.0921,-2.9653, 1.56  , 0.8046, 2.2801]
[ 2.906 ,-3.7668,-0.8465, 1.014 , 0.866 ,-0.7881, 2.6665, 1.6599,-0.777 ,-3.1292,-2.7324, 2.9633,-1.7879, 2.9116,-1.98  ,-0.7315, 1.3483,-0.1954,-0.5478,-0.4804]
[-3.5238,-3.2331, 3.8475, 1.2295, 0.5462,-1.3799,-1.2033,-3.079 ,-1.8911, 2.8154, 0.1189, 1.1469,-1.7228,-0.0185,-2.1687, 3.1081,-0.178 , 1.3307, 1.2742,-1.968 ]
[ 1.7319e+00, 2.9994e+00, 3.3535e+00, 1.6726e-03,-2.4147e+00, 1.9050e+00, 2.4530e+00,-3.4699e-01, 1.7477e+00, 2.8693e+00,-7.5504e-01, 2.4326e+00, 2.3332e+00,-8.6722e-02, 1.1207e+00,-2.2539e+00,-3.0896e+00,-1.4848e+00, 5.3386e-01,-1.4818e+00]
[ 5.1202,-1.4112,-3.5913, 1.9066,-0.2887,-2.3152, 0.8336,-0.582 , 1.0491,-1.4776,-1.2848, 0.4849, 3.1045,-2.0463, 2.7152,-0.1308,-2.2819, 0.9328,-1.1267, 1.2209]
[-1.6279,-2.2422, 1.1438,-0.749 ,-0.9868,-1.377 ,-2.8026,-1.4279, 2.4797, 3.0701, 1.5264, 1.7205, 0.4266, 2.6689, 1.4327, 2.4301, 1.2643,-1.7838, 1.2099, 0.3346]
[ 2.3919, 5.1039,-4.5482,-0.6502, 0.6688,-1.0888, 0.8926,-2.2023, 2.3826, 2.9614, 0.8655,-2.5282, 1.4079,-0.6227, 0.087 ,-0.551 , 1.6741,-0.3677,-1.3528,-1.4182]
[-3.5111, 1.1768,-4.1651, 0.0751,-0.5439,-1.9357, 0.6225,-2.9109, 0.5118,-3.0306, 2.4982, 0.8101,-1.1335, 1.9616, 0.1825,-0.971 , 2.4854, 0.0447,-3.1168,-0.8765]
[-2.9611,-5.4487, 2.0088, 2.1442, 0.8001, 1.1935, 2.5588,-1.2036,-1.0148, 1.8862, 2.9492,-2.0287,-0.5275,-0.2473, 1.1861, 1.2186, 0.2346, 0.5413, 2.1353, 1.8275]
[ 3.2635,-5.2221,-0.2189, 1.4188, 2.0001, 3.0807, 1.6929, 1.2709,-1.2372, 1.2748,-0.9826, 2.777 ,-2.2088, 2.7312,-2.0164,-2.3326, 0.2867, 0.5285, 1.1887,-1.1879]
[-0.6932,-0.0938, 3.386 , 2.2916,-1.7877,-1.9097, 2.8255,-2.7264, 0.0265,-0.9924, 0.4713, 1.2287, 1.1162,-2.9633,-3.0693, 1.8695,-2.3824, 1.4303,-0.3774,-1.3495]
[-0.9357,-0.5809, 5.3209,-0.698 , 2.7459,-1.4383,-0.0358, 1.7031, 1.9599,-0.6345,-0.67  , 0.9879,-1.9575,-1.7528, 0.4895,-3.1111,-3.0451, 2.5403,-0.5701, 0.1367]
[-5.0917,-2.5633,-3.2927,-1.6756,-2.69  ,-2.6445,-1.662 , 2.7641,-0.2125, 1.6287, 2.947 , 1.9032, 3.0302, 0.9366,-2.888 , 0.3056,-2.0845, 0.6699, 3.0951,-2.303 ]
[ 1.4623,-1.8895,-2.5149,-2.9579,-2.8827, 0.0234,-1.8649, 0.1204, 0.0101, 2.7455, 2.419 ,-2.4649,-0.0332, 2.6061, 0.2389,-2.5841,-0.4369, 1.5842,-2.199 ,-1.1938]
[-3.9199, 0.7708, 1.4947, 1.6384,-0.9869, 0.0366,-2.6091, 0.136 , 1.0531,-0.6075,-2.2829, 1.9809, 1.8439, 0.4147, 2.8676,-0.9844,-1.5747,-2.2644,-2.4784, 0.8423]
[ 5.1924,-0.0886,-3.4065,-0.4116, 1.293 ,-2.7022, 2.2424, 1.5049,-1.2228, 2.9154,-1.643 ,-0.9707, 1.1569,-1.2586, 1.5261,-1.747 ,-2.6956, 0.3422, 1.5204, 1.6329]
[ 0.1687, 4.6633, 4.1123,-2.5653, 2.0218, 0.5292, 0.3451, 1.9817, 2.6444,-1.192 ,-2.9087,-0.0386, 1.4719, 1.7721, 2.314 ,-0.4881, 2.6004,-2.2199,-1.2996,-1.7881]
[ 0.9735,-1.1335,-4.8886,-2.661 ,-1.8851,-1.9369,-0.6333, 2.1577,-0.3858,-1.0457,-2.736 ,-2.1222,-0.9725, 0.4352,-0.5163,-1.1195,-2.7851,-1.7188,-0.5805,-2.3249]
[-2.2892, 2.5103,-5.378 ,-1.3355, 0.1806, 2.4626, 1.9526, 0.4475, 2.221 , 1.8845, 0.241 , 1.6869,-2.8796, 2.6368, 0.9259, 0.3869,-1.8347, 2.0315, 0.478 , 2.7692]
[-0.849 , 3.0161,-1.5229, 0.9992, 2.1761,-1.2316, 1.5641,-2.8649, 3.1021, 1.4066,-2.8443,-1.1681,-0.696 , 0.9503,-0.6971,-0.7069,-0.8248, 1.27  , 2.7399,-1.2618]
[ 4.3352,-4.0542,-4.2043,-2.7568, 2.6188, 1.9696, 1.6563,-1.6463, 2.5244, 0.2914,-2.1644, 0.4169, 1.3478, 2.9131, 1.414 ,-0.7448,-1.0281, 0.8627, 0.9549, 2.6934]
[ 3.1598,-5.3926, 0.6624,-0.8717, 0.7094, 2.4764, 0.3511,-0.1524,-2.8005, 2.0742, 0.7252, 2.5719,-0.1531, 1.1466, 2.0547, 2.0214, 0.8588, 1.9142,-0.8198,-2.8068]
[ 0.1665, 4.742 , 2.7911, 2.4699, 2.1065, 0.7831, 1.3598,-1.4858,-0.8789,-2.3651, 0.0779, 2.3945,-0.9814, 1.1003,-2.9876, 2.359 ,-0.4987,-0.6867, 1.9339,-2.6325]
[ 3.561 ,-1.7417, 2.4946, 2.341 , 1.1485,-1.1268,-3.0442, 2.8076,-1.1962,-2.8547,-1.8202, 2.805 ,-2.3746,-2.8165,-1.6988,-2.6243,-3.0225, 0.1608,-1.4063, 2.7193]
[ 5.3017,-0.0876, 1.4592,-2.4123, 0.5767,-3.1045,-1.7975, 2.1826, 0.4143,-0.1911, 0.0555, 2.6494, 0.6494, 0.8885, 1.5455,-0.5473,-0.8508,-0.245 , 1.1825, 0.8512]
[ 5.3937,-1.2804, 1.7506, 0.5022,-1.9071,-0.7664, 0.5299, 0.71  ,-0.0386, 1.8421,-1.7687, 2.6731, 2.8475, 2.9406, 2.0762, 2.9351,-0.354 ,-0.1232, 1.9873,-0.9619]
[ 4.1897, 3.1926, 4.1585,-0.4251, 3.0717,-2.2701,-1.1398,-0.6902, 2.4346, 2.8885,-1.4975, 2.9753, 0.2139,-0.2903,-2.4546, 0.8438,-0.4137,-2.5394, 2.6107,-2.5787]
[ 3.4183, 4.2471,-5.3179,-2.3797,-2.0878,-0.4933,-0.7964,-1.3145,-1.3865, 2.7098, 0.6967, 1.7358, 1.7996, 1.5746,-2.3747, 2.0791, 1.243 ,-0.1018,-2.6585,-0.8654]
[-4.5495,-1.8306,-1.7718,-2.6041, 0.3647, 2.8792,-1.1442,-0.8549,-2.4172,-2.9909,-2.2777,-1.1941,-0.1167,-1.4457,-0.9206, 2.8872, 0.4849,-0.7174,-2.7467, 1.4747]
[-2.2342,-4.9608,-0.6029, 2.1521,-1.051 ,-2.1486,-1.2872,-1.0259,-1.3444,-2.5935, 0.436 , 1.0399, 1.0266,-1.9231,-0.3255, 0.3934,-2.4988,-0.4926,-1.5101, 2.9756]
[-4.6858,-3.6844,-4.3968,-1.0478, 1.6447, 0.9807, 0.2599, 1.8648,-0.5068, 1.4234, 1.2734, 1.6258, 1.4189,-0.9088,-1.558 ,-0.3318,-1.5199, 1.269 ,-2.2443, 1.4024]
[-3.3317,-3.4088, 2.7827, 2.6526,-1.9615,-0.0049,-0.1948, 0.8844, 0.9151, 2.0073,-2.2491, 0.8135, 2.4605, 2.6648,-1.062 , 2.5617, 1.0575, 0.3563,-1.71  , 2.7864]
[-4.091 , 0.3164, 0.8974,-2.6786, 1.7054,-0.7026, 0.8331,-0.5715,-2.7791,-0.8113,-1.417 , 1.9509, 1.4381,-2.2164, 3.0703,-3.0643,-0.679 , 2.8878, 1.0914, 1.8799]
[ 3.7256,-3.9206,-2.8535,-2.3096,-1.604 , 1.849 ,-1.964 , 0.4982,-2.369 , 0.4592, 1.8033,-2.3625,-0.7628,-0.3773,-1.6116, 1.169 ,-0.1574, 1.8963,-0.1503, 2.0715]
[ 3.1492, 4.8391, 0.6986, 2.397 ,-0.1605, 1.9604, 0.3104, 3.1019, 2.8899, 2.8844,-1.7344, 1.6033,-1.8309, 2.5947,-0.2555,-0.4043, 2.1159, 1.883 , 2.2281, 2.3305]
[ 4.5216, 2.374 ,-4.5351, 1.0461,-2.424 ,-0.3466, 2.119 ,-1.45  ,-1.1356, 1.7462,-2.2897,-0.839 ,-0.9964,-2.0589, 2.9766,-0.6941, 0.4255, 0.2642,-1.7744, 0.2893]
[ 5.1361,-5.2506,-3.3195, 0.4549, 1.4962, 2.5251, 3.0993,-1.3899, 0.36  ,-2.4861,-0.1183, 0.956 , 0.0111,-1.9469, 0.6883, 0.2243,-1.9191, 2.5748, 1.1133, 0.19  ]
[ 5.1073,-3.2918, 4.1624, 0.893 , 1.9338,-3.1174,-0.0537,-0.0312, 1.08  ,-2.5749, 2.4093,-0.6196, 0.7935,-1.3619,-2.8657,-0.7864, 1.0303,-1.5974, 0.5205, 2.6006]
[ 3.5587,-2.6621,-3.5936, 1.4533, 0.837 , 2.8445, 1.5328,-2.8902, 1.3384,-2.7816, 0.9108, 1.625 ,-1.2357, 0.6135,-0.6209,-0.4401, 0.7061,-3.0564,-2.1162,-0.3203]
[-4.6832, 3.0618,-5.4045, 2.4223,-2.7396,-2.5898,-2.321 ,-0.5974, 0.2375, 1.8912, 2.2976, 0.2567, 1.2927, 0.6638,-0.8417,-2.1245,-1.9682,-0.7447, 2.3198, 1.5266]
[-4.3534,-1.5536, 5.24  ,-2.8448,-2.2449, 2.1656, 0.7996,-1.8564,-2.8197,-2.0672, 1.8533, 0.6927, 0.1749, 3.0194,-1.9136,-2.537 , 0.729 , 1.349 ,-2.7285,-1.9769]
[ 3.9782, 1.9872, 4.5903,-2.9835, 0.3773, 0.8829,-1.7557,-1.4718,-3.0085, 1.5552, 1.7251, 0.9514,-1.3026,-0.8171,-1.3548,-0.9888, 1.7059, 1.6452, 0.9565, 0.6332]
[ 2.6985, 4.7128,-1.3343, 0.2239,-1.1678,-1.768 , 2.5546, 2.55  , 1.2927,-2.6735, 0.4214,-2.9163, 2.4064, 0.6078, 0.4744, 0.8422, 0.7493,-0.6418,-2.4365,-1.5629]
[-5.0378, 4.096 , 1.6594,-1.2039,-1.7858, 2.998 ,-0.682 ,-1.3173, 1.3806,-1.2935, 2.3816, 2.0006, 3.0165,-0.6041, 1.3478,-2.7676,-0.6846,-1.4782, 2.1487, 2.4836]
[-4.1217, 4.7543,-3.5657, 0.6135, 2.5473, 1.0155,-1.7126,-1.5017, 1.2214,-2.5451, 0.8965, 2.4902, 2.7249,-0.95  ,-2.2417, 1.7949, 0.4142,-1.9623, 2.0957, 0.3902]
[ 2.6195, 3.3529, 4.7538,-0.2559,-1.071 ,-1.5147,-2.6622, 2.0087, 0.7804,-1.5186,-2.5445,-2.1248, 1.7283,-1.0735, 2.1759, 2.0363, 0.4915,-1.8996,-1.9904, 2.9206]
[ 3.8158,-4.9082, 0.3756,-1.5962,-2.7129,-1.5702, 0.5215,-1.1661, 2.0392,-1.9488, 0.623 , 1.4222,-3.0747,-0.4524,-1.9193,-0.842 ,-1.3656,-2.9342,-0.5204, 2.1508]
[-5.2567,-4.1581, 2.1581, 1.0507,-1.6416, 0.8989, 2.417 , 0.8931, 1.9417,-2.9821, 0.6987,-2.8612,-0.0278,-0.463 , 0.1383, 1.1253,-1.9802, 0.862 ,-1.807 ,-1.7224]
[ 4.501 , 1.2845,-4.4834, 1.5864,-2.8754, 2.2054,-1.7479,-3.0483,-2.8623, 1.6918,-1.7968,-1.6115, 1.4186,-2.2475, 2.7406,-0.0889, 2.8348, 2.3677,-0.1016,-2.4175]
[-1.7284, 3.759 , 2.2762, 1.5902,-2.6129,-1.4772,-0.4734,-1.6075, 1.9037, 1.9193, 0.4787,-0.545 ,-1.4383, 2.1203, 0.6534, 0.2201,-0.3026, 0.0899, 2.6268,-0.2102]
[ 1.2065,-1.7361,-1.5733,-2.421 , 1.3398,-1.192 ,-1.246 ,-1.8218, 1.7305,-2.8692,-1.3248,-1.2415, 2.3308,-2.8054, 2.2106, 0.8875,-0.3916, 0.1898,-1.5532,-1.1104]
[ 2.689 , 1.1884, 4.4718,-1.7902,-1.5764, 0.5548, 2.8054,-0.584 ,-1.9502,-1.4322, 2.0212, 0.5513, 0.3996,-0.1512, 0.0766,-0.0848, 1.9136,-1.8917, 1.5219, 2.8185]
[-2.5993, 4.1835,-1.2888, 0.5619,-1.0322, 1.5436,-1.302 ,-0.3674, 0.4902,-2.9781, 2.2904,-0.8324, 3.0199,-1.2245, 0.5358, 2.5957,-0.155 ,-1.03  ,-0.0741,-1.5963]
[-1.1369,-0.5603, 2.461 ,-2.8787,-2.7072, 2.5096,-3.0572,-0.1462,-1.6708, 1.3956,-2.7776,-1.3043, 2.3204, 0.9578,-3.1328,-2.6378, 2.7273,-0.019 ,-1.3266, 0.0999]
[-2.6728,-0.9163,-2.319 , 2.9452, 2.5986, 0.5848,-2.2157, 0.5842,-2.3315,-2.5685, 2.2801, 1.8789,-0.0888, 2.4742,-0.7184,-1.0781,-1.0684,-0.0783,-0.1114, 0.2767]
[ 2.619 , 1.2602, 1.1938,-2.8694, 2.2433,-0.9475,-2.1501,-0.4323, 3.0936,-0.4726,-1.6515,-2.8595,-2.5184,-3.0542, 1.3946, 2.6654, 0.1781,-0.4834,-0.7859, 0.5235]
[ 3.7707, 1.0538,-4.0808,-2.6787, 0.0905,-0.2429, 2.0798,-2.5272, 1.9626, 2.8918,-1.5217,-0.4953, 1.4418,-1.6413,-1.3012,-1.0326, 2.9954, 1.7555,-2.0659, 0.414 ]
