[ 0.849 ,-1.6728, 5.4291, 2.2611, 2.9573,-2.5363, 2.2989, 1.1426,-0.3858, 2.5925, 2.2402,-0.679 ,-1.271 ,-0.2031, 2.2589,-1.4601, 0.7533, 2.2232,-1.0097, 0.0445, 0.0466, 0.4197,-2.3901, 0.3242, 1.0516]
[ 1.8948,-1.8671, 1.3306, 1.0759,-0.5753,-2.4777, 2.9036, 0.3836, 0.2776,-0.3838,-1.4659, 0.8762,-2.9164,-2.9847, 0.2384,-2.1335, 0.8129,-0.589 , 2.2282,-0.0823, 2.8198,-0.7074,-1.0565,-0.0286,-1.6525]
[ 4.6623,-4.9639,-4.2942, 1.7107, 0.3513,-0.5791,-2.9416, 2.4737, 1.7534,-1.3666, 1.6539,-1.6885, 2.675 ,-2.7989,-2.9281,-3.0471,-3.0785,-1.0927,-2.5603,-1.4514,-3.0249,-2.426 , 2.0151,-2.7311,-2.0921]
[-0.6754, 4.8223, 3.3923, 1.6822, 2.069 ,-3.0577,-3.0799,-1.6045,-2.2441, 0.2476,-0.8748, 0.6795, 3.0055, 0.993 ,-0.6793, 1.6441, 1.8741,-2.5162,-1.1664, 2.938 ,-2.1209, 1.2572, 1.4429, 1.1798,-1.6132]
[ 3.4004,-2.1931, 2.6683, 1.8221, 0.9518, 2.8041,-2.7947,-1.848 , 1.1814, 0.8129, 1.9973, 1.8891, 0.9898, 2.1274, 2.5311,-0.1176,-1.0404,-1.4362, 0.3155,-2.7946,-2.1801,-0.6756,-1.3278, 2.4212,-0.5033]
[ 1.8523,-4.2894, 0.6053, 1.7947,-1.9496, 2.9006, 0.9628,-2.1889,-1.0492, 1.0224,-1.5529,-0.3133, 1.9926,-1.5967, 3.103 ,-1.3473, 0.1576,-1.602 , 0.615 ,-2.4829, 0.2618, 1.4985, 1.2114,-1.974 , 0.0826]
[ 3.9121, 3.9327, 1.8669,-1.34  ,-0.7927, 1.2408,-2.1301, 1.5349, 2.1193, 2.9211, 2.5479, 3.1398,-0.0425, 2.882 ,-2.159 , 1.3916,-0.5085, 1.9218,-0.2754, 2.6692,-2.393 , 2.5961, 1.7756, 0.1419, 2.7238]
[ 0.0542,-1.5538,-3.6435, 2.9189, 0.8601, 1.4864, 2.9158, 0.6396, 0.3723,-2.7724,-1.807 , 1.6488, 2.5181,-2.974 , 1.5655, 0.9497, 1.4665,-1.5921, 0.9721, 0.4926, 0.1056,-1.9214, 1.614 , 3.0185,-0.541 ]
[ 3.8163, 0.0091,-1.4382,-2.9514,-2.7001, 0.2993,-1.4797,-1.7327,-0.3278, 0.8064,-2.8409, 0.5975,-1.3297, 3.0228,-2.9953,-2.706 ,-2.2068,-3.0177, 1.1715, 2.5964,-2.9542,-1.2755,-2.5221, 1.555 ,-2.357 ]
[ 1.2365, 4.8898,-0.9453,-0.2347,-1.2832,-0.0507, 0.7997, 1.5539,-1.9579, 2.2077, 0.6452,-2.7133, 2.9322,-1.0852,-1.648 ,-1.0755, 2.8207, 2.899 , 2.6724, 1.9297,-0.3283,-0.8863, 2.5083,-1.7453, 1.3344]
[ 0.8442, 3.6698,-1.0685, 0.19  , 2.6388, 0.5017, 0.6794, 2.0501, 0.6241,-0.7299, 2.4996,-1.7752, 0.767 , 0.4557,-2.8656, 2.9228,-0.1532, 2.2482,-2.0441, 0.2755, 2.0158,-3.0519,-3.1207, 1.0043, 0.7829]
[ 2.5076, 2.5027, 1.969 , 2.3302, 0.6958, 2.7727, 1.2474,-0.5853, 2.958 , 2.5146,-0.1544,-0.7384, 2.6768, 2.4317, 2.5325,-0.1816, 1.1235,-0.9184,-3.0905,-1.4031, 0.0653,-3.0155,-0.2747, 2.8181, 1.1336]
[ 3.0773,-4.8015,-3.2504,-1.9655,-0.0088,-1.3695, 0.3102, 1.5929,-1.4431,-0.8686,-0.821 ,-0.4263,-2.7547, 2.2862, 2.9016, 1.0883, 1.8278,-3.0372,-2.7672,-0.6444, 2.4218,-1.8174, 3.0544,-1.0218,-2.8764]
[-0.5693,-2.5807,-2.2673,-2.535 ,-2.0835,-2.2493,-0.8957, 1.092 , 0.7936, 0.6792,-2.2359,-1.7159, 2.0474, 1.742 , 2.2735,-1.9198,-3.1044, 1.7964,-3.1041,-1.3937, 1.2173,-0.213 , 0.1738,-2.0654,-2.3894]
[ 1.5846,-2.2549,-1.9942, 0.0093,-1.2901,-1.106 ,-2.6847,-1.9899, 0.6859, 2.4625, 1.8154,-1.31  ,-1.2761, 1.9435,-1.346 , 2.9918,-2.0573,-2.9179, 1.9284, 2.5772,-0.829 ,-0.9897, 2.968 ,-0.109 ,-0.5917]
[ 3.0648, 3.0587,-3.7834,-1.5815, 2.3049, 1.3113, 1.7833,-1.2343, 1.6341, 0.4154, 0.4289,-0.604 ,-2.9302,-2.8859,-0.7148, 2.9946,-2.6055, 0.7929,-2.1803, 1.9629,-2.8508,-2.1116,-0.5257, 3.1014, 3.0525]
[-3.8089, 1.0064,-3.1602, 1.0333, 1.9628,-0.2033,-2.5068, 2.9491,-2.8831,-1.0187, 1.8011, 2.2344, 2.1871,-2.8539,-0.0306,-1.2748,-2.0555,-2.8479,-1.0457,-0.3802, 1.6766, 2.1217,-1.7274, 1.521 , 1.4492]
[-5.4326,-1.7168,-2.8053, 0.3337, 2.8431, 1.5347, 1.3416, 2.0714, 2.6117,-1.2647,-0.1582,-0.3534,-2.2556,-1.9097, 0.9894,-2.7215, 2.7197,-3.1184, 2.1482, 0.8768,-1.6578, 0.5839,-2.4805,-1.0877, 2.6448]
[-3.4877, 1.645 ,-1.3877,-2.8047,-2.6511,-1.5162, 1.3749, 0.2012,-0.3347, 0.1168, 2.2267, 0.4257,-0.311 ,-1.8429, 2.5504,-1.7104,-1.3395, 2.9702,-1.0863, 0.8974,-2.6804,-1.3841,-1.4303,-1.4553, 2.6574]
[ 0.1454,-3.7673, 1.305 ,-3.1276,-0.5493, 1.2169,-0.7265, 0.1711, 1.326 ,-0.6398, 0.4461, 3.1195,-2.7402, 0.8944, 1.0414,-1.3984,-1.1911, 1.4961,-1.3513, 2.4777, 0.2531, 0.8385, 0.2676, 1.1221,-2.1308]
[ 3.1174,-0.5342,-3.2236,-3.0642,-0.8304,-1.8655,-2.3326, 2.0627, 2.184 , 1.3278, 1.4339,-2.8059, 2.5383, 1.6945,-0.0908, 1.073 ,-0.5176,-1.4199, 1.3716,-0.5667,-0.3096, 3.1414, 1.3387, 1.6773,-1.5133]
[ 4.2504,-0.8758, 2.6122,-1.4608,-2.9883, 1.8048, 2.1755, 1.4441,-1.657 , 1.0672, 2.0176, 0.544 , 1.098 ,-2.0023,-0.6793,-3.0823, 1.2775,-1.0844,-0.0201, 0.6088, 2.0511,-2.5344, 2.1249, 2.7093,-1.8398]
[-0.927 , 2.4073,-3.592 ,-2.4851, 2.8138,-1.519 , 0.7874, 0.3288,-0.1811,-2.0587,-3.0659,-0.6007, 1.292 , 0.8264, 0.6371,-2.6389, 2.5247, 1.6243, 1.9933,-0.4547,-1.3423, 0.161 ,-2.3898, 0.4046, 1.2447]
[ 2.8935, 5.2608,-4.3795,-3.008 ,-1.3611,-0.3364, 1.9058, 0.5806, 0.0756, 2.5457, 1.4403, 1.5242, 2.602 ,-0.5685,-1.997 ,-2.3886, 0.6248,-3.0401, 1.2153,-0.9486, 0.1919,-2.0185,-1.7747,-0.572 , 0.9865]
[-4.1286,-1.4918,-2.8334,-1.3108,-0.5111, 0.6   , 1.8979, 1.9229, 1.9463, 2.7069,-1.4533,-2.9684, 1.4326,-1.2369,-0.3994,-1.8165, 1.1938, 2.7994, 2.8585,-2.4854, 2.4648,-1.7155,-1.3702, 0.5016, 2.2482]
[-5.3657,-5.4621, 0.9302,-2.5666, 1.6039,-1.4236,-0.7877, 2.0896,-2.5233,-1.791 , 2.9651, 0.4309,-0.2953,-0.852 , 0.6836,-0.0656,-2.2833,-1.3643,-0.3377,-1.868 , 1.8648,-1.7061, 1.5369,-0.7917, 2.4915]
[-2.1123e+00,-4.4719e+00,-5.4986e+00,-2.1469e+00,-1.6711e+00, 5.1887e-01, 2.5896e+00,-3.3984e-01,-1.5518e+00,-1.6933e+00,-1.8329e+00, 1.8884e+00, 8.8228e-01, 1.9200e+00, 2.0506e+00,-4.3130e-04,-1.3462e+00, 2.1892e+00,-2.6898e+00, 2.7647e+00,-1.1008e+00,-4.7594e-01,-1.0344e+00,-3.4513e-01, 1.2021e+00]
[-4.6881e+00,-2.9960e+00, 1.6812e+00,-2.3378e+00,-9.1169e-01, 2.5058e+00,-2.8242e+00,-3.0223e-03,-1.1722e+00,-1.6216e+00, 1.9171e+00,-6.0918e-01, 2.1483e+00,-1.0034e+00,-2.8742e+00,-1.7593e+00, 1.4038e+00,-7.5282e-01,-1.8022e+00, 2.9886e+00,-1.9119e+00, 4.9001e-01, 9.1297e-01, 2.2443e+00,-5.5681e-01]
[-4.2414, 3.902 ,-2.1056, 2.8821, 2.2392, 2.1142, 2.6237, 0.9973, 2.0809,-0.1678,-2.6334,-1.3612,-2.5515,-0.191 , 1.5353,-1.7486, 1.5569,-2.1823,-0.0057,-0.877 ,-2.9645,-2.2518, 0.8008,-1.7011, 2.7703]
[-4.5133, 3.0713,-3.8823, 2.8333, 0.3384,-0.509 ,-0.4001, 0.6926, 0.6486,-1.1498,-0.5814,-1.4462,-1.2372, 2.0168, 0.9666,-0.3853,-0.359 , 2.2413,-2.7955,-0.5851, 2.8416, 2.2301, 1.1696, 0.9194,-1.8027]
[ 1.9398, 4.7445,-2.8889,-2.0942,-1.7398, 1.6756, 2.3079,-2.4671, 2.8641,-0.9541,-1.7433, 2.5959,-1.049 , 0.4951,-0.9704,-2.8637,-2.6727, 1.445 , 2.4986,-3.098 , 2.1568,-2.5293, 1.5256,-1.6152,-2.1352]
[ 1.6721,-1.8988,-0.0643, 0.8809,-2.61  ,-1.7145,-2.486 , 2.7138, 0.9455,-2.2637,-2.9528,-1.6498, 1.3083,-0.6151,-0.5553, 2.9402,-0.7093, 3.1352, 1.9128,-0.0396, 0.8608,-0.6104,-0.5939, 0.2389,-2.4106]
[ 1.3681,-4.5638,-5.4609, 3.1008,-0.2958, 0.7403,-1.9755, 2.7796, 2.4584,-2.2229, 1.6702, 1.7546,-1.5089,-0.8425,-1.9076,-0.7613, 3.0174, 0.7255,-1.2249,-0.9714,-2.8145,-1.9118,-0.4003,-2.7136, 2.274 ]
[-2.9982,-0.3356, 3.5165, 2.91  , 0.2899, 0.8581,-0.0317,-1.1022, 2.9817, 0.0072,-1.0435,-1.7913,-0.2482, 1.1382,-2.8273, 2.594 , 3.0232, 1.4043,-1.3083,-2.5473, 2.4143, 1.4055, 0.634 , 0.9484,-0.2821]
[-2.1041,-2.532 , 3.5327, 1.0905, 0.3839,-1.7639,-1.2397, 0.9589, 2.7461,-2.6347, 1.7831, 0.9735,-1.6366, 0.789 ,-1.149 ,-0.1107, 2.2524,-1.4041, 0.4088,-0.3531,-2.9938,-0.5293, 0.2581, 2.4035, 0.34  ]
[-1.1037e+00, 1.8398e+00,-4.0560e+00, 7.4134e-01,-1.1909e+00,-6.4531e-01,-8.0932e-01, 1.4918e+00, 1.5461e+00, 1.5558e+00,-6.9623e-01,-1.0496e+00,-2.6945e+00,-1.4145e+00,-1.7030e+00, 1.4387e+00,-2.2225e-03, 1.1852e+00, 2.7275e+00,-4.3603e-01,-1.2998e-01, 1.1514e+00,-2.7397e+00,-1.3098e+00, 2.6020e-01]
[ 3.3659, 2.1906, 4.0817, 1.4688,-1.242 , 1.6292,-1.2998, 0.0524, 2.7953,-2.0169,-0.2261,-2.6691, 2.709 ,-1.7742, 1.9546,-1.3911,-2.3451, 1.2922, 2.739 ,-2.9743, 1.5482,-1.0766,-2.6034,-0.8242, 0.2211]
[-1.4272, 2.9427,-0.0764,-0.4349, 2.4453, 2.1874, 2.5439,-2.264 ,-3.0103,-0.8938, 2.4217,-1.936 ,-1.0664,-0.075 ,-1.0741,-2.2394, 0.612 , 0.8258, 1.5998, 2.8638, 2.693 ,-0.363 , 2.9172, 2.2103, 1.9863]
[-3.1186, 3.8042, 0.0989, 2.4062,-2.7017,-2.2986, 2.9274, 3.1394,-1.4678,-1.6125, 2.2103,-2.1449, 2.618 ,-1.7216,-1.3416, 0.6933,-2.3551, 1.8428, 0.5915,-0.7715, 1.1188,-0.382 , 1.2195, 2.9413, 1.7626]
[ 0.4154,-4.0121,-2.3504,-2.5155,-1.3309, 2.2355,-2.1719, 2.8959, 1.1328,-0.9428,-2.1612,-1.4956, 2.1204,-1.131 ,-3.0193, 1.0182,-0.1936, 0.3017, 0.0736, 2.7358,-1.1981, 2.7037, 2.2281,-2.4237, 2.3423]
[ 8.6306e-01, 3.9990e+00, 3.2847e+00,-1.5004e+00,-1.4332e+00,-4.3705e-01,-2.4980e+00,-7.3420e-01, 2.3944e+00,-3.0845e+00,-2.8447e-01,-2.4370e+00, 2.4832e+00,-2.3437e+00, 1.8837e+00, 8.8436e-01, 1.7157e+00, 2.8135e+00,-7.9205e-02,-1.9969e+00, 1.9792e+00, 6.0673e-01, 1.3632e-01,-1.9553e-03,-1.2868e+00]
[-5.0806,-0.9079,-4.5843,-0.768 ,-0.452 ,-0.095 ,-2.7152, 0.783 ,-0.7096,-1.3202, 0.3731,-1.6734,-2.615 , 0.9825, 0.4198, 0.2498,-2.3629, 0.0685,-1.4811,-1.6403,-0.4068, 1.3411, 0.9657,-0.9323, 1.8895]
[-4.6973, 0.6962,-5.2758, 0.2833,-0.1045,-2.9318,-2.4189,-0.9282,-2.3921,-1.206 , 0.0211, 2.3797, 1.3765, 2.0719, 2.7855, 1.4141, 1.5221,-1.0068, 0.6009,-1.8894,-2.3724,-2.2784,-1.2615, 2.2568,-0.8037]
[ 3.1892,-3.1028, 2.4341, 0.1162, 0.325 ,-1.8453,-1.9824, 0.0916, 0.1636, 0.8895,-0.5948,-2.1217, 0.4269,-2.1132,-2.1208, 1.3577, 3.0675, 2.7977,-1.8255,-3.1066, 1.9382, 0.5027,-1.9372,-2.5536,-0.7148]
[-2.002 , 1.4503, 4.8993,-0.171 ,-0.0315, 3.0577,-1.8665, 0.394 ,-2.9772,-0.1166, 0.6562,-0.0583,-1.8263, 0.2826, 1.3806,-0.7917, 2.2566,-1.4368, 3.02  , 0.4077, 1.3402,-1.455 ,-2.6759,-1.9993,-1.071 ]
[-2.3227,-0.1996,-1.6666,-1.9802,-1.3182, 0.6833,-2.1165,-2.0392, 2.422 , 0.379 , 2.3588,-0.4732,-0.6058, 1.8163,-2.5372, 1.7142,-1.8553, 1.1224, 2.2697, 1.428 ,-2.8429, 1.6596, 1.201 , 0.8423,-2.5061]
[ 4.8309, 4.435 , 2.0002, 3.1215,-3.1072, 1.8945, 1.6161,-0.4688,-0.1014, 1.6693,-1.7518,-0.8454,-1.1702, 1.2879,-2.0364,-1.3987,-1.4724,-1.2616,-2.8794, 1.3976, 0.2503,-2.1069, 0.7283,-2.2271,-1.4527]
[ 3.233 ,-3.7785, 5.1069, 1.6807,-0.657 , 0.1811,-0.5364,-2.82  , 1.8155, 1.7275,-0.4674,-1.7344,-1.4819, 0.869 ,-1.7121, 2.0467,-1.1847, 2.2807, 0.3701, 2.3284, 2.8788, 2.2471, 2.7281, 2.6465, 2.6358]
[-3.1065,-2.6117, 0.945 ,-2.009 ,-2.4099, 2.0917,-2.8551, 1.9275, 1.7386,-2.9538,-2.425 , 2.7727, 0.5444,-0.4689, 0.0567, 1.0116,-2.4648, 2.4615,-1.4971,-1.351 , 2.8262,-1.2025,-2.6067,-2.4038, 2.0737]
[-5.3394, 3.5062, 4.1177, 1.2009,-1.3727,-1.9906,-1.3455,-0.1714,-0.6687, 1.0465,-2.8799,-0.4318, 2.4203, 0.1591,-0.7217, 2.8551, 2.4869,-2.7015, 0.2097,-3.062 ,-2.9669, 2.952 , 2.8731, 1.4932,-0.9987]
[ 5.3035,-2.9604, 4.4752, 2.7232, 1.2593, 2.2309, 0.0523,-0.8936,-1.0828,-1.9553,-1.6112,-2.4153, 2.1905, 1.7744,-1.1502, 0.5139, 0.6214,-1.3042,-2.4177, 1.5652,-3.0689, 0.9663, 0.0992, 0.1446,-2.3239]
[ 4.544 ,-3.9285, 3.3266,-0.1868, 2.1262,-2.1398,-0.8932, 2.4344,-1.3758, 0.6167,-2.3395,-2.8816, 2.9358, 2.5606,-2.5132,-3.0519, 1.2723,-1.8752, 2.0576,-2.3006, 2.8082,-0.4343, 0.1194, 1.9739,-1.3392]
[ 2.9426,-4.2392,-3.459 , 0.7462,-1.2026,-2.303 ,-1.435 , 0.8171, 2.5607, 0.769 ,-1.1556,-1.6124, 0.1695,-1.8587,-2.7164,-2.7524,-2.785 , 2.5406, 3.0478,-2.2336, 2.3626,-0.2848, 1.6523, 1.0869, 1.9556]
[ 4.7804,-0.7226, 3.6742, 2.2263,-0.4845, 1.6602, 0.428 ,-0.2641,-2.2527, 1.9264,-0.2918, 2.7467,-0.7639, 1.597 , 1.1031, 2.2292,-1.9983,-1.0732, 1.2531,-0.2881, 1.0637, 2.0597,-1.4357, 2.8405,-2.8708]
[-1.4451,-5.1209, 1.1108,-1.5562, 2.2553,-1.9347,-1.3056,-1.0153, 2.8567, 3.0348, 0.5445,-0.9143,-1.3044, 0.3449, 0.3733, 1.8572,-2.7525,-1.67  ,-2.7703, 2.1651, 2.8152, 2.5911, 0.0167,-2.969 , 0.4017]
[ 4.7403, 5.1864,-0.5712,-1.1549, 2.9143, 0.1643,-2.3828,-1.456 ,-2.498 , 2.3062, 3.0856,-0.779 ,-1.1255,-0.6457,-0.7946,-0.9637, 0.6747,-3.1194,-1.    ,-2.3786, 2.4834, 0.8702,-0.2374, 1.772 , 0.5578]
[-4.4504, 3.6558, 1.8289,-1.5624,-2.9858,-1.7561,-1.1441,-0.401 , 2.7286,-0.8148,-1.2573,-1.6003, 0.8336, 1.3937,-1.4221, 1.0034, 2.8575,-2.4446, 1.7106,-0.7922, 1.1598,-1.2027,-3.0391,-1.2699, 0.2431]
[-3.3131, 4.3031,-4.6601, 2.9083,-1.5775, 0.4913, 1.5118,-0.8354,-1.4732,-2.8495, 2.6706, 1.4313,-2.3957,-2.5226,-1.9275, 1.9152,-1.2309, 2.6563, 2.7045,-0.4316,-0.7456, 2.73  , 1.4849, 2.1171,-0.3909]
[-1.9735,-1.2401, 2.5962, 1.6638,-1.8841, 0.2852, 1.6502, 0.6049, 1.1569,-0.1764, 1.6745, 1.4692,-2.1591,-1.5634,-1.7974, 1.252 ,-1.6617, 2.6732, 1.6937, 2.314 ,-1.4218,-1.7466,-1.5116,-2.0581,-1.0181]
[ 1.8629, 5.2274, 3.9275,-1.764 , 2.4628,-0.5614, 1.2933,-1.6189,-2.5501,-2.344 , 2.32  , 3.1346, 2.5447, 1.2238, 1.2493, 1.1693, 0.7112,-1.4105,-2.7736,-2.6522,-1.1106,-0.2477, 2.5031,-1.7556,-0.4352]
[ 1.2198, 4.5679, 4.632 , 1.1969,-1.6002,-1.295 , 0.2219, 1.9583, 3.0835,-0.5226, 0.7216, 1.7704, 0.3382, 3.0466, 2.3456,-0.5508,-2.7847,-1.1172, 2.2204,-2.6435, 2.3744, 1.6981,-2.3726,-2.8317,-0.4676]
[ 2.0688,-5.1196, 3.2828,-1.0545,-1.9168, 2.633 ,-0.3032, 0.9347,-0.4407, 0.2575,-0.8403, 0.995 ,-0.1352, 2.1257,-0.1342,-3.0227,-0.4915, 1.0083,-2.0198, 0.8848,-1.6534, 1.7296, 2.7706,-2.3375,-2.1008]
[ 4.4284, 3.551 , 5.13  ,-1.1632,-2.6667, 1.6742, 0.6602, 0.3488, 1.4126,-1.9558,-3.0958, 0.1929,-1.2878,-2.3749, 0.3808,-1.8776,-0.2361, 1.2599,-2.5967,-0.8607,-2.6952, 1.1157, 0.6318, 2.1278, 2.7485]
[-4.2158, 4.4173, 1.4994, 3.0445, 0.4256, 0.1326,-2.5898,-0.0637,-0.3011,-2.4266,-1.4854,-2.5168,-2.3631, 2.6902, 1.0497, 0.7616,-2.5671, 1.9078,-0.8925, 1.6073,-2.4646,-2.153 ,-1.0405, 2.3028,-1.659 ]
[-4.763 ,-2.8574, 2.8271, 0.2105, 0.1241,-0.2441, 0.2718,-0.1001,-0.8354, 0.6708,-3.0455,-0.2601, 2.5319, 2.092 ,-1.6188,-1.1702,-2.3347,-1.0477, 0.29  , 2.6059, 0.194 ,-2.672 ,-0.0133,-1.4337, 2.7123]
[ 4.2014, 2.3094,-5.3612, 1.3045,-1.4629, 2.4578,-2.5384, 1.0185, 2.7379,-2.2248,-3.045 ,-0.1333,-0.8392, 2.8413, 1.0127, 2.5098, 2.7073,-0.8346,-2.7867, 2.8743,-0.4045, 2.3639,-0.9192, 3.141 , 3.0805]
[ 0.203 ,-1.9173,-2.0262,-0.2529, 2.4733, 0.694 , 2.9107,-2.0316,-0.7987, 0.6734, 0.9287, 2.9343,-1.5017, 2.1047,-0.7122,-2.9694, 0.9347,-1.7718,-2.9494, 0.1489,-2.719 , 1.5828,-2.2189,-0.3919,-1.0032]
[-1.012 , 0.8152,-5.3273,-1.6488,-0.5669,-2.9192, 0.721 , 2.5797, 0.1971,-1.7878,-2.5226,-2.7057, 1.4754,-1.7173,-0.8051,-3.1195,-2.8363, 2.6486, 2.9487, 2.8024, 1.0296,-1.6157,-2.0849, 2.4428,-3.0283]
[-5.4439,-3.7559, 4.4428,-1.3728,-1.2676, 2.4528, 1.8605,-2.8507, 2.1619,-1.3542, 2.0618,-0.3731, 0.1447,-2.9834,-0.6762,-0.4062,-0.617 , 2.3928, 2.2878,-0.7324,-0.6751,-2.1878,-2.2648, 2.6134, 2.5703]
[-4.008 ,-4.5488, 4.7788, 2.6861, 1.5634,-0.6744,-2.9359,-1.8377, 3.005 ,-0.0713, 1.0147,-2.0904, 1.6671, 2.4079, 1.1017,-1.52  ,-0.0385,-1.2287, 3.1248,-0.3974,-1.505 ,-0.6629,-1.5035,-2.8179, 2.1947]
[ 4.194 ,-3.5378,-4.0703,-1.624 , 0.1981, 0.3654, 2.2408, 1.6805, 1.9281,-1.261 , 0.2047,-1.7555, 2.8794,-1.5468,-3.066 , 1.2502, 0.2466, 2.3781, 0.5011, 1.1256, 2.348 ,-1.3097,-2.9822,-1.3258,-0.3538]
[ 0.8084,-0.845 ,-0.6605,-0.2564,-1.5123,-1.9045,-1.3989,-1.1987,-0.0708, 1.9327,-2.2892,-1.1422, 0.4054,-2.8275, 0.6393, 2.8729,-0.8249,-0.5048,-0.8599, 1.6139,-1.062 ,-0.7048,-2.4283, 0.7899, 1.7832]
[-0.4715,-4.2759, 1.5482,-2.8134,-3.0072,-1.64  , 2.4235, 2.8602, 0.2993,-3.1406,-2.4632, 1.3889, 0.5343, 2.887 , 2.0346, 1.1815,-2.0638,-2.2374, 1.9749,-2.0477, 1.8467, 0.2011, 0.0335,-0.7288,-0.7518]
[ 4.9433,-3.2921, 3.4159,-0.8521, 0.4881,-2.3936,-2.4299,-0.6901, 0.9147, 1.5665,-2.3464,-1.3583, 0.6245,-1.4849, 0.5311, 1.1853, 1.0778, 1.3906, 0.3616, 0.0453, 0.2446, 3.1299,-2.1477,-0.937 , 0.0524]
[ 2.2865,-2.7567, 0.7008,-0.2571, 3.099 , 2.4223, 1.8635, 2.8182, 2.8258, 1.7601,-0.4709, 2.4574,-2.2244, 0.1838, 1.7247, 0.1168,-0.7067, 0.3085, 1.563 ,-1.7448, 0.728 ,-0.5711, 3.0042,-2.5104,-2.9483]
[-0.1869,-3.3601,-4.8674, 2.0811,-2.5122,-2.6914, 0.9989, 0.967 ,-2.3998,-1.3231, 0.397 , 1.9615, 1.5969, 0.7662,-1.8821,-0.3639,-2.3643,-1.9484,-1.7631,-2.1256, 0.8374, 0.8636,-1.9599,-0.8145, 1.2155]
[-4.181 , 5.2694,-0.3973,-0.9574, 2.525 , 2.0208,-0.5146, 1.3175, 2.1422,-1.5874,-2.5408,-0.9534,-2.3316, 2.7931,-0.045 ,-2.0354, 1.8888,-2.0949,-0.6975, 1.9542, 2.5365, 2.9728, 1.5723, 1.0402,-2.308 ]
[ 4.5605, 2.6231,-4.2065,-1.3808,-3.083 , 1.9992, 1.562 ,-1.4061,-0.5952, 1.7803,-3.0736,-0.2494,-2.1843,-0.2049,-3.1163, 2.8791, 2.3314,-1.6125,-2.4761,-1.7212,-0.0647,-2.9981, 0.8245, 3.1201, 1.2304]
[ 4.9974, 5.3921, 4.0496, 1.8128,-2.4085, 0.6887, 1.693 ,-1.459 ,-0.7845,-2.3056, 0.8195,-0.0715,-1.8445, 0.3929,-2.2717,-2.6359, 1.1613, 2.3873, 1.1341,-0.2339, 0.4633, 2.8697,-1.3259, 2.5064,-2.6325]
[ 4.6988,-3.4634, 3.8036, 1.3383,-1.9382, 1.8618,-1.6229, 2.142 ,-1.2135, 2.6919,-1.2845,-2.6496,-0.9399, 3.0482, 2.8249, 2.5617,-1.6247, 0.6279,-0.5685,-2.627 ,-3.0948,-2.5012, 1.0066, 0.8843, 0.3432]
[-0.6027,-0.5176,-5.1261,-3.1013,-0.4918,-2.0618,-1.4011,-2.99  ,-1.437 ,-2.5913,-2.7177, 3.1031,-0.4108, 2.2275, 2.8259,-2.9266,-3.0685, 2.8542,-1.8086,-1.419 ,-1.3709,-0.2629,-2.3295,-1.3716, 2.6878]
[ 3.6175, 5.2815,-1.1491,-1.421 ,-2.7457, 0.8181, 2.7229, 1.1199,-2.6417, 2.7756, 1.468 ,-2.9742, 0.7879, 3.1082,-2.7939, 2.9007, 1.5245, 2.2693,-2.0719, 2.1349, 0.871 ,-1.6578,-1.3543, 1.751 , 2.1171]
[ 4.8185, 0.8974,-2.835 ,-1.9825,-0.5116,-1.7264,-1.9625,-0.4249,-2.8212,-1.102 , 0.0413,-1.7217,-0.8884,-2.298 , 0.4432, 2.6839,-2.9803,-1.1422, 2.0934, 1.3503,-2.9264, 1.2628,-0.9941,-0.7736, 1.8103]
[ 5.4914e+00,-2.0897e+00, 4.6620e+00, 9.9059e-01,-6.8411e-01,-9.6101e-01,-1.6329e+00,-2.7530e+00,-4.4172e-01, 1.0056e+00, 1.7988e+00,-1.8289e-01,-1.9905e+00,-2.0843e+00,-3.0420e+00,-1.6333e+00,-3.0546e+00, 2.0625e+00,-7.5571e-02, 2.4038e+00,-1.2945e+00,-2.6861e+00,-2.2652e+00,-1.5373e+00,-3.0835e-03]
[ 2.3172, 1.9457,-4.0051, 0.2704,-2.1693,-0.7907, 0.9256, 0.266 , 1.0242, 0.6568, 0.3267, 1.8752, 0.3603, 1.3628,-2.1008, 0.5199,-1.0896,-1.2342, 2.8311,-1.5171, 1.2611, 1.6301, 1.744 ,-1.4917,-0.5729]
[-4.2368, 0.918 , 0.9057,-1.7048, 0.7318,-2.5822, 0.8547,-1.7338, 1.7599, 1.3053,-0.5532, 0.1652, 0.2442, 0.4512,-2.656 ,-0.7851,-2.2465,-1.3009, 2.2159,-2.5533,-2.463 , 2.379 , 1.8588, 1.2485,-1.5929]
[-1.2258, 1.6474, 1.8835, 2.4825, 0.2641,-1.9633, 1.9967, 2.1501, 0.2304,-3.0731, 1.6637, 1.7384,-1.6861, 0.9625,-2.9114,-2.7257,-0.7971, 1.2393, 2.4991,-2.1344,-1.0225,-0.1372, 1.6381,-2.8502,-1.8041]
[-2.2543,-3.0988,-3.8939, 1.9226, 2.8576,-1.9232,-2.4297, 2.634 ,-0.2307,-2.4637,-1.0336, 0.7512,-1.2067,-2.7916, 2.1484, 2.1783,-0.2088, 0.8765, 2.5475,-2.6915, 2.4342, 1.9487, 0.71  ,-2.8174,-1.352 ]
[-3.4105, 5.2939,-5.3312,-1.4646, 1.1212,-2.7314,-0.8246, 2.2539,-1.328 ,-0.1168,-1.9725, 0.0344,-3.1188,-0.5649,-2.711 , 1.5866, 0.9892, 2.273 ,-1.7503, 2.9266,-3.0065,-1.1994, 0.8639,-1.0762, 2.3528]
[-4.0868,-4.4015,-0.2516, 1.8644, 0.9549, 0.344 ,-3.1076, 2.8329, 1.3986, 2.4627,-2.5008,-0.4122, 1.4547, 1.4604,-0.8632, 1.647 , 2.017 , 0.1412,-0.5302, 0.0066, 1.6074, 0.5803,-2.9723, 2.1492,-1.7248]
[ 2.1927, 3.481 ,-3.5387,-2.1246, 1.8283, 0.8231, 2.7317,-2.9691,-0.6126, 2.7925,-1.5476,-0.6063, 2.1484,-0.7111,-1.2433, 1.3148, 2.2687,-0.3011,-0.8403,-1.835 , 2.0567, 1.1183, 2.8323,-1.4048, 1.865 ]
[ 1.4811, 2.8337, 1.4224, 2.6006,-1.4687, 2.7515,-1.0784,-1.0133, 2.4875,-1.8659,-0.0817, 2.404 ,-0.95  ,-0.8316,-2.1812,-1.0422, 0.692 , 2.2976,-1.7353,-0.679 ,-2.6827,-1.066 , 0.6383, 1.086 ,-0.6474]
[-1.1351, 0.6212,-0.7485, 2.9942,-0.3207, 1.1397, 0.9667,-2.9161, 1.5805, 1.7194, 2.6314, 2.9734, 2.0883,-1.7264, 0.8432, 2.549 , 0.1863, 1.3677,-1.8569, 3.0045, 2.6623,-1.7914, 1.8942,-2.5324,-2.3155]
[ 3.2329,-4.1367,-5.1409, 2.0011, 1.8675, 3.0999,-2.1638, 2.7101,-0.0245, 1.1754, 2.1544,-2.9083,-2.5975, 0.352 ,-2.3182,-2.562 ,-2.7518, 0.2283,-1.8897, 1.2146,-0.2475, 1.267 , 1.845 ,-0.2187,-1.4938]
[-2.2947, 0.7862,-2.6726, 0.145 , 0.5631, 1.5645,-0.5234,-2.0975, 0.6524, 1.5677,-0.5297,-0.0669, 2.8649, 1.0125,-2.2519,-0.0042, 2.562 ,-1.7148, 0.0394,-2.3889,-0.5724,-0.0785,-0.426 ,-2.7343,-1.4421]
[ 3.4978,-2.3087, 3.4727, 0.5054,-2.5404,-1.3623,-0.9498,-1.8426, 0.6301,-1.376 , 2.1685,-1.8126,-2.3243,-1.8301,-3.0623,-1.3767,-0.0968, 1.3293,-2.9529, 3.0105, 0.4137, 2.5847, 0.2024,-1.7487,-2.6926]
[ 0.6123,-3.2522, 4.9786, 2.7287,-0.1757,-0.9958,-1.0769, 1.3328,-2.9726, 2.1653,-0.9657, 1.5781, 1.914 , 0.4035,-1.012 , 2.4432, 1.2957,-0.2608, 0.7579, 0.4552,-0.0903, 3.0054, 0.1723, 0.8871,-2.548 ]
[-4.3166,-1.7583, 4.3156, 1.9455,-0.1642, 1.1183, 2.6333,-1.4852,-2.9641, 2.3829,-0.2803, 0.3718,-0.7065, 0.7194, 2.2183,-0.9631, 1.5582, 0.658 ,-3.0844,-1.8003, 3.1236, 2.567 ,-1.4579,-1.706 , 1.055 ]
[ 4.6441,-1.3679,-3.3992, 2.9371, 1.0537, 0.9712, 1.9695,-0.6656,-2.9552, 2.0997, 1.2961,-2.9354, 3.0581,-3.0774,-2.5171,-0.086 , 2.1647, 0.4466, 3.0647, 3.0874, 1.67  ,-1.8976,-1.3556,-0.2163,-1.316 ]
[ 4.1611, 4.8661,-4.8695,-1.0533,-1.2232, 2.4542, 2.1282,-1.5801,-0.0155,-1.2076, 1.0437,-1.2039, 0.0487,-2.3846,-2.7846,-0.9586, 1.2845, 0.3961, 0.2743,-1.0236, 1.9699,-3.1178, 0.5378,-1.6989,-0.0291]
