[-0.7595,-3.9989, 1.7719, 2.2273,-3.1393, 2.84  ,-0.0287,-0.7937,-0.2969,-1.8639, 2.7827,-0.3799, 1.9904, 1.1668, 2.8291,-0.0591,-1.126 , 2.5849, 0.505 , 0.6855, 2.114 , 1.3301, 0.6263,-2.6859, 0.0396]
[ 0.9155, 1.4287,-4.0785, 0.7826,-0.0686, 1.9809,-1.0275,-2.9745,-2.8466,-0.7239, 1.2017, 1.9275,-1.5086, 0.6405, 0.9454,-2.1851,-2.2038,-2.457 ,-0.9688,-2.3109,-2.648 , 0.017 , 0.1133, 2.3447, 0.9141]
[ 3.8086,-3.835 , 3.9743,-1.0457,-0.6546, 2.889 , 1.7321,-2.9753, 2.5407,-2.7646,-2.7741,-2.8771, 3.0709, 1.2189,-2.8985,-0.2866,-0.0663,-3.1305, 2.5343,-2.763 , 1.1556, 1.353 , 1.9771, 2.1899,-1.4619]
[ 0.8829,-3.2452, 0.559 ,-0.5741,-1.4602,-0.9124,-0.7118,-0.785 ,-1.3387,-1.4601, 0.0345,-2.4859,-2.5603,-1.984 ,-1.21  , 2.2502, 2.6375,-2.9029,-1.2914, 0.5235,-2.4706, 2.1373, 0.1834, 1.2398,-2.1888]
[-4.1278,-1.978 , 4.994 , 1.6598, 2.7821, 0.8138, 2.2574, 1.158 ,-2.4537, 2.8036, 0.0816,-2.6409,-0.5016, 1.7551,-2.6806, 1.1822, 1.8476, 2.9848,-0.9616, 2.9529, 2.8002,-0.2108,-0.4661,-0.2315, 0.4909]
[ 5.3224,-1.1091, 1.6639, 1.7557,-2.6756,-0.193 ,-3.044 ,-2.513 , 0.4311,-1.1849, 0.4622, 1.116 , 0.7248,-2.6838, 2.7845, 1.3078, 1.3343, 0.0777,-1.4362, 1.8305, 2.6267,-2.5975,-0.2066, 1.9092, 0.5902]
[-4.413 , 0.933 , 1.4898, 0.9424,-2.0291,-2.6828, 2.884 ,-2.7649,-1.5423,-1.3792,-2.2728, 0.2547, 3.1362, 2.1605, 0.8042, 0.5639,-0.2985, 0.5258, 2.5781, 0.9643,-0.2544,-2.67  , 2.7748, 1.4074, 0.2326]
[ 4.9705,-0.1876,-4.726 ,-2.4068, 0.272 ,-0.9159, 2.5175, 0.3803,-0.2736, 1.2311,-1.1126,-1.7268, 0.3403, 1.4049,-1.5451,-1.1946, 2.6825,-1.4625, 1.1314,-0.5486, 2.8218, 2.8561, 1.2566,-1.6439, 0.9238]
[-2.6971,-2.3553, 1.5669, 2.3016, 0.431 , 0.6944,-2.0675,-1.18  ,-0.6813, 2.9351,-0.6561, 0.8589, 2.3907,-2.1601, 0.5366,-2.6764, 2.0905, 2.0276, 2.5752,-2.4778,-2.5763, 0.4689, 1.5098, 3.0815,-1.2634]
[ 5.121 , 2.8262,-3.4293,-0.6255,-0.8575,-2.3027,-2.4861, 2.771 , 1.0489, 3.0744,-2.7768, 2.0054, 1.9731, 2.5285, 3.0391, 0.3856, 0.9065,-1.6064,-2.7853,-0.1249,-1.8355, 2.5735, 1.6524,-0.7208, 0.6747]
[-4.0084, 3.0503, 4.4799,-0.7125,-2.3495,-2.6333,-2.6881, 1.0071,-2.1516,-1.8435,-3.0814,-2.6284, 3.0304, 1.0667,-1.5618,-0.2535, 1.0434,-2.3232,-0.0409, 1.3281,-0.6892,-0.346 ,-1.2831,-1.4091,-2.5443]
[-3.3601,-0.9525, 1.9025, 2.7077,-2.233 ,-2.1796, 2.598 , 2.1328,-2.9631,-1.26  ,-0.0644, 1.9743,-0.4023,-2.9114,-2.7384,-2.2873,-1.5515,-0.2317, 1.3961, 2.9993, 2.772 ,-2.1089, 2.3148,-1.8337, 0.7983]
[ 3.0257e-01, 3.4696e+00, 2.9881e-01,-1.3660e+00, 2.5369e+00, 2.9409e+00, 9.1417e-01, 4.0287e-01,-1.9544e+00, 3.1921e-03, 2.7157e+00, 9.5975e-01,-2.9671e+00, 2.3680e+00,-4.5308e-01, 1.6474e+00,-1.4339e+00,-1.9462e+00, 8.6901e-01,-2.3614e+00,-5.1166e-01,-1.0762e+00,-9.0616e-01, 2.9210e+00, 1.1296e-01]
[ 0.0662,-3.1034, 3.7241, 0.421 , 1.8198,-0.2129, 1.9349,-2.0311, 1.2211,-0.5662,-2.2019, 2.7029,-1.4233,-0.4211, 2.9908, 3.0517, 1.6007, 3.0331, 1.2571, 2.8139, 0.8056,-3.0583, 3.0973,-0.8996,-2.4086]
[ 5.0908, 2.2365,-2.4621,-0.7655, 1.1922,-2.5339,-0.4076, 1.5016, 2.5694,-3.039 , 2.923 , 0.0119, 1.5289, 2.1439,-1.019 , 1.7065, 1.1514, 0.4102, 1.5604,-1.0788,-0.8065, 2.7776,-1.0761,-1.2817, 1.0234]
[ 4.0073, 0.3215, 4.538 ,-2.5846,-2.8401,-1.6978,-0.8371,-3.0588,-0.0313,-1.0724, 0.3535,-1.2033,-0.5754,-2.1948,-2.6212,-3.0353, 3.0213, 0.0656,-2.4782,-0.8612, 1.0616, 2.6983,-1.4542, 1.1076,-2.8774]
[-1.393 , 3.1938, 4.1988, 1.3245,-2.984 , 0.9771, 0.7419, 1.185 ,-1.7355,-2.7306,-0.5601,-0.2554, 1.2791, 1.4001, 2.2679,-2.2073, 0.6108, 1.4298, 1.3279,-1.2114, 1.8564,-1.0181, 2.9313,-2.1438,-1.9228]
[-3.7608, 5.4836, 1.7422, 2.7281,-0.0254, 1.4901,-2.2229, 0.791 ,-2.4963,-1.3796, 0.837 , 1.4866, 2.8572, 1.5599, 0.7613, 2.7301, 2.682 ,-1.0189, 0.0336, 2.2255,-1.6391, 2.0196, 2.2269,-2.2377,-0.983 ]
[ 5.0524,-4.0798,-1.0739, 0.4575, 0.0826,-2.0502, 0.5282,-0.3643, 1.254 , 1.8523,-1.3711, 3.0511, 2.7031,-0.1675,-1.322 , 0.6368, 1.7706, 0.9362,-1.4126, 1.4901, 0.4657, 0.0491, 0.0095, 0.5726,-0.6374]
[-0.9436, 0.7226, 4.8644,-2.7539,-2.3923,-1.9799, 1.7261, 0.6612, 1.454 ,-2.7083, 2.6449,-0.5672,-2.5701, 0.981 , 1.1878,-0.571 ,-0.5922, 1.9775,-2.7567, 1.3567, 1.5774, 1.0122,-1.1318,-2.719 ,-0.2706]
[-0.5463, 3.0076,-0.9089, 2.5874,-0.4498,-0.5303, 1.6115,-0.4669, 2.0922,-2.4808,-2.3457, 2.5817,-2.3832,-0.4906,-2.5897,-0.1547,-2.8603, 0.8622,-0.6499,-0.5363, 1.5389,-2.4853, 1.2253, 0.8271, 1.7561]
[ 4.1274, 0.3274, 1.4229,-2.8421, 0.0177,-0.394 , 1.8013, 2.4745, 0.47  ,-1.9255, 2.9992,-2.4196, 0.2415,-3.0283, 0.8303, 1.2163,-2.9222, 2.9495, 1.3537, 2.3184,-1.1003,-0.3222, 1.4569,-1.007 , 2.3363]
[-2.127 ,-1.4823,-2.9692, 2.5257, 0.4811,-3.0757, 2.1986,-1.9218, 0.1417, 0.3872,-2.0147, 1.1885,-2.0151,-1.4056, 0.8082,-2.68  , 0.8309, 1.1249,-0.4414,-2.7717, 2.309 ,-1.5469, 1.349 , 1.93  , 1.2562]
[ 3.3728,-2.4504,-4.1678,-2.4781,-0.2774,-1.0844, 1.2109,-0.8104, 0.7479,-1.2792, 2.669 , 1.1974, 2.1428, 2.7968,-2.8291, 0.3069, 2.3176,-0.7757, 2.2869,-1.0122, 1.9464, 2.0446, 1.7839, 1.2711, 1.4369]
[ 1.1203e+00,-3.3096e+00, 3.6550e+00, 2.3025e+00,-1.2663e+00, 5.9541e-01,-3.0313e+00, 2.0283e+00, 2.7361e+00, 2.0146e+00, 2.7265e+00, 1.7282e+00,-2.2816e-01,-1.1920e+00, 2.9291e-03,-2.8817e-01,-1.2930e+00, 2.6743e+00, 1.2316e+00,-1.7850e+00, 6.1042e-01,-1.8428e+00, 1.5281e+00,-2.9797e+00, 1.4178e+00]
[-2.8262, 2.7345, 1.585 ,-1.8234, 0.2317,-0.8274,-0.5765,-0.0852,-2.9583,-0.8618, 2.5299,-1.0671,-0.0041,-0.4851,-0.9356,-1.1259, 0.1457,-1.0873, 1.6467,-2.3432, 1.1029,-1.9363,-2.4748, 0.0563, 2.7948]
[ 5.3222, 5.3907, 2.7311,-1.2895, 1.9714, 1.227 ,-2.8937,-0.2332, 0.7994, 2.7602, 2.5459, 2.3902, 0.7292, 2.81  , 0.3541,-0.286 , 2.5399, 0.2824,-2.0455, 0.7219,-0.5735,-1.6645,-1.7206,-2.5795,-0.542 ]
[-4.5725,-1.5253,-5.0813, 1.5506, 0.522 , 0.5403,-0.4054, 1.2864,-1.4567, 2.6534, 2.5228, 1.6167, 2.8439,-1.7255, 2.9533, 0.9005,-0.5718,-0.1567,-0.5833, 1.9189,-2.207 ,-0.1484,-0.338 ,-2.3964,-0.1768]
[-3.2293,-3.9064,-0.3098,-1.9056, 0.7228,-0.3091,-2.5117, 1.1978,-1.4307, 2.8976, 0.7115,-1.8543, 0.4472, 0.8915, 3.1185, 0.0539,-0.245 , 2.7503,-0.4407,-2.3648,-2.1703, 3.1118,-1.142 , 2.6779,-0.0891]
[-1.0113, 2.5569,-1.5674, 1.5608, 2.3943,-1.7151, 0.3874,-2.6993,-1.8768,-1.8548, 1.608 , 1.2598,-2.8353, 1.476 ,-0.612 , 2.1926, 2.3505, 1.4698,-0.3758, 2.7432,-2.1584, 1.8223, 0.437 , 1.0382, 1.8144]
[-3.6761, 4.8571, 3.6641,-3.0433, 0.2744, 2.6806,-2.3804, 0.377 ,-0.8865, 1.7187, 2.1861, 0.8842,-2.0667,-2.6528, 0.7378,-1.993 ,-2.3103,-1.3823,-0.4872,-0.8398, 1.674 , 2.1962,-0.8482,-1.7568,-0.8756]
[-2.5229,-0.3509,-0.7194,-3.1141, 2.2487,-0.8285, 2.4144, 1.4496, 0.1716,-1.4802,-1.3033,-2.0755, 2.4526,-1.8461,-0.6951,-2.0182, 2.8371, 0.7277,-0.5813,-0.9205,-1.917 , 0.715 ,-1.363 , 1.3568,-2.2725]
[ 0.9986,-4.1903,-0.3346,-2.2562,-1.8553, 1.0649,-2.3994, 2.5317,-0.3224, 0.995 ,-1.7532,-3.0026, 0.7572,-0.5554,-1.6065,-2.3504, 1.1765,-0.1392, 1.4161,-2.2902, 2.2143, 0.2825,-2.2266,-2.6995, 2.295 ]
[ 5.3025, 0.8143,-1.6774, 0.1621,-1.8489, 2.4778,-2.0443, 1.3447, 1.7792, 1.4451, 1.7517,-0.2195,-2.0625,-2.943 ,-2.5989,-0.9744, 2.6288, 2.9512, 0.4676,-1.2007, 1.8137,-0.7498, 3.0607,-2.7885,-1.5755]
[-2.0963, 2.0738, 1.6242, 1.1906, 0.3667, 2.6802, 1.172 , 1.2993,-2.0519, 1.297 ,-1.7578, 1.2501,-1.488 , 1.5836, 0.4414,-0.2585,-1.4582, 2.8366, 2.6953,-2.3089, 1.9513,-2.4661, 3.0442, 0.3649,-1.325 ]
[-0.1554, 4.6779,-3.5702,-0.5584,-1.3559, 2.2151,-1.6668, 2.2818,-2.7527,-1.9875,-3.0084, 2.1902,-0.1652,-0.8216,-0.4506, 1.7407,-2.927 ,-1.122 , 2.2849, 2.6557, 2.7537, 1.8019, 1.3906, 2.0779, 2.771 ]
[-5.3135, 1.6286, 4.5201, 0.6275, 2.1199,-1.6436, 2.0099, 1.3774, 2.8986,-2.6957,-0.9976,-3.0524, 2.8817, 0.1941,-2.1014,-0.3264, 3.1174,-2.8817,-0.8519, 1.1169,-0.4152, 1.4563, 1.5048,-2.8508,-1.1361]
[-1.2819, 3.0999, 0.1408, 1.7872,-2.0872, 0.8823, 2.8826, 0.4153,-1.7884,-2.7848,-0.9316,-0.0302,-1.4577, 3.0685,-1.9465,-2.525 , 3.1199, 2.9854, 0.5267,-2.8446, 0.8062, 2.6904,-1.4399,-1.1266, 2.01  ]
[ 1.374 , 0.6987, 4.2936,-1.7791,-2.9975, 2.864 , 0.6182,-0.2401, 1.4596, 0.5821,-1.8424, 0.2243,-0.1126,-2.6814,-1.1531, 0.2446, 2.7742, 1.5758, 1.1591,-3.0104, 0.1263, 1.4615, 0.4049, 2.1218, 3.0016]
[-2.1246,-4.0324, 2.6021,-2.0562,-1.3757, 1.6405, 3.0887, 2.6226, 1.1226, 2.9302,-0.6381, 0.6958, 1.8769, 2.3154,-1.1105,-1.4528, 1.6113, 1.8227,-2.6948,-3.0717, 0.348 ,-3.127 , 0.6984, 1.3449, 1.3697]
[ 4.0959, 3.6966, 1.1041,-1.3695,-2.5837, 0.8831,-1.7474, 2.1516,-1.8238,-1.1937,-2.7984, 2.7773,-2.3389,-2.1441, 3.1335, 1.676 ,-2.95  , 0.6756,-2.3246, 2.9757,-2.9336,-0.1766, 1.9645, 0.6198, 1.0204]
[ 3.1231,-3.8192, 4.3607, 1.5097,-2.6034,-2.8854,-0.9325,-2.6422, 1.7951, 0.9295,-2.7423,-0.2871, 0.631 , 0.2091,-0.279 ,-0.1366,-2.9691, 1.8382, 1.7805,-0.3857,-0.5727,-2.1862, 2.606 , 1.2007, 1.5824]
[ 3.1102, 1.942 ,-3.6209, 0.47  , 2.6766,-2.0875, 0.0989,-2.3209,-2.0091,-0.0449,-0.941 ,-2.1582,-2.4472,-1.6554,-1.2075,-0.6131, 2.6486, 0.0393,-0.0663, 2.2234,-1.4258, 1.2567,-0.2218, 0.1388, 2.2319]
[ 1.1535, 4.0574, 5.2729, 0.1552, 0.58  ,-1.0065, 2.1733, 0.4737, 2.6725,-1.6523, 0.7748,-0.6715,-2.9705, 1.9378, 2.3305,-0.4532,-0.3743,-2.0129, 1.8351,-1.646 ,-2.7105, 1.3512,-2.0684,-0.6684, 0.8058]
[ 4.6161,-1.1284, 4.4525, 2.3885, 2.083 ,-0.2942, 2.1389,-2.4285,-1.684 ,-2.9735,-0.4647,-1.3685, 1.3737,-0.7523, 1.9359, 2.493 ,-1.0871,-2.5723,-1.6912, 0.2767,-2.826 , 1.7527, 0.1273,-1.432 , 2.4743]
[-5.3952, 2.3929, 3.3186, 2.4531, 1.2555, 0.4282,-0.354 ,-2.9804,-3.0836, 1.4704, 0.0152,-2.2183,-0.7347, 2.0882, 0.1171, 2.0051,-2.8595,-1.015 , 0.5223,-0.5713,-2.3179, 2.4433,-1.4721,-2.9884,-1.649 ]
[ 1.3886, 3.6355, 3.1784,-0.575 , 1.2431, 0.466 ,-0.5976,-0.7075, 0.3394,-2.2696,-0.8905, 3.0287,-1.8794,-0.1204,-2.8683,-1.0264, 2.0348, 2.7451,-1.417 , 1.0971,-2.309 ,-1.4049,-1.3363,-2.0139,-2.2801]
[-5.1519,-1.157 , 0.5357, 0.3795,-1.0429,-1.0472, 0.7395, 0.4467,-2.4059, 1.7791,-2.4101,-0.9163, 2.3023,-2.8553,-0.7857,-2.1166,-2.2405,-3.1258,-0.2112,-1.7456, 1.3782, 1.8199,-1.2074,-1.4892,-2.5991]
[-0.0053,-0.7128, 3.7498,-1.2622,-3.0553,-1.3867,-2.8828,-1.9712,-0.1687,-0.8544, 2.7086, 0.8338, 1.3693, 2.9714, 2.7864,-1.3612,-0.754 , 2.3914, 1.6972,-2.8317, 0.1041,-2.8812,-1.9293,-2.643 , 1.2995]
[-3.7188, 3.9297,-3.4141, 0.2844,-1.3791, 1.1559, 0.9668,-3.1084, 0.9056, 2.8996, 2.353 , 2.3252, 2.7081, 1.9875, 2.0363, 0.2668, 0.0226,-1.7767, 0.5843, 1.4315,-0.2652,-1.1551, 1.8631, 2.4638, 1.7487]
[-3.0855, 4.9458,-4.413 , 0.1011,-1.2126, 1.9828,-1.3357,-0.7841, 1.2436,-0.9128, 1.5394,-1.4996,-2.1142, 0.7979, 2.011 ,-0.0329, 1.1848,-3.0157,-2.7379, 1.3624,-2.2042, 2.8264, 0.9206, 2.537 ,-2.756 ]
[-2.2547,-0.6026, 4.3645,-2.2304,-1.1592, 0.3789, 2.6992, 0.4925, 0.7034,-0.8881, 2.6753, 0.041 ,-1.975 , 1.9189,-0.6647, 0.573 , 0.7389,-2.2876, 2.3212, 1.6415, 3.1345, 2.5441, 0.6719,-2.0278,-2.8245]
[ 2.5022,-3.361 , 3.9466,-2.396 , 2.2123, 2.9245, 1.6302,-0.7169, 2.9685,-2.4429, 0.8294,-1.3105, 1.0536, 2.3169, 0.8172,-2.6796, 1.0906, 1.6717,-1.1705,-2.161 ,-1.6079, 1.4617, 2.5663,-0.4907,-1.8079]
[-3.8039,-2.5615, 0.646 , 1.0704,-0.731 ,-2.4025,-0.5201,-0.7309,-0.8448, 1.341 , 2.1594, 0.7886, 0.313 , 2.6314, 2.6442, 1.7615,-2.4879, 2.1821, 2.7867, 2.2852, 0.3584, 0.6191,-2.241 ,-0.4968, 0.0476]
[ 1.6611, 0.4812, 2.21  , 0.9025,-0.9735, 2.6206,-0.6568, 0.9276, 1.9549, 1.5991,-2.4847, 2.2721, 1.293 , 0.1274, 1.0742, 0.4276, 2.1555,-0.1119,-0.1438,-1.3325,-0.2418,-0.3539,-2.1956,-2.7516, 0.2676]
[ 3.0774, 4.8772,-0.18  ,-1.9352, 1.6113,-1.7753,-0.3928, 2.8459,-0.0222, 1.9004, 1.7778,-0.8039,-0.7077,-2.0202, 1.0776, 1.3762,-2.3812, 0.6678,-2.8106, 1.3346, 0.6036,-1.3607,-0.5013,-2.7365, 1.4662]
[-3.2556, 0.4263,-3.8079, 2.5713,-2.2768, 1.988 , 2.3129,-0.1645, 0.5902, 0.7843, 2.0642,-1.3707,-2.592 ,-0.7989,-1.6691,-0.2095, 2.4989, 0.9007,-0.1206, 0.5125,-0.4878,-0.7845, 0.2418,-1.7741,-0.8396]
[-1.6503, 2.0448, 3.4252, 2.3909, 1.4081,-0.0238,-2.8916,-0.6151,-3.1258, 1.0648,-2.4685, 0.9398, 2.4482, 2.9844,-0.0722,-1.8725,-1.9999, 2.7777, 1.2896, 0.8347, 1.8844,-2.4845,-1.1113, 2.9042, 1.5336]
[ 4.3657, 4.151 ,-2.1484,-0.2737, 0.8527,-0.323 ,-0.55  ,-0.6788,-1.1131, 1.1435,-0.7645, 1.4314,-1.5782, 1.0271,-1.8196,-3.0365, 2.5423,-0.3086,-0.9847,-1.8222,-1.4297,-3.0882, 1.6543,-0.5945, 0.7511]
[-1.4441,-0.0382,-2.6259, 2.8324,-2.3335,-1.0179,-2.1565,-1.9547,-0.5692, 0.0357, 0.2993,-0.3071,-1.0294,-0.5996,-0.9332,-0.3898, 1.158 , 0.5553, 1.911 , 0.3114, 0.4209,-2.6653,-1.7444,-1.9275, 1.1083]
[ 2.4264, 2.1791, 2.2699,-0.3316, 3.0922, 2.7602,-1.0325,-1.7091,-1.7759, 0.2214, 1.3896, 1.7998,-3.043 , 0.6564, 0.1216, 2.1432, 3.1067,-0.7958, 1.3704, 2.6776, 2.6569, 3.0154,-2.2499,-0.5738, 1.6272]
[-1.1261,-1.3847,-4.4845,-2.3807, 1.6355,-1.688 , 2.5823,-0.9585, 3.0061, 0.6009, 0.874 ,-0.7916,-1.4334,-3.0784,-1.9673,-1.2205, 2.8603,-0.3833,-1.3102, 2.6839, 1.2265, 2.3805, 1.0945, 0.0995, 2.9495]
[ 2.7311, 4.1164,-1.8246,-2.6788, 1.3102, 0.7918, 2.13  , 1.5085, 0.3876, 0.881 ,-3.0736,-2.7252, 2.3087, 0.2358, 0.6281, 1.6552,-1.14  , 0.592 , 2.7658,-0.8472,-2.6501,-2.6222,-0.7046,-0.0742,-2.2035]
[-1.7976, 1.8939, 4.197 ,-2.7166, 2.869 ,-2.7628, 1.0405,-2.234 , 0.9799, 0.9243, 2.1688,-1.621 ,-1.421 , 1.7842,-0.8823, 0.5173,-0.266 , 2.235 ,-2.8586,-0.2131, 2.945 ,-2.099 ,-1.9093, 1.5684, 1.2511]
[ 4.5951, 5.0283,-4.6731,-3.1098, 2.0004, 2.2286,-0.9657,-2.609 ,-0.19  , 1.9125,-2.3121,-1.7704,-0.8336, 2.0076, 1.0425, 1.7693,-0.1281,-0.8161, 2.4062,-1.215 ,-2.8754, 1.7015,-1.4951, 1.8451,-2.5258]
[-2.241 ,-3.9689,-2.6373,-1.1706,-3.0352, 0.4843,-0.8816, 1.1171, 2.1616, 0.8544, 0.4974, 1.0653,-1.0794,-1.6042,-1.274 ,-2.8045,-2.9049, 2.832 ,-1.5655, 2.8287, 2.6813,-1.0572,-3.1089,-0.44  , 0.1622]
[-3.5577, 0.931 ,-2.8752, 2.316 ,-0.4184, 2.2108, 1.6544,-1.7313, 0.9099, 1.8894, 0.0751,-1.5102,-1.837 , 0.0447, 1.6037, 2.5228,-0.8761, 1.0213, 0.0741,-1.8544, 1.016 , 0.7617, 2.8277, 2.499 , 2.7299]
[ 3.7676, 0.6693,-1.6295, 1.4379, 2.0887, 2.4306,-1.3349,-2.6647,-1.905 ,-3.0396,-1.8768, 2.4694,-2.6939,-0.5213,-1.5983, 2.285 , 1.7068,-2.9562,-2.3837,-3.004 , 2.0828,-2.5203, 2.4168,-1.4842,-2.5442]
[-0.8046,-4.3463, 4.1404,-2.841 ,-0.996 ,-2.1958,-1.5762, 0.1582,-0.0355,-0.659 , 0.1713,-0.6171, 2.8076,-1.335 ,-1.4824, 2.0445, 1.9533, 0.0226,-0.5663,-1.8562,-0.4287, 2.0729, 0.2893,-0.5966, 3.0923]
[-0.8137, 0.2817, 0.1691,-0.9053,-1.9153, 2.5364,-0.9222, 0.721 , 0.7582, 2.3485,-0.3227,-1.3386, 1.307 , 1.7272, 1.0795, 2.1421, 0.126 ,-0.3382, 1.6758,-0.6774, 2.284 ,-2.2328,-2.1539,-1.3262,-1.5612]
[ 1.1361, 1.2891,-4.3425, 1.0928, 2.0953, 0.3898,-2.5374,-2.7821,-1.0886,-2.4319,-0.9442,-0.3402, 2.537 , 0.2604, 1.1455,-1.7664,-0.2777, 2.5763,-2.77  ,-2.1599, 1.633 ,-1.4194, 0.418 , 1.9313, 0.7627]
[ 2.6141,-2.1506, 5.2032,-2.3915,-1.6491, 2.4648,-0.4638,-2.707 ,-1.429 , 2.3544, 2.6718, 0.3382, 1.3626, 0.6725, 2.3909,-0.8821, 2.5354,-0.4674,-3.1362,-3.0924,-0.7789,-0.9072,-0.4496, 0.6867,-1.5472]
[-5.2098,-4.8441,-1.3511,-0.5279, 2.9962,-0.0635, 1.0303,-1.9303, 0.9819,-2.5906, 2.957 ,-2.0626, 0.2576, 0.873 ,-1.3102,-3.067 ,-1.9231, 2.3212, 2.8548, 2.4588,-2.8775,-0.7095, 1.7077,-0.3071, 0.0125]
[-3.3584,-0.3822,-1.74  , 2.8534, 2.8284, 2.0239, 1.3613,-2.0239, 2.4943,-2.7772, 1.784 , 1.1647,-1.4155, 1.233 , 0.2171,-2.3982,-0.0863, 3.0981, 0.9619, 2.6872, 0.2804, 2.2753,-2.4444, 1.932 , 0.3503]
[ 3.7127, 4.8404,-5.16  ,-1.2269, 1.1558, 1.3854,-2.7418,-1.5427, 0.2103, 2.5149, 1.8935, 2.7321,-1.2588,-0.1318,-2.2177,-0.084 ,-2.4639, 2.6062, 0.888 ,-1.1189, 1.6437, 2.339 , 2.6462,-0.8271, 1.8246]
[-1.5271,-0.2404,-1.542 ,-2.47  , 0.7697, 0.6693,-1.1172, 2.5985, 0.4619, 2.7872,-1.9039,-0.9472, 2.416 , 2.3464,-0.5368,-1.6124, 0.221 ,-1.3214,-1.0296, 3.084 ,-1.0958,-2.9217, 2.2683,-0.6332, 2.8146]
[-1.5743,-4.1839, 2.5174, 1.3687, 2.7885,-0.689 , 2.2532,-2.5203,-2.1496,-1.3659,-2.6725, 0.4054,-0.2978,-2.2461,-3.1029, 0.4239, 1.2165, 2.594 ,-2.5452, 1.8481,-2.9647, 1.537 , 2.5512,-0.1002, 0.1169]
[-3.3167,-1.1973, 3.5124,-2.5927,-0.6049,-0.1804, 2.4595,-1.8469, 2.2418,-0.496 ,-1.7401,-1.5033, 1.9633,-1.7418, 2.6977, 1.4622,-2.1433, 2.551 ,-0.6204,-0.3267, 2.4734, 1.9351,-2.7295, 1.3923, 0.1317]
[ 5.4097,-1.8918,-0.8246,-0.8258,-1.0165,-1.0384,-2.2714,-1.9227,-2.8737,-0.6586, 3.1185, 2.4627,-0.4151, 1.5429,-0.0314, 1.5073,-2.6369, 0.4912, 0.6893, 0.9748,-1.1174, 2.9136,-2.3052, 0.9662, 1.1381]
[ 4.3443, 1.8865, 0.0701, 2.5262,-2.4374, 1.005 ,-1.0474, 0.6143, 0.0125, 1.166 , 0.1837,-1.384 , 2.5043,-1.9477,-1.2813,-0.0141, 2.683 , 2.7124,-1.8726,-0.2282,-2.3597, 0.2615, 1.3413, 1.6263, 1.8541]
[-4.0735,-3.8365,-2.2947, 2.7599,-2.1632,-2.3634, 1.3287, 1.514 ,-0.2778,-2.8003, 0.6722, 1.3346,-0.8399,-2.863 ,-1.4472,-2.602 , 1.2948, 1.5177,-2.5879, 1.6581,-0.2974,-2.1241,-0.3222, 0.1025, 3.1022]
[ 2.7413, 1.1322, 2.0889,-0.9852,-0.1273,-0.0336, 1.5937,-1.186 , 0.2045,-0.7097,-0.3356,-1.2073,-1.671 , 1.7867, 2.3258, 2.8574,-2.6767, 1.3658, 2.1786, 1.8103, 2.6483,-0.2253,-1.742 , 0.8097,-2.8604]
[ 3.18  ,-4.5405,-2.6456, 1.2896, 1.5542, 0.3978,-2.8622,-1.7282, 0.8397, 0.2596, 2.5657, 1.4763,-0.579 ,-1.7633,-0.3915, 1.4081,-2.9451,-1.8039, 1.1526,-1.1436, 0.5899,-2.2437, 0.781 ,-1.2204, 0.2513]
[-4.5653,-1.473 ,-3.2553, 2.4777,-0.8424,-1.7644, 0.1178,-2.2152,-0.995 ,-1.0467, 0.3599, 1.2406,-2.8545,-0.6675,-0.7336, 2.921 , 0.2906, 1.26  , 2.5196, 1.9088, 2.7861, 0.7966,-1.1507,-2.0058, 1.1697]
[ 1.0859, 5.2335, 4.4394,-1.919 ,-2.4744,-2.5589, 2.0299,-2.8406,-1.9001, 2.6144, 1.8169, 0.398 , 2.632 ,-1.061 , 0.8212,-1.2369, 1.0656,-1.942 , 0.7224,-0.4932,-0.0758, 1.9008, 0.2542, 0.7904, 0.0525]
[ 0.6386, 3.5227, 3.3411, 0.6526, 0.7571,-1.9959,-0.3642, 1.0612,-0.0706,-0.7958, 0.2283, 1.7654,-1.1699,-0.4757, 2.492 , 0.6757,-2.4123, 0.2547, 3.0055,-2.6545, 2.5985,-1.3045,-1.5588,-0.7397,-1.3397]
[-4.2035, 0.5291, 0.0217,-2.7787,-1.6909,-2.3592, 2.9819, 0.4048, 0.2266,-1.1193, 0.5099, 1.3759, 1.2047, 1.5093, 2.2958, 2.7363,-1.5255, 1.7045, 1.9083, 2.5044,-1.3653,-2.7441, 2.7245,-0.6175,-2.1423]
[ 2.9551, 2.2156, 4.3264, 1.0707,-2.9489,-0.4165,-3.0417,-2.9788, 1.9904,-2.2053, 2.402 ,-2.2995,-0.8403,-2.9731,-2.4549, 0.5722, 0.8618,-1.526 ,-1.7863,-2.709 ,-2.0394, 1.5518,-1.4865,-0.2132,-0.3922]
[-1.7229,-2.5978,-4.6826,-1.6522,-1.4921,-1.2454, 0.1345,-2.6913,-2.8317,-2.7923,-1.3414, 0.524 , 0.1348,-1.3065,-1.8902,-2.5133,-2.9446,-1.0581,-0.6785,-1.0484, 1.6511,-0.1047, 1.9932, 0.8264, 0.3383]
[ 0.4833, 2.4506, 0.5181, 0.3696,-2.9662, 2.6426, 1.3794,-1.9048, 0.1372, 1.3149,-1.7886,-2.0954,-1.2951, 2.9849,-1.8645, 3.0787,-1.0801, 1.0071,-1.4376,-2.4517, 0.2756, 2.8903, 1.5875,-3.0329,-0.3434]
[ 1.59  , 1.7134,-3.7106, 0.1689, 1.961 , 3.0764,-1.305 , 0.3242,-1.1552,-2.8172, 0.7864, 1.5844,-0.6882, 0.7906,-1.662 ,-2.8663, 0.3165,-0.9855,-2.5313,-0.9157,-1.1873,-2.1208,-2.4973, 0.6096, 0.8404]
[-4.4489,-2.2989,-5.1246,-0.3344, 1.6087, 0.8517,-1.7664, 0.6881,-2.423 ,-1.3321,-1.6457, 1.3446,-1.6619,-0.7634,-1.3284,-2.276 , 0.5404,-3.0868,-2.8701,-1.0263, 0.6629,-2.9642, 2.8324,-1.5562, 2.376 ]
[ 4.9394,-3.495 , 0.4721, 2.2092,-0.7707, 0.8742,-2.3634, 2.7333, 2.7007, 2.0961,-2.1949,-1.9562,-1.0458,-1.5334,-1.7581,-1.0028, 0.0853, 1.2184,-2.7988,-1.4485,-2.8304, 0.9312, 0.4265, 2.2115, 1.6799]
[-0.1739, 3.3476, 2.9688,-0.0562, 2.6341,-1.5017,-2.1966,-1.2487,-0.7907, 2.787 ,-1.8736, 0.6414,-0.1155, 1.3116,-3.1383,-0.9245,-1.3287, 0.109 ,-1.6604, 1.1581,-1.6492,-2.5633,-0.3801, 1.145 , 1.7365]
[-4.5768,-0.5362,-4.1395,-1.728 , 2.0458,-1.0968, 0.337 , 0.7578,-0.138 , 0.047 ,-3.114 , 2.6922,-1.7701,-2.4   , 2.3071,-0.4315, 2.8453, 0.34  ,-0.2103,-2.5445,-0.1403,-2.713 ,-2.4522, 2.7842, 2.5957]
[-4.1979, 0.8541, 1.199 ,-0.1933,-0.7956,-2.5996,-0.1535,-2.4223, 2.7496, 1.546 ,-2.3738, 1.2899,-1.276 ,-0.8841,-0.9526, 0.5139, 1.7918, 1.9928,-2.4256, 2.7092, 1.1129,-2.808 ,-2.8852, 0.6029,-1.8631]
[-3.8652, 3.392 , 1.5666,-0.2882, 1.0132,-0.1633, 2.9978,-1.8024,-0.9989, 2.4221, 0.5599,-2.2334,-1.1378, 0.1694,-2.9967, 0.9616, 1.4753,-2.7736, 1.2613, 1.829 ,-2.4617, 0.5134, 2.9607, 1.9289, 2.6278]
[-0.8129, 0.8754,-0.3611, 0.6872,-1.9899, 1.6268, 1.4626, 3.1363,-1.2247, 2.2596, 2.0483, 2.9835, 0.1943, 3.0687, 1.6977,-2.7215, 0.1056, 0.8148,-1.3031,-0.0245, 2.2186, 2.8616, 2.4738, 1.3639,-1.2826]
[ 3.6005, 5.0563,-2.7294, 1.8563, 0.5616, 0.5738, 0.5303,-2.0453,-0.6162, 0.5393,-0.9342,-1.3237,-3.0555, 2.3866,-2.9551, 1.8077,-1.0475, 1.0186,-0.6581, 1.4732, 2.0076, 1.5614,-2.7596,-1.2519, 1.592 ]
[ 4.0424, 2.9874,-1.0335,-2.7262, 2.3645,-2.5108, 0.9375, 1.0098,-0.8723,-2.283 , 0.751 ,-1.4644,-2.2804, 2.5688, 2.3267, 1.1643,-2.0312, 2.4405, 2.7374, 1.8107, 0.6075,-3.073 , 1.9251,-1.3698, 3.0153]
