[-3.6482e+00,-1.5172e-04, 1.3014e-01,-7.1513e-02,-2.4935e+00,-1.1725e+00,-1.8996e+00,-6.8888e-01,-1.9264e+00,-4.5920e-01,-5.2903e-01,-1.6565e+00,-3.4313e-01, 1.4112e+00, 3.0296e-01,-1.0461e-01]
[-5.2638,-2.1198, 0.9936,-1.0593, 1.3462,-2.1816,-1.8788,-1.0409, 2.4589,-3.1382,-1.4664,-2.5228, 3.0231, 0.1129, 0.5535, 1.1974]
[ 2.4889,-3.8671,-1.2719, 2.9809,-3.058 ,-0.1178,-0.3961,-1.2246, 2.3666, 0.5997,-1.2135, 2.1542, 2.0528, 2.4419,-1.6753,-0.2343]
[ 2.9754,-5.0833,-3.1925,-1.6449,-1.1124, 3.0515, 1.2847,-0.4486, 2.9264,-2.1275, 1.9591, 1.3524, 2.3896, 2.1267,-1.9996, 0.5417]
[ 2.939 , 2.0303,-4.1037, 0.7413, 1.7887,-1.3487, 1.0613,-0.2416,-2.7467,-0.166 ,-1.792 ,-3.1207, 0.6319, 1.923 ,-0.6139,-0.2629]
[ 1.8826, 1.0277,-4.9719, 1.2735,-1.5466, 0.9787,-2.7391,-1.5217,-0.9437, 3.1372, 2.4746, 2.4816,-1.9327, 0.397 , 1.9027,-0.6045]
[ 1.7834, 3.591 ,-3.6353, 2.2172,-2.5584,-0.9267, 0.9446, 1.769 , 2.7252,-0.5662, 3.0747,-1.2886, 1.21  ,-1.7886,-2.1824, 1.6691]
[ 5.2071, 0.5826,-5.0709, 0.1716,-1.3481,-2.1414,-0.3267, 0.918 ,-1.4188,-2.2204,-2.7726,-2.0685, 1.8433, 2.8144,-2.8394, 2.5901]
[ 5.1416,-4.0691, 3.0101, 0.4999, 0.2557,-0.6745,-1.9853,-2.3805,-2.8873, 2.1584,-1.6483,-1.5104,-2.1396, 0.6455,-1.3251,-0.4772]
[ 0.6116, 5.0715, 1.348 ,-1.563 ,-0.2904,-2.7172,-2.1212,-1.8585,-2.3687,-1.3013,-1.3194, 1.4313, 0.7072,-1.2995, 1.6772, 0.13  ]
[ 4.646 , 5.2391,-3.7815, 0.0472,-0.6942, 0.6599,-1.9143,-0.3261,-0.3216,-0.5177,-1.1623, 1.8668, 0.7392,-2.4066,-2.4369,-2.0982]
[-0.0735,-4.1298,-5.3724, 3.0218, 2.43  ,-2.7906, 0.4797, 2.4867,-2.5702,-0.2334,-0.8845, 2.5509,-0.8196, 1.4238,-0.5864, 3.11  ]
[-5.234 ,-3.1492,-0.3977, 0.7868, 1.681 , 2.4598, 1.7859, 0.7171,-1.3274, 3.0752, 0.194 , 3.1265, 2.9671,-1.0465, 0.2701,-3.0515]
[-1.2855,-4.9552, 2.0622,-2.4359,-0.3666,-1.4063, 1.6538, 2.0688,-1.5478,-2.546 ,-3.0154,-0.88  , 1.1165,-0.1703,-1.6457,-1.2888]
[-1.7101,-4.1034, 4.0246,-0.6084,-0.2097,-0.7408,-1.9199,-2.3011,-3.0723,-1.8279,-3.1035, 2.0354, 1.0129, 2.0244,-2.4432, 2.9954]
[-3.9484, 1.1604, 2.6333,-0.7621, 0.679 ,-0.9459,-2.081 ,-0.6516, 2.8967, 1.5407,-1.8519,-0.6829,-2.7074, 0.5323, 1.7614,-2.1174]
[ 4.9608,-0.9451,-2.6236, 1.4034,-0.3947,-0.2671, 1.5815,-2.8566, 2.9903,-0.5252, 3.0313, 2.227 , 1.7667, 0.7742,-0.6415,-2.9026]
[ 1.807 ,-3.567 ,-2.1958, 0.444 ,-2.465 ,-2.5559,-0.9179, 2.0654,-0.5196,-1.6285,-1.9586, 0.8416,-0.772 , 2.9029,-2.2339,-0.6047]
[-0.0253,-3.7351,-2.6924, 0.5218, 1.9041, 0.6213, 1.6327,-0.2003, 0.6806, 0.1357, 0.0329, 2.8557,-0.6488,-1.5366, 1.9864, 1.4277]
[ 5.2279,-0.3302, 1.8948, 2.7398,-0.9467, 2.365 , 1.0281,-2.9148,-0.5894,-2.3238, 1.0589,-0.1414,-2.0406, 2.6985,-0.3524, 1.5298]
[ 3.6845, 5.2971, 4.7665,-0.8158,-0.9746,-3.0394, 2.3385, 0.6496, 3.0155,-1.8559, 3.137 , 0.0629,-0.7426,-0.7849, 2.9527, 2.8368]
[ 3.4848e+00,-2.5928e+00,-2.8873e+00, 3.7935e-01,-1.9617e+00,-1.4237e+00, 3.6270e-01, 4.6612e-01, 1.6685e-01, 1.2224e+00,-1.3119e+00, 2.9526e-03,-9.1422e-01,-1.7427e+00,-7.5128e-01,-5.9636e-01]
[-2.1129, 2.9161,-3.2642,-2.015 ,-0.4966,-1.9555, 0.2567,-2.353 , 1.5265, 2.8428, 0.2707,-2.2469,-0.6969, 2.6419,-0.4625, 2.6038]
[ 1.3264, 2.6618, 2.0313,-0.5513, 3.0597,-0.4169,-0.2434,-2.7844, 1.1764,-0.9987, 2.4038,-1.3094, 2.6296, 0.4294,-1.7096, 0.0993]
[-3.6275, 0.2889, 0.0085,-1.1215,-1.4461,-3.1348, 1.075 , 1.2249, 2.8544,-2.7644, 1.2167,-0.4225, 0.8772,-1.1119,-1.0928,-1.5919]
[-3.685 ,-1.2074, 1.8687, 2.3679, 0.8887, 1.25  ,-1.3199,-2.8037, 1.0152,-0.0469,-1.5166,-2.9713,-1.2837,-0.2297,-1.4543,-0.3556]
[ 5.2946, 1.9597,-4.2305, 0.2913,-2.3705, 0.156 , 2.4713, 0.8254,-1.7302, 2.2359, 1.9651, 1.1237,-2.4336,-2.5267,-1.5791, 0.7493]
[ 4.1172, 4.53  , 4.1137,-0.3033, 0.5289,-2.5671, 0.6504,-0.2573, 1.3549, 0.0868,-2.481 ,-0.4812,-0.1986,-2.3391, 1.2405, 1.8346]
[ 0.47  , 3.0369,-2.4389, 1.2141,-1.9763, 0.4249,-0.3912,-2.9635, 2.3326, 2.9179,-1.5703, 0.7927,-0.8299,-2.1246, 2.2229, 0.1339]
[ 0.9196, 3.1334, 4.2102,-3.018 , 2.7645, 2.5894, 0.9421, 2.7291, 1.0681,-0.8053,-1.5199,-1.0879, 1.5983, 2.273 , 0.5067, 1.0919]
[ 1.6621,-0.7021,-0.5798,-2.7466, 0.4282, 0.8992,-1.5694,-1.455 ,-0.7601,-0.8722,-2.4482, 0.5115,-0.881 , 1.4273, 3.0771, 3.0197]
[ 4.8072, 2.9379,-3.2276,-1.019 ,-0.7448, 2.0804, 2.3241,-0.1681,-1.6127,-1.2797, 1.9876, 2.1952, 2.3358, 0.869 , 3.0672, 1.2579]
[ 5.1275, 2.8665, 0.9102,-1.648 ,-2.8234,-2.8761,-0.1258,-1.7802,-0.6311,-1.0062,-0.3583, 2.1425, 1.2727,-1.7359, 2.8208, 2.083 ]
[ 1.0829,-0.4862, 0.8129,-1.5821,-1.7797,-0.2687, 0.2987,-0.7425,-1.589 , 1.5952,-2.0498,-0.7049,-1.7628,-1.7019, 1.6855, 2.0478]
[ 0.126 , 0.4582,-4.8454, 0.4272, 2.8429, 2.6239, 2.2755, 2.1672,-1.8901,-1.1453,-2.0044,-0.5681, 0.1019, 1.5896,-1.5374, 0.6169]
[ 2.0065,-3.7996,-3.3728,-1.965 ,-0.8566, 1.7799, 0.9833, 1.3649, 1.686 ,-1.578 , 1.4705, 0.7171, 0.4278,-0.6197,-2.2733, 2.3348]
[ 1.0604, 1.76  , 4.3142,-2.7554,-1.372 ,-1.0314, 0.1513,-2.1171,-1.9294, 0.6252, 2.6657, 1.9654,-0.1654,-1.9269,-2.1893, 2.1548]
[ 0.9558, 2.4965,-2.3597, 2.7801, 0.9828, 1.1156,-0.1771,-0.0621, 0.7967,-2.2457,-1.1812, 0.9118, 2.5716,-1.2112, 0.6909,-1.4118]
[ 2.2365, 0.5123,-3.1838,-0.5497, 0.6996, 2.7166,-1.8057, 1.6504, 1.9807, 1.0553, 1.9672, 1.9306, 2.3055,-0.7293, 0.3513, 1.2037]
[-1.061 ,-0.3981,-2.9183,-2.4522, 2.1619, 2.7313,-0.5042,-3.1254,-2.6153, 0.4746,-0.8776,-2.1665, 1.6342,-1.6529,-2.377 , 1.8465]
[-3.1033,-1.2464, 4.1963, 2.9946,-0.7464,-0.3965, 2.5469, 0.6736, 0.9409,-1.8261,-1.1684,-0.556 ,-0.2139, 2.734 , 2.7555,-2.0755]
[-5.311 , 2.5286,-4.5201,-2.2171,-0.1825, 2.335 , 0.8567,-1.0096,-1.6506,-2.1991, 1.0851,-2.6662,-0.7558,-0.6647, 0.3035,-1.3413]
[-0.1178, 3.8839,-1.7527,-2.1695,-0.6269, 1.1592,-3.1108, 2.049 , 1.9933, 1.8157,-1.5402,-0.179 , 0.2328, 1.4955,-1.9142, 0.6873]
[ 4.8243,-2.6119,-2.5156,-2.4742,-1.1323,-2.9628,-1.1389, 1.6945, 0.5868,-0.3418, 1.704 , 0.3877, 2.6471, 2.5441, 2.0725,-0.6892]
[ 5.4177,-5.0403,-4.5231,-1.557 , 2.4736, 1.7616, 3.0143, 2.088 , 2.5144,-1.3879,-2.6343,-0.7431,-0.8537,-1.6834, 0.2818, 0.1744]
[ 3.1425,-5.0678,-1.3855,-2.3476,-0.3019,-1.388 ,-1.4213,-2.38  ,-2.9134,-2.5206, 1.5798,-0.7565,-2.7443,-0.1947,-0.6103, 0.2017]
[-1.505 , 1.4084, 4.2323, 2.9052, 0.7657, 1.6626, 2.4652,-0.282 ,-1.223 , 1.3342,-0.863 ,-1.0521,-1.9237, 1.3226, 0.9654,-0.9797]
[-0.2863, 1.8992,-4.8232,-3.0735, 0.8095,-1.6533, 0.9749, 0.9659, 2.9937, 3.1194, 1.0871, 1.2312,-2.1858, 0.1718,-0.7402, 0.5394]
[ 2.6239, 4.2563, 1.0728, 0.812 , 1.2179, 0.3162,-0.2461,-1.2968, 2.0333,-1.9165,-1.4751,-2.0265,-0.6021,-2.5044,-1.4508,-2.4013]
[-4.318 ,-0.2817, 4.4245,-0.2192,-1.4462, 0.6567,-1.3251,-1.3641, 2.6527, 3.062 ,-2.7255, 0.9715,-2.1329,-2.4904,-1.473 ,-1.129 ]
[ 5.3474,-4.0317,-2.565 ,-2.2606, 2.7241, 0.3248,-0.7312,-0.792 ,-2.6343, 0.1658,-0.9861,-2.6098, 2.1463,-2.6576, 1.9566, 0.9686]
[-0.4293, 4.6358,-4.9023, 0.8952, 2.892 , 0.5101, 2.461 , 1.3874, 0.6177, 2.2099,-2.1406, 1.1945,-1.2186, 2.0715, 1.3952, 1.027 ]
[ 4.9144,-5.0884,-3.3535,-0.0791, 1.4983,-0.4452,-0.1263,-1.78  , 0.1438,-1.2894, 2.5597,-2.1688, 1.8453,-1.1336, 2.9612,-2.4474]
[ 3.5155, 0.4713,-4.0571,-0.27  ,-2.5044, 2.4789,-3.1365, 2.7551,-1.1192,-0.9867, 2.0678, 2.8723, 1.6588,-1.4532, 0.0045,-1.8826]
[ 0.3929, 3.4441,-2.5262, 2.8748, 2.6522,-3.0195,-2.0842, 1.1711, 1.6524, 3.0803,-1.1265,-1.0004,-0.9068,-1.3054, 3.0251,-1.5413]
[-2.7665,-4.6138,-5.0978,-1.0403, 2.7218, 0.1571, 0.9489,-1.2048, 2.3749,-2.0729, 2.1037, 3.0397, 1.8306,-0.1831,-1.1396,-1.9478]
[ 0.4145,-4.2718,-1.0394, 2.1847,-0.1337,-1.0924,-2.7131, 0.5998,-0.7881, 3.0076, 2.3752, 1.188 , 2.4021,-0.2227, 2.6272, 1.6952]
[-2.2364,-5.2735, 0.2829, 2.5129, 2.42  ,-0.1223,-1.3617, 0.9816,-0.3276, 0.0883, 0.3198, 2.4137,-2.9765, 2.0159, 2.3522, 2.3853]
[-2.7647, 1.7093,-1.5346, 2.6342, 0.165 ,-2.2942, 0.2633,-0.1747,-1.0682, 2.3034, 1.9163, 2.854 , 0.6095, 3.1023,-0.6563,-1.3232]
[ 0.2533, 3.706 , 3.3584, 1.9492, 2.2955, 0.864 ,-2.3168, 1.8736,-2.4304, 0.4521, 1.3303,-1.6611, 1.5869, 0.7233, 0.7119, 2.5712]
[ 2.4685,-0.1861, 5.1762,-2.3229, 2.5797, 0.7488, 1.455 ,-0.4144, 1.8529, 0.0636,-2.2545, 0.4293, 0.0502,-0.7342,-2.8578, 0.4754]
[ 4.4993,-2.5545,-2.9794, 2.4101,-0.8247, 0.5183,-1.0313, 1.1099,-0.5068, 2.3767, 0.7269,-1.0341,-0.3899,-0.7629,-2.7316,-0.9891]
[-1.552 , 1.2544,-1.0992,-1.0957,-0.4558, 2.8793,-2.2102,-0.82  ,-1.1028, 0.1333, 1.6737,-0.498 , 1.8394, 1.3936,-2.9205,-0.4392]
[ 5.1643e+00, 2.9762e+00, 3.7584e+00,-7.6445e-01,-3.2422e-03,-2.7085e+00, 1.6754e+00,-1.0360e+00,-3.1185e+00,-3.0464e+00, 2.2786e+00,-1.8569e+00,-2.3046e+00, 2.6471e-02,-2.6378e+00,-1.7300e+00]
[ 4.0056,-5.2582,-4.1599,-0.1315,-1.988 , 0.6012, 0.1334,-1.881 ,-1.025 ,-2.0726, 0.7693,-2.372 ,-3.0536, 2.4593, 3.1396,-0.8196]
[-3.1187, 2.3871,-0.1324,-0.322 ,-0.2949,-0.9276,-0.2532,-2.9755, 0.6648,-3.1322,-1.0849,-0.4806, 0.0481,-1.0909, 0.2102,-1.9864]
[-1.9666, 4.1116, 4.21  ,-0.0754, 2.5041,-0.3814, 1.6361, 0.8354,-1.1061,-1.5091, 3.1156, 0.7636,-1.7484, 0.0961,-1.8977, 0.6578]
[ 4.4399,-5.3573, 0.5906, 1.1439,-2.541 ,-0.1301,-2.5274, 1.1248, 1.413 , 2.8622,-0.9505, 2.9147,-0.3381,-2.9685, 2.3002, 0.5325]
[ 1.0219,-1.3962,-2.1818, 2.479 ,-0.0429,-1.6236, 2.2553,-1.4869,-3.0501,-1.1643,-0.5217,-0.1308,-1.9575,-1.0835,-1.6393,-0.0681]
[-2.1142, 4.7952,-3.1862, 0.5803,-1.4488,-2.3283,-0.7747,-1.9768, 0.199 , 1.0212,-2.4136, 2.1234,-1.292 , 0.9635, 3.1297,-2.0911]
[-4.6633,-4.2935,-3.0256,-0.9616,-1.5019,-0.9931, 2.8757, 0.6133,-0.0667,-0.8677,-2.1295, 0.9632, 1.8774,-2.0002,-2.5711,-0.6953]
[-4.2671,-2.9591,-4.639 ,-1.8762,-2.8875,-2.7561,-0.3045, 2.9621, 2.2005,-0.6504,-3.0497, 1.5649,-2.1582,-2.3311, 2.0418,-2.867 ]
[-2.2342, 4.8202,-5.4342,-1.243 , 1.7487,-2.2705, 2.9737,-1.5299,-0.4212,-2.3827,-2.7391, 0.1046,-1.1842, 0.0311, 1.146 , 1.0515]
[-2.6227,-3.8437, 4.763 ,-0.6351, 0.7412, 0.5426, 1.8655, 0.7894,-3.094 ,-1.9981, 2.0541, 0.5124,-1.2275, 2.6635, 1.0208, 1.8075]
[ 0.2401,-1.6942, 3.5582,-2.943 , 0.5201, 2.0855,-1.0732, 0.0868,-2.1719,-0.1119,-2.7994, 1.3512, 1.9017, 0.1279,-1.2484,-2.8728]
[ 1.4737,-0.0593,-3.0918,-1.6728, 1.1748, 0.0476, 0.1785,-1.8365, 0.59  ,-1.0091, 2.6622,-0.0846, 2.9504,-0.9539,-1.5861,-1.1269]
[-2.3414,-4.4697,-4.352 , 0.6706, 0.3319,-1.4635,-1.0336,-1.7194,-2.0066, 0.317 ,-2.3764,-2.7023, 1.366 ,-2.7732,-0.126 , 3.0537]
[ 4.55  , 4.1754, 2.5371, 1.4199,-1.9964, 0.7629,-3.0047, 0.9457,-2.0002,-1.658 ,-1.5152,-0.1194, 1.3782, 1.6851,-2.1983, 2.9398]
[-3.5244,-0.0995, 0.4631, 0.6988,-0.9721, 1.9847,-1.5725, 1.6217,-2.0599,-1.1873,-0.2539,-2.5277,-0.3516,-3.015 , 3.1401, 2.1358]
[-0.1682, 2.8102, 4.7608,-0.0234,-2.5771, 2.519 ,-2.3373,-2.7298,-1.387 , 0.847 , 2.4049,-2.417 ,-1.0924,-2.4386,-0.0533,-1.358 ]
[-3.9654,-1.7435, 4.6843, 1.6634, 0.3646, 0.1233,-2.8434,-3.1092,-2.6774,-2.8916,-1.1468, 2.1435,-2.0454, 1.548 , 2.8972,-0.9051]
[-0.029 ,-4.7204, 1.0356,-0.132 , 2.2635, 0.0952,-0.1504,-0.3606,-1.9819,-2.1166,-1.9269, 1.2526,-2.6101, 1.6116, 0.2229, 1.5985]
[-0.6695, 0.7867,-3.1861, 2.5891, 0.9013, 2.6231,-1.5422, 0.344 , 2.5996, 1.7055,-3.0738,-1.1679,-1.8169,-2.7893,-1.7909,-1.5084]
[-5.2661,-0.567 ,-2.2624, 2.0048, 1.4779, 2.4648, 0.8968, 2.8696,-2.6594,-1.2568, 2.1586, 0.9996,-0.144 ,-3.1181, 0.3547, 2.4393]
[-3.9567, 1.993 ,-2.9888,-3.0114, 0.495 , 1.4047, 1.8117,-2.9779, 2.1688, 1.633 , 2.8315,-2.0793, 1.0693,-0.1739, 0.7644,-1.1037]
[ 9.8497e-01, 1.7134e+00,-4.9571e+00, 1.9946e+00,-2.9738e+00,-1.8968e+00,-5.6036e-01, 1.0882e+00,-1.3334e+00, 2.0582e-03,-2.4668e+00, 8.6974e-01, 2.1675e+00,-2.0778e+00, 2.0033e+00, 2.2099e+00]
[ 1.0181, 2.2986,-4.514 , 0.8898, 0.4346, 0.469 ,-0.2398, 1.25  , 1.5244,-2.879 , 2.134 ,-3.0835, 0.2122, 2.9454,-2.8728,-1.5662]
[ 5.2233, 2.9236, 5.3249, 3.0698, 2.9307,-3.0375, 2.8527, 2.5386,-2.6653, 3.0589,-2.7846,-2.1353, 0.9123,-2.9851,-1.8008,-2.8823]
[ 3.2373,-1.5619,-0.5146, 0.2037,-2.705 ,-0.1723, 1.0277, 0.8634,-2.4491,-0.9989, 0.1366, 3.0265, 2.5007, 0.6924,-0.2321,-0.342 ]
[ 4.3026,-4.6096, 3.6039, 0.5298, 0.4889, 2.7713,-0.9895, 2.9334, 0.8431,-2.9068,-0.2971,-1.9373, 2.953 ,-3.0613, 2.9943,-3.0535]
[-5.0828, 3.6395,-3.2256, 0.9334, 0.2427,-1.3462, 1.9454, 0.3906, 3.0294,-2.4258, 2.4569,-1.8737, 2.5214,-0.2174,-1.9835,-2.7947]
[-4.4286, 2.809 ,-3.9635, 0.5742, 1.878 ,-1.4712, 2.1633, 1.6657,-2.5943, 2.2269, 1.0137,-1.3277,-1.012 ,-2.5966, 0.2218, 1.019 ]
[-1.8251, 3.7483, 3.586 , 2.5403,-1.3594, 1.9392,-3.06  , 1.7868, 0.2283, 2.7464,-2.641 , 2.4638, 2.2418,-2.6291, 2.5448, 0.1603]
[-3.471 , 0.8779, 1.5775,-1.0568, 0.3619,-3.0424,-2.8817, 0.3078,-1.7713, 1.5965,-0.5864, 1.044 ,-0.7302,-2.154 ,-0.9827, 0.2042]
[-0.5125,-4.3801,-0.7463, 0.5843, 2.2876,-0.0471, 0.4953,-1.2731,-2.0725, 3.0833,-1.8709,-1.3261,-0.4393,-1.4134, 0.23  ,-1.7543]
[-2.1294,-3.1806,-4.7201,-1.1028, 1.7585,-0.5259, 2.3158, 0.7454, 2.5186,-0.1005, 1.9744,-1.1243,-1.7852,-0.9516, 1.9699,-2.3091]
[-3.1579, 3.1787,-4.8264,-2.4441,-1.9123,-1.8541,-2.2031, 3.0788,-0.0986,-0.2381, 1.3834,-1.3065, 2.2801, 0.1291,-1.9937, 2.55  ]
[-4.6318,-1.1917, 0.427 , 0.3258, 1.1477, 0.811 , 2.2406, 2.1305, 0.1483, 2.9788,-1.9454, 2.5252,-0.2817,-0.9186, 2.4617, 2.3715]
[ 1.2203, 2.5488, 0.1666,-1.5235, 2.5768,-1.9391,-2.888 , 0.2419, 0.2175, 0.2616,-2.9494, 0.5532,-1.0519, 0.3016, 1.0791, 1.7678]
[ 1.3467,-4.4045, 5.0367, 1.3849,-0.3732, 0.4399, 1.6042, 3.0479, 1.7426, 1.5813,-2.1832, 2.7668, 2.1329,-1.6152, 0.3797,-1.0891]
