[ 4.9833e+00,-1.3898e+00,-4.1096e+00, 1.9786e+00, 1.0362e+00, 8.3583e-01,-1.4431e+00,-8.6229e-02, 6.0560e-01,-2.1192e+00,-9.1347e-01,-2.8371e+00,-4.8572e-03, 1.6347e+00,-1.6813e+00,-1.4987e+00,-2.9689e+00,-7.1005e-01,-2.4790e+00, 1.2318e+00, 6.7785e-01,-2.2440e+00,-2.5129e+00]
[-1.5732,-4.5442,-0.1475, 2.2416, 2.6308,-3.1006,-1.4859, 3.0317,-2.7612, 2.5027,-1.5881,-0.2187,-3.0542,-2.3173, 2.8104, 0.2814, 2.249 , 1.5858,-1.5979,-0.3148, 1.7093, 2.0807, 0.8521]
[ 2.4214, 5.0364, 1.5301, 2.789 ,-1.3182,-2.8282, 1.5919,-1.3075,-1.7513,-0.8475, 1.7303,-0.5908, 2.2566,-1.2261, 2.8748, 1.4429,-0.5316,-2.2562, 1.1654,-1.6974,-0.7058, 0.1674,-2.7402]
[-2.7998e-01,-4.1385e+00, 2.7523e+00,-6.6629e-01, 2.4344e+00,-5.6672e-01, 1.4306e-02,-1.0762e+00,-8.0877e-02,-1.7790e+00, 2.1771e+00,-3.9246e-03,-2.5419e+00,-4.7737e-01, 6.4189e-01, 2.3858e+00, 6.7455e-02,-9.3665e-01,-1.5975e+00,-1.4214e+00,-1.4267e+00, 2.9144e+00, 3.0048e+00]
[-0.8319, 1.6481, 1.0615,-1.4458,-3.014 , 2.6297, 1.1002,-0.6694, 2.386 , 2.32  ,-1.7532, 2.7306,-2.3143, 1.1007,-1.3904, 1.2524,-0.652 , 2.3249, 3.0275, 2.118 ,-2.8733,-0.7231, 1.7208]
[-1.1335,-3.8318, 0.0759, 1.7876, 0.2253,-2.3368,-0.9321, 2.0098,-0.4531,-2.8378,-0.5763, 1.2851, 1.7146, 1.8065, 1.0307, 0.1172,-1.3117, 0.5342, 3.0035, 0.7631, 2.7982,-0.5594,-2.0293]
[-5.4579,-3.4298, 0.2536,-2.2677,-1.9911,-2.2773, 0.488 ,-2.3091,-2.7357, 0.6508, 1.524 ,-1.4334, 3.0424, 1.6136,-0.6593, 2.7262,-1.2582,-2.5805, 0.301 ,-1.7714,-2.4295,-0.7092, 2.8218]
[-2.8499,-4.5969,-1.0447,-2.054 ,-1.7154, 2.813 ,-1.7333, 1.6288,-2.3566,-0.6403,-0.8866,-0.3046,-2.0423, 1.7368, 1.0661,-1.6623, 1.0829,-2.1994, 2.271 ,-2.0131, 2.5853, 0.3984,-1.9481]
[-5.0657e+00, 2.0650e-01,-1.5398e+00,-2.3409e+00,-3.9761e-03, 2.5327e+00,-2.0807e+00,-3.7324e-02,-2.8068e+00,-2.0860e+00, 2.7235e+00,-2.5997e+00, 1.7662e+00, 1.7475e+00,-2.8100e+00, 1.1056e+00, 3.5374e-01, 1.7187e+00, 1.1984e+00,-2.3000e+00,-4.2908e-01, 1.8609e+00,-3.0648e+00]
[-4.3248,-0.4562, 0.0779, 2.2349,-1.2618,-2.2546, 2.5782, 2.5589,-2.8742,-1.1157, 1.8449,-0.5039,-1.816 , 2.3771, 1.5514, 1.0524, 2.2268, 2.932 , 1.6024,-0.0626,-1.1598, 2.0236, 2.1942]
[-3.8256, 2.9827, 2.5024, 0.0905, 1.4173,-0.676 ,-0.9307,-1.6349, 1.1386,-3.    , 1.8825, 2.0438, 2.5465, 1.8359, 1.2451, 2.7754,-1.6336,-1.381 , 0.8538, 0.8311,-1.2556,-0.2682, 2.2622]
[-5.4481,-0.2507, 1.9915, 2.3439,-1.8648, 2.6816,-1.6732,-2.2759, 0.8678,-1.383 , 2.5002, 2.1733,-0.8453,-0.4664, 2.9932, 2.844 ,-3.0545, 1.9744, 0.2599, 1.5265, 1.731 , 1.2025, 2.3159]
[ 4.0625,-2.3525,-3.8436,-1.8503, 2.1168, 0.5307, 0.7923, 1.7018, 1.6941,-2.4995,-2.3744, 0.1308, 0.3785,-1.0277,-1.6316, 2.7759, 2.5591,-3.057 , 2.5122,-0.1835,-1.6113,-0.3775, 1.0497]
[-1.6145e+00,-3.3899e+00, 5.4790e+00, 1.0414e+00, 2.4163e+00,-5.1554e-01,-1.2977e+00,-6.7921e-01,-1.7289e+00,-2.3843e+00, 1.6839e+00, 8.7933e-01,-1.2581e+00,-2.9308e+00, 2.6419e+00, 2.3698e+00,-1.2279e+00, 5.0922e-01,-2.5271e-01,-1.9978e+00, 1.8958e+00,-7.7341e-04,-2.1242e-01]
[ 2.0018,-0.4215,-0.0666,-0.927 , 1.215 ,-0.2418, 0.2954,-0.6934, 0.8605,-2.9063,-2.0428, 1.947 ,-1.7646, 0.3344, 2.2718, 1.8981, 1.2805, 2.2618,-0.1005, 1.2218, 2.4443,-1.4593, 1.8075]
[-3.0992,-2.0975,-5.2631,-1.9807, 2.2336, 0.4618,-0.1134, 2.3248, 1.0627,-1.167 , 0.8335,-1.8236,-0.0488, 0.1845, 2.7724,-0.3743,-0.062 , 1.5842, 1.0235, 2.4637,-1.115 , 0.9688,-3.0313]
[-2.5439,-2.4599,-1.27  , 3.1346,-2.5192, 2.2013, 2.9589,-1.0005, 0.3661,-0.5035,-2.4589,-1.6923,-0.5967,-0.423 ,-2.5032, 1.9402, 1.5269, 2.6154, 2.7248, 2.207 ,-0.0954,-0.8495,-0.5546]
[-0.5978, 4.0232, 1.0483,-0.7369,-1.0859, 0.5585, 0.749 , 1.6524,-1.4541, 0.0688,-0.9093, 0.106 , 1.8235, 2.3498,-1.5366, 0.5051,-1.5278,-1.9341, 0.471 , 0.3784, 0.8453,-1.9058, 2.911 ]
[-0.3331,-3.0606,-4.5735, 1.0504, 2.5086,-3.0225,-3.0626,-0.9916,-0.1571,-0.7095,-0.2987,-0.3118,-0.6822, 0.0544,-1.6726,-2.0613,-1.6397,-0.9165, 1.58  , 1.132 , 0.2428, 2.2637, 1.8555]
[-2.1068, 3.6484, 3.6173,-0.5949, 1.3793, 1.2355,-0.6666,-1.1139,-0.1445, 0.3959, 2.9985,-2.4971, 2.5622,-0.6323,-0.9136,-2.9142,-0.7331,-0.996 , 1.9649,-1.4492, 1.8426,-1.3669, 2.4929]
[ 3.4043,-5.063 ,-0.454 , 1.1389,-2.5136, 0.9623,-1.8005, 2.6932, 2.358 , 2.5235, 2.748 , 2.5811, 0.647 ,-0.0211, 2.1585, 0.0854, 1.4932, 0.3376, 1.124 , 0.8471,-2.0775,-2.558 , 0.1149]
[-4.5846,-1.2709, 3.1912,-2.7725, 1.2025,-0.1481, 1.0446, 0.755 , 0.4736, 2.0808,-0.9309, 0.3303,-1.0554,-0.5874,-0.9082, 1.9903, 3.0728,-0.0227, 0.7002,-2.633 ,-0.9385,-1.2158, 1.0722]
[ 2.2141,-5.0444,-5.0634,-1.6132, 0.0417, 2.9478,-2.9808,-0.5743, 0.9855,-1.509 ,-2.0324, 0.1953, 2.9594,-1.6772, 3.059 , 0.6473, 1.0031, 2.1762,-2.7939,-0.4562, 2.7553,-2.0631, 2.7648]
[-1.5835, 0.4064, 3.5163,-2.5768,-1.4103, 2.4499,-1.3622, 1.9686,-0.8623, 0.111 , 0.6958,-0.7763, 3.0106,-1.4764,-0.4012,-2.065 ,-3.0601, 1.5484, 2.2802,-1.8111, 2.0176,-1.4736, 1.0349]
[ 1.7777,-1.3554,-2.9779,-2.1191,-2.0977,-2.5812,-2.0028,-0.8985, 0.3135,-2.6265,-1.558 ,-0.4955,-1.4849, 2.8066,-2.1016, 1.1216, 2.579 , 1.4524,-1.3155,-1.8959,-1.0154,-0.7591, 2.2943]
[ 3.8268e+00,-7.4966e-01,-4.1600e+00,-1.1273e+00, 2.7303e+00,-3.0981e+00,-8.9970e-01, 7.4481e-01,-6.0697e-01,-2.5466e+00,-2.9901e-03, 4.4865e-01, 7.6192e-01, 2.7808e+00, 2.8411e+00, 1.2178e+00,-1.9124e+00, 2.7367e+00, 2.3343e+00, 7.9303e-01, 1.1577e+00,-9.6248e-01, 4.5379e-01]
[-1.7926, 4.7992, 3.5806, 2.8736,-0.72  , 0.8834,-0.9947, 1.5991, 1.9258, 2.9364,-2.7875, 2.3774,-1.1829,-0.1124, 0.7471,-0.5144, 1.4046,-1.9927,-0.1487, 2.3295,-2.6061, 2.1897,-0.8092]
[-0.9922,-4.8302,-0.0697, 2.971 , 1.6119,-0.5128,-2.4654,-0.9694,-0.4295, 2.1573,-1.5123,-0.3081,-0.654 , 3.0065, 0.3884, 0.2918,-2.7229,-2.7005,-2.8648,-1.212 , 1.0267,-0.6159,-1.0558]
[-2.3323, 5.377 ,-1.1996,-1.3496, 0.2974, 0.5216,-0.2821, 2.2037,-0.3679,-1.8433,-2.7701,-1.9548, 2.3313, 0.0456,-0.419 , 1.4049,-1.2475,-1.0125,-1.5429,-2.8177,-0.5202, 2.4713, 0.714 ]
[ 2.0616, 5.3399,-0.7652,-2.1148, 2.7421, 2.5028,-0.5799, 1.9084,-2.9195,-1.5853,-3.0246, 2.1606, 2.1753,-0.9776, 2.5582, 0.5951, 0.899 ,-1.8598, 1.057 , 0.7927,-3.035 ,-1.5215,-0.2091]
[ 8.9481e-01, 5.3740e+00,-4.1898e+00, 1.5720e+00,-1.3540e+00, 1.6138e+00,-1.7243e+00, 1.9606e-01,-1.0941e-01, 2.7142e+00,-1.2213e+00, 3.3455e-03,-2.9296e-02, 2.8192e+00, 1.0811e+00,-2.0287e+00,-2.8663e+00, 1.5195e+00,-1.7871e+00, 1.1973e+00,-1.1046e+00, 1.2805e+00, 1.4704e+00]
[-2.646 ,-3.642 , 1.1681, 1.6242, 1.6682, 2.7229,-2.0262,-1.8686,-2.2685,-0.543 ,-2.1611, 1.5784, 2.3636, 0.9018,-1.3244,-2.6102, 0.7838, 1.4501,-1.376 , 2.4961,-0.8191, 1.4469, 2.176 ]
[ 4.7104, 4.2859,-2.7303, 2.5776,-2.0985, 1.6961, 2.1772, 1.8875, 1.7481, 2.5545, 0.6563, 0.4965, 1.6492,-2.0272, 1.4799, 2.7663, 1.9981,-2.6004, 2.4518, 0.8353,-2.168 ,-0.2848, 2.7898]
[-4.5393, 1.8008, 3.8427, 3.1025,-1.123 , 2.688 , 0.5583, 1.1568, 2.8038,-2.3633, 2.9293,-1.6257,-2.5188,-1.7173,-1.4512,-2.3983,-1.8158, 2.4242,-1.5506, 0.8032, 1.0088, 2.5507, 2.2199]
[-1.2725,-2.6296,-5.0184, 0.7254, 2.3064, 0.1387,-2.2692,-0.3315, 3.0897, 2.55  , 1.6131, 1.7486, 2.824 ,-1.3998, 2.7491,-2.846 , 1.9309,-0.6628, 0.955 ,-0.4141,-0.9742, 0.8165,-2.5098]
[ 0.6303,-5.2108,-4.6117,-1.1794,-2.2414,-0.6047, 2.3225, 1.7784,-0.2739, 2.1646, 2.7329,-2.1338,-0.9236, 2.0892,-1.7417, 2.8539, 2.0444,-1.8064, 0.573 ,-1.4706,-1.5099,-0.7495, 2.3366]
[-1.4805, 3.0149, 1.5833,-0.5157,-2.8571,-2.376 ,-2.5435,-0.8725, 0.4304, 0.6712,-2.7544, 1.9678, 0.2762, 1.7776,-0.7916,-0.9915,-0.0953, 2.0586,-2.8639, 1.5521,-2.6085,-2.2612, 0.2735]
[-1.3055, 4.0204, 3.7435,-0.4473, 0.6491, 1.9582,-0.549 , 2.7979,-2.2831, 1.32  ,-0.4815, 1.4877, 3.1056,-0.2228,-0.3024,-2.3232, 2.6541,-2.4328, 1.2537, 1.3556, 1.5436, 3.1407, 1.69  ]
[-5.0867, 4.4424, 2.3443,-1.5109, 1.6509,-2.8754, 0.4073, 1.1657, 2.2086, 2.7043, 1.5772, 0.378 ,-0.3109, 1.8503,-0.2377,-1.748 , 0.1674,-0.8201,-2.6939, 2.9635,-1.9589,-2.1054, 0.2351]
[-0.2875,-4.6873,-4.2034, 1.9857, 0.2053, 1.1373,-0.0576,-0.0185,-2.7357,-0.0112, 1.5015, 0.7444,-1.9037,-3.1136, 2.0264, 1.2131, 2.5056,-2.1718,-1.7802, 1.5108,-0.0281,-0.6238, 1.7456]
[-0.582 ,-0.8192,-2.2294, 1.6742,-1.6937,-2.352 ,-1.3676, 3.0864, 1.6114,-2.3791,-1.21  ,-2.3534,-1.1561, 0.6147, 2.9233,-3.0584, 2.651 , 0.9336, 2.9749, 0.5307, 1.5378, 1.4097,-0.3192]
[ 2.6544, 5.4759,-4.7592,-2.9262,-0.7355,-1.0134, 0.0333,-2.5249, 0.3959, 2.6552,-0.3616, 3.087 , 0.1889, 1.0471, 0.9111, 2.5124,-1.6522, 0.3136, 1.3934,-1.8661,-1.4858,-1.7032,-0.7258]
[ 2.367 ,-1.3415, 0.7899, 1.6306, 2.2981, 2.3634, 1.5548, 2.1365, 1.5843, 0.3408, 2.6892,-2.6698,-0.7117, 0.5794,-1.4464, 2.0375, 1.053 ,-2.2714, 2.1492, 1.7555,-1.0326, 0.3674, 1.437 ]
[ 1.9046,-3.8902,-1.0757,-2.3196, 0.9674,-1.2856,-1.1473, 2.9204, 3.0364,-2.6019, 1.315 ,-0.8932, 2.9885,-1.3584,-1.1269, 2.0263,-0.6139,-2.7527, 0.4006,-2.1195, 2.8715, 2.5823,-2.1034]
[-0.1392, 1.1408, 2.047 , 2.4462, 0.1864, 0.2075,-0.2137, 2.0366, 3.0531,-1.204 , 0.6297,-0.6282,-1.3702,-0.1249, 1.1201, 1.0699, 0.7776,-3.1325,-0.0873, 0.1498, 1.9183,-2.5996, 1.6472]
[ 1.1405, 5.167 ,-2.8272,-0.1504,-0.9115,-2.7685, 2.7095,-1.546 , 1.7476, 0.3115, 1.5239,-2.6372, 1.717 ,-0.8736,-0.1552,-0.9826,-0.7569, 1.5509,-1.7028, 3.0762,-2.4534,-0.7309,-0.9954]
[ 1.9258, 4.4164, 0.1459,-2.3909,-2.8912,-2.3671,-0.2622, 0.0256,-1.5878, 2.5627,-3.0177, 2.6157, 0.2323, 0.0528, 1.9123, 2.3294,-1.1498, 1.4024, 0.641 ,-2.4785, 1.7715,-3.1071, 0.5995]
[-2.5039e-01, 8.2175e-01,-4.7882e+00,-1.6043e+00, 2.5894e+00, 1.1069e+00, 4.1819e-01,-1.8159e+00, 2.8621e+00, 1.6293e+00, 5.1233e-02,-2.2227e-03,-2.7299e+00,-1.2311e+00,-2.1705e+00,-2.1384e+00, 1.9555e+00,-2.2101e+00,-2.5266e+00, 1.3385e-01, 2.5364e+00,-9.5710e-01,-5.1087e-01]
[ 1.1495,-3.8829, 4.0366, 1.1596,-0.9548,-1.658 , 1.3224, 1.0471,-0.6897,-2.9545,-1.1389,-1.5188, 2.557 ,-1.2478,-3.0364, 0.2932,-0.955 ,-3.0953, 1.4123, 2.5532,-2.4443, 2.7352, 3.0381]
[-2.7671,-4.9125,-4.5125,-0.2954, 0.2788,-0.5242, 2.8623,-0.6071,-0.8565, 1.1142, 1.6719, 2.9918,-1.2697, 2.5843, 1.7991, 0.7015, 0.3681, 1.9166, 2.9363,-1.4942, 0.4255,-3.0734,-0.6692]
[ 4.9967,-3.4852, 1.2118,-2.9917,-1.9031,-1.6547,-2.7443,-2.0582, 3.0443, 2.2728,-0.4373, 1.229 , 1.6423,-0.7791,-2.6367,-2.7202,-1.5698,-2.4403,-2.164 , 1.2095,-0.7881,-1.1362, 2.6028]
[ 0.2234,-2.6926,-4.9795, 1.2129, 0.5754,-1.5221, 2.1542,-1.4782,-1.5366, 0.7431,-0.079 ,-1.8116, 0.4264,-1.9192, 2.2194,-0.6409, 2.4279,-0.5075,-2.8958, 1.4365, 0.8179,-0.049 ,-2.0383]
[-4.1819e+00, 4.7595e+00, 1.7658e+00, 4.6515e-01,-9.5154e-01, 3.1455e-01,-1.7813e+00,-8.6891e-02, 2.6482e+00,-1.4662e+00, 9.3978e-01,-4.4777e-01,-1.3059e-01,-1.3188e-01,-2.7195e+00,-2.8042e+00, 2.2501e+00,-2.7762e-03,-2.4414e+00, 1.3470e+00,-2.8565e+00,-1.6385e+00, 2.0096e+00]
[-5.3715, 2.5876, 0.2163, 0.7581,-1.7272, 0.8672,-2.4187, 2.9471,-1.0609, 2.1097, 1.7326,-1.5894,-1.4961,-1.5456, 2.5127,-0.5464,-0.7339,-0.9249, 2.5032, 1.71  ,-1.778 ,-1.8011,-0.7486]
[ 4.895 , 3.6658,-2.4178, 2.5448, 3.0029,-0.4883, 0.3178,-2.8658,-2.0533,-2.9896, 1.8186, 0.642 , 2.6158,-1.3627, 2.6102, 2.2778,-2.6204,-3.0778, 0.7223, 1.5006, 1.7139,-3.0475, 1.2046]
[ 3.7205, 4.7195, 1.7099,-0.6312,-2.4292, 2.6886, 1.8118, 2.0043, 0.4199,-1.8356, 1.6851,-1.8611,-1.7268, 2.7632,-0.6409, 2.5673,-2.0797, 1.4957,-1.9494,-1.7329, 3.0273, 0.2228,-3.0908]
[-0.6664, 1.5956,-3.5289, 1.8699,-2.5712, 0.1728,-1.188 ,-0.9887, 0.0763,-0.6647, 1.3107,-0.1056,-1.7984, 2.5759, 2.7887, 0.5743, 0.4879,-0.045 ,-2.6421,-0.5658, 1.932 ,-1.1614,-1.2448]
[-4.0417, 0.7933,-3.1887, 1.4061,-0.4365,-0.6948, 0.3803,-3.0995,-2.2661, 1.3318,-2.6246,-0.592 , 0.3552,-2.8277, 2.2204, 1.6206,-0.3497,-0.0868, 1.6282,-2.6656,-0.9756, 2.1611,-1.3861]
[-1.2579, 0.1718,-3.1079,-1.0037, 2.122 , 2.3092,-3.0507, 1.7347, 0.3893, 3.0275,-2.1177, 1.2014, 1.1666, 1.6508,-1.3547,-0.0431, 2.4541, 2.8863,-1.0418, 1.8919,-0.845 ,-3.1189,-1.2324]
[ 4.8289, 0.8612, 1.7377, 0.365 ,-1.8129, 2.5567,-1.3321, 2.8123,-1.0812, 2.9295,-1.7834,-0.6192, 0.8502,-1.0299, 2.6464, 2.9139, 0.9153,-3.0821,-2.9213, 2.7247,-1.5496, 2.7625,-0.5606]
[ 4.5332, 3.5188,-5.3488, 1.0954, 1.8902, 0.9639,-1.9009, 0.9025,-0.7963, 1.7774, 2.0488, 1.4797,-0.4129,-2.0818, 1.7248, 0.1988, 2.4459,-1.723 ,-1.3798, 0.4616,-0.5641, 1.6513, 1.074 ]
[-4.3534,-0.2672,-0.9372, 2.9426, 1.9198,-2.8759,-1.4189,-0.095 , 2.3631, 2.2785, 2.6545, 1.8616, 1.5332, 0.4971, 0.0551, 0.8277,-2.1808,-1.6495, 1.5679,-2.606 ,-2.9274, 0.3667,-2.3058]
[ 5.455 , 5.3383,-2.3907,-2.8443, 1.8609, 0.9141,-0.2307,-2.9017,-2.3799,-1.9939,-0.8379,-0.7587,-0.3228, 1.7814, 1.0814, 2.0643, 3.053 ,-0.4775, 0.5836,-1.6956, 1.5973,-2.8606,-0.8044]
[-2.4198,-2.232 ,-3.8314,-2.2211,-1.1477, 0.8559,-0.3437,-1.4329,-0.9034, 3.0706,-2.18  , 0.7326,-0.3492, 1.7638,-0.4817,-0.401 ,-1.3322,-2.248 , 1.2887, 0.149 , 3.0364, 1.7281,-0.9172]
[ 2.6159, 1.1147, 2.5521,-1.2766,-1.2616,-2.9194, 2.4536, 0.5216, 0.3455, 2.3411,-2.8684,-0.1064,-0.3893,-2.1964, 0.8448, 0.8016, 1.5749,-0.8135, 3.1262,-1.8838,-2.7484,-3.1212, 2.6757]
[-1.156 , 0.7196,-3.6614, 0.6996,-1.2271,-0.7367, 0.7556,-0.111 , 2.3577,-2.9933,-1.9093,-2.1816, 0.9641, 2.9385,-0.7612, 2.0552,-1.4896, 1.5983,-2.7933,-0.3838, 3.1145,-1.4736,-0.9569]
[ 1.0078, 0.2466,-5.345 , 1.9977, 1.7473, 1.4001,-0.4238, 2.5032, 1.3759, 2.1112, 2.8725, 1.3012, 0.2009,-1.2064, 1.6856, 2.6385, 2.9391,-1.0689,-2.7037, 3.0916, 2.3576,-0.2013, 2.7763]
[ 3.0149, 5.3158,-3.5721,-2.268 ,-2.3542,-2.9755, 2.4594,-1.6264,-1.3634, 2.0452, 2.6293, 1.3573, 2.169 ,-2.2344, 1.7471,-0.5612,-2.7221,-1.5185,-2.5167, 2.8897,-1.38  ,-0.6538, 0.4043]
[ 5.3603, 0.6648,-0.7332, 2.8598, 1.4898,-0.3429,-0.4345, 0.4848, 1.6811,-1.7679,-3.11  ,-0.4117,-0.5244,-1.7408, 1.6682,-1.4831,-2.6705,-2.3353, 1.4096, 2.0888, 0.8863,-2.5518,-1.75  ]
[ 1.0326, 1.8911, 1.9153,-2.3073,-2.5269,-1.3332, 0.1862, 2.1513, 2.6795,-0.4517,-2.7646,-2.8137,-0.3828, 2.567 ,-2.2005, 1.447 ,-0.6394,-1.891 ,-2.1814,-2.2793,-3.0181,-0.7379,-1.9042]
[-0.5914,-4.3132,-4.6253,-2.4959,-0.8335, 2.8755,-0.8321,-0.6357, 0.459 , 2.379 ,-1.3352, 2.6691,-2.0451, 2.3467, 2.8781, 1.0453,-3.1293, 0.2986,-2.8218, 2.9319, 2.1219, 0.0533, 1.6009]
[ 3.441 ,-5.3779, 0.4195,-1.9279,-2.2208, 1.5006,-0.976 ,-0.901 ,-1.4211, 3.0145,-2.7854,-2.4447, 0.1312, 2.8069,-1.2576,-0.6185,-0.853 , 1.4367, 2.0559, 0.8718, 0.913 , 2.9909, 0.287 ]
[-0.0928,-4.7961,-0.3781,-1.2311,-0.7564, 0.8319, 2.4815, 0.0314, 1.9413,-3.0256, 0.817 ,-0.3105, 2.9066, 2.0061, 1.6377, 1.454 ,-1.8651,-0.0519, 3.0526, 2.9801, 2.0549, 1.608 , 1.4433]
[ 0.7606,-0.4031, 2.1711, 2.3179, 2.0729, 2.0906, 1.0859, 1.206 , 2.518 , 0.2969, 2.2688,-0.6632,-2.942 , 1.8481, 1.5925,-0.0043,-0.9943, 1.5996, 2.2454, 2.8502, 1.0502, 0.5599,-0.524 ]
[-2.5862, 5.1352, 2.3155, 0.5206, 2.1652, 1.2294,-1.7037,-1.9528,-2.1013,-1.4606, 0.0601,-1.6269,-1.3956, 0.1618,-2.8609,-1.6727,-0.8658,-0.6205,-0.6239,-0.689 ,-2.1734,-1.1302, 0.9299]
[ 0.4315,-4.9966,-2.942 ,-2.2414, 1.5145,-0.8148, 2.5294,-0.1232,-1.5418, 2.7282, 1.3574, 0.2431, 1.1177,-0.7299,-1.0055,-0.6654, 2.5654, 1.6898, 0.9012,-0.8914, 1.5057, 1.9804, 1.8052]
[-5.3032,-0.0217, 1.3967,-0.9787,-1.6713,-1.9165, 1.4376, 2.2747, 1.3642, 2.96  ,-0.1044,-0.6483, 1.1266, 0.8824, 2.5186,-1.9568, 1.4632,-0.3615, 0.8973,-3.1275,-0.5212, 3.0635, 2.514 ]
[-0.8252,-2.0249,-3.7465, 1.1002, 2.7745,-1.4412, 0.5624, 1.6447, 2.6036,-2.286 ,-0.185 ,-1.9253, 0.0687, 1.0671, 1.9069, 1.7777,-2.1586,-1.4255,-2.3506, 1.4402,-1.7516,-1.501 , 2.5304]
[ 1.5746, 2.8934,-2.1886, 1.4618, 2.1955,-0.151 ,-2.9045, 2.784 ,-0.6131,-2.9702, 2.0528, 0.7119,-0.7535, 0.1267,-2.1492, 2.2876, 2.3107,-0.2234,-2.2518, 1.5372,-2.7402, 2.8723,-0.3418]
[ 4.8771,-1.6244,-1.4606, 0.692 , 0.2894,-1.2669,-1.459 ,-1.9417,-2.3268, 0.0876, 2.6792, 2.3622, 1.9249,-0.5308,-0.7755, 0.1231,-1.1092, 2.9595,-0.0586, 2.5491,-0.84  , 2.3683,-0.1379]
[-2.6259e+00,-1.1398e+00,-2.6294e+00,-2.9498e+00,-1.7429e-03, 2.4562e+00, 9.3548e-01,-2.8550e+00, 1.3324e-01, 2.8976e+00,-2.8664e+00, 2.0622e+00, 2.3026e+00, 1.9744e+00,-1.4215e+00,-3.9059e-01,-2.4641e+00,-2.1837e+00, 1.6951e+00, 2.9346e+00,-4.4797e-01,-6.0866e-01,-2.2258e+00]
[ 3.3722,-5.3837,-1.3874, 0.9958,-2.3823,-0.4642,-0.2487,-1.0602,-2.3917, 1.86  , 2.418 , 0.472 ,-0.6684,-0.3278,-0.2759, 2.7499,-1.0863, 1.109 , 0.0552, 1.1008, 2.789 , 1.1873, 1.4276]
[-2.3748, 4.0035, 2.9058, 1.694 , 2.1128, 2.1414,-0.5952, 0.2159, 2.6183,-2.9991,-2.5396, 2.4404,-0.2629, 2.3379,-2.0381, 2.5793,-0.9898,-2.5418, 2.9771,-2.4333, 0.2196, 0.0923,-0.7374]
[ 4.9923,-1.9413, 1.4054,-0.1835,-0.4684,-0.1591, 0.393 ,-1.7221,-0.0207, 0.0396, 0.2621, 1.4606, 1.5468,-0.9151,-1.4275, 1.961 , 0.5692, 2.8614, 1.168 , 0.4156, 2.7991, 1.674 ,-0.2514]
[-2.9048,-0.8717, 0.6112,-2.3962,-1.6739, 1.1316, 2.8538,-0.382 , 2.5351,-0.8539,-2.1147,-2.0944, 0.2791, 2.5522, 0.5931, 0.4164, 2.2967, 1.6585,-1.2642,-1.9935,-1.6076, 0.5561, 3.0627]
[ 0.3737,-1.1328,-3.1717,-1.4415,-0.0264,-2.7089,-2.6764, 2.4668, 2.6763, 2.8149,-3.0186,-0.4198,-1.8013, 2.0589,-2.6319, 1.5291, 0.144 , 1.6778,-0.5886,-2.826 , 1.1488,-2.87  ,-2.212 ]
[-4.3676, 1.385 ,-3.3623, 0.3176,-2.9574, 1.7293, 1.0279, 0.0881, 1.0506, 2.1901, 0.694 ,-1.7611,-0.146 , 2.1252, 2.2308, 3.0766, 2.8265, 2.9025,-2.6449, 0.2817, 2.2035, 1.9459, 1.8899]
[-3.8901,-2.8459,-0.1072, 1.1464, 0.616 , 1.2572,-2.2071,-0.0948, 2.5003, 2.4112, 1.5029,-1.4141,-0.2863, 0.5381, 0.9294, 1.3567, 2.6092, 0.1652, 2.8516, 1.9072, 0.229 , 2.5341,-3.0282]
[-3.4677,-3.902 ,-5.1925,-1.8088,-0.0692, 1.7326,-0.6446, 0.4981, 2.1697,-1.2731,-2.6857, 0.7099,-3.0508,-2.4324, 0.4868, 2.6928, 0.718 ,-1.033 , 0.2428,-0.9121,-1.0618, 2.2605,-1.0586]
[-1.3257, 0.1636, 2.9435,-2.8493,-1.6575,-2.0676, 0.7939, 1.6151, 2.5699,-0.9849,-0.9088,-2.2687,-1.6941, 0.4311, 2.609 , 1.1881,-1.3291, 1.221 ,-0.9057,-0.4397,-0.1813, 0.7781, 2.9243]
[ 2.6179, 1.2246,-0.1378, 1.0713,-0.7916, 0.7399,-2.5438, 0.7823,-0.195 , 0.1303,-2.7349, 2.5165,-2.2391, 0.7226, 2.4297,-2.4756,-0.2298, 0.5762,-2.574 ,-2.6148,-1.2201, 1.7325, 1.6838]
[ 4.5363,-0.9611, 1.9191,-0.0827, 1.9301, 1.4798,-0.3868, 0.8506,-1.2464,-2.0893, 0.8812, 1.3448,-0.0807,-0.0154,-2.5756,-1.8996, 2.8162,-2.0241, 2.2402,-1.8693,-0.3783,-2.8876, 0.7812]
[ 3.4881, 3.4188,-0.1626,-2.5529, 1.7349, 2.2748, 1.7879, 0.9455, 0.5951, 1.004 ,-0.5801, 0.7267, 1.8594,-0.6938, 2.4721, 0.5864, 1.9515,-2.5282, 2.5201,-3.0019,-2.117 , 1.6752, 2.6741]
[-0.3782,-1.6419,-5.0542,-1.4474, 2.0291, 1.994 ,-1.0473,-1.6302,-1.3205, 0.4481,-1.8571, 2.3836,-0.6227,-2.9238, 0.0448, 3.0001, 1.3976,-2.4286, 1.9284,-1.8282,-1.9848, 0.5204,-1.5071]
[-2.5089, 2.6725,-3.8234,-0.707 ,-2.7753,-2.9546,-3.1026, 2.0811, 2.9403,-2.2472, 1.066 , 2.6508, 0.133 , 1.2024,-1.8016, 1.0559, 2.0364,-0.4848,-0.6096,-0.9976, 2.9434, 0.9409,-1.5708]
[-1.6593,-4.2836,-3.3088, 2.7937,-1.3301, 1.4317,-0.9902,-0.0885, 2.1577,-2.0303, 1.9414, 0.0209,-0.0968, 1.172 , 2.5665, 0.1659, 2.3719,-1.1809,-0.8327,-2.7846, 2.5522, 2.809 , 0.078 ]
[-3.5419e+00, 2.8573e+00,-5.3447e+00,-1.6086e+00,-3.1321e+00, 1.6140e+00, 1.2649e+00,-1.6873e+00,-3.1288e-02, 2.1168e+00, 2.4894e+00,-5.5506e-02, 2.6685e+00,-1.4848e+00, 1.3152e+00, 1.3934e-01,-2.2528e+00,-1.4444e+00, 2.4825e+00,-4.4397e-03,-6.7995e-01,-2.3518e+00,-6.2945e-01]
[-0.5389, 4.0251, 2.8755, 2.9051,-0.5892,-1.3646,-0.1366, 0.9112, 2.1057,-3.0955, 1.7154,-2.1275,-1.0001, 0.9874, 0.9279,-0.3182, 2.2247, 1.9605,-1.8041,-1.0508,-2.2221, 3.0051,-2.9716]
[ 0.8065,-4.5622,-1.7481, 1.3427, 2.2545, 0.397 ,-2.3626,-1.1093, 1.0966,-0.5268, 2.1126,-2.0097, 2.0255, 0.5887,-2.8752,-2.6588,-0.6032, 2.616 , 2.881 , 2.5728,-2.1545,-0.6172,-0.298 ]
[ 1.1493, 4.6924, 0.9098,-2.9676,-0.0336, 1.3989,-1.0891, 2.216 ,-1.2002, 0.142 ,-2.5117, 1.568 ,-1.7205, 1.8383,-0.1112, 1.932 , 0.4731, 0.9172, 2.0633, 0.2923, 0.1018, 2.6752,-2.8346]
