[ 5.1963, 3.4752,-2.0649, 0.186 ,-2.9785,-0.2036, 1.7495, 1.7901, 0.4659,-1.5902, 2.3474, 2.949 ,-1.0814, 1.3503,-1.731 ,-2.9353,-1.5592,-2.7403]
[-2.8236, 1.1644,-1.0065, 0.3982, 0.3743, 2.1034, 3.0263,-0.4555,-1.2719,-0.9938, 0.3016,-1.3526, 1.0032,-0.7455, 2.3294, 0.2558,-1.8563, 0.2002]
[ 0.0676,-0.5149, 1.5638,-2.9055, 1.622 , 0.521 ,-2.0017,-0.1592,-0.4767, 2.3545,-0.0485, 2.26  , 1.8464, 1.7874, 0.7485, 0.1943, 0.2542,-2.6045]
[ 5.4221,-4.4492,-0.8828, 2.7209, 1.942 ,-3.0885, 0.3532,-2.2586,-3.027 , 2.256 , 0.8446,-2.1461,-0.954 , 0.9103,-1.686 ,-2.6329, 1.0037,-2.4788]
[ 4.5731,-2.4752, 4.9018, 1.6428,-2.4327,-2.2541,-1.6738, 1.4351, 1.1497,-2.7794,-2.2471,-0.3766, 1.6587, 0.5397,-1.8161, 0.4448, 1.8357, 2.2721]
[-0.0116,-2.9943,-0.4115,-2.7033,-0.1601, 1.209 , 2.4349, 1.7306,-0.287 ,-0.3493, 2.221 ,-2.0492,-2.724 , 2.8441, 0.6525, 2.6686,-2.6087, 0.4429]
[-4.2117, 0.4633, 0.5033, 1.5527, 2.3873,-0.8101, 1.7551, 0.976 , 0.4864, 1.6141, 2.4047,-2.8995, 2.4469,-0.5612,-1.4634, 1.5757,-0.0715, 0.7568]
[-5.2443,-1.0329, 4.7333,-2.6063,-1.3976,-1.6018,-2.5432,-0.9569, 0.3427,-1.9652,-1.0734, 0.8776, 2.606 , 0.2034, 1.8391, 0.4678, 2.73  , 0.3379]
[-1.5295e+00, 2.6666e+00,-1.6227e+00, 2.4674e+00, 7.2390e-01, 3.0155e+00, 1.1020e+00, 3.1367e+00,-1.3206e-01,-1.3578e+00,-3.5109e-05,-2.7191e+00, 2.0821e+00,-2.0780e+00,-1.7558e-01, 2.6178e+00, 3.5682e-01, 2.2411e+00]
[-2.4469, 1.9963, 4.7226,-0.137 ,-1.0202, 0.0275,-1.1629, 1.667 , 1.4885,-0.7486, 2.0498,-2.5923, 1.0278, 0.0755,-0.6679,-0.1564,-3.0694,-1.6014]
[-3.9379, 0.872 , 5.305 ,-1.6395, 0.7923,-0.4648,-2.7318, 0.9061,-2.7855,-0.4169,-1.0721, 2.265 , 1.874 ,-0.1547,-2.7631,-0.6748, 2.7023,-1.3443]
[-2.487 , 1.1987, 0.4093,-0.8742, 2.641 ,-2.0598,-1.5183,-1.8233,-0.419 ,-1.4594,-1.5792, 1.3018, 2.2525, 1.6107, 1.7743,-1.8576,-1.7669, 0.4558]
[-4.8734, 4.7547,-1.6497, 0.0738,-1.7792,-0.8608,-1.0959,-1.0139, 2.4999, 1.7553, 1.7392, 0.6986, 0.0932,-1.0021,-1.7474, 1.1457, 0.9986, 0.4898]
[ 3.4939, 0.9118,-0.4936,-1.3549,-0.2492, 2.2411,-2.9838, 1.9523, 0.6478,-1.378 , 2.8884, 2.6942,-0.2299, 1.4712, 1.2016, 2.2681, 0.8498,-1.0797]
[-3.2708, 4.9182, 1.0113, 1.1599,-1.5428,-1.2523,-0.3164,-2.4816,-1.0342, 1.1596, 0.6383,-2.996 ,-0.2445, 0.9655, 3.0449,-1.6022,-0.9585,-0.2028]
[-4.924 , 3.3815,-0.5153,-0.8846, 2.3485,-2.1305,-3.0102, 1.6246,-0.3269,-0.9093, 1.2994, 2.2673,-2.8299,-1.236 ,-0.3736, 1.2662, 2.0819, 0.6107]
[ 0.4243, 4.2269,-0.6062,-0.97  ,-1.7005, 2.9188,-0.4497,-0.1468, 1.9686, 1.4094, 0.3762,-2.6131,-0.7754, 1.4301,-0.3982, 0.2855,-2.4261, 2.1431]
[ 5.3772, 4.6704,-0.0166,-2.6571, 2.8135,-1.0307, 1.8113, 2.794 , 1.4424,-1.4072, 0.7711, 0.2486, 0.0652, 0.2873,-2.6997, 2.7345, 0.2205,-2.0442]
[ 2.7248, 3.9276, 4.2327,-2.2505,-1.5886, 0.1718, 1.4532,-2.6628,-2.7513, 1.0464,-1.4498,-0.1971,-0.912 , 1.7753,-1.5702,-0.7825,-2.8778, 2.8205]
[ 1.7784,-2.7602, 2.7887, 0.201 ,-0.2684,-2.4356, 2.0601,-2.0905,-3.1349, 0.7662, 2.5246,-2.9705, 0.837 ,-1.0858, 2.0612, 3.1003, 0.9846,-2.6864]
[ 2.9808, 5.2871,-2.4535, 1.9733, 2.0121, 2.4275,-1.6618,-0.5857,-1.7171,-2.7315, 3.0372, 0.2175,-2.7424,-0.7244, 1.8111,-2.6929, 0.3542, 0.294 ]
[-1.0962,-1.4072,-1.8636,-0.5274, 0.1489, 0.7196, 1.7159, 0.9826, 3.015 ,-0.7261, 0.7262, 2.5725,-0.1267, 2.478 ,-0.0925,-1.535 , 0.729 ,-2.2413]
[-0.6743,-4.9442, 0.0572,-1.2908,-2.5637, 0.7751,-0.934 ,-0.064 , 1.7845, 0.3142,-0.9578, 1.4038,-2.9704, 2.166 ,-1.2786, 2.066 , 0.789 , 3.1088]
[-1.0096,-3.4385,-3.2344, 1.8888, 1.8995, 0.9782,-1.4979,-1.3579,-1.9892, 0.5359, 2.6527,-2.8073,-2.5234, 1.7852, 0.6929,-1.4639, 0.3067,-0.4185]
[ 2.7831, 2.3712,-4.034 , 0.2205,-1.0512,-0.849 ,-0.8157, 0.387 ,-0.308 ,-0.7381,-1.6795,-0.7598,-2.5874, 0.3597, 0.1346, 2.8727, 1.485 ,-1.311 ]
[-4.5364,-3.0882,-1.3086,-2.1192, 2.0239,-2.0132,-3.0911,-2.3124, 0.4876,-1.4706,-1.2197, 2.4776, 2.2661,-1.0632,-1.8855, 2.2743,-2.5277,-0.4947]
[-2.5177, 0.5381, 4.3175,-1.4373,-0.2797, 0.4486, 2.3217,-0.9719, 0.3859, 0.5267,-1.8882, 3.0138,-2.4093, 0.8506,-2.5004, 1.2255,-2.3856,-1.1841]
[ 2.4507,-0.4717, 4.102 , 0.276 , 2.1984, 2.5902, 2.5719,-1.9479, 1.5299,-3.0539,-0.6955, 1.133 , 2.2148,-1.582 ,-2.7234,-2.5223, 1.7899,-2.7967]
[ 1.012 ,-0.0496,-0.6109,-0.7158,-1.6647, 2.7139,-1.8145,-1.5133, 1.1297, 2.3922, 0.232 ,-3.0212,-3.0452, 3.112 ,-3.0576, 0.8811,-1.6328,-0.7092]
[ 3.2344, 4.4378, 1.5245,-0.1461, 2.2469,-0.8524,-0.4774, 2.2326,-3.0941,-2.8468,-2.6191,-3.0913,-1.7292, 1.4812, 0.5208, 1.1634, 0.822 , 0.2699]
[ 2.2007,-1.3393,-1.8253,-3.0951, 0.1282, 2.3746,-1.3441,-1.2637,-2.36  , 1.5566, 2.4977,-0.5278,-3.0259,-0.3647, 2.1589, 1.285 ,-2.8934, 2.1608]
[ 2.5347,-5.2302,-0.8822,-1.238 , 2.5035,-0.4944,-2.3921,-3.103 ,-1.31  ,-1.2133, 0.6697,-0.4054,-1.2295, 0.2424, 2.9023, 0.6234, 1.1203,-0.3671]
[ 4.4393, 1.067 ,-4.6344, 2.1996, 2.9225,-1.4984,-0.1456,-2.1856,-0.9441,-1.5726, 2.3247, 1.6662, 2.9423, 2.1023, 0.0048,-2.5212,-1.1054,-1.6758]
[ 1.1612, 1.7658, 1.516 , 2.1375,-0.32  , 2.3142, 0.4211, 2.4273, 2.2055,-2.6375, 1.264 , 2.5018, 0.0653, 1.0412,-2.2869, 1.5805, 2.4101, 2.9212]
[-1.4238, 4.1459,-4.1079,-0.0989,-0.5297,-1.7848,-2.8661, 0.2832, 1.4653, 1.1561, 2.7252,-0.2528, 2.126 ,-1.3813,-0.6887, 0.442 , 0.5119, 0.7077]
[ 1.5394, 2.7987,-2.7164,-0.8444,-2.3441,-1.8787,-3.1228,-2.087 ,-2.6654, 0.4828,-2.497 ,-1.2368, 1.982 , 1.021 , 1.094 , 1.0715, 2.8125, 0.1299]
[ 4.0058, 4.3888, 4.6688,-1.6392, 1.2345, 0.1156, 0.419 , 1.5485,-1.0197,-1.7605,-1.7614, 1.5062,-0.1898, 2.1274, 1.9883,-1.3502, 2.9107, 2.3028]
[ 2.7112, 3.0796,-3.3492, 1.0319,-1.6354,-0.1856, 1.5199, 0.3112,-1.3508, 2.9132, 2.5386, 1.205 ,-2.5563, 3.0598,-2.984 , 0.3478,-1.3101, 0.3638]
[ 4.5875,-4.3986,-3.6882, 0.8971,-2.7769,-1.4754,-1.9302, 1.0771,-1.7639,-2.4677, 1.5491, 1.3735, 2.3533, 1.4896, 0.6297,-0.4189,-0.9917, 1.1607]
[-0.8882, 4.3015, 2.5841, 2.6995, 0.4643, 1.9138,-2.8668,-1.877 ,-0.4578, 0.3068, 2.9488,-3.0676,-1.9275, 3.0014, 1.1719, 2.6855, 1.2159, 0.781 ]
[-0.7487,-5.4269,-5.3155,-1.1042, 1.5426, 2.9334,-0.0227,-0.665 , 0.3142,-2.3639,-2.249 , 1.5489,-2.2199,-0.6337, 1.998 , 0.3212,-0.175 , 2.3766]
[-4.1191,-1.1566, 4.2372,-0.5429, 0.5432, 0.1158, 1.9374,-0.3764, 2.0067,-1.8848, 2.9769,-1.5256, 0.3345, 2.9181, 0.8494, 1.458 ,-1.1409, 2.4653]
[-0.7633,-3.4761,-3.2321,-1.9597, 2.6913,-3.0144, 1.2401,-1.8973, 0.539 ,-0.4243,-0.5222,-1.6984, 0.8847,-0.9207, 0.2397, 0.2251,-2.223 ,-2.5423]
[-4.6169, 0.1656,-2.6912,-2.0295, 1.4568,-0.1405, 3.1204,-1.9297,-2.1353, 2.1324,-2.4074, 2.4207, 0.7833,-0.7427,-2.2938, 2.369 ,-3.0278, 1.4057]
[ 3.0447,-2.6165,-1.8052,-1.513 ,-1.5206, 1.8915,-1.6591,-2.2134, 3.0029, 2.7248, 1.8384, 2.5609, 0.8715, 0.8552,-2.4598,-0.0071,-2.4114, 0.9867]
[-0.7381, 2.6862, 2.007 ,-2.9065,-2.1679, 1.5811, 1.0722, 0.1287,-0.2196, 2.3877, 1.4898, 1.7203,-1.6567, 0.2969, 1.5911,-1.0205, 2.96  ,-0.8285]
[-2.7605,-5.0359,-3.6865, 1.7201, 0.9131,-1.5368, 0.5611, 0.564 ,-2.9526,-2.663 ,-0.2627,-1.8095,-0.2624,-2.5108, 0.6194, 2.3182, 1.0174,-1.3955]
[-3.8195, 1.0852, 4.9008, 2.3675, 2.0767,-1.8942, 2.2735,-0.9335, 2.5875, 1.2254,-2.4851, 2.6977,-2.7019,-3.1245, 1.4596,-0.6616,-2.342 , 1.0919]
[ 2.9283, 3.7659,-3.5135, 0.433 , 1.062 , 0.3322, 2.3705, 2.6676,-0.7428, 1.2828,-0.1301,-0.9099, 0.7619,-0.3378,-2.3514,-2.0897,-1.8473, 0.6618]
[-3.3512, 4.8335, 3.4255, 1.1402, 0.4636,-0.6686, 1.4396,-1.5166,-2.9888,-2.6859,-0.1162, 0.8538, 1.4006,-2.9463,-2.4655,-0.7753,-1.9225,-2.1785]
[ 3.327 , 2.9379, 0.2875,-2.0113,-0.02  , 0.4622, 2.1701,-1.2725, 2.4954, 0.3712, 0.7013,-2.2795, 1.4749, 1.3353, 0.7262,-0.2953, 1.7928, 1.3479]
[ 3.9895, 3.3105,-5.1277,-0.6801,-1.0254, 1.5771, 0.9448,-1.2673,-0.5451, 2.4175,-0.6181, 2.6368, 2.6997, 1.4356,-2.6258,-0.6087,-2.8169,-2.4697]
[-2.1691,-0.0306, 0.3825, 0.2333,-0.804 , 2.7792, 0.8958, 2.1234,-2.8632, 2.3009,-2.4083,-2.6234, 2.6829,-1.2079,-1.3404, 2.3923, 1.9735,-1.4576]
[ 4.0427, 4.8545,-0.5409, 0.2556, 1.4434, 1.5267, 1.4474, 2.2201,-1.257 , 2.1545, 2.2878, 2.9555, 1.5907,-1.3527,-0.5269,-2.453 ,-0.3327,-2.7647]
[ 3.1858, 1.2673, 2.6921,-1.9799,-2.3798,-2.446 ,-1.5695, 0.5989, 0.8253, 2.3133, 2.0613,-0.1148, 0.585 ,-0.3618, 2.0135,-2.4624,-1.6314, 2.6698]
[ 0.9515, 2.69  ,-3.1409,-2.8006, 0.6111,-1.7559,-1.4976, 1.6591, 1.5319, 0.7011,-1.0776, 2.0913,-1.7743, 1.4216, 2.0106, 3.0548, 2.7545,-2.967 ]
[ 4.9142,-3.2453,-2.7405, 1.2363, 0.2186, 2.5768, 1.6175,-0.1887,-0.6134,-0.0352,-2.8452,-1.3598,-0.3836, 0.3165, 0.8918,-0.7087, 0.574 , 2.6395]
[ 5.397 , 0.4761, 4.4305, 0.2087, 2.8977,-2.6995,-2.4377, 0.3633,-1.4623, 0.3226, 1.346 ,-1.9268,-1.8823, 2.0735, 0.0769, 1.9473, 0.4562,-1.9835]
[ 5.0047, 3.1478,-5.4333, 1.2168, 1.2604, 1.7784,-2.2729,-1.2139, 1.3506,-0.4671, 2.2744,-2.414 ,-1.1124,-1.3612, 2.1284, 2.089 , 0.1722, 2.2892]
[-3.5331,-2.8845, 0.8638, 2.4388, 0.5698,-0.3638, 0.9936,-2.1959,-2.3622, 0.4999,-2.312 , 3.0908,-0.1724, 3.0532, 0.622 ,-0.3226,-1.2559,-0.2958]
[ 4.1887,-4.1408,-1.772 , 1.5811, 2.3787,-2.4979,-1.0343, 2.8374, 2.5918,-2.2619, 2.0755,-2.6799, 2.4093, 0.7583,-0.5285,-1.1413,-2.1102,-1.7678]
[ 4.7119,-2.0524, 1.5208,-1.4373,-2.0933, 2.8157, 1.6272,-3.0318, 2.5391,-0.9655, 2.8232, 0.8398,-1.5806, 1.348 ,-0.6275, 0.2749, 0.9353,-0.0658]
[ 3.2201, 0.237 , 4.4608, 1.7131,-2.8892,-2.5859, 2.5634,-1.7108, 0.1365, 2.2601, 2.222 ,-1.4856, 0.2235, 0.7326,-1.6691,-0.7869,-0.4084, 0.0502]
[ 0.134 ,-2.1905, 4.8977,-1.6272, 0.9043, 1.2803,-2.2069, 0.7292,-0.7809,-2.148 ,-2.608 ,-0.3525, 2.632 , 0.6186, 2.1729, 0.008 ,-3.107 ,-2.6618]
[-4.0903,-2.248 ,-1.7568,-2.5246,-1.966 ,-1.8022,-1.5108,-2.7475, 2.2941, 1.1383,-0.2567,-0.3401,-0.8314, 0.0518,-0.508 , 0.5864, 2.8207,-2.5454]
[-0.9853, 0.4885,-4.0306,-2.3779,-0.1484, 0.7131, 1.2027, 0.7555, 0.801 , 1.2519, 1.2264,-2.3171, 1.8019, 2.4971, 1.678 ,-1.6207,-2.2061, 0.8837]
[ 3.1451, 2.0719, 1.4845, 0.7021, 2.263 ,-2.1182, 0.697 , 0.9926,-2.4267, 0.4278,-1.3524, 2.3156,-3.1384,-1.8962, 3.0549,-2.4494,-2.2667, 2.3074]
[ 4.2442,-4.0755,-3.3407, 1.491 ,-0.3053, 1.1773,-1.3689,-1.3229,-0.6847, 0.9355,-2.8258,-0.7225,-3.0904,-1.8293,-1.9928, 2.3395, 0.1105,-0.0602]
[ 3.2264, 2.7907,-4.0317,-0.0311, 2.9694,-0.6817,-1.7654, 0.7551, 0.8199,-2.1751,-2.5418,-1.5311,-1.5421,-2.1861, 2.8543,-0.4769,-2.9229,-0.3673]
[-2.8889, 2.8784, 4.0844,-1.4423, 1.4435, 2.209 ,-0.9923,-1.6851, 0.4607, 2.1485, 0.5884,-2.9324, 3.0891,-2.9231,-1.79  , 2.4554, 0.4564,-2.4233]
[ 5.088 ,-2.5287,-0.9551, 1.7334,-1.65  , 0.577 , 1.9855,-2.5063, 0.2948,-2.1456,-1.028 , 1.6552, 1.4255, 2.383 , 0.6924,-0.9001, 2.5705,-1.3044]
[-5.4026, 1.9858, 3.2356, 0.4363,-1.6512, 0.5123, 2.0635, 1.4281, 2.2557, 0.7649,-0.2493, 3.1293, 3.0239,-0.997 , 2.625 ,-2.8725,-0.2622,-2.4999]
[ 0.0492, 0.2668, 2.5326, 1.774 ,-0.2869, 2.0652,-0.826 ,-1.4629, 2.7035, 2.4641,-2.1004,-1.8376,-3.09  ,-3.1088,-0.5784, 2.6599,-2.9335, 2.9342]
[-1.2116,-3.3948,-1.6324,-2.0839, 0.4999,-1.3294,-0.6288,-1.4259, 2.4632, 0.2609,-0.8377,-2.8911, 2.0934, 2.697 ,-2.7205,-1.9924,-1.6474,-2.2974]
[-5.1713,-2.6739,-0.81  ,-2.6019,-1.7477, 1.9657, 0.4655,-0.1345,-2.8395, 1.7844,-0.4094, 1.4365,-1.6114,-1.2912,-0.1937,-1.9596, 0.224 , 2.5901]
[-5.1402, 0.7904, 0.7361,-2.1026, 2.0846, 2.3013,-0.552 ,-1.7275, 2.623 , 0.7408,-0.9782, 0.5769, 3.0575,-0.3965,-0.2894, 2.9551, 1.7722, 1.8085]
[-2.6073,-5.3434,-1.4016, 3.0697,-2.3517,-2.6615, 2.6423, 1.6083,-2.5164, 2.3963,-1.6962,-2.1967,-1.8683,-1.1825, 1.0326,-2.0773, 0.1286,-2.2363]
[ 1.3107, 4.7151,-1.1324, 0.7308,-0.0481,-0.4783,-2.5217, 2.7666,-2.8445, 1.297 ,-2.1247,-2.9177, 1.03  ,-0.0108, 1.5102, 0.4231,-1.2739,-2.8806]
[-3.6151,-4.2635, 4.8455, 0.3501, 2.7021, 1.4183, 0.5372, 0.3002,-1.3909,-2.188 , 0.5029, 0.2381, 2.643 , 2.9061,-0.3934, 1.0266,-1.8675, 2.6555]
[ 1.0858, 1.6655, 1.3648, 3.0813, 2.9621,-2.0572, 0.8931,-1.5206, 1.6185,-2.2056,-2.987 , 2.5994,-0.3907, 0.3632,-0.0122, 1.6192, 1.3053, 0.6732]
[ 0.2955, 2.1976,-1.0004,-0.0757, 2.8419, 2.5851,-1.7261, 3.1204, 1.147 ,-1.7442,-1.6499,-1.9842, 2.5059, 0.6755, 0.5383,-1.1871, 1.7474,-1.791 ]
[-1.6902,-5.435 , 2.6136, 0.7102,-1.0423,-0.0177, 0.6743,-0.4185, 1.3319,-0.3927, 0.0904,-1.41  , 0.2622,-0.445 ,-1.4441,-2.7313, 0.3245,-0.746 ]
[ 4.9961,-0.5874,-4.3118, 2.9618,-1.2862, 2.4644, 1.9306, 2.2323, 1.6595, 1.1621, 0.1784, 2.9006,-0.8595, 0.1878,-1.921 , 1.8362, 2.3934,-0.3751]
[-5.3915,-2.5389, 2.5589,-0.4326,-0.5538, 3.1033,-0.5252,-1.1083,-0.5522,-0.5922, 1.4195,-1.3677,-2.2466,-0.8028,-2.5274, 2.5109,-2.4922,-0.6095]
[-1.8432,-2.482 , 3.533 , 1.2428, 0.3481,-2.453 , 0.9933,-1.1034, 1.8783, 0.3517,-2.0159, 0.9178, 1.3124, 3.0513,-1.0295, 3.0018, 0.82  ,-0.8687]
[ 0.5083, 5.2301, 0.0069, 1.1418, 3.1276, 1.2533, 1.1647, 2.259 ,-0.4691,-2.9686, 0.3171,-2.0442,-2.3885, 2.7343,-0.1529,-2.7668, 1.3203, 0.6541]
[-4.8846, 4.4932, 2.7838,-1.8993, 1.1925, 2.4382,-1.0244, 1.9451,-0.6755,-1.0033,-1.3824,-2.5792, 1.9513,-2.4877,-1.3971,-0.1071,-1.4813,-2.5008]
[ 3.8851, 3.5805, 4.7841, 1.4589, 0.32  , 1.489 , 1.3184, 2.9714, 0.5457,-2.002 , 1.3249,-0.3832, 1.9585,-0.0118, 0.3887,-1.4525, 2.7643, 0.1057]
[ 1.0949,-1.223 , 0.8701,-0.0859,-1.6554,-1.2072,-2.8634, 1.8546,-1.5727, 3.02  , 0.1428,-1.7411, 0.5595,-2.6869, 2.6122,-0.4092, 1.7783,-0.1212]
[-5.1371, 4.0127,-1.1919,-1.2844,-0.0655, 2.7083,-3.1204,-3.0576,-0.3491,-1.3049,-2.4653, 1.0593, 3.133 ,-1.2453,-1.8565, 0.2062,-0.1879,-1.3936]
[-1.2152, 2.7874,-2.1529, 3.0325, 2.7487, 1.9836, 2.1081,-0.5276,-2.7503, 1.0017,-2.8557, 2.7937, 1.3927, 0.2349,-0.5527,-2.8853, 1.0243, 1.0262]
[ 1.7845, 1.3084,-0.9354, 0.2621, 0.3513, 2.2856, 1.0399, 1.9279, 2.8927,-0.4971,-2.651 , 2.8331, 2.1091,-0.9546, 1.126 , 1.9983,-1.6931, 2.7835]
[-1.4146,-3.2081,-1.8312,-2.4191, 2.2451,-2.3939,-1.9754, 2.0215, 1.313 , 2.1265, 1.1883, 1.4491, 0.467 , 0.2421,-2.2089, 0.7744, 2.9967,-1.7347]
[-3.7424, 4.8976, 3.5742,-1.8017, 0.7646, 2.4538,-2.8705,-2.6779, 2.0176, 2.5462,-1.9469, 0.5379, 2.2745,-0.8048, 0.2725, 2.391 ,-1.4378,-0.9387]
[-1.0605e+00,-4.6977e+00, 4.6084e+00, 2.9199e+00,-1.9659e+00, 1.3623e+00,-2.7288e+00, 1.4652e-03,-2.1240e+00,-3.1107e+00,-1.7967e+00,-2.0879e+00,-7.5501e-01, 1.0087e-01, 1.6986e+00, 8.8822e-01, 1.5116e+00,-2.5483e+00]
[ 1.0129, 3.1462,-2.1413, 1.1229, 1.9596, 0.8401,-0.034 , 0.6585,-2.3904,-2.0727, 2.3847,-2.2866,-0.3091,-1.5925, 1.7365, 2.0906, 0.313 ,-2.9625]
[ 2.0829,-4.7093, 2.5205, 0.3504,-2.6004, 0.7259,-0.7864,-1.1971, 2.9778,-0.2399,-1.6218,-0.3719, 2.2192, 1.3194, 2.8259, 2.5334,-3.0476,-2.1215]
[-3.8731,-4.9836, 2.0451, 2.3276,-2.2856, 2.5633,-2.1741,-0.2218,-0.6761,-2.0949, 2.6311, 1.6699,-2.0067,-0.3198, 0.3555,-2.513 , 2.0735, 3.0131]
[ 4.5553,-1.3535, 3.2714, 1.2018, 0.2976,-1.5423,-0.0117, 2.8303,-1.1112,-3.0432,-2.2871,-1.3846, 0.0675,-1.064 , 2.7785, 2.687 ,-2.4924,-2.4004]
[-3.8868,-3.9273, 3.9022,-0.5602,-1.8048,-0.6791,-0.0694, 3.1096,-1.1597,-0.8001,-0.7727, 0.9728,-1.0495,-1.6166,-0.093 ,-0.0644,-2.1504, 2.2698]
