[-3.7756, 1.1655, 0.9087,-0.8022,-0.5394,-2.0944,-0.8691,-0.3687, 1.5132, 0.1277,-2.0712,-1.6912,-2.235 , 3.0697,-0.5795,-0.7916,-2.7397,-0.3682, 1.3082,-1.8844, 0.4057]
[ 2.451 , 4.4783,-2.3307,-0.4546,-3.0212,-2.7029, 2.5546, 0.6657, 0.1558,-1.7121, 2.4833, 2.2555,-1.7627,-0.4834, 1.8819, 0.4163,-1.8727,-2.0767, 1.2157, 2.863 ,-1.2738]
[ 2.7393,-2.048 , 1.1298, 1.4965, 0.7953, 0.8446, 1.2561, 1.6594, 2.1409,-0.2059, 2.33  , 1.6312, 1.7747, 0.1884, 1.3497, 2.851 ,-1.8095,-2.6737,-2.019 ,-2.7864, 1.0569]
[ 1.1926,-3.0982,-2.2385,-0.7407,-1.5636,-1.6977, 1.2401,-2.0696, 1.4357, 0.6329, 0.9865,-2.8935,-2.2153,-1.9132, 0.4486, 1.5736, 2.9206,-1.0167,-0.2468,-1.875 , 0.2971]
[-0.3418,-2.6928,-1.674 , 0.9556,-0.0321,-1.6779,-0.857 , 1.9852,-2.3668, 0.4372, 0.0656,-0.8713, 1.2773, 0.2436, 2.2191, 1.727 ,-2.8889,-3.0014,-1.1961, 2.938 ,-0.8528]
[-0.1317,-4.5632,-4.2754, 0.4974, 2.1287, 1.6912,-2.7199,-2.5936,-0.047 , 1.3553, 2.1949,-2.646 , 1.479 ,-0.2824,-0.9101, 1.2522, 2.3075, 0.4583, 0.8716, 3.1287, 1.5276]
[ 4.9476,-2.3972,-4.0499, 0.2991, 1.4371,-2.2247, 0.9893,-3.0626, 2.2853, 0.2355, 0.3167, 0.1732,-0.3868,-1.8215,-1.0266, 1.3779, 1.3655,-3.118 ,-1.6895,-0.2894, 1.9296]
[ 0.7374,-2.8596, 2.7584,-0.2337,-1.5464,-0.9644, 1.3468,-1.968 ,-1.8281, 0.3038,-2.1217, 2.9659,-3.0944,-2.451 ,-0.5714,-3.0922,-3.1306,-0.8084, 2.0471,-2.1195,-1.4694]
[ 1.0868, 5.0644, 3.2525, 1.4617, 1.5136,-1.3764,-0.7601,-2.0565, 2.8901, 3.1309,-0.5179,-0.2835, 2.5994,-0.5641, 1.7088, 0.7752, 0.7758,-0.4457,-1.3849, 1.8326, 3.0018]
[-2.0589, 3.8427,-0.8501, 2.7063,-1.0167, 2.168 , 0.4645, 2.7853,-0.2872,-0.9945, 0.1895, 1.6001, 1.7646,-1.411 ,-1.7542, 1.5272,-2.6539,-2.395 ,-3.0279, 0.4893,-0.3886]
[-3.7227, 3.5275,-1.4107,-2.6044,-0.9728, 0.3956, 1.9882,-2.6924, 2.6228, 1.8766,-0.3181, 1.7904,-0.0304, 1.8827,-0.9353,-0.6273, 0.3248,-0.052 ,-2.5266,-2.8649,-0.9563]
[ 2.0863, 4.252 ,-2.7421,-1.1904,-1.3798,-1.7702,-2.4031, 0.9733, 3.0326,-2.0374,-0.922 ,-1.6269,-1.4935,-0.2527,-0.9589,-0.6308, 1.6946, 1.6847, 0.3438,-1.0094, 1.7862]
[ 2.48  , 0.4708,-2.1399, 2.4894, 0.348 , 0.6919,-2.4467, 1.956 ,-0.9281, 0.8983,-2.2499, 0.9044, 0.4329, 0.3108,-2.619 , 2.7175, 2.5291,-2.14  , 0.761 ,-0.8817,-0.4595]
[-0.8553, 1.3087, 2.1915,-2.9629,-0.1187,-2.5531, 0.5586, 1.3486, 2.8021,-1.3215, 3.1415, 2.7642, 1.8453,-0.2007, 0.7968,-0.7919,-0.5256,-1.5444, 0.2367, 2.45  ,-2.2871]
[ 2.5009,-2.0832,-0.788 , 1.6459,-0.4417,-2.0842,-2.1621,-0.2042, 2.2406,-1.5849, 2.4293, 2.1405, 0.9191, 1.3185,-1.267 ,-2.8004,-3.1276, 1.746 ,-2.7463,-1.8908, 1.7353]
[ 0.005 ,-0.1668, 2.5459,-0.5703, 1.9071,-1.1372, 0.1645,-2.7524,-0.396 , 2.4371, 2.0559,-1.9314,-1.5634,-1.374 , 0.587 ,-2.4444, 1.6734,-1.8483, 1.5766,-1.7882,-2.0222]
[ 3.2728,-5.2465, 2.5576, 0.7061, 0.4187, 1.0858, 2.7847, 1.7822,-0.9314,-1.889 ,-0.7607, 1.9955, 1.9798, 2.7213,-0.0263,-0.3809, 0.6305, 2.6309,-2.8195,-1.2407,-0.9294]
[-4.0653,-1.3543,-0.5112,-0.6845,-0.2261,-0.9869,-1.9475,-0.967 , 3.1301,-1.2724,-1.332 ,-0.7375,-0.5685,-2.9177, 1.2482,-2.8786,-2.4315,-2.9111,-1.28  ,-1.7456,-1.0914]
[ 2.5182, 1.9078,-0.3452,-1.7091,-1.015 , 2.0271,-1.412 , 2.7252,-1.4844,-2.314 ,-0.1665,-0.4976,-0.0202,-0.4721,-2.1442,-1.7787,-1.8469, 0.2517,-2.0794,-0.6084, 1.8578]
[ 2.202 ,-4.0902,-3.0383, 2.4837,-1.1605, 2.8971,-1.566 ,-0.0372, 1.3171,-1.749 ,-0.381 , 2.9243, 2.8376, 1.808 , 1.9945, 0.1338,-1.5936,-1.2941, 1.5155, 1.0992,-0.7329]
[-3.7635,-1.2456,-3.9839,-1.5246,-0.7926,-2.79  ,-2.2887, 0.0687,-2.1467, 3.0852,-2.5331, 0.8653,-2.0188,-1.9372, 1.7199,-0.0082, 2.5129, 0.5969,-2.5169,-1.6645, 0.5854]
[ 1.2422, 1.9893, 5.014 , 2.1928, 0.6401,-2.8733, 2.0322, 0.0142,-3.1098, 3.0905,-2.181 , 2.8755, 0.2926, 2.5276,-0.2066,-0.124 , 0.4422, 0.334 , 1.1961,-0.3799,-1.262 ]
[-4.4053, 4.6164, 4.7842,-2.3728, 0.1134, 0.5905,-1.1702, 2.5354, 2.0205,-1.1951, 1.2061, 0.0666,-0.6895,-0.6808,-0.9247,-3.0518, 0.1617, 2.0765, 0.6126,-1.3169, 2.9083]
[ 3.6556, 2.0402, 0.9644, 2.2555,-0.273 , 2.8157,-2.0103, 0.0678, 1.9201,-1.1941, 0.3356, 0.4126, 2.8299,-0.309 ,-0.281 , 2.1105, 2.1494,-2.2427, 1.6258,-0.4937,-0.7899]
[ 4.5758, 4.1718,-2.0707, 1.2915,-1.6698,-1.6138,-1.8032, 1.2875, 2.2699, 2.2418, 1.3529, 0.9935, 2.9425, 2.2332, 2.4388,-2.471 ,-2.9084, 0.7687, 2.6673, 0.3209, 2.9354]
[-1.6082, 0.8694,-1.9542, 0.0123, 2.764 , 1.0105, 2.5375, 2.4067,-0.8727, 2.6634,-2.0624,-1.1302, 1.4955,-1.3706, 1.3101,-2.3648,-1.7502,-0.049 ,-0.9422, 0.4144, 2.5184]
[-5.4507,-4.4193,-5.3084, 0.9496,-1.7533, 3.0439, 1.6812, 2.1271, 0.0994,-2.2417,-0.3473,-1.5073,-0.2281,-2.4966,-0.3555,-0.4178,-2.5886, 1.6166,-0.1427,-2.8936,-2.1721]
[ 3.5026,-3.6385, 0.4954, 1.3753,-2.8338,-0.7594, 0.896 , 1.9077,-1.4343,-2.7891, 2.4591, 2.1318, 0.8657, 1.2774, 0.4322, 1.2238,-2.4261, 2.6324, 2.7714, 0.4067, 2.1808]
[ 1.9734,-0.6893, 0.1683, 0.7414, 0.5635,-2.93  ,-1.3334,-1.8145, 0.2472, 1.3045, 1.0246, 0.4865,-2.7294,-2.258 ,-1.1297, 1.071 , 1.2556,-1.9316,-2.7382, 2.4954, 1.5565]
[-1.4042, 5.3269,-4.097 , 2.6199, 0.1724,-0.131 ,-1.9089,-2.2037,-0.011 , 1.6192,-2.7642,-1.0381, 2.8736, 1.8237, 2.6689,-0.8084,-1.2956, 0.0276,-2.153 ,-0.8134, 0.9234]
[ 4.2229,-4.6521,-4.3597, 0.5668, 2.3424,-0.0699, 0.9937, 0.4289,-0.391 ,-0.8678, 1.1475, 2.0924,-1.7018,-0.991 ,-0.4712,-2.7392,-2.7746, 2.2076, 0.5771, 0.847 , 1.8169]
[ 4.2023,-0.232 ,-3.6976, 2.2345,-2.3014, 1.8353, 0.6289,-0.1636, 0.031 ,-1.9038,-2.8595,-1.5873,-2.5057, 2.2666, 1.7206, 1.6713,-0.7431,-1.3227, 3.131 ,-1.1493, 2.9674]
[ 4.2647, 3.4079,-2.2555,-1.634 , 0.1014, 2.5402,-0.3773,-1.523 ,-2.6989,-1.6235, 1.9872, 1.1395,-0.1206, 2.7104, 0.1256, 1.0991,-2.057 ,-2.061 ,-0.1436, 0.2151,-1.1459]
[-1.771 ,-2.8919, 5.2286,-3.0203, 1.0008, 2.6193, 2.2196,-1.0892,-0.6125, 0.5174, 0.5189, 2.0332, 0.8813, 2.9766,-2.478 , 0.925 ,-0.6548,-1.9051,-1.7394,-2.3632, 0.596 ]
[-1.9385,-1.1401,-3.5889,-2.9272,-0.8389,-1.007 ,-1.9426, 2.9632,-0.3301, 0.9002, 2.9624,-1.0249,-0.1666,-1.3669, 1.7787,-0.0485,-1.3419,-1.3507,-1.3808,-1.6591,-2.6148]
[-2.7099,-0.8962,-1.9302, 1.1331, 2.0037,-0.155 ,-0.3155, 1.1131, 0.5425, 1.1277, 1.6809, 2.1077, 2.6656, 2.9895, 1.0367,-1.1249, 2.8421,-2.6738, 1.8405,-0.5759,-0.4588]
[ 2.6649, 1.6379,-2.1598,-0.9245, 3.1281,-2.9   ,-0.5608, 2.7875, 0.6682,-0.025 , 1.0641, 0.3364,-2.9637,-2.4898, 2.2175, 0.2274, 1.7538, 1.9588, 1.318 ,-1.4575,-2.9605]
[-1.8607, 4.8789, 2.4445,-1.4611, 3.0355,-1.1128,-0.5333,-2.355 , 2.853 ,-0.6573,-2.2262,-1.8428,-2.432 , 0.8023, 0.1712, 0.8241,-1.624 , 2.0979, 1.7577, 3.1094,-1.4538]
[ 3.104 ,-3.0131,-0.6922,-1.0371,-1.8941,-2.1529, 0.7822,-1.7668,-0.8161,-0.0374, 2.9753, 2.9621,-1.0287, 2.8084,-0.4333,-2.9678, 1.2905, 0.3576,-2.1549, 2.5322,-1.7408]
[ 1.5581, 1.5951, 1.2952, 0.35  , 1.4775,-0.6584,-0.1842,-2.0312,-0.015 ,-1.1977,-0.2399, 1.6321, 2.4638,-2.5214,-0.2646, 2.9714, 1.7017,-0.5998,-2.7773, 3.1105,-1.1257]
[-2.5379,-0.9143, 2.91  , 0.4944, 1.4117,-2.3944,-2.9155, 1.696 , 0.5071, 0.8341,-0.2827, 2.411 ,-0.5976,-0.5331,-1.5903, 0.1772,-0.7406, 2.458 ,-2.3359,-2.7174, 1.9335]
[ 3.344 , 3.1148,-0.7715,-1.6105,-2.4893,-1.0438,-0.0167,-1.9194,-0.2417,-0.2433,-1.3184, 0.8843, 1.1435, 2.3347, 0.0859, 1.5723, 0.125 ,-2.5517,-0.8196,-0.5408, 0.4503]
[ 2.2499, 4.8762, 0.5855,-2.4052, 0.0092, 0.7661,-2.1687, 0.6981,-0.8346, 0.398 , 0.6275,-2.4044, 1.6062,-2.1036, 0.9824, 1.1789,-1.0426,-2.6621, 1.5264,-1.8628, 0.8767]
[ 1.6262,-5.2743,-5.2079, 2.9063, 0.0908, 1.2276,-1.62  , 1.7762,-2.5552,-3.1314, 2.5391, 1.8051,-1.7423, 1.9227,-1.1503, 2.3897,-3.0058,-2.9909, 1.0037, 2.2015, 2.1201]
[-3.7246, 0.6264, 2.113 , 1.666 , 1.089 , 0.5249, 2.5338, 0.821 , 0.7669, 3.0441, 0.3775, 2.9781, 0.9065, 0.7442,-2.6272,-1.1958,-1.8578, 2.0763, 3.0688,-0.161 ,-1.2188]
[ 1.0572, 3.6651,-1.8292,-1.4931,-2.3475, 2.5219,-0.9242,-1.1985,-2.0556, 0.0052,-1.678 ,-1.0871,-1.6841,-0.6824,-0.2096, 2.9268, 1.5579,-2.9038, 0.5385, 2.6012,-2.6529]
[-1.8032,-1.2099,-1.1825, 3.0319, 1.6197, 1.9825, 0.2597, 0.6984, 2.0917,-2.9927, 3.0221,-2.7087, 2.999 ,-1.7103, 1.2356, 2.6192, 2.0903, 1.4418,-1.9922,-0.2574, 2.1613]
[-3.2207, 4.3213,-2.4079,-2.1946,-2.8249, 2.5398,-2.4976, 2.8006, 1.8227, 0.2037,-1.3254,-0.5149, 1.3254, 0.6936, 1.1786,-2.4331,-2.4933, 2.1738,-3.0026,-2.5276,-1.9898]
[-1.5702, 3.6323,-4.6131, 0.8034, 1.7305,-2.9789, 0.4686,-2.0145,-1.4445, 0.7638,-0.2368,-1.605 ,-2.2093,-2.1163, 2.242 , 0.0256, 0.8119,-2.143 ,-2.8924, 1.4906,-2.4872]
[ 5.3111, 4.5436,-3.4784, 1.561 ,-1.5035,-2.3921,-1.6913, 2.7703, 2.7257,-2.4785, 0.3672, 2.1574, 0.1021,-0.3598, 2.1522, 0.2743,-0.2806, 0.4543,-1.145 ,-1.0464, 2.0377]
[ 3.2973,-4.7857, 4.2209,-1.0944, 2.285 , 2.0763,-0.1846, 1.7027,-0.1614, 2.7169,-2.8711, 1.2242,-2.1676,-1.2215, 2.4452, 0.0486,-0.3626, 0.3887,-2.0194,-0.7735, 2.461 ]
[-1.1789, 0.563 , 0.4034,-0.0076,-2.9953, 2.9438,-0.577 , 0.3123,-2.7376, 2.6451, 0.586 ,-2.6347,-1.4871,-2.6342, 2.0881,-1.1392, 0.1641,-1.4572, 1.6644, 2.9915, 1.0249]
[ 5.1638,-4.3067, 4.3745, 1.523 ,-2.5232,-0.1105,-2.7087,-2.4057,-0.1573, 2.3753, 1.9064, 2.026 , 0.6937,-1.6421,-1.9883,-1.1578,-2.4998, 1.9808, 2.0372,-1.2057,-3.0097]
[-4.2319,-4.6068, 3.7609,-1.3353,-0.6927, 1.6539, 0.2214, 3.1343,-1.5375, 1.3907,-0.0897, 0.0068, 2.1734,-0.7105,-0.1396,-1.033 , 1.3902,-0.7172, 0.5091, 1.9116,-1.6066]
[-4.2776, 3.7446,-4.9705,-1.9965, 1.5071,-3.1332,-0.1552,-2.2576,-0.3411, 2.8507,-3.043 ,-0.4421,-0.8993, 1.7869, 2.6205, 2.997 , 0.1147, 2.0937, 1.9712, 2.4721,-1.3467]
[-3.311 , 1.0402,-0.5047,-1.543 ,-0.5476, 1.2376, 0.4571,-0.9602,-2.1153, 0.5488, 2.7359, 0.1275, 1.8222, 0.9765,-0.815 , 1.7721,-2.7325,-0.9983,-1.269 , 0.8341, 2.579 ]
[ 5.234 , 3.6041, 3.7702, 0.1117,-0.9516, 1.4774, 0.8545, 1.5121,-3.0887, 2.7702, 1.7742, 0.2817,-2.1324,-1.0591,-1.3484,-1.7892,-2.7321,-0.5483, 0.3386, 0.8942,-2.3306]
[-4.9551,-4.011 , 4.1432,-1.5445,-0.2462,-2.2456, 2.7555, 0.4827, 2.7569,-0.9025, 0.7166,-2.9445,-2.4986,-0.4481, 2.7036, 1.7332, 2.3714, 1.1438,-1.8725,-1.248 , 1.4833]
[-3.1346,-2.3897, 4.9785, 1.7524, 0.7837, 1.9717,-0.852 , 2.1312, 1.5473,-2.2753, 1.9609, 1.8469, 0.3145,-0.892 ,-0.2934,-1.8182, 1.256 ,-1.3818,-1.7719,-1.996 ,-0.2165]
[-0.0243, 3.5019,-3.2886,-0.7304,-2.1903,-0.7275,-0.1738,-2.9386, 3.0411, 2.088 , 2.8691, 0.0601, 2.8919,-0.5076,-0.0615,-2.6383,-1.0783,-1.4652,-1.0855, 1.3229, 3.0588]
[ 0.6133, 5.4985,-3.1898, 0.8868, 2.9452,-1.3411,-0.3211, 0.264 , 2.4332,-2.8858, 0.7248,-1.5188, 1.6147,-0.9494, 1.9973, 3.1318, 0.951 , 1.3919, 2.3839, 0.0599,-1.4786]
[-5.09  ,-2.3629,-1.2247, 2.5685, 2.23  , 2.4188,-1.6835, 1.4747,-1.5955, 2.3837, 2.2262, 2.439 , 2.3196, 2.7791, 0.7033, 2.4713,-1.7782, 2.8231, 0.2853,-1.4686, 2.3538]
[-4.1165,-0.7194, 2.2105,-1.2464,-1.1071, 1.6998, 0.2589, 2.8011, 2.6908, 0.8245, 0.86  , 2.0777,-2.6372,-1.8556, 2.0711,-2.6722, 1.7902,-2.4568,-1.1069,-2.0211,-3.0813]
[-3.1033, 0.4351, 5.258 ,-0.0317, 2.4251,-1.6321,-2.5283, 2.0034, 2.8389, 0.5544,-1.4764, 1.1125,-1.5376,-0.6421,-0.5715, 2.1187, 1.7351,-2.3133, 2.5012,-2.5976, 1.8257]
[ 0.7671, 3.2252, 3.1574, 0.8089,-1.2055,-2.8148,-2.7416, 2.8686, 2.5641,-2.8761,-2.4237, 2.1928, 0.0927, 2.3488, 2.4421, 2.3499, 1.5915, 0.0909, 2.4955,-1.7735, 0.8167]
[-4.3691, 5.3985,-1.0834, 2.6471,-1.4888,-1.4307, 2.8554,-0.8615, 2.6285, 0.4153,-1.8357, 1.3353,-1.531 ,-0.3805,-2.532 , 0.2968,-1.2052, 1.0834,-2.7998,-3.0522,-0.7031]
[ 3.0435,-3.0738,-4.683 ,-1.505 ,-1.571 , 1.7445,-1.6725, 1.3216,-2.918 ,-1.5894,-2.4349, 1.8962, 2.05  , 2.0121, 1.2441, 2.8596, 0.2396, 2.8306,-2.2245,-1.56  ,-1.5077]
[ 1.6264, 2.6392, 4.3522,-2.3739, 1.5477, 1.7111,-0.108 ,-3.0726, 0.109 , 0.2512, 2.8334, 2.6086,-0.2028, 1.7805, 0.6455,-2.3137, 1.937 ,-3.0868,-1.955 , 2.0848, 0.2186]
[-2.1398, 1.2567, 1.7183,-0.4071, 1.8282,-2.2906, 0.468 , 3.0426,-2.9129,-2.395 ,-3.0906, 0.3031,-0.386 ,-1.8203, 2.0257, 0.0616, 0.4901,-1.2647, 3.0217,-1.1439, 3.0194]
[-1.6454,-0.3195,-5.0895, 0.7381, 0.0606,-0.1279,-2.5655, 1.4372,-1.4398, 0.0767,-0.9264,-1.85  , 1.7826, 2.6354,-2.5605, 2.1244, 0.6989, 0.2679, 2.2536, 1.8661, 1.4891]
[-2.0338, 5.3712,-3.1636, 1.8159,-0.8633, 2.784 ,-1.4342,-0.0155, 0.1523, 2.7161, 1.7446, 1.9967, 2.9294, 0.1014,-0.7981, 1.6574, 1.1011, 1.4471,-0.5402, 2.9509, 1.5108]
[-3.1237, 1.6058, 4.2891,-1.5973, 2.7191,-2.9744, 0.6144,-2.0114,-1.1154,-1.1468,-0.5628, 1.7127, 0.8997, 3.1371,-1.2878, 1.7488, 1.5875, 1.6688,-0.1555,-0.2241, 0.1418]
[ 1.0015,-2.2576,-4.9037,-2.8022,-1.2226,-2.8955, 2.2949, 0.2333, 2.2663, 1.0711, 1.3399, 1.518 ,-0.1342, 0.4404, 0.917 , 1.0976,-1.4985,-0.3896, 1.8913,-1.1131,-1.384 ]
[-0.4325,-5.0829,-5.4861, 2.2862,-1.6006,-1.292 , 1.4595, 0.5998, 0.7518, 2.4612, 0.4824, 2.3649,-1.6052, 1.8812,-0.3291, 0.4816, 2.4922, 2.9337, 0.0096,-2.6064,-2.1554]
[ 3.4843,-0.6515,-3.5007, 1.5278,-1.1147, 1.1562,-3.0899, 0.3304, 2.8681,-2.8018,-2.3604, 1.9566,-1.2131, 0.5933, 0.1358, 2.0898, 0.6575, 3.0263,-1.4991, 0.1092, 0.2612]
[ 0.3786,-4.7655, 2.6245,-0.9785, 1.0731, 2.1553,-1.305 , 2.4785, 3.1359, 0.8426,-2.6697, 0.5154, 1.4385,-0.8944,-1.7696, 0.6459, 2.9487,-0.9722, 1.1671,-2.4053,-3.1291]
[-1.2805e+00, 5.2104e+00,-4.5298e+00,-9.4538e-01, 1.6150e+00,-6.1786e-01,-1.1684e+00, 1.1054e+00,-1.8132e+00, 2.6112e+00, 2.0795e+00, 1.9751e+00,-3.1996e-03, 1.0810e+00,-2.1968e-01,-2.6119e+00,-2.4663e+00, 2.3693e+00,-1.2089e+00, 4.0477e-01, 1.3631e+00]
[ 3.9504, 3.2717, 1.1369,-1.096 , 1.6431,-3.0928, 1.0432, 1.1718, 0.2993, 1.6828, 0.6326, 2.2596,-1.4605, 0.77  , 2.3348, 1.9718,-1.6129, 0.7723, 0.15  ,-2.9901, 1.8664]
[-3.4506,-2.5853, 2.9979,-1.6215,-3.0853,-3.1269, 2.8544, 2.7508, 3.0223,-0.0223,-3.0674,-2.8333, 1.7721,-1.3814, 2.2721,-0.1456,-0.999 , 1.0432, 0.287 , 0.1156, 0.151 ]
[ 0.3673, 0.7243, 2.1254, 1.049 , 0.3853,-2.246 ,-0.1023, 1.8557,-1.3536, 0.8868, 0.5872,-2.9306, 0.8117,-2.6532,-1.1163, 1.8463, 2.8901,-2.0502,-0.1694,-1.7767,-1.6066]
[-3.2987,-3.5947,-4.1322, 0.8454,-3.1168,-1.4967, 2.7636,-1.4425,-0.6975,-0.2347,-2.4615,-2.377 ,-0.3815,-2.9126, 1.1114,-0.6116,-1.5313, 1.8386,-2.9416,-1.4889,-2.3864]
[-4.5415,-2.3977,-2.6894, 2.6473, 1.9868, 1.9688, 3.0505,-1.2294, 1.5503, 1.1971,-0.2818,-0.8165, 0.6934,-2.5623,-0.0734,-1.9798, 0.8872, 2.0178, 0.8339,-0.1078,-2.4835]
[ 4.7705,-2.7025,-0.6694, 0.0111,-1.0723,-0.5124, 1.7541, 0.0336,-1.3569,-0.8414,-0.2401,-0.1051,-0.0073, 0.9721, 2.5296, 3.0778,-1.1885,-1.2557,-0.3224, 0.3751,-0.6556]
[-2.6811, 0.794 , 2.2843, 2.4423, 0.9088,-2.5299,-1.1467, 2.0021, 0.4938,-0.2969, 2.3904, 1.6114, 3.0772,-2.0334, 0.6914, 0.1057,-0.265 ,-1.0159,-1.3753,-2.4296,-2.0566]
[ 0.2228, 1.0333, 1.4824,-1.6794, 1.599 , 2.291 ,-2.2388, 3.1164, 1.3489,-1.2235,-0.1188, 0.5109, 0.3819,-2.391 , 2.1728, 0.6037,-0.9675, 0.2527, 2.035 , 2.2886, 1.7561]
[-5.4262, 2.0415,-2.1738, 1.1641,-1.8137,-2.145 , 2.2043, 0.403 ,-2.0009,-1.1114,-2.8411,-1.292 ,-0.2108,-3.0176,-2.8369, 1.4124,-2.4227, 0.9506, 1.3249, 2.3858,-1.8301]
[-5.1961, 0.724 ,-4.5134, 1.7981,-2.7975,-1.9381,-2.3412, 0.4849,-1.4665, 1.3434,-0.809 ,-2.7387, 1.9768,-0.5974,-2.4511, 2.9953,-2.8888,-2.8977,-0.8452, 1.0696, 1.2533]
[-1.2391,-2.2683, 1.2066, 2.0398, 2.8783,-0.438 ,-0.0226, 2.7198,-0.1444,-2.1836, 3.1233, 0.0645, 3.0295, 2.4992,-0.2188, 2.9493,-2.058 ,-2.32  , 2.9794, 1.6968,-0.0049]
[ 2.105 , 2.3313, 2.1505,-0.1843,-0.8963,-0.3042, 1.4216, 2.8036,-0.1628,-1.7745,-1.4177,-2.1203, 0.1873,-2.123 , 1.6484, 2.1897, 0.3128,-1.5567, 2.2198, 1.8075, 0.4085]
[-3.5633, 3.611 , 4.1528,-1.8766,-2.4262,-2.8708, 1.9267, 2.8291, 2.1932, 2.6057, 0.8474, 1.3951, 2.2959,-2.434 , 1.6945, 1.4384, 2.3042, 1.9385,-2.9499,-1.5502,-3.1142]
[ 2.5238,-1.7612,-3.5828, 1.8242, 0.5617,-1.1073,-0.0502,-0.5651,-1.3656, 0.7943,-3.1147,-1.7292, 2.4424, 0.403 ,-0.9061,-0.4141,-1.852 , 3.1164, 2.4948,-2.0545, 1.2306]
[-2.2382,-4.7283,-0.3031, 2.5871,-1.265 ,-1.8393, 1.5913,-1.9241, 0.5809, 0.794 , 1.9986,-1.4124, 2.3355, 0.7184,-0.2351, 1.9917, 1.4322,-3.0555, 1.5421,-1.6452, 3.0922]
[ 4.7137,-3.2756,-3.8669,-1.8065,-2.9855,-1.9705,-1.4213,-0.9206,-2.97  ,-0.8306, 2.2339,-0.5008,-2.7007,-2.123 ,-0.9331,-0.69  ,-1.0879,-1.4196, 3.0756,-2.2806, 1.7083]
[ 1.7763, 2.9901, 5.1325, 2.5712,-2.3764, 0.94  ,-0.6343,-2.6428, 1.1947,-2.5957, 0.8844,-1.6205,-1.8915,-0.1212, 2.502 ,-2.5065,-2.8663, 2.5607, 2.1559, 0.0277, 2.662 ]
[ 1.4824,-5.1248,-1.8828, 0.8557,-0.1528,-1.3115,-2.9567,-2.9583,-2.9326,-2.4564, 2.9011, 1.1355, 0.6103, 1.4346, 1.8351, 2.9375, 1.3056,-0.3228, 1.6596,-0.6479,-1.9867]
[-1.8724, 1.5175,-0.1296,-0.7035,-0.0527, 0.5477,-2.7619,-2.4529, 1.8011, 2.1574, 2.0106, 0.2202, 0.1115, 1.8343,-1.1875, 1.9489, 2.0993,-2.0978,-2.7616,-0.9661,-1.7307]
[-0.1454,-1.4145, 2.5655,-0.4738,-0.7922, 0.2859, 1.602 , 2.1193, 2.7694,-2.7272, 1.7375, 1.2189, 0.8273, 2.4837,-1.3832, 0.3429, 2.6753,-2.2522,-2.5195,-1.8906,-1.3377]
[-1.211 ,-1.6334, 5.3516,-1.8261,-0.1113, 0.124 ,-2.9515,-2.7421, 1.8507,-0.2821,-1.1991,-2.4402, 1.9128,-0.3774,-2.5555, 2.4238, 2.5229, 0.3945, 1.5155,-2.9021, 2.8888]
[-1.6893,-0.4244,-4.2544,-1.0888,-0.4487,-0.3726,-3.1163,-1.348 ,-0.3416, 0.3007,-0.4042,-0.5805, 0.4289, 2.0713, 2.4903,-0.5957, 1.7738,-1.9691,-3.0792, 0.5572, 2.8657]
[-0.5123,-2.0761, 0.0211, 0.9918, 1.3061, 2.2685, 1.6049,-0.64  ,-0.3097,-2.3647, 0.4217,-1.7655, 2.4607, 3.0335,-2.7089,-0.5407, 0.28  , 1.8761, 3.0151, 0.8675, 2.1114]
