[ 5.1272, 2.7698, 2.1441, 0.4135,-2.9713, 2.0948,-0.5177, 2.7289,-0.5471,-2.9145,-1.4678,-3.0348,-2.0068,-2.6145, 1.8585, 2.928 ,-0.1573, 0.5945, 1.9756,-3.0774, 0.3364]
[-2.0577, 3.1059,-3.446 , 2.5231, 0.3278,-0.8261,-0.7907,-1.52  , 0.9572,-0.9782,-1.0403,-3.121 , 1.0012, 0.6655, 2.926 , 0.2907,-0.2992, 0.6676, 1.1646, 1.8011, 1.9464]
[ 0.1886, 1.672 , 1.0796,-1.9514,-1.5451, 0.537 ,-2.7272,-2.7537,-0.0845,-0.4933, 0.8001, 1.8485, 2.5396, 1.9924,-1.3375, 2.2969,-2.3577, 0.9911,-2.4362,-2.0124,-2.0945]
[-2.9134, 2.1133,-4.92  , 0.7288,-0.8   , 2.9831, 2.7169, 1.0132,-2.7952, 2.2879,-0.1099,-1.9075, 0.8638,-1.9027, 2.1047, 2.8635, 0.1007,-2.8223,-2.4912, 2.9691, 1.8657]
[ 2.8215,-1.0774, 0.4343,-1.0632, 1.9005, 0.4069, 0.5791,-0.5117, 1.5062, 2.9575,-2.367 , 0.6747, 0.6236,-2.7131,-1.7394,-2.6934, 2.7005,-0.4775, 2.5462,-0.2589,-2.8625]
[ 3.5505,-0.3177, 3.2625, 0.9011, 2.4605,-2.7021,-0.5496, 1.2588, 2.117 ,-1.627 ,-0.3703,-3.0958, 0.3032, 0.6136, 2.676 , 1.4118,-1.6645, 0.9069,-2.737 ,-1.7346, 2.2398]
[ 0.2211, 1.583 , 0.9678, 1.2711, 2.6308, 3.0158,-2.6002,-0.2695,-1.8915, 3.1058, 0.4719,-1.6326,-0.465 ,-2.7954,-2.7869,-0.795 ,-2.3776,-1.4501, 1.056 , 2.8557, 2.0741]
[ 2.2296, 1.0276,-2.7503, 2.4964, 1.5362,-0.4075,-0.6336, 0.8093,-1.0669, 2.1328, 3.1047, 0.0593,-2.6186, 1.6062, 2.981 ,-2.2627,-0.5933,-2.316 , 2.3309,-2.6734, 2.2405]
[ 3.198 ,-0.0246,-4.1759,-1.5754,-2.3609, 2.7097,-0.3642, 0.815 , 0.0625,-2.9161,-2.0838,-1.1168, 3.083 , 2.9188,-2.1405, 2.4117,-2.5652,-2.4733, 2.5355, 2.5041,-2.0877]
[ 0.3122, 5.4962,-4.4672, 1.0309, 0.9105, 1.9025,-0.2467,-2.9092,-2.146 , 2.4531,-0.6076,-0.9211,-1.032 , 1.6213, 0.7834,-1.0328, 2.8861, 2.7462, 2.9618,-0.0887,-2.8882]
[-1.7174, 2.711 ,-5.454 ,-2.9111,-0.1569, 0.8719,-1.9689, 2.9078, 0.7477,-2.0416, 2.7342, 2.5476,-1.3797,-2.3429, 2.766 , 0.8585, 1.7125, 1.926 ,-1.5686, 0.3097,-1.6306]
[ 1.7478, 4.8614,-2.2082, 0.9411,-1.9188, 2.598 ,-0.2145,-0.4384,-2.937 ,-2.1197, 0.5291, 0.5249,-0.2665,-2.0207, 1.3426,-1.5779, 1.4585, 2.9357,-2.922 , 1.4976, 2.8179]
[-1.1657,-5.2555,-2.365 ,-2.6476, 2.8735, 2.0997, 1.7436, 0.8617, 1.7905, 0.8001,-2.7902,-1.586 , 0.5526,-0.0068,-1.5544, 0.6676, 0.7126,-0.1262, 1.774 , 3.1025, 2.0377]
[ 5.247 ,-3.8265,-3.7986, 1.7482,-0.2276,-0.1556,-3.0623, 1.3693, 2.7458, 0.3739, 2.8675, 0.5927,-0.6025, 0.9177,-2.1847,-0.0201, 1.4465, 1.9312,-0.3051,-1.1837, 0.9046]
[-1.2402,-0.1051, 4.5623, 2.7545,-0.695 , 1.2997, 0.4464, 2.7348,-2.9158, 1.7251, 1.5833,-1.1553,-0.0847,-1.0417, 0.8594,-2.1323, 0.3862, 2.26  , 1.9069, 2.0648,-2.8068]
[ 0.5359,-2.5138, 3.1072, 3.0131,-0.6304,-2.6151, 2.2584,-0.6585,-1.3562,-0.2091,-1.0654, 0.9956, 1.8882,-1.9577,-1.615 , 0.6338, 1.1134, 1.9407, 2.1483,-2.3057, 1.0207]
[-2.717 , 1.6829,-1.7667, 0.788 , 2.345 , 3.055 , 2.9799,-2.8769, 2.6421,-1.7993,-0.4855, 1.0998, 0.2902,-3.1292,-1.8353, 1.9851,-1.6499,-2.5382,-2.1357, 2.6589, 2.0609]
[ 0.1098, 2.4203,-1.0781,-2.3822, 0.1178,-2.8504,-0.2497,-0.3793, 2.4599,-1.9392, 0.0607,-0.2531, 0.3784,-2.8179,-0.7866, 2.9014,-1.556 ,-2.9361, 2.3107,-1.1476, 3.1013]
[ 2.4159, 0.9738, 2.2063,-1.1297,-0.6234, 3.1211,-1.2136,-2.0431,-2.5666,-1.6237, 1.7314, 0.6013, 0.3932, 2.353 ,-1.4055,-2.9   , 2.2776,-2.671 , 0.9606,-1.8807,-2.4063]
[-2.258 ,-4.4984, 3.9492,-1.4885, 1.0504,-2.6313, 0.2354, 1.0394, 1.1308, 3.0864,-2.8957, 2.549 ,-2.8677,-0.2297,-0.3577, 2.017 , 0.0379,-0.0366, 1.4062, 2.4776, 1.122 ]
[-1.1402, 3.357 ,-3.0632, 2.4955, 1.4329,-2.3017,-2.296 , 2.1394,-1.0168, 1.2286,-1.4577, 3.1032,-2.3557,-1.7931,-2.5599,-2.7451,-0.1816,-0.6926,-2.3651, 1.9533, 1.1756]
[ 1.8975,-2.8362,-5.2679, 1.2627,-1.8024, 2.9426, 2.6758,-3.0679,-1.6751,-0.2194,-0.2856, 0.3918,-0.2286, 2.9317, 0.3092, 1.1686, 2.2678, 2.0666, 1.6186, 1.7715, 3.0181]
[-1.3401, 5.1791,-0.3784,-1.0938,-1.406 , 1.0515, 1.5752,-1.2046, 3.1123,-0.865 , 1.5368,-0.5343, 0.6861, 1.3166, 2.1561, 0.383 ,-0.663 ,-0.7033,-2.4968, 1.2939, 0.8675]
[-4.0365,-2.8512,-5.2505,-0.0264,-2.0612,-2.0503,-0.4501, 0.0742,-0.7515, 2.5607, 1.984 , 3.0377,-1.3684,-1.5556,-1.2879,-2.8939, 1.3967, 2.3123, 2.5635, 1.9354, 2.7337]
[-1.712 , 1.7828, 0.9443, 1.121 , 1.7006, 2.2362, 0.7224, 0.3535,-0.5907,-2.9633,-1.4055, 2.4699, 2.2376,-2.3315, 2.4216, 0.5002, 1.9044, 2.0532, 0.2795, 3.0567, 1.1302]
[-1.4046, 3.8199,-1.8023,-3.0095, 1.8714, 1.8732,-3.0328, 1.2838,-2.4584, 2.2165,-2.3017, 0.2082, 1.2285, 2.0018, 2.8955, 0.5745,-1.0117, 1.1566,-1.9935, 1.3485,-1.5178]
[ 0.3163, 0.1866,-4.4568,-0.43  ,-1.6445,-0.7722,-1.014 ,-0.8303,-0.3804, 2.3913, 2.961 ,-2.3324, 0.6779, 2.0881,-2.3632,-2.5603, 2.34  , 0.8737,-1.0384, 1.618 , 0.8202]
[ 3.525 ,-0.6063,-2.0029, 1.0857,-0.7216, 1.363 ,-1.3235, 1.1995, 2.0959, 2.8355, 2.8036,-1.4421, 3.0174, 1.1246,-0.225 , 2.3036, 0.0407, 0.0657,-2.8728,-0.4536,-1.7512]
[-0.1317,-3.1105, 1.5068,-0.25  , 1.0984,-2.7804, 2.4686,-1.8052,-2.2499, 1.0027, 2.2951,-2.8045,-2.5045, 1.3873,-0.4126, 3.1228, 0.0715, 0.1947, 0.1042,-3.1109,-2.3037]
[-3.1436, 1.3957, 0.3465,-3.0658, 2.3249, 1.7705, 1.703 , 0.8805,-2.6957, 1.6599,-1.4485, 1.2162,-2.2877,-2.5956, 0.8613, 1.489 ,-0.3355,-2.514 ,-2.0845, 2.7469,-1.0153]
[-0.9778, 4.7397, 0.3024, 0.5042, 0.2329,-1.9015, 1.7887, 1.3432,-1.4478, 1.7332, 2.2302,-2.1207, 2.0957, 3.1173,-2.1103,-0.5019,-1.9088, 1.3664,-2.4133, 0.028 ,-0.6278]
[ 4.4141, 2.8225, 0.8475,-1.7915,-2.6329,-2.1998, 2.9163,-1.3827, 1.496 , 1.2038, 0.2098, 1.8815,-2.0774, 0.9965,-1.925 ,-0.308 ,-2.4109, 1.0763, 1.8701,-2.9784, 0.3134]
[-4.5172,-0.2511,-0.5575,-2.2834, 0.5168, 0.5194, 1.0034,-1.8216, 2.6777,-0.5663, 0.8462, 2.2056, 1.3361,-2.1419,-0.8071, 1.4657,-0.1418, 1.0428, 1.9651,-1.4291,-0.6506]
[ 5.1754,-0.7059, 2.5613,-2.035 ,-2.5826,-3.0053, 3.0294,-0.6031, 1.0866,-1.9227,-2.4848,-1.8676, 1.0707, 0.1613,-1.1201,-1.6545,-2.9821, 1.9224, 1.142 , 0.8042, 2.399 ]
[-3.6525, 0.6777,-0.8918,-0.4918,-1.6944,-2.4488, 1.102 , 0.5907, 2.8229,-0.7535, 3.0026, 0.3898, 0.8929, 0.377 ,-1.6941, 1.5171,-1.9743,-0.4637, 0.3813,-2.2742, 0.5188]
[-0.6129,-5.0934, 1.9582, 0.3147, 0.4085, 1.0082, 2.4051, 2.7873, 1.6813,-1.0163, 2.2524, 0.7317, 2.571 ,-1.9943,-1.0041,-2.2818,-2.1642, 1.1585,-1.9098,-0.4561, 2.6252]
[ 4.8593, 5.3415,-0.5601,-2.8047,-0.2981, 0.0901,-1.2025,-2.3964,-1.4781, 1.027 , 1.6585,-0.9803, 0.8958,-1.4912,-0.7958, 0.5674,-1.5415,-1.731 , 1.2948, 1.2058, 2.2466]
[ 2.2598, 3.2849, 1.3243,-2.5441,-0.3747, 1.2098, 1.3528,-1.6936,-0.1617,-1.7164, 0.0824, 1.0268, 0.7103, 0.5675,-0.8282, 1.0016,-2.6957,-1.6991, 2.4422,-2.3831, 0.6354]
[ 3.1347,-5.1473,-3.3337, 0.0219,-2.2478,-0.2829,-1.7157, 0.4862,-1.5689,-2.3216, 2.4358, 2.6792,-1.6933,-1.5536, 1.9706,-0.3834, 2.1796,-0.7361,-2.3726,-3.0376,-1.503 ]
[ 2.5622,-4.4405, 1.2932, 0.8784, 1.0998, 0.4024, 1.424 ,-0.1482,-2.9007,-2.223 ,-1.2868, 0.8283,-2.6271,-2.1744, 1.9991,-0.6761, 2.4769, 2.6515,-0.6767, 2.4933,-1.7489]
[ 2.7124, 3.609 , 4.386 ,-1.2491,-2.5114,-0.108 , 2.4115,-1.5728,-0.1255,-0.8682, 1.3488, 0.0416, 1.2756, 2.1068, 0.5184, 2.378 , 0.8599, 2.3892,-0.5866,-2.8644,-0.7998]
[-3.6782, 4.6286, 0.0872, 2.2157,-1.9538,-1.2778,-1.4427,-1.534 , 0.267 , 1.3698, 2.9252, 1.322 , 1.9768,-1.3753, 1.2335,-0.3824, 2.3719, 0.387 , 1.48  ,-0.2062,-2.999 ]
[-0.0174,-1.3268,-3.8596,-0.182 , 0.5669,-2.7355, 0.3146,-1.0005, 1.9863, 0.2749,-1.8711, 0.9173, 1.3921, 1.3163, 0.3565,-1.5441,-1.0176, 2.3988,-2.0042, 0.2148,-0.7969]
[-4.1512,-2.0529, 1.0694, 2.3533,-1.9771, 0.2961, 1.7004,-0.9712,-1.8409,-0.6456,-3.1402, 2.6021, 1.2376, 0.5328,-0.7867,-0.6642, 3.0265, 0.7743, 0.1953, 0.3725,-0.751 ]
[-2.1949,-2.0794,-0.4835, 0.9761,-2.3267, 1.3222, 1.573 ,-1.5198, 2.4236, 0.3786,-1.3939,-0.0198,-1.5595,-2.2355,-0.0845,-1.9007, 2.2191, 0.8521,-1.1433, 1.4964, 2.7452]
[ 0.5435,-0.2369, 1.0123,-2.4032, 2.8278,-0.4855,-0.196 , 2.5325,-1.5116, 2.8001,-2.1782,-2.3086, 2.814 ,-1.6807, 1.2809,-0.3212, 1.5481, 1.7042, 1.3726,-1.4152, 2.952 ]
[-0.6109, 2.9469, 4.5062,-0.8133, 2.6572,-1.0501,-1.0559,-1.8082,-0.3683,-1.4153,-2.8494,-2.6267,-2.5139, 1.9382,-1.4563, 1.3722, 0.8271,-2.8741, 1.7746,-2.5279, 0.5233]
[ 0.6646, 0.5861, 0.3956,-3.0181,-0.2768,-0.6374, 1.4758,-1.7602, 2.2452, 2.0794, 0.6306,-1.2478, 1.5312,-1.375 ,-0.6635,-2.8293,-0.3304, 1.5761,-2.3706, 2.5334, 1.5514]
[-5.0451, 3.4923,-0.4545,-2.2413,-1.7424,-1.8742,-2.7349,-1.9589, 3.0116,-0.0913, 2.0237, 2.7535,-2.7316, 2.8368,-2.6432, 1.0035, 2.9866,-1.4811,-3.1022, 1.0676, 2.6228]
[ 1.4751, 5.2297,-3.5122,-1.8456,-0.4339,-2.2084,-2.9189,-1.9477,-3.0813,-2.7815,-0.3743,-0.6788, 1.5677, 2.9549, 1.9484,-0.6487,-1.6842,-1.9886,-1.6266,-2.9793,-2.3823]
[ 5.0099,-2.2836, 0.1139,-0.3305, 1.0535,-1.3576,-1.4279, 1.7048,-2.0699, 0.0911, 1.1529, 0.4105, 0.6309,-2.1749, 1.1518, 0.0565,-1.4377,-1.2532, 2.4891, 0.6101,-2.6239]
[ 3.6355, 1.5033, 4.3273, 1.213 , 2.6062, 2.3902, 1.8795,-1.7838, 2.3944,-2.4007,-0.9592,-1.809 , 2.1831,-1.9406, 2.1278, 2.0685,-3.0645, 2.7812, 1.3534,-2.3683,-0.3139]
[-3.227 , 0.3782, 0.5644,-0.2322, 1.4351, 0.1633,-1.8329,-2.7762, 2.954 ,-3.0369,-2.2868,-0.6006,-2.7581, 0.1759, 0.3915, 0.7958,-2.1392, 0.8177, 0.5168, 0.2556,-2.2213]
[ 0.6406,-4.6048, 3.3892, 0.4693,-1.1294,-1.91  , 1.7245, 2.3987, 2.0841, 0.4383,-1.3871, 1.8029,-2.7151, 1.9497,-1.6204,-0.7777,-1.9029,-1.6488,-0.2829, 1.7511,-0.9596]
[ 2.2466,-1.2803, 2.5809,-0.6575,-3.0216, 1.7808,-2.0767, 2.4645, 1.2127,-1.2911, 2.0347, 2.2805,-2.4106, 2.3254,-1.1333,-1.346 , 2.7239,-1.0865,-1.901 ,-3.0318, 0.6472]
[ 2.674 , 5.3348, 5.0319, 3.0757,-3.0447,-1.0909, 1.1393, 1.0157, 1.1635,-2.3527,-3.0485, 1.1639,-2.1081,-1.3788,-2.6497,-2.7059,-2.765 , 2.2396,-0.5487, 0.2464,-1.2562]
[-5.4002,-0.7618,-4.1086, 2.4017,-2.2766, 1.9577, 3.0434,-2.9355, 2.1178, 2.1403, 2.1334, 1.0054, 0.7821,-1.0708,-2.7835, 1.7491, 2.9862,-0.0726,-0.7514, 1.8194,-0.1695]
[ 4.1588e+00,-4.4302e+00,-3.3009e+00,-1.2584e+00, 1.4184e+00,-2.9562e+00, 2.4702e-01,-3.1370e+00,-1.5456e-01, 1.2610e+00,-4.2788e-03,-4.9111e-01,-1.2530e+00, 1.3529e-01,-1.2470e+00,-7.8422e-01, 2.4548e+00, 1.7861e+00,-3.1285e+00,-1.6941e+00,-1.4332e+00]
[-4.8575,-0.0529, 5.0891,-3.0898, 2.2886,-0.9005,-3.0781,-2.9593, 1.3203,-0.0785, 2.4897, 1.9987,-1.246 , 0.3583, 0.9837, 0.3992, 0.1627, 1.8554, 2.3067, 1.472 ,-3.0917]
[ 5.0925, 2.374 , 2.4186,-2.5823, 2.6078,-0.6987,-1.3493,-3.0689,-1.8   ,-2.0385, 1.3728,-2.6866, 1.6512,-2.7027, 0.888 , 2.4513,-1.8218, 2.034 ,-0.7105,-1.3632,-2.0097]
[ 4.3394,-0.4121, 4.075 ,-0.7843, 0.1877,-1.3178,-2.276 ,-0.4183, 2.0981, 0.4463,-2.6892,-0.9973,-0.8857,-1.3123, 2.2809,-3.0265,-0.8621, 2.6593, 1.8338, 2.7032,-0.3571]
[-2.6442,-3.3833,-0.5726,-0.9194,-1.9907, 3.1339, 2.0952, 1.3254,-1.0751, 0.5743,-0.5562, 0.5587,-2.6587,-2.7963,-0.5106,-0.6143, 0.4423, 0.0752,-0.3266,-1.4554,-2.6974]
[-1.8793, 2.5312,-4.1281,-0.9961, 1.005 , 2.9055,-1.4663, 1.5488,-0.1924,-1.0076,-0.6869,-2.8946,-1.3664,-1.8339, 1.4455, 0.2293,-0.7754, 2.8917,-2.8498, 2.2466, 3.1151]
[ 5.2969, 1.0712,-0.1201, 0.6696, 0.8489, 0.5051, 1.9552,-0.2078,-2.1812, 0.6492, 2.0595,-0.5929,-2.9678,-2.0372, 2.7546,-0.694 , 1.2004,-3.0697, 0.3313,-1.1545,-0.0901]
[ 0.8197,-4.2427,-2.4551, 2.3723,-0.476 ,-1.1777,-1.3468,-2.3451, 0.6024,-1.9126,-2.2583,-3.0948,-0.1015,-2.1326, 2.1659,-0.3297,-2.8412, 2.0015, 1.5973,-1.4464, 1.7029]
[-1.1398, 2.8341, 1.3543, 0.4821, 2.4945, 2.7745, 0.2497, 1.6952, 1.8006,-2.56  ,-1.0542, 2.9178, 0.3686,-2.6159,-2.1197, 0.0813, 1.5292,-2.8756, 1.9222, 1.1666, 0.8531]
[-3.2134, 0.6121,-3.4763,-1.2994, 1.3673, 2.0642,-1.4389, 2.5957, 0.6376,-0.067 , 1.4178,-2.8407, 2.8309, 2.446 ,-2.0201, 1.8594, 0.3961, 1.6246,-0.5218, 0.4773, 2.2168]
[ 4.4065,-0.9247,-1.2427,-1.1059,-1.5847,-0.32  , 0.7956,-1.5454,-2.2006,-1.8409,-1.0775, 0.6116, 2.7849,-1.0433, 0.8114,-0.7645,-3.1178, 2.3279, 2.6433,-1.4949, 1.3776]
[-4.7439,-0.6819, 4.3272,-3.1028,-1.5763, 1.3558,-0.5003,-2.7118,-1.7534,-0.5623,-0.7162,-2.7179, 0.2017,-2.1063,-0.7223, 1.4137, 2.4843,-1.279 , 1.8923, 2.4919,-0.1323]
[ 4.6247, 4.3933,-5.0986,-2.8655, 3.0839,-2.0553, 0.3492, 2.0712, 0.5123, 0.2773,-2.3953,-1.3609,-2.8614, 1.3737, 1.6031,-2.1233,-2.6244,-2.2668,-3.0921,-0.3527, 2.1672]
[ 2.7884,-2.7251, 2.7873, 0.0224,-1.0022, 2.6145, 3.1125,-2.2657, 2.9915, 2.7436, 0.5854,-0.8752, 1.0855, 2.5679, 0.8553,-0.834 , 1.1737,-0.4777,-0.618 , 0.0715, 2.1866]
[ 3.3813, 2.4767, 0.6296,-1.1892,-0.5315,-1.7157,-2.7747, 2.6783, 0.2875, 2.3395,-0.8945, 2.2083,-1.401 ,-1.2487,-1.0894, 3.1255,-0.6403, 2.0563, 1.5393, 1.1843,-2.0431]
[ 3.3752, 5.3261,-2.4782,-0.4816,-2.2599, 1.0158, 1.6106,-1.2303,-1.0278,-2.8507, 1.6256,-1.0275,-1.4079, 1.54  ,-1.0777, 0.6453,-0.4531,-2.7767, 1.639 , 0.1684,-1.5208]
[ 1.1537, 4.2739, 2.4926, 2.5281, 0.026 ,-2.5011, 2.4279, 1.0697,-0.858 ,-2.6761, 0.2674, 2.8788, 1.0062,-2.3601,-2.0367,-0.5174, 0.6861, 0.0076,-1.2498, 1.0783,-0.9851]
[ 1.6646,-4.1582, 3.5476,-0.0749, 2.7578,-1.7907, 0.9711,-0.2966, 0.6796, 0.7421,-2.2354, 2.8768,-0.8126, 2.0459, 2.2177, 2.1152,-1.9502, 2.3289, 0.6962,-2.5379,-2.1876]
[ 5.0469,-5.2721,-2.1061,-1.8712,-1.5665, 1.6875, 2.8752,-0.1714, 1.3547,-0.5327,-2.8881,-2.8964,-0.6153,-2.7538, 2.3486,-2.0086,-2.9793, 1.7579,-2.0895,-2.5369, 2.7738]
[ 3.9326,-3.4686,-5.0056, 2.4873, 0.7075,-1.5983,-2.3223, 0.7082,-2.9819, 2.6147,-1.1452, 0.0655,-1.2726,-0.0224,-0.4917,-1.2179,-2.5703, 2.9644,-2.9977, 2.7846,-1.7342]
[ 4.4954, 0.5496,-0.743 ,-1.2975,-0.7056, 0.7841, 2.0516,-0.4521, 2.2559, 0.4629, 1.6091, 0.3294,-2.8093, 1.9507,-0.6216,-1.7107,-0.3083,-1.4093,-1.5473,-1.8977, 2.7886]
[ 1.3808, 3.3009, 1.6255, 0.8633, 0.2941, 2.7099, 2.324 ,-2.14  , 2.3661,-0.7111,-0.9928,-0.7614, 1.3021, 2.367 ,-2.7183, 1.2836, 1.6763, 0.7415,-1.362 ,-2.7524, 2.2804]
[ 1.9008,-2.7768, 1.4412,-0.082 ,-0.0505,-0.4447, 3.0672,-1.6786, 0.7879, 0.0382,-2.1054, 1.7328, 1.0346,-0.7038, 0.3443,-1.1916, 2.0017, 1.3687, 2.5737,-0.1476,-1.0918]
[-3.6839,-4.613 ,-5.2197, 0.6965, 1.3332,-2.2068,-0.4335,-1.7003, 3.0834, 0.855 , 1.4889, 2.9946,-3.1028, 0.9026,-2.7897,-0.3359,-3.1036,-2.7816, 1.0393, 0.4733,-2.2044]
[-1.4916,-4.98  , 1.7932,-1.3718, 1.3637, 0.752 , 1.8952,-1.0304,-1.7491, 0.0827,-0.3993, 2.9476, 1.6301,-2.5577, 2.0163,-0.7447, 0.5537,-2.3639, 2.9029, 1.2423,-0.2625]
[-4.753 ,-3.0387, 2.9291, 2.2803, 1.1991,-1.4713,-1.6712, 0.556 ,-1.8728, 2.0337,-2.5766, 2.443 ,-1.5336,-1.5007, 0.4671, 1.4132, 0.9747,-2.3018,-0.0867, 0.6808,-1.5734]
[-0.5062, 5.1288, 3.3954, 0.7892, 2.2504, 1.7348, 1.6833,-2.8896, 1.9245,-1.9304, 0.684 ,-0.4362, 2.3744, 0.2747,-0.2428, 1.2778, 0.7367,-1.677 , 2.7124,-1.2327,-1.1236]
[-2.8614,-0.4591, 2.1548,-3.079 , 1.7515,-1.5406, 2.7217, 0.8817, 0.5125,-2.5562, 0.6536,-2.8326,-2.8017, 1.2737,-0.92  ,-3.0701, 0.7421, 0.1476,-0.1116,-2.8088, 0.8426]
[ 1.9637,-0.4729, 1.1373, 1.3658, 0.4224, 1.1359, 0.6995,-0.4534,-2.3765,-0.3284, 2.8848, 0.3384, 2.5105,-1.5319,-2.8698,-0.4044,-2.4247,-2.3311, 0.9885,-0.9205,-0.7151]
[ 0.6377, 5.4564,-0.353 ,-0.7276, 0.7722,-1.3875, 0.8897, 1.0183,-1.178 , 0.2759, 1.3221,-2.8174,-0.3815,-2.4833, 2.6785, 2.2315, 1.7362, 0.7126,-1.0237,-3.0817, 1.23  ]
[-2.4864,-0.5617,-5.3891, 0.3134,-0.3682, 2.7074, 0.2218,-1.9049, 2.9129,-0.4999, 0.528 ,-0.7185,-0.2223,-3.1337, 2.1163,-1.3415, 1.0191,-1.407 ,-2.0671, 2.7483, 1.8453]
[-4.7891,-3.9877,-1.9853,-2.335 , 2.6699, 3.1113, 0.007 ,-0.6528, 3.1089,-0.3551, 1.2371, 3.0282,-1.5783,-1.1389,-1.1092,-2.4928,-2.1491, 0.8813, 0.3376, 2.1386, 2.2549]
[-3.7453,-3.5402,-1.9137,-2.8083, 0.1381,-2.8166,-0.6901,-0.8012, 0.101 , 1.7467,-2.8367,-0.253 , 0.0868,-2.6982, 1.2095, 1.3781, 0.2373, 1.3739, 1.1426,-0.9582,-0.8376]
[ 4.8921,-0.5491, 1.9204, 1.7525, 2.4376,-2.0129,-1.982 , 1.4705, 1.2726, 1.631 , 1.8124,-1.9528,-1.1797,-0.1037, 0.7863,-1.1079, 2.0332, 0.0858,-0.4741, 0.4106, 2.4078]
[-3.7856, 3.1816,-4.8734,-2.2655, 0.0507, 2.89  ,-0.1926, 0.9366, 0.6707,-0.2625,-2.9573,-2.2539,-3.0027,-2.6754,-2.8819, 1.4914,-2.987 ,-0.6856, 0.3976,-0.049 , 2.6657]
[-2.7656, 1.9435, 3.751 , 0.5176,-1.5956, 2.5628, 1.6924,-3.0568, 0.2319, 0.1948,-0.49  ,-1.1156, 3.0328, 1.4007, 1.7952,-2.1886, 1.1182,-0.1626,-0.1792,-1.4497, 2.6796]
[ 1.677 , 2.2105, 3.4906,-3.0335, 1.0911, 2.9257,-0.4694, 0.8761, 0.0212, 0.7231, 1.2364, 2.6348,-1.6383, 2.3181, 1.7556, 0.8599, 2.9927,-0.0221,-1.5523, 1.0475,-0.804 ]
[ 5.1849,-1.245 , 2.5815, 1.7315,-1.6289, 1.8276,-0.2673, 1.6751, 1.4192, 0.8329, 0.0211, 0.9874, 2.568 ,-1.8291,-0.0523, 2.9989, 2.5632, 3.0868, 0.6586, 0.0914,-0.242 ]
[ 5.1728,-4.1404,-1.9557, 2.0072, 2.4567,-1.6044,-2.1002,-2.4048, 2.7681, 3.1213,-2.9617, 2.3838, 1.8445,-1.9682, 0.555 ,-2.4264, 0.6711, 0.8781,-2.3091, 2.9623,-0.0188]
[ 2.842 , 0.1115, 2.525 ,-1.8744, 1.3757, 1.1282,-0.989 , 1.4508,-2.6741,-0.7705,-2.5255, 2.7181, 2.0986,-2.9185,-2.3963,-0.545 ,-1.6855,-1.9727, 1.1177, 2.2835, 3.0799]
[-1.4786,-0.1312, 5.3288, 2.9251,-2.7357, 2.3896, 3.102 ,-1.3744,-2.9911,-2.631 ,-2.7612,-0.7693, 0.7464,-2.1894, 1.2992,-0.0219,-1.6449, 1.0239, 0.7028,-1.5113, 1.843 ]
[ 1.7626,-1.1481, 3.2039,-3.0683, 2.6404,-0.6971,-0.8675, 1.5274, 0.8943,-0.4428,-2.9637,-2.6954,-0.8192, 2.2376, 0.325 , 2.9888,-2.0063, 1.5988, 0.1082,-1.7764,-2.7134]
[ 4.6085,-0.4262, 1.4189,-2.2688, 0.5702,-1.1526,-0.502 , 0.9162,-2.1191,-1.6652,-2.0211, 2.9353, 1.9873, 0.4061,-2.0248, 0.0464,-1.0673, 1.5772, 0.3773,-1.6323,-0.2795]
