[ 3.8189, 0.8165,-4.7476, 1.227 , 2.1806,-2.0976, 0.0123,-0.2926, 1.7876, 2.079 , 1.2004, 2.5501, 2.6815, 1.0462, 2.7719, 1.2304]
[-1.8515,-1.4924, 5.3756, 1.7933, 2.7498,-0.5805,-2.0765, 0.4148, 1.0336,-1.5006,-1.5426, 1.675 , 2.6076,-0.9732,-3.0912, 1.5519]
[ 1.5758,-1.8928,-4.6416,-2.1079, 0.17  , 0.2717,-0.6403,-1.5337,-0.9413,-2.5799, 0.3094, 3.1121, 2.8945,-1.5179, 1.2529, 2.6336]
[-5.1668, 4.9728,-2.1084,-0.248 , 2.6666, 2.6833, 2.8802, 2.9522, 0.5624, 0.4299,-0.8156,-2.2178, 2.7961, 2.1064, 0.8338, 2.452 ]
[-1.2067, 5.4506,-4.1025,-2.7215,-0.5085,-1.5993,-2.2241, 2.4667, 1.9375,-2.9137, 2.0649,-2.2658,-2.1592,-1.1799,-2.7408,-2.4797]
[ 2.5652, 4.0104, 2.831 , 0.6489,-1.0595,-1.0949, 0.3456, 0.6947,-0.1276,-1.1247, 2.9125,-3.1296,-2.5867, 0.8753, 1.2343,-1.588 ]
[ 3.1683,-3.7736, 2.8124, 1.6413,-2.645 , 1.5206,-2.6151,-2.5313,-0.8949,-0.5276,-0.4287, 1.5207,-3.0719, 2.9467, 2.9033, 0.8953]
[ 1.7343,-2.4185,-4.059 , 1.1338,-1.6745,-0.0854, 1.3047, 0.9464,-1.2156,-2.7152, 1.8765, 1.0977,-2.369 , 0.703 ,-0.4901, 1.2953]
[-2.177 , 0.3333, 2.0695, 2.0441,-0.1274, 2.6284,-0.385 ,-0.6363,-2.1261,-2.2791, 2.626 ,-1.7541,-2.1138,-2.4988,-1.2595,-2.5838]
[-2.6181, 5.4396,-1.783 , 1.6681,-0.4351, 1.4652,-2.1968, 1.2289,-2.9187, 2.1985, 0.7551, 1.841 ,-0.8642,-0.3803,-2.4072, 2.8205]
[-5.0557,-4.4355,-1.387 , 2.8522, 2.974 , 2.7546,-1.3163,-2.37  ,-0.2351,-0.9728,-0.7663, 1.5004,-1.5595, 0.2074,-1.4992, 2.4083]
[ 0.5792, 0.9807, 3.63  ,-0.6845, 2.3321,-2.2888, 2.8754,-0.083 ,-1.7228, 3.094 ,-2.6671, 2.9223, 1.654 , 2.9195, 2.9045,-1.2279]
[ 4.3624, 5.3146, 0.4699,-0.162 ,-2.8506, 0.1945, 1.7193,-2.5855,-2.3244,-2.183 , 1.1354, 0.5982, 2.1691, 2.3229, 2.4016, 2.0028]
[ 0.3188, 0.2895, 5.2922,-1.9636, 2.142 , 0.1185, 0.8227,-2.5617,-1.2007, 0.3321, 1.402 , 2.7772,-2.3651,-1.9033,-1.165 ,-2.6748]
[-5.3159,-0.6502,-0.8357, 3.0266, 0.5345,-1.814 , 1.5558, 1.7873, 0.3152, 0.328 , 2.915 , 0.0181,-1.6135, 0.7777, 3.0122,-2.6873]
[-4.3319, 5.3766,-0.7471,-2.7646,-0.3631, 0.6656, 0.1598, 2.8607,-1.7245,-2.8701,-2.6738, 0.4361, 2.3269,-3.0993,-1.9846,-1.4802]
[ 3.3263,-0.6355,-4.8461, 1.2136,-1.383 , 1.1542, 1.223 , 0.9987,-2.0288, 1.5313,-1.0405,-1.6109,-2.4426, 1.5013, 2.104 , 0.3546]
[ 5.1128, 1.6221, 5.3209,-3.0694, 2.828 ,-2.7833, 1.1218, 2.6247,-0.9254, 1.3764,-1.3506,-2.2323,-1.5969,-1.957 ,-1.9945,-2.2495]
[-4.6287, 5.0344, 1.7141, 2.0941,-2.7718, 0.0866, 1.2883,-2.7301, 1.7489, 1.4129, 1.227 , 1.605 , 0.0843, 2.4972,-0.0762,-2.404 ]
[ 5.1244, 1.3428,-2.8319, 1.688 , 1.3148,-1.4814,-2.09  , 0.3672,-1.1103, 1.3539,-2.3056,-1.2533,-2.2931, 2.4083,-0.5441, 1.22  ]
[-9.1037e-03, 1.4634e+00, 1.5559e+00,-1.7876e+00,-2.3935e-03, 7.5551e-01,-1.8691e+00, 1.0286e+00,-1.9412e+00,-1.0312e+00,-1.1370e+00, 2.4050e+00, 2.1348e+00,-2.3060e+00, 1.4099e+00, 1.2454e+00]
[-5.0271,-2.9383,-1.7665, 1.1518, 1.8963,-1.2909, 1.2523, 2.7428, 0.59  ,-0.4765,-1.8854, 1.8261,-2.3064, 0.0405, 1.8002,-0.4331]
[ 0.1025, 1.3007, 0.2655, 0.6712,-3.1078,-0.6042,-1.9347, 1.9009, 0.4133,-2.9321,-1.6382,-1.2617,-0.8896, 2.2019, 0.2908,-2.2187]
[-2.9556,-2.3955, 1.8003, 0.2445, 2.7454,-2.851 , 1.4422, 1.8842, 2.5918, 2.0861, 2.6898, 0.5279, 0.0921, 1.3706,-0.4083,-1.5966]
[ 1.7906,-2.1668,-4.2827, 0.9407, 3.0085, 2.8116,-0.8944,-3.1101,-1.9467, 1.7242, 1.5022,-0.0763,-2.3376,-0.8001, 1.2452, 0.0674]
[-0.8509, 1.4479,-0.169 , 2.2457, 2.2722, 3.043 ,-2.3925, 2.262 ,-2.8617, 0.6292, 1.7868, 1.4499, 1.2821, 1.6529,-2.954 ,-2.7568]
[ 0.5121, 5.2863,-1.8543, 0.8547,-1.5287,-2.9953,-0.6742,-0.7616,-0.5788,-0.0066, 2.9634,-2.3479,-1.0532, 2.0716, 2.9202, 1.7848]
[ 1.5288, 4.3428, 4.903 , 2.2097, 3.0265,-0.5354,-1.9692, 2.3934, 1.6065,-1.5567,-0.971 , 2.017 ,-0.8126, 2.0639, 2.6247, 1.3709]
[ 0.1382, 2.4094,-4.5029, 2.3948, 0.9217,-0.259 , 2.2153, 1.6648,-0.8598, 1.8195,-2.1759, 0.659 , 0.6991,-0.0296, 1.7148,-2.1515]
[ 2.1293, 0.7529, 2.9757,-1.5288,-0.1442,-1.3435, 2.6977,-2.6718, 2.1528, 2.1623, 2.0104, 0.6661, 1.3944, 2.6689,-0.1857,-1.8467]
[ 3.1658, 2.0617,-1.7445,-2.2499,-0.4344, 2.0761,-2.2732,-1.889 ,-2.2996, 2.7224,-1.4538,-2.4638,-2.3366,-0.3556, 0.5957, 1.4186]
[-4.8342, 2.0547,-5.2422,-1.8849,-2.5101, 3.1217,-2.5871, 1.3798, 0.6949,-0.318 ,-2.452 ,-3.1356,-3.0528, 0.2477, 1.2444,-0.549 ]
[ 1.9061,-0.0532,-3.6489, 1.0425, 0.0189,-1.2917, 0.6963, 1.4395,-2.4972,-1.7072, 2.6478,-2.5205,-3.0638, 2.9006,-2.3132,-2.3725]
[ 1.1286, 1.2102,-0.7826, 0.3271, 1.2291, 1.6805,-2.9724, 0.2963,-2.7387, 0.4426, 1.2103,-2.084 , 0.5724, 2.6693,-0.3922, 0.0565]
[-1.5822,-3.6175, 3.5041,-0.6045,-2.4311,-0.4679, 0.7583,-0.0065,-2.7434,-1.2453,-1.1408, 2.1445, 0.4854, 0.0776,-0.6281,-1.6644]
[ 0.2939, 0.1271, 0.7416,-0.7027, 2.0434, 1.4321, 0.5767,-1.396 ,-2.3762,-2.1214,-1.6046, 1.3254, 1.8517,-0.7624,-1.6437, 0.0467]
[-5.0619,-4.5903, 1.9327, 2.7042,-2.3434, 1.113 , 2.6865,-2.4759, 2.207 ,-0.2162,-2.911 , 2.677 ,-0.9298, 0.0469,-1.2922,-1.3387]
[-1.8545,-2.2977, 2.3671, 2.8944, 1.763 , 2.0106, 0.8664,-1.2488,-2.314 ,-1.3758, 2.0054,-2.9277,-1.0178,-0.1782,-1.6183,-2.4435]
[-3.893 ,-2.755 ,-0.2584,-0.2561,-0.2624, 1.8016,-0.2443, 0.9099, 0.6603,-1.8888,-0.818 , 1.4463, 1.8419,-2.2528,-0.1447, 0.8073]
[-1.5176,-2.1243, 2.9928, 0.3027,-1.7128, 2.0966,-2.5461, 2.1149, 3.1217, 1.3387, 1.9634,-1.6446, 2.6738,-1.7274, 0.2675, 1.8692]
[-4.3381, 3.604 , 4.8276,-1.141 , 2.5161,-0.3399,-2.899 ,-1.1338, 1.2664,-0.3803, 1.6525, 1.1404,-0.5945, 1.4935,-0.4451,-1.2991]
[-3.9152,-4.8213, 5.158 ,-1.2113,-0.6207,-2.8789, 2.2829,-0.4471,-2.4296, 2.5955, 0.4386, 2.6689, 1.9866, 2.1748,-2.8285,-2.4473]
[-5.0013,-1.4139, 1.9596,-1.747 , 1.9556,-0.0253, 0.535 , 2.2178,-0.5235,-1.996 ,-2.5255,-0.4591, 2.9675,-1.0634, 2.3234, 2.5833]
[-1.9159,-0.3141, 2.1378, 2.1001, 2.7005, 1.8441, 2.598 ,-2.2456,-1.5409, 2.5815, 0.7804, 2.7768,-1.5906,-0.403 , 1.9146,-1.4077]
[ 4.5265, 1.7523, 4.2986,-2.5649,-2.6163,-2.3664,-2.5024,-0.1549, 0.14  , 1.4948, 1.3444,-1.4078, 2.6281, 1.9719, 0.0545,-2.7295]
[-2.9803, 0.8576, 4.7863,-0.5843,-1.368 ,-1.9166,-0.7186,-0.2412, 1.0658, 0.8293, 0.8243, 2.7046,-2.8706, 1.0807, 0.1601, 0.9666]
[-4.1489, 1.3814, 2.312 ,-0.5851, 2.6279, 2.5718,-0.4286,-1.2008, 0.0622, 2.6873,-0.4633,-1.4577, 1.1187,-2.276 ,-1.8096,-0.3148]
[-5.131 ,-3.8627,-0.6045,-0.5407,-1.549 ,-2.0631, 0.4691, 0.2352,-0.0988, 2.0826,-1.0006,-0.0631,-0.8502,-0.5833, 0.1848, 2.5329]
[ 3.2374, 4.9803,-5.4289,-1.9529,-0.2445, 3.0499,-2.0586, 1.6877, 0.5296,-2.086 , 2.5542,-1.4091, 1.006 , 2.0254,-2.9028,-2.6226]
[-1.041 , 4.8794,-4.1588,-0.7507, 1.9946, 2.3276,-2.1858, 2.7694, 0.0935,-1.3601, 2.2664, 0.3815,-0.1291,-2.6129, 2.1094,-1.2214]
[-4.0555,-5.2763,-1.807 ,-2.7565,-3.1356, 0.2494, 0.4859, 2.8831, 2.3886,-2.8636,-0.9098,-1.7148,-2.3213,-2.4834,-0.3129,-1.9965]
[-3.5223, 1.2008,-1.3598,-1.5066,-1.2544,-0.6857, 0.7545,-0.6438,-1.9744,-0.621 ,-1.862 , 2.9412, 2.2102,-0.5914,-0.0349, 1.9233]
[ 5.4725,-4.561 , 3.6248,-1.0975,-2.8185, 1.2025, 1.3963,-0.4944,-1.4884, 1.2669,-0.0403, 0.1066,-2.6553,-2.9923,-0.8858, 1.4434]
[ 1.4952, 4.2138,-3.6982, 2.3503,-1.4038,-0.0722,-2.1519,-2.8599,-2.0356, 0.0133, 1.8644, 1.8883,-2.3759,-2.9288, 2.6313,-0.5772]
[-0.2452,-2.2027,-5.281 ,-2.2668, 1.421 , 1.4857, 1.2788,-2.3677, 0.8841,-0.5724,-2.721 , 2.5964,-1.0975, 3.0433,-0.9696, 0.1939]
[ 0.4108,-4.7746,-0.3893, 2.5014, 1.2951,-0.5712,-2.8048,-2.1862,-1.4703, 1.1693, 1.1194, 2.7336, 1.578 ,-0.2009,-1.8312,-2.223 ]
[-1.4594, 4.6813, 1.0804, 2.2682,-1.8612,-2.0705, 2.1855,-1.8513,-1.2083, 2.2513,-1.9277, 2.8665,-0.5016, 2.2834,-2.6227,-0.6333]
[-3.9821, 0.8662,-4.7705, 2.5978,-0.8354, 1.2537, 0.1716, 1.7509,-0.2289,-1.1048, 2.5636,-1.0014, 3.1377, 2.9221, 2.8997,-1.5942]
[-4.7632,-3.3769, 2.1279, 1.7241, 1.2602, 0.7706, 3.1244, 0.0936, 0.0857, 0.4173, 2.0689, 0.1792,-1.7749,-1.9774,-3.0202,-2.6459]
[ 0.7152,-0.9534,-5.0255, 1.7903,-1.9725, 2.7272,-0.7099,-0.7608, 0.4267,-3.0905,-0.4723,-1.5621,-0.9526,-1.98  ,-1.1049,-1.5908]
[-3.2385, 3.5628,-1.1764,-0.5314, 1.3768,-0.9014,-0.1814,-1.7469, 0.3771, 2.6461,-0.4703, 1.2297,-2.6042, 0.4309, 1.8803, 0.5474]
[ 4.4935, 2.3427, 3.3547, 0.5315,-1.545 ,-2.4258,-1.7008,-2.934 , 1.2589, 0.448 , 0.415 ,-2.6136,-1.1083, 2.3956,-0.3453, 1.8416]
[-0.7956,-4.7827,-4.4799,-2.2737, 1.8761,-0.8464, 2.2484,-2.512 , 0.1528, 2.9638,-0.1702,-1.6098, 0.8112,-0.3569,-0.5523,-1.5826]
[-3.7454,-5.2023,-3.8465, 2.3113,-3.0102,-2.6716, 2.8931, 1.3088, 1.4689, 2.7171, 0.1904, 0.4937, 2.943 ,-1.4426,-1.5407, 1.68  ]
[ 2.8444, 1.3509, 3.7623,-2.553 ,-2.7833, 2.6911,-1.4221,-2.8673,-1.1266, 0.1534,-2.3688,-2.3998,-1.7818, 2.2718, 2.3354,-1.5933]
[ 3.2984, 0.6373,-4.818 , 0.0169, 0.3392, 2.723 ,-0.6798,-1.1855,-1.5049, 1.845 , 2.4076,-0.0919, 0.9536,-1.2508,-1.2508,-0.3145]
[ 4.1202,-2.7137,-4.4725, 2.1642,-0.2135, 3.0892, 1.9057,-0.1437, 1.4241, 1.0749,-0.9269, 0.2243,-1.847 , 2.1253, 2.0557, 2.0552]
[ 1.1536, 2.5043,-4.9526, 2.7888,-3.1037,-2.6631,-1.532 , 0.5839,-3.0136, 0.3259, 0.2023, 2.3098, 2.2439, 0.5168,-2.4342,-0.353 ]
[-0.1333,-4.1647, 2.3742,-0.0251,-2.1331,-0.4853,-2.0078, 1.9935,-2.8556,-2.268 , 0.6458,-2.2043,-0.8163,-1.8966,-2.4313, 2.6128]
[ 0.4208,-5.2682, 0.5318, 1.4558, 0.9792, 0.977 ,-0.1497,-0.9832, 1.7322,-0.9846,-0.2134, 2.3249,-0.4028,-0.8993, 2.3302, 2.7891]
[ 0.8727,-5.2419,-0.8414,-1.3342,-1.891 , 2.7377, 1.6981,-0.3677,-0.1052,-0.6045,-1.7928,-3.1359, 1.3287, 2.1418,-0.2246,-2.2748]
[-1.8207, 2.7929,-2.6526,-2.8001,-2.7557,-0.2522,-2.3539,-1.7224, 1.6978, 1.6907,-2.7733, 0.572 , 2.2967,-0.149 , 0.704 ,-0.569 ]
[ 4.1259, 4.5135, 0.6574, 0.4196,-1.9507,-3.0556,-2.2735,-1.7513,-0.5176, 1.493 ,-3.0533, 2.2003,-2.2739,-1.3809,-0.885 , 2.6922]
[ 1.878 , 1.7892,-2.5549, 1.255 , 2.1129, 1.7087, 2.6268, 1.3931, 2.4239,-2.6327, 1.5554,-2.7486,-0.3289,-2.1575, 1.3053, 1.1804]
[ 3.3672,-5.2437, 5.0561,-2.1148,-1.455 ,-0.4355, 2.7239, 0.9155,-1.4111,-1.0956, 0.4076, 2.2872, 1.0753,-1.8012, 0.3727, 0.0954]
[ 3.3781,-0.5601,-4.2252,-2.9485,-1.9249,-2.8366, 1.5173,-2.1965,-2.835 , 1.4293,-3.0071,-1.4622, 1.1314, 1.3924,-3.0709, 0.3501]
[-3.7794,-2.6116, 3.9692,-3.0552,-1.2573,-0.0289, 2.74  , 0.6303, 0.8887,-1.6047,-0.4537, 1.8387,-1.947 ,-2.691 , 1.8439,-0.7711]
[-2.7443, 0.2406, 0.4274, 1.2474,-1.8676, 1.8437, 3.0822,-2.6886, 2.3586,-1.7875,-0.5343,-2.0938,-2.0816, 2.5587,-2.0808,-1.2151]
[ 1.7359, 4.691 ,-5.1225,-2.589 , 3.0756,-1.0271, 1.7982,-1.4798,-2.5253,-1.6537, 2.4579, 0.9115,-2.3684, 0.3766,-1.0919,-1.2532]
[ 2.3566,-1.4617, 5.4778, 0.9339, 1.2173, 2.0625,-2.1822,-0.6267,-0.9717,-2.6529,-1.184 ,-2.9521, 2.7491,-0.2229,-3.0472,-3.0493]
[-4.338 , 0.258 , 1.8725, 0.1395, 0.7315, 2.0991, 1.7782,-2.2354,-1.5797, 0.9985,-0.9846,-0.4227, 2.3706,-1.4711,-1.6592,-1.1988]
[-1.2306, 2.5681, 2.6798,-1.0306, 2.9429, 0.114 , 0.5453,-0.4283, 2.0135, 2.5206, 0.5521, 1.4662,-1.0687,-2.8599,-1.8074, 1.1923]
[ 0.4587,-2.6602, 4.8044, 2.2241,-3.0945,-0.3909,-0.8308,-1.4282,-2.341 ,-1.488 , 0.6565, 2.9344,-0.9085,-2.945 ,-1.2854, 1.9992]
[ 3.8393, 1.5831,-5.1531,-2.2458, 1.8806, 2.2647,-0.5552, 2.4945,-2.3024, 0.0282,-2.3228, 0.0652, 1.7783,-3.1412, 2.6319,-2.8704]
[ 0.9314,-2.7089,-5.3996, 0.3579,-1.6351,-2.6097,-1.6117, 1.3356,-2.3008, 0.2285, 1.7325, 0.4878,-2.2995, 1.3968, 1.9044,-0.5967]
[-0.2242, 1.4136,-3.4914, 1.6767,-0.5192, 0.4775,-0.2396,-2.8878, 1.5093,-1.7071, 1.2439,-2.568 , 2.0396,-2.0167,-1.7631, 2.0077]
[ 2.4367,-2.6892, 4.8539,-2.916 ,-1.8301, 0.5901,-3.0168,-3.0895,-2.5188,-1.6341,-0.8997,-2.4961, 0.4167, 2.345 , 1.8099, 2.132 ]
[ 0.9142,-2.572 ,-2.4678, 0.8518, 3.0338, 1.0998, 1.469 ,-2.9619, 1.4472,-1.3632,-1.4924,-1.6491,-2.2183,-3.1377, 2.6137,-2.6903]
[-2.4833, 2.4206, 5.087 , 2.7233, 0.6057, 1.6187, 3.1207, 2.2581, 0.2703,-0.8635, 2.8903,-0.4373, 0.4285,-0.9626,-1.1066, 1.2859]
[ 5.4372, 2.4302,-0.1842,-0.2238, 3.0434,-2.3301, 0.0921, 0.2813, 1.0195, 2.745 ,-2.7512,-0.4142, 0.6378,-1.259 ,-2.6452,-1.9336]
[ 0.951 , 2.6014,-1.1066,-0.9159, 0.8599,-2.6809,-2.5933,-0.5161,-2.9264,-1.2641,-0.9272,-0.9915, 1.6714, 0.8416, 2.4417, 1.3751]
[ 2.9309, 4.7507, 2.3193,-2.671 ,-0.9089, 1.2969, 2.477 ,-1.2313, 0.8611,-0.2398,-1.7076, 2.198 , 1.3327,-1.4038,-1.625 , 1.5518]
[ 0.9845, 0.9489, 2.0303, 1.3933,-1.1399, 2.8177,-1.1195,-1.8471,-1.3791,-0.7425, 2.5491, 0.4615, 0.4358, 0.3682,-1.7235,-0.2688]
[ 2.6585,-1.4364,-3.2069, 1.0117,-0.1995,-0.8865,-0.6962, 0.12  ,-1.1201,-0.1736, 0.2715, 0.274 ,-0.752 ,-2.4416, 2.5938,-0.6798]
[ 3.2208, 0.6866,-2.1841,-2.9807, 2.7884, 0.1022, 2.1196,-2.1793,-0.8958, 1.0587,-2.8128, 0.9319,-1.4654,-1.6434,-2.1416, 0.4959]
[-1.5731,-2.0491, 5.3454,-2.3394,-0.8571, 2.6409, 0.576 ,-2.8629, 1.2864, 1.0549, 0.9649,-3.1247,-0.1551,-3.0159,-2.0765, 2.6383]
[ 1.9962, 5.1742, 3.7761, 1.5043, 0.8293,-0.5455,-0.1047,-2.7751,-2.5335,-0.3093,-2.9775,-2.4678, 1.8358,-2.9613,-2.1587,-0.5913]
[ 3.3016, 1.1546,-1.7013,-1.2732,-2.2495,-2.3416,-2.2618,-0.7601,-0.9952, 0.5669,-1.3565,-2.653 ,-2.5239, 1.2903, 0.3485,-2.2413]
[ 1.3596,-4.7524,-3.1277, 2.4652, 0.8571,-1.8284, 3.0477,-2.293 ,-0.7112,-1.3427,-0.0627,-0.382 , 2.424 , 1.5911,-2.398 ,-2.0031]
[-3.6517,-4.9442,-4.37  ,-1.2923,-0.1699,-1.8907, 2.7389,-2.5048, 0.1117,-1.5121,-1.3271,-1.6018, 0.9579, 0.1636,-1.0592,-1.0329]
