 -2.20474826761 -3.95471027951 -0.78138569159 1.6481148144 2.54304302986 -2.61717958155 1.77328787269 1.41894052047 0.057461580526 -1.59028097616 -1.70837589177 -0.619044439599 1.04286429651 -0.597885595314

1 1272.57727068 3.41472678215 5.54549792018 -0.440309732317 -1.7188308055 2.25293066787 -1.27618525641 -0.134690856654 -0.708618836823 0.705711407195 -2.51060911199 -2.09019987605 -2.79139286777 -1.60849785597 -1.19757318051 1
2 1885.37764572 -2.92231076029 3.10920181652 5.57877601733 -2.06493172661 -1.24050807493 1.52671225058 -1.98547183528 2.29277846007 -2.19176079786 -0.650012110811 1.53628892713 2.67333450353 -0.730445193454 -2.84476726704 8
3 2825.5194329 4.78916936439 4.20014474092 -0.355415773885 -1.3053085967 -0.553418028133 1.88223739354 1.43182337787 -2.49937384968 2.60518794995 0.280780789562 -2.60990478239 2.08738689039 -1.17829412908 1.50154616891 3
4 2904.23910278 3.89503924892 2.60905712891 -2.45578066232 -2.16445325487 1.75652052042 0.197137789948 1.64341537071 1.70395828984 2.88897858445 1.18948710161 0.680262847375 -0.596835268415 -1.54678601609 1.32644516895 4
5 3107.23172115 -2.74790487695 -0.852565828962 5.53781953886 -0.999589554371 -2.70512183212 -2.29020636698 0.540768248232 -1.32935609689 -0.689550529189 1.1752500454 -0.590126610015 2.68663427642 3.10992810514 -2.73444949271 26
6 3598.35585192 7.17174709071 3.29479844427 -4.63473717471 1.887674053 3.11727310646 -1.29315467021 -2.52212587838 -2.50985385983 -0.800877186373 -0.996098843359 1.89076912355 -1.1419430418 -0.368880954026 2.12650196857 6
7 3668.86152472 -2.01226259631 -1.52385721295 4.92914301749 -0.063601912009 0.677516009074 -2.32799153913 -2.80345526857 -1.66800461843 2.80390387198 2.60962361829 0.558288109277 -3.05978224236 2.31163570102 0.844746276697 26
8 4161.79267983 7.06888795461 5.30211011089 -2.37644225044 1.25129406555 1.34703707583 2.61154177923 2.61667242879 -2.07536253542 1.38786755352 -2.12402720549 1.71626566507 -0.494870575234 -0.49726131093 1.45422599614 6
9 4257.03311437 3.64232378082 2.56426218422 1.63655059873 1.82854069606 -2.89141687254 0.0093543256718 -0.393618382494 1.90009124172 -0.0824442376755 -2.50816226436 0.0409280181618 0.613179807468 -0.628220188263 -0.269578963148 1
10 4268.25988204 -0.676961802936 0.592301139612 1.75381257376 -2.89716268323 -0.488959232764 3.06748368339 0.410799256445 -2.60318211095 -3.05166631747 -2.00530036929 2.859300486 2.37200264347 -0.677552995347 -1.73017511566 20
11 4281.94597534 4.1137533929 7.15836002367 -2.80079431633 -2.22748945528 -1.65724660403 -0.794002249144 0.619238815328 -0.574625805398 2.71821182024 -2.05654786799 -2.4898809921 -1.54920354068 -0.489580010468 -2.56127634712 15
12 4446.80170683 -3.13708881735 4.93850565254 5.72941297422 -2.03006149553 -0.986595890868 -2.28351680475 -2.26772677032 2.40774070894 0.0724979894126 -0.512554310717 -0.0650861249628 1.30994870149 -0.996654996447 2.21859236086 8
13 4745.79563349 7.38117458191 9.31257836897 -1.81658839725 0.0188967351305 -0.5868097914 1.73499070889 0.397077803994 1.84086219922 -0.832893979368 1.58286916801 0.448784117964 2.83108710398 0.366151219351 -1.66423259076 15
14 4820.67624096 0.845042118469 -1.17965914193 2.04703775358 -1.96576851402 0.233089780623 -0.200533675796 -2.51830638613 -1.96035869421 0.706984834709 3.12315556885 0.328732011252 -1.11611972523 -1.84550609888 0.420371148648 19
15 4932.58304409 4.0572668316 0.804105882857 3.06396373215 1.75057010563 -0.370906007024 0.628905047672 -0.0744867629205 -1.86611298467 1.690641974 -2.55615148824 1.22109451946 -0.125426770962 1.45057935633 -0.348978461566 27
16 4933.23471597 0.857043311351 0.696792139723 0.81229779498 0.987093726171 1.18769219626 2.21014657449 -2.50290139946 -1.33794327931 0.28709583968 1.84963698736 2.48738177379 0.261107974399 1.73297577185 -0.680500580536 19
17 4933.91852192 6.3987384384 1.48935933306 -1.50755300722 -2.16412986974 2.16116324839 -0.418760340112 1.08743768048 2.20526797162 -0.649517111501 -1.09804060437 -1.97449420112 -0.0305055689378 -2.60518550408 -1.13305019031 24
18 4949.57716885 4.41460941876 1.07528088036 1.01431715858 -1.88450202856 -0.677577211369 -1.30577654755 -0.810304689124 2.99743688993 0.0940931198386 -2.51075081853 1.50716053281 -2.845236351 -2.78197931277 3.09638255946 21
19 5134.48780712 -2.22306080928 4.10143682997 4.69511614871 -1.22494975131 2.8244188645 -1.55669062115 2.25538548261 0.621286477584 -1.78987971729 0.300499203424 -0.686693972197 0.356742303534 -0.822604393035 -0.445587299911 8
20 5324.01296516 1.61865005637 0.871187803037 0.394476581155 1.60122728384 -0.671983884948 -1.16527463245 -3.00721767174 1.15531616739 -0.146676795342 0.885914178909 -0.767899573398 2.92717975358 -1.24612493959 1.89509484811 19
21 5578.29928315 7.50908341461 9.38297260999 -1.7814281092 0.629578030449 1.22943257183 2.43425974593 -1.39585544458 -1.13707916148 3.00246320665 -0.159392793124 0.173357678724 1.75928209419 -1.72976078211 0.134606398299 15
22 5628.18970156 -2.27678125645 5.49724912833 3.15988974453 -1.78618254951 1.21038613119 -3.12499726581 1.41910628948 1.23179697864 -0.720281423102 -0.504786475115 0.990796661289 2.02253664244 0.335279240176 1.75449972363 8
23 5715.87040734 -1.57002783659 1.6262097212 4.14612157266 0.114306797901 -2.80818694669 -0.63778177924 -0.668484132296 1.19809466508 1.0006558103 1.53893674809 -2.22567116733 -2.45479842771 1.51985589214 -1.37541356859 26
24 5829.24663888 6.11920756887 0.0990353664803 1.80865267485 -0.271778635944 -2.28746139117 -1.29127305838 -2.5253222623 -1.99349480019 -0.843998580464 -1.10144159475 -2.97839593348 1.49818440344 1.71800875273 1.88846564938 21
25 5885.45444348 2.967395127 2.72319241694 5.79337425896 -0.987774841897 1.75295131021 0.596079488683 -2.6430953214 2.66060977809 -3.12207874511 2.38860156645 0.0277129904983 1.71036411044 2.27010116915 -0.547429448673 5
26 6033.02748621 -0.187246787477 0.864629023425 1.70525239348 -2.25332644749 -0.905942554245 1.18160902745 2.52572579668 0.284538776528 2.11439428181 -2.92374792488 -3.08217741993 1.58336026433 -0.336337091281 -2.19937029275 20
27 6034.03717894 6.38791173697 1.77111072681 -2.60162684656 -0.976314034994 -3.04190784454 -2.0737488713 -1.8140877508 2.65796236543 0.983051079975 1.44308940463 1.08450850026 -0.42409913307 2.72838882912 0.350969155048 24
28 6078.31385871 6.74839894321 4.2027274331 -2.81790026704 2.6328485004 0.265980841287 -2.22379083534 -2.55065811413 -0.854951955943 1.48053383477 2.14684640363 -3.05063685286 2.54902983176 2.24683164536 1.94568973056 6
29 6090.813733 7.68132435478 5.46409986271 2.43074756268 -1.93811745667 -0.376875313351 -1.04380916266 -2.34990172114 0.945699132748 0.90851845583 2.23913412586 1.09469238396 -0.790904323409 -3.11410823616 0.895711503749 3
30 6120.2583241 5.25200496725 5.37020795238 -0.852930257492 1.64033891087 -1.69154478159 2.10974421409 -0.788940927979 1.33890929784 2.18159761875 0.406091318651 1.83857352167 -2.84824210524 -2.45377478353 -0.0324001210982 3
31 6145.50911038 1.27506822758 2.42219359126 2.46245334582 -0.909421406453 -0.070622769346 -2.35406335022 -0.907298505575 0.551656718239 1.09898802887 1.59655381598 1.83424037693 0.632933564858 2.45896651675 2.3409502851 1
32 6168.55720275 3.32649670442 0.508516503392 2.66195492429 -1.06937143617 0.845312154814 -0.053236244175 2.74299248387 -1.82147898415 1.72383449957 0.610792500001 1.76968893165 -0.0140213098473 2.88092090266 -1.75577363069 23
33 6183.43958985 0.279227113229 9.40594092507 -1.26130602021 -0.700336095666 -0.319773345429 0.562994672 -1.26440833036 1.46216974276 -0.0953114508741 2.21705361303 2.13971876082 -0.889816305501 -1.50839163482 0.0220255235425 16
34 6193.52718414 -2.9962056441 2.02892630068 -1.37536443506 -1.50494022534 -2.31063702885 -0.762100395428 -1.92430912496 2.46163469715 1.8387470515 2.92440291735 1.40914531135 2.88011083696 -1.08880835171 2.48914729278 25
35 6204.77036328 5.01077732574 4.87891720877 -0.113493393396 2.96139075776 -1.12020974153 0.660896540445 0.375591832844 -2.90843010893 2.493326519 2.34790504412 2.2310135537 1.45901871335 -2.95001409916 -0.197409502856 3
36 6345.51569046 2.73104699088 -0.962257787839 2.05554633846 1.58780970813 3.09672612198 -1.63538034492 -2.58901220707 -1.32632406331 2.9349825381 -2.41859512869 1.55734526185 -2.14157291184 -0.505633546491 -1.50123787998 19
37 6352.05707758 1.30063794939 1.0662806819 4.93645389122 3.094434338 1.21770027016 -1.01925989359 1.66557696757 1.32107814627 2.09670144974 -2.03358748642 -2.33400180875 -1.99633605646 -1.35407563827 -0.430706533175 23
38 6422.45120062 0.229514372879 -0.252692340773 5.79722850471 2.79204925364 1.14019699001 -2.36857338669 -0.661802414023 -2.76878023685 -0.462093992746 0.10103582743 -0.0615348225121 1.98555160198 3.14114018101 -2.30244635116 26
39 6516.1791589 3.62716509995 1.61934550351 -2.8657122203 -1.65377687461 3.08133505072 -2.36861103315 -2.33980564967 0.0998668707951 -1.81877622758 -2.27028806578 0.784865782283 -0.704129472671 0.0911083129462 -1.56588911225 22
40 6529.09171397 4.28659027853 3.45430040464 -3.98750105133 -0.714654065108 -1.2381455533 0.58154364109 -0.495105697675 -1.07651649411 0.233624741227 0.688627708876 -3.11204814459 0.320831321031 0.4746208503 -2.23073639712 6
41 6772.08203277 2.29117530558 -0.00973160014725 5.26096064281 0.230123438328 -2.22251948844 1.09935729597 -1.87628865653 -1.37752598745 2.41703242519 -1.72443940991 0.541178802361 -1.40285754631 -2.68254606732 2.72750629684 23
42 6795.87288723 3.81845409778 1.85872517958 1.83284604171 -0.425468479601 -1.82186623578 1.44170243213 0.358120428097 -2.92912490424 2.75402482688 0.321025647217 -1.43208952999 -2.81325600241 0.668794750274 2.71070470295 19
43 6823.90036087 -2.74460604495 0.565351046732 -1.45447865683 0.960794302265 -0.036835005881 -0.509858458273 1.33331956795 -1.22145602958 -2.88567181504 1.85428083813 1.5455777454 -2.68401451505 2.90405280883 -2.51323665681 25
44 6935.73458891 6.87550335442 9.31495956492 -0.740549379965 -2.203686952 -2.62371604568 -1.52475740186 2.49096512053 0.293018761747 0.783029979535 1.09532007976 0.167768473216 -3.10315852207 0.700411487595 1.91636426009 12
45 6967.08988508 6.03484794157 0.844577583456 2.05731517243 0.676272383496 0.967150238033 -0.550778773542 1.71661673753 -1.75870798147 -1.20359818752 -2.95456813944 0.775527387346 2.33877810326 -0.693027404712 -2.16984672417 21
46 6985.54705481 -1.7117442603 5.7565573645 0.756295307769 -2.49439450987 2.42019716555 -3.08617003495 -2.58297835171 2.27215262743 -0.282152057085 2.87095096909 -1.72106755524 1.80237494998 0.228055861153 -2.12736696409 2
47 7019.69776725 7.03722142861 9.25892395488 -4.23493446 2.06692362944 2.60917240762 -0.0591425233881 0.409847537938 -2.79384765438 -1.91589524016 1.24169969427 -1.45134612504 -3.09071573746 -3.08664449962 0.3481372539 15
48 7054.80021945 4.23671407227 4.75228922237 -1.03531858593 3.07826714564 1.29472436739 0.330378979834 0.40143109278 -0.794716286145 -2.63212936001 -0.390525201276 -0.891705762138 1.20509661565 1.70242721044 -2.13023577997 3
49 7067.11465727 1.85525432447 2.00071459406 6.18759764733 3.08124669415 1.8423347274 2.88123646052 0.931221447985 0.563814098319 -0.395389215928 1.33148253146 2.95887417282 3.06751899089 -2.71475811693 2.05047664326 23
50 7155.93133028 1.92190275985 7.53582945099 -2.14906634027 -2.07431151915 -2.92138151393 0.425711157551 1.18249872778 -1.37122669491 2.11282867665 2.10869430471 1.03981742111 1.58727728303 -2.41686891669 1.18714589343 13
51 7185.97898478 -1.30046323666 1.92777700905 2.32547585815 2.79992113689 0.470223551271 0.752320007077 2.60219335704 1.31547002344 -1.59083709418 2.25764574384 2.93531720357 -0.411616434804 -2.16766563148 0.944797976224 20
52 7190.89730176 4.18874146622 1.37493727147 1.89656056608 -2.83350300802 0.316267958657 1.29875086626 -1.19093796715 0.255582856464 0.0473599621586 2.08445668069 1.05880988312 0.382234377913 -1.5709919251 1.14135382708 21
53 7322.57242339 4.55354473015 0.0911066701236 -3.52038909123 2.26082372375 -2.80678888399 -0.385870933491 1.23541009028 2.01532333344 0.579157772962 0.187072142761 0.219510157835 2.54223548564 0.94118974167 2.95465581502 24
54 7373.67350025 6.69498149813 4.39230687347 -3.93099824915 -3.13722331618 -0.610655317721 -1.55123775948 2.85892363087 -0.180539131363 -1.21745654893 0.242874811773 -0.941577853643 -1.2681739696 2.47773617886 2.65061676664 6
55 7416.81424587 -0.328832661412 -1.11670477841 5.68635773919 2.8965440995 -1.51901617999 0.710432863581 1.39674597036 0.62000583537 1.80134898045 0.571316662064 -0.948596809971 -0.277133124152 -0.757349192649 2.94750660659 26
56 7464.37969394 2.21875710871 -1.04006978999 4.80659805693 0.195672132226 2.93455778054 -2.84185876116 -0.332108403291 1.38733573189 -0.211873067594 -0.146835579505 0.515343318746 -1.11942858253 1.24915620309 0.282117682662 23
57 7506.77420797 6.28024986564 6.01027932631 2.10829684555 -2.32695910352 -2.41951195423 -0.0760322532726 1.09331373585 -1.02221001146 1.11563816991 -0.59960342604 0.0421163801136 -2.5916771848 2.2852370093 1.38450303924 12
58 7536.78372145 5.71329638669 1.59070519265 -2.6772577836 2.15811618998 2.0522638869 -2.77048257742 -1.85437744709 0.921315362085 0.994415082453 1.71301358704 2.18424494394 -1.45776278207 2.27853956994 -2.84655435494 24
59 7592.024782 6.29046676762 8.4731969479 -4.03880383598 -2.69921630429 -2.46463340965 -1.81689669384 3.00303633829 2.63648456495 -2.79304804894 1.3456812266 2.57908242951 -0.574029008054 -2.62715453768 -2.81363269954 15
60 7630.78330081 2.58762215034 5.13974826361 2.11838665689 -0.94235654588 -1.15141281382 1.10725195858 -1.30888525439 -2.97787467084 2.59368684715 -1.06054313357 -1.41081434044 -2.70046853483 1.26448864251 -1.31511500802 1
61 7649.48975491 2.89476850804 3.52552461249 -3.27540306588 0.0355636405507 -0.791485348764 -2.38901435889 2.81242271877 0.50962489543 -1.49587143481 1.63812177065 -1.85217082602 1.88215598782 0.492001480028 -2.09189898194 4
62 7657.4579528 3.31773037987 -0.0395343041222 -4.4550010432 -0.478417653816 -0.49299733928 -1.16099084849 2.87004151805 0.779967260401 2.27534354794 2.68139699853 0.39800410512 -2.65105093117 -0.904518130233 2.67865079384 22
63 7770.0393633 3.11401627101 8.16238390742 2.09510259136 -2.51866073116 0.876363054855 1.81363491621 -2.88696394269 0.687210375308 -2.31096133247 0.938697044222 -2.62830585765 1.82526719176 -1.66872298322 0.856760689437 10
64 7804.95352507 2.39894105286 6.0244583961 1.33533043236 1.39183557874 -1.24218934105 0.356036675538 -1.00552010789 2.80737764677 2.7180135718 2.3239160867 0.137371494641 2.56427850781 -2.18154254269 3.04538031191 10
65 7885.38264022 -2.8143794206 6.00188313786 3.42605874317 -2.31962027412 1.0375172883 0.152723610092 2.2336900042 -2.18034731658 -0.425605973503 0.623518296865 -1.06432145782 1.27798370029 0.0859565743163 0.141405541927 17
66 7928.4433187 3.74769303468 4.91588868134 6.08309924863 -1.27536833781 -1.80568561409 -0.780254316146 0.921373127004 0.34506832522 -3.04748598502 -2.7007317153 1.0337891403 2.59786151392 2.49464357896 2.64291111723 5
67 7945.5978297 4.04563805899 4.68182407927 2.65694613653 2.21366798138 -0.220788251975 1.39291954599 -1.33650736151 -0.791854534239 -2.33510067327 2.75537670165 -2.9152250592 0.188146935109 -0.980882070833 -0.304257061087 9
68 7994.68666125 3.96270681307 4.63988543112 0.962344330041 -0.576328709293 -1.19592297812 1.25284921179 -2.03703480563 2.13556091721 -1.60706946521 1.63838011453 0.250855319955 1.11799847629 2.7675278504 -2.2520999603 1
69 8060.06160358 3.8411240833 -0.117896927423 -3.22077318691 -0.862441032056 0.611757905419 0.19831950174 1.26325662754 -0.983825980518 -2.60583521832 0.419262169217 2.16827623869 2.738766958 -2.38932278824 1.00780898409 22
70 8075.01504489 0.148681653815 4.46596567754 -2.66013254573 1.97806669736 -0.975009016377 2.61912181059 -1.24186733236 -1.5002849508 -1.50962226465 -1.70392219156 -2.90203930429 -1.57923693785 2.9212404637 0.331608258652 7
71 8081.73517734 4.31939143978 9.25292303146 0.0199833414245 -1.00672414846 1.46085742062 1.86933103227 -1.67939709033 1.2328315214 0.640792414315 -0.78542492117 -0.202099734539 2.44128856357 1.56769628843 0.101937258451 12
72 8094.53119124 -0.0521382765342 2.31156867638 6.03988343273 0.181759460615 -2.89841354056 -2.43057676849 1.2267977528 1.81119738866 -0.629265210101 1.67856722792 0.543346246772 2.00832043527 -2.92399946873 1.46391357945 8
73 8184.15318925 2.17920255867 4.3550170939 -2.03553410856 -2.89332730252 2.52339439461 2.49524433246 -2.96711918494 1.7029209908 2.27020710059 -1.32992308605 -1.73494096676 0.732674586691 3.13199745941 1.42753623549 4
74 8193.64677263 1.06566439963 8.82088474126 4.82781030557 0.900616931514 -2.79989886257 -0.524734835199 0.905707330488 -1.41373406625 2.12327923983 -2.07177994058 0.919358588545 -0.474239813824 2.45586772144 0.0317637894216 14
75 8201.50578054 5.66321521544 0.86996025459 4.22552250919 -0.997655874851 1.34048842047 -1.10045345864 -1.55116066073 -2.76284082339 2.69709029469 -2.65523545494 2.03524926592 -2.20825139303 0.324178610936 1.69533121406 27
76 8216.98765436 5.35784075773 4.62655781464 4.23432118943 -0.870923895473 2.85857754734 -1.63572037999 -2.13538383821 1.29462876643 0.140112303158 -2.83224495157 1.07078707324 -0.021832893927 2.26468819081 -3.13668030085 9
77 8225.30158428 3.58169746584 7.82079285016 -2.52967502781 0.759450176585 0.499052118055 -0.0685135394462 1.60516454049 -1.5119845531 -3.08732737754 2.60750441796 -0.768337737281 -0.900800393333 -0.671774770364 -1.82342194445 13
78 8251.95097246 1.19049931259 6.99115213474 3.0945003218 1.21517828372 0.276286437926 -1.98246281805 2.25764086168 -0.95765981582 1.89137676853 0.50504787834 1.53864623998 -0.843816959007 1.8619658567 1.90288819023 14
79 8292.18744356 6.75168164672 9.37401305457 0.55340161657 -0.65318495009 2.08211869849 -0.728317044618 0.419342395509 -1.26091259936 -0.58734829658 -1.90046918363 -3.04327747861 -1.15357404412 1.53623374571 -2.01784265081 12
80 8293.24400183 4.00810126567 5.37523190613 5.90885950015 -0.970717953149 2.52484146205 1.34774438397 -0.682203023803 -2.64749881754 -2.1729823191 -3.01057620604 -2.28392244364 2.13504296566 0.0832022574477 -1.05667089626 5
81 8314.72495812 0.361982586447 -1.47939558315 -0.556094824214 2.37720028441 0.318603304417 1.90970002828 -2.91721461515 1.58670193755 2.86540172869 -0.333074723566 -0.0305074136451 0.797783389712 -1.60053314112 1.21916393275 20
82 8358.11992906 -1.58660952369 3.11848783604 -0.0557210026635 -2.61085079423 0.189208705823 -1.59507808633 -0.309690144284 -1.04323972083 1.43002879027 -1.63538718626 -0.821019783877 2.2216777374 2.66872343055 -1.57390002315 2
83 8365.92955423 0.307895722936 4.48955247703 4.09121032732 0.618333738285 2.14838167287 2.04778566094 1.65451602725 -1.18063690059 -2.11160476599 2.80636389643 0.0990640662316 0.959091121258 -2.43277664718 -1.31775223359 8
84 8405.20429248 1.40216568057 3.78889568829 6.00010818902 2.74366562401 0.555900972319 0.377753806163 -0.575815216105 1.87934863101 0.362151429536 -0.504092121962 -2.42555825013 2.14133841017 -2.48619327381 -1.53815099142 5
85 8446.34930813 -0.111804619987 4.40604344302 -3.55922358855 -2.75529874015 1.02293672806 -2.28415337253 -2.22529879189 -3.02913332876 1.47202766965 -1.80962171347 0.549930127838 -2.73356701663 0.0636684072448 -2.49689390234 7
86 8456.25989676 3.52177383073 9.15727161225 -0.856950985814 -0.652033350952 -2.27430579852 2.78509940945 2.28520967866 -2.35649380842 -3.1303426252 1.20103512 1.28698273331 2.14254544776 -1.29184604883 -2.32588447937 10
87 8458.49672436 2.84643235076 8.07996071238 0.160979473276 1.21491928574 3.01759022641 -0.324169827546 2.86913194305 1.57149850996 -0.475693199757 1.31610796296 -0.70395406744 2.2187345967 0.240999240752 1.27233876562 10
88 8484.71368539 -1.9093318388 0.142068866257 -0.347220072531 0.628165685506 -1.52603934391 -1.25016042221 -0.375244340041 -2.47413075865 -2.35795929088 0.987921728026 0.430429023018 2.89482623513 2.40128256353 0.953830354447 20
89 8492.97154123 4.25124243009 3.67146091473 2.7089694719 -0.292541895356 -2.05072700774 -2.59220507367 1.65269099978 3.01351955361 0.22777653797 0.563040147082 0.82657767536 -0.417292147972 -2.1279443806 0.94034725475 9
90 8513.71648854 0.996840425903 0.0201059819095 -4.26456276575 1.68007525557 -1.42270482078 -2.80999413873 1.13418672619 0.680941785308 -1.10440879772 2.33834126514 -0.595401569489 -2.83176634767 0.853900649345 2.40126779592 22
91 8587.68797121 5.15407076718 -0.800931975972 2.79606569288 -1.04231988435 -1.43803111271 -0.258789742519 -1.40195400309 0.876337599106 0.994845959025 1.86334802116 1.75651403573 2.52024028506 1.12571479719 -0.917484951025 27
92 8596.37637119 -1.65283788939 5.31730524381 0.0951630210967 -3.10942134062 -0.295583045238 -1.67079452131 -0.840585505205 -1.12900750783 -0.555219741258 -2.91550407063 1.76403355207 1.09567893056 1.55610468753 -1.61236748655 2
93 8630.22833369 0.275010082619 5.35824813004 0.421008502794 -0.814124289206 3.10639536669 1.39710942508 -2.28573884313 -0.00185077053467 -0.0909918171097 -2.60613078959 -2.23520383512 1.90784152511 -1.76595619905 -2.81798834133 2
94 8759.0895855 2.60955629659 4.21088343695 -2.46240396532 -3.05920457611 0.194079908056 -2.34338786474 -2.27443027236 1.90417835629 1.79785263413 0.789378365815 -2.99695677798 1.84668821248 2.08872417092 -2.81622724714 4
95 8920.41044058 0.297275712167 4.06221975946 -0.237095419063 0.370151114273 -2.11751368089 -1.84777904874 -0.335806052265 -2.44353528256 3.13182088198 0.571806100284 2.89436546268 -2.22639461157 -0.18936915268 1.76861461699 2
96 8942.86396985 1.91021597682 8.21492722306 5.47298124356 -2.18296162386 -2.98454114436 2.51016940062 1.92566644164 -2.42232479504 -1.87878889601 -2.84935778257 2.3468300173 -1.71494714673 -0.639241593684 1.04424352985 14
97 8962.6020987 6.48565295024 6.05008348557 5.45604018607 -1.56299377184 1.91246982251 -2.39842143523 2.95439480626 -1.94542127145 1.72287619566 1.4764107725 1.23704911115 -0.997544566064 -0.964666715238 -2.5074077512 18
98 9005.28965348 2.99512706069 6.81687263575 -3.90019787769 -2.77208405941 3.09607502123 1.54688812094 -2.24478196395 2.78068267084 -2.67581481662 2.19190103211 1.63102673539 -2.41526065462 -2.62987662209 2.03896260801 13
99 9024.83363771 3.83634381746 6.00894115036 -4.17588427009 1.69782204189 0.833136904126 -2.80979354355 0.260318875335 2.26089608598 -0.765511093076 0.983629816322 -2.8392726964 -2.10309083128 -0.176444908876 -2.71263913984 13
100 9025.46656398 6.69499628312 6.03681811542 0.859896144004 -2.95327729876 -1.69060068886 -0.911700510043 0.90865307287 -1.57917843645 -0.0361378247118 -2.28283534203 -2.95783637796 2.84115672161 1.82252441669 2.2400109749 12
101 9090.30853608 4.14116860132 6.20881182384 3.50159676018 1.96765506527 0.72891019413 1.30013455733 -0.142044142939 -0.900352128568 -2.99582448142 -2.33718978237 -1.85961496919 2.41730628594 -0.780359296955 -1.29481190001 18
102 9091.04885255 1.42831008215 3.87412367869 -4.71135976948 1.29555038429 -2.02577193653 2.56519695218 0.918568294589 0.303937547923 -1.27783068568 2.1737542518 2.46297250748 2.963583009 2.4839543421 2.52480198295 4
103 9093.8948818 4.1212258927 -1.39490557768 -2.50952780777 -2.44684610313 -1.87469260217 1.52297315445 -0.891895853295 -0.513776382738 2.77304856218 0.568071278302 -1.64441926008 -0.783540282291 0.947496384907 2.3451590267 24
104 9132.58656304 1.25118550929 7.60545188828 -1.548542371 -2.58191607617 -2.23300574871 0.267871108579 -0.348086918452 -1.16578994881 0.707338328529 -2.5848545494 0.81881124497 -2.22864596984 1.70670460097 0.0471078882805 13
105 9134.14881628 1.95271973498 5.0245407343 -0.188721830508 -0.807804862538 1.98444289712 -0.783454230985 -1.16169197558 0.451556138694 -2.15745479381 -0.0495610968178 1.77731731231 -1.70258483157 -1.32090175788 -0.458037904716 1
106 9144.44669181 -2.64303352556 8.99795947688 3.4080475377 -2.97586532848 1.47374545958 -0.0244724053043 -0.437936846228 1.44133281242 -1.31215153781 1.46667096802 -2.48275598657 -0.921378740237 1.0346448586 -1.4179463891 17
107 9196.76937307 -2.66002968657 0.313260792574 -1.91676656538 2.95842095715 -0.557559362354 -1.18050911938 -0.250638941738 -1.06239633994 0.130472862508 -0.442787895326 -0.450993585386 -2.64996129638 0.70857423293 -1.1105928596 25
108 9219.88737428 0.00321571855541 6.19007169997 -3.44427677307 -0.109992223257 -0.413928249077 1.88825291215 2.71779483206 -1.33016178343 1.19232071285 2.13781856693 0.451085849862 -1.34599799827 1.64062384819 -0.0942741571868 16
109 9408.07788818 3.3161152188 8.46191853707 0.569944433921 -0.473606410965 1.42875870276 -2.1502351452 -0.950505828539 -1.15633577516 0.971401058149 1.92948521462 2.06240911863 2.71573257657 -0.343422772379 0.318122038923 10
110 9453.43631855 3.24695146772 6.18326342031 -4.62139495404 2.81415717378 -1.72013006765 2.2307947417 0.492161543576 -2.5699944925 0.631276641453 -1.36854393425 1.47609037342 2.18841416911 2.86159780007 -1.47479976707 13
111 9510.67461488 7.36783113746 7.18330592796 -1.97673622924 -3.0307977778 -1.76486753266 2.87764152078 1.66178898557 -2.53076223247 -3.02418734957 -0.270398111001 1.35578023136 -1.67933240659 2.11587645105 -2.87171292866 15
112 9521.0751477 -2.34270365701 8.84589275284 -0.186938336502 1.19096178055 -1.68782821391 0.50044407193 2.93339484876 0.667837667578 -1.30207252346 2.03015197883 -1.94274237525 1.70010153583 -2.35092618431 3.05495212422 11
113 9578.40734434 6.76541861293 2.81695325383 2.62026551524 0.194186125906 -1.28313749765 -0.53435174245 -1.75432638126 -1.82427356779 0.609084806521 -0.287942221934 -0.506849657032 2.37070163343 1.30005528402 1.28089686477 9
114 9608.3858571 2.92940630965 5.5655813828 3.89428831909 0.313058042133 1.10345234196 2.3445036522 -1.91614674656 0.562154850436 -2.59254353352 1.36176422851 1.49580684186 -1.86372438764 -2.09617689631 -0.811466659762 5
115 9635.09876294 4.3060612235 6.11177247032 1.94601522409 -2.63435817185 -1.65330560957 -2.74339222416 1.66251371065 -0.0140359639276 -0.276891549519 1.41434409194 -2.07528006749 -2.74887505089 0.298775670688 -0.807348522362 12
116 9658.36060115 5.2198625499 4.63484661137 -4.1812769498 0.140695125801 2.41756954739 1.00020758606 -1.33776078551 -2.632861259 3.0755648906 -1.20817686174 -2.5153937379 2.17973945206 1.46318157636 2.34327035108 6
117 9705.63793853 7.05124844343 3.72664657547 2.03134792708 1.10691757477 1.65485622661 1.28384183896 -0.500901822576 -2.7960969053 0.208213673397 -1.35692729474 0.356252356216 2.89453047423 2.28581470121 1.19879075315 3
118 9817.85750011 -0.768194242588 3.52670867528 2.55432513623 0.709473736681 -0.255252835253 -0.030721537833 0.795225566322 -0.143985975158 0.976978602392 -2.68685139021 1.31291200649 -2.00870896833 -2.87644180706 1.64380367508 2
119 9862.22210728 4.24779156036 7.85619863794 2.90377350509 0.333104095088 -1.62515227393 0.185451478163 1.65161502968 -0.222534335194 0.325339685253 2.0323455838 -1.27693654186 -2.84261417918 -0.427478042609 -2.60853723659 18
120 9905.56142332 -0.64539600202 -1.45184750555 -1.7966439576 1.04691408786 -1.7750884458 -1.36157096619 -1.03244101289 0.499066829166 -1.39762658628 -0.0435664418476 -1.90201246407 -2.57971818623 0.836606247105 -1.22891786266 25
121 9991.08903635 -2.77281575455 1.14008746398 -1.70159619359 0.753991213917 0.688438899206 -0.277475746218 2.70622913775 -2.93581081066 -0.819096853243 2.3139431729 -0.240042446772 -1.47116435085 -1.01892061342 2.49436703763 25
122 10021.4185564 5.41842763059 -1.35454200972 5.5003121066 1.87298493453 0.46462063153 -0.785064763401 2.84502714384 -1.48195205452 0.0350807363855 1.72571236404 1.32107358849 1.68612098132 2.40584813967 0.576339576272 27
123 10044.4932396 -1.68092545346 9.34552713245 -0.344940950615 -1.12876387682 -1.61933491175 -1.87381884795 1.55363307794 -1.33315418653 -0.53324080764 1.53552281078 1.88055162288 3.08196053563 -0.764750330843 -0.204349205007 11
124 10053.4226143 1.63132131971 6.57838012129 5.5742117142 -2.29850517579 1.8816244849 2.02626974382 -2.08858737534 0.812874672389 -2.37997032651 1.52259929584 -0.998313513783 2.81349121853 -2.13994491072 -0.170150708919 14
125 10092.1945032 -0.125574476147 5.83353287268 0.334412574747 1.1796457921 0.284134087829 -1.13837033502 -1.06766701873 1.39124723804 3.0343253984 1.80559570858 2.39155952865 0.917506971818 -1.93719960357 0.20495208431 11
126 10137.4608883 1.93256806671 6.85679280237 0.148935919811 1.92749411941 -0.241783426066 -0.72347998022 -0.275162781723 -1.28436218434 -0.871911538448 -3.13319914567 -2.95842904139 -3.04994868704 0.565574929977 0.766486160365 10
127 10327.0361629 -0.670916519769 7.69974067659 -3.45538261632 2.49441013907 2.80746878457 0.66191984253 1.32716194996 1.91124818374 1.84364358115 1.13039397111 0.0398046936762 1.53589667165 -1.99814025855 -3.04257222796 16
128 10428.9810297 -2.04440954465 8.9628042472 -3.6797864227 -2.74927344464 -1.10271116835 0.0033121137778 -0.0841281183298 1.9666301991 -0.456213049339 -0.734308874453 -1.99480490293 1.03052869893 -2.91448048683 -2.52026898938 16
129 10445.118204 -1.23960671472 5.8744329604 5.30399598818 1.85373777525 -0.664090163158 0.493540594051 2.39290261422 0.128837019301 1.23463260484 -2.66033792165 1.28590194438 2.00912889896 0.640335877831 2.16540960485 17
130 10523.8557509 0.0564163912694 9.13368284988 -0.452279450264 0.848967577706 0.654483284723 -1.84135750842 2.38634473143 -2.7637540765 0.645254629629 -1.87608589209 2.88974044834 2.37031835794 -2.7629449562 -2.97322837881 11
131 10579.5448011 -2.2448263547 4.16221417632 -1.92609751384 0.681846019676 -2.79409258122 -2.94185930068 2.18507876082 -2.27239193455 -2.57496104241 -1.7217882843 -1.12236104508 0.669839025503 -0.388988082155 -1.58718062679 7
132 11059.094527 3.57874176461 4.99119203955 -4.04033833156 0.72079267714 3.02929230072 1.05711808771 -1.33788673178 0.980030416599 0.716253447702 -2.7403612047 1.68989419764 -2.3559722215 -2.78418202102 -2.4929987204 4
133 11106.1859315 -1.15986280411 8.82831215666 3.35205577194 1.15961535482 -1.66626218461 -1.61839475381 -1.44155014176 -1.34526367957 -0.435982053363 -1.08676872153 -1.66984077497 -2.92673824613 0.141364388792 0.78587225982 17
134 11267.8915834 3.59741193309 6.73431642141 3.08371057242 2.64318168803 2.48494123921 -2.74783993193 0.129529380936 -1.90826786063 -1.89731095707 1.91685204756 -0.0445872863936 1.48860739149 3.13073615383 2.59710210768 14
135 11273.0849773 -0.697945348059 5.72149482849 -3.0427805824 0.634124032262 2.91169243599 -2.35000809893 -2.57040595143 -1.23903858609 1.30980862299 1.99681326416 -3.07830731782 3.02853850066 -1.97882235243 -2.58883048655 7
136 11464.1505312 5.08800681836 4.96162303649 5.97966503912 0.343636494069 2.43427503717 -1.27632671176 -2.42704111113 -1.33977308523 -2.78221716591 -0.801374806893 -1.34589141774 -1.48491318015 -1.42260764978 -1.83326094991 9
137 11484.014446 6.06715638059 2.431812258 5.01017774258 -1.56583642245 0.409835161444 1.13883548311 -1.70638344488 -1.57811230823 2.43959157975 -2.92737738961 -2.33367494495 -3.02528859683 -0.681856697368 1.1241632955 9
138 11493.1629431 -0.692876466176 8.99077282683 2.31897501096 0.913509686361 2.71709625865 -3.04098039086 -1.42424147083 -0.592604525134 3.11564632799 -2.6016847112 2.92602299294 -2.77433582208 -0.231025957141 -2.73732144561 11
139 11495.0513634 -3.2477203733 4.83251263892 -2.65857780022 1.70724622787 2.8362229841 0.909633281154 0.555915018418 -1.60036096 0.199521821074 -2.42303391594 -2.7727671087 2.60714269792 -1.49701226539 2.40616489691 7
140 11539.5384121 4.53527562374 0.984568974754 5.99261818396 0.879827038116 0.560089872848 -1.70308267026 -0.156014131506 -1.76493277574 -1.47775661146 0.736362311666 -2.1265281555 2.13364631037 2.69915823033 1.17365757178 27
141 11709.6853028 2.08193020052 5.63263997434 6.06051461404 -2.78605393019 0.216667041549 2.90464100405 -2.36319997623 -2.18458925372 2.34802003525 1.21941451455 -0.880841637916 1.13134435457 -1.10590455803 1.28457827651 5
142 11723.7988971 -2.83167218524 8.48664669238 -3.35456867456 -2.91094884848 1.41231200088 0.668141888331 3.04759649359 2.65107439598 -2.32313788456 1.7207526344 -0.569852864263 0.154890333061 0.520400076093 -2.84959303085 16
143 11878.3553693 -2.5983408856 3.05975181089 -1.74575046713 -2.88163738908 -0.31398322619 -0.332337819421 2.75941978885 2.5600243846 0.582044155925 3.08506611864 2.58432392618 1.72941661822 0.742753541346 1.41548713103 7
144 11945.6598488 1.48005959853 8.7675635492 3.82200042101 1.57939417716 0.793956003832 -1.23624717676 0.266460749245 -1.41191935335 1.61600567448 -2.2303345794 -2.98927987501 -2.2632598004 -3.10372306014 -0.237899086022 14
145 12190.228672 3.68294885156 -0.923255491936 -2.60741264134 3.10299073433 2.27413590135 0.952973369218 -0.878464438884 -1.31669216207 0.531004039214 0.764342875987 2.59527713303 -2.92512521711 -0.0750564921144 -0.413910737152 22
146 12296.0453994 -1.09868720652 8.96472543287 0.232935035386 2.12604925347 1.00451541876 0.800975409852 1.9026951095 0.905917345371 -2.59469255522 3.04265694804 0.550680679628 -0.799815276634 2.38965087354 0.381683191464 11
147 12473.783628 5.16312072051 5.99715668221 4.7051504278 -2.85014789575 0.996431942529 1.9974590707 2.29050222836 -2.10617355834 1.91293903256 0.481431181381 0.259201839268 1.53200965989 -0.163675985936 2.02502719607 18
148 12545.0019524 -1.51440868978 8.76715683785 4.04833005232 2.22789998629 -2.02636815877 -1.68504516982 -2.40796179944 2.51219711326 -1.16133195529 -0.737079782111 -0.0447971402749 -0.414131995843 -1.91835252983 1.05441046837 17
149 13188.613703 4.3554142691 8.26372622926 6.00756601369 2.46133470223 2.98012111503 -1.56892121976 -0.21126067329 -1.89899723403 0.338573579565 1.20192235113 0.460057403044 -0.537809330468 1.10404342525 -1.12082353221 18
150 13257.5743537 6.12259729939 -1.32688244471 0.912922150058 -1.95928948241 -1.3069071497 0.271941234471 1.57036281901 -2.06378267561 2.93215020513 2.54834180311 -0.570626850313 -1.93664447955 1.45856521396 1.62108968551 21
