 4.79709384235 3.94042495401 -0.462625791971 -2.80173344003 -2.644166424 0.229882104553 -2.96098024365 -1.1210698671 -1.74163729514 1.93634313775 -1.85362037686 -2.22061569139 2.59292757089 3.11946588471

1 1109.57720283 -6.3571821002 -5.56205992817 5.46091231378 2.80870403787 2.9269325761 2.7613092793 -1.57252917366 0.605679878879 -2.21651831778 -3.08033266808 2.88414595289 -0.238733385992 -0.579919552666 -1.75116543962 5
2 1312.03731796 -2.36181781495 -1.15622731829 -3.98488541711 2.66118183562 -2.82443145377 2.17804945627 1.74446205498 2.53874525779 -1.62340008843 1.8012529008 -0.492024265533 -3.0110392452 -1.45572844645 2.25858260085 15
3 1621.17627075 -4.61836760158 -3.35179549187 0.186693410227 2.93114905917 -0.926281940054 -2.82388485731 2.44283810265 2.47587172179 -2.84002927287 0.516968034716 -2.0293927119 1.05630515677 1.82584299757 -2.36191708793 1
4 2361.48488388 -6.20519113731 -7.4148553419 5.51564523935 -2.92616828004 0.736887675224 2.21137385703 -2.53347528873 3.01269072119 -1.58187765147 0.655432582187 1.2590996793 0.804094340781 2.57534247604 -3.06079288392 23
5 3329.06421491 -4.16407554773 -4.04786532476 4.99403317842 2.79069543009 2.193285709 -0.54778472096 0.0694271019719 2.81936275887 1.35169433311 -2.30131818517 -0.243090303992 0.63604202157 1.81502859007 0.0568319385507 5
6 3521.96383072 -3.0837432761 -1.9901177022 -1.48203110239 -3.1085632708 0.012991075205 -2.8157076545 0.635576299613 0.640009803533 -1.68289114415 2.26247599463 0.540108234564 -3.04501252306 -3.00494910263 -3.12814155956 13
7 3636.62790079 -1.70925274156 -4.42125971931 1.10466239366 2.68990295003 -0.274467069537 2.93657052627 0.94566867223 1.56461106596 -0.410284030209 1.24969391009 2.20748190471 -2.39937143586 -1.07369420037 1.0802428401 3
8 3692.3299837 -8.36911210078 -6.79307610154 -1.70184166247 3.06157078354 2.16768159241 2.68855112363 -0.441940698231 -1.82094786076 0.246666243653 2.98039643598 1.88593372385 -0.787219410784 -2.86826593311 0.414158010405 25
9 3943.77719073 -4.15102424495 -4.6804417826 4.86203216953 -3.07034562938 -1.48887898014 -0.994420645638 0.320160994952 2.53713173074 2.45318419859 2.81399414871 0.576254540831 1.76993279334 -0.182062387376 -0.427645364749 5
10 4034.23972144 -8.89964388365 -6.96890646788 0.632908786255 1.74662933248 -1.7586143576 0.426670852131 2.0369608481 0.744877260468 1.0489124451 -3.00838701926 -1.53207825262 -2.98923480597 -2.44239016757 0.0682077887403 20
11 4233.88035895 -5.43340843896 -8.26398538788 0.424776063624 3.0212122462 -0.400716770178 0.755850581048 -2.06188489639 -0.272375521278 -1.07292089743 -2.01810492189 1.5881496928 0.867793909286 0.558032701817 -0.0397619202619 19
12 4244.41998642 0.132624540127 -6.16746351355 -0.831287620944 -2.23332121921 -2.73978488011 -1.47457777466 0.720323506522 -3.05672250678 -0.14272846161 1.63247397304 2.99560731473 0.831365946416 2.43564848095 -1.73437851717 21
13 4459.13362038 -0.0272875503737 -6.15291498782 -3.01251748474 2.23341600648 -1.08567229283 0.580911873411 -2.385149681 1.79595305657 -0.150432191622 -0.654410488056 0.877938015648 1.78345612333 -2.39399372328 1.25831326813 24
14 4478.80588788 -3.74059357451 -2.71783062221 -3.85669165696 2.2409800949 1.04677555548 0.77946815182 -2.42513201855 2.33977749934 -0.829566858196 2.79619891392 -0.780100338391 -0.0907411894171 2.15757052746 0.380442032918 4
15 4642.48408204 -9.76538456483 -4.03068928575 2.50360320367 -2.46568334923 -2.28001583021 -2.53901068631 2.55893392959 -1.15899419582 -3.05743335043 -1.47927602406 0.986905943153 0.590004200837 -1.58351023975 0.422627781731 8
16 4688.69426111 -0.552080090708 -5.23986186478 0.166331062554 1.53863769581 0.700955471375 -0.266730547187 2.06413455404 -0.553605206943 2.11873312897 -1.83942978886 1.6056483955 2.16082596246 2.35233899483 1.61109232012 3
17 4700.13522621 -7.68304929629 -7.17297516906 -2.00757703296 -3.00984197803 -0.00746520797618 -1.60081071788 -1.89485080495 -2.80147138732 3.02449978875 -1.2064336634 1.02145386749 1.01949538368 -0.349941312109 1.02350355282 25
18 4796.47008494 -2.10278653933 -5.56464133695 -0.946897136063 -2.74980183552 -1.09268610879 0.431113954482 0.550734563562 -2.83410906303 -0.273170055444 0.602661741366 -2.66520182615 0.715251592746 2.368089634 1.00456977617 3
19 4803.6613211 -8.50779983042 -3.42942182651 1.6897843205 3.04662782286 0.0318186459286 1.0075038436 0.945863981269 1.79592301278 -2.91563874575 -0.719564616211 -2.85267251244 0.98607414992 -2.11927086499 1.22174195764 2
20 4833.47532093 -5.24033389732 -6.91716339862 1.04476771982 1.55010673423 2.50737488067 1.66631161677 -0.0416942931677 3.02542825256 0.102091057882 2.47235739612 2.14825534149 3.1181245247 -0.149357138908 1.66711111612 19
21 4996.7367404 -3.65884428781 -7.02475985751 4.73184133751 2.86450171244 2.05882622849 0.239268442862 2.04766861188 -1.4057895344 2.3439645608 0.526608603943 2.60709752109 0.159219912002 1.19967725003 -3.09914926731 23
22 5025.0925243 -4.3155811994 -6.30826509709 2.09354634139 -0.911414217296 0.914087448294 2.26395703476 0.228493154636 -2.60667017164 2.77522746403 0.13936461624 2.41192478412 -1.40616185134 1.64218447057 -2.18143140594 19
23 5125.03595373 -2.90909114458 -8.51868210151 5.67936324402 -2.04343690201 1.94779792139 2.46085327439 -0.307428128995 2.25809593524 0.347103065613 -0.0524718605814 1.52097253307 0.681461554313 0.690509295591 -1.38380642432 27
24 5290.96869106 -9.6477157257 -8.00686484476 2.68975274162 1.95666092961 -2.71426198068 -2.74799779712 1.89144613858 -0.160372189726 2.4676580734 1.86839033454 2.13444141172 -1.13956402822 -1.85862909921 -2.09006352864 26
25 5335.8454182 -7.03205241388 -8.2056304524 4.79982743283 -1.74726800757 -0.437633209185 0.534055192895 -1.42404359721 1.96480623263 1.50526322695 1.87744600877 1.18039072793 -0.474098029706 0.572154491118 0.906855822148 26
26 5397.46725084 -0.322513864479 -3.12048969331 3.20520163582 -0.291734643797 2.01751153174 1.83772208558 2.37536144118 1.24726068197 1.21864098611 1.7645398211 2.03483853679 -1.69948803935 -1.05381068377 0.494272448582 9
27 5599.63276239 0.381278437828 -3.86054864558 -1.68094485067 -2.18464562859 0.0751985989155 -0.450831194514 0.269789359638 -0.738781185868 2.92034095472 1.88707039496 -2.84984469335 1.97642727843 -0.793342822268 -1.68127101572 6
28 5863.90750222 -0.965410728247 -7.36344915077 -4.99322250099 -2.68916219769 2.36077358179 1.92285612492 0.141515877526 -0.873817927595 -0.718696548597 -1.2693013302 2.59296915079 -1.83888705843 -1.99772298588 0.0515651563486 24
29 5914.36846982 -5.10661610212 -6.65936240985 -1.60366614894 -2.7422328867 -0.674765439769 -1.30182151099 -1.78846578163 1.23612908146 1.29284612879 1.12902621164 0.588916798968 -1.13741096984 -1.9567601899 2.1570667394 22
30 5922.45027629 -7.18860593316 -7.21250152024 4.37383787072 0.0508345583495 -2.83568077128 2.81539788619 1.55278611398 -1.08489562458 1.48315865216 2.62684437283 -0.172540417928 -1.85929826935 -2.68382204398 -1.50660002403 26
31 5943.05507089 -3.81181015152 -9.21443225153 3.2463411394 2.48286820455 0.673265283827 0.128217610056 -3.01001104993 -0.756052584085 3.01818417651 1.20214422924 1.26605893873 0.980886959753 0.184879453918 1.5674021185 23
32 6157.48254644 -0.804736718116 -4.59781702742 -3.52999594443 -2.85052506176 0.55169610208 0.464124442675 -0.740079435311 0.553230867334 0.406314464387 -2.34248356534 2.7112606446 2.5012299897 -2.65262988022 -0.136695277885 6
33 6180.99059978 -4.9501883067 1.27537585306 -0.014568338865 -1.41967253472 -2.78340297596 0.941549894407 1.75120230367 -0.206047662706 2.39943150111 2.9134681475 -3.00430488685 1.62252849195 -0.978368804974 -3.02227389497 10
34 6266.12507201 -4.97480997815 -5.88818098605 -3.94917312608 2.10283319527 0.353661879748 -2.80221831906 -1.15431603599 0.823820676832 0.782940294466 0.689417704513 1.42088392074 -1.78438396631 2.70804494885 -0.44924720508 22
35 6301.73195185 -7.01039235893 -2.60706911956 -0.692258122747 2.73537814041 0.476212174839 -2.02616708901 -2.89561293577 -0.367957158459 -0.144800218918 1.89440792018 -2.49248108443 0.75431873578 -0.331350837363 -2.09601300101 2
36 6432.00377972 -2.07526785258 -7.0708766883 2.45972442954 -1.19612702988 0.710092911936 0.206154050086 1.65101222392 2.68931991696 0.608605428259 2.0523431518 1.15113535862 2.90474517007 0.0110125115485 -2.14469326133 27
37 6508.77675161 -0.714129195272 -4.33134809377 -1.44386658644 -1.69139819685 -0.856753560317 -1.64506409655 -0.0455891004742 -2.1574455113 -0.675158741692 -1.33822647683 -2.36896038863 2.65271435029 0.018526136005 -1.63839907192 6
38 6544.6462545 -6.09661388858 -7.86293405467 -3.381305516 3.09820720958 -0.271336908829 3.01539706842 1.29961610196 -1.64683767285 -0.594729838284 -0.928383704772 1.05070000353 -2.28465406832 -0.126838313354 -0.247323519671 22
39 6574.91028416 -4.10247512652 -8.91252120857 -1.04458688703 -1.02810311407 -0.257628313748 1.40323112855 -2.43619102969 -0.0627855203013 -2.53123823723 -2.74871497715 0.648671044226 -1.19077887572 2.27205644946 -0.17769509768 19
40 6643.57625677 -9.32671998266 -5.16405809352 -2.80821440671 0.430758305414 1.10575336168 2.57368672863 0.511354198233 0.420184996662 0.199666022012 0.105835770473 -1.58133350301 -0.227313978393 2.98381325497 -2.50837687673 7
41 6703.0205459 -4.03048281727 -6.39754297809 0.641356603391 1.72369426073 -2.07539886657 2.39965299523 2.32198175704 -1.63327572434 2.77060731675 1.18321483084 1.37404140193 1.11511702261 -3.01196981768 -2.7162492509 19
42 6748.91318677 -3.09597559609 -4.01466108374 -2.61673579278 -1.04158367906 1.2527142357 -2.64129049428 0.033331779173 1.26909376736 2.64049762321 -1.99789173682 -0.78942644216 -3.02910533852 1.89791930416 0.137100522264 4
43 6753.57451749 -7.81945204673 -7.27334395225 0.11247038722 1.27552683795 3.06036878971 2.68009322016 0.0119715358189 -1.86077594597 0.703313714646 1.63139812354 -0.366152065001 -0.795622087284 0.141861583656 0.785530192139 20
44 6753.76347506 -0.57912308389 -4.09876503433 -2.0841678847 -1.33059050363 -2.0438500707 -1.00575464466 2.96287230441 2.24659856255 1.6754097896 -2.9226303808 -3.10791203982 2.42774859801 -2.20444372448 -0.116337003526 6
45 6797.91957854 -0.591466028413 -0.595402850955 -2.54054561492 0.897722766455 -2.99295308198 -1.12032773622 0.842623206164 2.59508074137 -1.11027967917 0.605687796298 2.07094219705 -0.8613105903 -1.95621600565 -0.777702320124 15
46 6804.57007617 -3.80611316609 -0.113252713102 -0.0960595066503 -1.09859599769 0.842145033689 1.60052870869 -2.72201922536 -1.59047950384 -1.0660072124 -2.42869194969 1.35855359689 3.116284638 -1.92700368022 0.670140701307 10
47 6838.09834009 -2.61038638732 -2.62940107192 -2.23497143322 -2.70225981361 1.0564507041 -0.64435461367 -0.723150842931 2.37394207453 -0.174603091874 -0.00830409111664 -2.63743275706 -1.32880716996 2.15831757278 -2.15721345186 6
48 6884.95169473 -2.17472264487 -4.77238527354 0.715020961699 1.88786832645 -1.47881627047 -2.98656427778 -0.921644186472 -1.00019234588 2.13001690347 3.10847098701 -1.52295180268 -0.676913219808 -0.808111470293 -2.06456331812 3
49 7009.41338962 -10.1166752277 -4.21470662929 0.164768293598 -2.35118739512 -1.11668248619 2.92507114954 -1.16954764712 -2.79276068693 2.07431578362 -0.763368652204 -2.44471450567 1.5863130991 -2.38789356517 -2.91887193008 2
50 7092.07213264 -10.0531843655 -7.3799849512 5.75160073755 1.38010191912 1.55952772197 -0.0991601237543 -3.05868868415 2.35501853581 -3.070014223 -1.6477775657 -2.3487657814 -2.46165763081 1.17582053253 -0.605962034274 26
51 7119.64813333 -7.01329117878 -8.00230073611 -0.177353681352 1.26396898654 -2.77311133761 0.106816858232 -1.27941862636 1.90007201558 1.07329720062 1.60085704971 -2.55504467051 0.760422445612 -0.385761478395 2.62407303052 20
52 7196.33621169 -4.67301500608 -4.75612040578 -1.59561174799 -1.66198432405 -2.13340053533 2.81292914266 -2.92373612059 -1.54721672575 2.98903217516 0.299317946054 -2.53044418065 -2.57878577149 -0.530053911081 3.1245123799 4
53 7200.10476456 -4.91818641531 -6.24152673086 4.09685770678 -1.12315205211 2.35835733446 0.597854339135 2.87791711 1.34963221055 -2.12573759593 -0.423979565542 0.253430375448 0.398968046715 2.07832821074 -1.16077850078 23
54 7224.94602341 -5.08403295442 -3.65364043132 2.39098425269 0.456124729282 -2.43513550402 -0.0856974096471 0.0441028611559 -2.37739203053 -1.08253669843 -0.021856133238 2.46192093785 0.730474231681 -1.20198983103 -0.486553376749 5
55 7273.96693439 -2.59894819128 -5.70058759431 -0.567572804548 -1.62355903923 2.99231360103 0.907198790843 -2.15835190547 -2.96124121353 1.96284117246 -1.22232286668 -1.90682860225 0.823085255724 -1.32874673413 -2.68341287266 3
56 7274.43274944 -2.33127474781 -0.209422624579 -4.99170173931 -0.881028348166 -2.10448016334 -2.48200753865 0.0690755585996 -3.08122865382 -1.43648052966 1.82551058873 0.881398927962 2.26096534064 -2.83178913987 -0.37442742913 15
57 7362.43711033 -5.81970011682 -9.20097281011 4.14325257688 -0.945015297186 0.838960762687 2.96373096391 -0.897706713942 -0.130810840834 1.34441764798 1.63627212504 -1.49027220111 -2.71083600417 -2.55759514516 -1.4192469506 23
58 7493.70565131 -0.288794342312 -6.45354026374 -4.18555936074 -1.77722195363 3.13687284239 3.10289344948 -0.984697431005 -0.714417020833 1.02752825471 0.283981144341 1.68747535421 2.63394156127 1.08039820312 -2.57002587242 24
59 7526.98148931 -5.60467992687 -1.60411036468 -0.503313392511 -2.3250844476 1.31413029797 -1.21972965483 2.4645724189 -1.51435938049 2.61738711958 -0.349524692354 2.57725947257 -1.77017262706 -0.99609581297 2.20122333105 10
60 7541.90410932 -3.35039840404 -3.74784225748 2.1471986511 -2.63448539292 1.9947374373 -2.8110705009 1.82737780441 -2.21709599785 2.65215161727 -2.59083180095 2.97025842412 -2.66024357504 1.93707421646 0.811168601972 1
61 7544.15010471 -7.71670063793 -1.98876234637 4.74061022594 -3.03773598694 -1.07872552552 -2.35192853872 -0.927094813113 -0.999141735369 -0.0655643305535 1.54719420893 0.234241168511 2.1683107912 -1.55807132036 -0.219781283331 17
62 7575.47763854 -9.51068502344 -4.52380656592 -0.890044730862 1.77265677409 0.45337837083 -1.43324644528 1.55381757086 -2.20101280687 -0.557910284143 1.11580233326 0.136522743215 1.25883285992 -2.44868789892 0.426699225317 2
63 7620.00945451 0.648006120581 0.35529690076 0.920481740356 2.39606307157 1.50738349791 -1.49152049797 2.96271569766 -0.838429800573 -1.32012089237 0.836746126523 1.6174221825 0.33925441356 1.03727647917 -1.17645671293 12
64 7626.99117422 -4.303003573 -1.499982539 3.07682632053 -1.34993882236 -0.0671461917862 -2.83955343984 1.81775376887 3.02430121364 2.42463019932 -0.260803250319 -2.99799429561 0.061310215393 0.0219802789868 0.872640026743 14
65 7700.13010672 -6.13802064001 -7.89052344644 -4.68155519351 -2.75999162469 3.06855711018 1.93659827894 2.58750385808 -1.28925466709 -2.05651885212 -2.81894318328 -0.38633754097 2.3676183696 2.99002068946 -1.55538634734 22
66 7733.24699195 -0.608331565069 -1.11264867892 -0.439955577941 -2.21432710022 0.0796079912392 -1.28071271255 2.38017783825 1.53801785123 -1.07339431299 -0.0444146315451 -2.53213549234 -1.14278786355 2.9525558116 -1.04379875486 12
67 7786.44472656 -6.55027236727 -2.87236595606 1.41128296067 -0.607789120759 2.34825576711 -0.151275342601 -1.5704272976 2.9207890299 1.31911048778 1.15291280885 -3.09783377204 -0.963143984082 -0.151308043837 -1.24470867016 1
68 7799.4669586 -4.99398070387 -0.0892436767574 -3.45562937356 2.94972316739 -0.988040436887 1.30142973608 -1.62618516542 2.8043923615 -1.86880296468 -0.224217051205 0.42493811714 0.961844453561 -0.103320068767 0.508789643254 13
69 7800.92265103 -3.6599656356 -5.75949679072 3.63972923109 1.98582037782 -2.79362372255 -2.47703379026 2.92053537645 -1.18472160658 -1.47506773916 0.36075446321 -0.926635218087 -1.35777508188 1.1690228798 2.65848093603 5
70 7844.03379515 -8.72955700876 -0.427683534302 1.05730692368 -1.6599623945 -2.56559495638 1.12828808557 1.51628392199 -2.1831870504 0.100546126827 0.126419936926 -0.221446118377 -2.33279001593 -3.11700556865 2.77390142308 11
71 7888.81558365 -2.23141659675 -8.9240273077 1.92949308924 1.94465194439 1.00875622155 0.627680893298 -1.48352063405 1.82357284516 -1.74389715297 -1.3947863162 -1.82924179934 2.58183257511 1.53481559821 -0.749838207219 21
72 7900.6727515 -0.95340295648 -7.54696065774 2.2214723207 -1.53716828306 -1.88776087139 0.228637969971 1.73399133327 -1.44948449227 1.92368853934 1.82589630489 -2.74007661561 0.114964062751 0.363527672129 2.21516368489 21
73 7980.28745513 -0.743823545783 -4.32186920312 4.41692240605 1.48106705518 -2.03660867302 -0.548716607589 1.00552050939 -2.91242234775 2.33188384553 -0.566967482068 0.595342972955 1.1423929003 -0.352170055082 -0.0714618596337 9
74 8100.62460424 0.207591387575 -0.643430633708 0.0145275886507 1.97169669782 -0.00121714733601 -1.74863881438 0.594668100005 -1.77518414584 -0.909664097575 -1.73377610454 0.0583143103934 1.27071836463 0.576829862854 -1.5388841744 12
75 8138.18650706 -4.50667753695 -1.48163591432 -0.11225412847 -2.97523849402 0.905018124267 -2.47866244408 2.68265572153 2.56056899139 -0.300148882316 -0.689339415123 2.46361200361 -1.05238680895 0.800190285883 2.73116725934 10
76 8201.72867279 0.0134080094098 -2.02279952507 -3.62524834133 1.47211901843 -0.867339151038 2.78019850763 1.17418552813 3.04065717229 1.22063247441 1.38493710396 -0.686098341694 2.76480126403 -2.38138627131 2.98629841879 15
77 8207.89707785 -2.84990921474 -3.15725793952 0.705179142367 1.42805530457 0.201387698337 1.00884545102 -1.6987808065 2.12174400288 2.60227687899 2.90268409236 -2.44853480462 -1.65804535263 -2.72147503235 2.23391955162 3
78 8246.27143071 -0.945598483154 -4.7006191725 -4.76764586038 -2.18445710318 0.341560856358 2.56882659092 0.471128387095 0.333337742227 -1.57763998538 2.90369998333 -1.96207665299 1.94141326901 -0.737585071056 1.29139567595 6
79 8258.36735458 -1.27693516597 -5.61659135351 4.26752720867 0.0687464838623 -2.90689885438 0.282737323816 1.92747389867 -2.42221291389 -2.49733252366 0.122764873487 2.86792436873 -2.6313673484 -2.61090904677 -0.0211457960306 9
80 8266.6087207 -9.73838736134 -5.5893338126 4.70458217465 -1.72305581948 2.5490295142 -2.27850868014 -0.264325985911 2.20652138064 -0.518701924306 -1.63264368945 -0.521593893143 0.516553100343 1.34749818179 1.44417978924 8
81 8300.35291011 -1.39894001598 -0.94346874191 3.36632874928 -0.973234828035 -0.6279336633 3.08745748602 0.755503860952 0.959865310577 2.02104749272 2.90073955879 -2.2197602399 -3.07980730485 -3.12275262605 2.9170774276 18
82 8321.97336268 -3.66986244685 -3.36530637754 4.26783623491 0.842186468466 -2.83578845257 2.04087241009 -1.19913540721 0.462990909259 -0.0427248088601 -1.50591389609 -0.0931854324527 -1.18625477961 3.13382335664 1.79579565261 5
83 8405.45322844 -3.90805360833 -1.26989671471 -0.818064295391 -2.55663973569 1.2155090468 2.00319885554 -2.28307186368 -0.356357713021 -2.55942322102 -2.65434564557 -0.986727464895 -1.02035735386 -0.452280300012 -0.791189245358 10
84 8448.10989559 -7.70503985114 -0.320710115013 3.5513878558 -1.82450321441 2.34285216206 -2.12335093751 1.49446216655 0.922922734518 -2.00033671878 -0.487231984785 0.399967630933 -0.575668068606 1.35810958264 1.66783014287 17
85 8470.35125039 -3.1406189853 -2.53470418964 -0.9483468597 -2.77919549102 -1.35229398533 -1.3359612647 -1.47385915223 1.56370338267 -1.31193381912 -0.0605573683845 -3.02950203886 -0.686005506286 -0.390856952029 -2.27573169423 1
86 8483.84703155 -7.45880735917 -7.30980681332 2.83680741337 -0.217056927461 -2.80548961929 1.43681817246 2.7773024217 -0.0618528735294 -1.58978885305 1.48145466086 -1.97747867558 2.72146756994 -2.78912488259 1.1162333257 26
87 8505.6596138 -1.84581572753 0.526588124866 -1.48856793615 1.75831899187 0.0189031379615 -1.50590888353 -3.10809727463 -1.73557138709 1.06789437923 -1.01304523227 -0.660001854559 1.16592866644 0.708657773932 0.417963384418 15
88 8525.31711796 -1.24818684204 -5.2529211207 4.60207386878 -2.98881977301 2.25809027049 -0.338514593057 -0.485717996203 2.48994883651 -0.460917360612 1.33930480607 -1.02218807981 0.615299109305 0.95757902365 -1.18355054706 9
89 8580.49945473 0.300560794111 -1.06166473395 -0.388560241953 -1.30843083315 1.30127063547 -0.766005920648 0.648978164312 2.07565697584 -2.96549118447 2.87782445077 -2.43242153197 2.93996734267 2.69572075779 0.170025712297 12
90 8689.0359029 -2.53711725068 0.0421688828267 2.55057121318 2.32812689435 1.67555009356 -2.67496578148 -0.713993274348 1.32511012456 0.939461532531 0.61017274712 -1.36290419624 2.87814164745 2.94810223232 -0.368387720259 18
91 8694.47722956 -3.14576335401 -2.02055402822 -1.92350642862 1.21578754996 3.10892062158 0.940208688612 -1.10810341828 -1.90593220121 -2.91210488562 -3.04772385201 0.654512511618 -1.45913453825 -0.0564969881555 2.17563390812 13
92 8701.39790521 -6.30351706611 -3.60160535043 -2.41081262296 -1.69685225476 -2.21157062469 2.99743485912 2.13517652352 1.67584308294 2.14126794725 -2.70695431496 -3.06530915734 2.49075337831 0.260686642756 -0.281650361691 4
93 8709.70385957 -1.41720784191 -9.41412593106 -1.41586337296 -0.706193634452 0.0701236475949 -2.80676286028 -2.4739309792 1.17048448019 3.03141056932 -1.96562745122 -0.461034064061 1.95637040178 2.15391953974 -0.786571625471 24
94 8723.70495317 -8.20977659671 -7.33916088121 1.58653445609 -0.577898056831 -1.80968536859 0.877979217322 2.28994580423 2.07769889927 2.25069788535 0.667388774825 -1.30898368881 -0.906727166787 -1.67081751589 1.00120812729 20
95 8749.72542015 -7.19337510776 -6.60853231839 0.196207333082 -1.16401437279 0.848085833347 -1.05638825132 3.02386808571 2.49984403992 -0.486196943354 2.34351691693 1.49471109496 -2.02042588997 -1.47473760844 2.02313358572 20
96 8779.94955972 -1.96677126142 0.253387678063 -0.270308467736 2.27610678803 0.813214019945 1.66880229482 -2.42915803686 -2.38199451049 -0.40048478392 1.02642045832 -1.4341011127 0.0766769365737 -1.49348737093 0.825927645318 12
97 8803.58480805 -8.15841037051 -4.59064772214 2.83696807019 -1.21045414528 -1.66061767246 1.65838988864 -1.39840027512 3.10705053016 3.0281236504 -2.1997941853 1.25304173745 -0.0718696037465 -2.3258897576 -0.660088905337 8
98 9043.55219718 -1.36253665058 -8.47527124658 5.8523875127 0.152732161837 -1.00459564002 2.38921490651 0.555571732526 0.945146608907 2.18020616485 -1.10478690351 0.286729500134 -2.07092528228 2.71357909597 -1.30272022768 27
99 9128.18601675 -7.06115693256 -2.95055446983 4.58497767039 -1.353876556 -2.90901024637 2.48873386846 -2.10819759475 1.24578641691 -2.10916701999 -1.6445890262 -0.964274426265 -2.24108472021 -0.572763949735 0.692919384896 8
100 9167.49466884 -3.98525253601 -2.54550248237 0.767589058175 0.95646909117 3.00376053581 -0.27538967992 1.09778884596 -2.18095366162 -2.63315544825 -0.774620114209 0.0929784582078 -1.23890262189 0.88824610295 2.16128084763 1
101 9196.75523683 -1.58961554219 -5.84621397682 4.7161084573 -0.761863061874 1.44460730417 1.25112180632 2.48865036737 -1.67182067265 2.40853625233 -1.569660006 -2.16708649523 0.338474177946 -1.55278996074 -1.37508607689 27
102 9227.23041057 -1.21075892616 -8.46441700443 -3.16787622026 1.77518874087 -2.58779634297 3.06668970169 2.63903479182 0.62220650114 -0.0687431075391 0.945742323725 1.43832538332 0.73717129429 2.18160049563 2.82560198035 24
103 9259.6388567 -10.0925469241 -2.41497205374 5.53275652053 -1.02535989176 2.60179350496 -3.01980270331 2.79154196912 2.03142340379 -1.53540553566 0.699509138041 2.38052425274 -1.84079741466 -2.89997272773 1.03382514262 8
104 9278.17173709 -6.5744376582 -2.65316397609 2.09758755223 -2.71033202213 0.138553658466 -0.0572715979826 -1.50920574211 1.13266368604 -1.91369746358 1.40781976543 3.0698452264 -2.5026522195 2.93043382947 0.61167290329 1
105 9385.55220202 -10.1669255966 -1.20245535054 1.53559141266 -2.61020256513 1.19662310893 -0.756038583818 0.900796572751 1.72131137222 -2.92689874707 -0.108213276364 -0.972484100371 -1.60792066735 0.988441151214 2.63717112672 11
106 9444.84001182 -8.8642815589 -1.45922995804 -4.38275755487 -2.93585049902 2.30293461469 -2.40340107115 -2.75263441543 0.270301650791 -2.01728437682 -2.81916952462 2.43712173464 -1.61857094396 -1.66268163188 -0.380662551379 16
107 9485.69512498 -6.58244203555 -5.82070648752 -2.24426619289 1.0286418086 -2.49105739637 -3.08090705584 -1.37497674787 1.93918141645 -0.308782300626 0.543406742181 0.35443251319 -2.12457414502 -0.047085478779 -1.72468949931 22
108 9508.40765459 -2.49368937301 0.107272975095 1.30181676375 -2.66866123066 -2.74528004502 -0.925909290611 2.84751796656 2.2070192692 1.41394675485 1.00030411941 -2.96149437125 -1.30264268413 -0.711944242303 2.2137604926 12
109 9528.03312733 -2.4737413086 -9.07887289156 2.12229912303 2.67328963635 -1.90715303345 0.185549560742 -0.341362171804 -1.28017068027 1.66063110258 2.3643972493 1.97909024341 1.6465904578 2.32398654589 2.58131477436 21
110 9571.3494218 -9.89552629806 -3.98998226912 1.65648816435 -0.459054270619 -0.283870847706 -1.60253947354 1.88564919244 0.0906402035462 -2.39972903764 1.91782217272 -1.28219878245 1.97000025769 -1.02993164287 -1.21816592787 2
111 9634.05473805 -8.38203656441 -3.21280699454 -2.26798217549 -2.35110780999 -1.12326891184 0.269527483652 -0.642048410613 1.67159948262 2.00767188902 -2.39336682136 -1.75888675166 -0.302107261656 1.31469189629 0.328189840794 7
112 9634.58369754 -0.561035429951 0.414165721898 3.02649051145 -1.82602364445 1.46544990761 1.65097220823 -1.73245330006 -0.593056183352 0.857190116005 -1.36244120778 -0.774103092063 -2.732364915 1.20223389212 -2.91046026843 18
113 9697.54630608 -0.0701629527209 -2.31415070017 3.15696901298 1.98853391821 -2.43865175787 2.90744111682 1.81137457894 0.0318432108995 0.823664421321 -2.13953115749 2.19169370323 0.599407393223 1.12724646641 2.58971828054 9
114 9800.89638075 -6.36555355361 -1.38809064212 -4.28002692803 1.05104829292 0.254892461686 -0.238702147757 2.40773544681 -2.13394085362 -3.00440249836 -2.27866511852 -0.927359616719 -0.796431692321 -1.24577302502 1.12943741032 13
115 9815.46166619 -9.73460378964 -9.27860759639 -2.41549889076 -2.66642867775 2.50426779383 -0.142306426244 -1.78886109696 -2.21877994047 1.46424866138 1.05486173643 2.73697926668 2.73228379612 2.88568882899 0.0899674335089 25
116 9929.18406292 -5.44219578323 -0.0322394671098 -3.99260415526 -2.28961492521 -1.91095046023 2.6437826603 0.861008863516 1.60113719263 -0.325407362139 1.14565756042 1.71458425128 -0.142517733059 2.2558558826 -0.990623094028 13
117 9942.6076279 -6.35717237549 -1.76297656231 5.83564791744 -2.30602559483 2.86697631443 -2.13577833629 0.783500887961 0.0307073352399 1.7263763128 -1.81656034807 -0.845340857488 1.97415711896 1.96043804192 -2.04966114537 14
118 10027.9092037 -8.88209223109 -6.79793597565 -3.12238055478 0.784666674134 0.467800155629 -2.55380556469 2.09299824537 -2.14081984885 2.41965676936 -0.426918288317 0.452577300489 1.11617064149 -0.106915374043 -0.850479624679 25
119 10046.6885741 -6.89670358186 -3.20998529689 5.50486455192 -2.55179780655 -0.12823164948 -0.57759456049 -1.53709492145 -3.01541289684 2.15629780821 -1.73667010408 0.940766216123 -1.63267087368 3.00346940859 0.17270429233 8
120 10150.5659477 -6.18707917793 -5.2989560198 -4.48119872182 1.38592105398 -2.47043757957 -2.21636582128 0.445229409001 1.93432451161 0.872601961552 -1.65748362372 -1.88970027451 -0.146898006038 0.65144176369 2.05177333863 4
121 10155.2619494 0.161267608645 -7.15347013753 4.33568857724 -2.72844014911 1.18631442149 -2.55188227511 -0.806482674357 -0.815170146303 0.863404717467 -0.0265558988198 -0.389799357977 0.0166337767042 0.0520586009176 0.916384420695 27
122 10243.903887 -8.41728932086 -1.83393135691 2.56809473374 3.05063580743 0.15308361282 0.876495933671 0.923847928543 -0.654292669147 1.40407704545 -0.807932615957 -1.96412554018 2.90473367883 -0.12972109272 3.07281207207 17
123 10322.3610078 -9.26909067152 -0.514945117882 -4.8412592736 -0.113945119237 -1.03498181517 2.20610567613 0.331466960178 0.961024311564 3.10634822215 2.35201262152 0.46369248047 1.39950667872 2.48768257043 -0.967238949566 16
124 10486.2699741 -6.27741796747 -2.10858646007 -3.58067153279 -2.53159691657 1.02349048618 0.353271370063 -2.08428516075 2.57897752751 -0.957704967254 -1.49594748227 2.85316266338 -1.72710679204 3.03489775473 -1.63801814034 4
125 10571.9864257 -6.23725401222 1.19835481122 -4.7700232912 2.0783612464 3.08245853576 -1.79017271199 -0.272191323755 0.762655787316 -2.90734528422 2.80919474374 2.38236308101 2.39480620877 -2.22331828103 0.817082053889 13
126 10605.5834834 -7.69280586043 -6.19442821442 -2.25359663188 -1.94826475772 1.07181369056 0.933684733847 1.79295573098 -2.63952268275 -2.49913840216 2.17853661552 2.78658723067 -2.81428478022 0.118179576703 -2.14148388081 25
127 10715.9353042 -0.902324859488 -4.516513614 4.48764809218 -1.59961060243 2.73288633283 1.33350652474 0.687417934017 2.62934650908 -0.533912567839 -2.69220422629 -2.19728354838 -1.99799395605 0.517810519877 2.68932845723 9
128 10716.4775659 -2.89603965118 -0.382052953248 -1.65506977144 -2.06496151622 -3.1063743896 1.46837354349 1.87935674402 1.48743297112 1.63740615946 1.52272679426 -0.211474503196 0.483222802753 0.859902916683 0.962927338524 15
129 10727.2627207 -5.7491678883 -0.291234775299 4.91000454905 1.51903057059 -0.803604903667 2.26902975428 -3.10932193171 0.752865720622 -1.56369801275 -1.11711364718 0.694267036486 0.317868347407 -1.07157962732 -0.0961134663578 14
130 10731.7580365 -5.03648695625 -0.720674494601 4.05380943653 1.43088076348 2.89265147334 2.27605039902 2.2767167057 -1.57938296105 -0.766749745834 -0.247651921244 0.0163707075032 0.939935745943 -0.924314576762 -0.634101820198 14
131 11022.5764762 -5.45199400947 -0.311431789013 5.04171255427 0.836437854753 -1.63271609493 -0.789390433532 1.22480780654 0.856515174972 -2.52421811317 1.22600672699 -2.59769879643 -1.98860291328 -2.43694723284 -1.99647884479 14
132 11129.3583621 -9.15978482867 0.0216410462746 -0.541936309685 1.09622371104 1.43997386169 -3.07090694184 1.63472084823 3.13445344001 2.02200248868 1.04892947431 1.2763494074 -0.811507091349 -0.866372232954 -1.34674988635 11
133 11152.1353087 -8.65673153339 -4.99711467521 -4.70115726962 1.12027775327 3.12983911672 2.19946740855 -2.45327674343 1.01500523959 0.803758152326 2.04948044168 -0.154453969324 -1.42519692245 1.78271838666 -3.08071354481 7
134 11222.0362175 -8.24113025436 -1.71557483372 -4.8393649749 -2.39145730662 -1.02523104339 -3.09175351193 1.7379277126 -1.75734413294 -0.703608769446 -0.748831769999 0.382635920611 -2.75841440554 2.55411552169 -2.58041678783 16
135 11268.4102071 -7.83553689425 -5.321003582 -1.49294174984 -1.84954973432 0.653266832353 -1.48989675235 -1.50071949667 0.406930307531 2.81105841994 2.69174247668 -0.833175998871 -1.91687098471 2.77545330978 -2.54231003751 7
136 11271.3473612 -6.69795200505 -0.717832405274 -2.79191066424 2.79449767106 -1.66576429162 -2.25666803285 -0.110862195106 -1.29909149192 2.123843314 -0.953387766677 0.257060369901 -0.531282844189 0.220226545196 3.09812410897 16
137 11574.7792003 -0.474466968426 -8.49965762944 -0.707566137936 3.08458934803 1.45170477726 3.08147625202 0.144140115788 -0.55631618181 -1.06604554676 1.99645345423 2.68859902405 -1.13682978908 -0.0632042329038 1.40498310351 21
138 11790.928464 -10.2054407847 -4.22078025029 -4.38763730147 -1.99652902046 -2.00226232447 2.67002470975 0.906173572152 -0.356949083915 0.738024770574 -0.571412228915 -2.7407042848 2.66593897717 0.38907131071 -2.42533773215 7
139 11838.6056996 -9.25031937931 1.1546905899 -2.58700202504 2.08295011523 -0.400501998819 2.22936084836 -3.09237172808 -1.7626265905 -2.60379001343 -3.01816317816 -0.191585910455 -0.907030155846 1.03456976278 2.40453121707 16
140 11859.786508 -3.36198948309 0.878639540107 5.10902317294 3.13822015887 0.738305008809 -1.26610750699 -2.41376818065 -2.16746590878 -0.787152689437 3.02870044108 -0.41204630192 2.20122797307 -1.21890970665 1.95176859227 14
141 11880.1836705 -8.86099601751 -0.354943670548 3.98602056673 0.128275574755 3.0473380972 1.26072525716 -2.68143048078 -2.71043950805 -2.73389690557 -3.1385941002 -1.07716661596 -1.59746379331 -2.89908801399 -1.83266257284 17
142 11980.7734025 -7.63333087753 1.19516697358 1.94396790807 0.361817047542 2.99467044655 0.13652100961 -2.56513131945 2.96992742188 2.51104652768 -0.152696006981 2.93287500131 1.53771088509 0.715493753294 -2.07166376706 11
143 12101.247738 -7.86087144251 1.21843907987 5.84388943482 1.98204702063 -0.711366510223 -0.393716782862 2.88388151353 -1.46161979589 0.501397396607 -1.32498134566 -2.43939091556 2.97467609333 -1.09963049833 3.12673499114 17
144 12201.782719 -0.594169891803 -0.223669279275 3.58012396477 0.645735965659 -1.81261229798 -1.34200476456 -2.49449102593 0.880842740549 -1.25027451397 -2.75925990917 1.2943145177 -1.79744845112 2.21688951812 -2.60124394677 18
145 12470.4250979 -3.15350051029 0.613412212655 1.68620551129 0.4633040857 -0.899059680956 1.9147267868 -0.437213856488 -2.76966311455 2.42950867244 -1.55569490594 -0.487712390759 3.11972870811 -0.507743627087 -2.59060374404 10
146 12697.8487578 -9.1022689089 0.585824698853 0.410495782479 0.638306923721 2.77929009444 1.50386906632 -1.97044493026 1.8295807076 1.24979936258 2.28417767885 2.38889554409 -2.13187931455 -1.31053859683 2.76918803514 11
147 12893.7282509 -9.76616927833 -5.73824460542 -1.09479037745 -1.40952806615 -2.25432070686 2.26057594462 -1.59945273667 -1.83691823193 1.4121077768 2.46235867568 -3.04928195746 -0.364994713145 -2.65559863897 1.7107528321 2
148 13648.698961 -10.2657340013 -4.88214963719 -3.67557202055 1.62463268192 2.82494161667 -2.88535711114 1.09341138531 0.108196495904 -2.27766977752 1.46360429682 -1.02033723213 2.82879306591 1.80481437367 2.31766524965 7
149 13872.1812506 -2.94128930059 1.19197144883 4.68686489965 0.463208757376 -1.16298590109 2.92077989243 -1.66801467415 -0.837369586755 -2.96296370574 0.76540891676 -0.468180877922 -1.23419970537 0.183242186561 -2.05345802065 18
150 14065.1768747 -10.1040779039 0.911276688172 0.447490218009 -0.206042541691 -1.77663233457 -2.8402677385 1.53896932048 -0.892416170476 3.04900753004 -0.896895970552 0.508779208443 -0.782303566031 0.633630787296 -1.44373214958 11
