 -0.218196901045 0.403816429777 2.96999466311 -1.79180335439 2.72446634702 2.43559929769 -1.44910274806 -2.58185569558 -0.94786109682 -1.62616371501 -2.5328199687 -1.80355102493 1.49876957884 -0.354400986779

1 1522.54992745 0.978605951717 -1.0264365726 -1.31770341662 2.04087835927 1.68152525088 1.64173327231 1.49837404402 -0.452860221218 0.823858853559 1.96519626168 -2.48149380174 2.17890856569 -2.20700326504 0.165031291991 1
2 1725.17435059 -0.82983915523 -0.997843350066 0.459822523326 1.78200470965 -1.44392466052 1.01262795259 -2.35766321251 -1.74161916975 3.011184045 1.9452647036 1.22213085983 0.997629891786 0.219916529336 1.65532729708 5
3 2921.36491608 -1.77029787771 -0.713890623884 1.86414780647 2.07903572295 2.9612674626 0.760593062692 1.27114308082 1.49240327221 -0.832724512429 2.7956342845 3.04193361846 2.8327838699 1.11233522459 0.927117985436 8
4 3268.05460947 -4.84178724195 -4.82233121623 0.823234792435 2.167597415 -0.571286952827 -3.10257160139 1.70282559918 -2.22671598141 -0.60648947072 2.30791453804 -2.74787570189 2.4239601772 -0.202803537822 -0.612952088488 26
5 3756.72143858 -2.70270066788 -5.85194028911 2.21827456225 -1.89129518433 -2.66815812629 -0.0618120756735 1.19990941706 -1.5920005294 -0.804333842053 -0.0627679567376 1.68759412223 -1.60243779293 2.28375390055 -2.46600140715 26
6 3768.36213172 -1.77202491657 0.796362311613 -2.99536897149 1.97059514942 1.91455223427 -3.00115845374 1.75765467215 -2.2934041963 -1.45081033595 -3.13638033251 0.731607282645 -2.20054720826 -1.58236899727 -2.90972526069 2
7 3885.84914648 3.59411867588 -3.67804986554 -3.88346495492 1.22563388995 1.52010309827 -0.215378494624 2.27250567615 -1.42474957737 0.819944412895 0.210134908126 2.90992689638 3.07010326472 -2.88135872499 1.92659960333 21
8 4151.40790749 4.00402607744 1.6946179997 -2.8154121833 1.43250079671 -1.1273461517 -0.0064255447661 0.482924734285 0.370668401896 -0.142101720275 1.74651542589 -0.34032791244 1.1310517201 0.173543839341 1.17538070926 12
9 4356.39325131 -2.60406532634 -0.759489176461 -1.07237388012 1.64668711019 2.59610371433 -1.95761492205 0.0698176381687 0.41260750338 1.21277639142 2.55416970251 -1.48426093259 0.693876736908 1.22212839203 2.40138669213 8
10 4547.00035902 -4.38695325343 -1.96747114267 -0.00817255492295 2.92034882103 -2.30810831062 1.48437512872 -1.06984372001 -0.979629080297 -0.891454971517 -0.351788163858 -2.55325527693 0.403104938682 -0.103486307684 0.19547028434 8
11 4602.47815882 -0.00586487957842 -4.12040584661 1.95849092338 1.51613336547 -0.943051526157 0.75927519964 -2.55431929329 -0.332266179954 1.32288057895 -0.859973930402 -1.82729371008 0.634932622154 3.13732057418 2.19242784148 23
12 4792.08369707 3.14869406719 -1.0479355139 -8.15540506371 -1.36667134501 3.02501483205 -3.0777196256 2.85151798481 -1.34898664481 -2.82170413158 2.48799281536 -0.808838687515 2.21712598527 -2.33950857066 1.25544512239 6
13 4801.59327263 2.07641999952 0.6180832873 -4.3048941929 0.767025043646 -2.21796256881 2.23352538333 2.58357722951 -0.27753069086 1.88687881524 -2.32252263907 -0.0404024249477 -0.800964110437 -2.09207555923 -2.4126370872 3
14 4964.02450815 -4.24197079436 -5.46531674308 1.01167055011 -2.47006049089 -0.0754476863662 -0.801553014082 3.10184168439 2.77854827372 0.900105306185 1.57758133334 -1.41708316301 2.24353222167 -0.156185457336 -3.04472469354 26
15 5084.79971636 -2.31473261163 -3.86740052068 -1.69351394463 -1.98913747387 -2.58039013392 1.41991479875 2.66557874931 -0.0082691241252 -2.08449310312 -1.42900534826 0.692678403935 2.60267462347 1.16940700873 -1.83897811379 20
16 5107.55813487 -1.10332863889 -5.33481614922 0.156046376815 -1.2756687728 -1.53660687642 2.78896184137 -2.17812629689 -1.97360543677 -0.524471733263 -1.34725033537 1.65572518365 -2.34978645478 1.07356220544 -2.54129003561 23
17 5110.40727351 -1.34016536427 -5.36447844775 -3.41457889688 -1.50828367244 0.37634286352 -0.695245651665 1.96223161504 0.0797884183599 1.9217885755 1.0423305475 2.88442049142 1.60748058362 -3.11774868083 2.59212156912 19
18 5132.60002866 -1.26399748923 -4.46393667542 -5.00464973868 1.53477419525 -1.87099525855 -0.0428531625244 0.956524773924 -2.82670211325 -2.1925278226 -2.03367511076 -1.84736093132 1.77264419694 -2.07706032416 1.79376860449 22
19 5201.10598965 -2.45126417193 -4.76602917106 -4.45740592279 2.32203580104 2.07236613439 -2.95365167174 -1.20622453305 -2.23323802737 2.82490505028 0.55671681591 2.897607031 -3.03930054059 -1.95374076566 -0.714525274051 20
20 5468.04369856 0.562893105492 -5.60980515671 -4.52700188742 -2.41185328458 2.71213648168 -1.76222038308 2.1175001993 0.336692980148 -0.893240482323 -2.87898219114 2.17864843985 -1.04674940083 -2.95888251272 -3.04204199956 19
21 5478.44652878 4.27526166203 1.92377735948 -1.26555169832 1.57653945079 -1.39696651065 -2.17575306228 1.94360954478 2.29458344099 -2.20079800977 -0.424352657909 -2.97971207319 -0.220911382926 1.348099133 0.44758839055 12
22 5516.42896503 1.81067399472 -1.33925461584 -3.75674034505 0.629494508128 -1.6860968367 -1.88638374714 1.69224522596 -2.67033455459 1.10171783657 2.64666780143 1.67643157679 2.56845249581 -2.40840587855 1.20592596219 1
23 5551.09867581 2.78633614514 -2.95785626546 -2.03517315737 -3.13797377752 1.6008646535 -2.60292721473 -0.563592668105 2.27657745 1.14813629683 0.557173176554 -0.137672007512 -2.33493550683 -1.48628834201 -1.79444889719 21
24 5566.22169155 -3.91484712804 -3.48638001222 1.41987611343 -1.44992064509 0.219427046471 3.0893340573 -0.729651471935 -1.32042679253 0.107703886203 -1.62878093485 0.66911263129 -0.596437425028 2.87984089605 -1.04133984225 26
25 5633.46909287 -2.67066118654 -0.462186127888 -4.5238598075 -0.103624317599 -0.00861650715542 2.62335779313 2.03643796654 -1.36169638688 2.29314588278 -1.73840734472 -1.83902583283 -1.95206965388 -1.39493406258 -1.25984135122 2
26 5705.06223009 -0.172983601609 -3.17510594246 -2.35607999617 -1.17004196128 -2.0408927606 2.8964716519 1.57379738976 2.96792531993 -1.8107872064 1.66570651536 0.701043844864 2.35947270422 -1.36818880478 -3.13619513166 19
27 5777.82240011 1.05741048603 -3.99574817979 1.72075063291 1.5261886478 -0.988999369899 0.402000686961 -3.07829714345 1.43280398161 1.30744148513 0.95765793333 2.80303324724 1.04821952743 2.7200639904 2.62359944236 23
28 5779.00209351 -0.718904951372 -5.26520276148 2.45595930429 -3.04680532542 0.822883176593 1.81921223645 -2.5443889686 0.363199182984 1.23967165268 -2.19311579059 -0.200577529834 1.27365281215 -1.26061913238 2.95698956333 23
29 5791.5996694 1.13586421473 4.6634663304 -8.2361382293 0.241532434061 3.07549207557 -0.801873096663 -1.68886710217 0.424773412672 -2.89797607878 -2.94172336377 0.561968814489 2.31905623287 1.21784507107 2.58547298505 13
30 5824.71896856 0.232523365913 0.154845774906 -4.27052137103 -1.32313256833 -0.423132312874 1.56473600632 2.04276212716 2.54174441281 -2.16098714146 -2.82019264276 2.38709957626 -2.4888097253 2.72918831132 2.80826265746 1
31 5826.84168816 5.32361873424 -4.88748363663 -8.13104763928 -2.48836581759 -1.77627937331 3.12884417513 -2.0997949025 3.02500218694 -2.19204408744 -2.73941823027 -1.75375403596 -0.799730357495 -0.656933613217 -0.158114349859 24
32 5905.59167255 -2.09251037212 -1.33145504736 -6.25963327959 0.985738806351 -2.05306034189 2.54416120717 -1.19457301577 2.51785510424 -2.73276290147 2.88538663311 0.149528173158 2.24744790261 0.384083522957 0.122005705618 7
33 5948.2253665 2.93309668476 -4.2382687083 -2.12761402216 -1.91213260465 1.3617875988 -2.03340485942 -0.625229411589 -2.01491205659 -2.46665524725 2.00711116409 -0.936289877688 -1.89452028805 -0.701399167596 -1.31570376636 21
34 6265.52142436 -0.0107252382213 0.775845456626 -2.15767962005 1.12391954659 -0.561668944198 2.15390599887 -2.97873378385 1.1682522432 -1.10125009408 -1.982278565 0.774266787516 -0.145864066373 -1.93946183164 -1.6812948473 1
35 6274.84178517 5.43906427285 -3.19746637603 -0.446084372614 1.22871660402 -0.826170122191 1.5660225655 0.1548934499 2.63488576633 -1.24248175423 -0.310193143711 2.98353782541 3.11109107017 -0.0596101513383 1.23741476641 27
36 6294.19247057 -2.81580125276 -5.21788323251 -3.96284649715 -0.497887311708 -3.09462634348 1.14248562878 -2.49298211303 0.813246673863 -1.92530423292 -1.13860230333 -0.513183660619 1.2117063238 0.209807418567 1.8270443773 20
37 6320.14533858 -0.172977609288 -1.62899353614 -1.9561193907 -2.0547054889 2.72244771149 2.99644878843 -2.15857811124 -0.546771765727 0.708715539981 2.30875864002 0.177212908412 2.03984808807 2.45192328961 0.454401566041 1
38 6411.53173731 -3.83457395379 -5.08460999403 -4.46868378772 2.22470159518 0.893784359574 -0.667785791067 -1.46557294217 -0.928238780483 -2.35261386053 -1.57356120293 1.00929952378 2.48740947837 0.28516123931 -2.60341038354 20
39 6484.56753621 4.81849674175 -0.287075221087 -4.53259942432 -1.19395273523 -2.01809854183 1.4622951587 1.46236613061 -2.83199878195 -1.26729568137 0.125264194192 2.26477610843 2.74210553066 -2.32463953703 0.651996803697 3
40 6487.01492581 5.68157299852 -0.041183073082 -5.88073810494 -0.815949783315 -0.411088682704 -0.927826685995 -1.39544409502 -0.35997178629 -2.44815257064 0.823523232341 0.721397106863 0.239153744153 -0.26690673553 -1.06731798027 6
41 6498.14033213 4.47952719427 3.109766703 -4.97430224254 -1.19438140897 0.995311702985 -1.31187119452 -0.911845907137 -2.06446378881 -0.0637251203455 -0.233162573553 -2.76832747466 -0.700339329774 1.96751501894 -0.921648787664 15
42 6523.487185 4.84036608145 3.61701539087 -6.03098092279 3.02858179583 1.7578443467 -0.548120808037 0.23447510243 -1.39986895318 2.37527645571 -1.82892670206 -2.17645585901 2.18235826385 2.37869739083 -0.0134675722285 15
43 6653.89341393 1.29507260126 0.912651105353 -8.12382744536 -1.33729021769 3.0367247672 -1.68185539156 1.76469228345 1.98197727632 -0.184841838311 0.808333599806 0.473238291556 -2.72182152495 1.69981517982 0.749163380662 4
44 6654.10845798 0.00959883903279 2.82593507588 -2.8578488518 1.60414334953 2.06322960442 1.81303137889 2.11989806237 3.11504512037 -2.58469949051 -2.35702637619 0.11430536855 -0.354684534774 -1.92185346348 -1.6053734329 10
45 6659.29813768 1.79887419136 -2.33125738917 2.13506100875 0.740499012309 2.53738273079 1.89186263245 -2.56548124802 2.34394065581 -0.9492251826 -0.305805759798 -3.11407740221 -0.51559345272 -1.50448981726 2.91724476098 23
46 6661.13652351 1.10711194076 -4.55242125339 -2.33342420261 2.81687181276 -2.01320985058 2.15636393105 0.613559149372 -0.794101049059 1.84086351668 1.94814081146 2.39792201984 -0.854665337092 1.86197922632 -0.702191698759 19
47 6691.89497105 3.99051699338 4.12183967384 -4.40049614871 -1.58030140772 2.18919390474 -1.34954789439 1.57127347546 1.17065160178 -2.94194946948 1.55146036466 -2.99693205793 2.72993299242 2.54013813479 1.57336489749 12
48 6745.45680753 -5.19755101464 -2.04341811693 -2.40023458544 -0.133767063655 2.44518229791 -0.222180340879 -0.850764000214 -3.07419525605 -2.751625668 2.53908275314 -1.50403702259 0.408492429471 2.95414409211 -1.96751215385 2
49 6792.46976512 2.4440056702 0.438686620507 -0.275011282293 -1.3169011229 1.89055393986 -0.966081128416 0.804880557032 -0.469829921012 -0.463737423188 2.77800587334 2.31457764867 2.08113792649 1.66049141043 1.53550033383 9
50 6892.58734557 2.93513018843 -3.60164155796 -0.422813573226 -2.10387558657 -0.529147239263 0.406765344911 2.83093877519 0.334156205569 2.71475673164 1.61076374368 -2.8246298714 3.03299105337 0.226710263791 2.36516278188 27
51 7004.00983597 -1.27480598093 4.38341212403 -7.97202508589 0.603888579711 -0.183977121562 2.85743086482 -0.163530885218 -0.559925899381 -1.57214511366 0.066818199671 2.18385848745 2.21167270867 -2.00377537389 -2.90992016932 13
52 7065.41554225 4.67769064411 1.25122715099 -5.67429271393 -2.50834509052 1.10459688808 -0.926784450809 1.21534679143 2.17494998486 -1.09665202805 -2.51694717208 -0.169575773607 -1.70542567356 2.4935823422 2.50080200103 6
53 7105.0378279 -2.79889772351 -2.123397491 -0.945765336736 -2.63433778038 0.451952354912 2.29584055011 -1.87986904095 1.36348390069 -0.519132403181 -0.177880101891 -2.44428464493 2.27491880114 1.65642259647 1.11637944568 8
54 7122.71598042 2.52914309093 3.4251148307 -7.84118230261 -2.30456370519 -2.01906401405 -0.767164536729 -1.33186045526 -1.10808184956 -1.28841744206 0.377409379846 -2.39180962681 0.851633168917 -2.30588265046 2.29157908684 15
55 7170.73879211 -0.655371649786 -1.03785655473 -5.36639904089 0.676021600926 2.30813296271 0.820377992776 2.53321168383 0.0312584987866 2.70559797773 0.769110280076 -0.988466127673 0.0894649311791 -1.17286889587 -1.13411351766 4
56 7280.73913644 3.48501322629 -0.765149013185 -4.19466471018 -2.25457367067 3.00596067453 0.659568074079 -3.1163207661 1.36392305522 0.19419103454 -2.11179609581 1.17252273462 2.90867742235 1.9200033551 1.57976826627 3
57 7348.31179862 -1.36526381952 2.83539739619 -3.69302310814 1.20719119858 -2.85886898598 0.317226066163 2.75631779296 0.981323762966 -0.306132622011 -1.92975786491 1.64695488519 1.1738995456 -2.4307347197 -2.01614071474 10
58 7351.01533896 -0.468724641889 0.851916489743 -0.337249910663 -2.0416965299 1.27922787501 3.0316323749 0.357111854817 1.64243511815 -0.961181245222 0.503482107935 0.675831284532 -1.3299129373 1.56550570189 0.616290636808 5
59 7379.12669798 3.50106244823 -1.32557230269 -8.0699651871 -0.487614949556 0.802124348159 -2.66256502307 -0.715418713579 -3.12117593684 -0.0803226197207 -1.33432869509 -1.73518715357 0.567930025755 -1.59563074954 -2.76952657289 6
60 7424.00884973 -5.11844069146 -1.6945911804 -4.85349620974 2.255585711 -1.74309546115 -0.275995464892 0.201954378494 -2.47124777946 0.299592657157 -2.99846643927 -1.53873541445 0.953435999611 -2.63948175302 -1.34382817022 7
61 7431.56835955 2.26325396856 1.22660325247 -8.37604509273 -0.677942110507 -1.38203991574 0.258114463944 -0.0260544154209 -3.00105246366 -1.12335177522 2.49771442142 -0.802857525911 1.96484319212 -1.70759783027 -0.14265089737 6
62 7446.91833801 -2.13001794381 0.783671793059 -6.46563853105 0.488199018665 1.92302550063 0.467949568266 0.60545625278 -0.679652207396 0.752652374863 1.77630521977 -1.9419175295 -1.50051613176 -2.00620771214 0.0771603911249 7
63 7450.33036338 3.84897229293 -5.30605499115 -1.43243473645 0.0913290103858 -1.95909153608 1.36921949115 1.73423571805 -2.28365707659 1.39138140587 2.20852081974 3.0555484345 -1.22903099808 2.00854593313 -0.832959682884 21
64 7463.84185846 2.52235455029 -3.31008599497 -6.35112893565 1.88147004939 -1.51115636495 0.0265334055681 -2.55151254958 -0.702277588263 1.92783299046 -2.24205782316 0.925426898727 -2.28194557346 3.07823709883 -0.709129153938 24
65 7708.86465837 -3.58902633432 -2.77958141602 -0.12357087383 -0.374575558883 1.07513338582 -2.40568036362 -3.1289007721 -1.06551060793 -0.796045092026 -2.7158626259 1.62725187511 0.0206238220069 0.775328749369 -0.887861082365 26
66 7796.74381495 5.68655630221 -2.65238552509 -0.199345263337 -2.22778901503 0.73336072177 -2.99252968108 0.830801943988 1.97915376121 2.50119915313 -0.0562133311042 2.86346653847 -1.04948507429 -1.18762952022 2.68369412315 27
67 7900.45405693 -3.02857141859 1.22373573293 0.28774864465 0.591581281078 1.5598646865 2.42475464417 -1.30701078597 -1.33470636871 -1.28919066759 -0.420166217894 -2.76262582136 -0.954312699588 -2.08735043995 1.40422748302 8
68 7912.01543757 4.06667506799 4.03109223482 -0.323297124487 -2.2282257328 -1.08519352415 -1.32894365799 3.00538830417 3.05920056084 -1.47451363919 -2.89103081217 -2.62250538213 1.10612993334 1.28500975271 -1.16729444732 18
69 8009.10814975 4.11462006787 -4.66032959217 -6.5055763791 -0.693859593349 -0.444654329916 0.406446128616 -1.36288442864 -1.69333788633 -1.78308456232 1.98081451715 -1.83973885089 -2.96711280683 -0.43963071877 2.91984241381 24
70 8092.7349451 -1.72938200539 4.78651217442 -0.626591598813 -3.08905123543 -1.09724480064 -1.62734926071 -1.83385443767 -0.140470278717 -0.858668845495 1.75886347209 1.82429279064 -2.06476917722 -1.66150858497 -1.10679236407 17
71 8113.18200268 4.52910945495 0.087114353807 0.971696347486 -0.300311869781 1.90133958401 2.27620354771 -0.501713146969 -1.89091829609 -1.32373224912 -1.67258768315 0.572210186135 -1.10538183489 -0.878449724316 2.3634228019 9
72 8124.43992203 -4.66389456766 -3.03995987308 -4.0024033132 -1.89815532686 1.82133219444 1.88308859958 -2.13126073397 1.03718721633 1.73792478785 0.0932517723641 -0.951722730538 1.50543105262 -0.621167751453 -2.38847071065 20
73 8192.84739739 0.789630133036 2.20053396626 -6.15246878585 2.86242206773 0.366672584064 2.83423850666 3.00453862707 0.357873130763 2.87695482381 0.107584042719 -1.74278516046 -3.05877191112 -2.48555576281 1.73254191782 13
74 8296.75022465 0.713655138401 -5.37688175706 -4.43662807758 2.77745446598 -1.76530110184 2.869482558 0.0765070221457 1.98753828853 1.35687875261 2.30872840334 0.160021049135 0.506316079279 0.379412742249 -0.835050591139 19
75 8311.19576989 3.24651016437 -0.0234696974927 1.78356556556 -1.78440671227 -1.81682025187 -0.0492722903304 0.484266942964 -1.31297005492 1.53782509192 0.926574796043 2.95911778884 1.59947340424 -0.866557947029 -2.17263062276 9
76 8364.54874454 -0.00490871242382 -3.29975493701 -7.86538570303 -0.65793521993 -1.78684741681 -2.34310792681 -0.904962984919 -1.66171344599 1.51663672351 0.771483658358 2.24331087038 -0.894447447687 -0.432359669336 1.07762832365 22
77 8389.4086387 -5.20702820643 -1.530997558 0.607842320257 0.814556082899 2.77165358032 -2.37193139351 -2.39374658157 2.03230770956 -1.0300910703 -2.04231836572 -1.01709526024 0.208976672007 1.85418301692 -1.58247021507 8
78 8438.87590566 1.49770786036 1.86456210684 -7.24819784171 -0.114254566334 1.84188719758 -3.04227339789 2.78750341053 2.90835793112 0.120505564299 -1.77545757206 1.18205589573 1.32319228051 2.13491486334 0.820713672024 13
79 8504.56529114 3.54169083181 3.90412112859 -2.12365951044 2.29726243583 -2.3585874218 0.271039904491 -0.160018582194 2.01542086805 -0.696596591342 -2.57791756953 -1.92928165899 2.93588075636 2.45964654589 0.72838211702 12
80 8526.32082412 0.0338996077793 1.73186744862 2.45255218924 1.35763009909 0.199303515524 0.73010964386 1.51776261139 2.02301153487 -0.0385112821587 2.60343472926 -3.06288041284 -2.09565330684 0.166432906801 -2.89478345597 14
81 8534.11444057 3.44529126429 -2.08073335596 -6.79184169864 -2.8178498297 -2.06736145938 1.25911159295 1.65837453647 -2.26956226108 1.94345901242 1.88769629937 -0.144493978667 -2.47658590131 -0.221185931862 3.12394776362 6
82 8581.41897138 5.14551609502 -1.44931362332 -0.626238413905 -0.312273608428 -2.37566672287 1.04435751162 -1.57232006929 -3.11135502541 -1.21124654854 -2.44741191957 1.71117894601 2.79930614474 2.75719150983 -0.640897928963 9
83 8621.10168772 -2.91593396067 1.6634457119 -7.14985717835 -0.199017759823 2.46961863742 -0.253963170059 1.59884837557 -2.08508959455 0.199003153219 0.359252384785 1.10602830781 1.00209073214 -1.81310638626 -1.63168179234 16
84 8636.42883896 -1.50578300902 0.541015331613 -3.72371269861 2.51159441849 2.85106041842 -0.713959375272 0.743878329998 1.99424334211 -0.822392524837 2.55541764055 1.6666763525 -0.49314021595 -2.96630142659 -0.233429416185 1
85 8695.49350591 5.67757719111 4.03669457983 -6.2335963994 -0.0963607776738 0.229969164112 0.578234934354 -0.139538356345 2.62334924926 -1.14256090207 2.47583413715 2.05108773563 -0.354574336625 -2.35731844312 -1.93141966312 15
86 8751.41722064 -3.40912942609 -1.39951015211 -8.29136000731 2.06478262674 -2.49325777347 -1.88748044574 -0.0821627468747 -0.844055275967 1.81740747873 -1.67723862118 0.346620869225 -0.139005358974 0.577132865471 -0.87301039892 7
87 8770.62251609 4.01537466448 -2.25023221223 0.885208519924 0.413006069199 2.3767377289 0.221803338357 1.73951663896 -0.972842693564 -2.83883826444 -0.937534888459 2.67041005832 2.66300821082 -3.01757154668 2.02970923389 27
88 8811.84099025 3.22084353397 0.752296479662 2.29795478151 2.78194345088 -0.797702116935 -0.170549179275 2.57668433773 1.06318845736 0.593016154478 1.957077792 -0.825276089749 -2.60418166504 -2.02393515745 2.64383444872 9
89 8826.91468905 1.48780995078 -2.57311796405 -4.9095200587 -2.57434962911 -2.01085576844 -1.49385258444 2.44933464981 -0.724541241007 -0.90255824011 0.288855698047 -0.858315951081 -1.48439467718 -2.71230734738 -1.78544339054 22
90 8844.56031323 0.403866430841 2.07426831856 -8.44677866563 -2.326488838 -0.225916435453 -2.17795968797 2.74201349981 -2.50016293199 -2.3483415963 -2.50010623856 0.334196172548 2.48105815066 1.83245370063 -0.0564071133838 13
91 8846.04572853 5.63867946182 0.258084711526 -1.29041535758 -1.65705253007 0.144529542484 -0.846675790365 -2.00836716545 -2.80464376085 2.88079647823 0.584766881161 1.97106645786 -1.75243261074 -1.79071584613 2.85855729541 3
92 8900.16999203 -0.601567299412 -4.13667757362 -6.20606610193 -2.35965415726 -0.237059373729 0.147818286949 -2.92601106287 1.73258938359 2.6536675054 0.697730765886 2.27692290892 2.67847619533 1.43832256693 0.0999282731475 22
93 8933.27629079 0.194917301544 1.06790890841 -5.5165147216 -1.05511028866 0.166700752629 -1.73564534789 -0.0816670891682 -1.41678996463 2.06693431167 1.80324893226 -1.94082267006 -3.03499366452 1.11893046733 0.895995987988 4
94 8962.3678654 3.3565563075 3.88323520221 -1.99074603249 -2.88609902185 -1.16664230847 -2.01587926408 -1.06876534488 1.88613124464 -2.25183360951 0.678417129213 0.778639818341 1.81402308076 -0.260097881348 0.981492385563 12
95 8982.81373685 0.110363474563 0.331728457339 -5.3010386809 0.464889520346 -1.63384174194 0.925010026608 2.98150176793 -2.5738430707 -2.29820021742 1.06687563374 -1.96804021757 1.91282309584 1.36513052948 -0.910713287187 4
96 8994.79924001 -4.14431765455 1.70882354382 -4.71657798641 1.88847817077 3.04610762908 -2.44364007465 -0.317486259667 -1.35461249879 -2.4657306114 0.815870317234 0.190971866978 -0.576546741279 0.269087921375 -2.55239732254 11
97 9014.79117773 1.56634345684 -1.79889361954 2.13562153855 0.287805168584 -0.951420748415 -0.464750385411 1.20616832134 1.21015625805 -1.0418282252 -2.90242856309 -1.62715663163 1.33961430691 2.31051804659 -1.06442381021 5
98 9076.50580484 0.256452918795 1.26076772943 -6.75396434445 -0.702946237252 0.962895793325 2.9778007026 -0.682788111724 2.57977643929 -1.21289966449 2.24106028139 -2.29197390282 2.68257858778 0.0535335920607 -2.34787781809 4
99 9113.56419693 0.256514439845 -0.0554296269914 1.70592581666 -1.69796995982 -0.416174580453 -1.28376980272 0.66947068515 -2.67463184765 -0.265468229422 -2.73928398313 2.24460004057 -0.124457744188 1.35605974529 2.69294428212 5
100 9119.5108872 0.796073997458 2.50275202731 -2.2691170294 -2.43876447157 -0.290436193766 -0.531543302483 -2.97614320554 -0.88308360939 2.30705323887 0.117684650684 0.260056331111 2.56612199459 3.01821824357 -2.58266713016 10
101 9174.07509491 -2.51420937799 -0.190093370461 -7.76640377098 -2.26709299815 -0.661253747525 -2.57237830232 -2.33349279357 -1.03137509711 2.51587375881 -0.539248023374 -1.83270944986 0.406848278958 1.59978254568 -0.226436522573 7
102 9175.01452645 1.49070739294 -0.641506035787 1.09162945953 0.619310427274 -2.51833884611 -0.285709176379 1.44211080281 0.121504960796 1.14391633098 2.61226533823 -3.02029842337 -1.70699320703 2.43004505389 -0.0376699002933 5
103 9290.91421863 -2.47655618213 -2.3023161549 -8.29368345137 1.73504583031 1.9914753971 1.71940433874 2.38290851925 -1.66416514811 -2.69640094361 2.63438345887 -2.68748084094 2.43116788304 1.79978924381 -1.10885278146 25
104 9436.83369598 3.63848282881 -1.82715201343 -2.85074345937 -2.8805138199 -2.97213907528 2.85694603897 -0.796160676127 -2.72262716665 -2.19945751372 -0.68808747197 0.355757780538 1.8858772635 2.18554235295 1.93215950742 3
105 9437.03310445 3.25176954368 -1.02333359362 -3.64701239838 2.92605522792 -0.0357255032762 2.61738069458 -1.1456022095 2.32282136552 -0.904042741633 -2.46425827761 -2.68870681677 2.89327461745 1.79616478822 1.95153786076 3
106 9448.00080734 -1.56102491148 -1.86525269669 -4.92389365474 -2.92509421467 -2.86999314365 -0.719477100023 1.76244071812 -2.7367201988 1.93466441683 2.67506118284 1.57257128635 1.23812332084 2.95234397997 1.55200941132 4
107 9450.42651062 -2.19342673892 -5.76486174406 -8.27781102767 -0.773818349964 1.0622519991 0.542084778043 1.89446728554 0.194773966101 0.000311652194746 0.881466835414 -2.76490020985 -0.267849332909 -1.8277753641 1.12427682472 25
108 9459.53503259 -0.0221814806873 2.0075639084 0.996487494769 0.226389564151 -1.00774609656 -2.5088873911 -0.374984796656 -2.93094087699 2.38026558078 -1.80113858137 0.328417256839 -1.94281936325 1.44322062784 1.91790654733 14
109 9557.41776497 -0.99774325127 -1.40903407926 0.926094662653 -0.00816756308801 1.00257588514 1.78427741589 -2.01118792923 2.36989697448 -0.55643624393 1.37935283907 1.08067112317 1.37837682076 0.908038572364 -1.27980155612 5
110 9640.73398201 -2.20090670662 4.01559199252 1.53663498106 -2.98154444382 -3.00133075031 1.7070659856 0.0439370691664 2.87103252511 -0.524766743643 3.0925346616 -1.88175125764 -0.435347001423 2.39276461028 0.406576456701 17
111 9663.68698147 4.55087843613 -2.78904012628 -2.63719270711 -0.292825834428 1.08878462603 3.02318429357 -1.00284431819 -1.68143316015 2.22931352252 -1.21354454744 -2.9520260253 -1.24695341514 2.74490153252 -1.74613734966 21
112 9672.09473168 4.36256272482 -3.40449840149 -6.60533555173 -0.887726360452 2.23622865729 0.616465272549 1.33411614839 -3.03439048813 -1.2851569204 2.39713785197 -2.25914272895 0.556437040402 -1.85147896768 -0.68252502623 24
113 9677.04773132 -4.67535921288 -1.23937435026 -5.80976733874 -2.63815690582 -2.31299399107 0.157463094859 -2.90515632973 2.11904121435 1.00350821092 -2.94441098516 0.631888204475 -0.0465451782858 -1.69450075172 1.53080671431 7
114 9722.03410776 -4.98905693973 -3.2624172743 -5.02556061412 0.269677784304 -1.03374738429 0.240831662971 -1.36850973189 -1.41175529696 2.08448336837 0.264949672698 0.47574539204 -1.46352166659 1.43962524819 -1.59740082105 25
115 9728.83575989 -0.0260972802894 -4.9839614116 -6.22163956226 -0.882526261965 2.03247554267 1.65842867873 -0.724281206932 -0.241696725866 2.43334637404 2.77089109949 -1.87580545277 -2.4607558572 0.0487816175451 -1.37471940372 22
116 9748.5775514 -0.72672712778 4.045193255 2.31818528167 -2.93626793772 1.82120291514 -2.48441896792 0.782280969579 0.429380499343 2.0376132564 2.91842538876 0.152620941166 -1.10731315849 3.12750676335 -0.755874658794 14
117 9860.0975602 -2.83896657829 0.788768708066 -2.43450024163 3.12076726454 -2.46419468417 0.169954625184 2.34868479078 2.49610037845 2.52490370473 2.08314165646 0.4016209895 2.90860715174 -1.34412605608 2.92031154321 2
118 9965.51051471 -2.8574478502 3.06679311595 -2.33635190159 0.857485417843 -1.11094387865 0.570245504468 1.14194232842 1.82764954836 0.0204924231725 0.418193855874 0.503365031131 -1.40855022682 1.66987425823 -0.699862857348 11
119 9981.41031593 4.14903900523 4.14297228299 1.14660527336 -0.971166797099 -1.99981320774 -2.41882004327 -0.657928811145 -2.16668141208 1.4102841262 1.51622005516 -2.89514151108 -1.08807239601 -2.76231431359 2.2067249907 18
120 10063.1933216 -2.71167708913 -1.03819423234 -1.58979779437 -0.841851313179 -0.107191487344 -0.100052107332 -1.15708412855 -0.0194887118606 -0.542697339729 -2.10083834018 -1.20397941443 -0.0895390451681 -0.470857380395 -1.06980105468 2
121 10085.9129268 3.67902188552 3.8956269001 1.91828404952 -2.71911414024 1.92208460605 -1.58708863618 -1.92956428305 2.65251639504 -0.854660771893 2.68439404976 -2.56721650871 -1.3490405868 -2.6607428337 2.70910664341 18
122 10106.3803786 -2.74986719343 3.49864126555 -4.90060743446 0.396618945986 -2.23578204765 -0.540338290471 -1.17386979072 2.3766294104 -1.66469065015 -2.072863375 1.09434473307 1.98895968149 0.98230949778 0.814050841397 16
123 10117.3482314 -4.17410771998 1.60840962928 -1.88747256914 -2.65908125589 3.02484697674 -0.252802695398 0.86156317337 -3.08534486074 0.328682384088 -1.75557705229 -2.92382796028 2.03798865104 2.24746016735 -0.0573968545928 11
124 10228.338949 -3.62840002561 4.35886639957 -1.75476900062 0.625736806358 -2.63049854291 -1.40289909578 1.12333082964 -2.43106139122 2.86448897703 2.0696032243 -2.95221204771 -2.0611598966 -2.83958275605 0.384329849226 11
125 10396.5319351 4.68723445671 2.24404526302 -1.94924399469 2.83825588682 -2.92395570342 0.1835878163 3.09539442938 2.30011745701 1.66630918715 -0.0497682351351 0.45131025908 -1.5812251296 0.658855190761 -1.93383609339 12
126 10414.1915064 2.76171561403 -3.71387940409 -7.73181930178 0.350590653633 2.34760392934 1.95240955595 1.31188185448 1.72111527295 0.361921384065 3.09851000874 -2.35563387194 2.38819278343 -1.69727329703 3.0515289031 24
127 10429.6619688 -1.64018165339 2.20594564937 -5.63087026602 -2.39903728876 -2.72429648776 0.511986645952 2.91937983896 0.945591508876 0.994226468681 2.80263055716 -1.75725094462 2.8122617771 -2.19158022053 -2.52940223573 16
128 10480.8426776 -2.42065586278 4.92049271783 0.533799254414 1.57087935444 2.5672572543 -1.3998587647 1.40406703945 -2.39180440099 -1.30329193433 2.95802283031 -0.0102506401048 -2.11578126126 -1.25851171354 0.137915009242 17
129 10648.6592862 3.77580693464 2.33880252329 -6.18652631262 -0.787660625544 -0.686754572084 -0.00597946902542 1.0553253861 1.8387395279 2.57367699531 2.51010255308 -0.798015598863 1.50824638748 1.41167807235 -1.46084077624 15
130 10694.3154964 -2.53331798028 2.90916029185 -4.90199446575 2.04566735086 -1.76264015134 -1.14070353073 0.885951289073 -2.28501132682 0.383180231751 0.761685105114 -0.890908536705 -0.449337512119 2.21723389865 2.36160158028 16
131 10722.861295 4.50281238963 -1.10225526566 2.09853656964 1.634516813 -1.79855897392 -1.7998113123 0.079588401613 3.08198383912 -1.11608430722 1.19791229964 2.03139929102 -2.98234458404 -2.02456431387 2.09378428491 9
132 10831.2490922 -5.08864013778 -0.08393189946 -3.56959841884 -0.227710933404 -1.52900687859 -2.81542996668 -1.07287365946 -0.197320652476 1.7188677982 2.69254757885 -1.15456366777 -1.12664541127 -1.394833698 -2.60091802537 2
133 11065.0180846 -1.34169198639 5.06772779022 -3.45880529262 -1.40290769815 1.78549061381 -1.57036713937 1.58284418933 -2.76334227289 -1.54416624064 -1.85526303494 -0.116203805978 1.41247104583 -0.99060628406 0.3458743854 10
134 11113.3261261 -2.26702734145 -5.13329534371 -7.70762314619 -2.3368570278 -0.195887392702 2.74148195773 2.6604615074 -0.92646627029 -2.13898852091 -2.36700761391 -2.69678765996 -3.03776175944 2.51300539756 -0.680798359269 25
135 11142.6448224 -2.02487603203 5.06325176725 2.14910125376 2.6548349803 -2.86977289405 1.05551758824 -2.67021736696 -1.78523092409 -0.182653701596 1.27988219871 3.02335531251 -0.694350499115 2.96432740037 0.176435801994 17
136 11291.4887461 3.52277347193 3.34565448039 2.49263803973 -2.10131040474 -1.76127748597 -0.937892263862 2.45281325724 0.465501754417 -2.74742864407 -0.261668511277 -2.07121302507 0.776672416838 0.101261838621 -0.961992668018 18
137 11343.4963694 3.2472317632 4.70234029818 -7.5706986353 -1.40974010865 -1.66095473349 -1.42339525365 -0.657020893616 1.37588004437 -1.60286418877 -2.29809032698 1.25942211084 0.963140091983 1.47014152755 2.89312746188 15
138 11753.1449027 -3.52781610952 2.16859304448 -0.91120615251 -1.66038654322 -1.85164611829 -0.631803321661 -2.41273900937 0.308059209176 -2.43047798993 -0.965003513843 -0.721606161182 -2.94711715915 0.235394803364 2.53405767014 17
139 11797.7699278 -0.24119447987 4.41354080018 -1.08712141002 -0.703033317492 -1.58904848892 -1.58021038589 1.01351334669 0.432139982698 -1.9216687192 -0.185234291874 -0.664879989582 -1.21071732541 -0.563918960028 2.34763390364 14
140 11851.0258032 2.23112195152 2.76842389973 -0.1170584577 -0.6217525185 2.63086467799 -1.51198142119 1.88454074875 2.83266849444 0.298602204917 2.05168552313 -2.28235048273 -2.88426095045 2.87786732393 -0.0648368543756 18
141 12154.9397789 0.692839512699 4.70341862325 -2.80346462211 -0.304576846674 2.38883038977 0.340449619941 0.180543743267 0.889202464773 0.169072489278 -0.377008733343 -2.72153156184 0.0446512962698 1.70113554116 -2.15685486984 10
142 12156.8060624 -2.67941453953 4.2411012635 -6.02591246594 -0.367630886421 -2.96921217634 2.95820209106 -0.919103910926 0.742224865168 3.11509509602 -2.85173774812 -1.55051559285 -1.30852893999 0.576143946963 -2.88728754079 16
143 12311.6793809 -4.11575644157 2.35797538218 -3.80597240413 -0.736431938558 -2.07635340825 2.44049631357 0.163624123492 0.803686102771 -0.830390107905 0.187277750217 1.45432268639 2.89350047844 0.196303516465 -0.772440870937 11
144 12388.9726715 -3.70098892431 -3.01582008885 -7.8601366519 -2.25166621516 -1.70238710116 3.11787528598 -0.303363124206 1.55561746595 1.75273014115 1.51086887356 0.514480042631 2.20997509419 -3.09813380507 -0.248611930863 25
145 12399.4175724 -0.770455843082 4.49595809103 -6.85503498888 -0.62780601188 2.03773054689 1.71034908037 1.90054999563 -1.22228411839 1.88385250811 -1.7552899223 1.31066538932 1.21170430016 0.0918233819193 1.26060074975 13
146 12596.5955914 4.54087329253 -2.46301338944 0.19686414474 -2.20590593205 -2.49448318375 0.936876550909 1.3344958973 1.02389510079 -0.670002058498 -0.045044567033 -2.24855644102 -3.03246673765 -2.32315875314 -1.96852572227 27
147 12796.1007155 -1.24139227125 2.31155785996 -0.46478976108 -0.792107712411 -2.91382611162 2.06565722135 -0.546744613916 -0.0749656733872 -3.10552870924 -0.608490503426 -1.50985337183 0.313397247026 1.14942727926 1.89047446872 14
148 12982.8400537 -3.71420760174 2.82011357549 -2.63753093244 -0.502076096977 0.417719164052 -2.50689532811 0.463219079206 -0.785377494881 1.55983923904 -0.632592600523 2.81995502989 1.15953358665 -0.328942737968 0.892707908816 11
149 13425.2147137 -0.99190860134 4.20825828375 -0.322379720448 -1.28710049951 -2.21630541631 -0.637999099298 2.27378275311 -0.69178482404 -1.91749325562 -1.71237704742 1.43636164234 0.0151498199391 0.473597188357 2.2302843168 14
150 13450.0351939 -1.34166212284 3.21735527787 -1.88808647553 -1.0071840244 0.61947468727 0.398813123737 -1.34252140592 2.87921686731 -0.53820680261 -1.72616276009 -0.550003307199 -2.4038927057 3.08493891443 1.27743494085 10
