 4.204700925 -1.2781225837 4.49885173592 2.87559975596 -2.39833109005 -2.22609263392 -0.213901338668 -1.72615190224 2.83781682073 2.41993568724 2.73126647389 2.04730918792 -1.57736613656 -2.16019956244

1 1405.94542258 -2.29653756969 1.89681955164 -5.62161389889 3.01490806939 -0.713500931508 -1.70155880306 2.18230411242 -2.36085941418 -2.7975905181 -2.63219970646 1.56139759918 -0.190153797565 0.302427927041 -1.04062667713 3
2 1430.72046653 -7.26468053509 -0.324188615205 -4.39458314363 -2.8673214416 1.47346502581 2.34629165532 2.71088374393 0.982806154172 -2.52564710546 0.829091132158 2.08809744594 -0.0511832037125 1.67683661164 2.02749442781 2
3 2414.89774812 -8.98013241368 0.721348944385 -3.06786547523 -2.00718902782 -2.6849481649 2.11436816024 -2.59483375814 -2.14256080174 2.14331837814 -2.46341254066 2.84877767771 -0.679314869548 2.97025324492 -1.27745600885 2
4 3319.14933549 -6.47586990046 -1.47793654475 -2.70724580031 -2.39889253943 1.72350833697 2.28610361208 1.39415682495 2.90930556955 1.4676384666 1.08911959402 1.29631212527 -0.0416948247685 -1.14390390801 -1.56084651654 20
5 3508.7455575 -0.750532191581 1.81043992387 -5.80839418462 -2.85389649127 3.01449205902 -2.25059509679 -1.03627105128 2.47919119337 1.0170633366 1.64367678033 1.22152929518 -0.768430753093 -3.01377135544 2.15331029412 3
6 3840.872469 -4.50087156578 0.353349230141 -3.13874666406 -3.13323077622 2.73653880528 1.96627357924 2.30477356079 -3.11775704353 -2.39670423959 0.395710953652 0.58883921261 2.36891414295 -2.25222834801 1.19255948299 1
7 4062.00706013 -5.92283499896 1.30201143838 -4.26686879735 3.05755679457 1.79829638735 -1.15514733862 -0.300046292292 0.0527454733191 -2.43225429161 -0.855939176779 -2.70764059448 1.16459806024 -2.62672920074 1.90885202601 1
8 4164.02432515 -5.55786397023 1.75156105 -2.66223469172 -2.35160973956 1.11592273841 -2.52815806217 2.1493695219 2.14821110457 -0.573646434224 -2.45454030407 2.25482686917 1.90225966528 2.47402871367 -1.32324767136 5
9 4261.09558006 -3.47486754254 2.42692276517 -5.6655906278 2.75405440539 -2.23803793608 0.722271226605 1.34368962064 -0.317191292671 1.26709047418 -0.0145957531037 0.804782719827 0.841263595518 0.292914953413 1.21044943407 1
10 4452.29802188 1.22946099813 2.66118089571 -5.72744109705 2.51287744288 2.33989707771 -2.90604584972 -2.9035833964 0.849815377616 -0.141138785827 0.948311465612 2.59694078324 -0.756676595788 1.47085950246 2.16525831491 3
11 4456.00088331 0.176487289275 -1.89661182506 -2.97724124828 2.73738204221 -0.3091041905 -1.40583959474 -2.93179869974 -3.06832511522 1.09397880184 -2.33464991698 -0.423246191478 3.09203890947 2.83550289275 -0.942815470824 21
12 4597.01785663 -2.8456372766 0.546890227748 -7.49908087123 0.245748858394 -2.98705785017 2.27901717397 -0.0358400389468 3.04694129808 -1.75896760252 -0.117971474705 -0.183297987959 2.88797293537 -1.03336124493 1.56244675452 4
13 4788.42452789 1.08635800391 0.532069330955 -8.40342330156 -0.366503571081 -1.74901684589 0.165234957746 2.08991087703 -1.64699629017 -0.564373333969 -1.22109992065 0.14629995539 1.11819264381 -2.92645188641 2.62257103393 6
14 4926.60977855 -2.37311805551 3.98406754016 -6.0934331911 -2.75956709908 -1.86820637461 1.72933184793 -0.327256253656 -1.59307667614 1.58850786487 -1.79756177213 -1.46293699507 -3.11404890393 -1.0733568117 2.08849811153 10
15 5110.44693126 0.143011857075 3.63575162085 -9.68500297568 -2.23096593662 -2.68042144007 -0.793743000936 0.962524570971 3.09923544187 -2.3026032143 -1.14872403213 -0.704982023892 -0.0183206129384 1.70127899825 -1.34715252392 15
16 5113.55262737 -6.40414975024 1.18249819673 -3.62424513947 -0.131378801502 -1.08839234752 -1.73804719353 1.61825753367 -0.208766516873 -0.695703087875 -2.60929884378 1.38556299496 1.76136221587 -2.22586603698 -1.61672716329 2
17 5391.88900373 -6.39548220673 0.356028983544 -1.76680395256 2.27359835557 -0.315583437284 2.72269015874 2.27519329563 -1.27310760609 -0.389378950557 -0.864975127597 1.11939925437 -1.14397972578 1.16248562162 -2.16585834684 8
18 5472.47995751 -2.39340223058 -1.86120734893 0.864523234172 -1.70298900097 1.71133410114 -0.150539115216 2.04930009177 -1.64141556954 1.68047066704 1.46390976735 -1.25862388587 1.04797683384 0.660301644803 -0.698264241605 23
19 5765.71036317 -6.13010891115 -2.3064434846 -0.432190094869 -1.22840731598 -1.12987704583 -0.0188263178832 -1.50743418859 1.3672542629 0.58040384031 1.0130092234 -0.691015844318 0.353203711819 2.78230244995 1.33568572345 26
20 5766.65186106 -2.94060816246 -1.9881047945 -1.90485646755 -1.21062827859 -2.36542017331 0.00124462153306 0.595975924743 0.698939777935 -1.55462853557 -1.29678740819 2.93973413898 -0.244609494798 1.78737303479 -3.0456867177 23
21 5849.52327332 1.28215992671 2.38621904988 -8.5629295604 0.6497348901 -0.775499726406 -2.11010306815 1.5852616479 -2.13113090444 -2.45823347622 -0.744736898118 1.8325466643 2.52705922911 -0.722562002359 2.67833384984 6
22 6029.54744191 0.555150106839 1.50917174157 -6.06224157334 -2.71105603676 -2.08666084827 -0.523146666335 -0.705862629348 0.108311386846 -1.90931515519 -0.936823259102 -1.34089261526 2.13842210217 3.12462582713 -2.32271556336 3
23 6039.98580133 -7.63259094895 4.68325488215 -3.58946715179 -1.1727138388 -1.07648795319 -1.18713906886 0.925855497491 -1.80623485756 -1.02736493372 1.56287735 -2.69468198445 2.96084020826 0.936993317976 2.75697125195 11
24 6093.64855269 -8.39914431587 2.6847473951 -0.10587281888 -2.88636757115 0.8642800497 2.18974789926 2.10857300138 2.8656343759 2.37778620001 1.81050601705 2.47541586304 0.220032576948 1.46525119502 0.27157937448 8
25 6147.2230777 -4.89069549742 -1.57698159019 -2.75768029493 -0.293355849855 0.772834229013 -1.17878969121 -2.66394911231 -1.97348107737 2.3766369409 1.15825204088 -2.02624451318 1.96517275857 2.59437730553 -2.076957492 19
26 6187.33636013 -2.00625995874 4.58678747708 -7.72060206555 2.59987644955 -1.16314478686 1.01530083194 2.00454335655 -0.761362528118 1.84839917553 0.686977256007 2.87247589006 1.47599531855 2.26398174577 -1.04114458086 15
27 6232.47921705 -8.00720966452 -1.5695470534 -4.47319257651 1.31897290656 2.70468833966 1.53087193022 -0.106453954685 2.30355165099 2.17963332548 0.973571467658 2.3275843526 2.37073656282 0.179249561807 3.09298503559 20
28 6249.92232827 -7.74811629721 -0.928677313072 -1.70169400695 0.227161840975 -1.66634665289 -2.65595287911 0.935186363618 -2.42979409423 -0.147485609824 -0.167319184247 -1.21294716092 -0.741316511789 -1.41477197296 -0.738619997898 26
29 6311.70934454 -4.30536780316 3.54966844056 -4.00647444016 2.76193948298 1.78005656514 -3.0387437521 -3.07988230189 1.95285165866 -1.65121256914 0.385202539322 -2.56170127817 1.68672893411 -2.28383522466 -2.38692279315 10
30 6338.3657362 -3.53907763468 -1.11478148511 -8.45892859557 2.65903304878 -0.187835115921 -1.65703742053 -2.64428053061 1.37034794821 -2.5893254798 -2.93264333209 -2.08654260537 0.264238311612 3.05670894538 1.4861732568 22
31 6395.04749977 -1.0496140424 -2.50683321291 -5.14663468606 -0.367013554622 1.66462797595 -0.985666399787 2.32136026064 2.82073316056 0.996204342087 0.506875508455 -1.36603446641 -0.362645887048 1.5767485515 -1.25417679556 21
32 6409.27787371 -2.37044705279 1.58956276563 -8.07154495185 -1.91651071473 0.913368388773 -1.14065921574 0.569997913732 -2.06124341493 0.050121371581 1.54115480206 2.74762472016 -3.02493081612 -0.0931926579592 -2.385268139 6
33 6447.5092138 -4.56152800371 -0.57641181669 -3.57268686087 1.58346777083 2.39514282831 -1.4300707289 1.36319106123 1.42610669448 1.67793414161 -1.58731774999 1.87254460479 -0.996067725804 -0.30041811574 -0.668160468054 19
34 6584.60750142 -2.73104586651 -0.193763882417 -1.23550221002 2.89981596032 2.75783531254 1.1862409991 2.47791579385 0.0305390721098 -0.496798645124 1.01324105533 -1.61772187008 2.82100752474 0.533342811683 1.1572908094 5
35 6665.70078041 -4.89427882138 -1.70930980786 -1.40042080471 2.44351712037 -3.06621299457 3.07254929296 1.438663193 0.253622045399 -1.09257688848 1.75111208548 -0.938011941154 1.42098776023 1.53557410339 1.61168004723 23
36 6707.48458419 -3.95657091126 -0.891956742766 -3.46929964169 -2.13724692783 -2.51459154606 -0.480025509708 2.84052970409 0.443418229842 3.12192695646 2.47138162639 2.17915443423 0.647835745997 -2.6452013971 3.11612363386 19
37 6811.78881203 -3.58337308539 3.99226135038 -0.622714255506 0.117345004932 -0.421183246203 -1.94096977663 1.12680063893 -1.38329234713 1.51131934381 -2.93564323723 -1.29814435602 -1.02835378953 -0.0839039101595 -0.966367965645 14
38 6926.58776897 -8.04541684758 -2.11262601348 -5.83407614451 -1.31691580114 -2.14640442005 -2.40286745998 -0.808573862857 2.89030739552 1.2476491004 0.400776332773 -1.25136401387 -1.84640322552 -0.715952953525 2.05649562616 20
39 6998.38613775 -6.92552658262 -0.87388025759 -0.301046453321 1.99847944439 -1.19749789781 -1.56616761368 1.16739815074 -1.79005104679 1.13757616093 -0.47673521954 0.541693537813 2.34334637503 3.01653585517 -2.31765549743 26
40 7007.09812015 1.16772313654 6.40704701445 -6.00492080226 -2.64177640343 -1.42981642094 -2.96498391093 -1.73897445238 3.0148357455 -2.46502953247 1.39519515911 2.03732851084 -0.157578324451 -1.77841683601 -1.37490826283 12
41 7154.64299668 -8.01981104151 -1.16531744226 0.217034731013 -0.713957901962 0.772472194762 -2.15721441325 -2.94797713449 -0.997598689529 -0.43212504017 -0.0662376640793 2.39007431028 -1.32531372258 -1.56512870976 -0.260411815308 26
42 7195.7667711 -7.63519084247 -4.06865014137 -6.41436543569 -1.93439312926 0.29156093676 -0.620009926146 -1.7576326733 1.32422831241 -2.42037185691 1.1108243593 0.792386090917 -0.536962204933 2.08599032759 0.00713238127632 25
43 7251.47616531 -8.73668194175 -3.14511640023 -6.20902633313 2.73315526421 2.53748749084 -1.24549093738 -0.272653998984 1.00853899058 -1.17836952719 1.98584756539 -0.0149594479732 -1.06864893842 -2.64340182549 2.79915650757 20
44 7296.26837916 -0.454744166122 -1.1564045568 -0.512730899133 -1.06899279054 -0.0118273954887 -3.02427177725 -0.693062123902 2.31491643832 0.945303546197 -2.28170482403 0.215615447853 1.04286090247 2.7901211748 -2.08584551916 27
45 7352.93861104 -2.01009135558 -0.203593032359 -8.80055906869 1.12225117404 2.59852803234 0.271897760768 -2.76383453978 2.36433263495 3.0378608619 -2.5984009361 1.68036132169 2.4637242976 -1.70196437283 1.42079101607 6
46 7384.00358199 -6.57573721681 -3.45579550306 -6.57738726687 0.0604256261974 -2.39210754858 -2.69506154152 2.72657530461 -0.860432547386 -1.01906327772 2.54013279207 1.29722127985 -1.24097530115 -2.98959558513 0.290199923609 25
47 7385.90188827 -2.73306294269 2.22341993225 0.902539179745 0.228472789502 0.809644273943 2.05701883176 2.63879889313 2.57828352412 0.462420059498 0.808179458224 1.03466377518 0.827455362728 0.6638660763 -0.186227344318 5
48 7442.93672939 -5.31692884419 2.71492104081 -5.08618405269 -1.65907906541 -0.41503320372 2.31271847664 2.3712929107 2.1551115631 -0.131987658697 0.19750465126 -2.1402153558 -1.27397411246 -1.68296393394 -3.07232676636 1
49 7478.24882774 -0.895079780979 -1.15013092909 -3.00043149885 1.906340546 -0.10170868358 1.16905401086 -0.675596166672 -1.13780770822 0.56126796379 -2.66960184296 1.94852629321 0.792449570154 0.978735045813 -1.46407457391 21
50 7515.8119876 -5.01010284949 -3.46288815536 -3.22770121499 -2.63949143032 -2.62009266234 -0.20152807329 2.98710930462 -1.17009353777 -1.25911448336 0.450548613806 -3.03225765725 2.55941186246 -2.96022974397 -2.88830756136 19
51 7528.6114641 -8.55661863493 -3.15351375133 -0.848140512387 0.326436168668 0.92848128762 -2.662657136 -0.23857334176 1.65525366532 2.65858119189 1.21919425342 -2.00867529545 1.92178117296 1.38830392031 2.20731158539 26
52 7568.26163205 -0.363492169614 5.78992970977 -6.36235076499 2.40156153136 1.24148549185 -2.66942742216 1.95832423241 2.28995451564 3.07163524887 -2.52402331165 -2.33060577966 2.02303423971 1.29600790173 -0.0397740887588 15
53 7622.97283428 -2.47174361082 0.00202213690579 -0.874831772949 -1.82143885581 1.18297196632 -0.805737381283 -1.36782170431 -1.61271867423 -2.20861805134 2.22494735199 2.08382993801 -0.0895903816784 -3.00695094403 -2.04532456277 5
54 7632.47357204 -4.92450226978 -3.6796237815 -4.72264824166 2.23174010088 -0.455246777133 2.63170195765 -2.27578155859 -3.09877274851 0.997057208308 -1.6450789903 -2.98547376877 0.954750111 2.7608723644 0.526882319685 19
55 7701.66722484 1.14516263582 4.55163056099 -4.14376047385 -1.82008766582 -1.21247783538 2.87251830095 0.434615643331 -0.21144370937 -1.80945788837 0.0999164006999 -0.108504803286 0.963982391089 2.32426695576 0.209793727033 12
56 7709.50497507 -4.86901968324 -1.77715679591 -8.41203784767 -1.65319961961 2.88326879566 0.668563339477 -0.0448412655455 0.490984939452 1.09911306464 -2.75157379269 -2.87922309008 -0.628068416969 2.98278211612 2.15106278562 22
57 7744.71584003 -3.9222645544 6.43317877424 -9.27832407311 -2.82716371693 1.71254728868 -2.60341775664 2.71696353929 0.0250957112239 -1.46988094707 2.20175458067 -1.12629632273 0.226833445504 -2.7493036026 2.90388325782 13
58 7778.67029164 -4.58846537489 0.848656811724 -9.37006936556 -0.0688773226558 -2.12574414404 2.28746967516 -2.1420514152 1.9001709202 1.32499267413 2.1854212403 0.833186748546 -1.24383258354 -1.44493279085 -0.465811136418 4
59 7780.9347059 -9.36759789676 -3.03531379545 -9.66709660609 -2.87575135022 -2.93422677595 0.291050184843 -0.317731678911 2.83618194084 -1.32447489799 1.79353913745 2.63552905943 1.51017636023 1.99833545461 -1.77621064354 25
60 7834.27850623 -7.23660096689 4.46887919386 -7.00318832092 -2.10857600884 0.167828920092 -0.777751338731 0.20384468569 -2.75186544831 0.653039201545 -0.24847811597 1.50839209171 -0.190894553258 2.64597022742 1.45875397551 16
61 7859.48125481 -6.71322625289 2.35670633403 -6.1673445877 1.30150016726 -3.07857887712 2.54997298856 -2.38636506574 1.72157430014 -1.88723817028 1.42312972209 2.58884644898 -3.03038280088 -1.33879673313 -2.62178244756 2
62 7942.37111725 -3.98037362355 -2.0476432165 -6.52009084386 -1.09452287255 0.0707431664822 -2.82337842884 2.415288325 -0.186499946638 1.77403766193 0.95719022389 -3.07276266896 2.23442672199 -3.00126536276 2.17099146408 22
63 8009.05492365 -5.69997575503 -2.02007174487 -1.96305667256 -0.234992101314 2.36090652563 -2.09528441129 -0.645982549839 3.09290485456 2.68443943686 0.162329433299 -0.472380544378 -1.61340307967 1.3835774756 -2.0843782106 23
64 8063.79886169 -0.998895490685 6.13896164263 -2.31657247595 3.13059377022 -1.73854032492 1.61700904151 0.350383887663 2.07414385057 -0.733191767147 -1.47989275914 2.29060713396 -1.34177628361 -0.759579237267 0.104274994265 18
65 8124.71824047 -0.101009825535 1.03681579448 -3.62721797606 -1.95406335092 -2.63347996754 2.79178839611 2.3502145673 -1.33228357426 -1.39181182846 -0.982634041691 2.14458503032 1.85073659114 -1.04421782907 3.13225504337 3
66 8136.15910932 -7.42225047715 6.4240636019 -6.27844374394 -1.60633039653 1.56541849589 -2.86255084036 1.22468344984 2.21310860276 -0.447300475209 1.18299258539 -2.78179864171 -1.48926756953 -3.05917984067 -2.99044825814 11
67 8149.61030202 -4.01877703958 4.89737315448 -7.29427690829 -1.01467384908 0.744996933988 0.197816929437 2.3649956922 0.274524291855 2.36410302447 1.93449246398 1.69877573738 2.1797770142 -2.25889823219 2.79070604066 13
68 8161.04172693 -2.89879109036 -0.508157590445 -9.90464262335 -2.29438419177 -1.31608673312 -2.57218539597 -2.29923908325 2.43998612983 2.69144773954 -3.01588211828 -2.79547898675 -0.465543343163 1.16624440201 1.45638205514 4
69 8216.94062686 -3.7988814346 -0.0901219836365 -9.87419908254 -2.0843683809 1.87226228102 -0.227486421183 -1.16377616545 2.59403437422 1.54011491043 -1.10471214497 -0.18747433868 -1.9903192307 -2.24790363991 1.13408716154 4
70 8243.68881767 -0.164434179585 -1.75535950506 -7.5493755997 -2.08767856702 -1.53985203992 -1.10595285582 2.43363509294 2.35489645186 -0.862156177878 -1.21090328297 -1.76804222323 2.2273288967 -1.06019732212 2.17954581185 24
71 8253.46882173 -3.33631341982 -3.96958269514 -2.65209641771 0.645477196191 -0.253452425205 2.16176582107 0.764305868455 1.95146771281 -1.41793071044 -1.1179865504 -2.50171363052 -2.27669525661 3.06903915564 -0.412722584579 23
72 8270.18287772 -7.01621943713 1.43682293607 -9.51368094377 -2.37663690365 -2.28291671354 1.3677812396 0.735856666743 0.930033993217 -1.24550259329 2.78879600622 -3.12001579255 1.36046692247 2.46125574112 -1.1744337175 7
73 8275.42933412 -9.53761460957 -0.161290079682 -6.39267705091 2.1615773 1.41789156153 -0.559018290941 1.13107408085 -1.51443078256 0.143553744404 -2.38268500813 1.54896481992 0.537687449227 2.06199239862 -2.19722003311 7
74 8440.93926323 -1.04278885931 3.4128778664 -8.20178453381 -1.53327190529 3.1138324456 0.331361607534 1.79431165999 0.2364609706 0.584008928855 -2.73989186348 -1.16821784425 -1.05236220885 -0.122015006345 2.94390065578 15
75 8441.55446272 -6.35969635813 -4.06260690677 -9.57020762102 -0.960872888603 -0.212903497509 -3.11887698472 -0.139358476657 -0.100365340153 2.00932174952 -0.673831917202 0.0196465868652 -1.89024417617 -0.440327134136 2.20891023617 25
76 8456.96474398 -5.04531146745 1.03331696246 -3.35913714102 2.31568968889 3.13300004772 2.07630219231 0.0956870161833 0.244796456606 0.49845694413 1.54578041549 -2.73922112716 0.967295939862 3.09551039005 -1.36160782946 1
77 8478.37965924 -6.56460308268 0.969993934464 0.292226268627 -0.33273849621 -0.979652841542 -2.16465665316 -0.543238495014 -1.60204138095 1.07637426828 1.71376148629 1.11179328719 -1.90981709354 -1.46605599184 -0.680095290448 8
78 8523.74857724 -2.8083458257 4.24415690535 -5.81539905604 -2.42203710109 1.39414198203 -0.250234981854 2.135495761 2.32065386124 -0.763241327765 -0.809595794305 0.320457104348 0.0171548836447 -1.05573279863 -2.17768324282 10
79 8534.13815693 -4.06742166121 6.1125770769 -5.92850732978 -3.14065923267 0.652306975601 2.57956224437 1.43042824655 0.486542496462 -2.86760050817 -0.915284633011 0.611158098214 1.95497865991 1.67892896828 2.18886334714 10
80 8586.58794117 -6.23071332537 -1.23657149182 -4.60891138567 1.17919922274 -2.03362766581 -0.0326785306758 2.50635996782 -1.24585693604 3.11467558795 2.80928445937 1.2130013225 0.0223227907949 0.135115946576 2.27646047749 20
81 8621.96066397 -0.52902629159 -3.44541177479 -4.51241451664 -2.68240209009 1.59411563889 2.57973090003 1.38336149046 1.69568074576 1.88181597912 2.24923706524 0.169635682591 -1.92455185701 2.74013236684 2.73571632071 21
82 8630.43074335 -5.40674003133 3.16493257124 -6.09912664423 -0.921710951535 -0.27647707573 -0.35103564466 -0.0640908184973 -1.10156940893 -2.44720491232 2.7014289667 1.15433851188 -0.150270437166 2.26220225528 -0.32719585807 10
83 8649.83382804 -0.69687676924 -0.885958989315 -9.41314097243 1.51085096406 1.79872587653 2.45774463771 -2.51910889202 -3.00817512963 3.01891161729 -0.125431272223 3.03458788164 3.0118102812 0.285274316178 0.779038677203 24
84 8669.65679811 -0.521155224042 -1.64636743011 -4.12199575945 -0.365243243699 2.66773656242 2.62777683829 2.12105618737 -1.73646105907 2.1742833276 -0.868575827008 -2.12852848223 1.76737285031 -1.69342486915 -0.312779302437 21
85 8715.2839854 -1.11744032741 2.53533921084 -2.63219152804 2.65981698255 -0.317536780246 1.96229347659 2.57073488157 1.06107348547 1.05025800749 2.56917184714 0.400776434805 1.56991124396 -0.582131089536 -1.59544311371 9
86 8814.04055646 0.622129456924 0.0370411912382 -8.31217552325 -0.810890039493 -0.694412176691 -1.95533374415 2.62680152436 -1.04982104236 2.71705395557 -2.7050978156 2.66046437956 -0.510003275546 -1.03643489814 -2.50056415938 6
87 8831.09251975 -4.24217585353 5.68648167867 -1.78103810267 -1.81418366745 -0.317851371174 -0.0593585932523 0.952251524685 1.92409791882 0.959229980872 -0.353056680605 -2.18440563099 -1.61580438003 -2.01082689583 0.419422970066 14
88 8832.11588359 0.653257699941 -3.93159795255 -1.93194904646 -0.16099674287 0.26692548275 -1.21993026817 -2.61022463722 2.21962451551 -1.43330925866 2.25615022385 0.50731686681 1.99353772211 -1.28957522063 -0.853542758553 27
89 8837.66998511 -2.08556979687 5.96590096451 -3.82918982551 0.206552743338 1.19160418821 -3.11903867729 -0.844408395773 2.79623111583 -1.23686606885 2.70236976457 -2.51931110474 2.28253820092 -0.906191012648 2.61788236183 12
90 8875.89846525 -8.49243095735 5.70786364615 -0.5335115627 -1.98499208521 -2.85308053858 -1.66162585678 -0.891830403997 -0.529178197141 -1.50869816149 -1.92736065376 0.0553821788717 -0.71336174122 1.9161065806 -1.69351995304 17
91 8914.40255649 -6.54536653906 5.39730042146 -8.89513845544 -0.95075398488 -2.30810285389 -1.75798911847 1.86411111997 -0.868873735888 -3.04085156061 0.388403527344 0.479599045103 -1.38428967585 -1.30806186924 -1.35792732796 16
92 8951.68787562 -1.42253854767 -2.21169610292 -0.236047669243 -0.303061690838 -1.59543360455 0.833328358879 2.50856051341 1.74362928556 -1.01238679179 2.44837363665 -0.0417897959302 -2.23449711985 -2.98755852956 -1.11276920812 27
93 9006.68308139 0.73794072914 6.04864499125 -3.92949530959 0.528806108632 0.448182904325 -1.77229272998 2.90947796879 2.27300863448 2.51149299416 -0.259484165977 -1.8806985735 1.27785823634 1.00756512743 2.47411660272 12
94 9021.44464564 -2.31130916417 1.22012956828 -4.51078458272 -1.18373443056 -0.287664280935 -0.514821089804 1.13360410445 1.37337672422 -1.58921579224 2.04907209813 2.49319869902 -1.44631675972 0.746923268085 1.21475531561 3
95 9128.27765031 -4.99110091106 -3.1189894014 -8.9305879871 -0.170513117284 1.85534770154 -0.81215938197 3.12958307225 -2.55461054634 0.159443450091 -1.35015739039 -0.391501047801 2.49030717247 -2.22840868791 -0.853851077881 22
96 9169.60538473 -7.91208772501 5.80098762342 -5.94415961154 -2.32271093343 -2.57390331512 -2.02215332363 -1.28264179055 0.306669796713 -3.0452187659 1.60333436112 0.703822475214 -0.581338739798 1.18353413111 -2.23085944753 11
97 9170.3206011 -7.93099299233 1.12911670007 -1.80713426623 -1.55721201761 2.38526832223 0.144822909524 1.89418319968 1.70309994218 1.16139764213 1.87586467671 -2.4407284562 -1.20116965162 -0.00603173025837 3.12521108066 8
98 9176.12755967 -7.28750370461 0.875593615276 -1.49101246551 -0.148619712292 -2.61962320002 3.06470629389 -0.0485327310132 0.512631813916 -1.13186754868 1.41929741438 -0.326560508389 -1.46754852039 -2.94482471481 0.09664026361 8
99 9227.6961912 -1.41429564012 -4.04882688233 -6.91593034939 -0.266260551597 2.88539549333 1.61286474863 -1.18085885948 2.00558441031 -2.71702555616 0.929557500314 -1.56385399439 0.710736992862 -1.68012843728 -2.80764877696 24
100 9321.65855813 0.781525824571 -3.04508961732 -7.6978366001 3.10250803624 -0.141094642436 -1.03456193064 -1.44972109706 1.74602912892 -2.36450103186 -0.281440876169 1.83194471599 -0.663842430156 -3.03978218384 -2.78644179802 24
101 9329.55261136 -0.514283489035 6.34369904135 -6.52401522432 -1.91110922596 0.568257702761 2.4669834738 -0.443022646511 -1.72772077745 1.29872181473 0.0618653484733 3.0923265008 2.5976887353 -0.282886659619 -2.55705028665 15
102 9340.64689625 0.132575781808 3.0463210074 0.0159125700431 0.25370405154 -0.402966545013 -1.25354788422 1.02982915515 -2.26768230309 0.811549861647 -2.28427843503 1.3596334038 -2.12671372421 -1.74427063274 -2.80751220905 9
103 9351.78975904 -5.48335002637 4.06556076617 -6.57491776842 -0.999316206766 0.524858132463 2.27089411787 -0.423161801699 2.99212046552 0.246855423198 0.618514527528 2.94626794256 -0.758133945713 0.969631715466 2.00162628431 13
104 9404.10974608 -1.03751200497 1.69216154262 -8.17392551611 -1.0158278786 -0.637266970568 1.0711718022 2.44529754344 -1.05742370874 -2.76585867949 0.95899917851 2.81999542598 -1.12986690669 0.349090241119 2.86532609513 6
105 9410.36802581 -5.92376641199 2.90006209975 -6.25153775698 -1.73090985231 -1.61341892056 -1.01724040862 2.18094705328 -2.94491999095 2.73229511438 -0.454812388281 0.947121227428 -0.494667010958 -1.24486192714 1.06051028341 1
106 9413.38962413 -5.05875464329 0.748636522564 -2.55924222113 -1.30079276675 2.41529891859 -0.902751098497 2.47195329134 0.59350290107 2.35553402433 -1.97494927845 0.444326053581 -2.69877323957 0.221206802361 2.63637253595 5
107 9471.7570509 -4.81717903829 2.31465307711 -6.4858967077 -1.62943520859 2.87092397723 -2.22060756514 0.393792073407 -2.77077730665 -1.82337336581 -2.73200757622 2.0790473422 -0.172711709384 2.03357518806 0.534771507853 4
108 9640.09806903 -9.08347408973 -4.10621652486 -8.03404536148 1.41148871989 1.29668093255 0.67268240436 -2.1795014698 0.599394056487 0.215064383494 -1.3716793317 -2.03901811686 -1.22038197412 -2.53452303707 0.518939818644 25
109 9664.42856953 -5.80954124069 6.65905066942 -8.82519769542 1.52783031699 -0.760848254313 -0.129506384894 -1.34978640478 -2.31013971024 -0.328668397411 -0.295532854369 -1.19853397712 -1.41239033075 3.10436068207 0.29167108093 13
110 9725.22817862 -6.81332403804 1.82282170704 -9.95422801805 3.07463895424 -0.10627231653 0.784888031698 -1.29035154687 -0.283547829631 0.958042442085 -2.41640829182 -2.83569148452 -2.73746608434 -0.449001799338 1.69096276334 7
111 9755.6662704 -1.16139073825 -4.12442922883 -0.746835547587 -2.75171275007 -1.34686505181 3.11898417706 -3.02006778232 -0.139189119599 1.26118532175 2.54061584975 0.577775924906 -2.08109791218 3.02273983743 2.89994082505 27
112 9776.47329699 0.0456810096151 6.13624304107 -1.20872667068 -1.56375276854 -1.22842139602 0.823566831058 1.146725758 1.10685824296 -1.82174841519 -2.02771892467 -2.32278821973 2.15158226474 2.50774309489 -0.852733885409 18
113 9785.47831631 -7.84983525913 2.29171779105 -9.2789326206 0.913556373033 2.13741236822 -0.0940194025153 -3.11101618655 -2.51292751263 1.42755122281 0.412207595416 -3.04362842815 -1.41624002508 -0.895966321465 -0.0349185889316 7
114 9832.01051573 -8.76011523438 5.26937858458 -1.03766034914 2.9173519606 -2.31382391492 -3.13311403079 -2.88113420228 2.6300609633 -0.0495966271576 -0.729809657685 0.168916961613 1.73287883228 -0.0287569387964 0.220198016855 17
115 10064.3301789 -8.75902767502 5.44165078392 -1.58568365745 -1.96505868134 -0.358641958445 1.99263392739 0.866970797617 -2.40484313248 0.107686973508 0.689831532411 0.58193028671 -2.369166186 -0.248327016787 -2.11876292502 17
116 10072.2340205 0.82589814255 -0.926915680724 -2.43741169119 -3.08140912492 1.86079529749 -1.75624088697 -2.40565166624 2.97410203224 -2.57701320046 -1.26402228948 1.90085213316 -1.50044815603 0.480693859613 2.18455411595 27
117 10123.7880549 -1.00859877528 0.732504278064 0.945705400892 -1.19416386491 -2.84604844867 0.676744612373 2.35264773884 2.37596567161 -2.19261317313 -2.73740077965 0.0199509134152 -0.259825969562 -1.28424389952 1.07525387562 9
118 10202.0578236 -7.27078262618 3.36989331901 -1.22484226717 -0.215839256489 -2.45896784447 1.35875061271 0.167117044125 1.09073337602 1.41857592322 3.03658096623 -1.66477191347 2.14572610329 1.82431481517 2.45614068045 17
119 10214.1929928 -5.87408067026 6.72190231262 -6.56403219804 1.68360680246 1.80912020706 2.28432068404 2.16485164549 0.83630137898 -0.0146360798179 1.49503698196 1.58469137655 1.56911910047 -1.95259769448 -1.602011731 13
120 10225.1052374 -4.77163391051 1.33034323298 -8.73589038954 -1.57668855701 3.03144276081 -2.26907110665 1.89971779842 -0.894029089255 2.73037640911 -1.96250296436 -1.17817881833 1.49432004824 1.08508928828 -2.45238247628 4
121 10292.3554947 -3.41040050668 -1.41452497462 -8.73506082649 -2.09333408785 1.47248685603 2.46673313848 -2.94715022145 1.87875658796 2.54346434365 -2.2202861131 2.85365003366 -1.955419709 0.338116221273 1.3103149168 22
122 10444.5881865 -4.90309629049 6.14134510234 -0.902302447947 2.83895027609 0.817994521654 0.791122369656 2.85215105747 -0.0529359087019 -0.361636855729 -0.224353247349 -2.18159306011 -2.73019845184 0.22942743418 -2.34890235453 14
123 10631.4976841 -6.41158725379 2.68612395632 -3.14515506748 0.282516117672 -0.0409889280982 -0.685374579527 3.09685904855 0.0141708329929 -0.201558703644 2.48834502827 -0.333875694661 -0.164014101253 1.85772984793 2.90427974408 2
124 10681.3393495 -1.39677053422 -4.02551443768 -8.18596153789 2.12287604213 1.8702701976 -0.510811766832 1.17325569048 -2.35580711045 -2.9788416724 -2.37888765849 1.48159130579 2.05115914237 -1.86062903882 -1.77908846052 24
125 10749.5614519 -6.58015771534 2.89196791933 -7.67595296959 -1.59622501414 0.70367026542 -2.06556875925 -2.29772900447 -1.36315676914 2.4319255667 0.707906673693 1.9218283124 1.75923531332 -1.82192078389 0.150076336914 7
126 10950.0642405 -1.07617078384 2.70159029508 -1.14409335466 -0.550131057028 -1.30176250279 2.46847791053 -0.356280312315 -2.52067347955 -1.80847482484 1.10179861459 -1.76702537485 -0.184766305624 -2.03813254276 -1.42420314066 9
127 11128.0208589 -4.81343276343 4.93657318461 -6.8173998206 0.992772621412 2.42902568182 -2.12438266173 -1.51471522119 1.68820673875 2.74613410082 0.692416149613 -1.79752172675 -0.720599989257 -1.95253947795 2.35088701521 13
128 11344.8252738 -7.9572686605 6.53283221961 -2.98972382468 2.94182040912 2.50228709078 -2.21439904132 1.70655461968 2.17615289626 -2.11089764797 1.50898982214 1.74854475493 -2.33607216973 2.9699614084 1.53074487373 11
129 11576.1233821 -6.73497211234 -0.439492173112 -9.93216341942 -0.458504123508 -2.33775479415 0.702313951136 2.2795857187 -2.22526986546 0.47195035383 -0.298396712387 0.948159847089 0.2917227734 0.470478190184 -2.45410405745 7
130 11690.5828353 -2.76680974481 3.06205839097 0.936196390713 -0.821272432767 -2.12627945132 -2.54464703853 -2.55677126301 1.81965018395 2.04622946698 -2.2612797202 -2.01905180558 1.51414257572 -1.26101846404 1.10038816722 5
131 11695.9680381 -3.00403379073 4.23176994296 -1.05911661463 1.12212223967 1.48960091398 2.45316533105 2.60161928229 -1.96517515391 -0.55255531116 -2.74740570048 -3.14117127542 1.72446333778 1.63467712053 1.57625692126 14
132 11698.6829731 -9.59122350804 1.28436414422 -0.350340945668 0.77940975671 -0.887831991859 2.21682867489 0.756022669284 1.14328456384 -0.143664944403 2.27691258666 2.15646447334 0.259102665025 -2.43966551944 1.36720061859 8
133 11722.8024907 -9.13969269754 3.71507582676 -3.33675844119 -0.0616105534016 -2.88907978389 2.67818801684 -2.57797922511 0.704375663058 -3.099682051 -1.69950209078 -0.700877579529 -2.30442502455 1.68273408333 -2.5009909311 11
134 11790.827496 -1.57575583189 6.53496506218 -6.6930171034 1.89315704654 0.959164257884 -0.965326100862 -0.788986909104 2.77174487806 1.1583597643 -1.62959495871 0.0910759965442 1.39504786907 -2.17698226047 1.15575757149 15
135 11840.7334732 -5.60072722244 6.45345784585 -5.50321868934 0.631701175782 -0.351998787045 1.61882217555 2.70609111448 1.47228084378 -0.557928229806 2.6652165368 -2.60037531626 0.607100694759 0.416594988689 0.616123990717 10
136 11892.5362559 -6.25038258499 5.37177424331 -8.79718386874 0.668133272712 -0.474224851947 0.0834404124119 0.0172099662855 1.65851814222 -2.77085339141 -2.92443449808 1.09676761848 -0.0906679221957 -1.34908160712 2.54259624408 16
137 12041.9067636 -6.99288971142 5.98153836995 -6.50826776083 0.666846734964 -2.01397797571 1.19871249437 2.83960351767 1.15439762584 -0.451996641649 1.36855023682 1.48967503155 -1.96775707315 1.18632882912 -3.0293070575 16
138 12143.3111841 0.107425452953 2.86484876192 -0.13076980965 -0.858912646063 -0.0614039238146 -2.50318829662 -2.11945691151 -2.67316314402 1.83676096973 -1.85932378919 2.12968645073 -0.11507675039 0.0263668988853 1.23539176829 9
139 12327.0432987 -0.938792450548 5.51992882501 -5.26513941376 -1.69088865423 -2.42345990633 -3.00706353311 2.13846372709 -1.8181208561 -2.8809800045 -0.0222419106112 1.58987108132 2.60051700323 -0.46996610211 -2.14966546058 12
140 12330.6285653 -1.66703703264 5.64550212582 -3.25926261675 -1.60584618792 -1.46235688272 -2.29027133321 -0.566958489544 -1.34031066836 -0.0814534660709 -2.07824684933 0.877766573952 2.38355265994 -1.51017488682 3.03643502003 12
141 12335.7577588 -1.01658215817 2.75261912608 -0.0253409840935 2.41395221179 1.06525825464 2.74177647143 1.8296880196 2.17424920065 -3.06858103491 -0.000544775392363 0.807614961008 1.71303913589 2.00504904147 1.40378643994 9
142 12512.1191349 -9.31895614477 5.53629857323 -6.46598138307 -3.06718468579 0.731146051555 2.28355851204 -1.58189547202 2.17484277776 2.61338130106 -1.77016190519 1.86401934493 1.98546921986 -1.78395102152 0.80291799476 16
143 12538.8828241 -8.46833300904 2.75663165694 -6.03397892739 -1.02308321741 -1.01081639473 2.02048213143 3.13016339732 -2.797167709 2.29369564524 0.680958243354 -0.0593020884552 -2.87532091839 -0.0951143413711 2.69238974794 2
144 12544.0737245 0.911847153093 6.26793332295 -2.15953384302 2.72240761423 -0.21025755696 2.18565368059 -2.06905992865 0.183418361281 -3.02524134861 1.64352893724 -0.0586911655623 0.202255612778 3.01669987146 2.67581160735 18
145 12714.5841109 -6.2164634475 4.8051763129 0.993054270958 0.887741476691 0.576488411403 -0.267280430599 2.12349616139 -0.668606380185 -1.89104198853 -1.79568975678 0.547286789768 -1.5908152558 -0.871268796973 2.41517160063 17
146 12828.2411423 -7.56459467797 5.65965188463 -4.47195420352 0.666349943984 -0.50180858758 0.742026457097 -0.870396198544 1.26627736848 -2.29577889624 -0.730354377699 1.36284676369 -1.75218961946 -1.37741205486 -1.91505381868 11
147 12946.3592921 -1.34370399659 6.06194941583 -1.50516219859 2.62091517472 0.79575149584 0.448078546579 1.81009243436 -1.94539675842 0.878404060403 2.16667983478 1.19389895748 -2.34999575027 -1.22701908297 -1.15832916741 18
148 12962.0560942 -3.48228513315 5.70057304649 0.414953220141 0.653313532936 -0.893034474986 2.64274830558 -1.55451318778 -1.95620496978 1.01060133216 -3.01922505235 -0.318912728427 0.559552640255 -1.23584100091 2.19578714959 14
149 13231.0306484 -0.811854146786 6.21441571513 -0.484469176828 0.742932675321 2.55158138102 -0.888751694639 -1.50850369942 -1.50281447384 2.19238482802 0.39533837233 -1.88974462845 -0.401278062942 -2.14739173632 -1.02051442552 18
150 13698.988297 -5.95251012695 6.51006858909 -1.06978041994 1.54313084062 0.919783417662 2.87952430819 0.465088691032 2.02113317849 0.797170198783 -2.75138066855 0.371258404264 -0.366134019113 1.02383143669 -0.958785163544 14
