 0.139518439708 -5.32550560004 5.35705496026 -2.36528406767 -1.94127929169 0.880585794422 -2.59708515466 0.532207988876 -0.800502629009 -1.74071049096 -1.46548885145 -2.19222578546 -0.573447246815 -2.47070175728

1 975.621932728 2.69922533239 5.07283517599 -9.62486248584 2.22925998828 -1.93326116312 -1.02438111649 2.05240483896 2.14682784149 -1.96999791872 2.41946215815 0.855523317123 -0.360548875811 -2.72477743637 1.24032094874 6
2 1373.87326932 4.68414168777 8.09450352361 -8.6633089152 2.20036510036 -1.30636086945 -0.581934873527 1.80227130982 0.356291846402 2.3775826042 2.7912407168 2.07622872285 2.18522210256 1.62642437168 -1.91146581956 15
3 1653.48410798 3.78832465303 8.08094179259 -7.33253431681 2.22271121639 1.16690259999 1.15224713306 0.647967579907 -1.94161572053 -1.93914608188 2.89502359759 -2.99047368886 -0.936212598485 0.442552343296 3.02745314658 15
4 2003.48919097 3.28816337099 5.06393924045 -5.58882092456 2.42657726662 -1.78884410132 0.0983397882883 -0.221568814304 0.00209074694193 2.11722417755 -2.8220632913 -3.0044807064 -1.40264199128 0.121541238415 1.34223748228 3
5 2161.97461933 -5.40165819756 0.659822958263 -0.974748941875 0.232614430402 -2.55199969561 -2.8273819078 -0.763311713583 -2.90165515251 -2.38430965155 2.37553784419 -2.3689860894 -1.38368100592 -3.02698230754 -1.00613359546 26
6 2920.1435577 -2.39175382671 3.66110810286 -6.72800421952 2.33657900021 0.519220584984 0.153639370756 -3.06268545823 -1.09670237221 -2.6579912148 1.52774601401 1.02229504134 0.490203378325 -1.52521227143 -1.2514755002 2
7 3284.82314705 -3.68418827188 2.89857318078 -1.92176853116 1.77005278256 0.687202644126 2.2780615416 -1.4126342371 2.77259661662 -1.04095410983 1.07810476273 -1.97766241996 2.98443014396 -0.994986235401 -0.181921535736 26
8 3747.07144512 -2.7884925533 1.53199506298 -6.68789028144 2.64385866824 -0.945451792515 0.297363347968 0.783117440945 0.518661383078 -0.765694680615 0.655731312511 -2.60470787438 -2.29873732658 1.98729179738 -1.23806903451 20
9 3805.3425726 3.25706368614 4.54345237041 -5.3817478985 2.07909635527 1.80563333915 1.30030606888 3.1381919102 -0.400567896991 -1.86758995099 1.57545891834 -1.98703855379 -2.99357240595 2.57641285527 -1.98346133256 3
10 4045.37353333 2.36191514724 0.827145319562 -3.06715509778 -2.78640202205 0.246145435943 -1.98281231356 -1.44243306615 1.09241094739 2.61948893575 -2.49426381574 1.47283782939 2.0907584731 -0.490506886739 -2.24981213592 27
11 4396.15632185 -1.57815701601 1.12000565465 -4.03632150601 0.934177336904 -0.0325166806741 -0.0585941041145 -0.0514453159293 -1.13556525143 -0.573595953287 1.51237286042 -2.89966559018 1.15500475627 -2.69342381093 -2.92027581612 19
12 4726.93765742 1.93607256093 4.15039131258 -7.56076355112 1.48691835107 -1.96612949398 0.740832604125 -2.7185106109 1.67543700777 -0.922583368928 -3.13409684006 -0.537974812125 -1.21042640002 -2.13327912756 3.01205304292 6
13 4934.69008503 -1.48088620087 5.82734323798 -2.57940177973 2.12949524497 -3.09550566543 -2.76019164126 0.999404293551 -2.84812625199 1.00332809913 -1.4194225875 2.89735113337 -1.19779975393 0.194570940662 -3.1329967958 5
14 4964.8499435 1.36102388894 5.76227339609 -5.87598233252 1.60274409356 1.94062998497 2.49930463902 -0.642848464186 -1.8058790814 -0.722556646791 -0.537339425101 1.27709714281 0.56338836447 -2.14057570735 -2.50059550523 1
15 5105.98633523 3.80150559498 9.84670684171 -8.67317109935 -1.87987350827 1.75132882743 -1.55681702798 -3.11535786056 0.878489574829 1.78106554844 -0.390214133796 -0.287006506566 -2.93099882087 -2.56996378935 0.200510789997 15
16 5175.73416098 1.72821682516 2.20175832647 -4.80962129952 -3.02678387094 0.217229568118 -2.28888738501 -2.93425012073 0.176515663044 1.49213379436 1.35583860666 -0.0235909685361 0.0606599889155 -0.233856196826 1.08896542665 21
17 5215.39433564 2.99147966527 6.30930881415 -3.96291308938 2.69010452971 2.65259740045 -0.202750034961 1.63516406367 2.65225983904 2.72914820951 2.67016505536 -3.13764726866 -1.23461732396 -1.50419665075 -1.51841082265 3
18 5269.3847134 -5.26024436362 1.11273013895 0.104521357873 0.789121129149 -2.78472678292 0.294147189803 2.70570338948 0.65270745153 -0.648158992294 2.63778681405 -1.82318421871 -2.64710408141 -2.90243606572 -1.06149324116 26
19 5300.46834284 2.22135864336 8.91652402213 -5.69126806214 2.67138247138 -0.722521365736 -2.90329615996 -1.53222081444 -1.77213558694 2.1717764104 -0.874632096423 2.65197754692 -1.21019302236 -2.52018709977 -0.882244143211 12
20 5315.99146387 3.0515506477 6.97691283993 -7.33796212865 -0.916733327875 -1.94671322329 2.49707502335 1.52682413707 -1.48926102866 0.145075664444 2.07282546008 -2.80020116621 1.21268660739 0.194798046097 -1.21072419143 6
21 5408.74274146 -0.995756304866 5.40814833395 -7.37764707188 1.75870996076 0.970614842472 -1.58462084214 -0.779641342663 -1.483233841 0.847902267019 -3.13725610774 0.596571256365 2.65757913906 1.9907873436 1.71045367294 4
22 5409.32769236 1.57765334151 1.59236523558 -2.79787621124 -2.69072203026 -2.57649497199 -2.70690808026 2.94761277321 -2.33298220779 2.68069406591 -2.78978831373 -2.43638670502 -1.56787002647 -0.710252286275 -2.43493332012 23
23 5428.73688448 0.792188016715 1.0336195149 -7.33835814325 2.11531319153 0.207193685165 0.0206360329008 2.54085835675 0.566545356758 3.01897799783 0.963360276518 -0.495992032167 -3.09090809084 -1.65437928854 2.79048253834 22
24 5449.63088851 1.32583749158 4.20019174521 -1.05158651969 2.62122457035 0.397907127229 -2.11727508751 -2.22310819578 -0.652424050977 -2.35700938097 -2.80540794205 -2.54528826954 0.731734101455 1.89017300642 0.349776738132 5
25 5541.0011504 -0.647449791783 2.07626751728 -2.01237297596 0.681149970406 -3.09738511155 1.79520820687 -1.39609529557 1.82886176226 -0.711740806774 -1.58557543358 -1.05561532359 0.591540775734 -2.11978908629 -2.94598237702 23
26 5743.34357527 2.40814637005 6.59927344745 -9.9733169899 2.99805723179 -0.049979189284 2.24064833848 -2.96899271089 1.59377232062 1.52974062449 -2.55943153228 -2.41560269756 3.0830983665 -1.07452856495 -0.694361835682 6
27 5787.99370003 2.61518091585 2.96574219629 -9.39869467711 -0.144899121195 -2.7166243285 2.85704039342 2.24812367954 -2.7195863604 1.28933534603 -1.96438211938 -2.03534517157 2.97404939763 -1.97479994481 1.79483610859 24
28 5807.34161606 -2.10138044889 1.50323429873 -3.45574778467 -1.34771329325 -3.10661293055 1.58812572209 -0.748244346169 -1.10898624416 2.74072346863 -0.114408268958 1.03689903659 3.11236480176 -0.867202165535 0.981343601046 26
29 5866.06251965 -0.881189236092 1.70139794875 -8.95526301868 2.23467827116 -2.15784405562 -1.97271499555 2.43417114923 -2.03514508306 -2.93103005573 0.773949402204 1.55023371706 -1.07454700956 -3.12286788842 -2.29216533648 22
30 5915.14536044 1.14731167116 1.4929337172 -4.30895697742 -0.575605378359 1.61048372398 -2.47901824284 -2.36891754691 2.02230242109 -0.857975984689 -1.0787925675 2.03415164642 -2.84240748843 1.70396179345 2.0341246479 19
31 6060.35156048 0.0243222178989 1.88476696815 -2.4344261525 0.476631866382 1.17683060234 -2.39282556199 0.243774611784 0.0416992838048 0.900720587532 -1.62179231033 1.63959081015 -1.60359648023 -3.00904372685 -2.47350952775 23
32 6193.21660846 -1.97280009506 7.45239026704 -4.04450048019 2.48089368087 2.41003672104 -0.0208302022291 -2.75276668718 1.76066465627 2.9133140291 -0.775956983599 2.1452144254 -0.434853305501 0.105552095059 -2.474021054 10
33 6236.34235158 2.90045263876 9.14289718629 -4.77874302122 2.10216433306 0.0175866569048 1.86623465098 -0.748082896742 0.915198993837 0.19551584463 -1.73200837031 2.14174496504 0.259712123522 -0.731462552021 2.09346951477 12
34 6463.91054772 1.77807572961 1.06046463996 -10.4795391482 -1.14826820599 2.1273404067 -1.58953454663 -0.639735272043 0.369850038068 2.55442632415 3.07182679603 0.0484263797894 2.13783702816 -0.281443274415 -2.63115593844 24
35 6478.65639539 2.50388304242 10.0111223465 -2.68609201604 -1.49579524539 -1.05752292655 2.43837499843 1.23015034684 -2.02750712362 1.57750467514 -2.23960575614 1.47439501386 1.90890083235 -3.08135530069 1.39566888043 18
36 6484.11479851 -3.08330855251 5.02191137343 -5.37610322451 1.59814559933 0.326814773432 -2.52905758477 1.18367362606 -0.626139910786 2.10068069578 0.645723184635 -0.552599787268 0.0717593211337 -2.13267401688 1.82481487095 2
37 6589.71389595 2.87610379448 3.49610809522 -6.46523093876 0.689718076657 -1.06803794961 2.78841613955 3.04921639327 -2.92263207787 -2.84988702288 1.78650015359 -0.917918144515 1.97124845227 -2.85650964205 0.293349608653 3
38 6688.72953154 -4.16248835998 6.55296740439 -4.02679292353 2.4005729839 1.00481110656 -1.91366003902 -2.28098596954 0.717849242398 1.02362727533 -0.58842016845 -1.01634034578 0.768978998617 0.0878356517622 1.15854349899 2
39 6746.81958842 4.55139733276 3.40791659873 -1.99628839068 1.42910282132 -1.4716016339 -3.10681197279 -2.19213411092 -2.39593583319 -1.13634853922 0.177654750709 0.61978605519 0.329292748603 0.853376536973 0.640037063603 27
40 6801.44934594 4.15683292274 7.43065952051 -5.76991885651 1.47687679138 1.96784873831 1.35472436065 -1.06269579014 2.61645188899 3.07015735903 1.3451255813 -0.0105821381102 -2.12516028091 1.96477303534 -1.90994159429 12
41 6817.64355347 2.02927735465 2.32161821561 -9.8270819146 0.337679526674 -0.572090923516 0.42628357094 0.25150862314 0.612804952753 -2.94478665902 -1.72036226161 -1.34061135225 2.06829227727 2.49808618449 0.982968443015 24
42 6817.71905674 -0.944477458859 6.5232727087 -0.406430567852 2.06130663341 0.487659555201 1.35182442529 -2.86396112238 2.10754171643 1.63084545239 -1.56582415152 -0.870936726434 -0.436443499178 -1.19962186262 -0.310943598438 5
43 6921.69657613 3.00609776061 9.0348059833 -2.95001367889 2.82310476686 -2.70794970486 -1.63298423954 0.818112716939 -3.03676817869 0.61225585557 -2.42127812614 1.24569986988 1.76845498531 0.255624961182 -0.820304452554 18
44 6921.93047207 -1.15720317126 6.01347328409 -0.669543834687 2.02750159546 -2.35921054253 -0.228683230835 2.33319500483 -2.45364207014 2.71446574799 -2.08809773079 -0.613025640741 0.776592643912 -0.151682438779 0.71272652268 5
45 7029.38285229 -2.11769248702 10.239901064 -6.67721277697 -2.30535477678 2.78606770269 0.250060286995 -1.02755446344 0.685410048586 -0.221474697565 -0.120914041019 2.40857288351 1.12480802964 1.29433092594 -1.20512843289 11
46 7186.10960404 -5.09709412439 2.21497114299 -4.02549291285 -0.103575535428 2.65989629708 -1.85293341802 -2.93896838485 2.5492454224 -0.939075677633 0.825971671547 0.832693372807 2.32913221568 1.24816609159 0.744133876687 20
47 7255.60198473 -4.55287753983 7.55288869912 -4.80041059505 1.77815337184 1.09378277185 3.11071127051 3.04477016537 -0.252720153306 -0.0660299409542 -0.751156506946 -0.884912314146 -0.472468573845 0.930143632164 2.44683303826 11
48 7302.77362829 -0.190678949306 7.65370569463 -7.74298958914 -2.62085165429 -0.424746897412 -3.06140962467 -0.501477764743 -1.99064132027 -1.63283301247 2.23074327982 1.62859497197 0.707297712497 -0.541149497874 2.28484959738 13
49 7304.82103427 1.23353152871 8.30807546907 -1.28260498514 2.7691818384 -2.61077115106 1.08506841362 0.194187863062 1.84195238654 0.560215021231 1.12137244045 -2.20655945276 0.523139148135 -1.53741417254 2.91941629932 14
50 7313.19446432 0.826015925657 4.84137492907 -5.83322958227 3.03528678954 1.46475143808 -2.03259613674 -2.85782947245 2.88245213046 0.391409912542 1.79340375727 2.16795680015 2.71547734629 -1.91180145818 -0.285494969942 1
51 7336.76272255 5.31481231583 7.74201417542 -9.17974925882 -2.30688240483 -1.11773086347 2.53757522694 1.60323814098 -1.70969478646 0.69381132661 -1.63460642921 -3.12652839401 2.28520938854 0.300689112517 -3.07969900137 15
52 7345.70881076 -0.726312143965 6.38787101216 -5.72334627836 -0.464059267319 -2.00539738127 1.42457827754 0.877958222056 2.173539263 1.62755912371 2.67961568516 2.69989838254 -0.504757748124 -1.7999618606 1.04424710126 1
53 7365.18023467 4.51383861253 8.74935463036 -8.65306985373 -1.69933733706 0.766215218922 1.73050377778 0.707918490215 2.03437378343 0.747102568097 -0.369093470471 2.6030367384 -2.46294953662 2.63624481582 -0.142266959187 15
54 7409.06964488 4.21473842188 5.02069951703 -6.63040861172 -1.82208925176 1.96405324037 -0.563807396732 -2.51335473414 3.10739317754 -0.310204567786 1.69028827219 2.88017675435 0.951946271737 -1.32303416028 -0.807784871477 3
55 7414.94300883 -0.810494791866 1.6775128456 -9.1429257715 2.89396001828 0.105058085991 -0.332353633349 -0.177217212391 -1.42938287945 -0.00831400253494 0.657224105935 -1.35778464302 -3.02457071385 -1.40099116461 0.98662284608 22
56 7500.14735182 2.54039958307 10.4821148304 -7.92001569119 1.64121580843 -2.09043222891 -2.43705930885 -0.453039300769 2.04890622479 1.87861259857 2.52277593934 1.77770893869 0.476272247644 0.821954885638 -0.330831500755 15
57 7506.64244927 -2.78505464349 1.90829685225 -3.85608975391 -1.15330055641 0.296757174204 1.1859552705 -1.93412937975 -0.17059089288 1.17648403228 -1.07810384208 -2.04508370224 -2.92881804143 0.584535171108 -2.81757930181 20
58 7518.82748393 1.63153209269 2.77536364147 -10.373117205 -2.9620982891 -1.92567785863 0.81427057107 1.06158952516 3.08863173919 -1.7649409189 -1.98671544182 -1.68036551526 -1.46912389287 -2.98274171812 2.65294731401 22
59 7541.62480198 4.46524101822 1.61674159112 -9.94455440494 2.78023297146 1.69037688505 -0.412177627885 -2.7101960753 2.0823487113 0.0792373379515 -0.130534869062 2.8331624903 2.46063301677 -2.19988487552 -1.04387494979 24
60 7635.78984081 -1.96027243084 6.91811794761 -4.82216666803 -2.27472875302 -0.926476195812 -1.71438704822 1.36470726671 -2.32438848319 -1.3119680724 1.15802271101 -2.23492840057 -1.10452318412 2.26454359287 -1.17424386381 1
61 7639.71580311 -0.365168208349 2.66267371523 -2.49147827724 -1.77616227065 0.672376476965 -0.719370701148 1.55566863759 -1.30802071197 -1.84231028193 -2.88580994936 -2.92278842947 -0.0263477105159 -0.965937122174 2.67574412795 23
62 7706.53548618 2.93045620226 4.85447928591 -1.66347225503 1.78338327281 -1.39046663662 -2.01560768827 0.136722459094 -3.03713165902 -1.55348795664 0.650523191255 0.267519367565 -1.991824911 2.95596818767 -1.25130120918 9
63 7708.59523836 5.29506991797 10.7864596778 -5.3496112811 -2.9491213897 0.948039583536 0.636821725947 0.296080812395 0.658627285497 0.244835014469 -1.88883377649 2.98549714409 0.62106043262 2.14789690279 -0.60499671251 12
64 7710.97635163 -2.69039614219 7.88041603165 -8.39669633999 -2.09775124789 1.02790984909 0.300420663992 1.64154179513 -1.36110736521 -2.51378795635 2.38881587726 0.480923396642 -1.39428664506 2.02573546368 -1.63720762423 16
65 7826.29645528 2.06249245514 2.94529257544 -3.88521728055 -1.51255664497 -0.268132223363 -1.91517366423 -1.49458470562 -2.00525787788 -0.916734512886 1.64722033748 -1.58076956298 -0.907639705435 -0.511143239136 2.91630877978 21
66 7873.87176838 -2.31813001092 8.68789496153 -7.05248825236 -1.55660645029 -0.384154880613 -0.92492076463 -2.07051538562 -1.0590421858 0.616376288661 -2.36906512392 -2.67280082844 0.697144910789 -0.743737659453 -0.947138317524 11
67 7880.07231401 3.21248608981 10.8005642699 -5.99080299994 2.91489327691 2.80577546606 -0.659907180949 0.326475967874 -0.738431763787 -2.51711431146 -2.59667517201 -0.983160198328 -1.81722856441 1.7577423113 -1.28199759657 12
68 7932.58550201 0.815067872714 5.9978301472 -8.85790326083 3.12054439327 1.9249194834 0.352008265452 2.39167792645 2.5328081437 0.858324798189 -0.510271215421 -0.818785726762 -3.09503582918 0.260506312493 3.11307874319 4
69 7940.45784175 -4.99176915145 6.89725198398 -1.00790108859 -0.69371874153 -2.65583255111 1.45998563524 -0.0554325268211 2.00007705189 -1.10020551614 -0.345653392237 2.30829884281 -1.99507048001 1.77640865614 0.623361260982 8
70 7955.44243313 -3.20552306718 4.32913381196 -9.64049722874 0.38218747759 1.05110394579 0.237420103507 -0.380745955288 -0.322548423372 2.66095678234 1.50824288225 0.775613520552 2.19083921092 1.26356325108 1.07318254518 7
71 7962.98465504 1.6723829705 10.7672082211 -2.14921383939 -1.55422116703 -2.83530062481 0.631941282797 2.03702395895 3.03092580173 2.62560438342 -1.34686877451 2.42396055837 0.942496816861 0.658308677271 -2.25671491597 14
72 7985.35564005 1.59979960806 7.02174736612 -8.61838421451 1.17080581504 2.34042418871 -0.769370645482 2.79723276158 -0.010654189062 -2.1985808984 0.783786371901 1.9102506074 1.04026723321 2.7258075423 2.19579909312 4
73 8019.15531707 -0.226839111056 0.722407179327 -6.55509425164 -0.374620555787 2.15076683485 0.0901270707586 -2.24971373536 1.44110319554 -2.20954269565 -0.583837922922 2.88613215257 -0.0489319827811 -0.34310428287 0.900430861324 19
74 8040.84833687 0.753581560677 10.6788165616 -6.9834006595 1.31049834952 1.61140359205 -0.734350160674 -0.474814105576 2.14798463567 1.8863545352 1.32590152078 -0.900712357027 1.48832770844 1.52727588756 2.63660539739 10
75 8069.91823411 4.77962106754 5.9750972761 -8.15428252038 0.155822379072 1.42910779218 2.44210781001 0.797866179473 0.682242458888 -2.17411094888 1.19592804896 2.68014698923 0.727069228105 0.201136817621 -1.85115540446 6
76 8207.34609093 -2.11148519453 0.913742182013 -7.01366324122 0.758034920465 0.216733905013 2.94705095811 -0.728444813428 0.564102874237 -2.1786620432 -0.24498774989 -0.557930226562 -0.84900285687 1.41462531266 -2.618084392 20
77 8208.46550272 -4.73499727791 1.36381495018 -7.30412463259 1.22688042522 -2.70394211165 2.09532119678 -1.71305322998 0.168049692694 2.36465901462 1.16217429467 -0.219939036711 2.2043119633 -1.62830499637 -3.1063950742 25
78 8226.05425697 -0.35255724945 5.47271426582 -4.33847198384 0.891311483147 0.753248887493 -1.99153038397 1.20852096867 1.16077396534 2.75087756479 -2.99571716925 2.79827821044 1.40674559616 -2.4336951186 0.15898693863 1
79 8242.22100708 -1.31332526992 7.55688128714 -4.80761605278 -1.68549725579 2.06783708137 -0.392163114369 1.03677049483 -2.87660327334 -2.66270389975 -0.901545355717 -1.16981043957 -2.97739126233 1.52376687067 -1.73912790046 10
80 8308.37585089 -2.41300436174 6.64663959676 -7.2056669981 -1.38328314317 1.28612096134 -2.33568771289 0.23071601445 1.37585531607 2.51943144246 0.120877682339 0.650451286727 1.46678082329 2.96628765179 1.53769889137 7
81 8364.01660157 -4.75353434034 2.65127432891 -10.6697618975 -0.305585361595 1.89271406223 -0.272119018391 -2.46080150768 1.26535762754 0.42514647573 -2.43148742745 1.57867739316 -0.753973978734 -2.76910804024 -0.839206752323 25
82 8411.06836888 0.87690608668 1.51009279717 -6.97918737159 0.945519106496 2.21089208059 -1.90464774531 2.01234987086 0.633423464256 1.49451921566 -2.03604500303 0.742444681396 2.71270503349 -1.24275784162 -2.87098492748 19
83 8571.78001645 1.53266499466 3.75448247314 -7.22991750166 -2.80409392146 0.501847068727 -2.26803357241 0.968811888828 0.13037666075 -2.29590953421 2.10817973279 -2.30672854287 2.64247105414 -0.698232474536 1.5681045452 4
84 8600.71717797 -4.74501682508 5.30594914966 -5.29542223904 -0.0165589574224 0.604016401064 -0.556742838581 -1.71592256214 1.78672215614 1.34819245975 -0.854376070404 1.03057388178 -2.79550289547 -1.67220786419 2.37132076996 2
85 8646.11401605 -3.31993215733 4.69724783224 -6.0864735411 -1.66997156645 -1.04958256618 2.41107280935 -2.03765225234 -0.560211667657 3.11368793663 -3.0543613624 -2.02229848092 -2.10961458033 -1.54484474639 -2.89019383735 2
86 8678.24433602 -4.55047134207 7.06699172469 -1.07575919454 1.32100907126 -2.93341395794 -1.8909285775 -1.71198356272 -0.352099668731 2.23218027528 1.99179925752 0.184711951308 1.95210102047 -0.957961007509 2.64542554472 8
87 8714.5549145 -0.86020780695 1.06484000518 -6.65409234767 -0.00692871702748 1.6488711609 -1.21797886392 -0.226056480462 2.80831745761 1.10071702999 -0.0755662150719 3.05449871262 1.05118347285 2.93356240857 3.03102731628 19
88 8717.91511405 -1.19004117204 4.53969689252 -4.49995073369 0.795359217798 -1.94885373549 2.51571721504 -0.219698152943 1.25050264956 0.372676970584 -2.17890269127 -0.298080859862 -0.0914423061337 -0.268741941274 1.0615238389 1
89 8807.05756547 -3.21356447758 2.10347064778 -8.06020112982 -1.73595334384 2.55400701924 -2.25835333551 0.635944064879 1.08382996609 -3.0807637355 -1.39311579024 0.351571876145 1.27179577444 -1.34247976651 1.53465275109 25
90 8873.70049201 2.60292207746 1.16834068847 -5.69355866518 -0.998004437314 1.06728046412 0.334205128328 -0.0576522983042 2.63723944466 2.46669430841 0.700205738761 -2.36680131702 2.76047657649 -0.985563408323 0.757362142173 21
91 8919.7166002 1.00230617266 9.69040647368 -8.71740949407 -2.04840180312 -0.0668934643144 2.4078979475 1.8629932118 -1.99087501733 -2.54286459235 -0.472093974367 2.39652431811 -0.0277903253824 2.32780312835 1.12752370611 13
92 8920.07181527 1.82217826776 2.86461756236 -6.92994332903 0.81760503381 -1.90987912989 2.98497671163 1.81338172157 -3.03366425149 -0.154095038646 0.771743577155 -1.56857515309 -0.920268494902 0.560296920716 1.14915407967 21
93 8987.50352898 5.29762953873 1.000810866 -1.7683078221 2.03871408187 2.40126781374 -1.32683318648 -0.215356216436 -1.11894942406 -2.22728006447 -1.15256748783 0.74037572315 0.984484254993 -0.296987109667 -0.37984162984 27
94 8996.52698899 1.41751104468 8.82698902066 -6.34481386015 -2.71645668416 1.21474747986 1.75776242176 -0.662907161543 0.697412496787 -2.73427310018 -2.33711495793 1.17309424282 -0.0408631296282 2.64200198176 -1.14153070483 10
95 9039.15005582 2.96529496575 1.54371811668 -4.70637078736 2.26451526579 1.70301653751 -0.0397368417849 2.65252077622 0.741428177251 0.939173283513 0.290513203535 0.0569596899373 0.848326787755 1.64254813205 -1.87476531036 21
96 9050.58837821 -4.49246470142 8.36486071274 -10.2606014015 1.00897575778 1.74567604355 1.1207116843 -0.947777901264 2.92558510582 -1.73861813946 2.99702276961 2.86447581383 -1.38774005749 2.94186589991 1.39989465993 16
97 9058.3093463 3.23431579053 5.42724007308 -4.91298698147 0.144280326465 1.72877252678 1.21883238161 1.34004840788 0.630275237705 1.94367000939 0.608135641279 2.90300750511 -0.771629897909 2.82406071856 -0.537672461253 3
98 9093.87814606 0.891258407182 7.09148487241 -7.85262276701 -2.33948879711 -1.94412986511 0.0871370941546 -1.49754348905 2.55305876473 1.53924568981 -3.04436859275 1.33269377179 -2.05601871374 1.23047909592 0.248276085667 4
99 9144.16623817 -2.90519809507 4.5766660658 0.0304204401345 -2.83286107732 -0.946411621996 1.19217409296 1.39234052912 -1.80509730287 -3.04245315736 -1.55395116529 -2.43310904419 -1.64016414177 -0.223777858096 2.87073393352 8
100 9148.54641555 -3.19581415902 7.58926378174 -7.01800754121 0.892408226023 -0.923959862746 -2.82839970618 1.52598787503 0.929056255661 -1.6430309914 -0.585471887884 2.08319383578 -3.01614719005 -2.84103903005 -2.35949977088 11
101 9149.77613658 0.146487029584 7.92144239348 -3.31865896335 -0.818540573201 -0.0286890650251 0.502887408464 2.47393847096 1.65405301071 0.580715448407 1.29526911767 -2.0318899796 2.47042582931 -0.292297108353 -2.56329796214 14
102 9150.82222642 4.25887965876 1.91348933008 -2.87012277954 -0.425632059871 -0.569036623605 0.642044326521 -0.60581496952 1.88769064164 1.59914801271 -2.43018551089 0.270317163784 2.90309668366 -0.763379291808 -2.28774644013 27
103 9158.19205469 -1.05255536065 10.3208273944 -4.92155915075 0.804686009172 1.28404357524 -0.424787263477 -2.43068758187 2.77717885705 -0.741762899472 -2.38028020932 -0.146512181813 0.271265053514 -0.367437176419 -0.139229952196 10
104 9162.13909106 4.18939487278 2.82581187515 -0.664279529992 -0.681524933177 -0.340506810978 -1.78290963594 -0.75457582742 2.49773906936 0.248016682111 2.65487736241 -0.639572111007 -0.614045097848 1.43040582394 1.17542057603 27
105 9163.63904888 -4.68604713061 1.28558364953 -1.0077158448 -1.55665136411 2.60150659241 0.679124319804 -2.51472426472 -2.03191495132 -1.69270084417 -1.69952626383 -2.76716260335 -0.0848095109227 1.37423783089 -2.29965827852 26
106 9180.2402119 2.03839592549 4.81782075653 -8.47865004847 0.326366838924 1.19766019955 1.24511962783 2.90160837498 -0.901273128518 -1.71525368779 2.60568870467 -1.74952983723 0.13778768447 -0.603301577934 -1.73134328353 6
107 9186.89044241 -2.18806516157 -0.165889114325 -10.5310184383 -1.94322140752 3.09296696387 1.0678204548 -2.36502667716 -0.0221275974745 0.834856776973 3.118567774 1.19276087074 1.48309585012 0.534080859518 -2.07794768218 25
108 9246.96621343 -2.5834541973 7.09735441936 -2.44922900524 0.990591518512 1.49704582777 3.11803312458 2.68602564748 -2.22019103107 2.45673941983 1.84204273226 1.53167749238 1.80116926573 1.89729003473 2.89649693195 8
109 9257.31731256 -1.2930012388 7.36550278367 -3.64348052813 0.64603079971 3.11562048579 -2.46228313743 1.02067739677 2.60673168806 -0.985785503419 0.0737050778213 -1.25625478998 1.82336458309 2.8628861323 0.608089244552 10
110 9281.32211349 -3.27717385908 6.52650373424 -0.198341298514 -0.824385143862 2.60207988544 -1.8637402203 -2.07028147598 -2.04287369099 -2.40461762145 -1.89014662201 2.20472744888 2.29652509766 2.98291956605 1.59082178083 8
111 9401.52045902 -1.27251840351 10.8144056658 -10.6005250144 2.1211162037 0.829944989483 1.36207295561 0.170001398334 2.93784582738 -2.33505964469 0.220363037054 1.41350063056 2.22880762977 -2.51094013444 1.79670696473 13
112 9532.12411492 -4.44105360963 7.99089577518 -1.84548322671 -1.44427344659 -0.657933374134 -1.64111434159 -1.54076349638 2.89165872942 -1.69532631722 -1.75976244187 -0.226787110441 1.98514646372 2.44988110256 -3.03266526776 17
113 9595.68682647 -3.19528075871 7.07948881887 -3.02285884854 -1.0489766293 -0.0626128903256 -1.63634993828 -0.721496325465 -1.94767286874 -0.342948178044 -2.35558256774 -2.95068783359 2.5779473768 -2.75074682122 -1.95315138251 8
114 9684.13057505 -1.60714308416 7.64435597017 -7.5394388384 3.12098606048 0.800069735111 -2.71256711828 2.12925946329 0.518610220189 1.59390544556 -1.78184520899 1.52321859356 2.74271503895 -1.50437555736 -0.367962389443 13
115 9706.20902551 -0.536825958798 8.87527636184 -10.2210484382 -1.95522628465 -0.693620020954 -0.791194171467 2.51315257403 -2.81759147901 -1.81586870415 2.30618850401 -2.87952150771 -1.0043913257 -1.29237446045 0.452898743661 13
116 9754.89605875 -2.53970179587 5.5589460697 -10.4115041697 2.74920297597 2.27567716656 0.270014925299 -3.04725655365 -1.79892676166 -2.63969504021 -2.75497414618 -2.00782998671 -0.50504049925 0.0373161216162 -0.990077730854 7
117 9843.32235062 2.4754782946 6.69041172996 -0.747032398776 0.388922969563 -1.25099803681 -1.3785363364 1.91740336229 -2.04803943834 -2.04849429711 -0.931560418225 2.08554778106 -1.48519210687 2.07697608746 -3.13656709427 9
118 9862.39683382 4.52790739895 6.04697095031 -2.41509519266 0.826221569335 0.0154550621022 0.969407117196 0.395707504153 1.55483766177 -1.24504368518 -2.43184035164 -0.990106728076 1.38929885522 1.10766399763 -3.05746009199 9
119 9901.8493362 -3.73660152433 2.10388461888 -6.87563299997 -1.6560928678 -2.54691287688 -1.47721950341 -0.652833563984 -1.81571851818 1.9736140565 -0.363615756709 -2.49688085597 0.146785235213 0.0403221619555 3.02463769629 20
120 9928.53812751 -3.57641866154 7.21779252776 -3.52045918223 -2.65742196911 1.37674675165 2.97964355989 3.07738794866 -2.87792233259 2.13827726135 -3.10512675906 2.22216560391 1.7690903661 -0.169126090027 0.282658629925 17
121 9955.56979098 2.24823285427 5.53024724493 -2.96357218162 -1.94821721165 -0.48824345577 -1.12930521797 -2.2177069664 0.570225068378 -0.258920252102 -0.327041949481 -2.11087415602 1.97949886694 1.60814808969 -1.59710768457 9
122 9980.4477292 -5.30571358862 5.45173342109 -8.85509098716 -0.443432879855 0.215770074127 0.543037566726 2.86342424879 -3.11837096392 1.32862454411 -1.74468808852 0.692388118588 2.57471808008 -1.16722688227 -2.52919554603 7
123 10005.9415936 -4.39890029102 4.87569072038 -4.26080002915 -0.355005499123 2.13212203456 -2.52263707369 1.82374754559 -0.784712772383 1.41048226734 -2.36031584784 1.18431243868 -0.12463641796 -0.0875809459564 -2.60267566446 2
124 10118.9086552 -4.60836926182 1.61063891898 -9.98034346398 -2.37642449397 -2.98538827272 -0.862092475497 2.42960947864 3.074413633 -2.70328907485 -2.8529570502 -2.96273933518 2.0130303689 1.69155671519 -0.474829119262 25
125 10127.7398684 -3.56050844183 7.68577699209 -2.55014451631 -1.83841438101 0.42536143707 -1.44026099373 -0.0528355019106 0.311099088344 -0.246688153006 1.58844555751 -2.2015486769 0.133362433765 2.10437417556 -0.0248107263639 17
126 10196.4895668 -2.94508372615 7.37559035556 -9.81411633915 -1.15613662462 1.6316108012 -2.00451892478 1.64310711544 -2.44793472713 -1.46667805826 1.26896276474 1.44629510704 -1.30343471045 1.94907581614 -1.6390113897 16
127 10249.716759 -1.19384036901 2.03657890888 -3.37875265247 -0.00832882072203 -2.79360260547 -0.351480844611 1.77792084188 2.83006167212 2.45656801973 1.25535862077 -2.95489613679 1.67190318772 1.88910801613 -1.79956679922 23
128 10396.956581 0.258482431395 1.32245477098 -10.8410563789 0.103652880508 2.39483653578 0.00230736265533 -2.74447429228 -0.259853301202 -0.780118785238 0.699069126217 0.306949333884 -0.307224780954 2.45551034302 0.428557653297 22
129 10486.704849 4.72428834467 0.152016609943 -10.7872554333 -0.836837407031 0.0955663029947 -2.32479501395 -2.47908077296 0.616299698189 -0.773972305973 1.32138421583 3.13414875227 0.202877300909 -2.6650470088 1.71527894872 24
130 10537.6672819 -1.7972547419 6.97309002342 -0.575210463976 -2.64604254038 3.08228275547 -2.80613269766 -1.01151195883 -0.177193859469 1.17596608764 -0.304748606661 2.22059281338 1.82424665013 2.47085184327 -2.09018636449 5
131 10594.6622243 1.61118370695 6.56545370273 -0.135211600266 3.12562586032 2.27760025305 1.61668509082 1.58212578524 -2.02052112938 -2.53080407063 1.88088301733 0.389429944896 2.85188419967 -1.66733648319 -1.83922379937 5
132 10675.2009855 -5.12435905384 5.2333383294 -8.38088124145 -1.78876945133 2.77606185809 -0.192222661704 1.93227995866 -2.5576034332 -1.25163064989 1.50270859997 1.0402693474 2.26653658384 2.10631976434 -2.88882074686 7
133 10702.6457103 2.14670214781 8.89819642112 -0.0938317064094 -2.19360920622 -0.313642723156 3.08538140402 -1.71209231744 2.00294623416 0.218377122487 -1.52769008851 -0.634015967944 -1.27210287952 2.33743931308 0.67741182934 18
134 10727.8090285 -1.15044769132 5.86171769385 -10.2144762911 0.964308557602 0.878621112418 1.49091818184 1.14146187049 0.890597580096 -1.96513240906 -2.73855712338 0.256925662927 0.952150024086 -2.65239997141 -1.26164788266 4
135 10773.200251 -1.76374368767 9.2541749536 -1.26209670605 -2.99513962237 -0.590513992472 2.52504467041 -2.62191666068 -0.605184878721 -0.889951584806 1.66994634195 -1.15932672497 -3.1246216818 3.12905771861 -2.83573949412 14
136 10792.6412657 3.64487790811 8.93001143733 -2.20713057452 -0.407235954368 -2.51384229237 -1.53911451689 2.44204218822 0.0798953103252 -2.53574993749 -1.05842363937 -1.30753748788 -1.86892250486 0.260755133154 -1.47688436257 18
137 11204.6570787 4.31496290485 7.04937152078 -0.0874840515815 2.67964307642 -2.21058342346 0.699988965776 0.816361269162 -2.04368443387 -1.96424922089 0.493235890167 -0.655578307738 0.120575151866 0.130771851553 2.84405682001 9
138 11345.5257672 -4.17893548999 8.41587813468 -8.1351072553 -1.91716666806 -0.0244068924029 -1.53035718972 0.196755657314 0.275366733735 -0.967191243661 0.850607424665 1.34455394583 -2.33326691497 -0.569091084966 1.95388875391 16
139 11400.7308748 -5.28714952186 5.19980977962 -9.3995297884 0.735204319814 1.35679353978 -1.87198343801 2.62998846555 0.0708841304279 -0.258871769267 2.8040003666 0.892133317359 0.00499366234535 2.19981781992 -0.215627721691 7
140 11627.2628649 -4.28080062246 8.41388676589 -10.0821981342 0.00283511277411 -1.04817216493 1.49736703395 -0.0911373600259 0.5864433428 -1.46707441729 -0.656805765595 -2.06000998128 -2.90990803465 1.41458627389 0.433181385547 16
141 11966.7903209 4.52662767839 6.64100238036 -1.6403038426 1.03249394493 -0.923711270797 2.91680133978 -3.04148786914 2.17794889366 -0.949659381304 -2.63775802938 -0.275996009418 2.30846920514 0.40212747109 1.62664472995 9
142 12047.1006325 0.180469812654 10.2900086703 -1.01821941692 1.28641573291 -1.82831196744 0.318949735486 -3.04281641677 1.23621740454 -1.26599569352 -2.93611018688 1.05630192954 -1.59424886048 1.02264190827 0.399413297564 14
143 12153.0487026 -3.57168159228 8.97828542172 -2.6429575053 2.41220959562 -2.19923827449 -1.08612404723 -0.803072094872 1.46187768177 -2.96345564806 2.44229628197 1.18137910569 -0.426926798581 0.970156350917 0.638670386087 17
144 12213.974533 -1.25094790341 9.53186015107 -0.504644547437 1.23961729017 0.692685290167 1.05036881706 -2.48488299437 2.09495250926 -1.97668822486 -0.000885785798656 -1.48337880334 2.92824647797 2.88130738408 -2.85452354871 14
145 12229.1396551 5.07967101739 10.4969970417 -2.52956388937 -0.240987866542 2.28323061405 -0.532711993784 2.60495188344 2.51364139714 1.3576358437 -1.83169338979 -1.38111614507 2.36986350651 0.959760311859 -2.65389460135 18
146 12304.2869287 3.97746549903 9.31061474505 -5.42394189587 1.07310983087 1.23558409506 2.40504974431 -0.478373816494 0.332841292376 -1.39322178478 2.45454905367 2.99191533908 2.21629923786 -0.139606448989 -2.46023148345 12
147 12874.5596427 -4.25512491458 9.87170021966 -6.572069901 0.0629312298193 0.821424449809 2.04113539356 2.41486412763 -0.20826343249 -0.425267021269 -2.45998703662 2.03676622599 -0.0861773635644 -2.86775227677 -2.57393666548 11
148 13007.9230984 -3.32310660688 10.6638194592 -3.7747945978 2.83925640658 -1.12014950387 -3.05535835029 -1.96201366927 2.0650343713 2.01449597676 -1.46362887201 -2.98196614849 -1.1605350726 1.39960202543 0.946349843468 11
149 13162.8492326 0.277040843418 9.01173496269 -8.14920128984 -0.289296059724 -1.27186362907 2.72463783969 -1.92952913521 2.15840793199 0.186807032704 -0.438477044934 -1.44857928671 0.0869935293387 -1.2539185358 2.54901263115 13
150 13309.8739959 -4.34378549225 10.6761008582 -2.98517434748 2.23404034645 -0.193814407903 0.625881202854 1.41481222141 2.19514076975 -0.0473342071061 0.24258215853 -0.177548639813 -1.45294844939 2.18460564704 -0.485525107269 17
