 -2.076636191 4.47664362763 -0.207275828795 -2.95347446951 2.71246908516 2.00174390849 -0.898995457492 -1.01509875476 2.04110161687 0.444125087171 2.50738752368 -2.54173508631 1.202341017 -2.5036206491

1 1612.0820109 6.64869025532 -4.41654628395 -2.69114613124 2.31082666585 -1.11740635902 -1.07482650765 0.802554461331 -2.39801051268 -2.40475598811 2.81160184108 -0.155759160678 1.06438344599 -1.04815820711 -2.48148607376 6
2 1643.71897503 4.55276700024 -2.92337587451 -1.16460307943 2.92866864837 2.23975347575 -2.53151023516 -1.61704386141 -1.02083908319 -0.131893470298 -2.17844352597 0.757970770377 2.1695966685 -2.67192997815 -2.91042054844 3
3 1883.21030692 -1.94809373265 -8.10427485465 4.36475365925 -2.68948165906 2.04573848203 0.920285725995 0.236337224942 0.28683876606 0.396079402257 -2.09367266347 -0.44249770463 -2.50158143667 1.53716292354 2.3448288592 26
4 2519.12355296 0.571747501067 -7.76129304315 0.722900361147 -3.12786957852 2.81664746238 -2.82189300358 -2.16212117911 0.162699223799 -2.11961488264 2.07021832828 -2.65105112981 -1.15063516577 -2.31684003502 -0.24504159534 19
5 2549.87248728 2.21174144191 -4.09005195076 2.23950842071 -2.85187681219 1.22551232802 2.02818854072 -0.118196080682 -1.77660526475 -2.58722669071 2.12712697614 1.47356263333 2.28208543987 -0.182855663507 -2.10516394602 5
6 3558.876845 -0.529434632552 -5.35398816095 2.92802823957 2.52916424037 1.16172252715 -2.70089234447 -2.18030612106 2.22509807348 0.501747641585 -1.36475271079 0.155113690368 -1.89878310552 -2.5637597278 0.0926511907312 8
7 3877.06050074 -2.75421654423 -7.58248358899 3.15397731749 2.72777080489 2.21594414769 -1.0118167319 1.71395737225 -1.10994840161 2.64608503037 0.050553675789 0.704235703323 2.86043929616 -0.446642078443 -0.385002089519 26
8 4046.60995208 -2.94579942457 -9.75121318595 2.89645856717 -2.86698142969 -0.106731053404 2.62814291502 -2.63832243736 0.647543325514 -1.75046331713 -1.55057985134 -2.23871422564 -3.02214893768 0.176255805142 -2.00761632014 26
9 4442.12422013 1.6186962961 -7.59890007901 -1.09457400908 2.285891757 -0.141325005656 -1.60157067003 1.92056336325 -2.5432518292 -2.53739258146 -0.0710562395881 -3.03969062057 1.47239506466 2.12952638772 -0.235991139158 19
10 4552.8239019 -2.31151583211 -6.91531604484 -2.35764115886 -2.95864838842 1.05082800845 -1.20981747486 0.335473114971 -1.25298196404 -0.449452446651 -1.3973837866 0.8728912017 -0.532275836929 0.294158995841 0.874732891765 25
11 4592.941838 5.75844346929 -3.40393432007 0.87643019811 -2.846138849 -1.06207046017 0.144877007495 -3.01876994438 1.45546789616 1.12403914443 0.245633096722 -2.3604609961 3.03895869613 -2.55199701812 1.99266675176 3
12 4632.19451379 6.53820536841 -7.83965457067 -1.99845509 2.1563058087 -1.23051717256 -1.35192908701 0.839972902366 -1.2587299445 1.47999971379 1.41763009094 -1.33325058329 0.675506046293 1.69684096226 1.59720311802 24
13 4794.90275252 2.69280136948 -5.69275806745 -4.01000162895 0.490049886012 -2.59870151495 3.10667240354 -2.23861527257 1.30992205397 1.91855398154 -2.07671821155 -1.45828798691 1.53331709906 2.04628173373 -0.183446312006 4
14 4980.64713431 1.34562628665 -7.10585500605 -2.79209157436 -0.467411905992 1.51031909063 1.63892567636 -1.23223801457 -2.55168139291 1.8090673275 0.788641466814 0.328738260898 2.64107418182 2.62360204498 0.951193993838 22
15 5210.99173967 0.770039109605 -6.36483496568 5.28790050042 -0.0975807513888 -1.50192351313 1.15510676489 -1.99480946024 -2.85832611312 -1.86947661995 -1.11382552906 0.110689892145 2.29856158271 1.22373594305 -0.621143365859 23
16 5252.92834184 2.95643466101 -7.11396953156 1.88110668873 -0.98933744888 -0.032986653413 -2.34121968032 0.855920595842 -2.70974704534 1.06871610409 0.195798479044 -2.74522720152 -2.74061676059 0.0384454655326 1.71732464985 19
17 5460.3175282 5.41778795259 -5.21278450661 2.37302998813 0.165698710296 -2.88509383032 0.413953439244 -2.24550917786 0.885774176322 2.78419377853 -0.617993884965 1.57955482002 1.31052867519 -2.28237216082 -2.37765323524 9
18 5551.08997666 2.50567978831 -5.2098832124 4.40617245666 2.55129947584 3.09419124064 -2.89459454101 -2.57901833346 -0.134596549061 -2.73270093289 0.516597219351 2.60419469824 1.73529569678 -2.99604319521 2.02140140083 5
19 5678.79660908 2.36426153996 -4.61798664201 0.770490381137 0.0960071484939 -1.4054939964 1.11026713654 0.175235357858 -1.10979508902 -0.856349075524 -0.0974294033174 0.345098524523 0.512149005299 0.752791905449 -1.5204163418 1
20 5689.20951367 0.109763320912 -7.34992142302 0.982434525718 -1.62539688624 0.911400207197 -3.13852097844 -2.36967080926 -2.79567284718 -2.98680812918 2.9579391254 1.86619628286 1.62797239436 0.0531606212444 2.48268581342 20
21 5763.74989959 -0.391220962576 -3.81455321045 -1.79471076821 1.00661009936 -0.754837951753 -1.59372287912 -2.22721698867 -1.34372182405 0.306048193114 3.12416566617 2.9702848946 2.26888689166 -2.95773851008 2.5647681337 7
22 5939.10176491 6.91215236044 -0.133254395706 -2.49035652426 1.94842837524 1.63442220494 -0.855861749241 1.58443861623 -3.01242407979 -0.30570257219 -1.68529484021 2.62073128187 1.11092987172 -2.39535557763 -2.98543834408 15
23 5995.66892177 0.507242427403 -3.43669610497 -2.92798177576 2.68797903561 -1.15060040017 3.03498683971 -0.772244970652 -0.347711186032 0.22680697409 -0.12291751751 -2.71574150984 2.18454530916 1.81866468575 1.41805317219 4
24 6136.16300077 7.51735142147 0.930739277536 -2.44046259077 2.18588118418 -1.73655698585 -1.79065307374 0.125772965606 0.76275565201 0.111756444298 -0.137413184702 -1.79266596812 1.10865842029 1.43459630336 0.00497281511786 15
25 6173.30493533 -3.17323585141 -7.06232140638 -2.08291727482 -2.77565716013 -2.63412006003 0.992020854604 1.34482425549 2.30374059569 2.29356298997 1.5190254959 -2.81902180132 -1.84599845196 -0.330848498669 1.15014947811 25
26 6182.59042421 4.3724917809 -6.13569603297 -0.766004900303 -0.435651632958 -2.966928719 -0.325758540168 -1.79224904747 -1.37552043928 -1.6474351083 2.46256493543 -0.856576348042 -2.73705845778 -1.18365271237 3.08396784808 3
27 6333.54431812 4.47579829646 -9.90677376698 2.43412043117 -0.581534797004 -0.362258527751 -0.774069370289 -0.260947025197 -2.15324009705 -2.15630005971 0.952793848069 1.49765001619 2.43430629141 -3.0553506903 1.54667531256 27
28 6355.15481874 -2.22976158054 -7.311496221 4.77355476092 -1.03556609794 0.226888398189 -2.26185460754 2.76533659381 0.452073019227 -1.83943969561 -1.65252335438 -1.92769260748 2.03354435077 -2.26038379659 -1.54086154537 26
29 6423.50362431 0.393026090528 -6.86955554562 4.96933361764 -0.373849996472 -1.54735123009 -2.6151643193 1.92127371181 -3.01517531016 -0.55746851442 0.79336478909 1.67363852813 1.02599703589 -1.55256502675 1.89154739059 23
30 6443.34751797 7.43104991521 -5.54438943449 -1.97551063591 0.465563637395 1.30816528229 -2.07005303745 0.742943979438 -0.402949555336 1.30832407635 -0.89748889528 2.61805511597 -0.127406788778 -2.0870580521 -0.350670244215 6
31 6470.78022306 5.21473779369 -6.20482269057 -4.05684213501 -0.65758107091 0.505290082316 -0.381560115824 -0.286057349699 -2.90805947115 0.793015409608 1.42075056764 0.110353334589 1.06212254325 0.723199101456 -2.29165079082 6
32 6528.0224835 1.96911155992 -3.53566122538 1.19329698776 1.12765053516 -2.92994229065 2.24300082562 -0.151415177792 0.211493500165 0.107706451692 -2.52507077219 -1.80239930514 1.40202304368 2.35511041359 2.78808483056 1
33 6531.94565576 1.90115155166 -5.50145660747 4.46495654976 0.395793114963 -0.669436225872 -0.755916847374 -0.53513353879 2.03068475046 0.808735941457 1.71320884936 1.38633982901 1.44547728677 3.08797922042 2.30516746433 5
34 6578.4892571 -2.18621270746 -5.39229610407 0.538225073661 1.98421087024 0.485744166044 -1.16368885569 2.91294663708 -0.16640979402 -1.08755434859 0.467370449949 0.284623833044 3.0014001589 2.33805507563 0.322365543298 2
35 6696.04942065 4.90404172615 -5.33902819329 0.41872086665 0.466719870654 1.5651367997 -1.76638878373 -2.82946168918 -1.14061666959 2.59051750407 0.0740230825158 1.94871593262 -1.40517639584 -0.89670956036 -0.67328909882 3
36 6728.55190097 -2.12919526868 -8.2085376111 -1.27699260412 -1.44364477292 -0.639866381786 0.0781064181157 2.33071912326 -1.00450278207 -1.37325345405 2.45046595564 -0.801578133613 -0.420182555633 2.82401426155 -2.61861004753 20
37 6745.05607751 -3.13118981375 -6.21443411487 -1.36518584401 -2.3532375295 -1.14069614805 -2.70138633054 -0.498324254455 1.36162173124 1.29853460085 0.942629919094 -0.585305462048 -1.96025953909 0.959942358757 1.79601738559 2
38 6763.5268117 7.18599349543 -6.6411127212 -0.00365909105055 -2.1136136062 -3.02081750092 2.545550946 1.88757322839 1.21590975499 -0.622058172789 2.39278111996 -0.595292063164 -0.933804978276 0.831533253514 2.37798313891 21
39 6769.28338188 1.90360899242 -1.84449457058 3.87766263049 -0.745930773695 0.726485509769 1.75194704076 1.7226628678 -1.57616378779 -0.221600261259 1.40219808911 -1.74276678296 2.98756365144 1.29705840003 -2.7637168126 14
40 6782.48430162 5.05335769145 -0.91656655219 -3.17094333351 -0.918726747513 1.50238312343 -1.42354087563 -0.252130149263 3.0776215134 2.0812352804 -1.30533451364 -2.39949778042 0.0534390205434 -0.0456140586088 1.26118708288 15
41 6818.35147071 4.48349715533 -8.82584743222 2.79752254041 -2.73961123527 -0.2472018969 2.13218104025 -0.427048211132 -1.84787883387 1.08262606357 0.961829128592 -0.337290338899 -1.56891074416 -1.97338701795 1.31894461195 27
42 6881.54169234 5.85968086946 -5.6474432518 -1.18711488806 0.596771321628 1.46972078024 0.312554980336 -0.674805354319 -0.937777619065 1.47473506503 0.415654271691 -1.24505587246 0.0567749057982 -2.97601644591 1.34724659671 3
43 6891.99458637 6.70625982777 -8.85366913053 1.14030220982 -1.00757295203 0.838226909378 -0.99687438702 0.742804538922 1.2309253075 -2.26555149796 1.95157299996 3.04373495036 2.31673650723 1.1633240868 -1.51246789495 21
44 6993.37232326 3.40940191613 -2.44905653429 -0.0935868272648 -1.86813224637 -2.14607274706 -1.34502418268 2.21866324949 -1.61737513315 -2.80860524138 0.978622116765 -0.977859084648 1.23321079573 -0.790863607838 -0.90094553379 10
45 7069.26454649 3.06376253565 -7.77842612647 4.78242316304 -1.65936282836 1.8546389753 -1.93213888213 2.13301237412 -1.2071818855 -3.09791237252 -2.17028623611 -0.247054773229 -1.02900687971 -1.44514394163 -1.44438738706 23
46 7127.85332894 -0.0194734612261 -5.45727695016 -4.88734955385 0.522114367684 0.6791943057 -0.389739800288 -2.33806211146 -0.283980189997 -2.0144355807 -2.64690859069 0.137137554239 0.944157559936 -0.800262341465 -0.988093502498 7
47 7178.44781026 4.17042002425 -1.17054001995 2.76489856256 -0.607439319105 -2.61575728722 -2.48544464191 -1.20063625239 2.68916914137 -2.17393297762 0.219410953144 -1.21002915679 -1.81430901821 -0.898538456819 -0.770738872277 18
48 7244.71782459 6.99311993851 -4.2976429972 -3.93488899083 -1.02891744074 -1.30075377046 1.69134806061 -2.6335375127 -1.45545403997 -0.113064604807 -2.14036054952 -2.26161374765 -0.208175537371 -1.97717329993 2.31231263216 6
49 7255.73858807 -1.64213948953 -2.35033486965 1.02171450754 -2.74594641729 -2.81052000263 -2.05916882932 2.14500799701 0.187510044537 -0.164294359777 0.45275802408 -1.34920997409 -1.31586772796 0.184048357825 -1.18282060595 11
50 7276.91033849 -1.64330806829 -7.95811678152 -4.31134587836 -2.05350410467 0.357302122257 1.15232288733 2.94070750138 -0.221025260258 -0.765291049665 -1.64385178681 -1.92246144983 -0.826390474626 0.762556901711 0.720248810718 25
51 7322.71311131 1.17253119269 -4.61029541322 -4.03163355335 0.55414400596 -1.92290691797 -3.06841658613 -2.94551604815 0.983697054364 -2.87825079586 -1.64164243883 1.9282937492 -2.45499673182 0.49681822487 -2.30356422331 4
52 7353.40745162 6.77882246608 -3.84656538719 -3.296593739 -1.92406659025 1.46242866389 2.33376034405 1.50829155843 -1.85954257398 -0.74548178444 -1.12996714755 -1.98689430787 -3.09534911547 2.04360141829 1.78216964673 6
53 7359.36855389 -0.745425691319 -7.27271155192 3.72351398845 -0.000146784863919 -0.107330366526 -1.83909434723 -2.26846106451 0.13440379549 -2.42145940427 -2.71505398351 0.458903835584 -2.59777865724 -0.627009786748 -0.0269993869943 26
54 7388.40369828 0.428995723532 -3.54698742605 1.08823679528 -1.32936648492 0.568833418106 -1.32925978429 2.16030070836 0.872670958001 -2.25330660949 -0.294408103057 0.624590293476 -1.0124777328 1.72289564016 -0.226914079132 1
55 7490.83990446 1.63715486085 -5.17201377403 0.429043299085 0.359343734549 1.86537622319 -2.08769272016 -2.09964392779 -1.38353122586 2.72323010542 -2.56138150968 -1.44394691096 -2.25696765319 -0.219784335552 -0.733025296915 1
56 7560.32925072 5.25889765505 0.660638838319 -3.20630766801 -1.00581752501 -3.10260302564 2.10886797286 -1.36118322842 -0.818003054251 1.3868446248 -0.16941721976 -1.80500138233 -1.92938393662 2.96876852147 1.46739552056 15
57 7666.13164896 4.43618149377 -3.32264278139 -1.68359295074 -1.11593854994 1.57210874568 1.87076425232 2.21957234351 -0.419265934862 0.675510756077 -0.721673676183 -0.451217339299 -1.00507619713 -0.480254370337 0.934326622569 6
58 7688.67094195 0.339969441817 -5.79627273254 -3.44380130294 -2.48280798152 -0.480168037447 2.28145824309 2.53592932627 0.0179836308082 0.392341099163 -0.568672679608 2.56348338786 -2.16937153691 1.86407383227 2.21510099593 4
59 7862.90678394 -1.60641760991 -4.60371055094 0.598402082012 0.877582204051 1.83655514167 -3.1063963854 -2.88823495472 -2.79638934933 -2.22318530726 1.41847204002 -1.88644189612 2.37809134405 1.89875356824 -1.73469535211 2
60 7869.90958945 3.04944317657 -3.75422871141 3.0094124377 -2.0553883013 -1.91953498464 0.548325077253 0.176854913152 -2.2966956416 0.735081279456 1.53265793775 0.527146077296 3.07152174648 -0.781223246593 0.0387411242706 5
61 7910.62073647 5.94128021571 -5.7630569715 -0.461010899828 -1.85451668699 0.598378121392 -2.89069313958 2.68957861704 0.140044150154 1.76021339652 -0.126886967649 -0.148341967231 -0.855586169709 -0.458884086711 -2.593323543 3
62 7911.93118791 7.37102557136 -5.90979672588 4.57701161096 0.603577645059 -0.22358963344 -0.031485207402 1.97572504017 2.71875959479 -2.07724875398 0.988098776741 -0.538522242935 -1.77791301443 -0.212663598829 1.3481666171 9
63 7932.25482919 3.31444429819 -2.65046838966 1.799660637 0.0501866782913 -1.48562449823 0.850458631378 1.59201333786 2.1391126737 0.724738877632 -1.58792476818 0.0880133723472 -2.0506002327 2.07202858334 1.63902075977 1
64 7938.1732166 6.87628856775 -9.46459178948 -2.71350057108 -2.63342321902 -3.08970408921 -1.33311857294 -1.03488626227 2.61569675491 -1.66402172844 -2.53454643803 -0.458091218036 0.243702773284 -2.74137117837 -2.17163433116 24
65 7945.14390789 0.653307320865 -1.65145753794 -0.48920406234 -0.840950440704 -1.62116281605 1.94506059661 0.252045597522 0.341762891471 0.00740415294227 -2.74311808077 -2.91650936217 0.438267455694 2.84373965063 2.25407398532 10
66 7971.44005874 1.04086842277 -1.05336631978 -1.72325095056 -0.99406099715 1.10619958464 -0.304108347813 0.981655768218 -2.03508671918 -2.89025178884 -3.08945169568 0.788103717871 0.559509528746 -0.882967516099 0.0482876839654 13
67 8030.61491728 -0.516630453735 -6.84157574733 -0.0401278597944 1.19392613263 -0.619503326556 -0.718044545843 -2.03107951802 1.16189961049 -1.13437323151 -0.815733953975 -2.73641302495 -2.79125008003 0.0608252343552 0.624506581195 20
68 8051.01579573 3.6035808465 -1.59248481252 4.90139324487 -1.09751895672 -0.391764969229 2.07301945723 2.71089716235 -0.106393457298 -0.983561308628 -1.86292137639 2.7521120388 3.05431673352 -0.451379269911 -0.564446062455 14
69 8057.07497444 1.74837721965 -2.04317612748 0.493299171767 -0.629421286288 0.0183494572501 2.09301773527 -1.07876947486 0.350185106358 -2.27434627996 -2.73150415664 0.191440361796 2.80192330291 -2.36555591036 -0.431701759985 10
70 8085.1745116 1.90888422314 0.928634918444 -1.39635312416 -1.95186162536 1.3886264004 -0.869736236546 2.53751648259 -1.88089680746 2.73260086392 -0.892665807685 -1.85510552752 2.8410067979 1.65855122019 1.65785409932 10
71 8101.14989262 5.32144122957 -7.4278657765 -5.27687643492 -1.6324431532 -2.31531430047 2.70444694179 -2.36653773206 -1.85013417989 -3.05504294283 -1.884787965 2.53773645511 0.865025129412 -1.60656523956 1.23882095991 24
72 8103.37221669 -0.956673275768 -4.88750218 3.28133592476 0.348331569927 -2.55830536761 0.669750013676 1.57979183771 1.13655546591 -2.55875034556 -1.8998378259 -1.18943479552 1.77658182533 -0.221321422486 -2.95332057362 8
73 8142.82966757 1.49386964774 -8.09982568855 -2.91653441798 0.799941360799 -2.85800945657 -1.49581917834 1.62495441101 0.0217022876357 -2.65092555708 -1.1693120466 0.673601653631 0.829557928135 -1.18239281197 0.513814603475 22
74 8145.58732751 -1.5305371648 -3.72912196563 3.63148064902 1.83436828555 0.139419902224 0.983170196094 -0.751291113237 -0.659458298697 2.19184583661 -1.67341170942 -0.580948699915 1.41297304485 1.4183915557 -2.70362843951 8
75 8160.34456166 -3.39201768489 -6.02752001567 -0.419190064832 1.5009555422 -1.39302129934 -1.09230250419 2.11081509964 1.53137358166 0.198547253259 3.07843851358 -2.6811959529 0.0914302355017 0.920856995938 -1.27722727921 2
76 8164.8341964 2.78574004101 -3.06828091235 -2.40836336163 -1.7044608639 0.807327098518 -0.980414427665 0.868929711276 0.708610904642 -2.53799151988 2.9269690011 3.12157593974 2.2505969236 1.09223242869 2.75071935742 4
77 8211.32726147 6.86359899552 0.61601096196 0.328680802121 -2.86598989416 1.32097705475 -0.23866270076 0.433000628458 0.630768181344 1.42253134396 -2.37134078351 0.22680229113 -1.67181227821 -2.85257277204 -2.06234364493 12
78 8220.28478519 5.01272766238 -6.94845873223 -5.29079242795 -0.749177863572 1.73864396384 -2.92405567637 1.39154140586 -1.73503195948 0.415829104755 -3.00971569544 -1.78162824845 -1.19691482862 0.451642961997 -1.86249341753 24
79 8269.94167002 0.542832679268 -1.24040212653 2.07753728505 -2.30699535597 -2.80283930191 0.228223501909 1.53734067066 -0.968716653215 1.36192501162 -0.97581302477 -2.78620133312 -0.0788891451941 1.33230273675 1.51432225561 14
80 8316.12387422 5.41547797604 -6.53401991211 -1.07574820573 -1.042373037 -1.94737401793 2.50196956032 -1.30476870084 3.06240939209 0.134160448071 0.401469926121 1.37770971174 2.97944088216 -2.98832736642 -2.45509911263 21
81 8328.66143334 4.85240784829 -4.05274158284 2.09158248577 -2.06807617038 -0.126902382105 1.84735954627 -2.87861201597 2.70919998109 -2.57373444139 1.1161072579 -2.71656455396 -0.988168176896 0.75954291907 -2.57206270795 9
82 8376.10369349 2.38226273197 -0.370659149267 -5.06636906341 1.74075748107 0.389883590105 2.53712816274 2.48113795731 -2.27136585754 1.69140316905 -1.14191156371 2.41422416053 0.977515634613 -0.770514283748 -0.180204645824 13
83 8380.64283208 1.00633711233 -5.73351867132 3.3985387295 -2.43439745402 3.12065624403 1.20501133207 -0.47978145344 3.0685477288 1.5877897204 -0.47225438075 -1.05798104142 -0.0168074435149 2.31645557704 2.85614036095 5
84 8427.32221668 1.45076453589 -0.420284863032 -2.28997472083 -1.20736496115 -1.95353338779 1.8305183655 0.454335083754 0.776668797008 1.33441596025 -1.85942676094 0.242188212263 0.00952524856879 1.59051257166 -1.24687146115 13
85 8435.04896581 0.232753139764 -3.16586321187 5.68310038982 1.47896870247 -1.14613984528 2.91120222404 0.760372660237 1.70557426254 2.52361710993 -2.03428190771 -0.896845558045 0.108013897888 -2.40582691516 -0.30334091099 8
86 8485.83681521 3.23614006889 -2.54796379102 -2.75324824613 0.149086665755 -1.91882863453 -2.06612009123 0.343704968061 2.6455583666 3.09411374475 -2.88725860685 -1.97867957665 2.90064292339 2.63643752162 -0.971055646637 13
87 8512.38137935 7.48018017861 -1.08415845057 -1.20729546621 -1.11666108769 -0.817446420055 1.10601816133 -3.13394872509 -2.62883792513 0.282247179182 1.88426351911 -1.01942798143 -1.84203645513 -1.67772717396 2.21461671249 12
88 8535.88832989 5.68311553088 -7.45729255854 5.30249368657 0.108696145662 -1.04042709876 -1.88203648273 -0.775425966888 1.94309390452 1.44038516507 1.54119688422 0.845069263996 -0.123061670231 -0.532611925963 2.08812198366 27
89 8620.48897904 1.60893373759 -1.87847993336 -2.57639377941 1.02675590864 -0.459707652218 -1.84161576187 1.41658876197 1.93892519051 2.74094257928 -3.12576820911 1.80756490558 -1.01822149969 -1.95263102176 2.54483986049 13
90 8792.65422957 1.71424622568 -9.72020845397 -1.33680486206 1.74474237891 1.66406120782 -1.72838724144 -0.774355669406 -1.5510748326 0.736952600976 0.78011455983 -3.12927657771 -0.469198609424 1.47187923755 2.66569943472 19
91 8796.75582249 2.88984271816 -0.0737572309938 3.72888197548 -2.3539212577 0.439632317115 2.83134965828 0.328554189137 0.262525348095 -2.98873129931 1.7413784644 2.39260850303 -0.573933852237 -2.24057173895 -1.93144171959 14
92 8829.71949222 5.33014619479 -7.33210248081 2.28542315531 -0.739784966619 2.66642269457 -1.24419205635 2.96224284036 -1.97394867444 2.91498526529 -2.84302055051 -0.680612919592 -3.01577221158 -1.19362601036 2.21281055684 27
93 8839.89259718 3.33706253612 -9.46858335364 5.3933132587 0.487893070966 1.07524858079 2.86745622605 1.55766803235 2.35296518784 2.83953134247 -2.73626980575 -0.430012663824 -3.07158954852 2.98894689133 1.75648515305 23
94 8863.65908179 -0.981295006305 -9.97219582554 -2.69136276549 2.10370242012 -3.08466739337 -3.06992482924 2.40610735619 0.26963464888 1.81433226137 0.565175195241 3.03487059842 2.40381127846 0.420772797239 -0.695276549634 25
95 8884.90115559 -2.75554683475 -1.04389825277 -3.7816866236 2.03801784502 1.54629301021 2.67165487003 0.432408782918 -2.72602062804 2.06283364411 -2.71966803754 -1.57596547724 -0.304647966881 -2.83840355086 -2.85418756272 16
96 8913.98143816 6.39888795589 -8.09356228613 -3.1528980988 0.896934366817 -0.467671493056 -2.2484362162 2.74967020975 2.17430380047 -2.18655262057 -1.58058226395 1.34178111245 1.78818531597 0.00994501330751 -1.87348859016 24
97 9063.63489468 -2.2862973865 -8.80409227062 1.31237438022 -0.293035151101 -3.00595111303 -0.513939643657 -0.404612257047 1.33175944063 2.01786452075 2.51264346147 -2.44701287699 0.154463484611 -1.38036551784 -0.0117145986809 20
98 9111.7305863 -2.11456650742 -7.0918375835 0.381470615764 0.9860966808 1.64479217582 -2.14744185735 -0.493630586676 -1.9069513792 -1.64711223639 0.318259254143 -2.61106644311 1.33043122038 0.223853779257 0.0987089199759 20
99 9127.04532282 6.20997881594 -5.77548806697 2.57634173187 -0.357114697704 2.52268290753 -1.11678263028 1.401601205 1.08167814312 0.698523490474 1.57298679412 -1.21102274753 -0.0630665161978 2.86861166849 1.47024899418 9
100 9239.24400343 -1.17197521476 -4.72114935797 3.40159071278 0.708244043311 2.93552319984 -0.117303361639 2.12824777212 2.98281039246 0.236246341322 -1.70102656395 1.00150378513 1.00228989816 2.23346235132 -0.146992982574 8
101 9239.49602103 5.06419730594 -0.914514329861 -0.235625968011 2.15401377151 3.06550534641 2.62577087409 1.60181679391 -1.97098044585 0.0715859848888 -0.173641653212 0.295267123628 2.37188865926 1.83024508534 -1.61760732998 12
102 9292.99789747 5.06524694603 -1.85875951058 0.310159061183 1.35089561429 -2.20516848786 1.59317457323 -2.43653104675 2.76417947198 -1.87487485604 0.406991241356 2.7321033072 -1.31940663436 0.161666412292 1.97884626192 12
103 9375.3479007 3.15410275975 -8.94894871267 -0.996324721481 3.01580686016 2.8355208671 0.274182176492 2.54282910105 0.0477597972907 -1.60608335516 0.140521098978 -2.09462755251 -0.407551984788 3.11144265531 -0.745400586377 19
104 9401.23780858 1.82688041391 -8.25788418088 -2.395667692 1.43748892267 0.935908626058 -2.22694752061 -1.38216927741 2.47982071378 1.311677786 2.73724181747 -1.5932889004 0.991855513547 0.483139536461 -1.91093429149 22
105 9495.51203368 1.41787390259 0.360285045906 3.12276977761 -1.46543588524 -1.72090598465 -0.975728075615 2.72452615291 0.0766790478993 -0.462685357005 -1.98017030386 -0.695096439132 1.12955115665 -2.25352963135 -2.95398887264 14
106 9558.51666057 -3.28426533596 -1.6575636808 -5.19368230579 -0.146059146208 -2.58652336284 0.788769607291 1.3767583054 0.649898294172 0.478695399599 -0.210213566827 1.1070802266 2.99027926803 2.63465605656 -1.50960632942 16
107 9582.51268607 -2.11792946143 -5.68833175564 2.9483577586 -1.62927855781 2.65339768004 -3.00481821778 0.0131732268114 -3.00107049259 -1.46235715799 2.81324413051 -1.14596154415 -1.90877499944 -2.87355923579 2.26011340397 8
108 9609.02684802 4.12859094775 -1.12908934822 -1.95271742819 -0.126911482563 1.45348504076 -0.650630943668 -0.933199752492 -0.249233578866 -2.17477607873 -0.739887265913 -0.297452607992 -1.63255289124 -0.613389005441 2.75704440082 15
109 9693.19956317 7.2539399062 0.575680366525 1.67347793428 0.430056364296 -2.96432594511 -3.04832031139 1.68578341661 -1.70432727312 -1.02765649484 1.62979664704 2.18828199616 0.341598357943 -1.55004981965 1.19386416863 12
110 9747.61379274 2.76007053948 -0.0565640480516 3.17831152923 2.96296225719 -0.700259575826 1.12651742099 -0.322191640059 -0.62540614476 -2.94769955191 -1.8045098395 1.80764131448 0.29565225881 2.51495730171 -1.5391801089 14
111 9771.61916301 7.28059559223 -0.805072589108 -4.12264673357 1.15002110035 -2.69189535201 0.184151976679 2.62283753683 0.246809382285 2.71340619039 1.06151221628 2.59285696823 1.80442247955 1.86465076089 -0.58539246786 15
112 9825.81313011 -2.11458020314 0.578497110274 1.85007557154 -1.68307851043 2.17797674356 -2.0071075583 -2.63944830089 -0.956576459711 -1.20349610872 -1.9462512601 0.168567455575 -1.97558877567 1.50678549622 -1.16171898912 11
113 9886.41250819 -2.43329316807 -2.69231062438 -2.1902613094 2.25905203367 0.374252457216 -3.13284639627 -0.436179907495 1.03084699012 -1.62240074058 0.86711170194 2.93195838933 -2.36275144808 2.64740476376 0.585039335174 7
114 9897.56097322 -1.52963353028 -7.9598811752 -3.83703012879 1.17373228533 1.38885433685 1.72355709673 -0.506597246082 1.97497855287 0.749396480092 2.01434371289 0.435807546224 -0.892577148372 -3.01511363894 -0.646161910998 25
115 9935.52919448 5.37450846887 -0.480886937949 2.69903523357 -1.30831351207 2.37318238933 -0.584392251122 2.86342505399 1.9746965943 -0.857647828438 1.84793867146 2.66296006704 0.10258922727 -2.98538456093 -1.66195767592 18
116 9964.82576163 3.35544960421 -9.31012400582 2.67901459655 0.475869026493 2.45777539573 0.662036811312 0.542775307625 -0.312186702692 0.335312330313 2.54875445318 -1.35976988227 1.1986602426 -2.52431177671 0.594170863107 23
117 9988.79973087 -1.30263683117 -0.556231856168 -3.00069352651 -0.952881694161 1.13701648106 1.01197444975 -0.279522301185 1.03467302434 0.484187239282 -0.500204190577 0.832363912523 -2.6402434334 -0.0615154142261 2.23925226055 16
118 9988.95738499 -3.32397873654 -1.5473636396 2.17455886213 1.64104130908 -1.62320854827 -1.79613537724 0.0137097951123 2.28123806015 -2.01303755337 1.91315711624 -2.56834909625 -0.540282224447 -1.48466131169 1.58806887626 17
119 10092.7437303 1.0328131528 -3.01245764248 1.338869731 1.66518081846 1.31615599097 1.72156854928 -1.34447019918 -1.22587181426 -0.798031716609 -1.67758068845 0.521413978424 2.28663204975 -1.95015066403 1.71228993468 1
120 10137.1675285 2.55188529406 -3.70377543293 5.49538396604 -2.15692169435 1.09196711221 3.01716683641 -2.50676255828 2.92706055616 -0.373000015157 -1.45715245503 1.26933908184 1.53899273079 2.33947655692 3.13724968599 5
121 10184.3381129 6.68992760501 -7.49949826921 3.34330015613 -0.151676280087 -1.54068815971 1.6165758901 1.31265081894 1.10884047824 -2.19835122722 0.332235609609 -2.95349784741 -3.12153355314 -2.94507827556 -1.84593986955 27
122 10213.4563904 -2.6203225947 -3.62255301894 1.28595989272 -0.557560965712 2.69868616876 2.00897278395 2.24171475363 1.33577512339 -0.867836980694 2.80782263995 0.556705407476 -1.63242169486 1.11396506984 -1.02277507835 2
123 10225.5639627 2.1503154634 -1.44536689676 1.51454335326 -1.22707378121 2.32273764375 -2.79655306643 -1.91297992371 -1.09353661778 3.10728707847 -2.7421880436 -1.97640537127 1.98524237558 -2.36680309297 -1.41503735581 10
124 10227.6152794 2.03305400968 0.531128035387 -4.25154737222 0.690977619999 -1.25004972197 1.14972124517 0.233849022943 2.462664557 0.310986410855 2.27588536759 -2.63371136434 -1.57222499897 -0.733934990767 -0.478244245881 13
125 10231.4654733 -0.288169674604 0.668206331459 5.05117737001 3.02150889949 0.58990657484 0.247054287651 -2.33098034452 1.53860404722 0.262621920668 -1.51338786202 -0.0138633963703 -2.23601679717 0.193114893586 -0.787360781549 17
126 10237.1065306 6.77907243331 -3.83753856578 4.43623035105 -0.836590175697 0.25417816602 -0.619971552989 -0.795089545432 1.86687413858 -1.13382434828 0.500377058435 -0.929242906274 -2.38644231717 -1.22684009915 0.558866014265 9
127 10245.782982 7.48637777968 -1.28851096422 2.31359458165 -2.52302752536 0.209091515029 2.52525128503 -0.448691156037 -0.0960956980862 0.659924335907 -1.07147560687 -1.36085872318 1.15208959315 2.66890347591 -0.633118507981 18
128 10302.098303 0.0901905372653 -0.134294480423 5.50808740941 1.2076816146 1.90470626919 0.343119856398 2.94926950996 0.143606096893 1.14156472164 -1.44537934984 1.61193931594 -0.522446727622 0.36661620053 1.79714128554 17
129 10356.4711243 5.8237394707 -8.85400155331 0.159308121591 0.364479501017 2.65504347091 2.61206637681 -2.89541166229 2.46177288049 0.206420857958 -0.0200588729318 -1.3017946945 -1.45121723434 -1.6399896613 0.0257105652752 21
130 10369.7862441 3.17406244139 0.185371439377 0.384652248368 2.94890686579 2.48368361276 2.24471242245 3.07099958252 -2.79710454615 2.65699351611 0.242391994668 2.78335246032 -1.60169046353 -0.676074940667 -0.271496727767 10
131 10420.3190616 4.43650813723 -2.36798622085 4.35278222148 -2.48517981588 0.979763703117 -1.83174681969 -1.27978549972 -1.12409459309 -2.90631252896 2.88410103922 0.657670844654 2.73442996592 -0.620403039084 2.34033446148 18
132 10430.4821638 -2.56373210391 -3.26979541101 -0.143530909638 -0.322997251218 -0.527282580593 1.99717535876 0.054666727497 -1.81145744164 1.95006250751 3.13577770381 2.75163207505 -1.1661847856 -1.7610927213 -0.35469522785 2
133 10536.0804362 -1.50135822789 -5.9185013022 -5.22373912004 2.70644995345 0.342538356041 2.34138451433 -0.546255352012 2.4274410959 -1.15846702226 0.634895639232 0.226309878558 1.01318839869 -2.36212938734 1.94666305506 7
134 10589.3884656 1.2178940953 -9.05564135735 -4.58188867647 0.533769521685 1.38857800462 2.88597688945 -0.59423922531 -1.80728940139 -2.15225330788 -1.93842455694 -1.8919389641 2.52686625255 2.57954978391 -1.96822922677 22
135 10647.6648647 0.400858253491 -4.96220710086 -2.65352300325 -2.39778785129 2.49493663549 2.70359975055 -1.97383290343 1.40003019322 1.74452041254 2.24913681296 1.71402957037 -3.06002149737 -1.4367477336 -3.07563934381 4
136 10839.4574563 7.34762237937 -3.31046292452 4.99688142193 1.95921544145 1.72754047849 1.25601929322 -0.861023040267 -0.078911475766 1.91453670118 0.815150422715 0.383090345217 0.380333991106 0.784694123392 2.18808809106 9
137 10976.647111 -0.0111902249525 1.00037592886 5.4967440997 -0.496683155402 1.44526491625 1.88994189674 2.3812271427 -1.82571294899 1.83880490912 -1.38880304654 0.789727054589 -2.65006818891 -1.92423537183 -1.09769654252 17
138 11078.9900188 6.28585431815 -2.25579029557 0.0954300286846 0.567745548694 -1.92182331348 1.37661591399 -0.754078363136 -0.667483673358 -1.02232729782 2.48813252218 -0.0418589394825 2.08209777777 -1.24742665743 0.237799966301 12
139 11209.276608 -2.6605596203 -0.288744600411 1.58409482471 -0.999246815045 2.17333926214 1.9895085672 -0.14127028645 1.34320063574 2.27553272551 -1.34659974543 2.41422691478 -1.10270069401 0.632146895134 1.39239009876 11
140 11279.9868668 -2.35446488554 -3.24488399533 -2.54986097872 -0.304002376372 -2.98892425022 2.69933390414 0.855661068996 0.02287408957 -1.45537773903 -1.87147768526 -0.930632665377 0.0722523081808 2.45150886319 -1.57214110469 7
141 11347.180769 -0.915241580162 -4.56902949971 -3.89287753656 -0.335978412978 2.48856813512 -0.248638424112 -0.0758936324004 -2.6520416441 -2.77466166886 2.65728690388 -0.851089243692 3.07363218333 1.34912040011 2.12983510698 7
142 11390.7497977 -2.92425579405 -0.387536493151 -0.68681901507 3.05721918481 -3.10533599331 0.0263722711551 -0.310867677062 2.77170480217 3.035624959 2.57707904022 -2.12829111019 -2.58473235683 2.33510946991 -0.691639912402 11
143 11522.7456169 5.01880686657 0.45968820572 4.8503189039 2.30949004828 2.39803516856 1.69189327363 -1.79895904682 -0.594428221464 1.10234811803 -2.76285483222 -2.73918912977 -2.14923485654 -0.885957698745 -2.09456230427 18
144 11643.2113031 1.57907365196 -9.65997924127 -4.72258149626 2.02645346354 3.07486698033 -1.4793718778 1.98228840581 0.360031323301 -0.710167845681 0.255339125105 0.00015714211674 -0.00684868663659 -0.852455937852 -1.80388447981 22
145 11662.9360191 -1.34166768432 -0.820497288151 -3.72131743385 2.82962890337 1.78857482428 -2.9662374491 2.08875008028 -1.98821772965 2.93478717831 2.81663725733 -0.65514358854 2.10377472148 1.60651457381 -2.37376325738 16
146 12116.2311476 -0.699453176385 -0.534345991547 2.11403529483 0.957221692935 -2.55108857504 -1.29490717193 2.97322816479 -1.73487863697 0.856580557044 3.03086794097 -2.12179153787 0.752456776068 1.73325749974 -1.02871445637 17
147 12132.7025994 6.99383790431 -8.82354543573 0.12335444744 -3.08385017333 -2.37114333279 1.18874579877 2.45896932438 -0.540412259554 -0.0431298615768 0.983008388044 0.321075304595 0.548455201217 2.10994991448 1.81098923151 21
148 12333.718597 -1.98529115493 0.542297141609 -3.81095657231 0.279494634283 0.154134041543 -0.990843026057 0.667714859811 -2.82310081675 -0.450902184359 -2.75933757303 -2.65865845529 1.19473523934 -1.6812173845 2.59104051981 16
149 12556.4083021 -0.235600721433 0.727892336508 1.76442934925 0.260041356399 0.62516040422 -0.0807726037688 0.471100153648 2.4743068324 3.13733985157 -2.47261457078 0.362667075184 -0.752993019633 1.982430777 -1.35863718215 11
150 13125.7375489 -2.55386560096 -2.00457376631 -1.34529805405 -1.48840419506 0.0929469591786 -0.565656986014 -0.388568433456 -2.44904196232 -1.80336997467 -2.83987945839 2.34800044312 -1.85727962603 -2.92293946189 -1.99604537958 11
