 -2.66751061795 -3.1664582649 3.58496697019 2.12965583653 0.436401379624 -1.96750088946 -2.22640286099 1.48302389585 0.295062314292 -0.0625345729029 -2.54447548197 -2.21585908364 -2.55740511657 2.48786126767

1 2132.97869262 2.88957995237 1.9575693956 0.342365822227 -2.20951152712 1.18761735327 0.236087829845 0.272923876974 3.05149237455 0.41320717435 -1.60939917733 -2.509382193 1.05651487541 1.23291167629 -1.19373883238 5
2 2618.3076921 6.78955181623 2.66597954433 -4.90273555601 3.08402414011 -2.37194019961 1.4910997647 -1.65935829375 1.09418526567 2.21025171291 0.808593272194 -1.61164972529 -1.38495373721 -0.196715929828 0.911940274384 3
3 2773.47919119 -1.31859392912 -1.29909322195 -1.13225062124 -1.69877311932 -2.25397117688 -1.63153986571 -0.714303900018 0.499099225396 0.847791024674 -0.709506780914 0.210642801883 -0.871105403266 -2.00852881135 0.262629693109 26
4 2867.94016996 -1.82379783719 -1.12857800336 -3.13784336661 -2.16174258494 -0.359973033916 0.937952282461 3.03849495355 -0.73325365685 1.51623567928 0.401978605567 -3.08668412579 -0.0463806798005 2.47990457699 1.23419565603 20
5 3005.0591079 3.05872419577 1.86077534368 -4.44636518562 -1.80455592633 -2.29221041197 2.32675796925 2.75362009011 2.68070180721 -0.734292132658 -1.26491879005 -0.38897551395 -2.02022629767 1.12004837113 0.202608773348 1
6 3089.59886201 0.589651365962 -1.35688430781 1.27301054705 -2.26877303852 -0.119339280365 2.04136633419 -0.817700177468 -0.123822864609 2.17470509123 -0.310774800042 2.89132526413 -1.62946000324 1.08914701984 -1.72724231792 26
7 3674.06049557 6.00071709743 2.99144971886 -5.38919501166 1.29512565352 2.01015518997 3.09065016911 -0.982783893461 0.546544115541 -1.02353845136 -1.58904984264 -2.25765022807 -1.88522786641 2.83394502696 3.11870314607 3
8 4303.85476959 -2.47169745512 0.811712957358 0.16231033459 2.02051064727 -2.94028388115 0.928984299925 0.473837973849 1.45360363859 1.69582345402 -2.09280390104 1.9614736745 2.26850684301 0.335609378319 -3.06478174458 26
9 4361.89329008 0.752188397185 -0.983177510004 -0.58598377931 -1.72837113951 2.11286865437 -0.193336163045 -1.81107152146 1.24638579177 -0.908708857157 2.78409447984 -0.574841799371 -3.10638350125 -3.11832515917 -2.56742707391 26
10 4461.21482733 3.68065415426 0.433299564455 -1.02690073457 -1.90154348903 1.99135857696 -3.12906353335 -2.19184269227 -0.00814982553101 -0.533762009607 1.07562179872 -1.53243755313 3.01903595502 1.57948881082 -2.26244182885 23
11 4530.55898699 3.00244452639 0.299300177396 -5.89319892074 -2.87399036129 -1.15219903632 1.25955693838 -0.717344290602 -2.59501433949 -0.324705601452 2.19715526751 -2.01336493214 -2.9778526312 -0.322612819974 -1.26011982152 22
12 4715.66424494 3.21446360761 -1.44301941472 -1.90267311222 3.09820503836 -0.804367667856 1.30006388976 -1.92745342638 -2.51229118251 -3.06670589148 -0.248632301987 2.26854565283 -3.11637367498 -1.66707794238 -0.825806945599 19
13 4749.65242957 8.14414915347 2.88376956119 -6.78675185224 0.971880785058 2.95902555803 2.53182154615 -1.42063388261 -1.14772958061 -0.590716151864 0.710011372289 -0.861494339206 0.530733024071 1.7789732151 0.895963721516 6
14 4949.28426798 3.56156284839 -0.0408325173201 -1.34379914338 -2.2694856559 -1.2156327831 1.79962639558 -2.68110764469 1.24167510055 -0.279902085147 -0.773992969309 2.35576947187 0.369433079948 -0.954310493669 -1.50293447924 23
15 5147.20565773 -0.258723145256 3.62350060049 -5.90415822792 -1.78547490456 1.92513819059 0.697534866974 -2.57033702053 0.288754238348 2.95326993493 2.91277945274 -1.97910087798 -0.279414295578 -1.11809226306 1.38722629994 7
16 5263.77126989 0.536590529776 1.81904862902 -8.42521777999 -2.19652892675 -1.97679741655 -1.30634744659 -2.2819107545 -0.0216611630742 0.55443716415 2.9472086535 -1.89517821061 1.44279092977 -2.24471396173 -1.609131135 7
17 5469.57812932 6.17173842115 4.4957127654 -7.86125692261 -1.59174475409 -1.27947729009 -2.47700683433 3.04580508431 -0.993609433638 0.632016330588 1.54078161959 -2.48504106833 1.3247714647 0.0767005408734 -1.05802609227 6
18 5596.92179718 6.11589366849 -2.1274080659 1.60385638794 0.171959809745 0.00497449255304 2.71575674649 -2.79263849862 -0.254203188173 2.88126548962 -0.390892131658 0.0520307191994 -0.778492524973 -1.14754018777 -1.10864819789 27
19 5597.85131863 2.65009080802 -1.24059938184 -1.76493052752 -2.43987529377 -0.439449092053 0.868732191009 -0.52654422829 -1.30800145169 -2.54215425058 1.80100842787 3.05215892661 2.67769609045 2.01705925528 1.17620699795 19
20 5616.69785148 4.73882043722 -0.102612335312 -4.47319989539 -0.589424425999 -2.64308311445 1.50363354379 1.5171212711 0.199774023179 0.505714234891 0.187624673116 2.81697794172 -2.80041637231 2.88681710172 -1.67544300076 21
21 5658.65323614 6.94521342092 7.4276854169 -8.48116390059 0.875438247638 -0.397579948367 1.74671674922 0.975181970727 -2.2118803974 1.06923344802 -1.78743974048 -1.38026827522 1.97155552664 0.0888599721868 -2.15847643688 15
22 5667.22555953 3.77640174042 6.10095418349 -4.4544805879 -2.30458298615 2.23431157392 2.04078577332 -0.721665754859 -0.0668191274063 -1.87830805767 -0.330699723459 -2.04779031706 1.67365614798 -1.90539729771 1.90418966827 10
23 5683.96356694 5.30315509621 2.84492589736 -4.00362225856 0.921051549618 1.05923689741 -1.15760212128 -2.85662473713 -0.354924186552 1.43491044149 0.816362127019 -2.94690769047 0.588721320772 0.786687741305 0.67564096275 3
24 5826.90062552 5.49773362185 2.54351449077 -1.33057866911 1.81399051487 2.17610970902 -1.93314981703 2.84794172708 -1.14123870419 0.213163632985 -2.57461723045 -1.01444080939 2.21340127459 -1.24952800588 0.930666620929 9
25 5934.7262485 8.00710383659 6.22597619949 -5.3876755143 -0.643702889029 -2.93585433736 0.924058649766 1.53552008337 -2.27941829045 0.19201973416 -2.41514626875 -2.51353898441 0.475749522963 1.31338916587 0.780742817594 12
26 5960.16809481 6.70886447551 0.981664909062 -2.80229859605 1.57944141279 -1.86736963109 1.4017669288 2.36488506443 -0.451972500636 -2.46882340773 1.14814223366 -2.84045575959 -2.00083645476 -0.675350879294 0.854765020768 21
27 6040.56942733 5.02641099748 4.41349716253 -7.83028263095 0.931739523776 -0.431275936037 2.61566475274 0.81004207867 -1.70096408992 -1.64993107439 -0.754488952876 -1.42443519977 -1.15492254993 -0.743403952313 -1.6768633503 6
28 6087.12020948 -0.609857836233 4.34489752493 -2.12745385069 -2.71404679291 -1.37961149393 2.02072938433 -2.68813907384 1.47699140376 0.943070820546 -1.18555830395 2.31119409225 -1.66749332425 0.717284155864 1.03043946495 2
29 6167.94392934 7.66257594153 1.61012607955 -4.41746695759 -1.14299708294 -1.70574681248 -1.69086760287 -2.13771007728 -2.12437778491 1.12217815338 -2.87086475949 1.12315400476 -2.29804968231 -0.849017781771 0.152800617034 3
30 6169.36196814 1.00392816649 1.02801699515 -1.87089398863 2.86309894107 -3.03156502395 1.96458466412 -0.10883203661 2.04379601478 2.83116923804 -0.162517898454 -2.51233575716 -0.327546935022 -1.0970436788 -0.601450075132 19
31 6179.60369189 5.2046935806 3.14143241595 -2.68780868581 0.241208325134 0.944733494748 -2.23381687209 0.151551328479 -2.67658436498 0.917740079413 -1.37184779633 1.48585057115 -2.68598828445 -1.5185051256 -1.20683406862 3
32 6203.69131076 3.47556247917 -0.401482143009 0.252348234782 0.886137045106 2.77288444243 -2.87299118635 2.08731481466 1.9609378503 -2.45521174806 1.24874256555 1.93602448227 2.97965971273 -0.368593796856 1.9488035214 23
33 6217.31290189 0.242103550385 2.1855652063 -1.00899585655 -2.88063938817 1.31677561549 1.37972880782 -1.95417472483 0.949394446373 -0.844443683549 -1.01627028022 -1.70055560669 -1.92866603721 0.76219535629 0.483706872975 8
34 6355.28515091 -2.56307375859 -0.955834473408 -2.11847133263 -0.520157577995 -2.95434530597 0.803989199811 -2.99918356965 -0.723758890712 1.74541163687 2.54406105214 2.53941025652 -2.954715215 1.10232511407 -2.05897172469 20
35 6429.89226162 7.32222310592 1.84037681807 -7.66608081987 0.297602542749 0.0282286914224 -2.61446078399 -2.53980904647 -2.24671101477 2.50808846105 -0.0643154706155 -0.173602801808 -2.25554158863 -1.66340831136 0.415649340747 6
36 6437.61992969 5.63980999812 -0.992464196461 0.0405766414871 0.311513267614 -2.01644198648 -0.23062099039 -0.230762725829 2.81571725854 -1.20453316991 -1.6228778505 0.981729527486 -2.82252567189 -2.32817425054 -1.36298759376 27
37 6469.2974095 -2.53897839556 0.1122893939 -8.25625577978 -2.99808151017 -2.62197478299 -0.713003265852 2.2000494196 1.25099100883 -0.699664472158 3.02843380823 0.920887594895 0.634630058326 -2.88143189751 -0.553818260641 25
38 6472.62028573 7.35790131779 -0.494201455405 -6.73672189865 -0.303560251076 0.652470942605 1.69986597939 -1.34130498161 -1.65578291822 -0.82270436606 -0.405235425754 -0.376092126764 0.856713771304 -1.41164999532 -0.53508083694 24
39 6485.04648037 6.57760304782 2.53946100682 1.52859080793 1.89364828724 1.34448087834 0.509592105495 0.747825990026 -1.50640728708 -1.9696145327 -0.916299503883 0.20845157563 -0.937306417692 -1.43307737936 1.94214690756 9
40 6597.78481573 5.57465799786 7.28466379398 -6.41362061799 -2.96422791909 2.62111815637 -0.731636561314 0.422836888953 -0.287516014036 -2.04132681016 -0.127107035168 0.341064978406 0.629808690686 2.79892071704 -0.761716845667 15
41 6626.24834363 4.06320278552 -0.745426745319 -5.5349155481 1.26185895556 -1.70622825589 0.0686873867085 -2.08156642841 -0.511223658687 -0.0379008878366 0.255253720879 1.68465278708 -2.31543956968 0.741995931077 3.00104432567 22
42 6826.47747271 0.546125497185 2.26139325981 -6.43044730256 2.1773596694 -0.401279818112 -0.039411653085 -2.44161425811 0.492166850065 2.36304524876 -1.22329035878 -1.0307970964 0.581894701686 2.3785694245 -0.562040484387 7
43 6867.1443569 3.97642627779 4.19287340145 -7.95429538635 2.11929246165 -2.89544353555 1.95438293332 0.7766737663 -2.93488595506 -0.520876740424 -1.78852058368 1.48592938892 0.317447289417 -0.37219744347 -2.74559067356 4
44 6928.09733784 7.67560559982 2.62654627514 -0.725062555258 1.33441503259 0.301123792266 1.96406485108 1.82534368735 -2.34311401545 2.00325456802 -1.95502233875 -0.905093447785 -0.22381193574 2.91371691731 -0.502955854906 9
45 7003.35840544 -1.32996745948 -0.469198265945 -5.80378360278 -2.63908419823 -0.555769006343 2.64543508671 1.70318114913 -1.74643409635 2.75589737848 -0.819335203927 -0.00367420110498 2.87078785303 -0.350544647529 -1.43508085257 25
46 7053.83279883 0.333600672359 -0.133549169613 -0.562345700062 -1.09747935378 -0.609241831236 -3.12308492382 -0.793557579772 1.37886448384 2.53934813135 2.09677212133 -0.249589958511 1.94801742348 -0.727044247836 -1.69982576786 26
47 7054.47493941 2.00196459332 2.19955333675 -2.74709141435 -0.601317429613 -0.654794790541 -2.05467191347 -0.555410486471 2.04333126001 0.11750522782 2.29153832079 3.02846285149 -2.39103414527 -1.07149703454 -2.52564447765 1
48 7062.65147207 -2.20168213273 6.63594669102 1.4668011438 -2.59255149752 2.8141637883 -1.57716940638 2.80937667948 -1.17084465137 -0.0496223947753 -2.03370679648 -1.29016313594 0.888111797827 -0.471412629723 -1.21520662001 17
49 7110.17952326 2.42894233378 8.54485944202 -7.44453531187 -1.15990720964 -2.15883361271 -2.57563335614 -3.1304726972 2.9724251214 2.80416908134 -1.03013873213 -1.49948931306 -2.86786251664 -1.74784915708 -2.33905787044 13
50 7128.83637775 5.09803901906 -1.13480906593 -3.40527783115 1.26696517 -0.208700010428 0.20456471085 1.41141464525 2.01829784567 0.561223346528 2.10490142699 -2.43194829576 0.815701614129 -2.01375792828 -0.586174394777 21
51 7160.08718539 1.03809040082 4.63925179349 -2.33860366251 0.585744341768 2.04096612962 3.094895876 0.1309134025 2.9655018663 1.63114483237 2.08214521306 -1.06635050545 1.03189185577 -2.62233320322 -1.6590378466 1
52 7247.94550736 -1.55236058072 -2.31152662797 -2.92282675213 2.03779991218 -1.72855744515 0.286363667027 2.88748476173 -2.83764288245 1.93235288622 1.34811842637 -2.47136284709 -0.923673886696 1.28038016066 -0.201826016164 20
53 7287.84127282 -1.99656377869 7.75530726376 -3.85073133986 -0.544782570773 1.046897594 -0.974224327376 2.58704569568 -2.94336424236 -2.0532337198 1.17441959325 -0.188132443712 -2.04144543585 0.795651135598 -2.46178940149 11
54 7334.88714759 1.83493751547 3.75046162952 -7.44747292559 -3.09451810536 -1.55576342789 0.0146289069477 -2.48002140582 -1.62511943973 -0.915571197413 0.468488580922 -2.39953630661 0.719072494474 2.33555859212 -0.730919745221 4
55 7335.4683911 -1.24772985129 4.35375773797 1.6870857835 -1.20324294716 2.87884842765 2.88438382211 -1.7174748756 -2.58862238916 -3.11278081228 -2.7763687902 -1.08775626888 0.748250128585 -2.51507775493 -1.75651019108 8
56 7338.39172175 -0.353477371466 7.92925928139 -4.26261900841 3.01745511781 1.91955420027 -0.545507403872 -0.593164300586 1.97600140052 0.0698229668399 -3.00095635567 -0.208285347687 1.16809826118 2.68200040842 -2.41459357269 11
57 7349.76049477 1.37645237561 1.99059942415 0.699414808103 3.08664271918 -0.373359134555 -0.377576436279 1.08635474227 2.92750382199 2.96173072638 -0.945625473142 2.55304789177 0.890389946358 -1.31728792373 0.967792033692 5
58 7359.61037413 5.80778781463 3.26184129884 -5.88527744199 2.46534188581 -0.765183276053 0.603706274292 0.191638072441 -2.36941469708 -1.96245947991 1.7973761005 -0.446719433103 -0.268540904195 -2.94451151956 0.646957253554 6
59 7369.709267 4.80563972724 -0.422720630857 0.254211825806 1.1494107333 2.44060324798 2.51544660605 1.90993932566 -0.971280099696 -0.896877171495 -1.96303766627 -0.0176947030768 0.794409104421 -2.47744548978 -2.31088111548 27
60 7461.21804526 4.19461144241 0.841855380241 0.576040932581 2.55304383315 0.953021589695 -2.82010404081 0.489999287173 0.732062868498 2.73178748306 -2.69040259228 1.0980489063 -2.7034485559 1.10655713495 -1.90027044075 23
61 7495.52415699 -0.180176572107 -1.42075478492 -3.96339134806 0.400822714426 -0.310649778674 0.94534723576 -0.539395786689 2.48533513469 0.426066372977 -0.551222048034 -2.49359089033 2.06071269543 1.82742909082 -2.95874066493 20
62 7591.63330458 0.985882190132 1.73532564353 -0.0529394820171 -0.951171454088 1.72319425617 -1.10642513329 2.52745084949 2.48392513504 0.598618119951 1.16709472063 1.37331022452 0.829705941254 2.38955092619 1.09483014972 5
63 7592.1168115 6.98774839941 5.76853083691 -7.69827593168 -1.48061774797 -1.95104179814 1.9718593729 1.09337625027 -0.866448687101 0.0181316369248 -0.383921185818 1.3972000308 -0.400237269502 -0.416704139479 0.999059936876 15
64 7659.26529816 7.17334659231 0.122174312484 -3.30986030916 -1.41669917913 0.910261769588 -0.354296089039 3.07142679244 -0.594556272078 -0.2750124026 0.526241270207 -2.58852967576 -2.63721258417 -2.73142310911 2.27775198003 21
65 7675.3242592 -0.531806696304 1.63397026913 -2.30580292763 1.57549908899 -0.761346756728 0.615629491995 0.620915992881 3.03668326161 1.49044245839 2.60020561494 1.73207546951 -2.54162084135 3.05938154662 1.55493600181 2
66 7779.83005907 6.6115147149 6.74537123233 -3.74373361137 -0.0814004543816 -2.51717902247 1.05630316546 -2.57576147976 -0.400610469111 -2.81655819805 -2.81476927773 0.145602113059 2.96536291425 2.36180931678 -2.80459030208 12
67 7788.50222969 3.40507719723 2.76393150383 -7.33271053468 -0.475536851799 -0.347020472821 -0.57260879097 1.66802529329 2.82331123382 -0.360436801873 1.10057418581 -1.89024656403 -1.91291647659 -0.78083646199 -1.06407276001 4
68 7861.74579962 1.2217081207 1.52512547336 -1.10332494216 1.47418363352 -3.10448947971 0.91566275193 -0.589154123182 -2.55858799669 1.520886456 2.63113463073 0.722868663525 1.59790781238 -2.96666812412 2.05936657312 5
69 7966.97831812 5.68278552985 6.95976957252 0.37816685815 0.702978940059 -0.253596100828 0.127305741409 0.393254567072 1.40045824327 -0.559729321081 2.24604233233 -0.886798715178 -0.315241977085 -2.78876393793 -2.51699500634 18
70 8000.19377776 6.83026974374 5.29346184999 -0.45863691386 -2.12488457591 -2.3070558892 -1.84241696743 1.70591427003 -0.311646322355 -1.69936436828 0.809062863936 2.98124405218 -1.16999126644 -1.79780854722 -0.514184942838 18
71 8017.79643026 6.2669654213 2.03051073874 -6.29682749041 -0.55203358055 1.36454589211 0.725871006085 -0.902172092461 -3.00729400167 -2.72564408384 1.59946551987 -2.93323737707 2.37132231907 -2.53105423779 -2.66063991323 6
72 8051.59252877 6.24909438527 0.028802388864 1.32074997876 -1.37314644799 -2.4216260761 1.87790296395 -0.225599707422 0.709635276704 0.518175648688 -0.176890535551 2.30241048088 2.04679940103 2.14566341068 0.0682294550313 27
73 8130.46564338 -2.55267972926 6.20063546616 0.0696068429618 2.89843112921 -1.49904099443 -1.20437604483 -2.53015981923 -0.316149073872 -1.14576902793 -0.333454556288 -1.40744326249 -0.403942570237 2.52027802731 1.09094517492 17
74 8144.1671969 5.1617512912 0.225453895133 -7.46987564216 1.93263384527 -0.458855090787 0.51530636705 2.24542752812 2.62975007326 -0.627069397075 2.10302012931 -1.13227750267 1.67679226719 0.674608506124 -1.48245309398 24
75 8168.86606506 -1.46153795446 6.28191887657 -7.2348046948 -2.00582227491 -0.0649353710464 0.663278651078 -2.46105183378 -2.1878386069 1.40671791267 -0.795667348958 -2.09062167089 -0.368703138554 1.92275909577 -0.524810007642 16
76 8183.81169135 1.9001567045 -2.08652369957 -2.13828106139 1.62288118849 -1.36154306778 -1.96317697314 2.17970747566 -2.64977883255 0.997434210201 2.00920631449 2.64813572454 -2.64589588886 1.39928856591 0.481665043085 19
77 8216.20765198 3.60505578909 4.89586622144 -6.38920121714 -0.339119182584 -2.34570167306 1.28751465154 -0.933125152393 -2.15756983959 -2.12527733995 -3.00393986978 -2.69245662059 2.70874014258 2.67187564867 0.459958155 4
78 8230.69828621 5.04897685765 7.87817119289 -8.55540287149 -2.65685519347 1.58993291745 -1.29826643999 0.0155142459651 -2.49017502294 2.38083553862 -0.730510033209 -1.35752308905 3.13762828525 2.0808226914 0.979490541757 15
79 8262.83522643 5.85037544955 0.195281156795 -0.43881197607 -1.17685953018 -0.474008996406 0.814388474784 2.23533431838 2.55582757703 -0.915694364312 0.453948231255 2.38545102453 1.35392672091 0.966193820205 -0.947595289667 27
80 8329.52006507 1.9851388146 7.86488493227 -3.97063080675 -2.40260317204 0.384587333091 2.60438422627 -1.01601492424 -1.44203146253 2.0657857767 -0.0450287032896 -1.06912872413 2.78428378612 1.85418667146 0.723354033508 10
81 8383.70324574 6.75359775855 7.18262686282 -4.79176249291 -1.01315039549 0.358201188582 -0.579151891086 1.6036622802 -0.559399226236 -1.70924925148 -2.51488437141 -2.25226914767 -0.0619279368785 -1.03227016427 1.83275228375 12
82 8403.29077897 0.835360157886 8.11994644582 0.693685487638 -0.10539656779 2.49974472582 -1.48879408251 2.23846034047 0.49982080983 -2.92033673351 0.903506287044 -1.07458855989 -2.51032827786 -0.503032366005 -2.77335851235 14
83 8411.33323006 7.17721951496 -1.16630655022 -8.70464962783 -2.71028845652 1.57085730521 -1.34316937653 0.748032023122 2.78512532262 -0.551172721354 -0.972114957077 0.822406134346 2.78461273272 0.414542018892 -2.30409059597 24
84 8588.14498934 3.93826588298 0.927579602099 -8.27177719002 2.53614531125 -1.55510439593 -2.08978188798 0.0193899567613 0.710920912814 -2.78082149604 -2.40149890643 1.4510960736 -2.30847068562 -1.70038236735 -1.53190587468 22
85 8600.12055012 3.79431664244 6.03564441666 -3.41222197748 2.64469284511 -3.0161969271 1.16124257574 -0.740628555763 2.06582893026 1.045388733 -0.0595188767959 0.0174929823739 -2.57420057598 1.75807714851 -0.746777486787 10
86 8604.42043414 3.5719602505 2.58261476335 -2.35630529409 -0.0762140334862 -1.3609311759 -0.15418046461 2.55537939986 1.82736422813 2.32580041558 -1.14435896141 -1.88897814085 1.76901865725 1.16883120519 2.27437185452 1
87 8628.47964636 -1.91201742164 7.78240115241 0.386010818237 -0.355752428842 3.01166062065 1.29543920699 -2.46229375494 -0.519104259972 -0.0303174572568 -2.29898669267 2.20504521068 1.49516281684 -3.04979877286 -1.75830674177 17
88 8639.400728 -0.312093785856 6.64916070241 -4.74117801149 0.0791933625509 2.32206495044 -1.50051173615 -1.35975436421 -0.381950671773 -0.434500165708 -1.4275011068 1.35931815859 -2.9277955716 -1.70601337442 -2.00328743553 11
89 8643.51601428 3.63587274776 1.32751638448 1.04006776655 2.25735970981 -1.53363122399 2.73558282682 0.126441282298 -0.370973892503 -0.901132277292 0.48036434098 0.279797511536 2.23850718909 -2.14432662234 0.134908526943 23
90 8749.92150739 2.72783137856 4.40850862134 -2.0162707957 -1.02951105445 0.709545325771 1.92996420365 -2.17266698023 -1.59202347361 0.237954135983 2.46203066289 -0.61788118099 -2.69282587627 -0.798970867875 -2.24443592764 1
91 8831.84308117 1.78759165065 8.55142196902 -6.62765688864 -2.63069764883 -1.14978409617 -0.221717396073 -0.800584608147 -0.512851364812 -0.0200431831841 3.00836874196 -0.407295673989 -1.8362136275 2.23132999013 1.8968378281 13
92 8856.96407689 2.88692509596 6.39724178461 -2.36595601806 0.159926929411 -2.94023694946 -0.363381590249 -2.12937072635 -0.448616866875 0.491445763271 -2.3681970559 2.48892021536 -1.75352722892 3.09167418117 1.03563048152 10
93 8862.36641562 -0.44627612947 2.21613316573 -1.64474147361 0.96669800601 -1.45081268776 -0.263137211371 2.26982122104 -0.602615459239 -2.20036445524 -0.683230476478 -2.74820095735 -1.38715695903 -1.13344924782 1.60512808977 8
94 8879.04017618 -1.95376723883 3.29732669066 -0.810509559541 0.513786925043 0.0778035405336 -0.465230773573 1.18301719703 -1.02152772214 -0.24674357554 -1.17314955848 2.27512475352 0.320102047411 -2.31510545461 0.829552958728 8
95 8882.39828767 -2.22169993983 1.64367035159 -0.469280147525 1.0427803765 0.770481572358 0.566802599586 -0.451733713752 -2.01417371845 0.270763525531 -1.02382262101 -1.44786460856 -0.609085986288 -2.60383870428 1.52357047377 8
96 8921.02753685 -1.57293544926 1.02498874896 -3.9530423613 2.50048311117 0.505513921212 0.513661093316 -1.58629531969 -2.68214656494 -1.25514553912 0.573580710965 -1.35572744571 -0.285243172499 -1.65882285414 -1.15491112797 20
97 8995.74884122 0.818968948536 0.69950471254 -6.50735526091 -0.97503836639 -1.67454534436 2.75457169588 0.602339897738 -1.28056194926 2.58897235854 -0.31388839507 0.890554612395 -0.577211093654 0.167451337469 -2.33203792464 25
98 9038.14035114 3.78825064639 5.55150235173 -7.74610295752 -1.06844082681 -1.6890092893 1.76981610707 -2.41723951248 2.28543955504 0.065919852506 -2.71785734756 -2.78748065859 -1.71141968506 0.267706988968 -0.00860272266432 13
99 9077.92168362 3.14063531526 7.6566408279 -6.79001954607 -2.26828787732 0.18290963082 1.79371850798 2.69511157482 -0.78347832789 2.67131266517 2.64673971064 1.14809739867 -1.3456174112 -1.27834378941 -2.16369002548 13
100 9083.54657733 2.11106976154 4.93674245544 -6.86570224345 -0.154672189782 0.683812489049 -0.0627081469436 -2.76335709344 -1.59836810028 0.906024668982 -0.596885450906 -2.40628166507 2.9185290106 0.703309837264 -2.23595693817 4
101 9120.25158599 0.152714571242 7.41005108086 -3.80681827115 2.59684512714 -0.375113345857 -2.51771452479 2.05608989019 -1.71646642078 1.85655459057 1.22417590789 1.08759727775 0.945009815163 2.21846419181 -2.17444026517 11
102 9140.21289205 -1.11362264244 3.00611353913 -2.45732954924 0.589552873915 1.05193973717 -0.263770422418 2.87645962801 -0.924171439838 -1.36123750689 -3.09484531299 2.29885221213 1.99550061775 -2.99478677861 -0.266539267913 2
103 9173.48871764 -0.740668021439 6.31331999399 -0.27878807789 -1.22211011602 0.501309284299 1.43718743873 1.13805724659 0.898836595636 -2.06850832442 -2.09986016785 -2.92566352277 -2.76234009492 1.90391787473 3.06717349207 17
104 9176.64773418 1.30221447909 4.93325848718 0.840596556811 -0.853901626163 -0.0844431225371 -1.80956753078 0.42068894224 1.14134515059 -1.98073586269 -1.25874551169 0.61490324236 2.51295699364 0.376066535962 0.674109937832 5
105 9226.71563642 1.61259010017 4.28980272096 -5.62021754047 -2.73418754869 3.03999825548 1.4382630368 -1.7779232845 -0.663971996585 -1.85288328152 1.20489631742 -2.88236841177 -2.54958960123 -0.205705654907 -1.0512745864 4
106 9284.33841529 7.02461436692 4.31522799867 -2.01799566612 1.65423048728 -1.82860122605 3.02338177227 2.18258838872 2.45891209955 0.740601783692 -1.23194648209 -1.39728948066 2.14950496847 0.948538767935 -0.109007304461 3
107 9402.15375337 -0.443919337251 5.06113179897 -5.27862859273 1.91736359274 -1.53012004091 2.30483492749 -0.74420503269 -0.653604099599 -1.20308941752 1.27150678849 0.83439160483 0.33792188654 3.03171065218 -2.23430877801 11
108 9473.88606676 3.98929901989 -0.0705740989999 -5.756254367 -1.79811646498 -1.55677306911 0.257162972967 -1.44917358617 2.27871535429 2.72072890599 0.401393827441 -1.32297793035 -2.36676614633 -2.13189770719 2.08916566755 22
109 9538.63510625 7.49052968516 5.88298783767 -1.3608523133 -2.57721684523 0.586056174428 2.97008990909 -2.21509803303 0.0372141325115 -2.20647631766 3.09788894962 -2.32702720561 -1.45285809699 2.3951143126 1.74006790704 18
110 9568.41009138 -2.46013548012 8.65197530325 -3.85697223297 0.29073087903 -2.8519888877 0.482607974727 -0.854617942476 -2.70448705818 0.605618329112 0.930203749298 -1.96192214938 -1.97217393706 -2.97319303102 -1.50335466001 11
111 9582.26643435 0.225868243623 -1.76007747825 -8.07242358551 1.71284147397 -2.47652050508 2.78211446364 -1.05485297303 -1.65759008946 1.09082715787 2.62356534432 -1.61798134258 1.28393676283 1.40292420798 -0.386936133558 25
112 9592.15928645 -1.28681122121 3.46355134258 -6.1318774817 1.24990309862 0.410774214437 -0.590765926493 -2.73593820372 2.49526678633 -0.532709713618 1.8610580623 1.42883076788 0.666395950277 1.32350195461 -1.94018239507 7
113 9651.42698023 2.46154952184 -2.33091574845 -2.14413623635 2.58341426668 2.66351836219 -2.94118066632 -2.0777351639 2.84777551165 -1.86731710727 2.17588248423 -2.26915772604 1.4373667138 -0.770238415731 -0.170534173694 19
114 9716.18511122 1.0770670123 4.84363343379 -3.70160428498 -0.837175536576 -1.93400849364 2.29565276312 2.49990113506 0.549449362979 -0.383705346438 2.62109989093 -1.53396382592 -2.02375892768 -2.84473404421 1.44127710543 1
115 9721.70343252 -1.49080766687 4.74139014844 -4.641880271 2.56377423161 -0.39663419941 1.84701037785 3.08073710802 -1.1313526748 0.727988097937 -0.909379831804 -1.55655949827 2.31657158843 0.108563309447 -0.431624936103 2
116 9831.11032087 5.11291607528 8.07116394217 -6.48482098374 2.6068251218 1.35663437897 -1.20454525427 -1.8999851412 2.67516734778 -1.85451857134 -0.931772415802 -1.55956895895 0.76570310074 0.753214498594 -1.32759789076 15
117 9941.94891958 2.74062955834 4.5944038572 1.78825718488 1.80037385816 -0.416730511228 0.114268302944 1.63063213653 -1.45068665508 -0.129317879648 -2.80709823935 0.489381561728 -0.698043399959 1.01349053245 -2.99197214964 5
118 10009.632745 -0.416482790937 3.51076794504 -5.1358314321 1.01298542989 -2.62944667768 -1.49212403281 -1.95037609388 -1.65501984298 -0.890537805746 2.87825494222 -2.77821052559 -2.99543835833 2.8465473242 -0.347527060289 2
119 10025.6415022 3.67036186167 8.31355053598 -6.89807541396 0.137195323677 1.49859862231 -2.80783216468 -0.958296527008 0.838430243649 -1.03116889764 1.10047271584 -1.98292942082 1.66432412061 -1.32004301951 0.0682768564847 13
120 10259.1883012 5.34636090901 -0.763293209247 -6.37810149711 2.63197976148 -2.71502356064 -2.86045998882 -0.267102969284 -1.59183869488 -2.3028832148 -1.7422323067 0.812875123832 1.82302283307 -2.47893272713 2.27244220928 24
121 10278.967563 3.16043988217 6.34600434733 -1.8900952566 1.89193881958 -0.274108213425 -1.31287418224 -1.49597886279 2.24483783995 -1.7954296196 2.67616801011 -0.160752761272 1.09863711372 3.11443978165 -2.56781848821 10
122 10330.12523 6.55530114269 8.27828524417 -4.55457909507 2.7163785559 -1.6860320016 -2.56339848412 -1.19940023051 -2.38254687975 1.00600380269 0.866880848142 -2.47606322122 1.73020997597 -0.321529217401 -2.80347444184 12
123 10330.8456839 0.943903578462 6.91500911832 1.01488360768 2.51907556263 1.65681710202 2.67371469415 2.21101127874 -2.47998525485 1.90372482929 -2.14571273452 -0.065021697464 -0.684231752195 0.594899586691 -1.45274578815 14
124 10342.3034602 -1.79687491192 -1.60445011936 -7.63454140617 1.10536672561 -1.50635348169 0.635339220456 1.68348924776 2.58273900084 1.4657630843 -2.8671340134 0.404737483112 -2.77820554647 -2.88294100943 0.787553747938 25
125 10374.652712 4.94593900704 -0.843400643354 -2.61511135856 -2.2333239637 0.634105969538 0.476685960103 2.5538871392 -2.99178875826 1.30167950979 2.59760092534 0.0744502674475 2.14930185049 -1.7250775682 -0.276627208811 21
126 10380.9278947 3.68110064188 7.12704878268 -0.208330127466 -2.56434164112 -3.04946360424 0.399576421806 1.33380336466 -2.38729956485 1.41263287227 -1.89574466887 1.77853669778 2.70135033424 0.0423366720573 -0.862513855399 14
127 10385.9992113 -1.83036943364 4.98791244548 -2.80782582214 0.140364825057 -0.60692208081 -1.62561985946 -1.08380601581 0.217015552401 2.3118839076 1.28295687489 1.38722402992 -0.960913274307 1.06867623819 -0.307315878462 2
128 10401.6334793 -0.611090099693 8.5226069969 -7.51065863149 2.1200918845 0.521373904388 -1.87528432791 -1.48971966543 0.0148616144307 1.22829703389 -2.91220267825 -2.8304479931 2.20178997751 2.38868352051 -0.627153773227 16
129 10609.8537111 8.12638717082 3.96681380711 -0.462770733481 2.6710414972 -2.428333145 -2.8088522608 1.11323817473 -1.57316204001 1.62553199954 1.18607447641 1.0108203751 1.41827184638 -0.939347510015 -2.64320124928 9
130 10635.4309888 2.46141675039 -2.10188313408 -7.3673769464 -3.00749840561 1.63771349578 1.26268427028 -0.652404224925 2.52321878542 0.201062536487 0.339169217638 3.0535083532 2.82331185474 -2.16452017868 2.28901262652 22
131 10819.1719382 5.9519590854 -2.08025736335 -8.77849324641 0.464198465757 -0.233784129985 -0.352937243855 -0.617375037564 0.405089911279 2.58684961657 2.97439425104 2.55816122845 0.502433284374 -0.35471209372 2.15214565147 24
132 10843.9631599 2.97485818538 6.75438261525 -0.0531909887114 1.54940122803 -1.12593522206 -1.39356344811 -0.348667173547 -2.53224754676 -2.81647688558 0.473486789998 -3.0013018108 -0.969945659979 2.3220669246 0.506752962859 14
133 10852.6238575 4.5497214848 4.16815033648 -0.575847153392 3.06253121701 -1.70511850234 2.05882390138 -0.258872474302 0.381653296193 1.44231828999 -0.850737543831 -0.981920563277 -0.687319125365 1.25046962402 -1.26984937174 9
134 10993.5574421 -0.889021461797 1.79675170932 -8.72922652041 -0.336461142351 3.02593971628 -2.41240222559 -2.25759417143 -0.870833378597 -0.211225922289 -1.90556661745 2.64738977712 -1.46800848839 1.70878903222 3.13313745287 7
135 11046.0551121 1.03684185517 6.53268341985 -7.1348552288 1.24787669082 -0.232534073254 -1.38938994998 1.30982394341 1.25507888794 -1.45478817615 -1.87157349653 0.517912237932 -2.57612722285 1.21993150681 1.16131901703 13
136 11109.3859056 6.91899514693 7.52126017572 -2.3034270065 2.46980267884 0.534090506314 -2.00038976521 -0.909241887825 2.60668339777 1.29180287128 -1.80131470203 1.58724322287 2.21497286597 -2.36092747869 2.33671827148 12
137 11114.1790603 5.94971399035 8.24384472988 -2.70921352488 2.22036505724 -0.650398647685 1.29787822029 -1.21373423835 1.8143165553 -2.91244300193 -0.832206345035 0.154785082931 2.51621432117 0.173465342605 0.701116185198 12
138 11121.2586003 5.13475579248 5.78217742655 0.775516549878 2.47875806992 0.417519117103 2.79631347289 -3.03638618792 -1.63495528206 -0.978540223148 -1.52932638001 0.0475347329317 0.837748039543 -0.831319537341 1.43801115771 18
139 11249.1699027 2.58878939866 6.07018897394 1.23506981544 3.08870697276 1.19560510028 -2.64901465689 -0.621241288588 -0.273709219231 -2.41997565463 -3.05805146494 -0.24965764144 -0.514352500808 1.94910284986 -1.87012533539 14
140 11262.7775399 -2.30891850419 5.72959116536 -0.539529375186 0.367165278683 1.63505673934 -0.342030904797 2.73668218174 -2.29330612307 0.919539711331 0.479657367731 1.75709537998 -0.323963282709 -1.81705169825 0.567825931153 17
141 11375.2058564 -1.07267212688 2.94460259139 -8.73922762843 0.88436708095 -1.87809410909 3.00602407899 1.04479261613 1.26531209773 1.67629540032 0.85692213522 -0.123591482728 -0.692183643988 -2.69350654288 -0.01203780304 7
142 11431.0563495 -1.68998518823 6.84987021125 -5.61225739401 1.3195281807 -0.558615162413 -2.84059634007 -1.97962360811 0.923029711457 -0.562674344523 -1.50242713694 0.717481971127 1.55614984852 0.1295503854 -1.26019768964 16
143 11651.3464903 -2.72419935342 3.40392125166 -1.13154510229 1.49948440564 -2.09712897443 3.11837068622 -0.957578041115 -3.01227429832 3.12287367536 -0.0485982534622 2.10557264127 -2.57308025414 -0.844967422785 -2.55253781096 8
144 11682.550834 7.56250379267 6.7926920989 1.32613125755 -2.86902453879 -0.671060120111 -1.44098082853 1.71823098991 -1.97842845366 -3.07650730962 -0.308845029495 -0.0531777080328 2.66335710905 1.70181488688 -2.73613325948 18
145 11683.417814 4.7027867695 4.55054059056 1.51723895357 -3.01731922477 2.9855616294 1.74528172136 1.24097249231 -1.74772857834 2.05918353885 -2.22520928129 -2.47599074466 2.01331046795 -1.84949766765 2.85970732012 9
146 11886.1408549 -1.67295571571 8.40332819424 -5.57225078824 -2.63954065484 0.331291771621 -1.86957954348 2.96856264206 1.10750785452 -1.72575320792 1.00128833855 -1.88940365754 0.699735831879 0.492599875171 1.71430430283 16
147 11945.4205848 4.47164124819 7.94156701388 -3.15430238463 -0.976611661192 0.287706847994 2.53401398201 -1.63189788675 -0.47299844871 2.45830284118 -0.595886197895 -1.265361828 1.78664113598 -2.60461706313 -0.540946983177 10
148 12473.9683483 7.29497114123 7.34337024251 -6.51510213213 1.32516346618 1.72154618686 1.33039755667 0.645147838907 1.59854901432 -1.25969968341 0.630151547654 0.508189136173 -2.59644978374 2.6105192291 0.246208278425 15
149 12647.5989736 -0.291398800826 8.20889994557 -6.1990570174 0.612420814269 1.50851150829 -3.00073827694 -2.01027722658 1.98258198198 2.90575599232 -0.507247699157 -0.920873432814 2.25161829667 -1.18655952153 -2.05719385328 16
150 12876.4051535 2.07480911526 7.22606535328 -0.116256356767 1.90843328542 -3.12354581145 1.3520863709 -0.721102798012 -2.32803654582 -1.24191429676 -1.79812607135 -2.78035965476 1.12218600288 -1.4871900289 2.70609149438 14
