 2.42520835817 -3.86545181195 4.33952278485 2.49159404328 0.0921583183212 -2.5133835705 3.11027713691 1.87811187463 -2.92158240936 -0.79743202329 -2.38193957261 2.69255157389 -2.57811393128 -0.126690077752

1 979.011140522 -4.80536863786 3.58712116752 -4.04574263794 -2.42635001808 2.88896933787 2.96738851057 0.940529531817 0.242699510052 1.97810401609 2.2823092823 0.60334797794 -2.62590354434 3.08912207767 1.94523024903 2
2 1726.68995184 -5.6960578504 2.80831436974 1.11308506856 -2.10812959809 -2.29699806712 0.7861358989 2.60154719324 2.18127116921 1.44829793404 -1.84009289368 -2.74866776189 -2.95760135078 -2.74393602161 2.88005054994 8
3 1747.7371946 -5.74625528372 2.14704068334 0.339567747037 -1.88423898289 -2.17741691593 1.2265117281 -1.54381538506 -2.44577374134 2.88484403028 -0.292542538108 2.56191721028 -1.34408273409 -1.6922314001 -0.618922074885 8
4 2516.25264843 1.16990394068 5.09406850353 -7.20043143581 -2.9147099123 2.84256327196 0.769731219284 -2.62540871644 1.04211852298 2.26723855975 -1.45265233491 -0.3330193236 -2.15218457762 0.71256676407 2.15552359363 6
5 3496.07160453 0.762866999972 0.104794550074 -3.43047730471 -1.48739679959 -1.76970188497 1.68422019612 -0.266383471314 -2.78349718748 -1.02024221399 -2.82028218776 2.89402025687 -0.295862824701 2.21729777314 -2.02716865403 21
6 4027.97366461 -2.97327697089 3.59346919068 0.145924415368 -2.80097119455 -0.592249064368 1.18529445858 -1.68462378698 0.934913862758 2.99923490339 -1.23760915728 -2.87736912765 -2.48597421958 0.907797227987 -1.02605235118 5
7 4388.74851573 -4.98947852442 -0.457707170039 0.649313007344 3.07428581405 1.66680286846 -1.90446421877 0.677434527183 1.09513121087 -1.19209262181 -2.77303581166 0.531682801169 -1.68598153505 -1.29259002345 -0.883220689451 26
8 4434.5783508 -6.625135748 -0.148579546439 -2.5156602981 -2.67070044782 1.20321688634 1.01341783378 0.669303407484 -0.600732207804 -1.25493906737 0.979126630451 -1.63519163905 -2.68979522026 -2.48272454891 -1.33107315633 20
9 4578.38582546 0.473440505375 1.97414647399 -2.4520156429 0.90033306681 2.43422734622 1.93780426337 -1.83827230893 -1.28791814135 -2.88749898002 -1.5005143327 2.19766334496 0.280095653376 1.34500609416 -1.24478691053 27
10 4587.87785219 -6.44611588014 -1.30885214346 -1.01385531058 -1.19252125625 0.358706036224 2.29919571612 0.613321196273 0.140523140874 2.4035764969 -3.04182404735 -0.191898555623 2.79776453787 2.28718029452 -2.42572478598 26
11 4690.88574179 -3.55796918243 2.45827323732 -7.71730633452 -2.39144576707 -2.3840010245 0.733540522125 1.8932469118 -1.65979739159 3.0670485207 -2.02234527158 -2.84365706761 -2.83513793437 0.971858540166 2.21549342783 4
12 4798.97795435 -1.69138301829 2.01095925692 -7.19322108315 0.715755834529 2.85943428746 -1.44454613091 -2.93435995582 2.54395034683 -2.06680591794 -1.89074297283 -1.99050214803 -0.518771541758 2.47106131179 2.23048182365 22
13 4937.7088776 0.505163748287 4.44462406373 -5.88942353376 0.685400235587 -0.322397595611 -2.32565266726 1.40245868106 1.01971651286 2.6205624734 -1.73594384516 -1.03202050387 -2.69874274323 2.96409186094 1.91396115381 3
14 4976.57198338 -1.39243499233 -1.43871582006 -3.57576802612 -2.78994383303 1.85260134608 -0.349050386682 1.34566097998 -0.43274312019 0.922499658774 1.80003853042 0.796952809018 1.10563810797 -0.280339455429 1.43074273468 19
15 5067.55979781 -1.45023872396 4.62271240067 -4.84087347676 -3.09839776183 2.63482653269 -2.42551109576 2.14085255619 2.51879974649 -2.29924522176 2.58914834382 1.78066769998 -1.587470639 -0.899477117616 -0.945958300164 1
16 5239.73608642 0.914979287339 1.6314665547 -7.80960345084 3.01838089544 -0.265507497638 0.977725909886 2.19046874661 -1.78751688289 2.21080364145 0.195815718234 1.36634307841 2.47129885517 -2.51370021234 1.04135296171 24
17 5349.20728996 -1.76479387344 -1.19014437725 -7.8186120744 -0.926652984983 0.218114393142 -2.97262237651 -0.0848906189462 1.27323138479 -0.155105984765 -2.63072888287 -1.84844117328 -1.75399242467 1.14464035612 -3.0526657401 22
18 5351.51952845 -5.98333284549 0.154594887482 -1.63368165381 -1.28710878685 -0.793024684106 2.71797895236 0.433042899444 -1.49695939669 2.88089878923 -1.86897527006 -1.98054204365 1.63386697243 -0.536137304048 -1.68867231794 26
19 5414.03223094 -5.3841058439 6.26826585889 0.388212732001 -2.89836853281 0.623717973192 0.349118821663 -2.62435743263 -2.03544009678 -1.06690948208 -0.98717978155 -0.822477299239 1.63569327229 -2.96661216006 1.53097549903 17
20 5428.52230221 -3.92270482401 -0.329381731239 -0.193058891062 2.9053959698 -1.93175116735 0.298158584743 2.35439311433 -1.18445618587 -0.699975094139 -2.63364799513 -0.698217652844 0.948865614614 -1.73025835619 -1.09703150576 23
21 5491.37672663 -6.06181888946 -0.836886580191 -1.64018657698 2.69776313736 -0.103604262184 -2.76008772024 0.94820747528 0.256272329612 0.573435326724 -1.90984593504 2.85367823241 2.84890720163 2.38149246035 1.75459497165 26
22 5613.60589453 -6.53595694145 4.27135758834 -5.43772660527 -2.55564165588 2.64994908755 2.25306903061 0.126583174241 -0.219805735002 2.09324274211 -2.73138873815 1.35033159224 -1.51925036719 2.41483149227 0.0632998170673 2
23 5632.97825265 -0.706737045548 7.50432176615 -3.69896821399 -2.51115970079 -0.990970565715 -1.07590744785 -2.38123993219 3.04857052975 1.30616800485 1.33540809866 -0.936652417468 -1.71297528238 -1.11665212395 -1.20721083471 10
24 5799.07620008 -1.10194275727 1.95992417483 -1.21820848773 2.14701042352 1.16768575726 -0.527436637719 -1.04625060817 -0.686102722263 3.05965876666 -0.84585294284 2.29476839052 -0.0489008423445 -2.78734959928 -2.18444417404 23
25 6051.29899121 -4.70474926042 0.426222296255 -2.78849849241 1.59428634159 0.46443954942 -1.02244310621 -0.709616908586 -1.77901560302 -1.43413927043 0.699936792044 0.123704073981 2.3969755337 -0.396386501667 0.912887340776 20
26 6097.42484348 -4.56017896982 0.551365250763 -4.00376843126 -1.78690305071 0.488439309642 -1.80725493713 -1.33327224277 0.251407691202 -2.95685845168 2.8781456008 2.04943678777 0.400730839766 -0.216161032909 2.2135973531 20
27 6121.16925187 2.84096867696 3.35539684803 -3.87491819725 1.47615101423 0.408323821368 -1.56441338584 -0.612582150298 2.92412583071 2.78634323711 1.0390164899 2.99878149822 0.931510657146 -0.799770411264 0.125333362755 3
28 6163.54317492 -5.89463380429 1.13451092089 -4.57716065067 2.33724811193 -1.84933843798 2.0679378934 0.827164293454 0.745976454989 -1.53879503617 2.10069899283 0.766940284548 2.41833071826 -0.0671969409635 0.704914763541 20
29 6165.84421683 -2.95092281243 0.117091966242 -2.70966222988 -1.9167176367 -1.65550596287 -1.84271595945 3.07820246269 -0.273679056819 1.82709853481 -1.83121529571 2.31245666595 -2.84700886975 0.323467815076 -1.97348004588 19
30 6185.41422966 -6.68547280436 -0.518071329224 -3.68141287805 0.715598840216 -1.95634072042 1.27985054267 -0.461698860137 2.85658589385 -0.232951330525 1.89609510957 1.51643261842 -1.67404231995 2.23784125556 0.851620549706 20
31 6412.834899 1.02872114796 0.282964024078 -6.90514943703 0.84255171314 3.10589412188 1.0203716046 -2.37744294817 -0.451654435065 -0.926893554724 -1.61834947963 2.21885806429 0.6016215585 2.74895808919 -2.07585952009 24
32 6480.1448307 -2.0699010915 7.97620745367 -2.86966668524 3.09421155905 0.712153171642 0.811153124458 -1.88286862523 -3.03970333508 -0.238606861522 -1.26627108745 -3.09985482419 2.51639970257 -0.901866975 3.03165892624 10
33 6484.74849969 3.01046660515 0.813003684355 -6.06025236231 0.0630546364201 -2.06986009613 -1.78384496148 -2.13286375454 2.42206675097 -2.73583750403 -2.40463041015 -0.700624638275 -2.51861207775 2.1763874886 0.651734961151 21
34 6506.85654754 2.26009142331 0.0335440683748 -5.93505998032 -0.191968800198 -1.86106224956 -2.59684630141 -0.365806128916 2.51087463436 0.378218996042 1.51999130163 -1.22784098896 0.690844665966 1.05477797063 2.37720734168 21
35 6534.67709268 0.347473409043 5.05787614829 -3.60623330688 2.98811359268 0.871668140804 2.27891461342 2.16581888819 -0.0422102582424 -1.28036719011 2.63352714466 2.80516827093 -2.12244131309 1.89655898578 0.44303311295 3
36 6540.85878879 1.08384324873 -0.953058010993 -4.58421838402 -1.62457850144 1.08420024379 -2.91592635134 -2.91159709015 1.15627842052 2.35352848325 -2.37455404955 -1.76880860104 0.173412217987 2.86871132618 0.951466491562 21
37 6643.05069862 -3.46403990178 3.35226690677 -6.52955089953 0.908031653345 1.01853408186 2.84472364808 -3.05897529839 2.41069617864 0.0415382359209 1.54113627505 2.46321810784 2.19946504464 -0.960554446181 2.75228820849 4
38 6651.06940371 -1.39246453763 0.823686744609 -5.97063014028 0.159925411127 -0.994500388583 2.98760388809 -1.08973650374 1.34760422324 0.469411299309 2.29567105128 -2.51022367455 -0.836450217634 -2.92272920571 1.7825507462 19
39 6719.5241545 -1.90198586174 7.91565685393 -7.16634736116 -1.50786850017 -2.11368769349 3.12579474327 0.503847632383 2.60190458176 2.70449894272 -2.27422406257 2.96060714399 -2.87006652855 2.73848348913 3.11249476693 13
40 6770.49863273 -7.78320739446 3.68911696414 0.369737160161 -1.61026553558 -0.346778435978 2.15436253958 -1.21005360372 -2.70039702632 3.07980124877 1.7738030629 0.0357485467635 -2.62000370515 -2.02102513645 1.1366669226 8
41 6832.83387748 -3.62912064303 1.91454070818 0.292981517043 2.68741945517 1.99759040177 -0.872444240062 -1.4733480957 -1.94785325728 0.711801188212 2.94594026763 1.7693827258 0.133305166273 -0.475988852947 2.60775043303 23
42 6835.83144826 -2.24424038932 -1.50983712929 0.0896455907488 0.282036722311 0.0980988339675 -2.57026794814 -0.652337789004 -2.83999918373 -0.487025127714 -0.456458254145 -0.535881581497 -2.0813815038 -2.47580384502 0.733691082824 23
43 6840.64381434 -2.06637248617 6.48024860404 -9.60410933862 -2.64697116224 -3.04581070856 -1.42825238953 1.41006765917 2.86192075557 -0.297498222642 -0.872299837302 -1.34606083736 1.99857503731 1.48098143171 2.67844913638 13
44 6848.08499685 -3.99321919802 -0.660591633524 -0.129571491763 1.91064351575 -0.943554224362 2.39072534908 3.02138614322 -0.4178017442 -2.75862159153 0.867309503737 -0.648793215269 -3.06283443907 -1.97770149767 -1.89612915702 23
45 6900.74264602 1.18032355067 6.04884880722 -3.64880013123 0.994683173808 -1.47396433857 -2.55261579352 -1.86382906911 2.75836300514 -0.00695486583173 0.707011784346 -1.81115739747 1.81242554994 -0.777334990196 0.325415358191 12
46 6931.91081521 -2.33247878547 7.47096807301 -5.53308624159 -0.319320592707 -2.44114784306 0.400464596481 1.18019181248 -0.291249119188 -2.16455749953 0.542701070124 1.39273325957 -1.35029335935 1.15801124644 0.416712358986 10
47 6947.21415974 2.88265054827 3.99655877375 -6.50558613307 1.16130787919 -0.954857297634 1.43160653767 -0.319775262443 -1.84859893687 -1.37297783432 0.6459133006 0.118714989567 0.299360216345 2.98437004652 -1.92518938621 6
48 6982.12358871 -0.614223814058 -1.00619006328 -9.55842199831 -0.646023904246 2.87195493013 -1.83195562581 2.53768506359 -0.68708449816 0.999378432543 0.135238467438 1.40547315342 2.91192555988 -2.85426912506 -2.92710413407 22
49 7035.93371948 -2.33212758071 2.39891099819 -5.55690562324 -0.0543661461289 1.09911437086 2.79915121963 -2.05890034453 -1.02790527431 -2.74337780267 2.23915657438 -0.846042076731 1.82073579713 -3.03435890513 -2.45576805573 1
50 7055.03289403 -4.50795884032 5.18188371727 -3.07460099079 -0.902571339301 -0.256813525348 -1.47220510725 2.13698179065 2.99150501967 -0.666228694094 -0.541778770306 0.103080216091 -1.12795520469 -1.54394038526 2.54982602528 2
51 7076.87966504 0.251159142639 7.64036428562 -2.13505771545 -2.53813454752 -1.00447634177 -2.3793326486 -1.14970449377 -1.65948735744 2.07030307471 -0.424201546106 -2.0533956704 -0.405741736696 -2.1379302292 1.70305050626 18
52 7099.51693958 -5.49078881748 5.18372993951 -7.00233397507 -1.80832864622 -2.16525473678 -2.29577624314 1.53623112248 2.84835349473 -2.87900383013 -2.14239720775 1.36914806794 2.94385904899 1.84505967889 -2.16722441711 7
53 7104.52441853 0.397368705673 2.03949481027 -1.3443218033 1.02428281133 -2.68907920188 2.41947372339 1.53619607847 1.46121920325 -2.91793155363 2.36073836448 2.36347778093 2.21970678602 0.481660346846 0.240652062458 9
54 7158.2650001 -0.218527011712 1.49906315751 -4.20134872766 -1.00957794371 0.956691500335 1.53124745886 2.56436055357 -0.712062996006 -0.970889849027 2.43557002523 -1.98782335695 -0.33566445751 1.02432330977 1.32072934836 21
55 7239.19772938 2.68032146712 4.33419089278 -8.6046998998 1.53839910662 -1.26022538802 0.142594309186 2.90839414256 1.27444832437 2.48502125176 -3.0863906497 0.0211022460771 1.82305499162 -2.78520457272 -1.017881563 6
56 7284.20561971 -0.504753113327 6.88124346637 -5.18308560286 -0.404327541248 0.875866850452 1.38433012777 3.10426329339 0.567185542588 -1.26296211192 2.77878921091 -3.06345196826 3.03780026075 1.41143082153 0.977007681217 12
57 7356.20373859 -1.33433425292 7.58630404711 -1.15832319825 -2.065777483 3.09567547667 0.366993277883 0.563054799909 -1.37058292914 1.64477582652 -2.42334390947 0.255898304261 -2.21510007965 0.450083769437 -2.47935591435 14
58 7356.47233224 -2.13277625193 4.79278134352 -0.599466964901 1.27418811933 0.793995104253 0.870433048802 -1.92190720726 2.68425148877 -0.380427222642 0.933219833895 -0.819059513458 -1.03810509229 -0.608647243106 0.133214266571 5
59 7395.08479426 0.967703121225 -0.799945111485 -1.73295819717 -2.9680254098 -0.962117566563 2.82571024513 -1.97593027273 1.11968439531 0.322375088762 0.0829747682567 1.63665611227 -2.3765354243 -3.10874902073 -0.169735992959 27
60 7419.75256744 -2.97739373423 5.40881224523 -1.4163471822 -2.88370951495 -0.217762944078 -1.97798782984 1.80819899753 -2.67553878459 0.085357529539 0.709839769842 -1.3588496043 0.114373095137 -2.34333915988 -2.35408362678 5
61 7446.27456732 2.34893202916 2.87628027073 -5.45864244348 -1.11181552823 -3.01459506454 2.79987952157 3.09492800263 -3.00550248686 2.2833017022 -3.04808660091 -2.16832901675 -1.59020495937 2.49130843645 0.248275803475 3
62 7458.55229299 1.01236569155 7.26785673682 -9.10384377128 -0.748100654213 -2.27631471259 -0.800805767859 -1.6699020459 -1.48070729685 1.64501234078 0.51733173224 0.966105697151 2.68605770798 -0.953706802932 -1.8484673231 15
63 7467.80268743 -4.03057585295 2.52151826828 -5.46749758018 2.56607713634 3.12448678391 2.92343485455 0.217364221026 1.73725036237 2.63529335921 -1.0754009602 1.70755603961 -1.47992838705 -0.694992316335 2.02963075153 1
64 7509.14110098 -1.60693916959 4.62836509169 -9.62071064141 -1.74226454428 1.88058112386 -1.30059732875 -2.03136796685 1.08457663958 -0.220736924723 -2.51913138554 -2.68208392525 -1.17130617707 -2.31008034887 0.748678874722 4
65 7564.6773057 -2.1937474128 9.18008351828 -6.93976784645 -2.28236272944 0.55277208592 2.30830889389 -1.41335561448 -0.57630447732 -3.12810834504 1.59516406554 2.75532082789 -0.442149658632 -2.27901840454 2.39222547271 13
66 7595.99186031 0.973326245599 2.68860803782 -6.25123564477 -0.0340549902028 -2.00487795525 2.10562077434 2.85189857457 3.05002005722 -1.30411659396 -1.7046585681 1.25029056446 1.11838636176 -0.920271429482 -0.668833031241 6
67 7754.66043276 2.11193475776 0.463654634378 -9.24491645155 -2.13929251746 1.41854048327 -2.84820347545 -0.310372051542 -1.39263218798 -0.0521037915183 -1.81491172518 0.0237636070397 -2.14055512695 1.47437422594 -2.80005823094 24
68 7814.33523065 0.830985136831 4.01875445461 -5.86160229497 -0.600583205101 -1.83034291945 1.91783443023 -1.77096181021 1.29282593429 2.60052327085 2.75155396019 -1.87340602982 3.13951270323 1.86199702285 0.939707291224 3
69 7870.45887385 0.859102568615 8.32230948352 -9.04218266077 -0.99618106568 2.30236672742 -0.499376583537 2.17578918601 0.665149248452 -1.08967148231 2.73542567504 2.36864798039 0.785656278259 -0.721955873403 0.527481809628 15
70 7892.40826853 0.332636059543 6.46886835611 -9.70468942357 0.266182780284 -3.01236759508 2.44613871959 -2.14237935768 2.57199553317 0.81787453665 1.41470857681 -1.71734721659 2.73687380872 1.32285049613 -2.7533922702 15
71 7898.82009414 -5.7132555775 1.40309960038 -7.13925487457 -1.485642625 -1.62612439872 1.1085620927 -1.10583018935 1.14192046059 1.34364504398 -0.776310679215 3.09863552684 1.95625555848 2.79875583491 -0.187061106917 25
72 7933.16920986 1.57549006826 2.57196022414 1.05504708413 0.839722187565 2.91497655622 0.596573425021 -3.08682276183 1.17584155073 -2.73853205537 -0.336646467845 -0.462930709269 0.682448120721 2.69100884336 -0.440016819544 9
73 7989.6161446 -3.85575359166 1.51192333715 -4.24786361674 0.708499360631 -0.0422922506474 -0.121734606741 -0.471614665955 0.266062552775 -1.14682947474 2.61710219944 0.557719457567 1.35404100336 -2.55507751416 -0.276592274223 19
74 8091.10453332 -7.63618237892 -1.30581411306 -7.33847894662 1.64780830685 0.658718988281 -1.09135001976 2.85776710887 1.79320001598 -2.44905793974 -0.484426427261 -1.64748938291 -2.39628727456 -2.93931784405 0.894451767918 25
75 8099.40536053 -1.38520771708 2.46385196416 -2.59711251818 -0.0333581110337 2.69337497721 -2.34199618916 3.08226410074 0.292484154844 -3.12917170265 -2.09453339335 -1.9237019783 -1.52740419742 1.95197956595 1.99190459416 1
76 8110.05731959 -6.99414531213 5.31243648829 -7.69049572925 2.32426409879 -0.758580882121 1.87319836936 -1.6751499146 1.92696165724 -1.16075890183 1.94627395322 -0.917577288761 -0.918886761742 2.29702869706 2.01595271771 7
77 8132.21463861 0.470805263137 1.95478831279 -9.52938403753 2.74115107206 2.82513391312 2.91973060655 -3.01994586545 -1.45367063933 1.90750182024 2.11519771059 1.26285941448 -3.02516721932 -0.295039530104 2.66170639186 24
78 8155.81250883 0.671123481589 2.95081995889 -1.28892866273 0.467875506097 1.36299951276 1.8281844502 -2.66125106638 -2.02345169273 -2.21580960873 1.04368429635 -1.01783880405 2.75170660722 1.19216900415 -2.83824972338 9
79 8157.07954903 -6.32391566663 0.174540830286 0.719348124203 0.272701608822 -0.780500640994 0.473757032728 2.39425719066 2.33669576993 -2.72880599134 -3.06873263954 2.56547682235 -0.9468582767 1.40751542821 2.95875516704 26
80 8263.10833513 0.859018082867 5.90346560152 -8.34407349749 1.42743421719 -2.39820008429 1.34529951431 2.39933155065 -1.67000681164 0.649476727215 1.68116343254 -3.13432451696 -1.22680699708 -1.73237971565 1.34372170345 15
81 8280.57092174 0.162470230791 7.1679782113 -6.99129544547 1.52380819438 1.67479064836 -2.79824761371 1.76060168068 0.464466640324 1.27148428099 -2.0955575675 0.386695125259 -0.515010439593 2.08111148654 -0.204596197371 15
82 8303.78225435 -3.98649367177 8.39377964976 -4.28725684423 -2.86684477849 2.38585668381 -2.66803238584 1.66352183439 0.92382196917 2.16916460811 1.79473219007 2.99330625149 -0.988020250937 -0.293154273594 -2.64874036459 10
83 8351.36276175 -3.27604604813 4.8971995969 -8.83437340472 -1.79901046388 1.58626218424 1.07101991867 -1.21603108568 1.4875675173 0.582485169849 2.51635231127 2.35920460537 -1.12624783848 2.02352460871 2.6434566607 4
84 8368.61147513 0.914039109636 3.01762180357 -2.3868387247 2.14575077665 -2.44238693845 -2.40122982346 0.362614159584 -2.8632371832 2.45328652292 0.461398839203 2.26377216572 0.387619223706 -0.794988414281 1.85599233294 9
85 8406.96225602 1.27099799997 2.74251640956 -5.5066297917 -0.579918586683 -2.80941337755 -0.0486976183095 0.186414221934 2.99414198253 1.44059431935 1.15094971107 -0.168826806668 2.24306325598 1.67921779769 0.601679200515 3
86 8433.02968473 -3.07750051899 1.7302475601 -5.72005490201 -0.499421982027 -2.12570894574 -2.9143254877 -1.01969366888 -2.69974798028 -1.27574380661 0.309425087637 1.93053756327 1.90083085379 0.918116671479 -1.34378950986 19
87 8531.96684786 -4.0823018587 4.66655715977 -9.27667931386 -2.90283555643 2.61658200643 2.885886325 2.54052731598 -0.55767351785 -1.60556083672 -1.7269199358 2.43724360393 -2.14256203792 0.378503286806 1.08138305219 4
88 8633.60258987 -5.46290435575 6.77920733609 -1.69765704423 -1.03624294213 0.531860018583 2.71413188874 1.23567659164 -2.50466672905 0.049160965354 2.01297231388 -2.96305539953 -0.211984501607 -0.844945752269 -2.7490943224 17
89 8648.2479796 -7.10668126908 7.06725828496 -9.32129510157 -1.86339034052 -0.947342674711 -0.312556335263 1.49399738371 0.231913716001 -2.22349026167 -0.205575635053 2.85468980927 2.73949039829 -1.48119847383 2.18992801193 16
90 8667.58779702 -4.6472939592 5.49768642827 -7.5193329119 -1.09920531981 0.499773712584 -2.87310546528 -1.52894667561 -1.58961731752 -1.44195472857 2.08707109807 3.04119362292 2.64610958015 2.82992719056 0.257383894842 7
91 8735.07093769 0.760917606924 5.08128298776 -7.29818684122 -1.36099466776 2.84111397667 -1.36482329177 2.03131392605 -3.04989116806 0.505800346892 0.303952284976 -2.36800144018 3.08320303173 -1.23802950855 0.472036932194 6
92 8820.8863718 -5.35345688305 7.39073700284 -6.6726666945 -1.18427194091 -2.51042505398 2.24893743691 0.157610537807 -0.583509338632 0.0681205688733 -1.80964768948 -2.38913986729 0.917971948689 -0.600964842709 -0.097307995726 16
93 8827.89958801 -3.65581824699 7.68671812774 -8.99039222233 2.0835680936 0.414675101533 2.97438994476 2.35384705383 0.683120769806 0.325757695351 -1.30093482723 -0.534345240668 -1.67712298708 -3.01949057483 -0.895662583625 13
94 8831.10975883 -5.33849668839 7.48821016488 -4.82724474782 -1.01803131072 3.13601535053 -1.93126642584 0.919659951581 2.29258418053 2.61275768658 -0.373332122084 -2.71229085977 -0.494385964821 2.0504892046 -2.65568516361 11
95 8855.98876138 -2.96198481552 4.85992355064 -2.14175165438 0.841521037657 -0.952422717336 -2.25867370925 2.16187603952 1.37036875669 -2.11625030417 0.472953908614 2.38576062728 1.64155851531 1.15070335119 0.402066663584 5
96 9045.36425323 -6.19041541752 -0.82887803259 -6.91663539159 -1.79656144 2.77397805164 -1.99613575894 -0.530153648607 0.995995612721 1.92351407409 -2.79453278349 -2.76520246893 -0.360039486438 1.20869016398 -0.50678854168 25
97 9063.59137177 -4.08920939917 0.169666698447 -8.21702178196 -1.45504454808 3.11925909327 -0.958501453849 -2.23382810949 -0.316574799592 0.7992613944 -0.939477905491 -0.363042074358 -0.116060853219 1.81648678244 0.150822746859 22
98 9067.53979088 0.33620820868 8.22530794327 -1.28619303758 -1.85535587197 -1.28743459156 1.34994488059 -1.67135059993 1.73495114808 2.3571341428 1.91310174833 0.120635085749 -0.0751059959513 -1.21238925315 0.540758064378 18
99 9290.22789974 -7.32320345858 7.28177689412 -7.21492300069 -2.87699726352 0.355988179698 -2.75882242189 1.96864737434 1.6434051261 2.2171754208 2.88392147642 -2.58504413361 2.73493601681 -2.20884847628 2.97042623311 16
100 9292.87630629 -6.02262531512 2.43179730348 -7.33869351502 -1.71122121513 -1.7412233493 2.52945102303 -2.98988020407 -0.825736659233 -2.95671387017 2.95726567549 -2.61633270428 -1.38954224683 1.8202811183 -1.26348958131 7
101 9340.18368083 -5.38263447252 6.80827804615 -5.51404655231 0.0319588623348 2.46691493935 1.63559244594 -0.842905076827 -1.52734001908 -0.110637770014 -1.15760983468 -0.161929705497 1.81318952575 0.595862316131 0.504122468146 11
102 9347.16245166 -7.2976556896 8.91247580436 -3.61695143784 2.57873514706 2.33959020524 1.63123365677 -0.278320090216 -1.30898775497 -2.49411927284 2.34793131736 -1.04250566061 -3.0193017823 0.610527106399 -2.52853879423 11
103 9347.2908157 2.49015581236 2.82505260245 -0.494334921266 0.277206917648 -0.620053627629 1.64626288711 -0.255506870247 2.40153580656 0.946807329383 -1.57935920625 -0.542262033437 -0.663403361018 -2.69688667527 -2.11598727482 9
104 9351.75345519 -3.092956762 5.15848051105 -3.90228175063 2.51177634281 1.20548069172 -1.1084420312 -0.842480360341 3.00099877518 -1.53427689404 -2.67301744251 -0.0548035372079 1.15802952612 -1.65031132757 -0.708940406098 1
105 9374.6887011 -4.27950089601 7.84210098439 -4.98258593871 0.0057016819048 0.563989501659 1.53973887794 2.82229896464 2.6603210392 1.95105227272 2.86861432444 -0.977696394956 0.842564844141 -2.92586591344 2.9071715045 11
106 9393.84398663 -5.50861440818 4.5085004848 -7.4726336785 -0.0671297272154 0.305466300916 -1.53155355583 -1.84777925228 -1.58048598705 2.25661223468 -3.00486260023 -0.0177073169893 -1.5216645047 -0.460212711237 -1.64325651594 7
107 9419.90399134 0.561305749599 6.77612104241 -6.16219237992 1.30528364083 -0.467969065202 1.18234359382 -1.17043039877 -0.731764981851 -1.68308195558 0.0203401148486 -0.363730373613 0.681896425722 -0.801937901892 -2.76751750503 12
108 9470.76245412 -4.17619568233 7.27725774488 -5.53231824393 -0.970114154316 2.46745399556 -1.86585076813 -2.63118882892 -2.444905767 -2.82357185606 3.0330176821 -0.0765031050378 -0.0545041951863 0.587949911491 2.96089685706 10
109 9586.2164088 2.72040631938 4.02778485865 -0.896729218814 0.491124718815 -0.117436802604 2.2881333016 2.19764373433 -1.8405937934 2.17873246882 -0.301457899117 -1.35252058982 -0.988121031252 -2.90478690147 3.11254830654 9
110 9588.78123292 2.60908213874 -0.849786658569 -2.31313209258 1.79656906461 2.67825577609 -0.539293382175 1.16557449688 -0.23412939185 2.00358513078 -1.37871741578 -3.08104898777 -2.70494895081 1.90802862859 -0.957645566022 27
111 9617.47423049 -2.56963176478 5.57140504327 -9.79898135936 -0.765770433608 2.13093832234 1.84032667874 2.4734090668 -2.2548795903 -0.260576565113 1.45173098991 1.16759416124 2.19046070992 2.64401712106 -0.902009372875 4
112 9652.55055862 -7.08277165787 3.3655168889 -0.887230546179 1.52325744015 3.03502262676 1.92234106256 -1.10752259552 2.55485903336 2.8134932047 0.166038359224 0.121077627386 -0.395862675675 -0.319650389914 1.99741068545 8
113 9765.56054541 3.0046904999 1.1072335248 -1.53798385203 0.16040882693 -1.83475277103 0.604052975639 1.46419870752 -1.31955805225 2.59727533195 0.898178904729 -0.733812761137 1.23936081764 -3.04770314508 1.48979303475 27
114 9775.9996996 -1.72767006622 9.15890683572 -7.82456921721 -0.443757963111 2.07383163633 2.26264648627 -0.184741543981 -1.14963957085 2.68958543078 -0.112427230615 0.666949568628 -0.195298754537 2.20741375046 -0.19271827503 13
115 9779.43004671 -1.09188433415 7.81919139983 0.847820270201 -0.145264326658 -1.23945618485 -2.47842636382 -1.68228349022 1.73960401208 1.02685107842 -0.411813418128 1.72004190298 0.769180116536 -2.28594346989 2.57352238324 14
116 9849.0057305 -2.90746448196 -0.70444861721 -7.10358381261 2.96561077016 -1.07510370278 -1.13213995977 -1.32776637591 2.97073448854 -1.88818320233 3.05807665298 -1.8859902324 -0.913331373186 2.08588916737 0.187288904087 22
117 9966.15835933 0.350350341409 -1.4751290148 -0.156313696099 -2.44690831534 2.82910065788 1.78827854603 0.109363175307 -1.91983005809 -0.449787866284 -1.3397074252 -0.599593174307 -1.78408804361 1.63408946174 -2.32331628377 27
118 10055.8496211 -6.66362456464 0.619753564961 -7.52546010919 -0.364187698067 -2.98051790639 -0.897109634935 -2.05331174558 0.634169204382 -0.538574557552 2.80451624953 0.201176628346 -1.71816176337 2.52429739379 -1.4093321505 25
119 10116.2338872 2.3700931442 -0.516768538878 -8.82960454599 0.603646776938 -1.31683242336 -2.00509392455 -1.68059533727 0.751709674796 1.65128993689 -2.93935947169 -3.11541167108 1.90870053128 0.322732834447 -2.13446570545 24
120 10400.9946885 -2.32601388417 7.72722336776 -1.10574737334 0.596848138047 -0.461038614035 2.05619872025 0.0492327826434 1.92411884243 -0.851775813867 -2.62854738854 -1.53464196152 -0.310286209891 -1.74345603777 0.406312237569 14
121 10424.5817205 2.10335820731 7.04174776998 -2.28716123901 -3.07673842502 0.442760950619 -1.06919477801 2.97310132129 0.11655313242 1.77303271568 -2.68146717324 1.04442234261 0.984899927772 -2.24417784187 3.13841761227 18
122 10480.1693481 -2.37384170948 9.33305357372 -0.61861647745 0.319601923047 1.08245428833 1.54630882415 -3.05549293591 2.70278093501 3.13478357759 0.0275573358856 2.399862749 -0.488373389239 2.09917349196 -1.75060346625 14
123 10512.5912202 1.14840612656 8.9143600302 -4.72507502218 2.2824126046 2.12553954424 -1.63062674667 -2.66670421236 0.878287185688 -1.14889624183 0.124397114026 -1.54473489824 -1.55078237009 0.823875010514 -1.02114206364 12
124 10640.3217831 -7.35101011586 8.90041140596 -4.2529109824 0.104140073687 3.03499363371 -1.98400764732 -2.292577748 0.875033399612 -2.33701731835 -2.61516346359 -0.589437148481 0.911293128045 1.60024478987 0.482388550018 11
125 10686.3397436 -2.85561949871 7.90839476214 -8.93993611792 0.210717153809 2.28822464415 -3.05443703661 -1.49027044857 2.53714708943 1.54834079122 -1.70925754379 0.408701523652 -3.13937436798 -0.197167450257 -2.93725254093 13
126 10741.9498553 0.976787657523 5.84395950988 -1.84850548361 -0.326917537008 1.49967630348 -2.57761823204 -3.0449717867 -0.644345766122 -0.699172853064 0.841508613767 -0.571946689955 3.073179654 -1.51965427812 3.08316392554 18
127 10790.0107666 -5.95731277735 2.2887772585 -8.21195364019 1.83813520532 5.48477686895e-05 0.701668051575 2.76432283549 -3.12987012037 -2.79394550226 1.54252735673 2.65347855825 -2.34860556038 0.183680437791 -0.100979170115 7
128 10817.6332117 -3.28612781043 5.67979272933 -0.105579966101 -0.914096195364 -0.73728728249 2.10138849901 2.1295123739 1.09589209619 0.499308713837 0.305589988376 -1.57879382793 2.5983798424 0.628263566742 1.61344341354 5
129 10839.0218656 -5.52604203582 3.28790698235 -4.43049755743 -0.315451333952 -2.64959629154 -2.54952332913 1.2989406539 -1.76617357027 -0.203978921589 1.72879841941 0.464590288234 2.26264880094 1.52114003289 1.48091518374 2
130 10885.5423537 0.249328117288 8.90348124482 -2.87798632171 1.25135558486 -1.82971799306 0.512759264233 -1.18407326198 1.67347698606 0.281661854298 -2.07608774943 2.33143824664 2.61897650306 3.04441260666 0.150968025394 12
131 10918.7785414 2.98738429586 7.40239096442 -8.4622403276 1.93666706959 2.854775686 -0.317321963328 2.69185555487 0.947574727876 -1.09993607506 1.66914218237 2.67658007682 1.86265966011 2.58352262134 -1.09484722787 15
132 11106.3422394 -1.35372981182 6.68521649615 0.781457701099 -0.943561385939 2.26373899009 -0.656966762056 0.757896316622 -1.89959833707 0.675851575426 1.54504820908 1.18787980371 0.991338248277 -0.921592212466 -2.30127406801 14
133 11137.1722653 -4.79382179525 7.9859506317 -0.361862389946 2.70419959829 0.678406474917 -0.648471269683 1.79231104823 2.05346713863 -2.58859885045 0.316442191489 2.3603144757 1.31619214074 -1.54626706744 3.0410878539 17
134 11209.8292467 -7.48032457056 9.10355762138 0.865257003085 1.38836584187 -1.74533069864 1.2508271205 -1.41620016478 0.414581998297 -1.48721708172 1.46428069796 -2.06650208544 0.665762017962 0.519991808397 -0.448702224653 17
135 11241.0376534 -5.27363469697 8.87172891222 -1.93218224617 2.62608595826 -0.795028883917 -2.24993593983 0.879998795222 2.55797395832 2.49497604732 2.13664431265 0.454460228662 -2.20959371437 2.07268146464 -1.45530306474 17
136 11268.3474715 -7.75244397405 -0.177986999632 -7.42152081101 2.34433422821 -0.7359794398 -1.82418897692 -0.149177427156 -2.00721473205 -2.52785143499 -1.25671357195 -1.0033840614 2.92733841867 -0.48913158012 1.34823982772 25
137 11283.8965792 -1.11336272608 5.42702662314 -2.55605053844 2.40025563274 3.02886775243 -0.805908754927 1.72244127182 0.895137823983 -0.378963635437 2.63163794779 -2.33223523194 0.0258752810917 -2.65610213028 -2.49420693726 1
138 11479.0275591 -0.554854250693 3.44130016804 -9.46798424508 -0.19548807168 2.16973890472 0.604490563835 -0.548871181254 -2.32220003197 -1.83343230626 1.68653349996 -3.1162500995 0.259307504946 1.36651357954 2.90616945686 6
139 11613.5706408 -1.86831323693 5.94505846372 -0.0768779869878 2.01550498041 -0.191458304609 -0.405803123628 -0.134109664087 -2.47296468979 0.766525702444 -0.0892649050093 2.42903820107 0.759080186128 -3.06893038955 1.82200672151 14
140 11791.7075283 -5.0617446223 3.90192959689 -0.644238056123 0.903812764529 0.323192689518 -1.35450425723 0.170151367523 -0.0896622046965 -1.11266170206 -2.49739848317 -2.0567345423 1.7719110178 -1.66860258494 1.00296790032 8
141 11824.7539863 -5.94486307333 9.16621203557 -7.57614811245 0.034653372525 0.203105246311 2.33760538172 2.66430133032 2.27721211279 2.6697523441 3.07714737657 -0.433220510818 3.00791255234 1.62889652077 -1.5857830658 16
142 11841.1557075 -5.04502197358 5.62639863366 -0.166785128346 0.53769740981 -2.86438688766 3.09595522507 2.56348904108 2.79903392218 -1.93532296377 -1.00085819985 0.304203754079 0.656376167591 2.1991673929 1.57608985692 8
143 11941.789153 -2.81912242274 5.56195239879 0.25955963417 3.01908870717 1.44751640491 2.44860328869 2.80440746464 -1.54025653891 -1.15742955026 -2.97965565199 2.85072017615 -1.90955019999 1.59906897104 -0.836201253114 5
144 12056.3037456 -6.90318227001 7.9028493397 -7.07670627316 1.15179425138 -0.564528314676 -1.23484499067 -0.109095259328 -1.72963795736 0.262421266561 0.234402980349 -0.621551606838 1.49501349332 -0.502223548649 -1.13319464908 16
145 12131.8815993 3.03429377018 8.60927975108 -1.56623898786 2.40906899903 1.45649822384 2.4807697295 1.60641915174 -2.90424573071 0.483129759933 0.508469508624 3.08862499416 2.94884406823 -2.51213436086 -0.299760121216 18
146 12145.3322616 -7.10164555142 5.65685807607 -2.7073509198 1.36323662658 -0.249978729582 -0.528841678436 -0.43197941467 -1.06966870411 -3.03849217713 0.267356195617 -0.620752928619 0.153235805462 0.686814020388 -0.904510710026 2
147 12656.8330597 -7.80767639494 4.79449280787 -6.00414183756 -0.454166748392 0.67617681536 2.8408162723 0.828410769003 2.8131897751 1.32946472519 -2.32189334095 -1.53580125738 1.5516313879 -1.16736461806 -0.0485176673645 2
148 12711.5465998 -0.853436046718 7.72064696761 -3.0578570512 1.67350914041 2.32494745321 -1.08543330131 0.695572059755 -0.276736359127 -3.07513138214 1.64455679711 0.888027080671 2.78959080077 2.28551708191 2.82701005741 10
149 12906.0845169 -7.28749849728 8.39159053571 -3.1906358547 -2.68639089862 2.33056408143 -0.24142372647 0.190983713383 -1.33248327738 -0.732874540047 1.82804410868 3.0988161388 1.13502021896 -0.144392907596 1.14301606504 11
150 13322.3127071 0.264908897473 9.27627843815 -3.49661896838 2.63204795214 -2.05950162859 -0.716272104893 -0.749854269638 -0.0148078203202 2.17022600489 -0.344773018691 -1.21444549178 0.0934422466515 1.49210201339 -0.830262484834 12
