 3.47695146911 -1.62919902276 5.41014162955 -3.07689120831 2.04361621289 1.42195617122 -1.48540413658 1.92360711468 -3.11756156197 -1.94092260067 -0.0671469803735 1.30928133915 -2.08736166286 -0.775343504689

1 1540.58273361 -4.50551055053 1.72423286021 -2.69732161276 -2.95279979669 -2.80024205025 1.79016142676 0.375285826495 -1.53934635741 0.61663114222 -2.05057197285 2.76375677057 -1.45237246103 -1.47406379591 -1.7478248731 5
2 3204.05944714 -1.13428472385 1.96338963963 -9.52224064373 2.40483272146 0.493254991515 -2.11925726359 3.01963675146 -1.74591883201 2.8197799793 -0.583389439145 -2.05430396557 -2.50720856473 1.98264617709 -0.17771918881 6
3 3692.93709343 -2.35036633922 3.70023034668 -10.7841567603 2.63298795016 -2.58731670658 1.16053901402 -0.470767878143 -2.0206353995 -2.32920430618 -2.15046675403 1.8249051691 2.14691068793 -0.931403641715 -0.542351090299 13
4 3886.8546707 -1.01604859868 0.296774661955 -6.25725905042 2.03652880576 -0.882688193652 -3.00617058241 2.17876291365 -0.457398594092 2.94230283839 -0.815418717153 2.97824783576 0.993518674026 -0.676971048099 2.25825147773 3
5 3933.4012009 -3.75586593175 0.487961753491 -7.41123200068 -0.0380223211945 0.462781264353 0.330300900866 -2.35102854351 0.462668958499 -0.665647007145 -2.93503683944 2.16459099723 0.933731169432 -0.864280182761 -1.91239600754 4
6 4026.19209397 -6.828641533 -2.55709042595 -4.77307747153 -2.88297331058 1.89555883879 -1.20719548448 1.66792171082 0.317466659631 2.07127892152 2.14190170336 1.22847868302 1.48876089856 -2.59091278773 -0.196203516239 20
7 4071.56715561 -8.22009895899 -0.579960834004 -2.89663476592 2.51146055613 -1.0876526994 2.66519780205 -2.24558178579 -1.51971300919 -2.69232574767 -1.96703399974 2.50594832013 1.05628204724 2.47732469626 -0.353015400544 26
8 4369.54247928 1.83739344646 2.76341287709 -7.85993687301 -0.678790697018 1.23166217638 -0.987867738689 -0.705066473111 2.67489703793 3.00474147165 -1.09890514118 2.95963046892 2.70478355257 -1.51589582868 3.08519615885 6
9 4423.68627237 2.00885797165 -2.43207444727 -1.82621486575 1.86766155749 -0.387510084115 -0.121042603682 -0.294190002052 -0.865051543077 -1.64947124365 -0.418492093031 1.87305718814 -2.73495945801 -2.74503102449 1.58828018939 27
10 4546.77283685 1.12941899558 -1.71458770933 -7.87382595672 2.07926797296 -2.28137550523 0.36131035258 -1.58026452625 -3.11456395372 2.96273448712 -2.29033272438 1.97658459831 -1.99854487187 2.15958107867 -1.17693228533 24
11 4685.78060519 -4.78095362871 -1.44103745168 -1.85300807946 0.409500423576 2.67043202562 -1.15291733556 1.55060857677 -0.560476853401 -1.9529097983 1.33303974746 -0.209752460408 -0.818528920148 0.09484360669 -0.690047924207 23
12 4902.26196729 -3.78920764846 -3.23944446855 -6.14049285346 2.83862762932 0.0808005411717 0.682036132891 2.42633777362 -1.75078633868 -2.11206727561 -2.46550372148 0.382968223666 -2.81618104733 -1.02549105281 3.07733439784 19
13 4945.35185533 1.97592921934 6.99932311667 -10.0213666291 2.64781344992 -0.870248559218 2.63432491738 0.449237767248 1.89049304717 -0.560581022944 -2.00421938401 -1.19932953298 0.132089075259 2.19239962219 2.7442133729 15
14 4963.68150147 -4.84246816291 1.21381650385 -4.39585701546 -0.201551311834 -0.0233721312608 2.68919269993 -2.33283419713 -1.7236686876 -2.70143015778 -0.716856420201 0.831670415765 1.74832788398 -2.17527409422 -0.590364994807 1
15 4977.22900255 -6.12134315692 -1.88146723622 -3.13981951398 -2.5843133639 -1.29677192003 -1.84270247568 -0.765261841362 -0.011477990094 0.644133733784 2.53794621479 -1.28863529136 -0.523911004176 2.44784638381 1.72337290397 26
16 5031.57312326 1.28146166315 3.89067137769 -6.21495686326 3.03362321831 0.695159572223 -1.49637355046 -1.11582049263 -0.428137392663 -1.81649456199 -1.54416197635 0.536207378375 -0.345330512894 -2.4963323713 1.69904053269 12
17 5094.78857575 -2.60705211346 -2.21108534927 -5.43414346548 0.00249820458318 2.28369444714 -0.982023031743 -0.12435618552 1.00889621934 2.44594695843 -2.71596425888 -1.12442022772 1.26252394538 -1.65288817208 0.835057683895 19
18 5272.18400868 -2.59257547836 0.567819931593 -3.51058554971 2.61244588002 1.41660378322 -0.388761802318 -2.32183067436 -1.49490587898 -2.5285030063 -0.354189204589 2.79194602039 -1.85420760568 -2.38398285221 -0.55297928262 5
19 5295.95474264 -6.05639486045 -0.288452323916 -1.54944775018 -2.42715455661 -0.305545579151 -1.57810920979 0.600586843601 -2.41582130598 0.788634465937 3.04189062826 -2.49615305676 2.87739162776 -0.580904478391 -0.971531144076 26
20 5404.33742568 -3.32414977722 -1.2301156763 -7.37135479156 -2.86603407864 -2.26798959144 -1.30213140748 -0.813705039005 0.785059656215 -2.82518406731 0.214806793154 -1.69160038495 -2.12518087801 1.07141066813 -2.00399820986 22
21 5614.68431277 -3.4377071585 -2.38507705968 -4.9104226263 -1.1261800712 1.33666593505 -2.05446771217 -0.20210776747 0.810907335664 -1.4467375496 -1.30958394711 1.36113791777 0.433323398112 -0.241063665321 -0.768637753454 19
22 5627.45722728 0.019379749415 -0.963432362329 -5.49333491604 2.64120764708 -1.61713506599 -0.392835105043 0.956234493604 3.03990883737 1.58763960581 -1.3356287628 2.26307581166 1.32507276319 1.43083147776 1.40061270563 21
23 5722.41596676 -3.57078922955 0.211513489637 -5.85737702224 0.535884103627 0.305556951476 -2.68529679009 -2.8958115132 -1.73435853693 -0.139447823934 1.18806121486 2.7776648965 3.11467192149 2.96326200855 0.30165928603 1
24 5781.98891093 1.31356472617 4.51708701046 -5.85823525062 2.51379835724 -1.62124204268 -1.59351490391 0.17987856294 0.843350299725 -2.45451895872 -1.01257453869 -1.71719222282 0.591766634124 2.17993039493 -2.57787761253 12
25 5865.70850005 -5.58253509166 -1.49962608172 -4.93732062675 -0.0454127834838 0.996702573678 0.0723886595388 -2.6282566294 -2.7896234507 0.0901229052029 -1.34439371572 -2.08699600629 -0.23037469789 -2.5757171987 -2.94131245495 20
26 5912.57890198 -7.35245686961 1.45524752511 -2.25918218398 -2.14024853583 1.33842502339 -1.36780712659 -2.37530026126 -1.0506943004 -0.985351453855 2.61327261799 0.235164168081 1.63920163812 -1.93756466854 -0.337381560467 8
27 6065.87471854 0.627217306132 -1.24480705164 -4.80002844717 0.47134016961 2.39441984349 3.03382617604 0.833100494184 1.66919030588 2.24666091039 -0.562414477708 2.06578507598 0.81362650444 -2.6888156944 2.11516449883 21
28 6072.87464161 0.436854433622 1.11373918336 -4.66104014188 -2.95303519891 -0.906726113597 -2.04642312781 2.09934982818 0.284396270284 0.797676387801 -2.72803453226 0.0357877621474 -2.73498503055 -1.22371762343 -0.946661200501 3
29 6117.55121603 -5.4848615861 -1.56824897076 -9.18275175384 0.446696812221 1.59017596271 0.861398592617 0.874048785771 2.48162129376 -0.534943727564 -1.49027151384 -0.155737193384 2.31159492671 1.87460479743 1.39797138092 25
30 6149.69794855 -5.51632420042 -2.44874410273 -5.22943816163 -0.469785313267 -1.29320800429 0.21858557925 -0.28825215515 -0.90949272314 0.696580352247 2.36176880046 -3.00192842012 2.55799855671 2.58427535953 -1.59761781867 20
31 6237.28339719 -2.60117906375 1.51911614154 0.0393819922836 -0.168732567166 -2.72791779898 -1.99635470186 -2.58262373878 -3.06942706105 -1.12232497381 -1.52736296014 0.0636394206775 -0.625985871298 1.66271916115 -2.0518686706 5
32 6336.97421741 0.39163255212 0.518979038798 -8.62863480151 0.710852276083 2.32705584038 1.44841168327 2.57539140781 0.913401500849 -0.12592429995 -1.18460279848 0.952354596946 2.02083953272 1.62001853782 2.21417088031 6
33 6354.19195847 -1.27425838085 -1.18833107182 -0.370473479269 -2.33265332916 -1.04382066164 -0.923100323782 1.66723856553 1.31074114087 0.015195607748 -1.31702585804 0.858209147109 0.998371145925 0.521302913178 -2.19028973024 27
34 6408.07095217 1.79541806157 6.75536864325 -9.3940789259 -1.97183851793 -1.96997849579 0.988519334788 -3.07333728761 0.845370216755 -3.12557632055 -0.292246067505 -3.02416454105 -1.27220523382 -1.80505058139 -0.686844873169 15
35 6715.92259973 -1.52699520663 0.533451578777 -4.78171575814 1.67867699006 0.595242149765 -0.0482086009072 -2.71105245624 -0.637620297959 -1.92265785538 0.740023279851 2.80116040235 -1.67637417487 -1.43187678801 -2.1586573064 3
36 6726.48461238 -4.68586383577 2.3460444189 -7.97750879197 2.16967641204 2.90173120581 -2.09444451044 -1.21270709202 1.39227747556 0.0856567391559 -0.915242328135 0.135255117472 -1.76510614713 2.30193208024 -3.03735453354 4
37 6942.2846184 -5.07033954568 6.88037421126 -7.2020181021 -1.21359999545 -2.97209618141 3.08278189878 0.969219747246 1.20195773307 0.134328061665 1.75506978961 2.49938452498 -0.546435078229 -1.92247430635 1.14802836868 10
38 6957.10312593 0.349069140876 -3.15553774076 -7.52885715526 -0.168372517532 0.936064389139 -2.82445592178 0.433962198887 -0.0466816021288 -2.12765462045 -0.359842801805 -0.077381017617 2.28640933154 3.00880117274 1.04939565479 24
39 6989.29775244 -4.34228150494 -0.210487926521 -7.91707960169 0.734981373088 0.890703580822 -1.37281658849 0.0637013232685 1.06852729901 1.01509203441 1.04900624712 1.61584978109 -1.10269975262 -2.70804069733 1.04613480959 22
40 7102.34850384 -6.19187187783 -1.16289434013 -8.13642742373 -2.36780954796 -2.10654288286 -0.898004896427 0.0336952282538 2.8483247041 -1.7326941766 -2.93520835827 -0.0899648144919 -0.557222820743 -1.21579325025 -1.91905242914 25
41 7125.19831633 -2.0280849289 -2.24933541173 -4.94779722627 2.1821461474 0.836188308066 -0.692226751453 0.985526336434 -2.10390990226 -0.400046600064 -1.85018631096 -0.0186643219159 2.16481039084 2.00435471039 2.05320173853 19
42 7128.34535814 1.55007232903 0.337220109096 -0.0404107018327 1.5746631754 2.44829412171 2.7806824576 -0.25821903117 3.10686975781 -1.72828915001 -2.23171869211 -0.463366109264 -1.57510651528 -1.61603393397 2.08532145568 9
43 7131.69994813 -6.04262154887 1.42323476706 -10.2138420582 2.12780485228 -2.75711127779 0.566045670974 -1.20201334542 1.52844098789 -2.15405908023 -2.92121363193 -2.25697880959 -2.88668872725 2.59934918569 0.123883698612 7
44 7156.55705985 -2.06547492207 6.76640773425 -10.6228693902 2.99294791286 -1.73279340208 -0.277256997863 2.37426229043 1.48500638718 0.287410063701 -0.331018952029 1.10124367478 -2.75929771532 0.862000162153 0.536221750479 13
45 7182.52434837 -5.83500308997 -2.14552313504 -0.533189150998 1.71020081266 0.920922419431 2.31436099852 -1.5735457745 1.14862025046 -0.447961186297 0.904098746827 2.0942437004 0.56855507441 -2.64485206851 0.210633567376 26
46 7302.19252138 -6.06497031453 -0.939226484086 -7.23586657752 2.08342604008 -0.0290368536947 -0.869439609786 -2.21722577487 0.580689995416 -0.380739343821 0.687006355022 -2.42645000141 -1.11774757297 0.617720186124 2.46515907849 20
47 7348.30968343 2.0094855523 5.91700787538 -10.5673490621 0.210124512598 0.572587844714 1.64341120847 -0.555163020493 3.04514762498 -2.8457429201 3.05175291666 -1.03614193561 0.173275965316 -1.37226337476 -2.08029516986 15
48 7353.87734747 0.121995873885 3.07572616503 -8.54587503159 1.54550795836 -0.268507065063 -2.04747681237 -0.506148372905 -2.09275410479 -0.307904347005 -3.0876479773 -2.34823037563 -3.03158809931 -3.05451050502 0.994877581426 6
49 7407.09229469 1.98878580619 0.802947173164 -6.4470472051 0.964893044524 3.01020925313 2.41049646268 -0.99258046637 2.53746221187 -2.50576906493 -1.71132545372 0.4135128197 2.19594275511 3.06676156152 -1.27103444242 3
50 7437.47068199 -5.68133858101 0.55822335094 -5.22448314219 1.41572728244 -2.02751353731 2.51090773017 -0.611702760274 1.62201989512 0.797041235824 1.77563961309 1.74280400324 -3.13456573152 1.23088473653 -1.73874045001 2
51 7497.73129734 -6.63367981799 3.89339666498 -5.40963006707 2.04750361223 1.94264574459 -1.98595071755 -1.3015350611 -2.02893216851 1.71187752482 -2.7370825539 0.200101556939 1.53764625973 1.8495554752 2.17004039578 11
52 7521.83366363 -6.40367434483 2.42003718982 -5.76883072188 1.11445271149 -2.77365235716 -0.890328049323 -0.836015299002 1.11190629163 0.798489852528 3.0782688502 -0.669612721101 2.9125581436 -1.05246444128 -2.89350951366 2
53 7600.003954 0.531623042617 3.85648424495 -8.637664506 -1.45719145159 -1.01279974862 -0.737358780352 -2.61051116541 -1.1520531043 1.4027641675 0.864788989613 1.75650454388 -0.680404672046 2.56842878086 0.112127051725 15
54 7612.58197364 -3.37777231573 -3.5278751308 -2.04011828524 -1.98137449046 -1.48488702421 0.423042347363 -0.535103068758 1.43887707019 1.16156693381 2.82023972526 -0.373976332811 1.1825763817 -2.98240706101 -2.45435372903 23
55 7641.44955394 -1.06925215531 -3.58547894673 -4.18685444084 1.42453346268 2.1731669189 1.30328778013 -0.623926511649 -1.43332348588 0.333065082916 2.43748967719 0.303302778773 1.07369190934 -0.277668834505 -2.85135467129 21
56 7669.19429056 -6.2755277514 4.57384298773 -2.77466522058 -1.07554816705 0.676786445334 0.518785807227 1.47741310453 -1.97004196238 0.350555683893 -0.238905378653 -0.578279344656 -0.423535115158 0.61493415221 -3.00629390277 17
57 7689.05782503 -4.58070879603 1.79797750148 -5.26761927385 0.858692073139 -0.528828627547 1.96453967309 -0.164114268021 -2.95729142067 1.83170684197 -2.03559236103 -2.37692417966 -1.25873416713 2.35940409417 0.907543378954 1
58 7697.09368913 -1.2378606098 1.01838068364 -8.0020922056 -2.29408434121 -0.616787095014 1.29318750954 1.77207960168 -0.678226867973 -1.59651565338 2.64555905278 2.1090612382 -0.909036309906 -0.727065582258 0.540660996089 6
59 7712.86804739 -6.60648314841 4.6757993333 -8.6378414134 -2.74971037647 -1.66904263137 -2.28904746156 -2.70040888342 2.66182450921 0.162424581991 -0.224187245117 1.33947107472 -0.84904569534 1.73536001311 -0.644444233323 16
60 7783.1214884 -6.16536282833 0.471709540807 -0.693670148667 -1.12136128279 -0.352684541653 2.62521181658 2.70369522151 1.1806667198 -2.54887215013 -1.75476814361 3.08994491713 1.38946333138 0.115076889812 1.13784308953 8
61 7790.95344407 1.77450828859 1.52581606638 -0.405765317475 2.42869946404 1.08978063874 -1.97204107444 -0.943034470935 1.76913782159 0.919387692054 -2.25144138365 -1.21593054305 -1.97635108242 -2.65980614713 0.469406408746 9
62 7790.97227362 -2.9352293339 2.22684206986 -1.83550493173 0.356381283128 -1.12475713795 1.96962222623 -2.66325770951 -1.98407887802 -2.00385918881 -2.31421884735 -3.04985770257 0.896588976907 1.69003297045 0.685198803858 5
63 7940.19226777 -8.56509578491 1.58678872134 -5.8373551676 -2.84489840461 2.54053829972 -3.0341331929 -1.97765529061 1.6036367974 -3.02858677364 0.398415533036 1.81945726687 2.33576056337 -0.0148212210615 -2.40413725764 2
64 7963.21361503 1.79944539897 2.68445373521 -4.36654674881 -1.2857621355 -1.67540261933 0.19852215696 -2.18296493808 1.42413554955 2.35180059186 -0.53651233344 -0.30377832236 -2.98287601541 1.31690750827 1.28617757974 3
65 7982.2357482 1.97939666397 2.70529308973 -7.75103931736 -2.64249818618 -0.443480866748 2.8627947592 0.552842854116 -1.49903664193 0.153924568473 -1.45796192336 -1.47093411293 0.389488346707 0.595622893215 2.29295801558 6
66 8004.55726447 1.03657146639 3.98916279112 -9.35677828609 -1.06294872137 -0.68804512927 1.09336896953 3.00009432117 0.923999394784 0.231742620285 -1.93075186277 -1.56887608711 1.69130750367 -3.00453434258 -2.27204159983 15
67 8014.9236012 -8.86134052808 0.630499118273 -6.40008400615 -2.48469764417 1.24835546852 -2.84122696224 -0.558439547777 -2.97176552134 2.03914363872 -0.316526464531 1.42649092323 -1.35827814358 0.125459257689 -0.595837966731 2
68 8027.87757914 -2.86963797236 -0.823192884483 -2.83940436934 -1.91024405679 0.498736581628 -2.73397861554 -2.39916876089 -2.23493297417 2.16942363391 2.68169380642 1.66525971319 -1.81971357283 0.349719772035 3.08571307946 23
69 8043.36775293 -3.22427861248 -3.20185836579 -1.47029703397 0.961700628944 3.02861129207 -2.37596945593 1.46899147909 0.88804787583 1.51949974302 -3.11046949493 2.49477444378 -0.173602127644 -3.0395310353 2.81709501409 23
70 8051.69880775 -1.52516666617 3.35159382261 -5.49587936788 -0.675910334534 0.966436614411 1.80777452351 -2.00558434484 -1.52736948924 3.01568433236 1.39518894772 -0.549571807419 2.74514148771 1.30276204702 2.35663718594 3
71 8077.12271163 0.353701748468 -2.63592424871 -9.57725234076 1.44899161364 2.75979125431 -1.41105016661 0.615538359665 1.975382554 -1.24517239959 0.904100690723 1.53945284137 0.0298152236306 1.71196549875 0.414840541263 24
72 8235.33136845 -1.65374845477 0.392720265774 -3.362156078 1.97016553705 2.17750438005 -0.609171726284 2.16885265797 -1.50954149569 -0.377749751983 0.993265490231 -2.93964678458 2.40539722909 3.01301972279 1.7062284615 5
73 8238.94589031 -7.97918992074 -0.73751577807 -8.64486426947 -1.23489491789 -2.036138239 2.0161051451 0.760810802482 2.72265277043 1.01222862974 -1.12498795502 1.8130817923 -0.299337138739 -1.47584102003 2.49527555586 25
74 8295.74794305 -0.692310273373 -2.11580323674 -8.59499975473 2.01032280834 0.547792866695 -0.879313234899 2.41856525448 2.47821182316 -1.14334957824 -1.859683409 -2.5679960418 2.25575576033 0.848098143094 -0.280848583633 24
75 8333.80374107 -1.81540614225 0.108723473206 -10.7031475863 -1.49802374727 2.93017226515 0.623434990543 -1.46984153418 1.18124643384 2.93960822973 -0.715781136802 0.157266656475 -1.64281175382 0.0576418778518 -2.53889048405 4
76 8411.68085463 -1.86798393297 6.47957876228 -1.13536112552 -2.66752483937 0.282767623488 0.286538926502 1.0993680345 -2.91694468401 1.65110180685 -2.18561188973 0.669913415922 2.85737783001 -1.55193377344 3.03874934226 14
77 8477.97749558 -4.66863444213 -0.634076984009 -10.0307399815 2.6533085373 2.96833817404 0.20476459969 0.436816066179 -3.00219743469 -0.161098325953 -1.72089441787 -2.65661285068 -0.440028344865 2.42795024506 -0.265001083992 22
78 8546.4126075 -6.28488447264 5.45907259963 -10.7069763605 1.23964182824 -1.50497215451 0.788990278211 0.953204105332 -0.58877631158 -2.05475794054 1.10785496649 -0.738494851862 0.591275497062 0.118868093927 -1.98250579671 16
79 8625.13613148 -8.82711102307 5.14996882735 -6.7198779572 -1.07843535433 -3.06919210007 -0.685049776902 2.64418718555 1.19054823127 -3.04749319171 -0.479026103387 -3.00774214873 2.42367257946 2.02080261964 0.453182462681 11
80 8630.99886845 -2.17661876342 2.32844973987 -9.62548787482 -2.39743797773 -2.88507499247 2.03863410178 1.17786585807 -1.83527748791 1.26821671729 -2.62512783438 -0.937850510803 2.7810775026 1.38887815616 2.20073766598 4
81 8631.07109204 0.045707204684 3.58264480277 -5.8937086007 1.53384864667 1.48781971973 1.4820486133 -0.937357386352 -3.1131290376 -0.909796225446 -0.868757900577 -2.80410093307 -1.91198590431 -2.56121247602 2.03134925614 12
82 8634.6609967 -3.7306491802 4.8916907568 -6.5610818345 -1.50226437738 -1.89480917282 -2.06282485873 1.13737167314 1.65677112813 -1.99949745442 1.3963612388 -1.68734701664 0.688238669534 -1.75495500207 2.43212755254 10
83 8643.60407988 -3.4456701175 -3.11958092778 -2.85226086874 0.116999835918 -1.16364792065 0.816395655943 -0.0349339177496 -2.71149039365 2.01938396881 2.47350976449 -1.0484499461 2.0566261944 -0.57547821649 0.100405336303 23
84 8745.33276639 -2.48750622969 4.0144480754 -8.46611549774 0.760502951809 -1.32253749947 -2.53983808107 -0.821842820568 2.65756702437 1.65215737714 -1.5291473031 -0.325662698652 -1.52051090484 2.53955393969 -0.181448837321 13
85 8760.72448939 -8.55622050885 -3.56528477464 -6.5497178382 -1.32654953987 2.95730105992 -2.05999733682 -0.219700443486 -1.59841392753 -1.77497492203 -1.80509783962 0.189054525146 -2.38746940622 1.49246097692 1.95629062505 20
86 8779.18183638 -2.50148657683 3.67548791421 -7.0560798385 1.54965254667 2.28794910272 0.839806460592 0.332563211729 1.58813610646 -2.0161821962 1.47965118519 -1.73773868846 1.28280637669 2.85622301195 2.94347181339 10
87 8823.60795556 -1.47755762669 2.63395852968 -2.50973765954 1.47302792207 1.00746857125 -0.644328215459 2.9096436404 0.226411448817 -1.5942983676 1.36679143485 -1.23293002457 1.50135908712 -2.67776888624 1.85760156656 9
88 8826.82573886 -6.1175927857 4.08329657676 -8.3326106988 -0.690867485006 -1.35186804014 1.54902704936 -3.07925540714 -1.30022571246 -0.567492002761 1.88891042745 -0.100019285998 0.41353294314 2.95263739873 -0.813181843225 16
89 8829.71697885 -5.7008378008 7.06108663274 -9.60106748428 -1.85343992878 3.08331099749 -0.940940532918 3.09715980732 -2.65565931138 -0.410872523698 -1.90482239132 0.892898531513 -2.4554390157 -0.789048327338 2.2899914797 16
90 8846.71759527 -1.89987569062 -1.54250278926 -10.3684837903 1.62879287892 2.80000245751 -0.0590323701346 1.28975150467 0.694480765785 -0.603220753468 -0.59527254215 -1.90694009183 2.20990719477 1.51021571932 1.86117542855 22
91 8847.66954244 -5.09159799547 4.38783717763 -6.90382360967 3.13492839281 0.49381600418 -0.548752135594 -0.0904622290877 -3.00598236199 -0.641253619255 -0.0677206041298 -1.61273568315 -0.666218455007 -1.09662282627 -1.41470931285 10
92 8923.35398406 -2.12557175013 -0.913150416972 -10.1487458393 -1.17921946371 -1.67349289128 2.43455957189 0.598825200207 2.20131470919 2.92295525757 1.92156043544 0.921750540487 1.97017175563 0.408531742754 -2.7040685235 22
93 8997.26357485 -7.30360899623 3.67346410287 -1.19010749992 1.37245449967 1.39412863372 -1.44540569024 0.407671470521 -2.86018459173 1.50239577182 -1.26292388248 -1.42102883413 0.720891147468 1.51189901118 2.09349821144 17
94 8997.9082303 -5.18833559345 6.09442412254 -9.10017176053 1.79919537187 0.599438936368 0.350414396575 -2.24765267328 1.27339237319 -0.915904330991 0.0206497283792 -1.75582631255 -0.246481484915 0.871653901312 1.79130436654 13
95 9003.73989908 -2.96809797803 -2.69898685684 -3.71813158135 -2.40809840048 -2.03650081522 1.56077526703 -0.0548740692168 2.01308065086 -0.515790699113 1.0933536011 1.29751300166 -0.69988196783 3.05797038778 -1.79693707483 19
96 9015.51980121 -7.3092859295 1.99375616899 -9.78760461586 0.572503649154 -1.09849459055 1.58375555333 -0.893829354383 -3.00849914756 -0.99650404327 1.50942412023 0.460579587224 -0.0136032247364 -0.137114098357 0.710333672348 7
97 9018.4577856 1.4751082662 2.02957625865 -2.45931975314 -2.57926346953 -0.931544223376 -1.06138804028 -2.14366162293 -2.20329506602 0.0406209469536 2.76567549818 -1.87712846548 -2.31134264414 1.6833582069 0.157697679062 9
98 9020.90410365 -0.160414026599 5.07450635471 -6.11236385852 -1.26756647219 -1.58232535523 -0.786325245408 0.385723332881 1.21196193985 1.73437405605 -0.873575191843 1.45526641314 -2.4647028859 2.07854077212 -3.0569236953 12
99 9048.33758753 -7.85453440802 4.13957003253 -7.1014098895 -2.88381680813 -2.87048695091 0.0132865212303 0.915428455964 2.6034156457 -0.14820048582 -2.5015200337 2.06951542225 -1.30845122305 -1.80156738648 1.92019334941 11
100 9107.86810088 -7.53300030868 2.08167072523 -4.45191016155 -0.199573980259 -0.663849820791 2.83080724692 -1.58998847171 -0.769149261612 3.05020574267 1.3531988521 -0.916195155937 0.309333342479 1.1067351343 0.555517472164 2
101 9137.44262709 -5.27040357241 4.02059551934 -10.2247184614 2.5111981917 0.108852547809 1.66110786501 1.26302501099 -2.05150198091 -1.65418158773 -0.202699498981 2.90290183348 -1.03945911602 0.720364632041 -2.8939377845 13
102 9145.94367394 -5.9945298948 4.86378044647 -1.15250591101 -0.89385735432 -1.21021342366 -1.60267386963 0.293183627891 1.87377552906 -0.179401448929 -1.22465835529 1.73224823752 -2.05467868918 1.25079972159 -1.55186615755 17
103 9224.1331356 -8.05682490091 2.23454180219 -4.29148038028 -0.514524882358 -2.36316947164 1.68681577518 -2.40385797113 0.245565450153 2.26061764308 -0.187060713763 0.819320567259 -0.961843308655 -1.4612154642 0.17153632976 2
104 9235.19396552 1.68653192564 5.09661532401 -1.02338503108 0.0727017196174 -1.90471673739 -1.30577124235 -2.17318671514 0.76740071282 -1.36434262812 0.808193776326 -2.74396738692 -1.77223567101 -1.90652942203 -0.919966274094 18
105 9238.77998852 0.744679662569 -3.59296487026 -2.58963235687 2.68401375287 -1.98569076325 2.79630306783 -1.82625902353 2.88118605082 -1.9542936055 2.34860120719 -1.84779017224 1.24687013708 -2.19164687332 2.6221970721 27
106 9379.06005767 -4.85341972449 1.90915075763 -4.810277405 -1.39151926428 2.78794311802 -2.49312747779 1.08725533521 0.322704793435 -1.12252147045 0.524458804267 1.53565681591 3.14115887992 0.432656589033 2.9314389896 1
107 9452.06485197 -5.74918922482 -2.1658955865 -8.6860033096 -1.16647348777 -2.81893641113 -3.02354170922 -1.50489775018 2.57693902769 3.12326884186 -1.47542065968 -0.780384224711 2.59305932934 -2.24844801265 0.558790988396 25
108 9522.87223052 -1.26712652021 -0.236072088621 -0.202836486761 -0.246967869604 -1.38923984399 -2.70699507384 -0.459947856069 -0.486496080365 -0.0233941881252 -2.23682520171 1.09555201976 -0.863588800179 0.571118520484 1.49182705755 27
109 9531.1039607 -4.61173770719 2.62905022139 -5.15777100144 -1.62193557078 2.18044127343 -2.58634437182 0.981930538881 2.62041021168 -2.2974193535 1.51099257319 2.01214356411 -0.874069082425 0.0903484769457 -2.36400754604 1
110 9610.05006785 -3.72414606911 5.53776634318 -6.35782413079 1.06865070684 -2.62692545682 1.03959210911 -1.31987272773 -2.43353075534 -0.695522978443 1.94910786244 -1.37590028956 0.313380843957 -1.19525656306 -0.489155056661 10
111 9633.43802315 -1.14789780495 -2.05139723725 -10.3459105055 2.95078332434 2.5910491152 -0.579374154435 2.03842588504 2.82378418377 1.42777592868 -1.72162527375 0.78957644054 -0.683295158917 3.10845164699 0.549842391515 24
112 9680.23963068 -7.46543505637 5.22664325244 -6.06493426007 -1.04852637911 0.87476710684 -0.643595784222 1.79121829378 0.499548689128 -2.09300057603 -2.05340209537 -2.33675635547 0.774140085897 -0.500672401136 0.68278157116 11
113 9726.54166483 1.71693372706 -2.00405068325 -0.186574089679 0.373155272857 -2.50055704118 -1.18104108669 -2.09491099836 0.610470351455 2.94162017561 2.55039071866 -1.86392307059 2.41827088113 -1.88255754644 0.0093924762506 27
114 9744.07803566 -2.37227358557 3.01201111029 -5.42285767377 1.43733785914 -0.259893999968 0.55504969782 -0.2915887064 -0.11206554781 1.93643255031 -2.29673591689 -1.14321066002 -0.185551819466 -2.22872936687 -1.05306793481 1
115 9752.25709281 -8.42236381011 -2.19384981068 -1.81640858556 -0.544667243706 1.75916147394 -1.48312646009 -0.950729114879 -2.70246401925 -0.710341881749 -0.778105929487 0.732596384444 -1.11769315604 1.62403254667 1.79146031517 26
116 9761.69362887 -2.0839562776 4.98604120295 -0.164965754911 -3.04572800953 -1.84464703511 -1.59326929608 -2.96842112045 -1.057598969 1.8509028749 0.876479687339 1.50621435139 -0.586994514707 0.573215620965 -1.99798265431 14
117 9769.6343591 -3.63764909343 3.65546185009 -0.134755206229 -2.58992710301 -2.04734754856 -0.563602546962 1.10261871346 -1.57664094272 -0.846401396249 1.47486755075 -0.377992360624 -3.13138483329 -1.75184552258 -0.987651428647 14
118 9777.33596975 -7.63729349364 6.59504876334 -5.90119196737 -1.19469987322 1.32012524155 -2.88311048028 2.04550643798 -1.0578508727 0.656178280385 2.18203927625 -0.36498522517 -2.18706686752 -0.104898498381 -0.536553249622 11
119 9798.9820007 -2.51698213056 0.328879165468 -3.22439279884 -1.12118881327 0.781959149695 0.213320327274 0.277401421727 1.3432733036 -1.67943576694 -1.14792388102 0.662957345589 2.40210762409 1.22825834077 -1.18714954078 5
120 9875.24525112 -0.496412722332 6.04790566129 -1.84426132929 -2.30445854428 0.248639502901 2.43789276296 -1.41911518911 -2.06026309423 1.44843290221 2.32750528141 -2.65932403563 0.880636216448 1.14531431005 1.0569512627 18
121 9908.68498818 -3.02779373616 0.852329394265 -9.57406739958 -1.71829993628 -2.88655504692 -0.71905819818 -0.403682065133 1.07661238053 0.0993615535135 1.74607822593 0.621203856551 1.27200649867 1.26592440114 1.31702115366 4
122 9961.99519769 -5.84315608187 1.71778785955 -2.96721295813 -1.24783320005 -2.56046170709 -3.1359310385 -1.87808027309 1.07472556235 -2.59232004183 1.86528998528 -0.968377967369 -2.48305392404 -0.216557174552 -0.556645851373 8
123 9979.34934713 -1.37464640535 -2.24411857123 -6.05469749665 1.41699081776 -2.2737403824 -0.771228855948 -2.84269776636 0.353270564246 1.26203468684 -2.13544104168 1.99637335721 0.402275635177 1.33731026078 -1.58365536444 21
124 10169.2876632 -8.7428969264 -0.270212707469 -9.11750544435 -2.52400885489 0.507922039409 -2.97330821373 3.02678457415 1.38669492207 0.608629039852 -0.444987699187 1.55449552323 1.7368867049 0.73447064939 -2.77758107309 25
125 10293.4092527 -8.85183900807 1.02388387358 -9.41955400134 -1.44946090083 1.23249255746 -0.259773806382 -2.71155330275 2.8921036491 2.9261387359 -0.6176868724 -0.459317437541 -0.676858411334 -2.32007907477 3.09609331981 7
126 10314.1198949 1.93995842106 4.56884505713 -3.89973580548 -2.8250091847 2.57395272503 3.09524462481 0.828763377759 1.5470077368 0.433409096392 -0.634433381617 2.06629851942 2.55862774878 -1.98571870058 -1.84442376924 12
127 10611.5044609 -7.67153503386 1.53574290839 -1.49259834458 0.586600362755 0.818630060775 1.35005630079 -2.72722434053 0.762321187409 -0.0172762808495 0.614674694631 -0.673863596065 0.380815649334 1.38807092271 2.69697003927 8
128 10640.0830479 -6.88786780555 3.94106562864 -9.77319125733 -1.18631265384 -0.418557665545 2.95377159551 -2.75894084272 -2.47326082842 1.14400382691 1.28209841423 -2.74725965861 2.17515616346 -0.758210245735 -2.38448409641 16
129 10661.424805 -0.792343227718 3.37614749075 -1.52022363364 2.64314475294 2.6458174289 -2.21300980844 1.23437490398 2.91108795443 -2.70426406188 -0.497387843998 -1.9829384822 -2.19848229182 2.04356853777 -0.820135622387 9
130 10730.2849808 -2.06895465954 4.84975711929 -3.37149833754 1.89309210494 0.650634650129 2.84252245987 0.836848988213 -0.913064395103 -1.25951263141 3.13679016205 -0.0587647470272 2.64659911109 2.00116786859 2.56774393429 14
131 10763.914364 -3.67917746625 0.0647513988711 -9.24401333482 1.4791279475 -1.95190329002 -0.673144450241 2.80063323378 0.740819713484 -1.95649769233 0.984142164886 2.59888266835 0.152500503409 -2.12269334022 1.11082251396 4
132 10769.84129 -7.44773721682 6.11667682671 -2.41856750972 1.83566536524 -2.36003358902 2.68913631497 1.03035588727 -2.33908410561 -0.831551883049 0.613344593581 1.78121952749 -2.80632491626 2.90220527886 -2.30315846143 17
133 10879.0585553 -6.43138818339 1.84569064505 -8.40028079448 0.179077861827 1.28310493887 -2.70031881694 2.92160532804 2.02049708368 -2.74223155991 -0.317830775618 -0.0541697322617 -3.01910056609 1.49597023031 -0.584661632278 7
134 10890.5196505 -0.418450137793 2.20784858117 -1.00268875814 -0.965946461312 0.405657903319 2.85950608643 -2.29085684553 -2.68874446591 -1.70951462179 2.63865227207 2.9790456953 0.184516884097 -2.49443066846 -2.84177785996 9
135 10941.6383995 1.35706372262 6.17672466258 -6.71289487585 0.257966652496 -2.83294058125 -0.950066800454 2.52818853742 -2.86568211922 -1.15878026912 1.0969106855 1.7819290778 -1.08169741789 -1.42063156758 1.75101230718 12
136 11075.7937301 -4.88917646331 6.70768679379 -2.76795139235 1.87882918556 -1.16933795533 0.468604677047 -2.28448423216 1.89796891439 -0.10108622146 -1.41039358779 -1.728130718 -0.248271204153 0.0918024214667 -0.720208449804 14
137 11553.2398166 -8.0622307135 6.29267130185 -3.2140924063 0.203139124476 1.58938486169 -0.262457593338 1.127269691 2.04467256001 2.01913455265 -0.600731806472 -0.8797834125 1.17512638732 0.338697021608 2.47292762592 17
138 11562.948339 1.85299794273 -0.469672914404 -4.49507962266 0.0958670342794 -2.30391468371 -2.17893533182 0.0925988152573 1.40685166219 -1.13995395119 3.07388785268 2.55899318102 -2.05353736617 -0.822675760227 -0.865855401799 21
139 11598.3129461 -7.7321670746 -0.202035521814 -10.7809243423 1.59851452173 2.01538608376 2.98092888542 2.60845701337 1.3809244988 1.46532130059 2.21393789672 2.71191027952 -0.0314314007133 0.114743898866 2.36982513862 7
140 11686.0871104 -0.424891069707 5.79959507428 -8.54326115129 0.557580228155 1.69516878936 0.322856089883 -1.37410752895 -2.95978838006 2.62768357273 1.67851342427 1.10232319332 -2.27396908548 -1.15232501652 -2.7093260061 15
141 12391.7410945 -0.689339331634 3.88462050579 -2.85014746805 1.90066691543 -0.806783113723 -0.991719834814 0.607015346914 -1.25484323334 -2.44984120435 1.56388170065 2.98209321658 1.16596102021 -1.82434106509 3.06651831844 18
142 12392.8284245 -5.59021452494 5.40774944648 -4.81470662349 -0.108630813965 -2.84817077429 0.737560147083 3.13768273415 1.81933745652 1.66928194064 -0.344989950893 1.50514050836 -0.0477882702853 -2.12039189331 -2.18544340689 11
143 12548.5122729 -8.87286639051 2.55226676124 -1.78258256099 0.426520470946 1.68117684687 2.44268732944 1.77033964439 0.0832493027314 2.10104591421 1.3585552337 2.24984704221 2.47671213072 0.465576179944 1.9299142526 8
144 12573.4766128 -3.77275137203 6.4530138808 -6.1387960965 0.152323339906 1.94181525279 -1.77660928747 -1.73446744819 2.90469301982 -2.61782427938 0.55037028145 -1.18765603767 0.267821277649 1.29424755428 2.26291448789 10
145 12914.1433947 -6.41362421852 2.96757141801 -2.59613412659 0.0627630348526 2.1493601272 -2.40321681158 -0.555895623449 -0.328152765525 0.313426011295 2.774806443 -0.989327698742 1.64420112911 -2.82015528859 -1.71838104586 8
146 12949.7329503 -3.30543157651 5.56274324106 -3.19017017792 0.586156724328 2.7634167674 -1.64024508114 -0.157976256107 -3.10663063677 1.1269298411 -0.552026455693 1.25975170759 -1.45741042447 1.19786407347 1.73759628426 14
147 13805.6865943 1.44951814486 3.64532541409 -0.899391199306 1.88050707903 2.02761241359 2.02300892505 -0.742833679808 -2.48002927061 -1.18234382984 0.465728095882 1.44804747338 -0.0578214722293 0.346702847864 0.0585188421877 18
148 13951.803087 -8.7485234235 1.46401091015 -8.97452128647 -0.129186843793 3.12384929794 0.859869588192 1.30729654829 3.06401957406 -1.27864371404 -1.48039390427 -1.57451886727 1.51222397811 2.56323121949 -1.91147275323 7
149 14707.505495 -0.579433101906 4.08649298263 -1.62879301392 -1.40038484617 -1.86336119909 -2.954154866 -3.10235944918 -0.140426584966 -1.03239884597 0.166007417973 -2.0978419128 0.338653120355 -1.28381098698 2.04810306278 18
150 14892.3838207 -4.39155792711 5.92602033885 -9.00306318721 -0.151218316001 -0.547528514098 -0.966470279857 2.0584861392 0.400908045093 -0.12816924632 0.939367265151 -0.229786228945 0.388581614946 1.41039117687 0.355133379615 13
