 -0.311334767608 -1.80453029088 4.9287082229 2.65539790421 -2.37136871661 0.840069349824 -3.06830412638 1.89785159161 1.64089480007 2.53202811219 0.588130581976 0.591161588594 1.92093801588 -1.68002431238

1 2079.66880299 3.66993450415 2.68531639134 -4.73170220013 -2.66253916838 2.82786888057 -1.08014697816 -1.29278145013 -3.09190106596 -0.195690201612 -3.11548614586 -1.73246633596 2.07389505441 -2.06647516562 1.06550813152 3
2 2441.43673931 -2.34735719711 0.0933211158369 -0.668367914977 -2.8367287368 -0.757285378711 -1.05112324966 1.78480747141 -1.53108548005 2.92582573871 -1.13675596305 -2.42976508836 0.511340366272 2.72132380666 0.363488467442 8
3 3008.41781361 5.15001424485 3.15029062353 -9.33056828991 2.80023533258 -1.92796139849 1.81214172744 -0.26752492068 0.399029114361 1.73764002392 0.746264796646 2.78566039149 1.05560011891 -0.87598776171 1.62792276715 6
4 3171.08947381 5.50512853846 3.36409400069 -7.68114876518 0.0320922055025 0.362130673316 0.213562357978 0.293678062927 0.967443938626 -2.8124732076 1.13820881074 1.22638759985 -1.3838267245 -3.09628636489 3.09579158088 6
5 3778.59037477 2.78426871351 3.14235193971 -2.04552438795 -2.63935791551 3.0027324051 2.10534577942 -1.50351936059 -0.516693737726 1.8898845195 -2.13087299023 -0.620919766856 0.107922936668 -2.93263714899 -2.23955612152 9
6 4026.51615302 1.28953040438 0.222832057546 -8.76176599727 -2.84657380168 -1.11913520393 -0.762243858721 -1.89346668469 0.743676067954 0.41246507628 -0.216966365959 1.13451780075 1.41592612985 1.98212250831 -0.504783934099 4
7 4403.35930024 2.48300448584 -1.8243850722 -0.912943898755 -1.12808209753 -2.52302246885 3.00212169481 0.267936592229 -1.25673862219 0.6406536672 -0.416115768543 1.43992218133 -2.60169909056 2.45830949709 2.32834656228 27
8 4425.13437128 -4.20149935589 -2.29754949068 -0.331666627956 2.66176244115 -0.823959064211 2.80963120079 -1.14628513846 -2.76389604033 -0.747935150152 -2.50195301593 1.62919200886 1.981729093 -0.847651378494 -0.588009308196 26
9 4455.28559085 -0.163625260071 0.145967577187 -5.85228065436 0.261475413964 0.332984960909 2.30926139444 1.40287701119 -2.25506445152 -1.43697501906 -0.375295660008 1.12715933233 -1.34745546783 -2.47560641235 -1.08423310186 1
10 4673.5922805 -2.33940055239 -3.55794079468 -2.00654324232 0.731136021958 2.65158801727 -0.830884127623 -2.64405761603 1.16808505915 -2.95399083178 2.58078358506 -2.27021017315 -0.527058827226 -1.37585995153 2.21956334983 26
11 4802.25186813 4.69689260242 3.01687079316 -5.06742974532 2.76033069172 -1.38915614714 1.32355764644 -1.15673088061 -2.60090139553 -1.37924910426 3.03827700165 1.21005395451 2.5959970006 1.77019628361 0.0222482408979 3
12 4858.94136456 -4.74871075603 -0.17246183333 -5.19423377917 2.77617547275 2.6079998631 1.01392547721 -2.48866975495 2.05405297778 -2.14906530434 -2.51027352566 1.37422837771 1.42439283391 -2.70323100835 2.72159980858 20
13 4918.66565214 -1.43047003674 -0.442937772289 -3.51041931156 0.848318284929 2.16318313594 0.887967289324 -1.95965324876 -2.66716709952 -1.64334821534 -0.405220623203 2.62821658853 1.92336375309 2.90729889795 -0.658712909666 19
14 4947.52460492 3.31840927957 -1.04430221944 -4.56144490252 0.299257838697 -0.607445476796 -2.06440669162 -2.57553011324 -0.896987752149 0.524064094471 -1.45172134553 2.75817368185 -0.597022217298 0.492490712758 2.56753665337 21
15 5078.18620346 1.86726024683 -0.557631959707 -8.04479779416 -0.181402599285 2.50814944636 0.936301001906 -0.941249088401 2.64530774363 -1.71785694616 -0.869282803404 -1.51038433692 1.39448259082 1.76166399189 -1.60764835802 22
16 5097.84594524 -4.21107889714 1.85564585163 -2.61477798222 2.57328925939 2.98759527706 2.57837287247 -0.324667349414 1.48265802321 2.14566718055 1.95248192345 -1.94525475276 1.09690240213 2.52550055227 2.76478653556 8
17 5209.55071959 -3.61351621126 0.817227305735 -4.98337886662 2.41686346139 2.78831327308 2.89155463948 -2.50387231408 1.5796445071 -1.45234644316 -2.78522851687 0.242629441054 -0.882533547373 -1.65868996492 -2.67278934779 2
18 5223.98134252 1.35866756696 2.69287000745 -4.17916645259 -3.06726440797 1.43737860003 2.73296401063 0.872857946538 0.439029239674 -2.47616513317 0.0772575079163 0.977228495064 0.618732398997 1.87849053118 -0.659756608229 1
19 5293.95777503 0.2167357489 0.198408264405 -7.35936413294 1.35155898387 2.47814245149 2.67720446525 2.81135172536 0.452441651021 1.92333901242 0.0093364241278 1.23944362984 -1.52056671374 -1.85470458192 1.97046631785 4
20 5298.00803727 1.35081944272 1.77327078488 -9.1871368946 -2.1177184413 -0.626864617852 1.24253174619 -0.900188372148 3.01405693002 -0.673220256337 1.56855896269 2.8783159263 3.00609657992 -1.6786507035 -0.432188813045 4
21 5382.50169232 3.55310259961 -0.0325409267446 -8.71205457345 -1.32157941987 0.9681693568 0.48059874797 1.02227914074 -2.95590967301 -2.93227743584 1.2386084308 0.541727216968 -2.32090302415 0.553245696634 -0.789587411361 24
22 5389.40546153 -4.4235930503 -0.389972694014 -5.90812261554 -2.13044743686 -0.374518714723 -0.440976139897 -2.93223513506 2.25317226417 2.84149176226 -1.67869355104 3.09619278822 -0.870168715873 -1.21420341318 -0.475477972513 20
23 5434.33177101 3.82588641658 -2.49874115663 0.151427898994 -1.24367749666 -1.27112893439 -0.0871897632221 -2.59639031762 1.39110993296 3.00425270728 -0.340591419995 1.89967398586 1.74077526952 0.65096302827 2.56478823764 27
24 5439.86957262 5.46052284601 -2.21512665546 -5.04253317598 2.27112864411 2.80410136843 -0.814575259628 0.328299423771 -0.402276972174 -1.34168701213 -2.03761937305 0.00686274660652 -2.03211439886 0.481304330915 1.394471708 21
25 5440.29389067 5.71295104449 6.52627858704 -6.4667680806 -2.58126675577 -2.30114013087 -2.34383930952 -2.94445202424 1.28154735038 2.28303862909 -1.76419719769 -0.669120675694 -0.164187016434 -1.91482334799 1.05397758959 12
26 5452.96648883 -4.66178954839 -3.08035051869 -4.05844838663 -0.486396226957 -1.1903560546 2.29352584072 1.2537486025 -0.490471587157 1.82532220616 -0.48479465531 1.88012171499 2.02861627488 1.89563535624 -0.338878806646 20
27 5518.35517677 -0.273767455766 -0.0813462112101 -4.51262633926 2.82633252004 0.213161703189 0.921757158764 -1.65701532614 -1.64153934205 -2.32272380763 0.933295588574 -2.20075378749 -1.24829552764 1.72079362782 -1.00390633947 19
28 5884.73760291 4.82105019419 2.47923944624 -4.05407493029 -2.09516298519 1.26699702117 -3.04069890207 1.97589705046 1.39922961857 0.129195351211 -1.52938819224 0.602501444879 1.03092459051 2.12209238814 -0.201340072839 3
29 5953.60051031 0.682311484901 1.95790803372 -2.28816653673 3.100157801 0.884475248376 -2.62263929577 2.70274635818 1.82554789349 2.44053900699 -1.50265134309 -2.96273284233 -2.75873407046 -3.10629441421 -2.02770473303 5
30 6029.24463806 3.46346087469 0.109162403553 -9.58870562551 -1.68660770151 -2.45215137053 2.82704755536 2.41095667411 0.063299998495 -3.05850776724 -1.55202363805 -0.398389001536 2.64884894222 2.34653543478 1.94112509217 6
31 6077.1719357 -4.1504086311 -1.20837939049 -2.18231441091 1.05657750642 -0.395321803268 -0.229530398946 0.291017709445 -3.11205867114 -2.45949936092 2.33737340062 -1.88692023751 2.56619287215 -0.338932816816 1.05755953925 26
32 6139.04329623 0.724073340803 3.27760585671 0.143632652542 -2.45587420187 -1.65570235833 1.74776884687 -1.46010788835 -1.65212510926 1.81570675393 2.49331843291 3.10914267523 -1.49732258911 1.34378928432 1.25560766801 5
33 6248.10959351 2.75248868728 3.89285839781 -7.52925367465 0.589684778031 0.872260642051 -1.35456993993 3.04700591819 -0.45129410513 -0.956781741105 -1.81828269305 -2.49545025264 1.1764993565 0.142263963404 -2.29889887829 15
34 6264.91691456 1.10765186223 5.49631404995 -8.13788986739 2.87387794513 0.358510407604 1.50548022396 1.40707427252 -0.4271914505 -2.42702664679 2.75442100708 2.55443763794 -1.91805407443 0.577578607698 2.01335605415 13
35 6331.48387804 0.478047966786 -0.522266921292 -1.98916099941 -0.0157356027823 -0.550342159606 2.28067631134 1.8193427473 -1.83730366792 -2.70473626627 -0.967775325102 2.79019126955 -0.49539954873 2.07364849694 2.92764877804 23
36 6332.94992123 -2.68343075169 -1.03423077262 -2.04411239439 1.8433967997 0.231085301238 -2.76429429183 -0.573673312135 -2.12501624146 -0.0708560172664 -2.45148667778 0.810108042608 -0.676895701446 -1.71138027766 -1.76242844075 26
37 6498.51399315 3.20425901731 -0.858170057223 -4.71302076074 -0.505461846464 1.62549986106 2.24488239555 -2.55376678304 -1.07032576758 -3.10069844158 -1.00807795817 2.60739030909 -0.365159549185 -1.41673968491 -1.5912421403 21
38 6551.96987682 1.58754061449 0.616703381506 -8.45205380035 0.0598993838284 3.02621221346 -0.568069314566 -0.909592823301 2.64520195249 -0.0716194627583 3.12504485072 0.391235106155 -2.68882762974 -3.02622329039 -1.8919306891 4
39 6631.58911091 5.32261050998 2.09431539417 -8.17446212529 1.48053826651 -2.71339101292 0.195900209344 1.05502218773 2.95083442307 2.02232784095 2.74198860389 1.55176598416 1.90482236477 -1.05446361238 1.64381825141 6
40 6782.99127417 2.79706016755 3.39172887227 -6.9529242715 1.43661789349 -1.04889442659 -2.32473761112 0.595669410457 2.71507706016 2.89828353693 1.23887906786 0.604430930428 1.95534252005 1.62125241278 1.25098839068 6
41 6867.12479893 -2.51318827969 1.77220605697 0.236539616188 -1.8074444484 0.165078841029 2.8669532589 1.98217329294 -0.481921052167 1.2668127202 1.92644047714 -0.62580931662 -1.14379680212 0.344906568753 -2.4963854649 8
42 6899.74211981 3.43635975231 6.57548794689 -10.2005605028 2.2087860897 1.50861448408 0.245618989754 1.8722579887 -1.17062665479 -1.98006132484 3.08539486216 3.02086004127 0.287960856804 0.436482328014 -0.468082604751 15
43 6903.96927247 0.961345749607 -2.37741449206 -8.85436914107 0.91334306482 2.87061880783 2.16131696974 0.875478455896 -1.48173915292 -0.948967635126 -0.31603131166 0.201510239291 2.22832904877 2.25769398804 1.89664467321 22
44 6915.19354982 -2.08540839848 -3.47340048868 -0.15851115248 1.35747220892 0.643391144722 1.62019271435 0.635145932912 -0.399749445806 2.40715942082 0.338945032564 2.62982663044 1.92419922214 -2.98145632016 0.364493032452 26
45 6931.94516838 5.07052589778 -0.877363296434 -10.2786603493 -1.22235020839 0.675297682824 0.484717493476 -2.34199555025 -0.26532796207 -0.159679541569 1.67907242517 -2.4811397763 -1.24965036745 0.408118583675 -3.02793178213 24
46 6961.3708538 -4.04682139488 4.62499013251 -3.5037911216 -3.06748983158 1.38988874532 -3.04459440063 -1.80733870326 -1.07900175034 -2.6934547909 0.0766548944391 2.22775348956 -2.02325985672 -2.47542116311 1.45769256267 11
47 6963.58369664 -1.52807570474 0.0485500734257 0.0786326202687 -1.63649727847 2.16927576931 -2.17787928022 1.88060503555 -1.24064076506 -1.29971162345 -1.12486371303 2.47198267835 0.430401817151 -0.859213050871 0.148594942506 8
48 6974.31934579 -1.09023063863 1.44694944339 -3.25734013559 2.93525441355 1.21488094396 0.51885488907 0.888139785416 -0.627174149071 -2.65272651556 -1.52649743625 3.01578548186 -2.86172076837 1.87242922105 2.68314591422 1
49 6991.06583274 -0.00841682058313 -1.64383239565 -1.96146773709 -1.75501302296 -0.299980564606 2.74818969498 2.10760589633 2.28019774117 1.94916624811 2.52250048143 0.298079268593 -0.376891136729 1.11576487176 0.548299296579 23
50 7009.04067302 1.43426942298 3.15835221538 -7.47004729724 1.78847253597 2.12652109042 -2.77197865214 2.8174498128 -0.124478353662 -0.853508717358 0.716740698704 -2.56827309854 -1.91332327301 1.76198904654 1.04272333881 4
51 7014.83825763 1.33444629911 5.24579019854 -4.18225839161 -2.93325921104 0.201547858223 2.51770507693 0.218378820938 -0.602126297453 -2.89942032179 -1.11203418882 -0.936047505646 1.24861968226 -2.31322924678 2.96360375774 10
52 7017.60128608 -1.02384010889 0.516355938627 -2.0666525831 1.2435081319 0.143629674358 1.26553339424 -2.82331161011 0.0429798778753 2.60540157008 1.34777153762 2.10816133241 1.69671155067 -1.99059316779 -1.92991351029 5
53 7073.82270374 5.65316131939 2.27018184493 -5.75929051538 2.09719853793 2.6872862404 2.05348048112 -0.672269747641 1.54253823331 -1.71213045753 1.56359043625 -0.524562109359 3.13666384506 -0.292488533081 1.12134565283 3
54 7178.42398738 -1.51078205852 -2.54059818427 -3.17583174422 1.43708432481 -3.06385690143 2.43670336919 0.460548847629 2.97749352742 2.30576804359 2.17664796406 -0.268504553333 3.00254450686 -0.738829209736 1.14445510366 19
55 7192.69103185 -4.94335241857 -3.45098574259 -4.7798293691 -0.967605283523 2.73107222805 -2.15408599206 1.28047188447 -1.80679054629 -1.25046851666 -2.37153568859 -0.303572751705 -2.22895778299 1.62060346618 1.62288370503 20
56 7221.8789541 3.49538858407 5.0904043234 -8.51910112122 2.61507116129 2.2011021683 -1.52882589688 -1.37029366183 0.45736821832 -2.25053326142 -2.91047941617 -2.64313229621 1.40160130821 -1.69526485139 -0.996341967925 15
57 7252.33744023 -3.46493059353 -3.42544722684 -7.64202631804 -2.26836830031 0.351988324664 0.439903815007 -1.62064400506 0.301616144451 -2.1631706815 -2.90724358679 1.70490175367 -2.31380355744 -2.67887545033 -0.0393494150144 25
58 7253.68862571 -3.40844598262 2.71928027032 -8.16089058329 -2.42178588051 1.19245646572 -1.26911321135 -2.07295773725 0.682062699703 0.513250025966 1.80658136488 1.94775093028 -0.980863193608 0.585022308465 1.35134824949 7
59 7273.36398737 -0.711904139581 2.49790054858 -8.4869077482 1.69952978659 1.26387906971 -2.2083595991 0.263322399271 -1.83246149864 0.724941913887 2.38747781685 3.06341447984 -2.46217146311 -1.86494930421 0.479147842276 4
60 7275.09314151 2.07105810524 5.43233394123 -8.53647350106 2.33363472897 0.439991142768 2.38483441867 2.52390139244 -0.355163958245 -2.62192841573 -1.99250427777 -1.32725407699 -1.78308573875 -2.54255066539 -2.15034593478 13
61 7355.22454019 -2.75076098005 2.91106903022 -4.8013505017 -0.376603595903 -0.37872552734 2.45359109458 -0.41511381835 -0.945408846642 -1.83134649638 2.1680125485 2.74163226144 1.17814680882 -1.71008078849 -2.30024723971 2
62 7379.55065764 -1.61499059733 3.12631716068 -8.16670555622 1.32765231054 0.124790501282 1.92793317066 1.19325884244 2.37899907005 -0.620121515887 0.668736829013 1.47208278446 0.887496909555 2.96704714732 -0.84996280134 7
63 7409.61905933 5.45613483728 2.60172895815 -3.38179337753 -2.31145184664 2.77519218082 -0.891729846859 -1.50279551383 2.77626293408 -2.60168818344 -1.5092068336 1.53615350747 0.932642245194 -2.79470299913 1.76553375319 3
64 7468.31574609 4.32713256659 -3.08675805809 0.0495438617801 1.96360514555 -2.5157413937 -1.05151847447 -0.664034248999 0.193309499055 -0.052266496393 1.95081095331 -0.379725754582 1.84732448752 -0.793222543629 -2.16729328217 27
65 7476.96437929 3.06342306632 5.2596730236 -2.43407183777 -1.84658240348 2.06190051576 0.813389445762 1.86819691168 -0.957695554985 -0.753813990633 1.11395589959 2.34749255815 -1.77061458775 -1.69763686337 -2.20659780809 18
66 7492.80133599 1.12733141881 -0.894488217224 -5.0018723675 -1.00116029364 -0.310695465028 -0.489420627939 1.12747995293 1.42700743358 2.6393006353 3.09127278184 -0.774421915817 1.01048852304 -0.627572516646 -1.23406586503 19
67 7503.82427418 3.11152603828 0.39318668522 0.320462463055 -2.95598332393 2.06969395003 -0.938864950468 -1.76142862891 1.51971795306 -1.14332137738 0.233229021257 -0.478691460107 -2.83757405264 -1.26685025728 0.39481944866 9
68 7514.28004691 2.52635950259 2.43379975483 -0.709666316701 1.81605341838 2.41995656973 2.43973953138 -0.911904233194 -1.72331551394 1.80723571417 1.16163864109 2.09966763615 -2.63476836141 0.492928488988 1.61133788 9
69 7542.44443926 5.55640384317 6.48167348764 -5.75360175294 -2.16766584779 2.74483442403 1.73282090603 0.104968505351 -1.28528206281 0.857207187682 -3.0862786831 1.01849568057 -0.670137324131 -2.76304898924 -0.0516460825182 12
70 7603.4955226 0.0273488152505 6.42192357684 -10.3023582342 2.10557064197 -1.81560791667 -1.09554305261 1.38347267706 -0.520700381408 -0.866765111988 -1.58287297886 2.10817352378 2.6139215946 -1.79588899999 -0.902883322985 13
71 7641.69317749 -1.33319615818 2.58031919231 -0.516409162193 0.920864567967 1.93234020042 0.959800889578 -2.61947434421 2.54001322113 -1.39813044362 -0.315719795576 -1.05688380829 -0.892617785967 -2.36317120664 -1.30359311452 5
72 7685.3824575 5.35820652308 3.15462716624 -4.48247808819 1.29962803179 -3.01350756524 -1.76885361671 0.381122164903 -1.51887490258 1.61268287673 -1.62537187726 0.151986140551 -1.06975472543 -0.81521853905 3.01317006823 3
73 7741.22668246 2.30334362576 -2.61115941274 -9.07794497141 -0.280688050831 0.870570803086 1.85488280606 1.02994862901 -0.572192749679 1.00859830194 -1.92982463232 -1.73350608755 2.33400637807 2.0950770863 -2.61939593799 24
74 7741.92478342 5.12280136312 1.49816274779 -9.49373709568 -1.3421246494 2.89868973868 0.425332352773 2.63067278175 -0.808128362892 -3.0373618483 2.1318353578 -3.13461627152 1.85184699488 -2.08687004768 -1.92480297299 6
75 7744.31188677 -0.100802646178 -3.61544549184 -5.96789410979 -2.14399355172 0.635089120396 1.89101676754 -0.421341122039 -1.63790465417 -2.70124664314 -0.375564656695 2.82510437981 -2.66125463324 1.8903655286 2.88852496716 19
76 7861.92032779 -2.49592775 -2.74585093681 -9.12816765311 -1.20381158592 0.436845227528 0.860947856765 2.62280696834 2.34177120244 -0.361711050427 1.33470168154 -0.208028470691 -2.32865564881 -2.40576964272 1.92067555625 25
77 7867.58050331 -0.402535013478 3.06078504273 -4.74767375949 2.40863694741 -1.65719206512 1.3177672074 -0.630868195432 -1.90220613418 -0.54829136888 -1.85194069289 -0.8139068417 -0.575519643899 1.50571633932 -0.234819943347 1
78 7884.64906263 -2.01477577999 6.17824074231 -6.17450691891 -0.997363492887 -1.30849252816 2.49302091257 -0.392107817218 1.15692424983 -0.674941678362 2.0551573776 0.60436615835 0.816983989708 -2.70603669022 1.15194682144 11
79 7960.04014952 -3.96901642293 -0.0102215151063 -3.85019185418 -1.2913187089 -2.41491997576 1.36012937675 -3.11806210661 0.81732630363 -3.08520199891 -2.87776570749 -2.60570535942 -2.29402333185 2.39989305788 -1.51799217719 2
80 8002.11497494 3.06266087205 -0.484210706886 -1.55002755173 2.3796526413 -0.794613149748 2.71940312474 0.848105708647 -1.35501615411 -0.828956382821 0.552209296416 -1.28853558213 -0.306221921068 2.72710606099 -2.58756666163 27
81 8081.34296786 4.28042368819 6.92001903608 -3.13877016302 0.610941510284 -1.48545063685 1.74126023068 -2.29097383943 3.07721325538 -0.620921270704 0.538219848422 -2.77639057642 1.49695339856 0.434386052937 3.08552340946 12
82 8138.68878703 5.15566592321 -0.642285537377 -1.19828894729 -1.40089515689 2.66986230939 -0.000590588810299 2.75624357876 -0.879028732595 2.66650578458 1.0512874794 2.81247387154 0.626727286271 -0.898771857851 -2.25693619259 27
83 8138.88948829 -1.23131960267 -0.274955660917 -1.48414522085 0.910506659133 -2.44143272345 -1.42768822436 2.19428876977 3.07207030554 0.110471799393 -2.63546066711 0.219362645699 -0.112562088847 -1.89439352199 2.76031578661 23
84 8241.2598131 -3.68529904177 4.12813807735 -1.07388195832 -1.82805981628 -2.82094538389 0.115622842328 2.89474165973 -1.32919066 2.65846543359 -1.04093927327 0.710247610947 0.227522839565 -1.47920104723 1.8931563756 17
85 8309.26722047 -0.0881972024693 1.58283946527 -2.26466018464 -0.971750413974 1.35619738561 1.00807108447 -0.533477607729 -0.905935018449 2.7774517203 -0.523894485578 -1.58008598606 -2.03542344151 1.0048041558 -2.13842532394 5
86 8345.10674175 0.935432412079 -0.674844603624 0.561503051265 -0.663311822252 -2.39718452909 -0.361288148983 -2.776175162 1.53773365805 1.88558957618 -2.82276437105 1.80425487081 -0.43772380364 3.11026779132 1.97966702289 23
87 8347.96846938 4.97316010206 5.2067886925 -8.9181703352 0.816954932415 1.25349755022 -0.873234103311 2.84559003536 3.04857313001 -1.51984365104 2.60111173099 0.535591481845 0.224688576251 0.324927287856 -1.32346818989 15
88 8357.17001711 4.93462096905 5.30013464367 -9.05741376508 2.13637858291 -0.0339922496449 0.259705603074 -2.01438135587 -0.633041259319 1.30545874585 -2.67890230561 1.86709565844 1.61451639128 2.03986075776 3.04057021784 15
89 8378.30958074 3.10802911505 4.81491309039 -6.94350573967 0.16297456606 0.0421103515614 -2.92940410489 -1.43247542519 -1.83600989279 -1.67961474809 1.15284118945 1.46524722818 2.67284860752 -0.996007395156 -0.153080545023 15
90 8420.41140614 -3.67999945141 5.41423372397 -8.26442590985 -1.45341412912 0.0364656241739 0.888263498697 -2.32607663387 -1.68839691682 1.1307728584 -1.2298424608 0.548422871775 0.274208714526 -0.136183497544 -1.85985353562 16
91 8513.55604963 2.1007936331 1.00513550283 -4.51147841042 -0.330073131667 0.493466325207 0.661626203607 -2.70378736318 1.32488166213 -1.94544048318 -2.80306209535 -1.89698099113 -2.47485765694 2.70054908028 0.843954587491 1
92 8618.92505369 -3.20085057174 0.987942022713 -10.0572927834 0.929357137941 -0.468200992897 2.4743051077 -0.416145440993 -2.43714922432 3.13743211368 -2.51540785642 0.0174856340724 -2.76264781545 2.33685878363 1.91680222936 7
93 8719.87742583 0.225149482427 3.64801281645 -5.85522067544 -1.8365956091 0.483683260164 0.00533824345122 1.4277501302 2.51574195785 -0.291131582846 -3.05396417912 2.29890292879 -1.41514618146 -2.76562226229 2.93052060536 10
94 8746.27612128 -2.00482353019 1.80779777083 -10.4122720556 -2.33455662588 1.79522692013 -1.92760748587 -2.42346120603 -1.33087998506 -2.24632918095 1.85977468776 -0.196455353689 -2.62112401279 0.227859833739 -0.247929059922 7
95 8768.62015776 1.83692221838 -3.19775095829 -9.82132978264 1.25381037994 -1.82440297656 2.33276745814 -0.902850075431 0.625086306613 -2.66074461474 2.06160577887 1.17175706224 -1.11793219388 0.996243306364 -1.72331664996 22
96 8771.31999072 -3.2926085497 6.76956851246 -5.58874352343 -1.90512971218 -1.47242935835 0.226612024515 -0.0890407847785 -2.16945601551 2.81739830805 2.33820571565 2.15525576192 1.70374170684 -2.24559263058 2.54058824966 11
97 8789.83325051 0.201937700659 -0.806922989034 -10.2432506982 -1.95291020943 -2.10345758406 -1.43600147777 -2.67457618824 -1.3960155616 -1.79664860188 2.48497959039 -0.756692591258 -0.530335328944 -2.51347010699 1.9229437264 22
98 8878.91587869 -2.20323408044 3.23434431225 -7.68049167942 -0.0958795153439 -0.983529134647 -1.47106011297 1.98293418725 1.38291141006 2.46250001493 0.644231092857 0.104485861677 -0.924501853767 -0.0774417779627 1.06804906198 7
99 8913.06589446 -3.56587636864 3.80087618778 -1.33101054788 -0.663410241079 0.492868513573 1.56844947004 2.95560743435 -1.77245593132 -1.48578513906 -1.81685421845 -2.29118244498 -3.00132672334 -2.87975437192 -2.02122851468 17
100 8997.17413132 3.19776241793 -2.51561460663 -3.83966294766 1.35973486073 0.609228975317 1.38754735479 0.168100420065 3.04153054081 1.89329032453 -2.25075970486 0.629319622644 2.53031460001 1.1946307476 -0.0602527745178 21
101 9040.48363308 5.04689555198 2.24947479682 0.0674338168157 3.06908123256 -1.19276782056 1.48974803195 2.69253226606 0.890357631557 -1.27063872416 0.96390420124 -0.379863007662 1.96546924508 0.395899194589 0.205691948084 9
102 9066.76026608 -2.9049362799 -1.24468791216 -10.3205995904 -2.36977710405 2.93848929562 -0.897263704552 -1.77390616246 0.083496009026 -2.99104442466 0.599225888537 3.07013842568 -2.26352594722 -1.43771460347 -1.71535349685 25
103 9084.88582365 -2.13829590812 6.06418540795 -10.3161114749 -2.05315953867 -2.69303940682 1.40147859595 1.40805920658 -2.54541503889 1.80081913817 -0.801191376377 2.74836708641 2.91466275688 -1.18230746869 1.80419153817 16
104 9177.79417813 -4.43113573641 3.73114934762 -10.0817513842 -0.529300508602 -0.132529732422 -0.0569214149006 -1.2903751755 -0.587887012867 0.217105447379 3.13561044252 -1.97369631542 -0.0143691976802 -3.09904432202 2.92303083911 16
105 9244.48424116 1.48489417164 4.1618628473 -8.0232344457 -1.00100407252 -0.504289870377 0.70001053789 -2.11222246927 2.88572597793 2.53792189351 -2.42534835009 -2.52329845165 -1.4197351058 2.92744871506 0.584768177902 13
106 9374.82125234 -0.243544485822 1.94708703481 -4.44918443235 -1.01988916156 1.00331805804 0.487159152925 2.84325377524 -1.86112321469 2.29136567716 2.1958490992 -2.19976774004 -1.13716950464 1.59109047347 -1.82555043631 1
107 9387.57528823 4.10716837838 5.01960679227 -3.5245537984 -0.264677880207 2.53676707054 -0.994324728406 -1.39523930978 -0.310861609949 1.83337080566 -2.86751383785 -2.39709867787 -1.78431607838 -2.19481356054 -1.54190812909 12
108 9501.03481136 -3.94112826656 6.2092866476 -0.481773034696 2.93881991836 -2.64466744972 -1.65907679373 1.06547108492 -2.92604556026 -2.82093379327 -3.1350104047 -0.0878484155441 -1.85369366702 0.774559715016 0.822224126566 17
109 9540.58500794 -2.34349699619 1.76338428731 -4.9180789517 -0.964617240848 0.585297572508 -2.24284235852 -1.27298922656 -1.24271538974 -0.217900632742 -0.0622296154949 -0.249971741952 -2.49900272329 -1.66595490881 0.906933503929 2
110 9546.42292457 -4.6194807822 1.10075450819 -0.917735535545 1.29240044478 -0.938566884853 -1.27651377297 -1.33202316812 -3.09220575415 1.38862979658 -2.59509295189 1.35341129265 1.90997547052 0.343719129064 -1.11677616956 8
111 9583.26962648 5.25790150975 7.0241643219 -4.09583457198 1.64015679955 1.43479109357 2.597705806 2.76602317418 2.13371173936 -2.63032560733 -0.767792496662 2.6826826182 1.26802891043 1.83775536035 -0.280978431738 12
112 9599.17899445 0.0972367546033 4.35983767918 -5.56159402329 1.49977560781 0.574604990121 -2.56059621373 1.4228247403 0.9783700797 0.731885621852 0.160528663303 -0.416911638548 -0.747011649105 1.28767697298 -0.486170900699 10
113 9624.05624441 -1.49047304771 4.75426096806 -5.47764832822 1.84956855512 0.127750509217 0.536309577654 2.30994640353 0.295633375988 2.3907467264 2.25840924566 1.18415421858 1.35583438723 -2.12292533858 -2.87855886371 10
114 9663.87869138 -1.06378405921 -1.48482061528 -7.09420493878 1.88253835015 3.03503456116 -0.815188178092 0.313870854819 -1.98056020479 1.95762758671 0.138056183874 2.12849412949 1.87943307809 2.40233593635 -2.22341808305 22
115 9712.20819172 3.1927482576 0.117278403654 -1.45335160935 -0.681156776669 -0.191414766098 -2.74711586136 -1.96429137361 -3.06786921636 -2.64342999152 -0.354556806373 1.69123403731 -0.358618064296 -1.89040890185 1.8970351468 9
116 9749.85069396 2.73436338369 -0.0451060894861 -6.8802773254 1.92620432697 -0.631377393443 0.476045887535 -1.23954846715 1.19562185714 -1.9247468799 -1.46199391727 -1.64016116236 1.94380809966 -1.1498740691 -1.68613400627 24
117 9818.43353691 -1.80289968273 0.592076635589 -8.88933466204 2.96952615787 0.777193532766 0.309455210604 -0.745740604119 1.89998255475 0.867431733747 -2.72053371486 0.851248309026 -2.92035712118 1.63822030134 0.846742328297 7
118 9865.46856307 -4.80970814276 2.54623629812 -0.203974494594 1.3053590327 1.29512696305 -0.140552284134 -0.318865450931 1.89157924265 2.72761249874 0.912027985012 1.02801758269 1.66466280885 -1.71606995509 -2.01112365867 8
119 9891.4208096 5.73276231779 -2.28689286572 -4.43542487722 -0.159742883988 3.13832241515 0.517815229307 2.93743821557 2.17493418988 -0.298569310598 -1.74514412975 -1.78847724246 -1.51395462155 2.5711216347 2.42603293811 21
120 10016.0158231 1.2487467383 -3.69020575334 -2.1451541938 1.23491071365 -1.93886368676 -0.960292567279 2.15647314899 2.82064581074 1.43056559291 -2.38287475555 0.808260000966 1.20001511248 0.231848328858 -1.95026369583 23
121 10052.4909156 -0.883449579679 6.30005294335 -5.20079683786 1.35756699388 2.99071396003 -0.777046785652 -1.94143127817 -0.0714689883081 2.52670087135 -1.16542963813 1.25728101675 -1.93946538414 1.15624359735 1.18865347558 10
122 10203.8111816 -3.31825386822 -0.451185649587 -4.98484209434 -0.541313108514 0.289182083166 2.66042735584 2.31223796356 -1.35124016953 -2.69392325847 0.898185680733 -3.07276489097 -2.82276311099 -2.42231059607 -0.929288495445 20
123 10208.3251538 -4.91821811287 3.02347438147 -5.10054234854 0.367708708233 -0.378860108276 -1.70659696821 -2.05621825896 1.84452956378 -0.176662094431 -0.733299527124 0.807926917387 3.10781095125 1.53196818023 1.09135276297 2
124 10710.5284256 -3.36281134994 6.47417055679 -9.71017831191 -3.11351275075 -0.702010856376 -0.802551183243 -1.36432481187 -2.33452628807 0.486759746425 1.98301731217 -3.13115775059 0.855085196649 1.88701258808 0.295021230309 16
125 10722.8544945 1.21782134859 5.50867935493 -3.2569714824 1.0384423073 0.659291611623 1.84751547604 1.55425465487 1.05760754142 2.71765919812 -2.20230114378 0.802031445421 -0.00419793781097 1.61882579353 0.688105447344 10
126 10726.2376818 -1.87360852278 -0.170978304151 -9.65882992742 -1.67057084024 -1.81268231674 0.511463904617 -2.80925361616 -2.07858890699 -2.33540380643 -0.979991713334 1.22833494623 -2.9956704093 -2.22560257569 -0.252377268602 25
127 10801.3614707 -2.58623571284 -3.48753774063 -9.76771978214 2.65708274014 2.01414842941 -3.0564670071 -1.01158106518 2.09893944116 -2.94051259491 -1.26279997881 -1.60403012357 -0.958980641558 -2.15014216264 -0.518710679536 25
128 10897.7228574 0.523960958076 3.01209801866 0.210122966215 -1.53332286699 -0.703677299057 -1.15794553162 -0.721683695612 0.263656364219 3.13455828225 2.75376168045 -0.595933176047 0.753388000849 -0.0689167645377 0.802443063064 5
129 10964.3700812 0.96234136482 4.07213143433 -1.86123791363 -0.660950396669 -2.6826340694 -0.125677341051 -1.0109874415 -2.26863046827 -0.350790970952 2.14481327533 -2.51990337385 -1.77205407852 1.26195192256 -1.13975472916 14
130 11006.3111638 3.96534711033 2.06900965584 -1.38405083284 -0.850425114296 0.461200125617 2.09192655341 -0.680263058958 2.50943385554 1.67363905103 -1.24632905741 2.59482302358 -1.49855518245 0.366112368553 2.19805114469 9
131 11256.4484525 2.75675532655 5.65725674816 -0.323884846961 2.12393042465 2.1610763546 -2.78366209942 -2.55537609681 -1.15716361951 -2.41260126261 3.12551101109 -1.29505194938 -0.0350635584148 1.42393490776 -0.334094469618 18
132 11646.9132702 -2.85868547599 3.89026579086 -8.85778241179 0.851297796669 -2.22721807481 -0.623515568118 -2.65224096235 0.515184626822 0.839404899767 -2.40936365512 -0.698967873697 -1.21592134925 0.07255869149 0.944345678648 16
133 11801.6561634 2.76785279747 6.62261617582 -1.72879077132 2.75603550981 0.648138741519 -2.32870206403 2.79260074035 2.37485303813 3.05105461117 2.51832512276 -2.01179905627 2.14994288124 -0.562209589683 0.845023878564 18
134 11828.8627693 0.700526747291 3.86063627526 0.464735304356 1.54788350833 -0.533439332622 -1.27106316684 2.22638232181 -2.00144671256 -2.89649596826 -2.56983998448 2.1939910646 0.990826479468 -2.69846796095 -1.08428446709 14
135 11841.2873793 -3.52748541175 4.07106717982 -3.97729458026 1.37694914712 0.117323393939 -1.3063734554 -0.0874696078831 0.398617646578 2.43726141369 2.07008897483 -0.438101468642 1.68003720395 2.3632675385 0.0411390082838 11
136 11854.1428379 2.18115184066 6.39935959983 0.0754717229327 -1.6517766616 -2.31039540832 1.04914834942 -1.48025885694 -2.35621515335 1.38410957479 -0.0554874375017 -2.90649617411 -1.07207915492 -1.66543514965 1.44808782509 18
137 12088.6019949 -4.86314123448 3.00185287252 -3.94714447015 1.29534367782 -1.22688067982 -0.333825545636 -2.47179275316 -0.692503729161 -1.30249471965 0.91239297354 -1.46794223355 2.07403387861 3.06322945282 0.0129439778755 2
138 12102.6744798 -0.252686367889 6.68848956498 -1.25944603425 1.21236889895 0.0999045613842 2.65112060776 -2.22213618594 -0.770863728587 -1.43186826787 2.00636265667 -0.343003469458 1.94716097163 -1.91582989105 -1.43260240267 14
139 12162.2798707 4.27064664232 -3.25802512391 -9.01925026493 2.12743628893 -1.02673971387 2.9624274837 0.312253607072 -0.903065247918 -1.8154570252 1.10790592746 1.2821856172 -0.0858053636333 -1.26379690242 -2.37654977389 24
140 12249.5384199 -0.451666617069 5.81960867902 -9.65845164749 0.489118262569 -0.343891313998 -0.894868439851 -0.970885626361 0.686518204667 1.06168397649 -1.65943773322 -1.75458443866 -0.714646284933 -0.519148670434 1.82953260951 13
141 12756.3490227 -3.96807609405 4.94627718427 -5.19805978376 0.722450780619 1.01678740964 -3.14148708968 -2.39336281789 -0.308993168831 1.79914086528 -1.57980676346 0.468252435742 1.40196451976 3.01811704186 2.06161660335 11
142 12847.6690068 4.04444292678 5.33324647114 -4.11964326856 1.76578538575 1.86879074692 -2.05601826338 3.06475475857 -1.13081056688 3.12712195749 -2.18400296015 2.07752659437 -2.42719398827 -2.82568737104 1.93850647574 12
143 12902.073397 -0.0295636166691 5.98800143914 -7.00157541964 0.438458714466 0.90371581708 3.06271826864 0.7629951201 -2.74782693373 0.550219799187 0.451002604965 -2.32450392168 -2.01758434189 0.82123247918 1.39369728899 13
144 12947.5810697 -2.70373335962 7.06155036294 -2.63942768865 0.560925714893 3.04946520414 1.18935184592 -0.296934748904 -2.6540594394 -1.67187543652 -2.55091311891 0.412348227738 -2.03581333195 -2.65471933875 -0.871023918871 17
145 12961.4609838 4.81917282374 6.81626795695 -1.52780398187 1.26368365133 2.44275408649 0.172406561166 2.05476764974 0.0447962677866 1.23042021369 -2.60853512349 -2.15812434472 -2.34805118515 1.9795011612 2.14626108323 18
146 13095.8627339 -2.78150433148 6.47552029097 -1.85723068232 -2.51415570714 -2.37731574459 -2.20411713943 -1.59372050696 1.05434906519 2.51619955735 1.40553780916 3.11165314465 -2.56965754577 -0.53759071456 -1.22586303968 17
147 13786.374252 -3.65353468707 6.40847769641 -6.5065246477 1.4752707541 -1.10674014514 -1.31101719602 0.606446553313 1.69532436382 0.450911330845 0.191940200442 0.00688023952596 -0.492121723754 -2.6194176408 1.17230609985 11
148 13887.0749726 -1.22226932612 5.61644803384 -2.07583361181 -2.68681565138 -1.14853752889 3.06953070528 2.23317805823 3.01164420951 -0.128662898046 -1.47306931768 0.663064414506 2.83101930213 1.78437297499 0.875807454889 14
149 13956.6021506 0.173133581221 6.27863607738 -0.0537945051341 2.68654547956 -1.94571545752 0.159887545291 -2.79111603941 -0.0707120063901 -1.93576841094 2.4178542519 -0.381358030201 -1.19422879675 -0.458265403192 -1.90221803175 14
150 14089.2613861 2.12010042765 4.86394018464 -0.228771701195 -0.928677278115 1.15730893833 -2.63742317178 3.02815221938 -1.72577790896 2.06848544037 -0.413490533949 -2.41499745498 2.49462192127 2.52538078503 3.10112779089 14
