 1.35264433194 2.44598922309 0.294018313776 1.43278747522 3.00537840068 2.74883412601 0.813956038468 -1.68221331839 -0.960634565236 2.84677765752 -0.523615577193 1.87814450905 0.864888034744 0.159437942939

1 859.959887441 0.909054635025 -2.60054799758 -4.62253494068 -1.44714108863 -0.383878752786 -2.93400089755 -0.849715269188 -1.08567482144 -1.08884982395 1.90443905464 -2.50042768243 -2.85497739121 1.07218253396 -0.431449477376 6
2 2102.44042375 -6.46227585087 -3.88695772849 1.94360470152 -0.818234364417 2.6055289421 -2.29611897475 -2.68819991841 0.686274090082 -2.41924798785 3.02306595466 0.510244606529 2.99112018276 0.498029248215 -3.02679921358 8
3 2670.61243096 -3.28072795406 -4.84692415343 2.50019576748 -0.840455159081 2.89372168943 2.96777587202 0.146616547108 2.21075255584 2.73701101846 1.58600565054 -1.76546900562 -2.06655066156 1.0526815604 1.78681850936 26
4 2871.3635726 -6.34522489427 -5.49644477422 2.79668012163 2.71240992619 2.96438745438 2.1275272803 2.17889533558 1.73481086255 -1.10236561782 2.29217160693 2.92000024456 2.34398507896 3.05347938483 -2.22384356441 26
5 3031.7415216 -4.92089008459 -2.86764887557 -0.0852098935223 -1.10780747541 1.3910837862 -2.23747480063 1.78031428283 -0.660883820679 2.54307482899 -2.52831901901 0.162543685803 -2.90496259966 1.01289550927 -1.0507160734 2
6 3635.73253712 -4.51190637264 -4.0972242048 -0.311593266484 -0.76067373264 -0.935714165231 -0.864851500205 2.69623237254 0.676768133228 -0.407610366613 0.509972457357 -2.01225975997 -2.98583868149 -0.425438531481 -0.85498535758 2
7 3997.99442026 3.00726424369 0.903399021874 -4.67623051735 -1.2217307446 -2.56676701899 3.07167578758 1.82959615881 0.934841834347 2.89771711394 -0.216208595358 -1.51499339906 0.512586474626 1.14719975726 2.48484460033 15
8 4173.30792981 -2.58612851331 -5.60236496816 0.652087306893 -1.9797052251 2.84562179513 2.85593749529 2.12517829224 -2.32355666699 -0.186046201904 2.67983207561 2.69526998338 -0.788994740442 -2.47398253448 -2.54041427968 19
9 4428.1446587 1.75649448518 -1.68819242988 -0.304714682001 1.75842320819 -2.59897124407 0.177517003204 0.92438299825 0.567675463036 1.47737090218 1.52837577931 -2.52634955255 0.859892454275 2.56856550544 -2.6928257611 3
10 4611.59170617 -0.200211436716 -3.78858503464 0.978241482497 -1.78561658107 -1.02010609375 2.08720901543 0.384056828597 1.09085261718 -1.13545716932 0.171652341259 1.81156807503 1.83133948393 0.983989165751 -0.225714004884 1
11 4642.98533342 -3.6172537824 -6.53232657913 3.72701231317 0.832416017614 -2.86541392338 0.634227928097 -0.0617922494793 -0.968754382332 3.0246055662 -2.07591050915 -2.02185711684 -2.26326648502 2.47959244893 1.37838058829 26
12 4743.24022398 0.0257472278084 -2.85469149165 1.31361553118 1.58174635754 -1.93291049479 -3.12214057562 2.76339142552 -1.19673592832 2.51189774965 1.15774103709 2.5999082227 -1.38069673449 0.863080432742 1.54732157784 1
13 4801.74987028 -3.0926435105 -5.87892323716 0.239740670624 -2.6879345308 -0.756884372151 2.42068423774 2.48869276158 1.85785280556 3.11677720708 1.47827109413 -0.164517245207 -1.3105271142 -3.03543021071 0.100741891402 19
14 4976.35665385 -1.57522583423 -4.74350575526 -1.21687191671 1.93293240723 -0.881229488245 1.22910160681 -0.261399866858 3.07437922926 -2.87663819525 -0.239909190498 2.46468836348 -2.44686644547 0.877941718373 -1.26222082744 19
15 5018.11574853 -2.08965436397 -7.79272106131 3.41607494024 0.676972521998 -0.893906893103 -1.03921367512 1.44004817401 -1.82706696317 -1.17922512034 0.392975328156 2.82025984366 -0.674897523053 2.23188095752 -2.92819168454 23
16 5101.33364855 0.435525671387 -5.26835714656 -1.04902627154 0.876723237872 0.393570804616 2.50707900883 1.55901931762 0.819091815331 -2.42375559383 0.246191931248 -0.0601602921761 1.33919305817 1.47282793312 -2.99116821574 19
17 5192.19318085 -0.03300658177 -4.47410115539 -4.96848352658 -1.56512447761 -2.13469871723 1.7252288416 -1.65826782002 2.37672779456 2.15631771813 1.02289192166 -2.6667276484 0.66173547502 2.46359508894 -2.10763822717 22
18 5256.33759505 -1.2487619519 -5.85928109575 2.26627956048 1.92301177523 -1.24395738926 -2.50451815177 2.55491622178 -0.569188672157 -2.07763834313 0.802208679177 3.12750868839 -1.62620537388 2.17415093729 3.13990503314 23
19 5261.93629523 2.43830397914 -4.5080886287 -0.678766735456 -2.25419710612 -0.544987379293 2.76823438607 -0.241590923299 -2.38457152375 -2.20586757255 -0.774139014464 -1.80957552281 -0.0479595340936 -0.610484810531 2.82602098341 21
20 5286.30216266 -5.43437145908 -7.53838089228 1.64223890163 -2.41178952829 3.06554390576 -0.0389497700753 -1.72800564725 -2.5457994349 0.268899254902 3.01934491214 -1.55534857776 0.577442285791 -0.636466955314 -0.568994614904 26
21 5457.15848037 0.573245763051 -2.03598698766 -3.37969912873 2.22602741125 0.513102483318 1.93406409418 2.64101179131 1.50164395792 3.02108073928 -2.27952983844 -0.127257635813 0.339380906619 -0.139107438749 -1.65273022144 6
22 5459.76542222 0.000684803910091 -7.37161821492 3.86972295884 -2.22837594921 -2.65274722434 3.13965046876 -0.969190123878 1.4081873272 -1.75225825019 -2.24124289929 2.50064957133 -2.49481321194 2.51783267844 1.09783429568 23
23 5463.12833774 1.75137169473 -3.45048718804 -1.98474719296 -0.846203156613 2.57871573141 -2.17924911969 -3.0636912664 -0.0710389338943 1.59352008178 0.031526066813 -0.109561763809 -1.24904147402 0.470273046172 -0.862398762028 3
24 5528.92121614 1.00438862875 -0.402850839783 -4.56913504696 -2.63859762592 -1.75403856425 1.01240022014 0.251758563402 -2.24819223877 2.882318164 -1.31677231406 1.1104147016 -1.53083466609 -2.11334505119 -2.26177007844 15
25 5655.9817358 -6.01296419246 -7.23088794042 0.627761011707 -0.107078046968 1.94660136561 -0.946228770742 0.92612770245 2.6860094652 0.209258233707 0.703988849709 3.06214977403 0.574870998792 2.38977579429 1.00909778964 20
26 5669.25975152 -6.3856041394 -7.36500332843 1.19863184411 -0.105801647349 2.45980990481 -2.1902322412 1.80072700721 0.892821347775 -1.95802950384 -2.73217244928 -1.45259001732 0.480319389115 -0.636462743832 1.25298203865 20
27 5703.72952614 -3.91656156541 -7.20672580849 5.0391935155 0.133799844581 -1.36807988515 -0.939794887525 2.19364322572 -1.01438583023 2.83165078185 2.78567059983 -1.3606736522 0.261451554397 1.91514131452 2.10073332108 26
28 5861.90196239 3.38900305078 -7.26505261812 -1.50266161399 -2.60117838477 2.30406105409 -2.73275820005 -2.88478928711 -1.40412879056 2.26471975361 -0.159289551347 1.47441952403 1.94613888671 -0.503537084114 2.19266957562 21
29 5910.1751459 -6.56747484897 -0.238340409592 4.55955122388 -0.221299473685 -0.0678667253434 -1.74757477622 2.1532619599 0.136856088917 -1.72547687509 -0.742144071184 -0.605601382916 -0.252373166218 -2.2027919768 -1.12679354563 17
30 6037.44451084 -1.44581019561 -7.80319953197 4.84181675052 -3.13359472974 -1.78060468544 -3.04394465754 1.54463798424 -2.15869885813 -2.44510361734 -2.28989261464 0.46260024378 -2.28626699854 2.55569623218 3.05411497861 23
31 6184.68741258 0.983502604948 -5.10823824067 3.85639649324 0.266853522124 0.772381974382 -0.513441950616 -2.9212604762 -1.60715836084 2.96686140996 2.63506401322 1.05242187864 3.06153935271 2.31820503141 1.77798009387 27
32 6191.58832809 0.0934352299848 1.28368872297 1.37612925253 1.08655748341 -1.41966025784 0.923475818651 -2.46884387265 2.98432638602 -0.430428517104 2.28212237696 -1.1081479776 1.78531388461 1.95033577022 1.94716646386 10
33 6296.48616782 3.17623917805 1.42917910903 -0.663415142432 1.48302659356 1.93601907375 -1.97963120598 -1.30060309908 -0.380373690705 -2.41670817686 2.53211009869 1.59428605941 0.276223614169 -2.84333059858 -0.120397237648 12
34 6345.94815138 -2.32747061012 1.11318528789 -5.29566221345 -1.05822287284 -2.21348985951 -0.417899497698 2.40818117199 1.55299429571 -0.0701817143245 2.97924859732 -0.912779792848 1.07183195216 0.03587089862 0.281345171796 13
35 6393.46100998 -6.09111223162 -6.22620066397 -0.707172642854 -2.96201730532 2.75557982624 -2.20082992471 2.47341638603 -2.61219693159 0.265299485307 1.32337635373 -3.05297893312 -0.372795078048 2.95188136623 0.226411905915 20
36 6499.40827709 -2.14381961665 -7.25336746205 -3.09178075429 -1.4730975361 -1.99807629819 -0.103997788774 -1.0604360326 -3.05116481233 2.20791175498 1.91151168405 2.16959291874 1.11001345981 -1.66854394531 2.55002239812 22
37 6556.52959573 -5.03840855773 -3.74114465559 -5.12152910641 -2.27324397369 -0.731685217655 2.41259802705 1.47377716726 -2.83772905414 -2.13377480644 -0.361742775978 1.84820115285 2.21736299142 -1.03145283123 -2.85018222354 7
38 6593.44197987 -2.92857800698 -1.62132216679 -1.10204988497 -2.18251364907 0.746629596628 0.189042263013 1.63550517871 3.03179015743 -2.57576637938 2.54346411458 0.800747421717 -1.67811061901 2.55818790469 -0.787015226004 1
39 6601.71000868 -5.72306294137 -5.1017979632 -5.31186584306 -2.04785175296 2.43374963574 2.38242129517 2.35090781423 -1.64103617063 0.931536689892 -0.764383905773 0.37931970263 -1.30793177696 -2.31811836759 -0.395103612392 25
40 6631.95872165 -1.27945916345 -5.16682388724 -1.86000673901 -2.64839290352 -0.619850771599 2.44459913208 -0.95785348345 -2.12186898484 -1.49885136783 2.13977090622 2.31449198092 -0.908095298989 0.570234968392 -0.577171341365 19
41 6703.75060734 -6.60582440228 -2.57393009526 -2.71266561457 -1.57723845587 1.8592245605 -1.70524922243 -2.41411315298 -3.02275676479 2.17701559728 0.0621427929582 2.9538627983 -2.45443777378 -1.00088790512 -0.62556587985 7
42 6764.61307704 -1.3609155512 -0.924035407238 4.48153831983 -1.51499060511 -2.67390818657 -2.03158466814 0.354178138795 -1.10517213122 -1.435216627 2.11006296644 -1.91106978528 -1.64629672046 -1.14955468907 1.91378572358 5
43 6796.34631557 1.54456973216 -4.67346606948 -2.25658277821 2.55153886597 -2.31338720218 0.549094180273 1.91546089032 2.18757387102 1.11694643096 1.78318330753 -0.536698985098 2.55669401796 2.7000229189 2.85072508546 24
44 6829.22686231 -4.96930692153 -4.75666190069 -2.02767702789 1.25440792038 -2.19780254998 -0.652357743346 -2.07552308881 -1.7944418725 0.299092224262 2.63189434072 2.6382469203 2.64548598847 2.47419093545 0.135572275175 20
45 6851.74667103 0.945107166903 2.51416122364 2.9122479042 1.10468556593 1.42232830639 -2.64078373291 -0.053806961927 2.38981626606 -2.25623763719 1.14378246712 -0.659602405804 -3.00068169647 -2.30533009972 1.09840421849 18
46 6868.26695193 2.08318127503 -4.17781997614 -4.31123944908 1.10194133796 2.43207935851 0.134841379149 1.47451967843 2.46011739182 1.21937763596 -1.11980493225 -1.22625843594 2.79633730498 -2.18362536013 1.92915851212 6
47 6981.92550785 -2.58079874328 -5.08236834817 2.86862272241 2.97416591284 -1.36465925142 2.02691012023 2.62144784927 -0.594452495376 0.385447417685 0.269256662403 -0.493709693683 -2.33421430771 -0.489631936831 0.990930298823 23
48 7015.58979508 1.75903456801 1.12981292745 -4.4339251742 0.848814327118 1.93216288906 -1.9615332637 -1.82661434414 -3.08661975796 0.19926334815 -0.683219264005 0.794508658135 0.955004239604 -1.10324460292 -2.49443442536 15
49 7087.74616486 -0.203437511188 -5.63569633121 -4.40386750017 -0.572433563762 -1.65811077702 -0.501058384362 -0.18851801144 0.831325874426 0.00839943838277 0.123165990597 2.46754853525 -3.01680651272 -0.448633708543 1.26878154099 22
50 7175.94958872 0.83934931434 -6.79133122856 -1.38546314087 2.32887073609 0.941638623172 1.97613930667 -2.12745400242 -2.52737525449 -0.0285298785345 0.738601626426 0.928302196405 -2.957029308 -0.00825022203905 1.22004710045 21
51 7196.30749185 -6.20784306199 -7.0556579351 -2.67877212755 2.19721888562 0.605125838511 0.381727337208 2.24989016228 -2.18671294356 -2.82233140279 -0.932648497701 -0.972177241195 1.72956276761 -1.37959863336 -2.97936829837 25
52 7246.85555165 -1.31387546451 -3.49494946141 3.04972862806 1.79265840567 -2.59843092104 -2.46722554829 1.16331182874 1.21855928561 2.6608564196 0.877963195783 -1.80108741994 1.06066426113 -0.899809316712 -1.62836733548 5
53 7393.72027613 3.03876068066 -5.45873389258 1.50949114169 -1.78670577149 2.07367363819 1.58717436987 2.37327730624 1.74559239335 -2.69125091113 1.94480021724 2.65411861473 -2.62200970013 2.47938082785 -2.00595707376 21
54 7438.64282064 -4.07133234073 1.80741627636 -3.41373747677 0.611196252752 0.830267689519 1.09496984186 -0.682961355263 -0.641821539292 1.2921479195 1.52410146067 3.09897760627 2.45391873816 1.43672249565 0.663148410146 16
55 7445.30180109 3.83136504422 -6.2131916745 -4.55252253028 -2.53928150261 -1.42305158956 -1.92873397744 2.38344880035 2.86034197955 -2.78986188522 -1.23946628762 -1.92099335441 0.723504732364 1.80036635313 0.481801179762 24
56 7470.91979282 2.31722083817 -4.20651143666 0.965629313716 -0.497857961792 1.75306399019 -2.48781820646 2.3739287813 1.78068657507 2.38262951189 -2.12949144222 0.478494912875 -2.59569642305 0.216417714969 -3.08077152861 3
57 7551.47149657 -3.81070664517 -0.131977675723 -2.02624798623 0.87855189494 -2.62369752792 1.21972761004 0.600548142657 -0.510418224429 -0.996453825555 -0.631624005767 0.194203941048 2.02586696509 0.350925645395 0.900466342897 11
58 7636.75416216 -2.73408778884 -3.48096287594 -5.54248238152 2.13124298928 -1.32690659631 -3.12764428615 -0.667857555351 -0.637765250992 2.6456649696 0.0245812289564 0.129849314709 -0.500922751136 -0.368508238638 -2.46156541363 4
59 7717.28381873 -6.47742227195 0.581987129829 -2.39633871661 -0.688714183215 2.76475917302 -1.8806453331 2.52911377698 -0.524897344303 2.64755950057 -2.08201286096 2.69216470368 1.88165951679 2.07678748611 -2.22321848901 16
60 7800.52948764 -3.51072933486 -4.26169114782 1.80134706719 0.36854542332 -1.32171441138 1.31556789664 0.140165394755 -1.86409131971 1.51180202612 -1.89651431391 -1.98974919453 1.37359222846 -2.49148910649 2.05158116737 8
61 7808.93345289 -1.9226006739 -1.46646619077 -2.83317798811 -0.134494915667 0.604861223462 1.88097972893 0.288096672784 0.202965752949 1.95926259956 3.02367112066 1.77879495055 2.6076902638 0.54850954739 3.02893066291 4
62 7814.79844758 -1.53810317103 -2.18009347594 -1.09529834247 -2.38572177009 1.59574671354 0.388119068938 -1.72916176976 -2.47661086203 2.73443735397 0.454900978147 -2.73062283911 2.57995947661 -2.94528304278 0.687968422307 1
63 7819.30723288 0.574240567649 -2.55822584039 -2.6064585286 0.820179067362 -2.14359493591 -2.66292925061 2.95403213086 0.320353657179 1.44965890449 1.64129610588 -2.73867348499 -1.38989604496 -2.64354017283 -1.53570859231 6
64 7824.94043314 -0.432645915641 -5.63602102711 -5.20827976285 -0.932217326532 1.80777861076 0.990140645101 1.70218101292 0.462240417909 -0.446107640788 1.01637557347 0.33325341597 -2.82173602655 2.39940796056 1.9357517621 22
65 7828.70413869 -1.27732362174 -5.04685701639 -4.0954885565 -0.56560693966 1.04580759247 2.83806277455 0.648594133307 -0.392332290212 -0.0980730244908 0.251844994261 -3.00757589415 0.112645016013 2.02144759699 2.26628891582 22
66 7860.73567533 -6.0166243761 -7.06755727675 -2.87154970542 0.102214197531 1.63525712853 0.580701147936 -1.95236913817 -3.06523824703 -1.52433692982 0.199203327802 0.340340671518 -1.89571070129 -2.66443654992 2.49198807315 25
67 7937.5640489 -3.83252161635 -1.89785173779 -0.71060787727 1.26335745399 0.276018164467 -0.223736828105 2.49427209331 0.0114379476243 0.12299228478 0.355365441795 -0.779257338501 -2.22337228118 1.1597688294 -1.60064996223 2
68 7969.53595437 -4.12893604861 -0.433728604313 5.01571361603 -1.29138815861 2.93700534615 -1.1865861927 -0.740837713213 -1.62703348693 1.14890007846 0.188141539692 -1.85571726589 -2.94801412537 -2.14465549909 -2.62760824976 17
69 7997.56437206 -1.10704702798 -3.87993823017 -1.5214597809 1.17360108882 -1.93480845142 1.01761356386 -1.79311821538 1.07106683232 2.09941587752 -3.08745867539 0.153755114062 1.35316495811 0.196988393228 0.187953986204 1
70 8024.92496923 1.14987192362 -0.604359208045 2.33023783428 1.05724627074 1.69865207307 0.385013246968 -2.4365013201 0.953038777225 3.14120196741 2.75934566523 -1.93703708594 -0.925059161479 -1.44610239192 -2.25853489179 18
71 8097.73131137 2.04308490225 -4.18778960471 2.69483375223 2.94223374649 -2.07972257307 -1.18136833969 -1.22756065498 -0.872114032629 1.93948789822 0.0476684109036 -0.733393712051 -0.11982269724 -2.31626350879 1.37388169244 9
72 8106.19415152 0.673486670705 -6.25505946 2.16021290634 -0.543336756828 0.154751940309 -1.03819248772 -0.443875924114 0.674886931994 0.799914047544 0.252496760542 -0.0493821871627 2.22060690823 2.10125007312 1.24778331697 27
73 8157.62883967 -2.68923959494 -1.31232461435 4.18746354711 -2.94839818907 2.42145597894 0.504324833761 1.8754035894 -1.06326741408 -2.164379925 0.112638165484 0.737766098717 -2.24106857474 1.68429096339 -1.1121105837 5
74 8180.30723453 -6.69639431753 -5.91572609467 -1.20978574021 -2.03763596391 -2.09368137 2.93391196481 -1.13199820661 -0.365055468867 -0.300616145381 1.25994430924 0.907081992136 -0.178910331506 1.89555820397 2.97535251598 20
75 8246.20366875 -2.38496826993 1.48639266683 -0.968057570657 -0.337705814596 2.88255575018 -1.35786545651 -0.0943505299467 -0.55612787015 0.0222567718508 -2.04088917121 -0.86962630109 -0.430315182879 -1.47832445122 -0.649927296134 10
76 8276.15426362 -2.03330340641 -3.01068797492 -3.08885438387 2.68424797569 1.49631001457 1.89724804946 2.23607050989 -1.39434597267 2.96536426965 -1.41191033241 0.508122077061 1.56015876422 1.72624218113 -2.97369670101 4
77 8338.32942306 2.5328365196 0.546825658317 -5.56373219953 -0.428411893602 -2.36699235122 0.60089124385 -2.39554953808 1.69994464161 0.324232577908 -0.573851971329 2.26390477882 -0.79607347331 2.85552955297 -1.796016149 15
78 8345.23262537 1.11507907634 -1.89456191342 -3.20519600442 2.87282407838 1.25927825528 0.298075224983 -0.36927320316 2.79815864193 2.51349856621 -1.85786656681 -0.0289034179131 2.39905192142 -1.77795880791 1.37968332667 6
79 8373.92834992 2.02160398008 2.50246756047 0.491237109368 -1.24290955527 2.9365042362 3.0178449442 1.52857975766 0.432435412999 0.208685054466 -1.85788283709 -1.22167259693 1.72274266171 1.36986464351 -2.72655411671 12
80 8380.88620832 1.42007213028 0.210459305345 -1.73920091134 0.17855055738 -2.81752962738 -0.109591162195 3.00632398581 -0.818948094024 -2.2953664755 2.32268378282 -2.87451245014 -2.38681098621 -0.494983555684 -2.25428728218 12
81 8392.69942938 1.60319394545 3.04477513423 -2.81919908906 -1.99959382539 -1.88064452414 1.77304083873 -0.936445553436 0.666788976423 2.41519126896 -0.615824197286 -0.698256159827 -0.394144665484 2.29135579934 0.392560050044 15
82 8411.03249778 -1.05293008378 1.70804298446 -1.90899870642 0.677921111974 -2.10830211941 1.56465424924 -1.15489463286 2.64584204625 0.377206021431 2.07026469954 -2.65759884134 -1.65286911625 -0.627960231879 1.91816991748 10
83 8420.35255372 0.732773172024 -5.87946771849 3.10423104738 -1.38833370447 -1.39586957342 0.128544823325 -0.509027167083 2.77657931944 0.472200268996 -2.40458899191 0.0839048989554 -2.88060337038 -2.2537706691 -0.12903699223 27
84 8431.13384574 -0.421204889028 2.40078219464 -4.66372902031 0.146074567039 1.24447117071 -1.47938685356 -0.0297064546273 0.129440526737 1.66377602986 0.554410414364 -2.84732664889 -2.75045297935 1.11854503799 -0.738075000538 13
85 8431.73253715 -1.04188425556 1.4182764234 0.562351700291 -2.98878973363 2.7169138777 0.393917477631 -2.40041695892 -1.68219422134 1.21189280869 1.01628670693 -0.286609143069 2.82542600591 -2.15691817723 -1.71597910248 10
86 8470.36482958 1.86288881251 -3.93026274453 2.37299482083 0.688478373354 -2.2441021861 2.28518744298 -0.922595979686 2.19681208857 -2.194158693 2.53236942568 -2.36883625459 1.97734266026 -0.190714651011 -1.93190315345 9
87 8503.43971606 3.25675495191 -5.40714395251 1.72768198736 0.669847979387 -2.57199383353 -1.28259008897 -3.05183555072 -2.29687351084 0.905162281679 2.96798901999 2.44576402391 -0.882702444448 1.25702111581 -1.36486136518 27
88 8679.63586569 -6.61978215269 -3.23154598406 -2.70726203958 3.07102885044 1.12818737073 -2.34272027476 -1.26165979966 1.51236898615 -2.7552134048 2.13979783386 3.02392978928 -0.678224331167 2.4523422245 2.95789168977 7
89 8691.81832928 0.910344762753 -2.59997946703 -2.75063403461 3.10582361965 1.36578045151 -1.10083236282 0.589627581732 1.29661165078 -0.295717686608 1.99657071994 -1.66005021645 1.27274478665 0.0188948372259 -0.167739769582 6
90 8707.85703115 1.95811002173 -3.6894360225 -0.262262241064 2.65612937949 -2.18690281794 0.632789609868 -1.72592024392 -0.574348946608 -0.807555777446 0.0790490032077 2.945854278 -0.940126590845 -0.367018351977 1.13012136407 3
91 8711.75022621 -1.70425584608 2.94058917877 -2.80665547451 -2.24912956211 2.06651379379 0.0680649156415 3.01255481499 2.05497306257 -0.925500113372 0.362615246285 2.42879673027 -0.11680381565 -2.68313738664 -1.7802296914 13
92 8773.79438608 -3.77602737352 -2.14297201879 4.08937421889 -0.162244324448 -0.390248670128 -3.01055965414 -2.14288419876 -0.959424873218 2.6512883554 -1.99768853376 1.23374424942 0.96117072341 0.778853160234 -0.095404411561 8
93 8868.00058628 1.84291438793 -2.2568046351 0.802574759131 3.03861604081 2.94725918483 0.0294802060127 -0.951789487586 3.0279317455 3.08385171637 -0.569736820656 -1.48988895034 -0.0178653180813 2.82852918725 -0.44961665041 3
94 8895.23479316 1.27920482941 2.38852289948 3.44601170061 1.56377808984 -2.04661314906 3.05865596807 0.739965004916 2.9073650038 2.3041529777 -0.36278841595 0.279931185915 3.11015536268 -2.65888843381 0.329057672931 18
95 8941.07631697 0.149079763637 2.67174953791 2.9071959197 1.41665715037 -2.74519464751 2.30744721597 1.61428582547 1.55616960705 -1.03003622083 -0.670315510539 -2.36843410504 3.02616886185 -2.90627815377 2.18527520031 14
96 8969.85955163 1.12559925291 -6.14837845759 -3.58122119138 -2.51288744785 -2.31582433835 1.42824104878 -0.64061938901 2.76820741844 3.05863634563 -0.882579893905 -0.958200599884 -1.21739282722 0.320787691981 2.20488564245 24
97 8998.63392022 -1.58065708406 -1.81842887285 0.0384216877694 -2.92525222237 -2.67820561028 -2.75312384285 -2.67363505634 -0.927376652122 -0.475038631234 2.51768971043 2.62648238401 1.55960536444 0.025298837537 -1.08364117851 1
98 9070.23465198 2.9007750653 -2.8741191959 1.58653585103 -0.068132647342 -0.437681958413 0.222793197563 -0.453376872405 2.61136845014 -0.551828894289 -0.00756752461049 1.5393610449 1.55679889919 3.13674218634 -2.81127447964 9
99 9245.99824655 1.88416131743 -0.834555227149 -2.05351678478 0.0191565019271 0.530047743103 2.68094545425 1.17778346515 -2.17704698516 3.05480361241 -0.971691978086 0.36681909149 1.03626975416 1.30687631929 -2.7566392353 3
100 9273.00640616 -1.64194243359 -0.54991196397 -1.93084604623 -0.782132068042 1.56157423169 -2.74231934602 -2.52675439244 -0.191691419281 1.277801524 -1.98969604543 1.79681464033 -1.36452932585 2.97012464488 -2.70591155175 10
101 9284.58482752 -6.59191941884 -1.32949095203 5.13899470648 2.1514095731 1.04213456996 2.7401791303 1.18262280483 -0.658618778133 -2.07484451924 -2.7625912133 -2.53401921201 1.73323824323 -2.28960131182 -3.01040467788 8
102 9299.55800544 -2.7411013444 -1.59813033826 -4.85837509856 -1.88885296121 -0.33460021443 -0.426445929095 0.730257216945 -1.502318688 0.802444439245 -1.71857179009 1.1541403422 2.87187855062 -2.55158763456 0.401656475433 4
103 9355.86122478 0.824597633292 2.07804839451 -2.15058641246 0.157773057672 -1.16938018414 -1.36872968631 -1.28794730744 -1.83783618439 -1.42817844016 2.14829283524 -2.2996884465 0.572828839724 -0.00911736951621 0.826538403707 15
104 9379.49110418 -1.47953662169 -1.8355041809 4.50783216119 0.843145965783 3.12386074405 -0.802029422846 2.84403789291 -1.1627906007 0.92691863479 2.39210881573 -1.43512955567 2.87172916827 -2.77275174177 2.59520808398 5
105 9427.05499344 -3.77048901087 0.646570331207 -0.65829023895 -1.22722651461 0.188601473653 3.03995233668 0.312553313684 -0.83816285435 -2.6872609725 -3.05758617798 2.29081570171 0.577823859357 -0.23894834136 -1.5043543309 11
106 9442.7827712 3.42700725011 -7.94160041232 3.18281114127 1.46104172314 1.34197943578 -1.59219337541 0.744153665806 2.73031819572 -1.94303335567 0.26951508518 -2.76030264323 -1.6153984924 -1.14051568303 -2.33178238552 27
107 9462.1682026 1.42547386427 2.51294133451 3.24693860543 -1.90503848674 1.55452731886 -0.888908556031 0.612533780365 0.426927480594 -1.3931651365 -2.46412779685 -2.19951121248 -0.117341033439 -2.47876494852 -1.19513046423 18
108 9462.70527001 -0.632194358312 0.594598733246 1.72580971795 -0.710542385088 1.76008251277 2.83218509878 1.45873282603 0.103292381371 -2.81428254757 0.535635772237 0.800735327323 -0.140933552851 -0.850397741222 2.43133441723 14
109 9527.40629941 -2.7759764004 2.96724297655 -3.27580200129 -1.05854308099 1.45739697377 3.13681634289 0.881287144607 -0.222234448412 -0.785003868327 -0.683225958013 -2.52404000867 3.08610282272 -2.3223812189 -1.72674313214 13
110 9528.63173204 0.0371126704453 -3.55944638521 3.73476207432 -2.19841978358 0.375845800419 -2.34218303809 -0.921141160442 1.51480802022 -1.38392700115 -1.9218552264 0.794076169137 0.189200591339 3.06882220442 -0.418608525018 5
111 9635.9379328 -4.45834059 -7.88836589939 -5.28611584561 1.5896665787 -0.245158464225 -1.83457698398 2.47011774064 1.50376895306 2.81093530264 0.156873236347 2.11647494663 0.990171767829 -2.0621010193 0.638064946185 25
112 9762.89829211 -4.99914700264 1.86005390368 -1.39282515941 0.813928098746 2.93109034791 -0.9836097925 3.00503136133 1.60426390765 1.79020241067 -1.01300359793 -0.554039832874 0.95015725298 -2.63868496437 2.12412946962 11
113 9812.26486923 1.72752218778 0.156063554562 -1.71921008564 -0.285144194772 -1.40453565425 1.22490540546 -1.49158404681 -0.91616476147 -0.17403764686 1.89316467571 1.50705556848 1.6598584486 -2.42770949155 3.01152973912 12
114 9884.44374346 1.61140981432 -6.85137784254 -3.92293212767 -0.882279640446 3.02970289148 -2.30372552652 0.600665456798 -2.11786260153 -0.765658304591 1.45088440287 1.9057747032 0.320096086318 2.31755169498 3.12110904342 24
115 9919.58329399 -6.60482563341 1.84536978418 2.04434301669 -2.70067169273 -2.12832167873 -2.64543700964 -3.08875704099 1.59242486948 1.37772614596 1.05658098324 -2.02258572152 -1.80060346549 1.21059963291 -0.468351798549 17
116 10138.7901219 -2.46573344247 -3.03238168789 -3.62715986157 0.715807995231 1.52167671132 0.789203818472 1.91855020657 2.25712392488 -0.199288817821 -1.04729232224 2.06583084575 -0.415370959893 -0.107773840405 -2.90454822314 4
117 10291.62249 -6.51069329084 2.09171757915 3.99415819648 -1.00300921142 -1.63338247232 -2.50114731263 -2.07646736169 -0.0881062352095 1.65615592267 -0.522907825576 -2.64187523783 -0.916917740892 0.789127059656 -0.807739065638 17
118 10322.4336158 2.34995856771 0.111523302364 -0.81102472072 -0.587906462585 2.59073751394 -0.719072983003 2.11935431841 -0.890935942511 -2.61450804134 -0.823073876085 0.560598245818 2.66665188577 -0.418443510678 -0.0142051522226 12
119 10327.983273 -5.4175532794 1.01856724683 1.17783966974 -0.293095692026 2.82653676435 2.87807358376 -3.10800125486 0.54460181136 -0.929082071398 2.77688402959 -2.32321279574 2.51792426086 0.142473052708 2.80185035979 11
120 10341.3504771 -1.49425254673 0.522607852021 2.38602680238 0.0213995731191 -0.892881397349 -2.73275874285 -0.630162179486 -1.43227247895 1.19667106834 -0.826289048454 -1.06150662699 -2.11537132377 1.97297763999 -0.375186851521 14
121 10342.0629329 3.50066986852 -3.06694552526 2.88088039119 0.699301930181 -1.18089224634 -0.492975870651 1.57590727974 -1.81068540435 2.73085806492 1.97363547658 0.46482628456 0.458831961487 -2.6368572084 2.88173053294 9
122 10506.8297647 0.727705568956 -6.37877609144 -0.20481054123 -1.26585561408 0.940396066336 3.08965584575 -0.27655963948 -2.34705368263 -2.21451229132 -0.362875501626 0.192234337692 1.69029853787 0.567088225713 -1.61033738096 21
123 10549.5003979 1.34196613652 2.87935498471 4.71123293985 -0.135252043812 1.2843342927 0.183881954983 -2.38513049427 2.50263641302 -1.75966237197 1.53843871695 2.66631397135 0.476489473757 2.46482328823 1.15715228882 18
124 10588.4131376 2.56731650459 -1.42288718887 3.67337870482 -2.92964244789 0.703449496235 -0.622080728926 1.57706589576 -1.91316586843 0.755966579904 2.10083034063 -2.12997543995 -2.42899698771 1.61671033001 -0.0388935313365 9
125 10640.3279655 0.594551105466 -7.37735949557 -4.41833701091 -1.19396123783 -2.62437714991 2.30980915155 2.52809169176 -0.333100708941 0.0761611622512 -1.38245922295 -1.67778679223 -1.74737053118 -0.551846215376 -1.97771275201 24
126 10645.2257689 -3.94683208442 -2.32246215174 -4.30104824341 -0.154968439068 -1.03751440233 -2.43852061263 -0.159834320454 -0.296994354541 0.253710707747 -1.06811727245 -2.02572498104 -3.02631632423 2.81476986627 -1.89113527778 7
127 10679.5503767 -0.59327684917 1.85239920586 -1.27870311298 1.94911761324 -2.41073553374 2.83047857618 2.15088829127 -0.0419519893128 -1.13068559012 0.929673426111 -0.138881515306 0.553616252129 0.873164968735 0.753420815294 10
128 10708.1734485 1.4933815213 2.76480815848 -1.18648277562 -0.358414061571 1.52295009733 -0.841966349608 1.16243345545 2.03747604015 -0.183040195099 3.05239361173 0.584141092864 -1.1435224915 0.123556651385 1.76558376429 12
129 10712.6171645 -6.24212700697 -2.89181700421 1.04152261241 -3.07893373311 -1.8154673807 -0.528906172091 2.88934442901 -1.38613540934 2.03392316884 -1.10170151662 -2.76288066811 2.68471135256 1.25215688324 0.135236695979 2
130 10734.6104175 -5.74948755709 -3.99682282927 0.60945088002 0.332774615201 -1.07532315785 -1.97901550418 0.78905669519 -2.71700256312 2.83850147767 -1.19268967323 -1.54449014543 1.29182801904 -2.5023856034 -1.23577614738 2
131 10749.8476078 -1.84430756812 -0.821741244153 4.92299719644 0.385482640472 -1.9132650099 -0.0857151344155 1.30812332052 -3.12466395204 0.964930912135 1.36800719766 1.73746856639 -0.338437136543 -2.15802352437 -1.06295208648 5
132 10841.1210908 -1.84784064381 -0.215048017944 4.94725696708 -0.593265107696 1.12493243146 -1.5047741645 3.13723744168 2.73777134491 -0.0381180629081 0.582036653098 -2.01759857047 -1.2344986043 0.414325997293 0.46645602292 14
133 11094.0121747 -5.13159478476 2.20560514991 -4.33245927313 -0.717123756014 2.89936325803 2.23172760048 -2.29884794841 2.73352794214 0.00459104585309 -1.79176222609 1.5616943911 -2.3597502907 2.63979740021 1.57247868346 16
134 11107.5332492 -5.47091898646 -1.51579410061 0.965045797296 1.94243539326 -1.69888408288 1.40196835577 1.85042403835 2.62201769428 1.16174690267 1.5357497961 0.911512761419 3.09125933499 3.03052382704 -0.7549026299 2
135 11128.0662427 -3.98351611327 1.56616237713 -5.35045650875 -2.04523357429 1.85907827472 -2.4992293494 1.7368196392 -2.61513908569 1.86537859885 0.573314212898 2.01723380581 -0.582773928709 -2.59155438894 -1.33356770701 16
136 11139.5208755 -4.9261304323 1.47516556038 -2.82694614044 1.29283084582 1.76309229851 0.865173324535 -1.90627528638 1.19330161867 -2.01242431704 0.635922858991 -1.46236066778 -2.27636290315 2.85730372064 2.87054896835 16
137 11175.9595425 -4.93571110424 2.60614177723 1.95939096826 2.77012549595 -2.6515990337 -2.71756612742 3.04994519797 -1.59948228222 1.49500598766 -1.69394094843 -1.09251042004 0.687496878204 -2.27629306479 -0.236245311239 17
138 11326.4307377 -5.43391905146 0.384021965585 -2.01318607825 1.12399470589 -0.384760952376 -0.23103680559 -2.92658553528 -1.87247458369 -1.93977806722 0.319221660637 -2.99298500399 2.60065246915 -1.63082811263 2.43794811879 11
139 11370.89653 -6.19994623798 -1.99515632335 2.09113481997 1.81635088078 -0.068119364907 -2.74070431006 2.85280915964 2.43564533458 2.30735241471 -0.192836126993 -0.391224253865 -1.98254558053 1.54929257027 2.62198703282 8
140 11420.7251134 -0.194977537214 2.95683093575 3.24005977991 0.252765756842 0.0716653666457 1.41112276651 -1.1665755381 -1.48131134268 1.16880624077 2.86144099954 3.00339323924 1.36093229441 2.80697880853 1.39138389836 14
141 11425.8766316 -2.70310204955 -3.94403689217 -3.4998499947 -0.47336677659 1.93616343544 -0.927937685153 -1.52820201381 2.7981031974 1.91990585812 -0.982198068871 1.57119213085 0.816993458931 -2.22124360996 2.62241031778 4
142 11551.3331866 -6.60454926849 -1.94573952349 -4.71912058646 -1.48617562465 2.80951986065 1.95632618879 -0.130129458108 2.18400135082 -2.81237287945 2.69368463593 -2.81306883438 -0.787322931221 2.75042367784 -2.46179630009 7
143 11667.0091196 -5.57534830319 -1.50590308987 4.54207198662 2.63088518964 -2.84895590219 -2.65130560749 -2.8116527986 -1.25657631253 -2.32739829539 -2.51005217827 -0.0970003061626 3.06673603093 0.30045853648 1.01900299239 8
144 11835.3718216 -1.93394642242 -0.199740481704 3.83502239693 1.89107851769 -2.90597712281 -2.92493900678 1.16961969685 -2.54097819334 0.681440067801 -0.265102408696 -3.13954349435 1.27783648149 -1.30120093191 -0.724513611605 14
145 11888.4760804 -5.09187772742 -0.326044016092 1.20065176177 1.44013832052 0.944486367753 -2.4251461539 -3.04152420445 -0.025293050903 2.54962837756 2.42432273644 2.85522282685 -1.59861037435 0.469939695656 0.912565137335 11
146 11989.9673414 -6.80949711212 -5.16905303094 -4.34940495479 0.904820103944 -2.82844664078 1.32311738142 1.83697369189 1.28164605216 2.66842321018 0.844058782871 2.63616927969 -2.78644396335 -0.362532110177 -0.490276834856 25
147 12422.1751021 2.98572754716 -1.62899363464 4.35604104833 0.688254296296 -2.69361483516 -2.27195118535 -1.92657949566 -2.87928036603 1.97783849256 2.86823753931 -0.0716372958168 2.64764790571 1.56488856901 -1.86983261613 9
148 12692.4839756 -2.51385678621 1.12154521723 -2.99590772759 2.24133248286 -1.36689657182 -0.0965849175932 2.93197190233 2.91148208639 -0.236514345551 1.03773753478 -1.34802778694 2.95471644991 -0.930038080387 -1.87761244594 13
149 13091.754785 -1.61483778206 0.510075548653 -4.435256154 1.85434607661 -2.52097725394 -0.483193991779 2.07222736266 2.39486756785 -0.0963911146473 -0.181641696769 -0.640387893688 0.832848115651 0.171517035344 -1.96514417125 13
150 13180.3496353 -6.31323991138 -2.66346536926 -3.5555007725 1.26478730647 -1.45559322733 -2.17779870293 0.443336000171 -2.85607440388 2.24521541127 0.392983037613 2.06797950688 -2.49812279706 -2.35032157159 -1.34672689325 7
