 2.31185958969 2.73042887504 -3.77346956176 2.74262695838 -1.16472110489 2.26801047524 0.641252239406 -1.09762518738 -0.013264485121 -2.02061091994 -1.85592295348 -2.78931699804 -1.23461202574 1.763123468

1 1882.14135682 -5.25678133181 -3.8608758268 6.26346773944 -2.77883191982 -0.411436508777 0.972713043621 1.9385423983 -1.4664908384 -0.78153947392 1.72151260301 1.2431161581 2.76915481844 1.77979582239 2.08761025561 8
2 2491.58510285 -1.40892934671 -2.45723789867 3.91611688408 -2.5651461229 -0.856307446215 -1.3425327061 2.8974661035 1.41601846773 -1.10680992263 2.98023559514 1.61180853153 -1.14502857197 -0.605366460545 0.757880734113 1
3 2631.13284176 -2.53908458389 -5.69169722848 8.68274251099 -2.51360387996 -0.0850190774587 1.76784230871 -3.04819807413 -1.36089654935 2.91672010129 1.46759027178 -1.45246372444 2.18882067384 0.613414834642 -2.69358347618 23
4 3023.21367392 -5.3418697118 -6.80350859354 5.17113322673 -2.81395370973 -2.57516658913 0.494000733554 1.99609506747 -0.991802675553 -0.0243101663582 -2.76990743926 -0.485390408629 -2.68676314168 2.88814110228 -2.00678699134 20
5 3070.16574198 -4.43824186145 -7.7494298958 8.88670630544 -2.53824979263 2.09369806158 3.06618449203 0.443218375033 -1.06496112352 -1.02401316785 1.54877589407 -0.75420610374 3.09672389173 3.04668571052 0.211303010141 26
6 3261.96239586 -2.94579470903 -3.85047242866 8.59320865714 -2.76891788618 1.56786336903 -2.51794135838 -1.25805139286 0.234097084803 -0.111629861439 -1.06495093928 -2.16397093639 2.65797434588 -0.512062207047 -0.768409434234 5
7 3421.52200045 -3.45676066159 -4.49669432789 2.9066456241 -2.12537793729 2.88533817647 -2.93383735942 0.20860386949 -3.0554679843 -1.4902526085 1.79099861042 -2.57608758195 2.76205102694 -2.71004595122 1.08636126264 1
8 3424.20750161 -6.40767728526 -8.22043929757 8.30485222476 3.0321647858 -2.13557022214 1.91811764912 -1.11321471548 1.11238955641 3.03091705269 -2.62714939163 -0.0773036699846 1.26650628278 2.56142425388 0.0755179686827 26
9 3489.13043743 2.32485766947 0.962096586406 0.883984898888 -2.74067486809 1.78674073828 1.52449989574 -0.382430919159 -2.91427438151 1.8669027479 1.37953267718 -0.555874288527 1.82876287405 -1.85691381752 -0.148158669072 15
10 4113.5022169 -1.20214730179 -2.26466507174 5.16408277126 2.92032302545 -0.428348950911 -2.27561035608 -2.22427999263 -1.27780386273 1.49763373107 2.04224240725 -3.0438086684 -0.808854640813 0.102951241237 -2.67964381132 1
11 4199.10201755 -6.00880162206 -6.43981398276 7.7914211845 -2.75113419675 0.552964353106 -2.48889932047 3.05456875778 1.27113156513 1.24697910298 -2.85220639536 2.51739727487 2.66889023746 -1.83554948019 -1.16213359636 26
12 4199.16727018 -3.21392208397 -1.20008830823 2.22891833678 -2.98838795853 1.04782926674 -1.31141895641 -0.618202648927 0.355262848607 -0.385970461645 -0.672957248741 0.247890334138 -2.62118458757 -2.86851190134 -1.76790385192 1
13 4400.16730759 0.103769085436 -3.99596575672 1.03990505034 0.137467035559 -2.28178791284 -2.30043153521 -0.0851824016814 1.14218125364 2.82862343357 0.983055197026 1.14553566875 -1.60075533749 -2.8788310191 3.10860861711 6
14 4692.12575421 0.602111264512 -3.57970086538 2.81809836163 2.19031908229 -0.267359355899 1.64849262317 -3.06301851491 -1.24973974587 2.1867086691 0.399062103358 0.35456680399 -1.30242762844 -1.48659224774 -1.48686341475 3
15 4908.85261259 -3.7900704741 -6.5921993144 8.76927470952 -0.729217290044 -2.63678722665 -2.13360345701 0.0977534660962 -1.26743884086 -0.0134441760619 -0.954872993731 -0.958029607283 2.49029338129 -1.10199317447 2.3872077978 23
16 4932.47666443 1.67777320229 -0.954256981772 5.46415734182 -3.03846602408 1.62014672416 0.961933634783 3.10610493246 -2.46765718327 2.52220953708 3.05180969706 -0.254352026807 -3.11398443382 -2.5283893335 -0.390658539809 3
17 4948.47018536 -7.19201238009 -4.0462133702 5.82293661371 2.95349020079 -1.02409052844 2.06832034526 -1.26281405552 2.25069872078 0.632164422743 2.05703156378 -2.24363976913 -3.02735068017 -0.900608295391 -2.0225132938 8
18 5125.21390534 -3.84127967305 -3.66876339434 4.94169530035 2.46123543313 1.33364930424 -1.63437308427 -2.13967267527 2.37993550754 2.84662628495 -0.560826308785 2.87741579945 0.473708231435 -0.662146868785 -1.63181715536 1
19 5204.25944911 2.61970205722 -1.40862921331 0.510624391832 0.319906479569 2.6263362449 -1.55456885972 2.26635053754 -1.30940097578 -0.655500141421 -1.84424529572 1.91909094496 2.67719002725 1.79670476448 0.00146533926376 6
20 5255.52533321 -1.48808269197 -4.70530175864 0.414823855442 2.52322693787 -2.04164044387 -1.90221513386 -0.419060226147 -0.386725683456 -0.78882200828 2.82303049024 0.920636501424 -2.74998833912 -2.80768476255 -1.00898539012 22
21 5340.23595376 -5.6653717971 -5.84613853686 8.46652969263 2.55896693138 3.02041801543 -1.66221184203 -2.75079154401 1.37691281848 0.00796872629094 -2.61499005437 2.1115606216 2.05098423824 -0.835432533533 1.80569754132 26
22 5465.83747272 -6.11771246826 -5.81425129536 5.99380614327 2.38859232108 -1.4205259312 2.05850153661 2.50593582023 -1.63081780857 -0.35737802112 2.30031039937 -1.52557448875 -0.874586909571 -2.81341967377 -0.567275667826 26
23 5478.94449815 -0.489259993447 -2.98071500921 -0.799118446671 -2.23149598843 -0.273720709836 -0.348272494151 -2.23822865119 0.39302311454 -0.443642916607 1.80833032682 2.67339470882 1.81555087272 2.0177213467 -2.81003989765 4
24 5660.12684688 -0.290979346845 -5.49693902452 3.48747809305 -1.0206908413 1.75975898119 0.0522588074153 -1.61803393266 -2.32794298905 0.793999701505 1.69805583021 0.374875208488 2.75075504924 1.46066978999 2.16161225302 21
25 5727.52989511 0.140131760568 -3.92387111863 6.78208758301 -2.99037797864 -1.75007955593 -0.259127490825 3.00241465747 0.391551770671 -1.180017214 0.146093617272 -2.06693899139 1.50740013378 -1.39656539021 1.30052966881 9
26 5773.4302662 -3.81812062299 2.54334375822 -0.389089954196 -2.37434988618 1.43344903462 1.53173647947 2.58359736844 -2.91223177749 0.109249479826 0.691469891359 -2.17124522927 2.82880856705 -2.51770568317 -2.08439928661 13
27 5995.41243777 1.02719559162 -7.19893298375 -0.740496834744 -1.54407478233 -1.98703229556 1.11693973899 2.31141887332 2.48477761846 0.594446047813 0.379869162367 -1.11503429319 -0.62323015235 -1.71406131599 3.06157243332 24
28 6002.46532935 -0.0480642914101 -1.62076190479 -1.62109297354 2.09772548539 1.08619199163 1.06220513491 -2.03608152583 -0.191815088346 0.7659507779 -2.76234271934 -2.561897452 0.780690794561 -0.0809585719551 -0.334909545399 6
29 6048.37917597 -3.72803571991 -7.0934450999 6.42481898568 -0.164954623519 2.95019832066 -2.95198778431 2.52917405205 -1.88659653042 1.7596999008 1.27744140101 1.22285020663 2.6849343232 -0.971418262656 2.81287752705 23
30 6061.0475845 2.86185980667 -6.45176157189 8.73230247013 2.7242354659 0.0882459286493 2.65273761813 -0.0102992596346 0.769244907797 1.2639214049 -2.51706806639 -0.171541787171 2.41133174663 2.02429550964 1.12087817198 27
31 6148.61107478 2.31810475624 -7.51751782707 2.46958167424 -0.68377532056 2.23039461635 2.39333483746 1.20918002609 0.735202237271 0.435374884929 -0.886161467913 2.60147442823 0.440806904593 -0.534600763149 3.10227559637 21
32 6222.70674424 -7.53960980126 -5.09378498131 5.0623072639 1.33935401801 0.913786508012 1.03553269287 0.39133191024 -1.80037306172 -0.17644325049 -0.813973658717 -0.265551592252 -0.552823413089 -1.71600467067 -0.179481991144 20
33 6328.24921434 2.86733566754 0.264022375148 0.598455627877 -0.863822484447 1.33113161761 -2.25993699608 -0.986725800532 0.190574445975 -1.21725776975 0.143757919596 -0.179406454196 -0.823391515829 -2.89207387044 -2.34641894557 15
34 6515.11423438 -0.126601974438 -5.70870753494 2.21698094413 2.09990198635 1.33922557917 1.59465136951 -2.70510638557 -2.99432136657 -1.60340826602 1.03222340808 2.39115354716 -1.30543676167 -0.444130944502 -2.10149106381 21
35 6528.26848369 -4.56887952872 -2.55073404844 -1.10225186679 0.987586819032 2.8154205623 -1.00470340534 0.968028885254 0.228448999574 -0.465687966556 1.83956905176 -3.00606916304 0.703745270116 -0.13381918745 0.840855229924 7
36 6568.14554922 -0.991357198245 -4.65217838474 -0.380421236644 -2.40713032937 -2.45049157226 3.00819467713 0.396635242728 -1.11178721503 2.19393986148 0.339916433922 2.45518256047 1.53588273267 2.70513836446 -2.66678246474 22
37 6598.27433322 -7.37339135402 -4.78064487801 4.12288511049 -2.94620925 1.98614086892 -0.604726651047 0.905441575379 0.31033335391 1.96199865268 0.673737852 -1.24959878436 -0.763093983511 -0.286385151225 1.43062408865 20
38 6659.99114396 2.95566332451 -5.60384665353 -0.472956422337 -2.13762793919 0.724324009294 -1.24907159407 2.85861721013 2.46898999402 -1.02015167257 0.539940025398 -0.24657191813 2.04585974101 2.03016857054 -2.08889795053 24
39 6747.12918376 -7.52579459983 -3.05608952959 3.10393828512 1.14407934008 -1.4607656935 -1.36098430359 -0.299400319822 2.22946804201 -0.292613786304 2.96706409407 -3.08906488544 -2.29715811164 2.10860483706 2.0328958813 2
40 6762.39748503 -4.29505407166 -6.2078509504 3.15670516147 0.973244078366 2.42828958599 0.886396874469 0.869610418583 0.043077045923 0.149469137539 0.342366527893 0.853407191137 -0.304396318161 1.17463116959 2.93212967899 20
41 6902.2249407 0.168733449165 -5.21239936506 8.76411714414 2.13026706687 -0.467707306483 -2.98485802441 -1.51644693882 2.7390225401 -3.03526531457 -0.451988709264 -0.112951112413 -1.9421652812 1.66053586243 3.09107874719 27
42 6961.38860016 -3.89161220313 -7.51943005334 2.75019428713 -0.707297782435 2.80117294641 -0.60971669814 1.16056746163 0.776219668554 0.621927414435 2.37734113469 2.53241575585 0.524388202974 -2.14162770189 0.27744802256 19
43 6976.9326876 0.875935893771 -4.02002484244 7.41239002228 -3.01772898519 2.55868621504 -1.07576004837 1.29117131031 1.28447838807 0.8423061722 -2.28236290991 0.434431551683 -3.08139413382 -1.90687582538 -0.0926031099401 9
44 7001.79234894 2.87466519014 -2.45494683765 3.42589554944 1.72359426798 2.28340550373 -1.75009100124 -2.6778905217 -2.43513481793 1.93059532219 -0.208567985656 1.4596525541 -0.554839186046 -1.07030272852 -2.98246456604 3
45 7029.22461074 0.705392327372 -0.979816425129 1.97307212844 -0.367573765626 1.63758208234 -1.82370046227 -2.80537482198 3.05122092197 0.32757709225 -1.07282706982 0.543685818212 -2.56765592682 -1.96191814234 -2.11674829152 3
46 7052.30490009 0.787029988951 2.75665694434 6.42080842874 -0.0179727897976 1.80710273183 3.04039131344 1.07909752639 0.533219398923 1.83018599473 2.50414057393 -0.737660729276 -1.82896675059 -0.430968793717 -2.62543382956 18
47 7229.19296853 1.81293911021 -5.85361452859 1.18145165386 -0.951646260143 -0.0896468841968 2.45426333821 -2.65867910457 1.92343879205 1.33301054155 -1.15983298396 -2.91266962516 -0.964335448762 -1.92201300764 0.221039311883 24
48 7250.35187341 0.812567739885 -0.463144031036 3.56851675369 -0.00552422565674 -1.27856900482 -1.0789082594 3.03982619077 -2.75688083137 3.06224580323 2.89712714976 -2.52329332067 3.00005884518 1.4777168772 0.090752489074 12
49 7280.3876355 -7.09600539359 -0.183006523393 -0.544521151781 -2.01557702928 -1.88929751658 1.3471093468 2.08030541499 -1.1345352828 0.953796015224 -0.525948875113 -1.09720660632 2.87590327889 -0.217213671098 -1.59066637876 16
50 7289.95161784 -1.35887838368 0.0503598231497 -0.251444311494 1.16258899253 0.258944566606 -0.209662320328 -1.13059721634 2.57276515146 -0.86174490548 -2.53442503992 -1.15551785891 0.808903335892 -2.89506019037 -2.7866379798 13
51 7298.08532952 -3.17116605113 -7.60414614679 3.47098292774 -1.76214199988 -1.09809922381 2.77154650127 -2.04797894989 2.0952094041 -2.40675131713 -2.01570768101 1.93380426171 -0.334227976525 1.19042228306 1.75231423034 19
52 7315.45993256 -4.56146724646 -1.72457865692 5.07396770642 3.11928212758 -0.786622187732 -1.07566642687 -1.60366415431 2.48252340471 0.462654064715 -1.93061237937 -3.02844380715 0.744290633445 -1.57939546876 1.8913269543 2
53 7352.46257624 -5.03499194056 -3.90333063695 1.769302152 -0.56866403951 2.36287058454 -0.789367331706 2.45011296829 0.3743787966 -0.354783910577 -3.07106179018 3.01171612939 -0.815176713697 -1.43447234645 -0.365650218098 7
54 7386.63613556 0.294731312246 -4.02220684942 8.31782998053 2.72026403078 0.193947756936 0.338716118036 -0.3566919863 -0.0441288897925 -0.488571487791 -3.10680375319 -3.04429170944 0.770956444948 -0.0584493515677 -1.7059373008 9
55 7459.77827615 3.18487792487 1.77861425278 -1.32437275545 2.43757787274 0.0776548066049 1.94049368154 1.22182989697 2.60760713891 0.755635189148 2.57789915251 -1.6110376099 2.2779448163 -1.12118821598 0.633770146452 15
56 7564.28098733 -0.96354821097 -3.19986855675 9.17722406524 0.0561158191219 -2.69468393396 -1.40116283841 -1.15824092174 1.15824156108 1.97978714075 3.06370832832 -1.16565449371 0.638443140269 2.03585612357 -1.12714387634 5
57 7596.17333566 -0.600685038847 0.225324148497 6.49765089073 -0.336317959282 -1.60371637096 -0.810272489674 -0.554825520687 -0.176294701425 -0.498669879468 3.09782775805 1.48599424587 0.776756264146 2.33819846255 -1.64508666038 14
58 7754.03118909 -3.38905882646 -4.31101488812 5.59218508753 -0.705129298826 2.85419509893 0.952240224389 -1.28419322088 -1.16158849691 -0.781430125899 1.71131591937 -2.41835956611 -0.503109808134 0.151624871133 0.478599239737 1
59 7836.60126206 2.98877912551 2.00285700134 5.20598766701 -0.51896876502 -2.37643671954 2.98046257648 2.13406350021 1.28945777856 2.79442448018 1.41885998946 -2.15220223667 0.737862448461 -1.49459794957 2.57291023948 12
60 7861.49325325 -2.52356293889 -8.08961875481 2.05717151776 -1.31054282025 -1.4029412868 -1.0781008626 -0.678669788361 -0.336047398651 -1.69503579959 -2.25742949656 -2.85460739737 -0.66066309908 0.937786542943 0.939554217251 19
61 7872.68572438 0.618581064518 -6.15605328081 5.46626112129 -0.296952011965 -0.444767938104 -2.46382549424 1.24074906865 -0.42448329691 -0.0840853291333 -2.33545639816 -1.79965371761 -3.00379650809 1.08619102687 0.76104789635 21
62 8003.91726623 -2.11005963482 -6.73817269178 8.60381108985 0.133171132707 1.03861239952 -1.48192549476 0.522427293522 1.45212077268 -0.0549767169688 -0.338137173409 2.93798270563 -1.00500359963 0.780260872576 -0.326718556017 23
63 8017.10700334 -6.67194750991 -7.26173735229 4.85717703251 -0.261558796905 -1.86911261175 -2.13951153112 -0.996299055342 -2.19228942481 -3.13816711294 -0.0333086174942 -1.19051450887 0.281858281516 1.56943206337 -1.47215755555 20
64 8024.13952196 0.0770711571543 -7.55390591135 -0.876162995493 -0.591091403131 2.21740734784 -1.35478418334 0.145699080406 -1.5107817301 1.92785284559 1.40009642422 2.1541193003 -2.42504267925 -0.0371059678425 0.78031494038 24
65 8091.65116522 0.740718944245 -3.41350396623 -0.515850320671 1.53193056808 2.10271541782 -0.228071646561 1.58997517459 -0.712341110243 -1.8559898244 1.85492826976 -1.05792004182 2.09271639565 -2.64875204258 -1.74048144188 6
66 8092.81403381 -1.09697237178 -6.55399638335 0.299994852439 -1.73036588498 0.178475912232 -2.52598966561 0.746410607184 2.84415957452 -2.9291672407 1.42751873268 2.97910548456 -1.45834929916 0.117091100416 0.632868391372 22
67 8176.44107265 0.80088611559 -3.8620734945 1.62944188912 1.92808670918 -1.80376869283 0.303150266176 -2.50118886469 0.0426889322986 2.80409093731 1.50133049737 -1.91355120751 3.13799552752 1.06538799729 1.53003542609 6
68 8216.70938849 -3.84640959615 -1.82675913204 1.10269046883 -1.18204221356 -2.95410766324 -1.24450199147 2.77984439852 0.440501688787 -0.910500114347 -2.15091824596 -0.0911566186049 2.85988135188 3.0366989468 0.417136577884 4
69 8217.74077231 0.606042148489 -4.43831457829 7.81459008957 1.82466361298 -1.35859934118 0.866875013354 -2.87407116019 1.00788473484 -2.60626901168 0.309042764253 0.675247188858 0.939536830997 2.1851782992 1.20019594803 9
70 8222.87673005 1.7843985105 -0.860930876797 7.43708138621 3.13429477547 -2.8054192756 -1.50639215962 2.0221064031 -1.63161173902 -1.85921946483 1.33764344066 2.56788602396 -1.20657936865 -0.879502930642 0.821328267862 18
71 8241.16348304 -4.30790463357 2.01715828538 -1.38929019142 -0.684914046239 2.98317601138 0.465969045777 -2.3332017469 -0.372843859111 -3.09429176678 1.29275674712 -1.27859153802 -1.98705243498 2.01000150636 -0.134061236156 16
72 8254.92558972 -3.52713850722 2.50460437175 -1.54766595012 2.17654327631 -2.89872299263 -2.9559207895 1.93517685275 -1.22819596156 -2.08864363411 3.00657940625 2.65101435238 0.39604798421 2.85825773802 -2.88721531657 13
73 8267.14580801 -6.19804068851 -1.82991648426 7.52600954678 -1.5285462753 -1.69193128162 2.63036866173 0.765876473847 -1.09138353846 -1.18710763387 -2.67601807257 0.310156836349 1.75733522101 -0.924578931576 2.78312486289 8
74 8274.15838029 -4.50319668613 -0.65735816179 5.12433562195 2.21968085958 1.29501901779 -1.87915284106 -2.06887321614 0.905543772609 -1.66135218179 1.08254492423 1.96785542622 -1.75200112158 2.76281013838 -1.76811262151 11
75 8315.70896629 -5.60540520913 -6.5285143187 -0.101233566886 -2.36860815353 2.99096103371 -0.124426004012 -0.828491437816 0.347121364278 0.0597360194882 2.71397836638 -1.92731113444 1.50317860034 1.32447394904 -0.414586393658 25
76 8334.52947565 -3.64810545445 -5.96859048779 4.22243013477 -1.78098511879 -0.386073108289 -1.05095009082 -1.12299071525 -2.39736050426 2.77006972005 0.853864733787 -2.81851590275 -1.55653514986 -0.943082651491 -2.34985915403 19
77 8389.04898197 -7.79115809828 -4.2147440489 5.67866681958 -1.08987351443 0.264764590321 1.96763118173 1.58313551378 2.82856773035 2.65288165387 1.47295096568 -2.73771375186 1.86921657478 1.39774218785 -2.06794724425 8
78 8411.62737525 -2.15552810469 1.5827798865 3.73726968587 0.0392289090951 1.73070590235 0.0151909008179 -0.724722685861 0.560493589389 -0.778243224538 -2.9378887314 0.538212614565 -0.550286426908 1.21100212876 -0.359204538804 10
79 8416.05693869 -1.9609234673 1.84880174998 6.83599222869 0.0810879194984 1.41979460804 1.40073218103 -0.591138962683 0.23039742072 -0.15268942272 -2.98622373567 -2.80945970156 -2.82909571237 -1.67960576755 2.35273149599 14
80 8460.0627255 0.319105130248 -4.43214684548 1.72050021413 -0.757265192351 -2.3852890072 -0.943470906555 -0.80743245996 -0.379351112926 3.06825826902 -0.0619426163675 0.394359174467 2.67854573626 1.12918226579 3.13075328043 6
81 8482.78273552 1.16205091089 -0.11438822897 1.92190287722 -2.19751613705 2.1262278944 1.65813506206 1.28263357141 -0.276284968602 1.73817835325 -0.163559904723 1.48019831644 0.229688624394 0.995792955297 2.97060895154 15
82 8493.66578795 -0.7378455848 -7.70814630509 7.75566793276 1.76822068792 -1.96975871897 -0.649700210565 1.18143833516 -2.88517863737 1.61591624182 2.26419897633 -0.148363277794 -0.568939912456 0.124730559585 1.73672405028 23
83 8513.23482513 -5.75853526479 -2.70171059851 1.2169064255 -2.07685809096 2.53284688615 0.468432176436 0.193033179814 0.780756277574 1.87559502483 0.451477659262 1.24854317269 -0.93828728187 -0.490941990371 2.51126727739 7
84 8519.19745753 -5.31475768442 0.627197419398 6.94000512435 -1.87837624904 -2.7764079769 0.46311975235 -1.12541313118 -0.624720045539 1.7666494848 -1.67157165864 -0.736231164293 2.03599847046 1.90516346105 -1.1339939339 17
85 8550.61943833 0.415178871026 -3.94467304276 9.21477789326 -2.89941424362 1.73235998376 -1.65903056224 1.91419861124 -0.825271106587 -1.74519733668 2.42651705162 -0.217235460327 0.763380766766 -1.40507120177 0.686308523416 9
86 8587.63687644 -2.55236784773 -2.13304455451 7.08658643891 -0.464931110832 -0.328740810739 -2.15503327239 0.0804201240601 -2.47611141411 1.5392708647 2.64000891943 0.690084187321 -0.80335662607 0.259293513039 -1.56694957254 5
87 8642.6596126 -1.13241006462 1.84808480702 3.66000953171 -2.10139301009 0.447767901164 -1.16425215254 -0.23145472825 -2.98441008161 0.677535274985 2.46742042646 0.724013320295 0.811470876848 -1.21761716572 -0.450817226893 10
88 8696.3076426 -4.64315158121 -1.63005687263 0.273297807104 -1.09822501699 -2.61389010183 -1.79869132991 -1.75050148388 -1.69808672603 -0.705498207438 0.31834568818 -0.61718875705 2.71163536469 -1.28680462051 -2.54153992327 7
89 8719.0030377 0.939783410149 0.41862388785 2.00096738286 -0.16265794929 2.39495214969 -1.48263419213 -1.61843759316 0.807388386779 2.26653703603 1.09477447554 -2.27392690685 -0.0892283778804 -2.67954679626 -1.77081379798 12
90 8754.99542679 -0.46464806611 1.73634725333 4.12762571612 -0.838812691361 -0.294825933579 -1.10619692591 -0.737500653295 1.30746467531 2.48280031394 0.828661835852 -2.01332036962 -2.16824912626 -2.65284262695 2.23505107831 12
91 8821.76491212 -3.26130909603 0.0642127127547 7.37149691137 -2.51307499676 2.50799091151 2.01432776065 1.24808255011 -2.51648955323 2.80026545723 2.14827038949 2.11551073172 0.0699702176599 0.0365482460971 -0.852672308083 14
92 8824.11408625 -1.56723087826 -0.54463220658 0.00721875579307 0.203966259418 2.47739966701 -2.40118236431 -2.621318483 1.59900910969 0.659240040096 0.870400728671 0.963752718973 -0.286906768062 -2.62232778183 0.739809411011 13
93 8828.84525333 -4.84865655071 -0.945451086406 4.98024721525 2.34159638348 -2.19310561373 1.79633165228 -1.84893963868 -1.36885239151 -0.534500493175 0.538138011444 -1.54070977929 0.513845861624 2.1210887846 -1.72646279421 2
94 8861.10682805 -7.10489589152 -0.480559176896 2.69363982212 1.55549609761 -0.934104597014 -0.811092512343 -1.39571837026 -0.129783121023 1.64233133656 0.729552525277 -2.83623072787 -2.2345062237 -0.301753588984 2.83275051597 11
95 8897.4424145 -2.51467547683 -0.108870110731 5.57539506128 -2.18881708184 0.401977279577 -1.12499629764 -1.05350426023 0.557512738581 -1.49441092059 -3.10838345727 1.47483411953 2.397039649 -2.82606428632 -2.76000508095 10
96 9046.58358621 2.52092635344 1.31760359698 5.67186555581 0.619289069452 0.0418273593978 2.35217187917 -1.13142471976 2.49171364509 1.77075182836 -0.774557582315 0.846210231101 -0.395371747523 2.1638844805 -2.65005569318 18
97 9054.87695819 -6.3301041829 -4.93781764777 0.771017345496 -2.02375756124 -0.636915318726 2.6276763351 -0.583250374339 -0.905787810851 0.0214224759901 1.93012811005 0.0621926832113 -1.87976858775 -0.684642196246 1.5571824359 25
98 9057.19037218 -5.12822711677 -0.557767735941 5.24139356343 -1.62993433978 -1.01056002288 2.77449179969 -2.39227804837 -0.805839849023 -0.253709728159 -1.56358506996 0.0463904085916 -2.06659705606 2.21127587532 -2.09220367994 11
99 9124.6701206 -1.20485177667 -1.10602210748 7.94467094551 2.19904134889 -1.42682266953 0.527754893683 -1.86167425794 -1.69471069009 2.6885135231 -2.89717791765 -1.70436710088 -2.54432901751 -1.271167432 -2.72424969015 5
100 9126.99707148 -6.51871993257 -3.39494510695 6.44484539155 -1.4955229259 0.584752154945 1.92934188351 -2.39828829777 -0.46018910607 2.52399975597 1.65134546459 2.59498055456 2.6168337774 -1.25106862216 1.15635352724 8
101 9145.22441178 -5.94765575593 -0.942551291911 7.89782123668 1.9929630969 -0.737228186492 2.93544152528 0.8025971161 0.0696499489133 -0.443558251337 1.09234931955 1.49640288609 0.077514497324 0.594345298319 2.29800044691 8
102 9275.17316956 1.80604028179 -5.66753348969 7.05508246966 -0.933541258178 1.06836537467 -2.29895221631 -0.991440369448 1.4533294845 0.27472082075 1.97854617941 2.80600700377 3.01974535502 -2.53510804381 3.00567320342 27
103 9299.08808709 -0.937946139035 -1.29806396129 1.28520997688 0.97649581523 -2.61806033369 -0.624804766639 -1.16636409155 -3.0015619648 -1.53622062105 -1.79378396479 -3.02562665943 2.20684067009 2.78303043952 0.622459987543 4
104 9316.17505842 -6.72415966029 1.64382391623 2.46883188413 -1.18677842735 1.48795751532 0.245254433916 -0.585596658952 1.4212418029 0.600477340116 0.0251186681719 -0.850164669027 -2.58324205831 0.390977953384 0.160050159164 11
105 9375.62385871 2.62814068573 2.54937959873 0.581803589562 1.16253953979 2.24883234485 -2.54076580669 -3.14048857605 0.698245320472 2.27154588566 -2.76698684146 2.70569331488 1.04366628934 -2.19922985198 -1.8618706308 15
106 9409.68104007 0.0650944714009 -7.18651562354 6.36583119157 -2.88113795815 2.22172627301 0.636211808493 -0.32895948338 -0.391108721426 0.730971271288 2.42222738665 2.61452001816 -1.81180714905 1.57721325511 1.39626598275 27
107 9454.00184743 1.94283137866 -0.0361748326409 -0.0293478261817 1.66630149583 -0.590554058607 0.8336157198 0.640362016307 -1.37450536178 -2.12503138472 1.8593826193 -0.342027205363 2.47779413895 -2.07188553442 0.324220481755 15
108 9454.20064967 -3.71626168673 -6.61957375863 -1.10857124639 -0.217152255167 -0.251622364057 2.87396302924 2.16096633862 -0.203540894275 -0.312266021468 -2.77833409617 -1.35249267123 -0.55208689479 -2.72793021688 -1.80783840024 22
109 9475.64529235 -5.52898893885 -2.19294349663 -1.37164321804 -2.2434994335 -2.3445831409 2.2802615434 -1.36607451348 -2.64873685697 2.09234470548 1.32752173693 -1.92645105671 -0.304110604762 -1.33267885232 -3.03321670116 7
110 9487.99838394 -2.28664393935 -1.82230312611 6.58716192525 2.37463728843 -0.106567177342 -2.50588927368 -2.17283272268 2.24850063329 -2.71716781803 -0.696287307818 -0.774456172103 1.85152524079 2.90423128201 2.96893981411 5
111 9499.78858783 -4.59394324762 2.2740678897 5.41840709725 2.88682092197 -2.79825081937 -1.85716529798 0.897548845127 2.45078625523 -1.30095029139 2.77557225557 2.97050498816 1.59903978676 0.805783274229 -0.902325289093 11
112 9585.83875046 -3.10354674773 -4.43911050534 -0.565105216978 2.68992153978 1.15140612106 1.35101635353 0.854352251536 0.385315082341 3.06392135837 2.60472771904 2.59254847325 -1.05946254438 -1.91496003471 3.08076497232 4
113 9611.48118108 -5.68370690329 -0.828285549916 5.63378519207 0.12259599767 -0.826255354335 -0.993684314777 -1.93979387006 1.9114425404 -2.04266003448 -1.28805162422 0.804839370221 -2.35123801798 2.79739289774 -2.38236735154 17
114 9611.73447569 -5.00925899192 -1.50222204046 2.79172587065 -1.50530866158 1.28962714078 1.33257781934 -0.869370332241 0.630851778967 1.20740238671 0.245949891614 1.35808453318 -1.76762230348 -1.65198493924 -2.19238419167 2
115 9647.30854165 -0.102280749227 -0.31284029808 4.4699409949 0.908805238983 -0.521378279483 -0.714019587085 1.58839450864 -0.891847592208 1.22068072073 -2.45020019342 -3.03939841492 1.08646248259 -2.71218835005 2.27133603855 12
116 9664.20272001 -3.86037920471 -0.287406140052 3.76684180581 1.19938391492 2.03507494651 2.13002438452 -2.04627985883 -2.7141529761 -1.10648408656 2.62875529648 0.732624786635 -2.91168036155 1.64348823676 -1.71131313525 10
117 9669.38649231 -1.82942483084 2.37901114727 1.66423894115 1.63517501781 -1.08816415488 2.64244251527 -1.89529402659 -1.37401559267 -2.77648877437 -0.475284716614 -1.95222736124 2.39804529684 0.852196560447 1.94853897978 13
118 9684.36002537 -7.53547268819 -2.07784140633 -1.04660802884 -2.32743417531 -2.75749311974 0.326592235763 2.46227529688 -2.24442558905 1.19735527999 2.29449057266 1.84215338241 1.093088404 -0.794934312324 -2.24417281044 7
119 9739.14244505 -5.89317004566 0.279110283223 1.10647879786 2.57091823537 -2.78508621903 1.9277865192 -0.381727183032 -3.02811180309 1.32969410449 -1.52407344864 2.42767853942 1.54445992484 -1.89258046216 0.575933888053 16
120 9781.63443192 1.32813693284 -7.26002316115 -1.38002497994 2.92358876971 1.02063774434 -1.48553772694 -2.60001783801 1.93041712992 0.747627904998 -1.19546491716 -3.06834093226 -0.60900156418 -1.22210502657 -0.966495483361 24
121 9912.56739155 2.76990374893 -4.76532484662 5.36561611956 0.223027930204 -1.49562525101 -1.2509705135 2.4311670793 0.24825324196 -3.12276312767 1.54748956374 -2.79591494178 -0.620205372218 2.30216789141 -1.27828933427 21
122 9941.19987404 0.550454919787 -1.42828503576 4.7745494435 1.94334103272 -2.56250424762 2.87998755447 1.59155088293 2.44533843193 -0.732531164182 0.63221535743 1.92688635713 2.56285336187 1.73685586395 -1.61337926768 3
123 9991.85910104 -4.34060587941 -4.87336563507 -0.227753010383 -0.454165116007 -0.127890508929 2.39853491877 -0.542015532484 2.00740562907 -0.103694876028 0.956794312875 2.77284019957 -0.563152246397 0.00366643882808 0.0205825764206 25
124 10082.8140263 0.800612165159 -8.0723289296 7.8587810455 -2.76120093017 1.21030352622 -0.777336713807 1.51055667095 -1.79131571037 2.04455974924 -1.21915378196 -3.10450435824 -1.68923651252 -2.87472527012 -2.73906803608 27
125 10143.9615026 -0.78136314664 -3.29558229927 -0.0982559440823 -0.815158168419 -0.0604365094524 0.065627332397 3.09334456416 0.558693194819 0.315635232701 -0.775696344528 0.846495636466 2.65517469745 1.58715823436 0.550420967556 4
126 10240.2763528 -2.18582185944 -4.26382945885 1.30644518064 -0.767243906247 0.406715876546 -0.215262665885 -2.90544617571 -2.44261516821 -0.765906358147 0.72304121044 -0.418060534943 -2.00227547362 2.40634081933 -1.69912349854 4
127 10290.5513521 -5.99145641895 -2.76107457705 2.92483330562 -0.104953480708 -1.38566898725 1.91116787165 2.36631867037 -1.65035949658 2.73447155457 -2.49964055541 -2.18190684977 0.456927459439 2.8225200819 -1.75331268243 2
128 10341.3786036 -2.16126600999 1.80569573189 8.83777503061 2.10041878409 2.75428722445 -1.15617775094 -0.452060495315 -1.03394169672 1.22423176369 -0.612914893351 -2.68024170178 -0.201502970713 2.32874137187 -0.58377902077 14
129 10438.5868869 -6.50760572697 -0.891264581463 1.0748075116 1.18080001486 -1.23153567361 2.44356873812 0.446411798351 -0.617293742911 2.15200576879 -2.68569837398 1.05001090031 1.80081611527 1.12941206777 1.43442991424 16
130 10628.3445616 0.80705622228 -0.512727550343 5.91578197124 -1.4090072795 -0.967907183782 -0.480685408984 -0.795722605352 2.26749523289 -0.658747280178 0.744331985428 0.525638567131 2.93066952071 2.52418502653 1.62060242964 18
131 10723.537208 -0.557831843348 -1.636120826 7.99294645896 2.37342502391 1.10460056909 -2.34483247124 -1.58147290712 2.22612265477 2.31020029538 2.2517854155 0.195533491194 -1.97355384173 -1.08344822512 0.617599298645 5
132 10794.1987827 -7.48886014314 -3.33241030675 1.97490386216 -0.785963765447 -0.187360087378 -0.80318414064 1.72989765329 -1.70878606527 1.48143318287 -0.444238742639 -1.23624605098 -0.612603407829 -2.69305861179 -0.675588043658 2
133 10808.7515932 1.46729087435 -1.94527420861 5.20530132224 -1.15731921974 2.01789722878 1.54092693492 3.04459825458 1.92786376014 -2.9331222373 0.686078867909 3.04160962982 -2.56765820095 0.366938181759 -2.02504383476 3
134 11086.2321795 -1.2477785301 1.46234385413 8.47186042874 2.89113294005 1.85895865667 -2.67363538519 -2.18949620251 1.72898525282 -0.725870078793 -2.35867355384 -2.5456311568 2.60013695103 1.90625823695 -2.89351832173 14
135 11092.5822691 -4.49926809211 -0.505227408751 0.33971505132 2.31960241304 0.902094255744 -3.02455177512 -2.25898228614 1.75187438174 1.26430955874 -2.06032045897 1.78549416573 1.02111662889 2.75383033987 -2.97525375403 16
136 11097.7136869 -4.07890317287 2.67358922838 5.19233020505 -2.18284960674 -2.86051170516 -1.11945493614 -1.28750087137 -0.559797402482 2.91219741576 -0.697174810151 -0.0770511088666 -1.84683967763 -1.4844290008 -3.08858958546 10
137 11112.6377053 -3.81859575343 -7.05312277029 -0.483415631887 1.84313058029 -2.71073117156 1.46039222245 2.73870967931 -1.7710941106 -3.03316714556 2.81813586166 -1.42050948447 1.56019469093 -2.20962855443 -2.99343097028 22
138 11188.2686498 -6.9012296072 -7.22764395781 -1.41724036911 -0.844260193838 -3.06380714625 0.742386594273 2.15229112517 2.66049054545 0.906317637534 1.34648368727 0.74001813198 -2.39658507237 1.82179904733 -2.53193401499 25
139 11248.9490999 -3.43062565125 -0.363106386506 1.06170294931 0.536661575027 -1.50626046339 -1.05897923712 1.62524976938 0.459375572403 0.53220077059 1.76111960822 0.398866658474 0.235512463207 0.255465535032 2.9254699383 13
140 11392.6382815 -5.20624874449 -5.37632127807 0.326834386994 -0.654995532261 1.69296979155 0.275506953659 1.50585792288 1.88749441353 2.39377785064 -0.435077574434 0.719215430248 -2.79873753113 0.154254620178 -3.01028870332 25
141 11422.7006659 -1.67092783524 -7.26991324472 4.60600418907 -2.54078685205 1.20086744061 -0.254558356496 -0.780851611626 2.52523858975 -1.10818582135 -1.86227968754 -1.58442300058 0.893808628522 2.90989668752 -1.06906217124 19
142 11629.425753 -3.2252314261 1.7048402591 3.53176181371 1.91378544184 -2.76855645291 2.40489125942 2.95141057968 -0.716819780674 0.699761687629 2.20987405454 2.72572890113 -1.14151643086 1.18093737009 1.75849498314 10
143 11652.1641465 1.9118564051 1.15827431917 3.95264220534 2.24128991906 -0.684054651541 -0.632824902915 -1.59936846929 0.0280894632844 2.24158675809 2.02179062583 1.96441366299 2.13116788622 -2.7550878623 0.640941871324 12
144 11924.7376327 -6.76520116872 2.59674558226 2.8537026065 3.0943854592 -2.2080578399 -0.87078049833 -1.42388803659 -2.15098886083 -0.526443511454 0.35428015694 -0.299138309046 0.498557158855 -0.0475830415292 -2.25592416193 11
145 12075.5503921 -5.31654459669 0.0609808519757 6.02885791461 1.35590543223 0.929871402864 -0.644015955792 -1.6136382673 -0.98789067023 -2.31770069377 -0.150184555692 -2.36557283079 -2.11107921459 0.140353221463 -0.199649350686 17
146 12230.6354942 -4.04686896237 1.98952656895 8.36712086333 2.46886376236 -1.49879821605 -1.1920701115 -1.45955439365 -0.486916294414 0.687870992017 1.50382214907 -2.40169831182 0.982264397865 1.76396224661 -1.75870289804 14
147 12466.3216252 -4.47703594867 1.54745016675 8.13341416051 0.509521585743 0.301109127732 -2.0986679403 -0.951976782663 1.37361523817 1.24285774472 1.48919731463 3.05696665426 -1.97472441945 0.854011332679 2.51751249053 17
148 12814.2502547 1.01176315057 -1.05889686041 8.80257339837 2.60166411341 -2.75480075434 2.77071597237 -0.832856040263 -2.72158546579 -2.51297648991 2.33106272822 0.592940997689 -2.20711467632 2.80877320767 -1.62898258844 9
149 12960.1960759 -5.144806464 2.3132656811 7.26014985725 1.56384731156 -0.975349818036 0.71673053898 -3.00436539589 -2.16139823409 2.11813405748 0.294958561628 -1.95533274218 1.2728460811 2.06155996431 -2.4601055425 17
150 13579.9288665 2.36483736122 0.622835814884 8.25893432334 2.45040898334 1.42210587938 1.28451197011 -1.92885667018 -0.0610069750885 -2.85315058277 -2.77264558293 -1.22429177041 -1.69563151497 -1.17206898159 -2.51441508464 18
