 1.64284333781 3.49849282104 -4.32450730043 -0.225904824298 1.16379539719 1.39828701678 2.2736832275 0.547640629135 0.238499708497 1.92045700012 -0.195130716343 -0.882295277174 -0.132670721716 -1.33344238639

1 892.246182391 2.39085555133 -2.98264142845 1.61766814095 -0.170115779759 1.75547999861 2.30808456235 1.20912959202 -1.29103188687 -3.05031470989 -1.37884154728 -2.2378741332 2.19098999272 -2.79817680756 -2.60957798925 6
2 1020.74824426 -0.0510506671301 -4.51694883519 2.35251058933 0.136280745751 1.13999135829 2.37283640564 -0.925189605654 1.7603636406 -0.4593820372 -2.95773700788 -1.93733488819 -1.67770491198 2.78175426072 -2.63074466626 4
3 1133.79037938 -3.62507442778 -4.44063335632 5.16722292477 0.125812764455 -1.60484629723 0.968312329994 -2.71544976279 1.35538170064 0.801562983194 -1.10770232615 0.995555260193 -3.10334964702 1.43165091692 2.7353769403 2
4 2137.34195408 -4.52517711055 -7.07388029817 5.67580233031 0.355481382025 1.37079631704 2.59718837858 -1.60997985848 0.639006954798 -1.42236673029 -3.03778654282 -0.438805351547 -1.94739035653 -1.95419815336 -3.04800352849 20
5 2842.87829737 0.607059000419 -0.327985741684 -1.17288159749 0.186465298472 -2.84145141392 3.08337058744 -2.75338660892 -1.23356607496 0.560127245182 1.04219936076 -0.503317479575 0.168208617595 -3.06576732032 1.15381167419 15
6 2875.81052335 -0.934658414207 -3.32807566623 4.78266551357 0.67034736045 0.218427482615 -2.16494325082 -3.13688818431 2.80396939086 -1.34916687144 2.56711613014 -0.499326759225 2.06980915247 0.0864792398378 -1.92900460794 1
7 2928.66102782 1.17472935818 -3.37334170612 2.72890624244 0.192410556014 -0.918834406213 1.90965775288 -2.06066553728 1.74130686024 -0.94110399758 -2.65834495731 1.99051846826 0.05382553417 -2.93154757322 0.43885557441 3
8 3267.05333622 2.55605934118 -5.07226894253 -0.656099725312 -0.24357784656 -0.34971877622 2.11793156836 2.1943933359 -0.759704159711 2.37712393645 -1.98496821899 0.620497874451 -0.213634778227 1.02182255768 -1.99479272661 6
9 3340.92487103 -0.590431159616 -5.36123460156 5.50252997051 -2.86741383416 1.05115022186 -0.974605300427 -1.63853212695 -0.872624352842 -2.93999863809 2.12860715732 1.60904999886 0.742580816257 -1.09826521433 0.402680092546 19
10 3902.51712057 -0.306138386737 -1.43511292991 5.67303873328 0.0964973716714 -1.76385663049 -1.46357861686 3.10689551449 1.76341009352 -0.609464910582 0.262368774263 -0.2656346286 2.17384247554 -2.30927781975 2.88905431958 10
11 3968.04772854 -2.09162166705 -4.66967807863 0.266470612204 0.298942601505 1.19507512405 -1.91877685238 -1.54930662765 -0.57814640065 0.260710127971 0.478123107892 -0.799964428513 -2.72356358104 -0.168746190477 2.77495618043 4
12 4477.81764806 2.33311221463 -8.77244060388 4.8517490719 1.26055954905 -2.43652965529 -2.34192393135 0.0193426235517 -2.3125644159 -2.86303020664 -1.02845751443 0.355049717757 1.98748501757 -1.76573713981 -0.256544327631 21
13 4484.22568874 0.683507088112 -3.47824817904 2.16845708577 -2.49294933416 -2.34062186633 1.58351768935 1.4685841938 2.96608572622 1.16966351846 -2.91659307823 3.07908178076 1.05752480969 2.05328889975 2.08289911865 6
14 4530.85900789 -4.23154908517 -7.274383251 6.01840399579 0.0532469938841 1.1345558663 1.06691397845 -2.00739057394 -1.58958404607 2.62634194366 1.90053519795 0.331348642007 0.377521410853 1.28900993184 1.80266465403 20
15 4554.50601222 3.29330343291 -4.77776164159 4.74941375714 -0.812021961609 2.53305559856 1.67232713318 -1.90496760805 -1.30198504573 -2.31939314599 -0.43126021162 -0.885423523384 1.84511694175 -0.0123767369413 2.61623792257 3
16 4671.20607195 -3.16801719576 -5.27043118631 5.49242368209 -2.68270394381 0.397960710246 2.04514346172 -1.95611711886 -0.280940316031 -2.20456783659 -1.9002468431 -0.510799521307 -1.11045552255 -1.95515940057 2.28901800928 1
17 4885.71021235 1.21510995289 -5.76161780679 1.39731470467 -0.907102797919 -1.63652286315 0.714158768817 1.55136792235 0.0296416290008 -1.95996534429 -1.10365780841 -2.37044482815 1.18672665609 -2.08831915623 -1.29381819113 24
18 5292.30152145 -6.14492145999 -5.46442521823 6.61018866307 -0.986531372982 -0.0106640659207 -1.51107233981 -0.0128079117005 -1.90056880391 -0.0728954953785 1.29296792187 -0.371192009576 -2.67989952779 -1.72977507373 2.38419227204 26
19 5402.84228743 -2.77103539063 -8.96748074231 7.8010625638 1.29581673713 0.160872692871 1.88699735871 1.4985284149 0.929077363954 -0.364044739907 2.43359752662 0.175760143556 1.08519709575 0.15735083942 -0.481147404359 23
20 5675.41664542 -2.49874574177 -5.27571582949 1.36889783964 -0.811725339961 -1.23274255268 -0.39386575792 -0.142013112894 -1.15672844859 1.09169675875 -0.690878510379 1.16376941973 -0.875587089909 2.09632815475 -2.99782794227 4
21 5685.6062602 -1.99952046534 -2.21711147857 1.25989953521 -2.29394163605 -1.66725324736 -0.0250785431141 -0.304602249305 2.30700777897 3.04975517293 0.767931547928 -2.02449047037 -0.836971643844 -2.22182925101 -2.16061904136 4
22 5688.31747065 1.66626949352 -7.36250697006 -1.09217733085 1.58231033781 -1.33586424659 2.88433756185 1.36219866058 0.29027633748 1.2273032846 2.02029498271 -1.04827673849 1.2251279861 1.17772288037 -0.56990404252 24
23 5705.32202441 -6.91137768732 -6.67267296415 4.18625553079 0.780006979137 -2.86235783192 1.00676305223 -2.53684588976 0.808661900063 -1.88164446798 0.658950257412 -0.824554742454 -2.80110229176 0.484817105304 -0.388602337431 20
24 5868.62881227 -5.02914625362 -7.14150404535 9.50348762872 -1.01265545065 1.26203375242 2.39586290917 -0.131310350218 0.767157181755 -1.02341659148 -0.011332771711 1.07982456308 -2.04407531894 -1.75557604173 2.75147662265 26
25 5908.5993022 1.19233245475 -7.33228869565 3.94161915859 -2.89053945022 -2.29367417607 1.32777063729 -2.86791492321 -0.0450728035333 -1.70438838385 3.02479298256 -2.94372905972 2.79109096265 1.48976068606 1.16032420926 21
26 5989.4496514 0.779799124699 -6.64929036699 6.29838130818 -2.56051496617 -2.74386708538 -1.98235165285 1.35909255827 -0.727173731562 2.65189573893 2.89904492145 -2.57392271008 1.67508353796 -0.61205777526 2.05387275843 27
27 6030.5432576 -1.57016266957 -4.9296892572 8.05072625745 -2.66534129878 -1.053312314 1.76453100948 0.153966029922 1.64675837657 -1.24418702496 0.879550479718 -2.79781367927 -3.06407178983 2.53393937508 -1.66250473156 5
28 6085.88277096 1.74462877304 -8.94648951409 6.07178098217 2.62707358273 -0.0278914470989 -0.894124320645 0.393163410869 -1.81302477895 2.0759284082 0.881445603812 0.441866071101 2.94896200287 -1.41673209975 -2.0573509061 21
29 6166.75990445 3.05855941446 -6.42587606425 9.73492506391 1.942138844 1.61395019964 0.554937344641 1.89981550235 0.169970684973 2.1117775065 -0.953950287722 -0.710833614984 -2.08409282777 -1.55846535065 3.11191316206 27
30 6170.73148385 0.445612602757 -6.72066850668 -0.233927688402 -3.01407638008 -2.15421125778 2.10464276182 2.49454527269 3.08583279911 0.137409449461 -0.0755849457808 0.0784957221078 -2.56209642858 0.588991007984 -1.60758754034 24
31 6211.27703421 0.852029184095 0.287673863927 0.36889463307 2.34045128332 -1.68800353002 2.6366311603 -2.23195147169 -0.202860156393 -2.60374108867 1.82497443198 -0.143112663634 0.601447197108 1.7994542608 -2.46381229724 15
32 6214.60805578 -6.52837471795 -5.24435976044 7.14029783021 1.24695839592 1.03618541035 2.85343200753 -2.93934897904 -0.968439352121 -2.2994909065 -0.378660536568 1.8391950788 0.996506696973 -1.96453919117 -0.482463606372 8
33 6292.51886349 -3.76962242709 -2.18467214293 3.99401974506 -0.337264428181 -2.98702341453 -0.124140736733 2.65496579198 -3.02035296013 -2.35814319564 1.85021464249 -2.35120225313 1.58081932829 0.200286405276 -2.74968802931 2
34 6340.62423945 2.28420712466 -3.11894793928 7.07795570256 -2.66960178831 2.42409822279 2.24394943758 -0.0602270254842 -1.87746958674 -1.67380198025 -1.25748685457 -2.00395937803 3.08943068732 -2.56640232549 2.28863829716 9
35 6410.98868781 2.30411125957 -3.13358492767 0.442996050536 0.959958935024 -2.34020838722 -2.40609454873 -1.94770276158 -2.09838755811 1.37424225035 2.06695304431 -0.0942765095498 2.5590632628 0.856333291977 -2.55315001981 6
36 6414.43625175 -4.06000910916 -5.88392242754 7.8272048313 1.79031464005 0.0590873581428 1.28022397754 1.40074059545 1.43112103772 1.98624723245 -1.54108026668 -2.50378400103 -2.40975796128 -0.382607593124 -2.63462913675 26
37 6452.1985169 -5.8665348062 -4.49496550107 9.13022668092 1.8077264557 2.91797403807 -0.89727658506 -1.37201949255 -0.348396797955 2.51427694354 0.826676620763 1.63221513947 2.10111345657 -1.66859966764 -0.320893018153 8
38 6522.10479936 -2.14894322326 -4.32347821923 6.80376823798 -2.06752719252 -2.47200325888 -0.476512075958 0.575094027682 -2.15594701754 0.532772045147 -1.47614853028 -2.13101813632 1.81788339614 -0.726562043762 -0.453179362531 5
39 6525.23061839 -4.3876816354 -6.5140636904 4.67456207066 1.11359652235 -0.789926657263 2.14620239686 0.30811785964 2.55485297549 2.28997969272 -1.14452908491 -2.94348445026 1.87002451395 3.10122692922 -2.25257939178 20
40 6538.58595423 -0.656895304102 -5.51096510285 8.85737537214 1.33783669803 1.17030358529 -0.980544491274 -2.07706485945 -2.48103964878 3.03431983006 -2.81979213528 -0.623068587701 1.94522726085 -2.23133686741 2.10515495973 23
41 6542.4002805 -1.23512024428 -3.68927323225 5.13396066593 -2.46809845701 1.93115282722 0.569389069953 2.98742449765 1.76190136225 -2.32103128554 2.26671588021 -0.427590109243 1.52571999823 0.876343173069 -0.703652077992 1
42 6542.88338067 0.50632148339 -5.29899358231 3.9542439481 1.80394481637 3.11536523178 -1.58314679743 2.39078662862 -1.43497656966 2.76154533287 -0.711282788791 -0.297821115482 -1.13399993701 -1.70960577523 0.917382125191 3
43 6581.97099939 -2.15319883765 -8.48830929794 9.51817476709 2.04947795258 1.87104163336 -1.73338208473 -0.441873151924 2.17665646242 -3.10910470483 1.00241307526 -0.246095959744 -0.93226678395 -2.58459498933 2.96734285589 23
44 6623.63612182 1.43129067333 -3.71936544171 5.73673567376 -0.530736813305 -1.33307911365 0.908715175796 -2.16621106174 -2.5075023423 2.47665504846 -2.74167527398 3.03916100594 0.847930215299 -3.03945400076 -2.19068730253 3
45 6709.78801736 1.16619810879 -7.49769294448 3.34919354432 2.77644547198 1.95444272294 0.34188295991 0.865645030161 -2.09959468299 2.43186248257 2.62558875919 0.504562185891 -0.171243888619 -0.159464065919 2.39666564273 21
46 6751.10694519 -1.4578773967 -4.0224771216 5.19923268357 -1.6246035537 -0.732296193501 -0.728405049843 2.07155972448 -2.87546026466 0.790799945035 1.19372820243 -2.95119132184 -1.8963627273 1.86947362579 0.216649196205 1
47 6769.42558033 -6.57729796172 -3.74005244425 2.36931672032 0.329873506772 1.33817573998 -1.2216122601 -0.949584761367 1.08443078649 -1.15455179134 1.77424871038 1.27714860758 1.56696330113 2.88482381543 -0.502566013698 7
48 6771.66795561 3.23533031351 -4.04793504366 6.61999938286 0.0355665057096 2.09138322824 -0.411773238096 -0.114396638354 -2.23693740117 1.22975426103 -2.27699772702 1.48211020653 3.12775570502 -2.68263072279 2.52203434337 9
49 6799.19494711 -2.42098689365 -6.5572735205 2.58889186112 2.2812817079 1.97945327896 -0.180628412539 1.12561860071 -1.42850907353 -1.2291643858 2.11782263955 -0.684861922174 -0.247640813234 1.98912372283 -2.51799314809 19
50 6846.15511973 -0.247397909405 -3.14611156803 4.759505904 2.21650225576 2.8712743265 0.495290581234 2.88950595432 2.98767809373 -1.63636436569 -0.0756242972201 -0.406721498557 -2.63500585661 0.774308622939 -0.891044495784 1
51 6906.17369947 1.69636753858 -6.3464492372 7.22754275844 -2.18955330462 -3.0945219831 1.27174575867 0.0249165324655 0.279646119392 2.56175050173 -2.74242545856 -3.09107542075 2.99349514334 1.89338134219 1.66160410306 27
52 6967.56671793 -2.34674341793 -7.93324644374 4.79524629548 -1.56850864867 -2.01471298556 1.86799448825 2.85237663003 2.72448364787 0.406920708132 -2.56250974372 1.63927279804 -1.72422221248 -1.92117423965 2.4184536044 19
53 6984.91056254 -0.560053761333 0.873903836888 3.21624737593 2.78424341026 -1.80929603739 -0.49801534514 -0.778155542148 1.76516145919 -1.60441917839 2.76156682016 -1.7701036127 -2.21014247746 0.958093622519 2.22098210409 10
54 6999.83429816 1.64652337404 -8.06322652293 5.21188516149 2.70212316332 2.55093920864 -2.7269536689 -2.70303010016 2.86290715805 1.97630669038 -1.12821438071 1.77616707782 0.215908678944 -1.4833557781 -0.672313802721 21
55 7000.94516275 -0.636309748681 -2.10127034323 6.2133662448 -0.586339353969 2.14256721155 1.93029878808 -2.92147809278 1.83538930064 -2.82747043082 -0.991201217914 0.0959544455816 0.000180359597262 1.25613700803 -2.27859877301 5
56 7008.42814551 3.62857054221 -3.04318500985 1.62391988642 1.07438707735 2.75761127662 2.50978517804 2.81242847937 -1.82565676404 1.26380296959 -2.21592081152 1.27311841403 -1.60770711315 0.334561480099 0.608915451484 6
57 7067.7130353 -4.04800376411 -2.97610191911 0.780144343452 1.03305106915 1.74662965048 -0.00168081550191 2.66050694622 -0.191515940994 -3.14026461766 -1.60032634419 0.836616779548 0.497797017045 1.9839373369 -0.688596951022 7
58 7203.40333239 -0.907597925906 -5.88381686923 -0.77789404048 0.42794785185 -1.71680324867 -0.521835825041 2.88859022739 0.729969381414 -1.50028447231 -2.11104083532 2.8372462292 2.16082192266 1.74417015114 -1.67583639152 22
59 7310.65741807 3.56268074685 1.04079416114 0.633730055555 1.0674691809 -1.68214537421 0.374936467425 0.315204546463 -0.611584856642 -2.25807025575 1.60978900514 -0.943634784622 -2.97007494566 -1.14585978424 -1.41156982534 15
60 7324.00183291 1.78895707127 0.610291381517 -1.02280978436 1.17993754297 0.327440075576 0.908620901394 2.45603472496 2.39620152719 0.605866011804 -1.20982617759 -2.5302228224 1.64793472779 1.53165124969 -2.75938780172 15
61 7412.01522885 -3.8187510604 -7.9350111598 3.26122147701 2.50862920688 0.861991324555 0.981495925267 1.44198649615 -2.05065706914 -0.0342736543062 1.86899526795 2.17667527904 -2.04077818757 -3.06147085649 -0.139445262962 20
62 7445.47450648 -2.20687342021 -4.38668600548 3.00170616941 -1.31325929452 -2.44982452103 0.490142814673 -3.07495693551 -1.32400723212 0.90277158674 -1.73967294977 -2.96935207138 2.92091651971 -1.74406939823 0.684092126744 1
63 7490.81625882 -1.20164301454 -5.60303735301 4.81317267719 -1.68505061557 2.41503238127 2.2291549718 0.302937184632 -2.77132463501 2.66613673899 -2.66032680284 1.20981510778 2.3088776 2.74042137683 0.699850836812 19
64 7673.44520093 -3.3838211026 -2.42487606219 -0.968773791901 -1.02471900792 -2.32724109614 -2.55485217815 -1.35396737034 0.197116023703 2.20095339892 -0.415185399426 -2.37249574969 2.57963120817 -0.492655579593 1.85627928851 4
65 7694.57787088 -5.67749334934 -2.31236088324 9.0255371485 1.66804093529 -1.03663980316 1.32263391675 -2.07337535145 2.56650474154 0.992153466316 1.59928155777 1.37537632745 -1.13576022121 -1.03032508313 -2.44902970114 8
66 7711.5807633 -6.30036251953 -5.40629090446 7.86963961262 2.39126790108 -0.35040984773 1.9059948814 -2.6616310355 2.14784011008 -1.37505398148 2.32211106707 -1.08436368945 0.593070735441 -0.427012790878 3.06687774972 26
67 7766.83849401 3.49914470465 -1.52205857056 3.79425584193 3.04910074367 -0.863421055002 -1.98006462393 -1.6548641719 -2.04161023482 0.538025254424 -1.56608098498 1.45876110756 -2.47493032999 0.665447817265 -1.46918941462 12
68 7794.56991031 -6.66554975912 -4.74872422531 1.0066630458 -0.574148874596 0.76535641798 0.265127309563 0.353376634613 -1.41415856141 -1.67189301612 0.806359430836 -1.30392058255 -1.60029233927 -0.339636789933 -1.35034831403 7
69 7811.0138121 -2.39623037353 -1.99769873945 8.59737710582 -3.02904043773 -2.51584101753 0.787527211097 1.32224331451 0.360880474017 -2.06489869208 -0.779117530751 3.12991323893 2.63639019122 -1.01393211346 -2.52164151014 5
70 7820.28183123 1.3324437377 -2.97763491782 6.31666589066 -2.0305428591 -2.34420338858 -0.192580070807 2.63030172263 -0.86691230284 -2.6117007836 2.32948517911 2.61879423089 -1.57909996787 2.8341380773 2.89024007515 9
71 7885.00270139 -4.0042305317 -1.88319291376 -0.0808709295373 -1.97925251753 2.44046504073 2.59883191877 2.78004746453 1.11526401094 2.23157068576 2.9225616446 -0.0213673396249 1.78035514474 -1.2253645379 2.17555219143 7
72 7885.88223078 -3.04482913927 0.644480287042 4.163617473 2.40111665423 2.5648956006 0.274417935919 -2.11548927563 0.521517955147 1.67724232555 -3.07702485021 -0.3402012443 1.28799575596 0.197894505625 2.01650559868 10
73 7997.89095599 -2.60301282671 -6.71134326437 7.05765790598 2.67771789994 -3.13509662636 -0.966339060709 -0.546433541119 -0.325162941596 2.68699085792 -0.907073995436 0.514278787387 -1.15954219047 0.794453275686 2.21293512743 23
74 8005.19596882 1.4873740086 -2.22219492079 2.73872278367 1.83036750678 -0.326621008921 1.66798642053 1.77860001973 0.874387677706 3.08180046185 -2.11326608475 2.39037117381 3.05148442293 1.52011882011 0.893393740913 3
75 8029.77151892 -3.17328040721 -4.10045975065 0.572877281724 2.6779484606 -2.755689927 -1.09506741529 -0.902325300746 0.84745231232 2.57409507751 -2.10764797198 -1.68205115489 -0.758187761438 -0.996446454637 0.860125951859 4
76 8029.96478476 3.82921056689 -7.79137843627 0.755667486677 0.162974404375 2.18711748884 3.03983483544 2.58815981513 0.104089367667 2.6279889526 -2.62491139192 1.95034638461 -2.64484562107 1.64234912022 2.19300550456 24
77 8068.45227349 -6.25115431206 -4.58641714802 8.28960954412 -2.72889575975 -0.828330691302 1.76865176547 2.35932589659 -1.52322344316 -3.07704647872 2.37876351377 -1.48793514616 0.809251183133 1.38407586049 -0.358190695582 8
78 8148.98500228 1.63807423726 -1.61687466589 0.920044074544 -1.36342023571 -1.03777896587 -2.88169356587 2.93330538122 -1.66618426023 1.54763369454 1.51472714855 1.66855027408 3.0907842713 0.915158955306 -2.60412268982 15
79 8208.2546805 1.79521884923 -5.8086774714 1.42342261986 -1.36209077412 2.87918723825 -1.15956981258 -1.67588489884 -1.59131462882 -0.0425972993081 0.95150523611 0.266792066425 -0.867171673869 2.64105607473 -0.204103081107 24
80 8278.26034149 0.145785944005 1.52747590075 1.12525950691 1.70873009806 3.13397225103 -0.843736644897 1.82875408478 -1.87645140315 -0.961428589385 -2.31925680513 0.905557692103 2.62740133858 0.603198742721 0.622337450429 13
81 8299.78719334 -6.04809017763 -3.11823515925 9.80924076445 -1.00536128948 -2.10473810314 -1.11004601031 -2.4475575978 1.06958703962 1.73771915797 2.40810454866 -2.91958683527 -1.84831825619 1.92267856483 1.36348450342 8
82 8378.49635731 -7.09431170296 -1.90740563501 4.11694388539 -1.01708163296 -3.01751221326 -2.80476255304 -2.93195691206 0.241744434981 -2.48102193105 2.83981536618 -1.25550761751 0.392404874468 -0.02922222989 2.96221438322 2
83 8378.76491426 -0.253491069572 -5.55562888109 2.8634905461 2.36349528353 2.26168177676 -0.152373288808 -1.13962424901 0.322751422466 1.51821782235 2.40229397251 2.35693052085 0.392622709835 -0.19425616462 -0.247445184431 19
84 8419.06355657 -5.07325745659 -3.3657293888 3.40085211943 -1.70546585476 -0.177207808686 2.85265766244 2.41170991223 -2.8984799285 0.319909070652 -2.17489200473 -0.0843080741002 2.69730728491 0.510713736616 2.60310113643 2
85 8439.92406978 -3.91585538529 -4.71234183573 1.99684718874 -2.57044535455 0.789513680198 -1.14087728153 -1.34739733007 -2.76477650451 0.719577193805 -1.1170214338 0.726091094927 1.25939206354 2.33505778273 2.61674958768 7
86 8445.83599189 -6.12496816925 -8.96644595762 -0.16230019753 -2.23402843619 1.30807692437 -2.6267543722 0.3153535433 -1.09153550657 -2.34546065959 1.396932085 -3.11928174297 -1.42506969036 -0.0343845222969 -2.94799741615 25
87 8522.93772943 -1.77362930125 -8.6198925851 -1.11994459033 -1.15238360406 2.32847299993 1.53186654707 0.0960102616622 1.99972397738 2.30531255102 1.11872804969 -0.925938704016 1.78530318394 1.75424509162 -3.03095066117 22
88 8539.74084851 -5.33198570486 -6.39971597183 1.68329965642 -2.69723424131 -2.32449989096 -3.13391560442 -2.37230273965 1.1718859704 -0.362602745268 2.12505351603 0.975611419363 0.0860658129389 2.84359423792 -0.986137953646 25
89 8717.8557101 1.06019148132 -0.965841079052 5.26823842708 -0.599200914082 3.04036456174 0.794243807125 -0.521217243135 1.46207460678 -0.359890987017 -2.11130933076 -0.602303520687 1.95316540555 -1.24569379958 -2.82158809038 12
90 8728.59354955 -3.62559515325 -7.38537086168 -1.07223274673 0.782595860626 -1.13138001413 -2.41930655153 0.55343901181 -2.56277649982 -1.57469730717 0.53302772192 3.11574465748 -2.68232202412 2.16508743389 2.60717310673 25
91 8736.98780337 -0.745272801865 -0.284311492986 -0.78623800179 2.49584197503 -2.2113431879 1.29941574525 -2.60450332035 2.87027940453 0.803661150564 1.08280208868 -0.743513580995 1.81455047987 -2.04771713142 -0.436495309622 13
92 8757.25403061 -1.09454335786 1.7873146861 6.55374507165 -0.565930370526 -1.58114029045 -2.43193334407 1.61309800092 -2.64409308412 -2.3578311977 -2.15945399998 0.455070852762 0.364972535482 -0.42714712831 0.167275341943 14
93 8766.01415325 1.15130594605 -1.61588179474 2.99973841324 -1.94792305762 -2.27892199366 0.983604755117 0.855173253538 2.23793449729 -1.87824872645 -2.35093854982 3.12292838506 2.18784498902 -2.56854897535 -0.911848795102 12
94 8884.17172243 3.13939586048 -1.71446075666 0.171151017767 -1.88860845155 -0.0756043441944 1.84179874178 2.2761382543 -0.00303412395861 0.991153940901 0.262293198148 2.19525567335 2.41659272101 -0.607180775465 -1.37337421292 6
95 8965.23852505 -0.687085370247 -7.85641784347 1.27537915033 0.929836402607 -0.788718826824 0.223129958988 1.22099917483 -0.111733447186 -0.601314126469 1.51878469115 -2.14423300105 1.79209027658 0.533554559126 -1.37326513808 22
96 8970.8318127 1.95452474663 -4.82437284843 5.49511409289 0.241477437334 -1.87789784723 0.507207383406 0.732230336607 -0.665161358729 0.76969536499 0.774597362455 -2.52548607 0.448576048856 1.4585597066 0.897896050001 3
97 9188.81696575 -1.27384453338 -2.21093856288 8.33802760085 -0.926252843805 -1.87276729603 0.152400726896 2.57473567004 -3.1230891667 -3.11898092365 2.67326277398 0.029192629067 2.46485123942 -0.629391362341 -0.954617187814 5
98 9264.39422336 1.59842812964 -6.96830219663 7.48635526697 0.012604263315 -2.26125331639 -1.6645330454 -1.41868444468 2.73761562685 -0.0387461877286 1.49999356217 -2.26263905001 -1.22893979269 -0.705067270255 -1.91808823138 27
99 9334.5534002 -2.75563182527 1.40215084891 0.32694183903 -1.4696958983 1.6733134924 -2.85052774762 -1.79579342428 -0.152184909155 0.149963785049 -2.84784640687 -0.831035520154 1.94933018736 -1.03095104087 0.621873199417 13
100 9371.84777449 3.65655037453 1.80513280374 8.2802599092 2.74435405083 -2.81640099215 -2.25575063607 0.0120800927765 -3.10197161054 1.30940618917 2.16335166719 1.49391050709 2.37881069938 0.576996833022 -1.45529873348 18
101 9398.20207671 -0.416092808723 1.92480131764 4.1943745217 -0.547975517521 -3.13412492899 -1.50796805567 -1.26395360934 0.265597822089 -0.720526646677 -0.74763825166 2.55508515977 -1.63034417442 1.10300022535 -0.421527613462 10
102 9417.34818583 0.201670623517 0.898725484316 9.52038279999 -1.19645238018 1.61377113224 -3.12771511014 1.64007952813 -0.750655337874 -1.11441003817 1.27770771415 -0.334948377914 1.60282811976 -2.70085311444 -3.03209019292 18
103 9464.1750008 -3.76748802177 0.430594103901 6.76190065809 0.0929739799917 -0.438394224423 2.67863882375 1.68574616633 -1.72536234892 1.15520263502 -0.224510278032 0.119208091953 2.81277914372 -1.36119303893 -0.121534930033 17
104 9466.38054926 -1.90243603268 -5.48580460198 9.20811338862 1.23496506093 0.85751688027 2.14825024748 -2.38266667624 0.548746613268 -3.10790112472 -0.61606501218 -0.258310041293 -1.06778131123 1.48593769257 2.14777571178 23
105 9581.45759624 0.206648352041 1.76695552553 9.70615047492 0.20794830684 1.20288593591 2.52003884036 3.02748783772 -1.69014984835 0.465405972111 1.93808557259 -2.22920806782 1.11694712703 1.5958762226 -2.78392429326 18
106 9599.02317188 -5.78867829419 -0.095156553684 3.838054612 0.940272821584 -2.12908091123 -0.189027391413 -1.80619545413 -2.19020864027 -2.72976261544 -1.42595763539 -1.80752810179 -1.31888851599 -1.2020873909 -0.978005766975 11
107 9622.89718724 -1.68429762132 -2.99240383319 6.92432895998 1.53641079629 -1.66591215679 2.00358832991 -0.698669478222 1.88398650993 2.76398939009 2.26675377922 3.11573404026 -0.844298455728 -1.59881163338 0.544681426214 5
108 9727.89742227 3.35599801732 0.431899431354 1.11750913524 1.34615804034 1.17858719943 -0.122529554916 2.98283781115 -2.41364005625 2.53571723387 -1.27673999607 -2.81686454505 1.17517156374 -1.2201542436 0.467169645132 15
109 9844.19649803 3.32067653515 -1.46672260154 9.01850706524 -2.43442302393 -1.84929602012 -1.03542445106 0.34055652653 -0.078041275209 1.41698798443 -0.742100141264 -0.718382911348 2.49810722939 -2.38165164945 -2.5650855417 18
110 9874.05292371 -2.38820106425 -1.12934282548 6.29514096542 -1.70378417396 -2.38040329473 -1.5863810592 0.505667657502 2.19711736939 1.16878083742 -1.81805050884 1.28450827118 -0.544032219253 1.7312458142 1.03082520991 14
111 10011.2378853 -5.53972965239 -0.235707171446 1.62582046757 -0.87839494964 0.353233819066 2.48356189524 2.57326546697 -0.971273183854 -1.05888076106 0.647062988342 1.30779206191 2.11195574888 -3.00844734217 -2.54982221838 16
112 10023.6119734 -6.96007519283 -0.0397683116996 -0.217154485979 1.61609941012 -2.25503948425 -1.25452540173 1.93835735111 -2.41065943888 -2.45514685032 0.532248216337 2.20459103985 1.4973055416 -1.76380769319 -2.7066530816 16
113 10054.9418516 1.28510736739 -2.79526783396 6.92773747835 1.57855102667 -0.766236883408 -2.7814160487 2.95683131047 0.941296302179 1.73143324605 -1.42827427736 -2.24959370644 -1.38762022345 -2.86483905683 -0.403938881502 9
114 10110.446385 3.01214672973 -4.65014857177 7.51295102886 2.73268623195 -2.53634981392 2.79689113036 2.84904007032 -2.19493163306 -2.06701634917 1.62873836242 -3.05946979699 0.424957750865 2.59657283346 1.84055711219 9
115 10145.9940179 -5.25847029213 -1.40936282999 1.03700500782 1.88795426372 1.17150159929 0.980677810829 0.210670589743 1.73464839625 -0.244623425635 -1.06029211539 0.0086935361667 -1.4118202126 0.432964503154 -0.409723565487 16
116 10168.9857584 -6.57079321361 -5.5247172025 0.0490518171442 2.19606546117 -0.780803296195 2.72684637476 2.77426070271 1.47763096732 0.922118118337 2.99620288494 -1.65892312556 0.453879511438 0.445710938517 2.29086357499 25
117 10179.9624963 3.18800444548 -6.65476950946 9.33413154664 1.11342199649 0.989302269809 2.3300822594 2.78594725287 -0.318564530387 -2.79363912303 2.72343696777 -0.792479059659 -0.596278043172 -1.12770013534 0.508735460435 27
118 10220.5809005 -3.37053721454 -1.38377976544 -0.59502048002 -0.871503595516 2.59506577655 0.362154051351 -2.25625327202 0.618062370356 0.524215214322 0.71279436737 -0.55547670722 -2.14163919601 -2.74817081881 3.08051413386 13
119 10376.4651393 0.73979492516 -0.883269256306 5.99213494607 -1.83101562621 -1.25881642928 -3.0164638048 0.0157714610831 1.28089246848 -2.03609345268 1.72356219187 -2.88329867807 0.886938652251 2.6404714697 2.07296034163 12
120 10403.4931404 -4.33563155446 1.43876386676 5.6371490727 -0.65114391509 -0.949348140429 0.136775419958 -2.36961086865 -1.36964700026 1.0382576804 -1.05198488795 0.111446244381 2.00743225844 1.91783574641 0.335710785257 11
121 10556.0277718 -3.06637215151 1.61884586346 2.24605455265 -0.0382905336614 0.0130857724451 -0.905823132477 1.70161139293 -2.61038149093 1.35443675775 0.406024341637 2.71080685684 -0.401991158256 -1.56420120019 -2.3252579274 13
122 10596.2406055 -5.56936468268 -2.75330316166 0.425399036987 3.10775434198 2.89931964474 2.67460169657 1.99250174853 -2.58801293851 -2.81596514971 2.36626959171 -1.42179245548 1.12960377645 2.46750060336 -2.98488877633 7
123 10673.0997563 -4.76989339267 1.44689135532 0.305930865816 -0.849475537687 0.200306041104 1.00716828909 2.93899424737 0.297727747077 -2.3169420602 -1.8273406684 2.12455706671 -1.30388786224 -2.44478245584 0.547379795515 16
124 10705.7033729 2.07461685797 -0.707286794043 7.33980350248 -1.85142947557 -0.594865763906 0.0746538906983 0.994238937093 -1.85642191331 -1.52484105436 0.63223297316 -1.17742649871 -0.578416096767 0.446876664087 -1.49477595434 18
125 10715.3703655 -6.83295195165 -0.655710544898 -0.302359733367 -1.83783035532 1.13096238162 -3.10132323283 -2.90452938436 -0.872494983574 -2.8151598955 -1.37026400643 0.186856825616 -1.50219763561 1.02110817265 -0.111869563474 16
126 10797.6843199 -1.54391184201 1.73289949166 9.60700261879 0.922014476561 0.809890119347 1.81772941895 2.64171261401 -2.20944695262 2.89263638335 2.79712399988 1.99788106971 -3.12244782587 -0.397628123455 0.839788837139 14
127 10830.4040066 -0.54184413627 1.05532873606 -0.388765674642 2.69829220098 1.66437898052 -1.79770974028 1.29862663015 1.42240837847 -0.676165935306 -0.112007296633 1.27009540642 0.823402402443 1.93175393761 -0.560783466406 13
128 10838.212761 -0.235855220397 1.32501099669 4.88546794141 1.68129668348 3.11229601381 2.0970144714 -1.62464453864 -2.71078710385 1.42713862334 1.87525851584 -2.16879631157 1.09012314347 0.146107070733 -0.792528185069 10
129 10838.86358 -4.45830092407 1.65896893717 5.46048504864 -1.75158178463 -0.765319050191 1.9269564428 1.66992884958 1.75380420364 1.44741449997 2.88608671685 -2.20910121211 -1.96009670775 -0.195765736513 -1.23116756356 11
130 10951.5441321 -5.49793090726 -2.29314242392 7.49471391442 -2.12164397379 -1.67887222532 2.26237432298 -2.38539497259 3.13478238446 2.08713076166 -1.27724940222 -2.68255362714 -2.90298563535 -1.82388346405 -1.54272419481 8
131 10967.8770535 -2.93914482386 0.956148019064 9.23390790345 -1.96125390067 -1.02217038333 2.59607497007 1.54309618485 2.55289254392 -1.07941394842 -2.58746826832 -1.52541404909 0.447906185643 2.30116633469 -1.89906599311 14
132 11010.2828593 3.53986194377 -2.50168668193 7.12075113582 1.35149725976 3.11274134969 -2.7345065373 -2.67217393932 1.02962139656 -0.101674867534 -2.72302604859 -1.54111406752 0.751141731656 0.868449793352 -1.8055935452 9
133 11058.6998244 -3.36750055157 -6.73600866953 0.161531384087 2.7858946514 0.955366788773 -0.868974522529 2.37284560849 -2.32805337444 -1.30856224732 -1.74950924022 0.622079718126 -2.34359777511 -0.702472283078 0.443201911411 22
134 11106.3388238 -6.9799765826 -5.79889368298 6.7219353287 2.97330611917 2.42240368456 1.8036529465 1.71217598596 0.854735798189 -1.15637674351 -0.270041112454 3.09956691581 2.65863790467 -1.61207122693 2.0268759545 26
135 11155.8712579 -6.52249019727 -8.04060133584 2.02368325749 2.91254791305 0.368909396676 -2.78514641615 2.91703193465 1.50342593236 1.21600620863 -1.33188368013 -2.1941653203 -1.20211762158 1.36569743085 -1.42946146502 25
136 11255.0842537 -5.50732256982 -0.277781272202 4.99635431492 0.0556988770497 0.27064621436 0.983632714945 -1.41830567997 0.641853837137 1.41048559081 -0.452520148213 -1.34895460684 -0.88566057164 2.20300511171 0.727744064129 11
137 11341.1242205 1.59215201596 -0.0181395324862 4.68999652898 -1.18894664977 -2.36861143886 -2.36430506948 -2.0982795746 -0.587696203205 1.51579244668 1.66881731652 1.4813205921 1.51690929139 1.26947577184 -0.53876678455 12
138 11348.3698177 -3.53218316343 0.583806093545 8.78902612675 0.751150738398 1.11783478255 1.60426641701 0.980726324179 0.512317789896 3.12476567007 -1.05718959781 -0.333882987673 2.35252925753 0.064352904073 2.49978488691 17
139 11555.9696352 -2.33641238519 -8.65031579908 -0.473867330539 2.58043234056 -2.08145066362 -1.68352012233 -2.71621520417 0.905843027277 -1.78318123957 2.67476283078 -2.96710219801 0.52707316822 0.153844009009 -2.73983507421 22
140 11564.2034765 1.43347933787 1.65913425269 5.76831961561 -2.33531716933 2.39147554102 2.55303233015 -1.31091849968 -2.93768297702 -1.35378504501 -0.398294887163 -2.42698554097 -1.50296173324 -0.191807633581 -1.78772677254 12
141 11713.6328234 -6.70226187515 -4.2620139527 3.09716968359 2.48305110317 0.637878344325 -2.94048500525 -1.27124461015 1.80980932237 -1.83871610051 1.5685612689 2.02521341395 -1.17307357468 -0.320115083322 -1.70882621183 2
142 11856.5127988 -3.54382195912 -1.69763900879 3.95877771934 -2.64976264464 0.00614295446837 2.31103390637 -2.02921609964 -0.437611064028 1.61591523714 -2.98572330192 -1.52302668052 2.59405388983 1.60360395324 -1.43379773093 2
143 12006.1744264 -0.0519288789684 0.45157452207 9.086362659 -0.247978874759 -1.15492982437 2.31583722875 -2.74228726693 -1.14162422711 -1.40307869717 1.62115179337 0.664764003205 -2.92812126612 0.348703537482 -2.07373947698 14
144 12114.1157662 -5.05749540675 0.0943690444381 7.82566877562 -2.71467630415 0.652092011571 -0.646467932967 1.08451139892 -2.39309867802 1.19943480195 -1.2726457362 -1.6512825281 -0.965493984493 -1.12193066551 -2.38455098492 17
145 12144.8092642 -4.79625295187 1.71201076767 3.07559195238 -2.82848437313 2.61378052131 -2.63643006807 2.46429237665 -1.07263406726 -2.67523905524 -0.127440616533 0.232710410899 2.78753836068 0.206299243277 -2.84266482826 11
146 12442.2640493 -1.72803815416 0.185944262048 3.99012672158 -2.59569768689 -2.74108084613 1.0489458566 2.18532437471 2.10704187202 -0.458657739259 0.550959725203 2.37347892627 -3.14012434724 1.26660428496 -3.09029924678 10
147 12869.2033631 -6.78582470812 0.538037813923 8.68353427635 -1.65452452094 1.48719259725 3.09366859147 -2.70146783617 -1.5327776693 1.30725947843 1.444268876 2.71724668148 -2.22960042071 2.74230362033 -1.72501646232 17
148 13346.0596203 0.140975203816 -0.649157061062 7.18556181814 1.93668143925 -2.67004949358 -0.661568318616 2.17802961914 -2.92242688786 -1.4016457204 -1.9256137591 -2.68766635507 -0.432560604308 -0.688079138635 1.39635270741 14
149 13425.4489637 -5.30662333598 0.88304599676 2.90975370403 2.84239480171 -0.707006895636 -0.317748280326 2.40768043367 0.10042025385 2.96166143016 -2.84475778053 2.6236685477 2.6094565138 2.84564427378 -1.69875344339 11
150 13651.7294544 -5.62707094167 -0.746182839316 9.4204800377 -1.53600198065 1.23206318751 1.82253592887 1.69252015877 0.930371356025 -1.05034774602 2.63980198324 -0.813184001743 1.26411284558 1.54443601831 -2.86286656063 17
