 -3.01551505985 5.42018775444 2.44434581643 -0.531680838701 -1.48223385602 3.11323587656 1.89325872084 2.73947985407 2.43282360998 2.5379333276 -2.82612280098 -0.449997339099 0.381296564073 2.4729077305

1 1296.70331045 6.01565825817 -5.19058426457 -2.07560136768 0.442136820888 -1.72639535461 0.161440693679 -0.640550650339 -1.92176806612 -2.37736080806 2.82262920037 3.11799459062 -2.55997731336 2.86952732098 2.87324042454 3
2 1690.02970925 1.07425033373 -6.99976886326 -0.0380182235822 0.629100251075 -2.72901089559 2.87256413168 -2.3855198083 2.65709712523 -0.737230680555 0.0489113666061 -3.0938540488 1.406302126 1.01921839946 -0.544932566912 8
3 3102.96133477 -1.91916864923 -10.4588505523 1.55965751966 -0.234682687535 2.01724931581 0.987990211147 -1.355745459 -2.00784059846 2.19116586288 0.959857778662 2.22758027965 2.65287352787 -3.05810092525 1.67054802856 26
4 3329.99976187 6.9510151534 -7.16025083172 -7.48011158961 0.282693598657 -2.70238615567 -1.54121823785 -2.84618890061 -0.721978985173 1.38355652705 1.75028669855 0.86639722863 -2.95200760768 2.28494611363 1.56690897363 6
5 3334.83144862 5.93810285451 -6.80087269842 -3.95841978093 -0.568739126825 0.722625361835 -2.60437101685 -0.197560244688 0.0181043441492 -2.40378286783 -2.57965580569 0.772174684607 -0.142597316891 2.44924822223 -1.39637032888 3
6 3604.02508009 1.47697195314 -10.1707502398 0.830844669988 2.06506191789 1.25770285279 -1.73164086425 -0.511436454792 2.11119514414 -1.77855626908 2.45463606573 -0.547631454601 1.85589273929 2.92617000449 1.74305016691 23
7 3722.80249944 5.40996453096 -10.8794716495 2.29415837566 2.56984739716 -0.149566019495 -3.12115227849 0.24477930312 -0.495289838496 -3.13432896738 0.480183138715 -1.34158178096 -1.219187744 0.127631962497 0.0295551900896 27
8 4168.6983597 -0.100726466629 -10.5249282701 -0.227811917189 -1.00004012574 0.643560536748 -2.88520475351 -3.03371740591 2.15922313501 2.01033477893 0.533437673647 -0.0902226404369 2.04878593197 0.0752123520543 -0.19759934006 26
9 4440.79087086 6.4365768889 -0.156240208799 -6.57091051297 0.937541076765 -1.56024966174 -0.402061591915 -2.19383563295 -0.273975336089 0.102442945558 -1.59359317157 -3.13336046479 -1.82049227505 -1.06021717248 -0.797048912811 15
10 4679.00880718 -1.82962167997 -10.3285626838 -1.38822256343 0.407861868872 -1.36330325944 -0.667985444689 -1.02975498519 2.74425713055 -0.506526454402 -0.575270366074 1.46510437692 1.94977725077 0.491685414222 2.48140247291 20
11 4681.87249711 3.97591927468 -6.85818631834 -1.25918619738 -2.30233447359 1.06310100421 2.15813031021 -1.19211261165 2.24611368674 -0.990415604666 2.61044412414 -1.63630847562 0.0457457566207 -2.31834711271 0.307412653226 1
12 4733.09432245 -1.64882695387 -10.3813261248 -0.682100388505 -0.669872083763 2.25514913332 2.10788323025 2.74965996016 -2.73951537282 1.63173813071 2.15852816269 -1.67102938387 0.869275362167 -0.42733616048 -3.10612782329 20
13 4903.64752078 -2.46913012591 -8.71196196275 2.05676036992 2.4860254492 1.16665175562 1.03480778028 -2.8351152812 0.154972109818 -1.90415356561 0.72650573979 -2.31222392812 2.32728367907 0.785721165257 1.76623323836 26
14 5026.92283183 1.31444411116 -4.63026830532 -3.11002506263 0.875252107643 2.42134755312 -0.121524072324 0.736056126816 1.6561599664 1.01089821026 -0.660615956587 -0.598492748971 -1.22685082742 -1.40823366707 -0.5549960796 1
15 5038.1785996 -0.421462533928 -8.26272348867 -0.0799144561651 -2.16487031366 1.21646619668 1.55363207127 -0.475575150593 2.90982568748 -2.42286398545 -0.944137163045 -0.944931877939 0.886754301088 -2.33732508206 -1.35419288735 26
16 5211.21777796 8.41493653578 -4.79240691217 -4.96836726654 1.8340614263 -1.47388312297 1.28272686782 -0.730109836279 -0.793274754368 -2.4230950349 2.1045277775 1.56125585472 2.32679373698 1.35873719544 3.05139166533 6
17 5232.3243974 7.73877920641 -5.77132525503 -4.67592794676 -2.35403782961 -2.30983676019 0.408370902538 0.720251971214 2.21653383265 -1.97637430065 -1.68776623492 -0.929437694251 -1.72967488374 0.790814183489 -1.06606090652 6
18 5315.1366604 -0.53322187987 -9.75230597544 1.92833447923 1.61063668939 1.52871992412 1.62006492797 0.0676272141144 0.584311602641 -3.08773307228 2.70940667276 1.71506826667 -1.74762338794 1.98672919886 0.107332343244 26
19 5455.83052007 3.90593991687 -5.9405961629 -6.65666646053 -2.12837489563 2.31896262238 -0.273370299989 1.97876939606 -2.04004296189 0.861970132774 2.63138161191 2.09849946563 1.49336011261 0.0871473233451 2.17069488434 4
20 5586.16552899 3.76073983376 -6.31321073632 0.0285273402959 -0.0443608802253 1.93634793785 -0.0600558387599 1.9638915645 -3.08300599579 -2.98413308672 -2.54569349697 1.81017138649 -3.02471639213 -0.785825811891 2.23462317038 5
21 5594.7957523 1.66501645339 -10.6892963849 -4.59972850464 -2.79408860775 2.73908178833 0.45378817755 0.533822130314 -2.17978258393 -0.321752334968 1.85348461925 -2.56326622633 3.11236979571 2.50436754933 1.52643496372 22
22 5650.96075868 1.02262984888 -6.29396943539 2.85387471782 -0.106773086841 0.190089544469 1.6173957199 -1.3029242116 1.31844745139 -1.20293974348 -1.3171421714 -2.13753295402 -1.37534353685 -2.30171803515 -2.3227475035 8
23 5660.35101909 1.66544002585 -8.28863565183 -0.979551149209 -0.0269774897253 -2.07727984071 -0.318967420925 -2.70452312064 -0.814813969526 0.947488877804 2.47669839997 0.670200218926 1.92973583156 -0.980334252566 1.50881726135 19
24 5785.23341219 8.44137478445 -6.091231269 -4.77264470151 -1.97438618601 1.43372022231 1.48058075031 -1.71098698087 -1.38788948893 -2.01091389918 -3.13867955968 -2.90635112307 -2.09354607681 0.547368969704 -1.50362355081 6
25 5821.68693968 7.23302288809 -7.45226446641 -6.01609513923 -2.78829088567 0.190306259155 -2.90310533105 1.87410646165 1.2251072543 0.412866866065 -2.4770530331 -1.46046593088 -2.66325563578 -0.389824146774 -2.91660547668 24
26 5949.73938543 1.38279444051 -5.86232340199 -6.70195963106 0.781183118915 -2.70266229526 0.765885846486 -0.19306625334 1.18338373768 1.39983625673 0.730583073436 -1.6151006447 1.23374011633 2.3859311634 2.54838019257 4
27 5975.59902981 8.22545481141 -4.87881017556 -6.05179641757 -1.68537484615 0.653722434556 1.1997366702 1.62927620772 1.33908826298 3.05935530459 0.966996859824 3.0708745546 2.99320729996 -2.83661608666 -3.02128650446 6
28 6136.96338641 3.54900025883 -8.22724229146 -4.86186952194 -0.223557482401 2.7584710241 -2.18382326247 0.794082794355 -2.7648085746 1.4928778415 -1.12729042225 -1.57893098588 -1.08879543395 0.660288775244 -1.24625229882 22
29 6144.72113049 0.275011009451 -5.22667661087 0.346717550292 -1.12117856696 -2.50263833046 0.147555853743 -2.06434781658 -0.400043390638 0.465380777728 -3.02324291412 2.26661047231 -3.11622561504 -2.24366787124 0.383429968927 8
30 6165.12587658 4.66128514323 -3.90360698238 2.43222897366 0.770010899305 -1.6609742595 0.462736190615 0.959349467605 1.4262643795 2.81887613907 -2.30643727907 -2.39122458002 -0.20100974418 2.50061773408 -2.76834127917 5
31 6215.82895814 1.44861398843 -10.383209132 -4.7354141754 -0.132551044955 -1.61167580603 0.806837860928 1.27619746613 1.11404044299 -2.7628839665 1.74394166872 0.476429499089 0.410613216547 2.68201021405 2.61121137476 22
32 6243.65842354 3.33507915698 -9.93252268902 2.84349191357 0.4090780538 -2.68159935188 1.46533847375 3.02753747251 -0.917818492329 -2.69941773388 0.939896257413 -1.5293339251 3.03875673287 0.639513570683 1.88972420417 23
33 6333.1944679 7.55022286234 -7.81603862077 -4.68455170257 0.107450596509 -0.394666929442 -2.22942410581 2.64793291626 1.29721866162 -0.569915486189 1.5901803434 1.58244033657 -0.894395825443 0.185671246279 2.51793249806 24
34 6359.88014974 7.64297507073 -0.0114789003834 -6.50259046083 2.81659240736 -2.79135169181 -2.04400444507 -3.0433368257 -1.10804140848 -2.22450091069 2.51474796771 -1.64239802702 1.80027927211 -1.33183897392 1.23304540992 15
35 6455.9150055 7.62263584119 -9.86182489801 -6.25953904839 2.63282471358 -3.10301101382 -2.17570036094 2.00884046668 2.75860917194 -0.0305062073547 -2.0853249559 -2.23881819874 -1.6180353309 -2.82090647352 2.19642502414 24
36 6466.86510825 -0.7317002355 -8.91215682065 -3.60916140514 2.77221856546 -0.96452568041 2.05000080731 -2.76967185461 -1.8305872965 -3.09089596043 -1.63958516112 -3.06742356779 2.00812858132 2.18730406442 -2.88894443055 20
37 6476.79904704 3.29249724198 -4.62124883543 -2.59458567047 -2.00220013861 0.884265877883 2.90959661417 2.4084316657 0.432553355796 -2.37778973346 -2.19958568429 -2.63399353287 3.02177030471 2.07458524867 -0.387188216241 1
38 6546.55285858 5.45597284594 -4.05141917462 -3.53909494376 2.67171866025 1.80247778085 -1.30574674858 1.25028631091 1.04309397836 1.10521871456 -0.728297879495 1.02228650721 -2.15527482534 1.92511701576 -2.66995415568 3
39 6643.21800332 7.27563042826 -7.4738164937 -2.80930082891 2.89893509255 1.21313599831 -2.05592158545 3.03578944553 -2.15818344299 -0.323953234606 -0.513781187545 -1.55178623004 1.55685682723 -0.941450482955 -0.831741891908 21
40 6823.23119503 8.28912048018 -3.68319795106 -1.06690296018 0.233248859016 2.4917913804 -1.5562330871 2.422714989 -2.18455636978 0.0825790760715 2.03103759473 3.03295338797 -1.88526011129 2.56127807601 2.12580559122 3
41 6893.44122336 -2.40677419811 -8.11128907292 -5.08398675338 0.687423084256 2.15421533302 1.68133295357 -0.541236795718 -0.445253357457 0.819499535863 0.541347790306 2.35780249412 -2.68895606299 0.0887719971314 -0.877291402722 25
42 6941.31800405 3.0200157748 -8.72400760332 -2.7950478853 -1.29080455859 2.70275360251 -0.194872483382 -2.62967144686 -0.637762972829 -2.69939909511 2.87769062549 1.51403729513 -0.448728001818 2.53664610935 0.534694307104 19
43 6943.31849891 3.19914575272 -2.13528790564 -4.34206127599 1.21434307636 -0.687517711786 -1.05911223087 1.75939902848 1.72434549978 2.34042734716 3.03137409924 0.633309787747 -0.244844806742 1.48833057127 -0.773557584586 13
44 6951.31912756 5.27809170894 -7.38008046729 -7.28822588426 -3.04197124825 -0.0360741066863 0.818963150164 1.88062556564 2.86965627569 -2.63605844087 0.14839195649 2.46103473188 -2.35180760236 2.6953144071 2.19212242007 24
45 6962.85397417 3.35572238925 -9.76170053651 -3.46883943567 0.674469078154 -0.592716723956 1.26053237047 -2.13609073714 -0.842801006413 1.66375387264 1.16712978124 2.72835250711 0.859132048051 -1.99656851363 -2.70269186735 19
46 6975.44715522 1.58166940328 -1.34006532455 -5.87034647512 1.31304027132 -0.0720490837346 1.26883777396 -0.801178802723 1.92237956886 -2.61543194635 -1.48038998886 -1.00455308067 -1.6506960662 0.45951801923 -1.77243469989 13
47 7117.97361343 6.51526693009 -4.18606851075 -3.81387549017 2.57722575647 0.375755201102 -2.99398725463 1.80823460401 3.09744495549 1.27286660097 -2.45657711112 0.481413310841 -1.9642581457 -0.337220515934 -0.76062113239 3
48 7120.77330669 8.10553576132 -4.85612552104 2.30313806875 -2.28706810774 0.257973812204 0.924054112556 0.399166548313 1.23030415342 -0.32634731045 1.17496909933 1.04192426394 0.377053871829 1.92916028994 2.21543630939 9
49 7121.82465248 -1.64017933869 -10.8853705051 -1.08875713404 -2.53782229062 1.29745788853 -2.43084578862 1.40549279846 -0.924378041628 3.12135219719 3.13903448784 0.828839955634 3.09714389507 2.72813264987 -2.01464806902 20
50 7142.35606348 5.77413191695 -3.8176971532 3.05329526128 0.62740552399 -1.67098551441 -1.27641212839 1.55891173635 2.2967699939 2.42627482968 -2.65761769377 2.93413932265 -2.81480422811 0.0226410050508 -0.873119614069 9
51 7188.45119544 1.96686203404 -5.89490200102 -2.61206225278 -1.81966396461 0.98227667262 -0.866072403262 -2.89537926747 -1.01638042423 -1.20176046934 0.457564311555 1.93320062946 1.1858202569 -1.42765157821 -2.22447914342 1
52 7283.45661688 -0.716740918908 -2.82834723208 -1.95039337556 0.224157222424 2.69850342377 2.61337434056 0.0841800518496 0.423601278755 1.36604118957 -0.535961861005 -1.78640683025 2.53633578278 -0.0644470652636 -0.206105928268 11
53 7313.30006782 7.4366738279 -3.344174633 -1.45041876574 -2.39888856935 -1.21804298358 -2.76129742643 1.93557891363 0.638765800399 -0.528752943428 -2.41356637539 1.8860115376 2.83550461283 -2.59234207505 3.03262449411 12
54 7377.30550666 -2.4450718016 -3.26281139477 -3.37054819851 1.73804117857 -0.617799963055 -2.91066744846 -1.61780260976 -2.10372560497 -2.69763912867 3.08490008661 0.83881865472 -1.03098109482 -0.699357629622 -2.17111203321 11
55 7407.32477219 2.86858939276 -10.3682609999 0.645572732291 2.957246749 -0.220437083906 -1.96217911253 1.38651981582 -1.88386396248 1.87321647489 -0.629203023722 -3.0302519628 2.16882756848 -3.09649110732 -0.61103688464 23
56 7409.30475939 3.98814290773 -7.31861282181 -0.763149639351 -0.811825529156 1.40829200221 2.11317236908 0.902634075904 -0.246379597177 -3.10901903084 1.06004268451 0.179008465203 -2.06507436044 2.41100075006 0.961807217156 19
57 7411.4522968 7.99177198946 -6.92155958284 -7.13369844701 1.95022296204 0.6529557149 1.01649142582 2.54049285996 -0.582706646647 -3.05595637605 3.00977665186 -1.51100778229 3.0937253612 1.85092550914 -2.02448740548 6
58 7499.8236005 5.2128462464 -2.70436408424 2.52074095026 0.676211931682 0.320868884667 -0.192789398595 1.70427148103 0.330734362638 -1.51006746913 -0.0394126093873 -1.43501461516 -1.24111444648 -1.01021523587 -1.13789556624 18
59 7719.58793643 3.02433878468 -6.31791028238 -5.18469878517 1.46780678018 2.24523029741 -0.582660536749 -0.87251219234 -0.170479922373 -2.29288228178 2.45997910683 -2.11740955021 -2.48959641154 1.50391823814 1.52600659959 4
60 7750.79674147 1.21091169952 -5.77196848549 0.417444788009 2.54450406229 -2.0605192894 2.79304055224 1.90489417218 2.6500670369 2.16859626769 0.674108252234 2.42438760013 2.05391978248 0.981678891372 1.89030327593 5
61 7853.70278259 3.23848916735 -6.68892945538 0.413809468511 -1.26489394981 2.34387755012 -2.7064788908 -1.24447525137 -0.181481512433 1.31176231898 1.26310258803 2.40843791477 -0.856535839997 -2.05009007694 0.294738392952 5
62 7888.52012135 7.76121150902 -2.22006022243 -2.26825157463 -2.72108142532 1.71289250646 -1.87242416004 -2.59134327547 -1.20174198565 -3.13260502208 2.31828360545 -2.70351996829 -2.70307876076 2.83270118626 -0.114893041757 12
63 7927.54483192 -0.652720637538 -4.23554262339 -4.30237492994 1.19885833496 -0.0604588270002 -0.975411533365 2.83216110488 1.52075068069 1.97281923268 -0.804532852603 2.30655091412 0.301392169113 -2.45219191001 2.75077301102 7
64 8008.62568966 1.51713779113 -9.98514852653 2.67156095762 2.06641240723 -2.81287628267 1.23003518872 2.15039230207 2.77886287208 0.642125148446 -1.36766547493 2.18485234464 2.13807141581 -1.97386806422 1.79375462642 23
65 8030.15074682 8.14050385641 -1.10274057789 -6.5864202133 -1.19034253649 -2.73693404068 1.91787856627 2.95642926665 2.81084673292 0.944315394203 2.53375910266 -1.19396251027 1.92528627475 2.55369027859 -1.70047383885 15
66 8040.48975497 0.450366525399 -5.06608150097 -3.34936103777 -1.42620094985 2.72984171596 2.97082797951 2.10756006973 -1.47473624988 2.78859149719 2.07376023802 -1.93745670205 2.38129515109 0.388450474049 0.416365412622 2
67 8084.38897225 0.535257418852 -10.3495180908 -5.69001994134 0.00470342706366 -1.25400329683 1.51083457383 -1.48051106824 1.71841877394 0.538342223003 -3.0343706989 1.5305803622 0.293974286654 0.53689256927 -2.18408265019 25
68 8089.38852781 6.89348828715 -8.66037093879 -4.54997200686 1.15084363817 -1.13921279835 2.37383247207 2.68799881675 -1.40860862099 -1.03125486592 2.50637635711 1.02121659697 2.69758993073 1.65661886429 -1.21796896713 24
69 8149.31767822 6.1017594069 -6.43684241442 0.881769340853 0.71630189227 1.27838553092 0.455249183468 -0.369433604046 3.01343958801 0.43469526223 2.19464119161 1.25197830881 -1.08533578092 1.55782479716 -1.74205282203 9
70 8232.35797318 3.93007692813 -3.40887670051 -3.45192774088 -2.41187481719 -1.06315045024 2.18118053825 -1.81253824736 -2.46344262071 -2.63085436628 -2.08510047249 0.751171353207 -3.04902266594 0.677082492691 -1.96748504359 10
71 8253.97452798 -0.03157464102 -1.90117637217 0.300809718668 1.84624866989 -1.13829477602 -2.97267523297 2.71311929665 1.30559664601 2.78458138264 0.797927942071 1.17442084043 0.86376541266 1.9579437706 0.856232805862 17
72 8261.32167816 -1.93509444049 -1.1877556871 -4.5672115761 1.62374811509 -1.48353790009 1.1320730296 0.403976073133 -2.70552309652 -0.222271435037 -1.06123551398 2.78528925023 -2.49504820144 2.55681795718 1.51296395145 16
73 8267.15481373 4.98331438758 -8.85314235176 2.77238678852 -2.38775537047 0.790592105179 -1.60615259279 -0.51351332041 -1.50776259092 -2.68819270294 2.75769315886 2.47370819336 -3.09632006081 2.86679574328 -1.24203436664 27
74 8311.81292514 -2.30240180221 -2.9600708191 2.12596868835 -0.484980259349 -0.546637076336 -1.33880423619 2.98434305181 1.98741486208 1.49970239627 2.61429982087 1.45503358159 1.27323838097 2.84901090396 0.579806784484 17
75 8326.85670525 -0.657905643682 -5.95480559867 -3.59187963955 1.73303203884 -2.58389534082 -0.744442910218 1.54953962491 -0.845595242931 0.031601847285 1.60944768978 -0.280469414158 1.15814243576 -2.62367827213 2.73234955082 2
76 8360.0595899 3.87707308492 -10.2313525896 -0.0112570602472 2.51730608575 -1.59908873409 -0.0928462528985 -2.04519963537 -0.968160809041 -1.29915163606 2.98813239055 2.58877109215 -0.582984230589 2.56924211366 1.60234311287 23
77 8377.21024585 5.34584169005 -9.36395114561 -1.49277790693 -2.49254228404 -1.77675145685 0.19560150893 0.938136241786 2.09130245835 -3.03566587197 0.492947370723 1.40248255916 0.779167255167 -2.30070774278 -0.899664497017 21
78 8386.87346998 7.22654468306 -2.17127631525 -1.41092137875 -2.69465378755 -1.43392332985 0.572004822259 3.04186994959 -0.936185875473 1.08116559741 -2.91112673265 -0.198921517788 -0.699086872061 -2.34160122543 0.16881582939 12
79 8390.26017995 8.31125439731 -0.0167825827967 -7.79520858402 -2.08080479368 -1.53303654437 2.92044551776 2.18088267086 -0.0237635344226 -0.996336216135 -2.92896337014 -1.06842328356 -3.08117196697 1.91926235689 2.99063166419 15
80 8453.95901668 0.403131951573 -8.57608565508 -4.11644570766 -2.33207660494 1.75103266873 1.7304588538 2.8368223237 -0.885637532214 2.58264341416 -0.00477775978558 2.62962903027 -2.29462193908 1.72012486016 0.41774722361 20
81 8490.94546313 6.80130012812 -0.92341521444 -6.2863546611 1.45489424619 -2.98353515159 -2.18083861994 2.13917519582 2.69011348671 2.86884004819 1.08764751918 -1.21068747595 -1.24514975716 -2.26253383375 -1.74758969635 15
82 8501.29624362 1.78368670159 -1.67099900101 -7.75164674503 0.44102997254 2.0308391275 -0.277774769866 1.03229156852 -0.768221113439 -2.8366865094 -2.00436507837 0.890629102064 -2.59310220384 -0.0154595730892 -1.98909371728 13
83 8530.43466769 6.35874326688 -6.9106188744 -3.78151232344 -1.1835027919 -0.177136509131 1.52082356374 -0.210947898337 -0.634107813872 1.89055765642 2.04507953529 -0.930385009979 2.78660958628 -0.649280672411 -1.89445554824 3
84 8553.56162826 7.43289586273 -2.25394052268 -1.5878184027 1.72841412676 -0.794618437252 2.69872929376 0.283914763054 1.39389433574 0.429503069534 -0.227412010931 3.05725673602 1.39778463247 1.01996460851 3.0197592926 12
85 8577.88107427 -0.927847063498 -1.94189011996 -2.46915782065 -0.773815856747 -1.57885663802 2.24234753694 -0.184862970024 2.26072014135 0.35220837075 2.37435084812 1.54097107506 -2.06639872613 1.42316948345 -2.61269156987 11
86 8604.15637433 7.19016259199 -2.39041162801 -0.877772676505 2.59124629524 -0.222784617934 -0.618363573566 -0.540728392242 2.47209730436 -1.70768773038 1.34405330477 2.48099764304 1.07671057758 -1.15121345979 1.98881959137 12
87 8632.68059088 4.00296354722 -3.20178851527 -5.45119539073 -1.50464189153 1.65885334921 2.79904351652 2.9933271657 -2.67047605674 -2.31816874986 2.91235373116 -2.69370350075 0.234712411218 -2.95412568703 1.90729308724 13
88 8632.92264419 3.59747503367 -8.75620290624 -3.23117976496 -1.75127681965 2.88426603338 -1.46347133498 1.4567932 1.78027060453 -2.16017279782 -2.12526175685 0.0554967961879 2.00362920068 -2.20973516263 -0.916894891551 19
89 8663.3260565 2.78824188013 -5.30992274727 -0.100218525935 1.83247679197 -0.630276149079 1.86906364581 -0.572738560136 -1.22484263958 0.860634701123 -2.78153044163 -1.30758479138 1.70240334925 -2.81282775296 -1.14060593009 5
90 8688.38966463 -1.19766797207 -3.0155596837 -4.12364588122 -1.5726550262 -2.57861165528 -2.4439932162 2.02394214179 1.14698540652 2.58688868296 0.537752429279 0.99284674525 1.81149312314 -1.65362343941 3.12257551521 11
91 8698.13785486 5.55831787746 -9.22079647855 -0.25554027494 -1.6983073914 -1.59874016754 -0.364026140953 -0.520205868826 -1.17274764463 1.25381080055 -1.27967222235 2.76855900994 2.53442354701 2.70383210811 1.93481797566 27
92 8718.71105226 -1.45117751371 -10.1546567386 -7.43781879547 2.15538233269 -2.13701683963 -2.34408836334 -1.20462960928 -2.83278281115 -2.91480688414 1.35237794319 2.08584059003 -1.03772369756 1.32222196582 1.45366415052 25
93 8742.94381554 -0.986565499805 -6.24150883565 0.870771422246 -1.03697283514 -1.25683337713 2.46795813112 1.54627279553 2.76524729559 -2.59866351732 -1.89702090371 -3.14008531879 0.909127912772 -3.13166721039 1.36105972863 8
94 8755.60406114 4.70948043154 -2.75218762638 -1.84785595193 -2.23253767277 -0.392751951556 0.531055624663 1.49998271223 2.14579163478 -0.54672977048 -2.98337882922 2.90594082475 -2.87286497087 -0.0642286498264 -2.72677878697 10
95 8792.12928726 -2.36553851061 -5.48098568837 -2.87309516934 -0.457788433519 0.107352753293 2.60477767325 -1.58013983709 -0.614305253546 -2.86700893793 -2.19888437345 -0.193982073733 2.71639519676 1.28156076185 2.9455157354 2
96 8807.94360304 3.85176557853 -10.5321362565 -5.99529677443 1.68383012536 -2.36667631737 0.723769233015 0.414502570682 -1.23037379583 -1.23639650232 -2.12167092166 1.71298095556 -0.843934270747 0.114524398172 1.14445867295 22
97 8881.68927865 -0.00513358272225 -1.43068605305 1.93345665144 1.58033875926 -0.513651081449 2.28095107324 2.6101127713 2.43317246567 -0.417413365746 2.84816806703 -1.34540944299 -0.87878792236 -0.185967745754 1.3359335011 17
98 8927.03939474 8.26189265451 -7.58830699073 -0.80431040513 -1.53893033809 2.55726241601 -0.82428280606 -2.79601091421 -2.93531037938 1.45867103274 -0.78261447907 0.587018974357 -1.39907808276 -3.12959905965 -2.65281620019 21
99 8970.46778935 1.27561587439 -5.15953265576 -0.145435665971 2.52761152774 -3.11284155087 -3.10685883843 -1.91521234877 -2.23917794105 -2.71206629746 -1.66240565227 -1.55742164916 -3.09155556733 0.114839216709 -0.830566146414 5
100 9015.29539224 0.859717039458 -6.82964939716 -0.829682953924 2.67043563941 -0.676126501811 0.380604069984 1.32339634161 0.96887141311 -0.605776947525 -2.64782945697 -2.82293153507 1.1020856912 -0.0307032741883 3.1154849285 2
101 9124.81160632 0.538533681983 -0.893088029353 -2.23051644529 2.97435883496 1.38919029458 2.47239161455 2.13772535135 -0.574920237259 -1.47176882491 -0.764938787902 2.69391301701 -1.26441931732 -1.85764583717 -1.46116655898 11
102 9158.78619657 0.0469662275396 -5.23645286207 1.23601534708 3.0046409709 -0.664868039005 1.66718105487 -1.30295152034 -0.38078411928 -0.16643533875 -0.592209167487 0.390194067023 1.63555212457 -3.0318413738 0.286866409117 8
103 9177.35253335 1.89837008819 -1.21552508578 -2.02714067328 -0.584398203413 2.51234239711 -2.29250130167 2.47698544884 -0.729427673819 3.02233501101 0.387650881581 -0.190292357224 2.7809044807 -1.74653993188 -1.70262146198 10
104 9189.66693554 4.38110340751 -6.41701107466 -5.38621898352 -1.20591689184 -2.05185951433 1.66849058732 -2.04746386815 -0.527707741052 -2.11083321736 2.17638798711 -1.0111421812 2.60463127752 0.658461192107 0.868552407692 4
105 9279.15794679 7.29937173849 -6.19238360925 1.6423652979 2.13257375666 1.37343541548 1.33746532032 -3.07729019681 2.09137030145 0.527268298253 2.82893120854 -1.96388261794 2.97757694898 -1.37872754148 -0.500478394576 9
106 9290.11989445 4.40386901916 -9.2852073293 -7.26151168266 0.224958285532 -2.34806631276 1.63981397981 1.72903533752 0.00156961123744 -0.501272873926 -0.440500005587 1.63642290135 -0.413860630928 -1.87164846516 1.40472621392 22
107 9293.01369991 1.75842896476 -0.308089385232 1.90914382273 2.17660227743 1.92433046349 -0.465436150688 -1.67782649412 -1.05613505686 -1.27251044891 -2.77690307318 -2.06991771137 -1.09686870391 -1.66183255368 0.487547183491 14
108 9353.68751591 -0.831015702437 -1.32312961652 -2.96845841932 -1.20534529192 -2.50354484433 -2.68015954174 -2.62028242237 2.82353156244 2.04006594582 0.09613590776 0.0775204228687 -1.65168138123 -0.111642504086 1.97013795617 11
109 9380.17670924 -0.692840547544 -5.25869109401 -2.95780569607 2.50653493804 -1.25981621265 -1.74800567949 -1.8197755196 -2.86390658333 -1.63664909516 -0.0488648247591 -2.32410798013 0.411028830556 2.89692299638 0.265626916635 2
110 9402.67901921 -2.45333693904 -4.05180803688 2.02820371789 1.06112855132 -1.53413933036 3.0656937098 -2.08665206231 2.99079079187 -2.99001298498 1.34728586954 -1.65356284679 -1.48992965294 1.20768413714 2.9789060306 8
111 9429.44914187 0.613675709034 -1.00364288941 -4.53206753899 -1.197670415 -0.447527143289 1.84485950395 -0.295315850118 2.11291562167 1.10966163452 1.00168239269 -1.9243965895 -1.52672137416 1.33684068085 -2.9912912335 16
112 9495.8317608 4.41888989651 -0.344566586928 -7.60480145125 0.156906095036 -0.413819862104 -0.733561890395 -0.702407545628 -1.19412972681 -3.05637183694 -1.46594893764 -1.46737281884 0.476491200831 1.9317646509 0.888055797989 13
113 9535.39714245 7.14819679476 -0.305030681378 -5.54432004301 -1.68479574805 2.16511954385 1.86858974817 -1.8612308779 2.82736441581 -0.250043688067 0.61352146681 1.04580001695 -1.93413655638 2.52491898856 1.97446056552 15
114 9541.68608008 2.94761318445 -4.23045357258 -3.47377649223 -2.29947272524 0.640558688484 -2.78723504077 -0.0640348962296 1.66475050228 1.18502782483 1.87089772807 -1.32993277049 2.01202422073 -1.7569867041 0.756556279893 1
115 9603.39684735 0.661049718601 -5.64828977951 -7.28193176587 -0.185558445784 0.563567373364 2.32526543562 -2.83631446461 2.64265437266 0.361769494701 1.46678944663 1.67578521416 1.43141329583 2.00926091457 1.79022079739 7
116 9641.36454872 -1.90603339919 -1.77333429264 0.957269311791 0.545296348158 -2.98617932952 2.90878034403 2.15339712981 -2.67260569723 1.95154276708 -1.42136564242 -2.02208929719 1.63619156296 -1.27703564087 -2.95382565704 17
117 9647.92278902 6.46831429345 -1.6591032714 -2.5199308011 1.40721840992 -1.5414350911 2.42073433123 1.63987161663 -2.757607059 2.97145918092 -0.848061594065 -2.37435537007 2.35102381248 -0.918428148892 3.03073413893 12
118 9649.44125398 0.0282617821439 -4.94972953132 -7.55414457469 -0.128935548374 -1.2272415153 2.46389219234 0.411442236946 2.71782848437 1.65485670969 -2.33641204273 -0.514989590981 2.11754863435 1.78501834085 3.11564745855 7
119 9700.67415833 2.42835354507 -3.92979363191 -5.21321259218 -0.89188410441 1.32447036946 0.714508897801 2.24781033091 3.04503433698 0.937141250785 -1.03322760211 -0.450538761104 2.26447346815 -0.299528552209 -1.9147258086 4
120 9808.7267539 5.94931035619 -9.57908808246 -3.09339359964 -1.25101727601 1.78397242691 -3.138699511 3.13944340147 -2.77796270519 -0.766052370446 -1.69027780382 -1.34750667667 0.550286302091 -2.90352461787 -0.410526660803 21
121 9827.45757352 -0.346972267702 -4.4974849154 -3.36567236404 2.1449321742 1.26725730871 -2.78384383522 -0.681000293805 3.10504378488 1.34624142157 -3.00602950897 -0.616993197589 1.07394073623 0.271178763479 -2.45343133513 2
122 9861.00961131 2.5807825742 -6.11898029654 -6.52397540618 2.08718574265 -1.59212934932 -0.482952228468 -1.40284703389 -2.3889605983 2.58275787934 2.93770061741 -0.19428353959 1.40047737419 -1.36488770112 1.25911294165 4
123 9865.88782512 7.14140209755 -10.1110966274 -2.52021120784 0.857109679999 -2.25332329003 -1.52479680045 0.091678652892 0.870358666779 -2.68033932881 -1.07322917758 -2.79240753142 1.29227774866 0.496508570825 -1.00652015459 21
124 9880.01288775 7.79537807524 -4.49907950116 -0.350453949787 1.49635438681 -1.46790690539 -2.5072328604 0.639215292112 0.953951463099 0.634130632001 -2.33432762524 -2.6096337232 0.786475586832 -0.00103450871172 -1.88210728606 9
125 9881.21109997 1.60775766585 -4.08689198946 -4.10592294878 -0.911281885359 2.46730594031 2.74798005551 0.741904624548 -0.286824221428 2.47146478405 0.936423038746 0.48497592621 -2.53723657073 1.18706635943 2.77693588266 1
126 9940.18599675 2.10890520154 -0.728561425347 0.720252457008 -2.84415237949 -0.395891376286 -0.0199463688358 -1.41605048514 0.222742918667 -2.37698418003 2.37646442151 -0.248839411309 -2.98483574969 -0.468940475172 -0.211179495411 14
127 10056.7642309 3.12504061849 -3.03079552366 1.83572057342 -1.51467013125 -0.797676758854 2.02409728233 1.49476245994 -1.55557654616 -0.624215228921 -2.36202929788 -1.88752655971 2.70186720974 -0.758621581858 -0.566419191017 14
128 10216.863246 7.61212364346 -3.66527992243 1.78750787051 0.195003049827 -2.0762456552 2.88900242556 0.635462596609 -2.43073469202 0.745381249349 0.0815191484727 1.82957956781 1.31971308149 1.09538655879 -2.4864802178 9
129 10248.5417208 7.67398968645 -1.16560940459 2.73218086281 0.790878916186 1.95511768078 -0.587842059451 0.370018788735 -0.477190520128 -0.26102017027 0.145589461046 0.211223615235 -2.05137434357 0.556357279029 -2.48531679468 18
130 10267.5311551 -1.40790503477 -4.65136239718 -7.72235498334 0.320154068953 -1.65977779203 0.676127409066 2.896194049 -1.42053798974 -0.224103575316 -0.547699817199 -2.88460587869 -3.13215266108 -1.07362204203 -0.485714753594 7
131 10291.0110836 -2.33101353042 -10.3395379526 -5.66827852296 -1.20974846829 -1.14138592972 -2.24992017495 0.438778408583 -1.59489046451 1.07869656374 -1.51311670278 -0.661507042845 -0.571900597321 -1.83569272423 0.353078545358 25
132 10301.803352 0.207578393936 -0.867541989819 -5.25655835588 -1.55288577445 2.96685318358 -1.25165216135 -0.391704918914 0.184804637555 -0.0311933795638 2.99115863503 2.59355774042 -1.2440795601 2.94257940824 -0.803775529617 16
133 10418.30352 1.54246204334 -0.42146077418 -1.81602835501 0.814063979347 -2.17055373509 -2.92622680013 1.66917610118 2.89389838914 2.06218308363 -1.81930662819 -1.14261464576 0.511379766096 1.76608429016 0.371485552557 10
134 10524.5302537 -0.0211106910995 -1.89757330121 1.53108290726 -3.02085475357 -1.28445365399 0.310556319453 -2.25014223793 -1.00597218955 1.6513056152 -2.54795618892 0.440253241537 -0.812789260219 1.66906698942 -1.84923767787 17
135 10535.7900494 6.89170110453 -7.70115976527 1.8023268141 -2.85860946199 -0.0363795758298 1.02407273539 0.0267129423088 1.36253128212 0.859966358448 2.19586009535 0.494436963531 -1.35350207994 -1.66064922896 2.24133347201 27
136 10558.3944146 6.46909647411 -3.46531377291 0.950151126892 -1.29067609575 0.727868591933 1.23296999739 -0.282677759474 -0.498030895017 -2.12642850735 1.19158190689 1.40424784844 1.94247418965 -0.33182687149 -1.93854321397 18
137 10561.0163685 6.34897658148 -10.7367570601 2.35683630125 1.12870540656 -0.339494469638 -0.216742046467 -2.62475047176 1.47477298167 -2.79259888063 -0.400866838983 0.642650965749 -0.650545585955 0.102760732182 -0.111297398527 27
138 10652.1169882 -1.1602743122 -10.0670971358 -5.72941600372 -2.53782026508 -0.734146659724 -2.51050980558 -0.650447126385 2.95493958966 0.0202409878683 -2.7094774698 -2.82000115717 0.558412009663 0.126430474757 -2.35984711491 25
139 11101.7665558 -0.0570004283929 -0.556976144599 -6.70158720106 -2.91669213114 -0.194201783419 -2.78103854559 1.21880644118 1.50196000232 2.56583600071 -1.79987764661 0.561862418198 -0.358168648438 -0.341446231908 -0.590662449944 16
140 11119.2572873 -0.764440108096 -0.61564562281 -5.45375668192 0.893303903094 -2.50100830555 -2.14374681184 -2.63801649315 -1.32439065247 -1.57791481844 2.25367156241 -2.6273848275 -1.4182968875 -0.725369489696 2.17742328642 16
141 11154.4309359 2.65979281569 -1.81305088381 -1.0704370934 -2.07793054895 -3.12570919283 0.721428189203 -2.07992374709 -2.75069269505 -0.0900273306821 2.21849200775 -2.00688756697 0.552741150261 -1.06957409083 -2.57806881627 10
142 11212.4874311 -0.932610605532 -6.75221621941 -6.11798021337 -1.25823795703 2.23560887424 1.08036739805 -1.64516711181 0.5865778491 2.8216738209 1.10381948258 -1.05960724103 3.0410378333 3.10936686756 0.907712919947 7
143 11279.2664465 0.220324534068 -7.1633799177 -6.70597640958 1.72871739945 -1.02315056852 -0.555609692174 2.39939421204 -2.61620829198 0.326174230773 -2.09106970856 0.867959739359 1.40900214678 -2.01841147595 -1.69550685058 7
144 11445.6815493 3.83786037531 -3.35166695497 -6.10737577144 -2.55071658347 -0.0500459726075 2.58678979399 -2.96067399654 0.527478198301 -0.15322332659 2.92602142712 -2.85517347234 -2.85935551415 0.53682538851 -1.74803227105 13
145 11485.4963262 1.29572275114 -0.944694159535 -3.13930675607 -1.3028971661 -2.66473484316 -2.45634995173 2.00223956721 -2.98140055567 -1.53496359599 2.54193398127 -1.73376325953 -0.241121684448 0.775623513142 -2.83163457104 10
146 12058.0197992 7.05568428015 -0.283631743705 2.48263924955 -0.632091367056 -2.70077145965 2.84568513695 2.74683317432 -0.129282760785 1.99247812908 0.431222600849 -1.18190476429 -3.10704187868 -0.924869513299 -2.12647139251 18
147 12151.3191945 1.52827759227 -1.35495360536 2.63293373464 -2.32528652407 -0.391082546796 -1.9901399954 0.945858404661 1.70521763006 -3.09606559657 -1.93607069903 -2.43505076669 2.5896594413 2.26581433473 1.64687851682 14
148 12536.5874554 1.86067385064 -0.840303477632 0.205129064319 -2.05754086654 1.73405084732 1.9954286026 0.636837816705 0.162536136649 2.95687486163 -1.03070921559 -2.84521509578 -1.72631121177 0.699110121906 -0.182390820643 14
149 13336.4904759 2.68347501343 -0.843593817368 -0.538909931064 -2.45231130953 1.91790970003 -1.42395628416 -0.527575040832 3.01503051823 -2.92096090281 2.34264072079 0.960656209735 -0.0814326499934 1.5855853466 -1.73766039375 14
150 14080.6380425 5.62092953073 -2.43124363783 1.37492080054 2.10558291328 -0.366097753421 -1.25629420662 -2.89005040284 2.69272115399 0.614762590513 -1.05821498345 -0.0915629179778 -2.61955184927 -0.172302808907 1.82775662768 18
