 1.35080089274 3.76964170475 -2.72436527168 -0.606161512385 0.94581774995 1.18359650662 2.61408747196 -1.22819403247 2.21126343476 0.629203029873 2.67168115454 0.676429449648 1.90182093707 1.62326892513

1 869.343847715 -0.171542543674 -3.66689935482 0.368475069267 0.441340212295 2.79639445248 2.4880093842 2.42966500995 2.88323067666 -0.821215776489 -0.271758143181 -2.45043352428 2.91078843936 -0.0525447715162 1.10009824337 4
2 1796.90010509 2.90363368912 -2.87025953218 -1.87068399779 -0.00731679845289 -2.62268443513 -2.06296126056 2.27184113842 -0.785469368185 2.47962635435 2.76339385188 2.62494768395 -0.355581975987 -0.75773627544 -0.0392154549893 6
3 2380.97789389 2.67055161724 -4.25907539139 2.99506794402 0.337205282262 -2.59469095433 -1.07301046994 1.97271415656 -0.705789153928 2.90292880824 -0.983655579847 -2.89767111768 2.41011690283 -2.59088548866 2.23840879822 3
4 2646.19366078 -6.69354566591 -3.94430698577 6.73408312542 0.411246284059 3.07474229004 -2.98553300152 0.242321854841 -1.25775653229 2.52939307755 -2.61727038248 -2.17451712509 -1.15837386048 -1.4280272101 1.53847371625 8
5 3371.57297908 -5.05293003578 -8.92025800565 4.25460493031 0.262683209365 -1.22378954472 -0.114431696267 -0.27442659202 1.63976992364 0.398630262913 -0.683618863378 -0.426761079984 3.00350289499 2.31820468884 -1.70321611698 20
6 3597.1874377 -1.73526392198 -6.42291009472 5.14701973465 0.198503835639 -2.04556273759 0.660224895773 -0.0403201399223 3.07083563658 -0.309324658633 0.0905340924099 -1.91929028944 -2.57256976034 -2.55761028255 2.47177713098 23
7 3959.04733036 3.38491572399 -5.21437442578 0.63067732429 -0.746521026633 -1.40498444779 3.14021440916 -0.441404723033 2.74180075701 -2.84795924553 -2.92580878798 -1.40171617703 1.46393787627 -0.456717011754 -1.2795527693 6
8 3983.59514658 2.85050592466 -9.02281339726 5.47378883005 1.83305403179 0.491720627122 -0.942905756257 -0.475091476141 1.42761178296 0.082731030471 -0.100288501073 -2.33551118221 1.23378069933 -2.17856875514 1.34855436836 27
9 4054.74780105 -5.62059155912 -6.80804578006 6.54232423934 -1.8036734011 -0.14612675972 0.628020678351 2.90723901046 1.22421371498 2.69303338145 -0.13859124718 -1.18834613216 -1.31630935475 1.04273703638 -0.716317164529 26
10 4088.92852825 -1.2780671128 -6.52252620339 -0.177605449411 0.540179518243 1.89961288484 -2.34426003153 2.60377485208 -1.44319402439 2.10673120855 2.99865037598 0.154652998969 -2.13569164765 2.82485743936 -0.712236163275 22
11 4111.47535222 2.03411135137 -4.77391585288 1.14499080782 -2.440818176 1.3218427664 -1.09640423944 0.86212530268 -0.0234084240412 1.12503140066 1.5300932701 -0.449116274689 -1.82079925828 -1.81578260069 2.89799908392 3
12 4201.43925726 -4.33462590687 -6.0485072476 4.85622554588 -1.62382557953 -3.13771692071 -0.558178495119 -0.769220326687 -0.833305175214 0.96522687464 2.47340974602 1.40984690643 -2.22091278619 2.25108547421 -1.94762295015 26
13 4481.78964532 -5.28520248319 -8.24176203945 5.88707430299 2.58254812604 2.98688150746 -0.114807905632 -0.994484382959 1.82674217318 -1.97845017093 -1.4250073973 0.300311215905 1.75100500291 1.06628843399 -2.42391388819 26
14 4525.73985357 -0.0702319568526 -4.67274328146 4.72804942457 0.0910215770823 1.02136617433 1.04426940097 2.15207129635 -0.652944064288 1.27992820829 -0.790680786196 -1.57639680826 -3.00380587153 -0.289710571624 -2.43174676596 5
15 4529.53176441 -3.01206981535 -8.21438165389 3.27344781314 -2.37462682275 0.994305367247 -2.28933662498 0.938982704331 -1.40895840699 -0.0905951087182 -1.62998718702 1.79590212929 1.28245665058 0.529935731512 -1.45367512077 19
16 4729.41332806 -2.50804615903 -8.23781392986 5.66381005161 -0.933755754481 0.592314420332 -0.772680522657 -0.940921546804 -2.45598116859 1.72970323457 -2.60471907946 2.45522991805 1.45345242999 1.66500115754 0.0629104386205 23
17 4729.58500401 2.15206971449 -3.51945123074 4.75240867943 0.378870134242 -1.40343869325 -1.3704612314 2.05387977317 -1.55641910682 1.60687806771 1.13413142473 1.7775297309 0.78927741332 -0.787338545475 -2.15023247952 9
18 4741.32685085 -0.351345919483 -4.31038730368 0.246640185129 -0.243142074412 -2.96399527905 -1.18620433044 -2.53690111457 -2.13191382265 1.58185408913 -1.20721211142 2.44711166115 -1.16131321104 -2.73876824825 -1.34650637051 4
19 4743.13221438 -1.61595739638 -4.54142490054 -0.940020813422 -1.735015822 -2.79087456601 -2.73400892058 -1.08099580085 2.89801082889 -2.58493061919 2.38642841669 -0.0705885741936 2.6027412971 -2.57726725356 0.753963353258 4
20 4747.6688151 3.16393885362 -4.23958132574 3.54635772866 -0.568920749577 2.36208138607 -1.32142365285 -1.07539944427 -2.15297909535 -2.05090293823 -0.967168235292 1.50016042697 2.2797686915 0.331587535404 0.845272200273 3
21 4846.89524947 -0.0886223883098 -4.62660988497 1.91671750313 -1.97989340201 -0.77684022221 -0.0527847187505 -1.62332653973 0.34275746022 -1.30320454448 -1.11290526853 -0.688461060205 3.07433113272 -2.43862924983 2.66012384009 1
22 4994.92600499 3.61801263259 -7.73203197062 0.434669036432 2.44727052002 -1.82003152573 -0.120582800673 2.68756372802 1.53378665614 0.988771900681 3.04323983018 -0.634551391274 0.0821670801263 -3.0427601699 0.346127562564 24
23 5037.84358626 4.12034324476 -4.05963347945 2.16646979235 0.293059464825 -2.72034172469 -1.8680896267 -2.56434926104 -0.557647012913 -2.31761041705 2.10060836551 0.0229982890303 0.494039050065 -1.36568291798 -1.76364180436 3
24 5055.08823073 3.00582474401 -4.67836375328 0.347247669003 -2.21957529602 0.11629835688 2.4825633916 0.269677744068 0.356994368493 0.765467220701 -1.47788246225 -0.235563524638 2.5663166649 1.06408499997 -2.84707308431 6
25 5352.6864217 -5.66968868457 -6.96275959557 7.99073706918 -1.13396514088 0.529053509884 0.503355833768 0.655732622709 2.41979484114 -2.60387607825 -0.1945047601 0.140804353004 1.86710078902 2.99128844487 -1.52776268201 26
26 5402.76039064 2.80756935125 -4.20485629467 0.405657598195 -2.74647433317 1.71966062654 -1.47004129904 0.678553107366 0.369596674423 -0.0785486873522 -0.47831165834 1.64372173551 2.09448600052 -2.54850277046 0.678946503503 6
27 5416.26707786 -3.84647208922 -3.19679137193 2.8496982471 0.536988755518 0.234731658715 -2.14857265174 2.74627612193 1.49290471678 -0.551425399668 -0.714538361369 1.85710556902 -2.88147151976 3.00070514319 0.837003460833 2
28 5420.12406765 2.55699024429 -7.08249203385 -1.4480624661 2.01703650247 2.81680808833 -1.87401933138 2.22285872512 1.81968556973 -2.26111847032 -2.35386426924 -1.30479629706 2.3337693654 -1.32357060253 -1.17574762928 24
29 5427.31367486 3.61605415155 1.07768868884 1.1077269173 2.31213246814 2.98138015011 2.28307072493 -0.932343291799 -2.23486210615 2.27562164584 1.46982165733 -1.34451720911 0.0158878250713 0.273102077758 -0.53901122142 12
30 5434.2160765 -1.1800071783 0.72018689548 -1.16105589022 1.41447247647 -3.03072120891 -0.702380975034 -3.11317749156 -2.00707098929 2.67425491582 -0.157366302723 -0.531803032517 0.660377568009 -0.131031437434 1.98914054554 13
31 5464.79957779 0.400256282233 -6.0846483464 1.65234223073 2.21883862797 0.267250833897 -2.0435261642 0.604629110235 -1.79183944288 -2.58520669101 2.13314565715 2.49311622343 0.951482420553 -1.56563195881 2.29838516285 19
32 5542.48772625 4.10105184714 -5.81550035508 3.16327842008 -1.15529968226 -3.08784164044 -1.52616708617 3.06413283689 -1.65777348196 0.67260276326 0.390817053093 0.537317482183 1.69295643551 -1.29942871079 3.03176935988 21
33 5542.77877118 -1.36713074463 -0.0870826490972 6.00951962039 2.91215455772 -0.557011493324 2.46838376957 -0.866077802295 -1.10291633125 -2.42993449179 -1.32642341921 -0.327145529763 -2.72576477042 -2.884677369 -2.6117264202 14
34 5544.49256031 1.90830496637 -5.46765364727 -1.98058638896 0.775247701166 0.294238228363 3.12887369207 -1.13530828629 -0.577214691677 -0.456750431189 0.835712794338 0.850769063558 1.80467976257 -0.259584538869 3.13959007947 6
35 5604.74759935 2.99398498628 -7.11914502826 -0.799211707209 2.01288663395 1.53781347803 1.97586233842 -3.0457446221 0.154152518265 -1.53327916407 1.58191350902 2.96752968987 -0.0493743927337 1.64574871054 -1.11310313857 24
36 5723.53664597 1.68114510473 -4.2306439214 5.22910897164 -0.016069708545 1.56845414085 1.93266586193 1.36619127916 1.99337512973 2.78598716321 -0.237174593839 1.84156883218 1.09692289756 -0.823077777694 -0.481297063676 9
37 5749.78116881 1.272872581 -2.33109053159 2.83124826361 -0.303720649227 -1.73410533932 -1.34452393223 -3.11630235684 -0.131813296679 -2.34446240417 2.38068479723 -1.72013299084 -1.41613543515 2.03689319904 -1.19979330188 3
38 5807.68003376 2.06829891348 -4.98309106703 7.36524359981 -0.258775163931 -1.31695793904 1.90984346774 -0.998611883973 1.00325583674 -2.37257436205 1.3753754348 1.827432345 -2.69266308379 1.39817837132 -0.338518223191 9
39 5876.21119276 -2.74777281386 -8.52173693377 0.953541987974 -2.45308208816 2.99311227485 2.77881559325 0.396350463115 3.02733359405 0.851320483025 0.620943952089 -1.39667770269 -1.48030858283 0.371814276667 2.5348911519 19
40 5903.10125317 -2.20243461755 -8.1443640635 5.1435148976 0.943592147045 -2.98151097781 -2.01818867122 -1.97973446964 -1.18151762846 -0.524570058097 0.330997023574 -1.57370313046 -2.33948343555 -1.25300717188 -2.37236010079 23
41 5978.27300616 -0.102656512147 -0.43335493476 0.650135876517 0.400710152223 2.94458087319 0.570612506771 -2.30215241012 2.96196216538 2.29516465007 2.181478577 0.513892677194 -1.01302523537 1.54302892721 -0.836657515941 13
42 6053.18039597 3.29668939363 -1.85773389693 2.95180537529 1.34649959011 0.240357955346 -0.563402952561 0.65377664345 -2.96530037441 1.50511482229 -1.59338304044 0.74738242332 -2.54614328407 -1.24853342747 3.03207360368 12
43 6127.89842447 -1.49210473562 -8.46228457645 6.96753699065 0.652400439613 -2.55594204789 -1.08292639576 2.86528707083 0.0820632508753 -2.49133162678 2.46791481499 1.47148162954 -1.9895772839 0.165143528117 -2.79315039915 23
44 6160.71382693 2.65324515328 -5.70929476041 2.969135652 2.36315052712 3.05839628335 -2.8824182443 2.67747424562 1.28978883123 1.22327383643 2.85098652335 0.430628430377 0.384387520089 -1.00492261181 3.12635568794 21
45 6532.4535407 0.116062072839 -4.86431918697 6.07552679951 -2.03292584891 -2.20488705259 1.79747826519 -1.15136542613 0.763194313323 2.23471321011 2.01172197449 -0.425633805604 -1.47390757945 -3.12579811086 1.60968841189 5
46 6540.73742682 -5.73476451567 -5.53926926536 -2.53614951646 -1.77545401974 0.102696564799 -0.0445898730477 2.39434360737 1.8073184588 1.08291776929 -2.27147962646 -0.343504165169 2.8244004615 3.02719005455 -3.06277752056 7
47 6752.69138789 -2.61133741736 -2.48178522503 7.3698601262 0.657288638487 -3.13040726554 -2.59636640511 -2.95018394721 1.58716331817 -0.766557950694 -0.584725066628 1.93729482467 -0.949936562824 -1.63413761225 0.0875354049056 5
48 6794.47563648 3.76332402699 1.07254095966 -2.42619316378 -0.22970115802 0.253570549166 -0.863224320811 -2.13961031344 2.73081642353 -2.37481731608 0.916534081658 -0.839364821419 2.00888634708 -1.69113344878 2.9140963805 15
49 6808.28688737 -5.54474463099 -9.16933560794 0.575116731938 0.348876822456 3.09701125812 -2.15332795917 -2.42243121762 -1.08807150459 0.896920591245 -2.64152584949 0.345091700552 -1.76361715629 2.18233807115 -0.342153399193 25
50 6860.71016533 -0.259490756443 -7.05600275512 0.177672977494 2.28030472094 -0.943897253076 2.35791249902 1.16610999717 2.8301522774 2.71254857689 -0.693710533596 -0.669946740984 1.77522962154 0.188977965305 -0.0845544638515 22
51 7030.4362671 3.61212899881 0.571705317521 2.42277444043 0.758014406074 -0.842630804946 -1.1974782675 2.54779452344 -0.755711774442 1.36411167647 0.960941078756 -1.69509135236 -1.38185241249 -0.992665723875 1.01220682529 12
52 7070.38708361 -1.47654664658 -1.71673251261 7.08304601173 0.912552331754 -1.34528977856 -1.68075357679 2.92991814918 -0.0736590306586 0.502304382719 2.46299101704 -0.43677282416 -1.99295221152 0.204893660474 0.249129016242 14
53 7098.69642871 -4.02940495296 -2.73897801915 3.16517167105 3.12262666535 1.13951794168 -0.629231943954 -1.61616917958 -0.836982269846 -1.49418894423 -0.550711873741 2.91803206576 -1.67631761681 -2.09717059026 -2.18255442441 2
54 7120.36186168 3.20326459203 -5.81132724775 -0.425586512052 1.2300275432 -0.729788407768 3.02683002534 -2.61922419948 0.816153924019 -0.838686445711 -1.70737026992 1.18930907668 2.21810768382 0.123153982858 -2.43851885261 24
55 7124.96714867 -6.67124341681 -6.96843020564 1.30750633154 1.949017253 -1.93976349102 0.572211440378 -2.86843616025 -1.6408435066 -2.66298776333 -0.807165492062 -0.505796365099 0.981442155105 1.76977146875 -3.08611001897 20
56 7140.10356044 -1.31531959363 1.11894072958 4.21140186479 -0.10671525887 0.734580400721 1.82498117892 1.00313415998 2.81582476019 1.44135760729 0.391942198251 2.22643637474 1.08129644965 2.84180640896 -2.11521913937 10
57 7140.20137515 -0.879125690735 -6.67201333451 3.24902859167 0.918774064412 0.587574291456 0.0863502520421 2.38723889193 1.18663063824 0.839296812084 0.330815999711 -0.29508970254 -1.13106456976 -0.464334946225 1.97932904693 19
58 7153.1179139 1.19708003335 -2.70479920285 6.1129614359 -2.53582987034 -2.35786417691 -0.3828001682 1.3153008226 3.02288807508 -0.787181420856 -0.0750858431756 -2.1164996719 2.8999530802 1.49171228545 2.17666708987 9
59 7274.5256888 3.85700035019 -0.648496391141 3.25033976575 -2.47599278902 -1.77050707476 3.03001542518 1.23107026447 -2.96685904539 0.394170230853 -2.70559350834 -1.31867270607 0.0733906465146 0.953831263303 2.83759801589 12
60 7274.55400311 -0.389510478111 -4.10939682734 4.34503747882 1.90342342168 -0.455877412936 2.28201439767 0.563642394847 1.7288527541 3.0478301348 -1.59536701534 -0.307971495422 -1.63149497802 -1.43643785371 -2.84623463011 1
61 7278.03984679 0.93032248914 -8.09489638307 6.57551384063 2.70487594059 -3.02766757927 1.21815399735 -0.715601916374 -0.878522601485 -0.240540349696 3.10510923766 -2.45805257731 2.82455830618 0.915032766337 2.91897148006 27
62 7307.47760881 1.05077741409 1.12572691346 -1.26472534908 1.74669657399 1.89661826938 1.96927670384 -2.70625329106 1.76284638299 -1.34984460553 1.06790464941 1.88750880474 -0.17470984342 1.81436359653 1.86800002786 15
63 7375.80423718 -1.84074625938 -2.45078882818 0.364427628616 1.85676771283 -2.24170584461 -0.546083693308 -2.23764562743 1.16611233259 2.89878024604 2.46731182162 -0.542120978106 -0.590211174117 0.649113975335 1.89934898129 4
64 7418.55317579 -0.68611084565 -4.75012821218 1.37307335075 1.56057771269 -0.622051913357 -1.43658008334 0.380889843565 0.293455959474 1.98995866866 -0.559158792358 1.52362698074 -0.779696991514 -1.22971303002 2.61663488475 1
65 7512.01339498 -2.06756592186 -1.62183154866 4.70021035025 1.16503291883 1.74336805482 1.68751096059 -2.45063912652 1.92938071997 -0.629382393939 -2.38157864337 -0.155392761985 -2.38788680942 2.17591897904 2.24444479923 14
66 7536.44508109 -6.258214996 -7.34397076334 4.20488956968 2.84980817906 -1.25133264783 1.19931737206 -1.14016230249 -0.414152018287 -1.71716548238 2.69060436621 1.19263879892 -1.30862065542 2.95647643173 -1.48993900434 20
67 7552.16674657 -4.01547546816 -1.72834471402 2.5411869849 2.74250644878 -0.108090693511 -2.45913841078 0.756604404398 2.22676447059 1.43226425631 2.8613394288 -0.00874612427639 3.03206167982 -2.20471886631 -1.24001284091 11
68 7586.57526047 -0.959025545703 -7.66511546156 5.3904692856 2.55291902748 1.69018999618 -1.10699526532 2.14907146465 -1.19732607411 2.27533408195 1.12547688921 -0.149065999077 -0.245443030603 2.94947240745 -2.57142627276 23
69 7595.40210419 3.61049059768 -5.26950949651 1.16456429952 -1.52000630993 -1.89079130227 2.79535969609 -1.49690803651 1.39153088521 -0.700652984498 3.07731018095 2.95317514896 0.874875767418 -1.38798597531 2.53470567717 3
70 7610.88864482 -5.03212389357 -4.06641039267 2.15481256939 -1.68780129233 -2.49955315074 2.24680068124 1.57430036166 0.392397477823 2.55498057837 -2.58123126895 -2.0299835974 -0.658093837966 -1.37139152216 -2.90833830129 2
71 7711.29145852 1.96048329562 -8.7137345707 2.03140902157 3.06026111415 0.113636026583 1.84888963348 2.80682842278 -0.932076031704 0.625155066006 0.98744487634 2.51630430434 2.83492032096 3.06250768863 -0.98538938492 21
72 7715.62695738 1.38886165845 -1.6736943789 -0.911319427727 2.90422181339 -1.94136329206 -2.05002318556 -0.0811525682605 2.69076231363 -1.04123398665 1.09139668299 -0.593107479815 1.9241611966 1.63428181716 -2.80116228808 15
73 7792.21784313 -5.84382319255 -4.62108813314 1.70273084971 -0.722561943364 0.821885489124 2.10660130789 -0.347429676419 1.56101521432 -2.64806536798 -3.04145513023 -0.759424040749 0.445204024671 1.46744361502 1.90918030045 2
74 7818.4275768 -3.32506730036 -8.61256485573 -0.776431261163 -1.93684348498 -2.06654687995 -3.06642905388 1.96433695805 0.906542047774 -2.85904269448 -2.77388644201 -1.38246251938 -2.78204414845 1.59000191696 2.50155009337 25
75 7857.86976145 -3.63544723877 0.258202088308 -0.0760510308007 1.21260909674 2.27323800434 2.30622266984 -1.18897945185 -2.05766759292 1.12884622606 1.25626105198 0.848731341902 -1.74229605575 2.75853383488 -1.6231296142 16
76 7873.75229662 0.538250439635 -2.13686447678 -1.84532195087 1.92326180985 1.1208424706 1.15549529902 0.725195570482 2.0207434135 0.384174813807 -0.266316818344 1.28989521324 -1.81872558065 1.0218906347 -0.77075628416 6
77 7876.72720405 0.526886186084 -8.01398565896 7.04329372282 2.75801245026 0.284087303612 1.91896131387 -1.59147725955 1.5251477593 2.0934877104 -2.15245339536 2.29023252032 1.23858887782 1.67881032003 -1.20572193016 27
78 7906.19147259 -0.811287769788 -2.16801736779 3.46263549147 1.14361055503 -2.40737223506 2.6009144937 -0.882857747188 -2.76854977282 1.18739084509 0.431376743111 -2.59162699101 -2.58986069771 -0.588421213448 0.77825714942 1
79 7908.19005014 -4.22880838221 -4.89326793381 0.971471145019 -0.455010933625 0.868284100666 -1.03403292921 -1.00640567812 -2.59619029581 -2.29567431052 -3.03700160175 -2.63875261845 -0.875091942805 0.322128049576 0.729404919313 2
80 7957.76152585 -0.240095536869 -5.9387582067 0.327918213072 1.6135731146 0.445673812051 -1.83699865753 -1.68224830466 2.38908841495 -2.66380441997 1.52674917664 0.153844536512 -2.21438157018 -2.83783136634 -0.0959115514402 22
81 7986.04019401 -5.38826024943 -1.57620159814 -1.0346228945 1.34082702106 -3.09092406456 1.937524248 0.713784739828 1.59096156105 0.424057818208 0.703914742379 0.905883233685 3.10576646682 -0.891638503122 -2.50902853482 16
82 8017.33490444 -4.99440445768 -5.71922985358 0.842123099392 -2.46976348029 -3.06600511669 -0.298361409756 1.24141795397 -0.777883845746 0.0553287954919 -0.118079236042 2.961877099 -2.94139016625 1.15536955991 3.13096855358 25
83 8047.67237917 -4.11128757431 -4.7561398681 6.38817347262 3.06593433818 3.10294604887 0.0249181999482 1.78250911883 2.01368686314 1.13331558494 -2.05198281065 1.1003405808 0.668306179855 -2.18883683436 -1.16901610724 8
84 8098.5887986 -3.22903535153 -4.56586848617 3.44761147476 -0.94328863524 1.60743935522 0.894578035611 -2.45748946966 1.59217864635 0.769556963139 2.82839275479 1.3646653529 1.596105072 -0.401748501826 -0.127347498597 2
85 8151.21850754 -0.322668400119 -4.0153040814 4.59754750392 -1.0034015445 1.89843345399 2.78770705213 0.0884574423691 3.10418542263 2.98788641036 -2.28707172023 -0.570829683109 -2.49851554395 -2.27095389888 -0.0407412669073 5
86 8235.7618814 2.71860891646 -4.08586790846 7.7036433267 -1.39957189017 1.40748435491 -2.49904308584 -2.71720906202 -1.62058200409 -1.55946603345 0.571460414599 -1.21470514917 2.71033866021 0.400656174111 -2.51502352056 9
87 8278.46156271 -1.13957935757 -2.44221450613 -2.1988917849 1.46639878671 -2.08032298014 -1.28152674901 -0.182279876868 1.74719384492 1.63376298034 -0.0588927036849 0.470698999049 -1.31786232767 2.89953066011 -1.09785558497 4
88 8312.63630655 -3.93640666683 -3.68334389169 4.74780821165 1.54003179637 -1.27804320986 1.61599966799 0.444596064218 1.04777181166 2.61476983218 -1.02620828947 2.17750979017 -0.134857011745 2.93551703156 -2.86528464524 8
89 8339.35568002 -0.994182945229 -4.70560272416 1.39240836836 -0.964357152919 0.528787289354 2.33241439441 -0.0628524623695 -1.2385494965 0.835981122069 -2.91349949519 1.6074355829 0.22819542213 -2.35484665805 -0.0392648820273 1
90 8348.18486053 2.46915644195 0.124690036714 -2.0381074124 -1.87207978743 2.62507095871 -0.775053797043 -1.12380118864 -2.50528946843 -0.870950957349 -1.90132706371 0.686523265537 2.18557926165 2.31070630969 -2.7668493988 15
91 8429.48740762 -4.84912516571 -9.07496982727 -1.94635472172 -0.0756971405581 1.09124924866 -1.53859227203 -0.709284991849 -1.60368745126 -0.622520616994 -0.191510426172 -0.67464882327 -2.62633549265 3.00428404461 -1.38488008039 25
92 8436.27511746 2.45042911535 -7.03859322744 5.09086980351 -1.95231529058 3.0782115525 -0.842286854328 -1.44075698784 0.259210876459 -0.375758068439 -2.80940050503 1.08905662399 1.16499851357 1.31834282966 -0.506322832675 27
93 8461.09524271 -6.78052518787 -2.02288844192 7.98805487443 -0.679053565538 2.8116732666 0.606688019438 2.42136420591 2.3039575214 -0.929575196365 1.50241702222 2.63044514776 -2.29517838743 2.12150695573 -1.73122095079 8
94 8473.54628881 -4.39535285253 1.58945834976 -2.46614302952 -1.33149287279 2.97720930076 -0.703848816256 0.602735515915 0.316907580469 -0.655470493243 0.2999130098 -0.574241094644 1.38884503099 1.60670009303 -1.82612868605 16
95 8507.83290478 -3.01357722991 -2.89123140997 5.71988054856 -1.32679470748 -3.07674059464 -2.3507427516 1.2893697941 -0.159204494747 1.1168293252 2.17817120528 -1.75159336779 2.5320234938 -1.73210011305 -2.7388019301 5
96 8525.5115519 -2.8713732928 -5.14138442503 1.86195215845 -2.45553846803 -1.86858633256 1.35765304874 -1.83524804495 2.0103088303 0.759860546163 -1.78112637018 0.570303619486 -0.14773791439 -2.15111753424 1.25706485998 1
97 8542.28097854 -1.14226816853 1.54860907455 0.254660911097 2.48557146225 2.32564100902 -1.49227539435 -0.0984350800838 -1.86005462887 -1.32808263534 -3.03439668237 2.47182893943 1.41564835252 2.68733891959 -1.1085682483 13
98 8567.10654744 -0.804408562004 -0.0496397421671 1.63439748946 -1.82488594868 2.01893925038 -2.70507545705 0.424267445062 2.49504981665 1.91594520677 2.31457070113 -1.84692193031 1.62188537937 2.68206648389 -0.240209524017 10
99 8578.68558094 -5.62003619545 -1.43921366492 5.79251169687 -0.309522003725 2.70857962466 1.04949246222 -1.10389121329 -0.446473022018 -2.10958763548 -2.08557942462 2.48385530044 -1.05583990822 0.347711731298 -1.41322291423 17
100 8713.75078306 3.5310172537 -1.76895346334 4.17177470773 1.92459220355 -1.56999965609 -1.25102989157 -0.92211897949 -0.758261901529 -2.88048828956 -2.82418959643 -1.83776506059 -2.73272946079 1.78068360583 1.84215748484 12
101 8715.92767244 0.907106211107 0.484242203124 -0.569568597243 -2.89405841682 -2.97309595253 -2.48797521808 1.80605772405 2.13463471255 0.388978883666 1.81251182119 -1.64892302011 1.25642809517 -0.164871720357 0.293768464499 15
102 8718.14782398 -5.05649969689 -2.85193477141 -1.83171031329 0.791801583073 -0.34752469392 -2.08708241575 -0.24387379751 2.58425383848 -1.28383799005 0.104158681757 -1.16718624417 1.96582200846 -0.336070451781 -0.0557622946955 7
103 8768.73991137 3.36986567503 -6.69007317115 4.35047263638 -3.0914444494 -2.43035196817 -1.05166042364 1.85760514739 1.43808500822 -1.66120405087 -2.6383499202 1.26453151772 -1.87224496425 -1.22860914337 -0.466323024605 21
104 8815.11760906 -2.76093875944 -3.36576876815 8.01430882508 -2.87912738365 -2.65486491713 1.51972304993 -0.0249240984577 -0.896548710448 -0.802747243524 2.07587968586 1.41921222016 1.95826189647 -0.714016677959 2.12665367325 5
105 8824.22884134 -4.82943130441 -2.26669141102 6.59750961822 -0.225596231004 0.197657275079 -2.9240476942 2.04374015771 -1.45152455334 -0.69331603509 -0.707271738174 -2.75074846121 -3.11057115379 2.04745051249 -1.12352887183 8
106 8989.34781211 -5.23256568021 -2.7908977397 7.11870416031 -1.5498004792 1.57478597966 0.530708221958 -1.39439819856 -2.09233160589 2.65136241968 1.61588107862 0.152720573299 1.17082772628 -1.6215645119 -2.16475793724 8
107 9025.2322534 -2.06141055114 0.467199664104 2.95089627463 -3.0118264573 -0.455711895716 1.04302371796 0.54020480614 2.83820906515 2.89175066695 0.735330086446 3.07505006669 1.25316651196 -2.94231704901 2.42465708813 10
108 9066.76301301 -2.48959539249 -8.78647764803 -1.81935428219 1.57084064483 2.30805124511 -0.503992419443 1.43674985239 2.43654915355 1.11459985527 1.33382803949 -2.17341908238 1.99556511292 -1.42132254373 -0.738591415109 22
109 9070.41094219 2.82172692836 -8.19275503529 -0.983586059878 0.449606744058 -1.32516624084 -1.59555179755 0.357487972523 1.76946721243 1.15120357618 3.05065335477 1.12506344648 -2.86925995998 -2.70054560755 2.10901141914 24
110 9077.73939578 0.96770210355 -8.31132477035 3.61832329394 1.02156466891 0.0834038385963 -1.66752937471 -0.972775816271 -2.92748266001 1.7259378746 1.2619106978 -2.67536758005 0.484837888369 2.49070179594 -0.527283206628 21
111 9145.98925123 -0.512665868326 -1.64071270746 -1.260468199 2.92469246861 2.57213304961 1.21651901074 -2.80848733166 2.27232799335 2.84137733559 1.96307444853 0.303272279239 -0.985541972278 1.40746326002 -0.657385411993 13
112 9281.14171184 -2.42432439093 -2.31327463827 0.626422298345 -0.823357492147 -1.71499048927 -1.70661883542 -2.54681701165 1.93368297407 2.69320023588 3.07664534343 -2.96259197112 -1.46592948746 0.265015594579 2.15110954853 4
113 9466.41498801 -1.42527530598 -8.67803422542 1.9981664968 -0.335283418578 2.85111857643 3.07751730849 3.13928592472 2.3342994013 -2.85712275394 -1.86168512379 -0.188136192802 0.00578604736887 -2.12237998973 -0.892302097073 19
114 9501.50371789 -6.46039394128 -0.230910468869 4.91737157713 2.63303795729 -2.51326316826 0.674214171753 3.1325039105 -0.981575208386 2.32088291334 -1.29614044056 -0.357388146624 1.62779425308 -1.38724534234 1.43921701629 17
115 9615.92027917 -3.72966668624 -7.22742622831 3.1076628083 -1.32920523141 2.51212701599 1.73526872872 2.09134184932 2.6701015023 3.00357626627 1.97703818336 0.938025317288 2.78705422989 -2.21451956513 0.192904471677 20
116 9661.78532931 -6.65666402432 -0.636065056147 4.19072299717 -2.02812810201 -0.997575992074 -2.59082255184 -1.89816797891 1.28965853207 -0.377910409554 -2.31624710647 -0.0959381126273 0.695661180915 2.17553170214 -0.695053522516 11
117 9670.12242305 -0.554417971978 0.854975737327 2.69328952481 2.08288018693 -0.815984210933 -2.42743268429 2.99880124748 1.17110511061 1.40340218331 -3.07816804611 -0.972785987568 -2.79599464906 2.54002383954 2.40348393877 10
118 9719.09315238 -2.77023242155 -1.15135763052 6.00109463863 1.08537680043 0.996731868903 2.56024466487 3.10584175782 -2.61063339668 -0.0114757503882 0.818928559852 -2.48610219801 0.383682377315 2.35982578177 -0.0400899852849 14
119 9898.59634778 -6.44127237107 -4.88342061478 -0.145490027647 3.01729011476 2.66502940428 1.29246324962 0.418036899664 -0.8890750481 -2.27372159035 -0.334825050493 2.17611251475 -1.9378599256 0.0479902227715 0.593427822487 7
120 9915.36044222 0.502399805061 1.33647358477 6.69223628395 1.96995930394 1.71215592837 2.04831785017 1.7738249583 -2.47058190288 -2.64453676497 -2.43275324367 -1.38029696227 -0.923456193815 0.781011574194 -0.0381276299754 18
121 9932.70113429 -3.26901622196 -8.38326252764 -0.0846689165171 2.65566741225 -0.732191808256 -0.132207713737 -1.63321062764 2.68527739954 -2.41083213741 0.790429125619 -1.62835387282 1.00792094303 -1.97506090145 -0.309317871082 25
122 9936.55713689 3.74008280486 0.633609972437 4.28155452977 -1.05637961616 2.74902170766 -0.086769963279 0.328550123769 1.27770569579 0.721450335174 -0.646581149521 -2.91182033243 -0.0436915388686 2.4129430718 -0.586209238152 12
123 9987.86699388 -4.28424190545 -6.0302903447 6.72789020584 2.48998466071 -1.56072163839 2.74076223472 -2.43041611932 0.94077452712 -3.11050383571 1.92544950825 1.30595832588 -2.99246615092 -2.19697096676 0.697203560627 26
124 10048.6677742 -1.81115034046 -0.926617590162 5.23047789884 2.07186049517 -0.568287531888 -2.01468622046 -1.80779039012 2.6976156423 -1.43853681758 -0.253200500908 2.56509759821 -2.31862971927 0.907155907984 -0.440817461565 14
125 10091.399408 -6.34320511654 -6.8925545521 3.27673076388 -2.6980371605 -0.972230496395 1.70637419559 0.362119951363 -2.83205683173 -2.48060647864 -1.92973611948 2.94455674737 -0.176521478658 3.00299760877 2.4366502724 20
126 10092.3846031 -6.16773582266 1.42756534504 8.2122413042 -0.85462153157 2.68123353817 0.985261610784 2.53449797489 1.78505265735 -2.1572635797 -1.12941712406 1.39987577895 0.69410736035 1.18790544856 -0.521925986583 17
127 10291.2259273 -5.52546705535 -0.552870898083 1.75008954822 2.20981951081 -2.27305982592 -1.94397319594 -1.30903907751 -2.90150974052 1.61313400601 -1.90712480028 -0.33544298537 -0.457858258295 -2.97536092117 -0.700470657668 11
128 10456.580541 -3.90712247763 0.417067690836 -0.966187494871 0.162580860426 0.141385663588 -1.4374106719 1.65607600825 -0.541995008643 -1.60924167021 -1.71158784422 3.01865866756 -1.33502143512 -1.87944282434 -0.762220896479 16
129 10502.7047108 -4.14454095605 -2.90972997232 -2.63907523295 1.86650895417 1.55810613132 -1.26966291782 1.63191571331 2.19327965043 -1.22819799416 -2.90441096089 -1.20371263901 1.66116497388 0.373151303833 1.08397525234 7
130 10542.4697553 -1.90575355176 0.90299915885 -0.226488368551 -0.890243310973 -2.26781261325 -0.52901819371 -1.5127316806 0.539267154186 0.394620144155 2.74647250058 2.43895056645 0.16327840669 0.420082897871 -0.198948149462 13
131 10621.8656355 0.451134046046 -0.797856461205 3.17797740689 -0.774631341667 1.6545320703 2.82938955201 1.31536513376 2.52446398792 -0.276740901842 -2.91197444607 2.15387530539 0.450201666554 -1.03048623331 0.897152373766 10
132 10721.9330119 1.98330383736 -0.97174300168 -1.73610109702 -2.09213881426 0.603449557533 2.5248546373 1.8715071457 -0.00324849865735 -2.64271835327 -0.650639341254 -2.2231494275 -1.10024178178 -2.20928953697 -2.8164688624 15
133 10761.2869747 -3.48801476117 -0.319826612593 3.43325119137 -0.592247476857 1.66007993588 -3.04635779062 -3.03371357049 -2.8035601991 0.603219625398 -2.17652282125 -0.30888372853 -2.69497647818 2.64567044173 2.69419299784 11
134 10772.0698692 -0.744580747381 -0.36556713986 1.27776495326 -1.1665647494 -0.458544385361 -1.42234623953 -1.258896945 0.0496984818259 -0.906859346294 1.58942229743 -2.18977316122 1.81758706348 -1.17007525422 0.717903353887 10
135 10800.8410705 -5.46237146464 -1.24191613198 -2.39008248229 -2.40355703453 -1.36789953714 -0.665947046962 0.935597730889 0.251453158291 -2.94499004443 1.17302782265 -0.593170574073 0.0343896046895 -2.63166734491 0.402582712644 16
136 11072.5258881 -2.81874188399 -0.0662943276498 -1.43133328443 -2.65644559754 2.87709630694 -0.854228527759 -0.746615552286 0.893584911718 -1.51738711787 1.884832031 -0.608574488028 0.843355684058 0.693047723972 2.18490309402 13
137 11120.92235 -1.55868043534 1.3034045809 6.01322240417 -2.79249219499 0.342273415602 -2.21445918809 3.09542405167 -1.42459080564 -1.93160349303 0.0795184024324 -1.37791576704 1.18906447222 1.05731170674 1.64090405652 14
138 11222.6351868 1.17130701971 1.34694259345 7.01052314542 0.141362152648 -0.623785163321 1.88761552683 -1.30192292845 1.95718068897 2.47020358586 2.17591101571 2.86568981287 -0.241311768465 0.163560135082 -2.87566732433 18
139 11399.8435937 3.69445803814 -6.25298131355 4.57977458501 0.531030110436 -1.30320780472 2.78361939976 0.68143690595 -0.0160751273638 0.466690021439 -2.42243492151 3.06854807864 1.52676022154 -2.76306363761 -2.15728523895 27
140 11679.4678113 3.19561812254 -3.13291958365 8.19391141959 -0.630642080291 -1.59990932355 0.357799503897 2.57770055966 -2.78544864184 0.514718172529 -0.03647457191 -1.1359042492 -3.0424615036 1.70798632927 1.98107930033 9
141 11690.2026188 -2.03998404277 -8.11675288461 0.446694157091 -1.45884843117 -0.0761301492713 1.57258604114 -1.21385273513 2.30351998706 -3.02659975991 -2.3708384033 -2.33389614809 -1.33208966103 -2.75146614599 -2.19984059757 22
142 11794.7800211 2.45779174397 1.48964604056 7.97279365484 -0.268843162871 -0.176155938463 -0.858420533375 -1.90171543744 1.54238003193 2.0882868728 1.45301596938 0.667256585478 -1.29956157392 1.67009315289 1.64147739989 18
143 11865.3122459 -6.04874224404 1.68460315382 7.9852699845 -1.26060440689 0.210161197469 2.10241071 0.673104201105 -2.44183728208 -0.307411760478 0.707943692639 0.63417301805 1.40712534405 0.498062827324 -0.542203150306 17
144 11895.8893491 3.17165114176 -1.04772151265 6.70200225033 2.15154217854 2.79145871001 0.745696306289 2.1173721981 -2.83904506852 0.506348683149 -2.63476114946 -2.32965337308 2.08260892656 -0.25556397019 -1.1039506215 18
145 12103.4461704 0.671859906388 1.39843619617 5.20213504967 -1.06190848557 0.724685236037 -3.04764357654 -2.94676834729 -2.71022494237 -0.363968773733 1.42874718553 1.37305515944 -0.260122148093 0.153214288179 1.72613176462 18
146 12569.2154166 -6.27112808018 0.280909845399 4.39343491666 -1.59407644708 1.55800180224 1.9374843194 -2.73052285199 -2.35933489569 2.20178796064 -0.675622481533 -1.56688497724 0.0146058780938 -1.48221492448 3.11158196467 11
147 12579.0323069 -5.00552435893 -3.36987478068 -1.13561477385 1.81297132997 1.9311271204 -0.649553499422 1.33703617422 -0.0951565699983 1.21760131725 1.79373808223 1.55785802171 0.993635185394 -0.842546838559 0.540097942317 7
148 12679.3180431 -6.4780101673 -4.33955291945 -1.08608087967 -3.01749562125 -0.698234809857 1.30898848001 2.47340037742 -2.79045052973 2.68442505323 1.3330261802 0.48469518408 1.94976607209 2.01470385286 0.238533350298 7
149 13756.0262629 -4.05902957857 -0.978917732716 6.58651534538 -2.04230360446 2.7213303222 -3.10084249891 1.87541294048 1.57722178621 2.36215198528 2.05512858115 -0.686866757753 -2.37038292369 -2.78158691913 2.5690543812 17
150 14483.6408194 -4.57937049111 -0.502002615972 2.60331098451 -1.97465542553 -0.706853611375 1.66727660235 0.349809907572 -1.38931962384 -0.750303121867 -2.81458895697 -0.0129693294539 -0.47426993317 0.822505732299 1.85347738977 11
