 3.11582966732 -4.3411366406 -0.668675279474 -0.0323019794546 1.00688005376 2.11237229477 -2.45955676185 -0.876651286442 -0.452494481659 -2.20480753492 1.32808187205 0.471394805219 1.25823618171 1.53167055557

1 2073.66233663 -7.43385743089 -0.426027509425 4.39625144084 -1.84759561528 -1.44767302021 1.59734426248 2.31001797767 1.09288748945 3.03113401077 -1.50362256624 0.230771281065 -3.05140369732 -3.06726901557 -0.429371431294 26
2 2112.70748794 -4.70151611654 2.76493127163 6.13189467109 0.0707615455817 0.227656492757 2.97824399618 -1.28496373463 -3.07891075501 -1.45759183879 1.86287412612 -2.22563027358 -0.717087532453 0.368713056996 -0.23904461356 5
3 2122.0773172 2.30174474953 4.4519387127 0.655372775223 -0.634753968489 1.92684709778 -0.56030122127 2.9053871496 -0.245167167487 0.51076864073 -0.581252796005 -1.60428366331 -0.430540487061 -2.62267603027 -2.15561725946 3
4 2275.86998698 -3.26674491563 1.21130411282 2.63557697439 0.164108923436 1.40283652201 -1.71457949278 -1.89938660899 -1.04956087888 -2.65849790031 2.79505232331 0.878903815637 -0.349036377753 -2.13012417565 -0.723294391627 23
5 3166.60173329 2.18074094359 4.22441920087 -0.575631849158 -1.094776326 -2.95971100311 1.69823079226 -3.1063304383 1.21333371586 1.77659574984 1.86533875858 -1.73118754478 1.51594628558 -2.53703967121 -0.270791050568 3
6 3300.11616845 0.234008649766 4.89091174231 -1.88246469788 -1.03336723478 0.194092079206 2.86036376879 -0.548885836259 0.913058950433 -0.634565069787 0.160274335781 2.80329474232 -0.330049984673 2.64922641519 -0.735292517356 6
7 3341.31753039 -0.114752541613 3.02765219899 -3.39209418887 -0.545430092695 -1.52844888716 -0.037825156628 -1.03115698932 0.372589138521 0.741650257767 -3.03113456104 -2.87999463427 1.59463414119 -2.23789544611 -2.23262427138 6
8 3360.44350527 0.606559440958 5.58880360447 -2.86464754803 0.117416940737 -2.6586383431 0.612758165036 -2.46127869546 2.32790245693 -1.69612254237 1.77742136547 -2.39373653383 2.6121615916 -2.23737591079 2.69082125144 6
9 3499.91875557 -2.09632697168 2.81521068105 3.23090567985 -3.13913657492 -2.00133750032 -1.68477187833 -1.26749664086 -0.572512491126 1.45806277322 2.180460932 -1.09668437882 -0.306772625967 1.16480691759 -1.77949003395 5
10 3631.90048682 -2.27945420726 2.31650723943 -0.885319500152 -0.470909320835 0.740984167816 1.50305247985 0.238198699391 -2.29480912866 -1.01200624921 -2.79793820565 -2.47867206551 0.906622248376 -1.19136607988 1.94163763073 19
11 3748.17460229 -4.36873600435 4.27820292881 5.72210957789 0.254352011832 -1.26408636694 -1.77987210856 -2.59948893671 2.1182786973 2.52494374157 -3.10583534433 -2.73860601541 -2.70263532252 -0.597567897923 -1.12561424817 5
12 3804.02103654 -8.27338837324 0.102542716742 3.56800090988 1.82926148921 -0.344365483166 0.636445144429 -1.05862736426 -1.13561188867 -2.73910205131 -1.57101885823 -1.18823284402 -0.310112626838 2.50044671602 -3.02076662072 26
13 4091.98351587 -2.68125328252 1.81622815039 3.21636625677 -0.213873338983 -0.430766852571 -1.52222244563 1.93441397715 2.458533204 0.812263662443 2.10215955714 -1.20385226377 3.012093785 -1.88643479738 -2.14079602247 23
14 4389.75881093 -5.9558265294 0.173390031591 0.387661070401 1.55970441156 -0.035464331573 -0.48099753931 3.11724155479 -1.6580829459 -2.86740458485 0.602231063474 1.56055225457 1.31764737232 1.88204547686 -1.22158621331 20
15 4593.84202641 1.2558629431 5.76420484195 -3.18863870873 0.128662201971 1.46715180848 -0.738599907991 2.86518262271 3.13593175809 -1.54411026522 -3.13240990734 -1.53126557646 -0.603531034518 -2.97754352874 -1.38920398145 6
16 4649.24037156 1.46812089277 1.03064972039 1.39892391475 -0.55711454144 -2.47721795108 -0.396336811455 2.56667022224 0.271399697397 -1.2643032849 -0.0102925869073 2.64810721911 2.78830287578 -0.991354155374 1.51887274819 21
17 4756.46422947 -7.57473466292 -0.313087652028 -0.361582149446 0.00848515012379 3.09426615572 -1.76008427157 -2.07199442689 -0.420142955632 -1.39422402802 -1.68246004605 -1.18167006275 1.7267378096 -1.33413934089 2.86724634406 20
18 4792.75149372 1.71464069664 8.85559106447 -3.47410125707 0.384975079273 0.471103042811 0.971516215889 -2.86784745106 1.45525970492 -0.617894849503 0.436871102138 -0.322611018893 1.059095398 0.408425557703 0.77202861331 15
19 4892.6691999 -4.00272523647 5.6783790814 -1.45353668668 0.545787442649 1.67676544537 2.43747746247 1.97816816378 2.70094660968 -2.66355692342 2.7018055112 -2.04272721155 1.63759448594 -0.365370560159 -2.28960853851 4
20 4939.08897714 -8.60218673799 2.33341956087 1.07945313015 1.10166745389 -2.05916607523 2.75793741395 1.49502187693 -1.24938728088 2.17236664943 0.461851080101 -1.43977826302 -2.92734005697 -0.245163308325 -2.39888079294 20
21 5048.62993599 1.27070356845 -0.235351020901 -2.3721476131 1.84241086201 1.66648179342 -1.62028484089 2.89403381414 -2.50741146454 2.37953229663 -0.0423520727209 -3.02832860204 -2.49817824401 2.84436715439 1.0659199159 24
22 5111.54612173 -7.62133139172 2.51761574566 5.460141272 -0.280481564775 1.65239866364 2.87962946407 -2.51379892375 0.978774120553 2.75860865935 -2.56005072404 0.569060880744 0.29332750565 1.62908118182 2.59666388818 8
23 5182.89975117 -5.42990972944 3.02737323301 2.29653608653 0.769397060004 1.12088667754 -2.53982320454 -1.39468323586 -2.35534532877 1.07247214343 -1.93055173149 2.69033306923 -1.43497042414 -2.48286373087 -0.419486585052 2
24 5271.30577674 -7.37274224682 3.52256581624 -2.86488759618 0.205994455777 1.86124188348 2.44597170228 -1.68702819674 2.11706073367 1.19236834397 -1.43559742901 2.60849357974 1.077893024 0.512219306038 2.4727532434 7
25 5288.31287932 2.32018048449 -0.266909416536 4.14138520666 -1.22779375658 0.349583869046 -3.12773919029 -1.8201864763 -2.17951640713 -1.50640121987 -1.62896119916 -2.02939859672 -2.5788028783 2.85759355814 -2.42297542303 27
26 5293.16055521 1.73802898265 3.93408000456 1.06296041561 -0.010511127662 -2.65120810232 1.20067427243 -1.67840552369 -1.84230294146 -0.324901523586 0.996088799306 2.61459325334 1.47867688524 2.2220191703 -1.37151511879 3
27 5380.02953858 -6.21968614152 2.00550666075 2.69989518107 -0.522864055302 1.38166863498 -1.91533305052 -1.83613385271 -1.13494297621 -0.701495298226 -0.725716902695 1.56475977024 -2.32247606103 -0.763753617078 0.672818731093 26
28 5402.25220021 -3.58669228978 4.81284692203 5.29014016353 -0.157912519174 -0.613578828135 -0.0983510912796 0.66626878534 -3.09429703786 2.45331700253 -0.224040965977 -2.99450926103 0.136196709731 2.4823743804 -1.7009406416 5
29 5424.25130263 -6.2291488412 4.84233691125 5.79345915838 0.140287683292 0.127649940512 0.105374737198 -3.07466260526 -0.289164433059 0.436800928156 -2.84702732286 2.25499665182 3.12329033961 1.52467510988 2.27800684995 8
30 5490.77265285 1.67892940206 0.526873701143 3.2187105714 -1.58020837928 -2.23517246241 2.3582648596 -1.57151243331 0.444498146354 2.52013316857 -2.12916033931 -1.82439480687 1.25848800282 -2.53531019158 -0.861826285337 27
31 5637.33498132 -2.07485715218 2.19846116323 -0.670030530374 0.393971984046 -2.327922175 -2.83648806364 0.528888026614 2.48461605762 -0.909754203749 -2.90441395761 1.90298596891 2.51305079823 -1.10540824532 -1.80608735081 19
32 5702.62346402 -3.13367914696 0.903593133562 2.19409662032 2.65757770163 -0.0934301009384 -1.91382449434 2.44741767535 -2.83199912489 -0.651191611916 -1.60822962627 2.52458554885 0.329345280576 1.95976371607 0.85907769431 19
33 5710.22862727 -6.80999020659 7.2356933175 4.75384065262 -0.143857670875 0.683217376039 1.12705804886 -1.37218718901 -1.32772651769 -3.07523819745 -0.343802345518 0.183727359484 -1.17955441201 1.53298672617 3.14123247565 17
34 5886.56930848 -5.27301895115 0.612880719088 -3.75132164825 -0.073195533399 -1.4199250126 -1.13525134829 1.18363736027 -1.52680461278 -1.52953966575 2.01065549779 2.20352310195 1.35258514037 2.65753906407 -2.66159752828 25
35 6022.40757135 -4.03083141411 5.11860867035 0.254129188597 0.704562385419 -1.11308861493 -1.01948242513 -1.77698661296 -1.66906377562 1.08054665258 2.65136089611 0.0463055016385 1.00505716574 1.22796225619 2.04320599259 1
36 6096.93216753 0.616950528431 0.0083787160212 -0.538830275079 0.675064711727 -0.650563941193 2.61755059809 0.932361340013 0.215810782899 1.98627254426 0.936039045037 1.32099434006 0.538961261628 -1.07468132216 1.77755893701 21
37 6099.74333678 -8.42686716456 0.89189205185 0.604046590964 -0.370903716525 1.27421886228 2.60780294373 -1.82854125701 -0.0533721877793 2.76716609003 2.5878769523 2.53638823276 -0.115358939621 -2.10114861069 -2.0563803176 20
38 6152.42036485 -3.60634109909 6.96320786073 -1.33505063751 -0.530762006285 1.41546729671 1.62697605166 1.12070745941 1.40542910311 -0.33661803373 -2.55319641203 -0.892785563862 2.52136059168 -2.96862344617 -0.209827881065 13
39 6219.20107896 -1.82071349184 8.98195516797 1.00481241403 2.79357852387 -0.212359000753 0.868318109059 -0.205748996862 -1.60941379809 -0.918558736408 -2.8824359186 0.00997380040344 0.775445758472 0.339472454862 -2.23730440658 10
40 6224.88824459 -0.647466108705 1.62546618232 -1.27374986887 -0.45878074574 -2.26652110035 -2.65153728289 -0.250983316961 2.39088954785 0.108893377111 1.42387919343 1.56697362226 1.66771249577 0.28795736813 0.764109590041 24
41 6249.82179074 -2.79376293587 8.65565035149 -3.3193580551 0.362797983206 2.25281908242 -0.107557486182 0.985121043701 -1.85800915087 0.783280977135 0.614181631888 -3.08003351127 -1.11988282908 2.1391187698 -2.89363858233 13
42 6273.06839845 -1.01540045561 1.93742673559 4.10814070375 0.695939964989 2.06502542952 -1.64967047203 2.12552245203 1.98101929948 1.0441758421 0.656631349258 -0.139297844845 -1.87861411993 -0.754683864756 0.460712854075 27
43 6307.56389 -7.74768953439 3.54586359791 0.722895207398 -1.94483173974 -1.95388772991 1.97519244984 2.52129721431 1.9911224504 2.86703146571 -1.34400672568 1.64633705831 0.229700642394 -2.45328833601 -0.515883681634 2
44 6347.22494837 -4.34431385033 4.79704951514 1.22808443271 1.85440141439 0.765862225077 2.82911588735 -1.01048426489 3.07661435614 -1.50098229989 0.827607195216 3.06002904715 0.580377132972 1.69909132888 -2.40981929236 1
45 6513.89493133 -1.33028110443 -0.586196870691 0.123012166991 1.35226521067 2.78655282965 -0.408011424968 2.06757295381 1.10549918614 2.99582603186 -0.106362848354 1.82782080886 0.652021516433 2.74111694211 -1.99480827011 19
46 6558.08973873 -3.86844049418 3.0430635785 -2.78063574284 0.688670922264 3.10513931629 -1.06820567398 -2.69056132411 -1.73274372655 0.768916426972 1.56265185805 1.32448867261 -1.60550890996 1.65551318266 1.87358949893 4
47 6567.41720108 -0.899926334985 7.96805664571 1.77475680034 -0.0287022794863 -2.99857329634 1.05959189222 1.19224821751 -2.6266908351 -1.88420705643 -1.07253080893 2.42854003324 0.598053590766 1.09589526981 0.674260013423 12
48 6577.62885242 0.663660607735 8.76312069997 0.828425122987 0.14284477784 1.49126915134 0.092061732324 2.84264563832 -1.72921125234 -1.57654853147 2.46785794842 1.75258990678 2.42806344579 -2.94530183585 -2.96734509374 12
49 6783.76430613 -1.50129054331 -0.276522425163 -1.93782643086 2.80387920559 2.29595272301 -0.0749959122153 -2.50323484115 -1.08290926047 -0.674713734284 -0.411952942613 -1.32075213756 -0.315967552022 -2.58837371538 -1.36397587063 22
50 6793.40620877 0.521841650283 5.12874641095 -3.61760593022 -2.11313122063 -1.84634699126 -1.77768224812 2.69237858083 -2.34610901408 0.422220692599 -2.98048824994 2.61925018645 2.41659420755 0.8969954029 -2.03131469853 6
51 6804.3117933 -6.23142176821 3.1355135819 3.46679372202 -2.41590610125 -2.33965450139 -2.13387780196 1.80637719151 -2.06775164186 2.9590369495 -1.99812493201 -2.48278360735 1.86885086583 0.6773863134 -1.07569190763 8
52 6820.2287893 2.24031024683 4.87536708795 -0.284340456645 3.06826618175 -0.593185530565 -0.899555244179 1.57855291243 -1.88544646032 2.95565748487 -1.90341106205 2.73630276855 0.870593359237 -0.95141206541 3.13946938414 3
53 6854.01118646 -8.00680393006 0.874519557476 5.31468558674 2.0521667324 2.12571732151 -0.340009562725 -1.25589887606 -2.30374039084 -0.980948074533 1.11281133368 -1.71119441547 -2.3860400375 -2.8315767057 -0.0414859470825 26
54 6855.78945697 -1.78191392203 4.26737954273 -1.76861809981 -1.52221299003 -2.4345572897 2.68400480171 -2.49542090454 -1.30912296325 -0.345737259204 0.258586359669 1.09322481397 0.00370896985109 0.668010781282 -1.91916014175 4
55 6855.90965305 -2.5491628379 -0.858990717625 5.58044832702 -1.96715148518 -1.78476964745 1.27840480908 -3.06991105218 0.856561630054 -3.08034257423 -0.541369887953 -0.765824851293 -0.0277587296509 1.56118647578 1.78368937087 23
56 6861.69254001 -3.54368958149 4.75333058507 0.696810238906 0.760203369799 0.739694115306 2.53375320921 -2.26487603313 2.78416157792 -1.41497860768 -2.5471311937 1.5599705213 -1.6764048976 -1.41926273585 1.66924595211 1
57 6876.1037646 -4.62859049662 1.83011680051 0.860510878303 -2.49422980095 0.671056490816 -0.418270015601 -0.916296494212 1.62618908059 -2.0776861894 1.40360801559 2.97861917535 -3.09931418789 -2.94268844326 0.141837866123 19
58 6993.96343977 -7.29256835859 3.33487986759 -1.87553476356 -0.713863402309 1.90085595087 1.61033490205 2.16786784016 -3.00671547428 -1.12212609342 -1.50025773679 -2.31765510706 -2.21164642899 -1.41350234676 -1.64663964809 7
59 7015.30763913 -0.329430192977 7.91469022347 -0.198021610676 -0.943223572704 -1.71088417092 1.48197383806 -1.47534786183 1.75455434232 -1.28669311191 2.09657122742 0.677784976816 0.338629190122 -3.06082730248 -0.382736295583 12
60 7024.29254547 0.929816816939 3.71779570968 2.92930706618 -3.02425889003 0.330704497349 -0.742397527031 -2.08758116715 1.07950914856 -2.60509161377 -2.13224950388 0.820820504712 2.37697494083 -2.15180915288 2.79667706412 9
61 7115.98880386 2.0119409414 8.63963216542 0.914444428157 1.78432524953 -2.29660951426 -2.91765998564 2.7294413633 1.75981099821 2.25821284544 -0.0832186988659 -1.05865245038 0.0287543372584 2.24594820286 -2.29673786317 12
62 7177.53852262 -5.21163469932 2.32711515472 5.95751064652 -0.772472220727 -2.93526237239 -1.16801033259 -1.86601214185 1.76805857717 -0.493646403365 1.22541348758 -1.00632518646 -2.67970001894 2.25997550594 -0.280707280554 26
63 7194.89515923 0.15633473264 5.76034863334 0.0181833292558 1.98416382964 -0.421850925553 2.8610648402 0.505447871944 -0.247956544732 1.73365168751 -3.06583709754 1.35129890389 0.228953765948 2.85803328583 -0.818860259181 3
64 7227.20857416 0.148266070602 0.4037403221 0.455443297059 -0.86029815676 0.718283063072 -0.7547855755 1.86304739047 -0.234566430944 0.187020098685 1.93623770081 0.163502195036 2.71178287306 0.423748110517 -0.390430959693 21
65 7277.42163723 0.930989546315 3.7730856766 3.56235995637 -1.80137132961 -1.58514820599 -1.70380832897 -2.62368736305 2.81125594065 -1.74383062552 -0.640691874731 -2.85352007044 -2.1270961941 1.84299030151 0.288641182083 9
66 7340.12220115 -3.15861359417 4.36931957728 0.0645419816589 1.72022347519 -2.41226887911 1.84735467613 -1.20317161941 -1.69456737384 -0.96469268904 -0.860924797771 -1.49268853227 2.88523568245 1.80072007268 -2.58729017142 1
67 7379.83232938 -8.4716305714 4.26469599656 6.12726171268 -2.75350975826 0.879510801233 1.3324657984 -0.459809743403 2.46003692039 -1.72303242806 1.62743575024 1.73400997468 1.24462991883 -1.25546496551 -2.80906401697 8
68 7415.18834165 0.583117951089 1.11604515748 -0.89234173748 2.15400696377 -2.06130975515 -0.503557415157 2.07409811968 -2.86475095016 -1.85866533367 2.38026734179 0.943916962541 0.900387273032 2.61471574535 -2.51140351097 21
69 7432.20223342 -2.81424663342 8.45593255185 -0.127894764298 -0.998750403503 -3.08116939137 2.05486009809 1.77082853648 -1.82710843261 -2.47784255716 -1.96119844365 1.61652855196 1.93845504109 -0.409137995861 -2.76308831488 10
70 7481.75428022 -3.66113743334 3.97434734673 6.01646040874 -2.86178436432 -2.16733469475 2.58222722267 -0.626441599211 2.67029611385 1.51073638976 0.868730658321 1.98100273818 -0.261213688826 3.07589440126 -0.663673123805 5
71 7484.75025344 2.06734237788 6.84497602967 -2.43664328446 2.0411210663 1.83752808397 -0.695822375083 1.84125779526 -1.09682532476 1.14827880875 2.30922337547 0.0165964722562 -2.91035497913 1.15700907858 2.44298785338 15
72 7544.90059519 1.72264058459 3.17979586806 0.134558461883 1.28768020724 0.956321634265 -0.886282970596 -0.618281707135 -1.49579023001 1.34017013544 3.09105373087 -2.48852834783 1.01145248511 -0.933484964959 -0.832526461253 3
73 7731.5430023 -0.428588118987 4.08811576934 -1.41460975043 -1.89639319727 -0.817824565471 3.07632736443 2.18130673824 2.98877912841 -3.12464670299 2.88057239062 1.2770687157 2.70506805623 -3.03967473878 2.73573814949 6
74 7777.53097932 -3.99311611704 0.46156841376 -4.73182616565 0.739561707557 2.51999319704 1.36373020368 -0.831969672654 -1.50359999208 2.77899184318 0.0978467157961 -2.40302274446 -0.237632143488 -1.37731851275 -3.07540842643 22
75 7870.39651954 -6.16519489233 3.47306587443 2.76206481542 1.49186807156 -1.22600441005 1.17174127584 -1.00803401527 2.39006742102 0.970931733643 -3.04864701532 2.12998234845 1.41844535156 1.51475376445 2.37975943392 8
76 7915.43327257 -3.0581618021 6.877579068 -3.25549034624 -2.36549943936 -0.476515851519 0.21316844752 0.636712224099 0.669625308078 0.845459046865 1.06479758289 -2.5931310345 -0.621271494398 -1.54539732918 2.61375936578 13
77 7922.28913313 -4.48175956296 3.74794496176 -4.78378979697 -1.16969915688 1.69217695454 -2.21629233308 -0.043358526248 -0.0340128184063 2.49198446901 -0.78989374372 -1.91608745802 1.1981856909 0.226573041709 1.11772894931 4
78 7943.82038652 -1.35476069031 9.65570443546 -4.47741469283 1.45501586581 0.213513053006 -2.97096577533 -1.58930695058 2.153944248 -2.1828979784 -1.3459370972 -0.62496507263 1.35664314847 2.45444865495 -3.06515296953 13
79 8015.14271811 -6.42503331348 2.86863713819 0.152182595561 0.763753027675 -1.89090595972 1.07754085529 -1.99798689802 2.07153616329 -0.445667781743 -2.71883336327 1.37752759924 -2.81103994588 -2.83219497183 -2.96667993235 2
80 8054.96984471 -4.79948393431 6.36911058116 4.27512204513 -1.71988317099 0.144506786677 -2.88605869809 -1.37580217065 0.23802431105 2.25492076361 2.79238679419 -2.15557673286 -2.88534962535 0.708021389201 2.54186673215 14
81 8086.69020374 -2.15631981999 6.8041092543 1.07731050081 -1.27281103712 0.709188259606 -1.07907792158 0.126193515909 2.23540530069 2.64450719926 -2.37176703358 -1.82602207611 -0.316561499888 1.70185746064 2.75395742607 10
82 8090.86257995 -0.148109792387 7.82906854332 0.87114252209 2.64817526469 1.82567664518 -1.90522839372 2.67930388103 2.93143100544 1.60788818824 0.695505491257 2.39083335702 -1.42526935227 1.07262753823 -0.435266978624 12
83 8157.06450085 0.438906484361 -0.105000120265 -2.88028338534 -0.319773590932 -1.25720728107 -0.711003005377 -0.0167023681876 2.55869212559 -1.44255104026 -2.22544061955 0.540248284473 1.93580789416 2.64343102209 -0.474035349675 24
84 8223.03899882 1.19152586959 4.90100727916 5.73520566388 -1.92926667357 0.879563989442 2.66320587627 1.18046828521 2.70223458813 -0.348652531029 0.258116801758 -1.14280532812 -2.31482725719 -0.764198471649 1.9610864294 9
85 8233.41823188 -6.73983196897 1.57959614243 -2.05228465534 2.02342589918 -2.95795748579 -1.96904255649 -1.11911968218 -0.0771639103193 -0.95183362248 1.77086282137 2.18170291106 1.15345877177 1.93434152591 1.87341647019 25
86 8254.59616574 -2.94129775494 2.48692193308 3.29036899939 2.11565916803 -1.45918381439 1.00059561519 -1.9218798505 1.9799457393 -0.414303318986 1.60613315081 0.106004445107 -1.98335693953 -0.246236586652 -0.0339650150749 23
87 8273.8956681 0.0115884418791 -0.286032916264 -2.92628914046 -0.436154777587 2.22969287393 -0.64463702061 -1.0530759015 -0.792045114497 -0.360658849014 1.75974777341 0.280168260323 2.161576261 2.12971739449 -1.88984454112 24
88 8291.94964789 0.710535922407 5.72561259992 2.8226939189 -0.688113892619 -1.21094039828 -2.44559950165 2.98381617707 -1.40511956317 -1.17678628615 -1.14022481183 1.4688584897 -2.13943022969 2.90288036955 2.82377280601 9
89 8403.97738679 0.422573259801 7.00907630844 -2.49043941157 1.9931280031 2.12952396792 -2.48594826862 -1.98469948351 -0.73081400444 1.52101892063 -2.18839904726 -1.37205025982 2.25851267866 -2.19155517567 2.80477734592 15
90 8412.31297443 -3.23923256094 2.81511703931 -4.19136122147 1.91033610929 1.83137359431 -0.378411337423 -2.57409227141 -1.12800453339 -0.978951503983 2.53615159838 -1.41547069206 -0.480405042338 1.76462116648 1.52591243558 4
91 8514.38907762 -4.95619014829 4.80612500365 -4.20677619456 -2.75959214972 0.579447901292 0.441329724386 -2.58999924093 -0.575670342766 -1.09023500496 1.83652628379 2.89343580338 1.73264218733 -1.23547949383 -2.20166677619 7
92 8517.49326809 -4.2636482338 4.2616880798 -3.61390753183 1.37338992852 1.07710353248 1.57053275366 -1.53505814587 -2.0805698382 -0.891854003844 -1.03060777613 0.31103787949 -0.00942913637241 1.31516513095 2.49622476974 4
93 8546.33586683 -1.86047211612 4.32624079965 -0.767174390424 2.11556686472 2.70664828442 1.87588075327 1.76975419243 2.82096544708 -0.883269506313 1.87480020016 -1.44234871119 1.58763861172 -1.56667885969 -0.867535392374 1
94 8643.84037665 -4.00558150425 4.1664520674 3.45765520444 2.83744977891 1.91107537084 -2.64969536991 -2.75624275938 0.71595502232 1.92127329821 1.15137430357 -2.04724194252 -0.404188815257 -2.66659712553 -1.99503438016 5
95 8666.60850114 -5.68232378789 5.02636592197 1.48960036579 1.90024851089 -0.248141098023 0.822217915387 2.09639660631 -1.26609148989 -1.01669987233 0.06813405276 1.10245110564 0.675226832547 -2.22225531664 -1.58009279351 2
96 8855.2191403 -1.74791931798 1.75386149759 4.97970840059 2.31248256218 1.25152841444 -2.79264079638 -2.58742940814 -2.23252792575 2.97399646677 2.20244371982 -1.28030918671 2.07223323457 -2.82523614805 -2.57993664303 23
97 8867.82970801 -5.89430085891 4.03949957828 2.03337908574 2.33074310175 -0.243130767919 -0.839966717026 -2.57425449697 -0.393363118595 2.06211878501 0.658947250192 0.925255577702 -2.3860843189 -3.13934189454 0.145985100234 2
98 8951.45070055 -6.42916040799 -0.0455094460182 -1.64585653062 -1.98196695242 1.16855008523 1.02482959892 -1.6118030779 -1.7753228837 -2.21626885526 -1.97336083779 2.40373209218 -1.7458816964 -2.76379173648 -0.908610358473 25
99 8953.95248103 -4.23766753787 5.65917634104 0.352441528914 -0.991665164824 2.5922679141 2.03757263138 0.591385184695 2.94305282441 1.60303329256 -1.82716531474 -2.03730054816 2.22533086291 -0.0629481519086 0.517686860162 1
100 8958.2347219 -2.26023885498 7.45395882201 2.95255218861 1.0617421187 -1.75634644347 0.131309232371 -1.299827054 -1.91325586471 0.575675991363 -1.40733349295 -3.13315055828 -1.09952302234 -3.12659397353 -2.83411225281 14
101 8985.76005162 -7.26822559754 7.10246927248 3.51471197078 1.53884771954 -0.262295394975 2.21307959747 -0.0977397636081 -2.28453798845 -0.21759658849 -0.53788265115 2.07608326741 -1.93180540042 0.487071934196 -1.30906952674 17
102 9044.16583964 0.533972439048 1.11622409723 -0.973498872614 -1.76991414032 2.61847680715 -0.993910101531 -2.95135024387 -0.165007515709 0.95131706765 -0.245628674684 -0.423516605277 0.947651301139 2.05565985831 1.71917095709 21
103 9086.05805541 -6.00682987193 0.102546472653 -2.13907037341 2.46583407778 -2.99360846321 -1.40951556065 2.04903409932 1.01522470691 -2.35543717227 2.88008061273 -1.88676424962 -3.10501779088 1.15354797585 1.78609986945 25
104 9099.92275844 -2.61103044411 9.13732837255 -4.79028205831 -1.07658953357 2.75272453327 -1.8908867335 -1.96882355993 0.432074186294 -0.118407107333 0.139744943654 -2.50133892018 -2.6302013817 -2.40811807903 -1.12167578611 13
105 9139.41134286 0.0954800518381 9.63908356445 6.05127444447 2.86919062775 1.09594176793 -2.98310778136 3.08188973321 -1.90478486602 1.79409319978 -0.129494859074 0.501931640107 -2.18116987991 2.09732796035 -0.172623325014 18
106 9423.57204563 -0.358127879663 6.27572660321 -4.78434549373 2.17693155267 -0.982420532477 0.665970798566 1.59524619601 -0.276701626879 -0.802166118513 0.892066359717 2.70874539889 -1.1416325255 -0.934867195871 2.67875316997 15
107 9465.03985651 -0.436648982977 6.45284226546 -1.41090408458 1.99685093453 1.43962989691 -1.49972122717 0.67176705811 0.599355653266 0.709129095974 2.01292965039 2.69567922506 2.88556356297 3.09011539707 1.67766405315 15
108 9490.75921652 -7.94721739023 8.32736971182 -2.39577064834 0.839821677183 0.769521775088 0.156077844299 0.686270481517 -2.78008393452 -1.05809465 1.53713804037 0.288184903008 2.34709791172 1.3259244905 -2.780661433 16
109 9526.08564271 -6.78255236791 2.15414660584 0.98891948848 2.27479568399 -1.72390377234 -1.14417821531 1.13647038709 1.26682181063 -1.85248798669 2.01080674173 2.71649002758 2.52213033823 0.236895936223 2.14094749263 20
110 9529.87104106 -6.45349647064 7.18794173664 -1.3146650617 2.19401290449 2.05027194531 0.540327475201 -2.4974782328 -2.02987887443 2.74840663215 -2.79651287193 -2.63541943804 -2.52665619423 -0.796443898021 1.7528356184 16
111 9579.82881636 -5.38480811199 8.6454472799 0.173032070053 -2.16578924652 0.432496981498 2.56042467875 0.774463125159 1.31939198111 -3.05399989067 3.00856032554 -0.738252583729 1.21827093943 -2.88808149621 -1.79931108409 11
112 9616.90305804 -0.0834119816757 0.648520932241 -3.74751877368 -0.604598170424 0.52772707939 -1.00015173088 2.61555963038 -0.964495132334 1.95233285015 -1.70969066308 2.58693167082 2.64068381902 -0.150837532803 -0.813932837377 24
113 9619.03293367 -2.92444802555 7.03884155889 -0.388498627849 -2.76525091259 -0.131414765756 -0.100477652022 2.45463137955 1.03267877021 0.936329721783 0.584141129375 -1.4778790572 -0.928648073914 -0.26673573819 -1.67452276418 10
114 9675.5731236 -7.70000620198 9.82061820297 1.14439174406 1.81788418366 -2.54170075929 -1.97166763102 1.1250361883 -1.62909009673 0.0395720717122 0.282528967245 -2.80845451374 -0.331405052318 1.71375571073 -0.0126072674668 11
115 9740.96670238 -8.50522182665 3.97273474553 4.07841736023 -1.52047430152 1.13052804713 2.14090162911 -2.96675703603 2.12404478476 2.62787876266 -2.56493798042 -2.87043470115 -2.71993338731 1.5766957542 -0.288883139167 8
116 9778.19528855 0.775114249444 8.19690906035 -0.826822438057 0.893574249884 0.65179986154 1.52475714197 -2.89447896352 3.03729113947 3.07422678245 -0.228980253978 1.85043478173 -0.645055599557 -2.079804366 3.00146692697 12
117 9837.53554001 -1.12100524627 7.4289810639 -1.47637928491 -2.54243216095 1.28660510197 1.94216562489 1.31415930202 -1.46467153557 1.81782208887 0.978390827948 1.51128824611 0.414455781263 0.106934058212 2.98855196347 15
118 10018.4458342 -5.82094169199 6.68020600824 2.92901636513 2.19563914176 0.840951083664 0.0506288708239 2.88674432931 1.52063760682 1.9252465309 2.44359117563 -2.40805162321 -1.6703471372 1.39693786979 -2.92530873303 17
119 10094.9509544 -7.36552714477 0.701727148544 -4.21420942298 2.87877108549 -1.99193948252 -2.22329933415 0.826990733184 1.4380504953 -0.9130906226 -1.00202287937 -2.89816073581 2.61637170682 3.03721200208 0.960234529228 25
120 10185.6885541 2.25428495347 0.104169201914 5.28517084509 -0.285130658895 -2.52308489927 1.16078008196 2.23322396939 -1.67057197878 -0.606485264985 2.47531861603 -0.64035131644 -2.44998337019 -0.455890800958 1.20638410514 27
121 10314.0878076 0.531620014908 5.77069586065 6.07691361288 1.1353300401 1.57514594876 1.50727223742 -1.15532769531 -1.53773623443 2.25739910218 -2.7648119521 0.486716495402 2.07659615027 0.294591781293 -0.330732524687 9
122 10360.4720058 -3.98054060969 1.14731685411 -3.23750935402 2.66984742677 2.0355585906 1.73298604619 1.75476440385 -2.35096998769 1.55915871003 -1.18375641525 -2.52553361081 -1.17378895684 -0.255651112627 -2.77997696387 22
123 10420.3003366 1.3442986495 7.37796311773 6.08839939515 -1.36144035017 -1.8109862507 -2.48801285051 -1.2401019299 -0.459388864416 2.21455135989 -0.803324686914 1.51133933786 -0.95080021502 -0.00469915120328 2.34183977266 18
124 10437.8349271 -7.02602559393 7.35460136325 5.15513605313 2.93563070158 -0.367153807771 1.45868886141 -3.03003869856 -1.97872039737 -1.74492651402 -0.152197858066 -1.05779698551 -1.50789287613 -0.427346156571 1.92163930007 17
125 10446.9775123 -7.45936481398 7.69360384707 1.98909554441 -0.110718106498 0.583121883062 2.59846555239 -2.43663670071 -2.10192804698 -0.922976116254 0.0378923211143 -2.55416624791 -2.04723824916 -2.78526484856 0.446471373174 11
126 10487.050661 -2.62309432789 -0.563454376451 -4.67225896193 -2.43570776576 0.370076117036 0.686328509538 -2.22404735218 2.13441100835 -0.931984816315 2.2983295047 -1.24151237224 2.18694067467 1.36668969669 1.30919376322 22
127 10568.3264308 -8.26197746716 3.98598684606 -4.13573241934 -0.547123858484 -3.07129929878 1.23003945206 -1.73104146456 -0.151946985109 1.59924471987 0.676062268022 -1.01737335075 -0.923571637541 1.02913986319 0.472372711238 7
128 10628.2689517 -5.24794985755 8.20481358787 -2.0095686565 2.53370035261 0.0987602744027 -1.16975990857 -1.11198572097 -1.541272125 -1.4003465158 1.71158116079 0.0418793646585 2.17285534554 0.886585224711 -1.86876564903 16
129 10677.535736 -3.52868171322 8.15626617273 0.876695566839 -2.75356761768 0.416533249075 -0.487548739692 2.86825759553 -0.70029831962 -2.19304770498 1.49210490771 -0.91717107992 2.87098459488 3.13690116314 0.425639133213 10
130 10700.4398125 -5.58497588719 4.73031969538 2.19401304178 1.81548273785 -1.61151146328 2.72804551322 1.01736521746 -1.97010329732 -1.78130778313 -0.925516939347 -0.650610999958 -1.13925711339 -1.13458921925 2.73372829573 2
131 10830.345127 -0.369223546399 -0.62323017919 3.64011672951 -2.8922125642 -0.916805104867 2.00901742589 -2.95298598111 -0.312273778198 0.127339523186 -1.41918232092 -0.469181178682 2.01868129914 2.33821106219 2.28582705404 27
132 10833.1836875 -8.40490936833 8.96922212749 1.77436239633 -2.33832914568 -1.13143063462 2.57921692565 -1.67727043531 1.56520964359 2.76860490209 1.22388614687 -0.783734641166 0.370552681346 1.2884442246 0.453441594243 11
133 10905.2515318 -2.8386892592 7.14553860961 5.24248082588 -2.73447299901 0.802032699356 -2.07320573465 -1.18045022018 -2.02769771028 -1.18723505313 -0.601662522688 -0.518503487132 1.82423023918 -1.44334527849 -1.69392387277 14
134 11034.4001073 -5.55566866752 6.60042400935 -0.0440986205887 3.12496814155 -2.75322678086 1.53277387496 -1.50123085855 -0.546281882466 0.785129308162 2.10206639965 2.57278599572 -2.76999168027 -0.704513160454 -1.68345930324 11
135 11290.5693578 -8.36781237209 8.42573899445 -1.01816292075 2.61738124548 0.859195832922 2.67877318558 0.157810423575 -3.12391493202 -1.90445126945 -2.1983869131 0.0347204853321 1.15215201147 1.04748927236 -2.63974024053 11
136 11394.9487234 -7.09477093894 3.35423236316 -3.69786530953 -1.87116027242 -1.78394223357 0.605976291221 -1.33699593401 0.0930728491335 2.5757650427 -1.65282571987 -1.10091694784 2.05824229264 -0.104567542266 -0.191538257102 7
137 11438.1267159 -7.96058437177 2.67709149598 -2.10702471529 -1.05674541641 0.403974144296 0.145134252996 -2.20541482172 -0.00321501611607 2.36034316112 2.36394700522 -0.503515246735 1.25248529838 2.65966503936 -1.02313171726 7
138 11585.1916558 0.592305222746 6.56501789349 3.16095866818 1.08410097745 2.82020035456 0.220319544317 -0.284684023201 -0.625261895036 -2.62584985712 2.40943678868 -2.83952705131 0.162905332484 0.049448973015 0.999452048517 18
139 11724.789659 -4.67181858405 9.21193311156 1.26972590681 -1.22618084328 -0.188327051387 -2.4142132308 -0.165456267441 -1.59758364415 -0.666071094576 -2.63769296976 -0.902304971918 3.13303226837 -3.00592649322 -1.22702156 10
140 11852.8145786 -3.96806755868 -0.172951106105 -3.68315347892 -2.1710999384 -1.2500849948 -1.73119427215 1.24830055012 1.64630083246 2.74057981831 -0.99441787476 1.45015631996 -2.44515173872 -0.826456034663 -1.89535706695 22
141 11914.6972015 -1.83887764646 9.60813135389 -1.78153980635 -2.16755291635 -1.34950229052 1.99665454515 2.27111477761 -1.02527966422 -3.01096881742 3.11432608311 1.2037074497 -2.70808779138 -1.90439599058 -2.2242973152 13
142 12001.4475006 1.15733790677 9.24056075063 5.15675827174 -2.47822299105 2.47009339404 -0.430389391082 2.20826733687 -0.0305353260731 -0.532109980468 0.0754990282114 -0.276717545608 2.68346480584 2.81679788379 1.70293719331 18
143 12152.6761706 -0.0989589884059 5.92312396746 5.63775206032 1.64071631665 1.20687375786 2.70363525411 2.70550812519 1.51981864896 -0.25171368616 2.4440538536 0.267842841177 0.749877336423 -2.82053220917 1.76775790064 9
144 12524.2086215 -6.79539513153 6.40975684614 3.4800116841 -2.81907021732 2.02512537422 -0.846263793541 -1.61147066882 -1.03828977562 2.8754279098 -0.67487429774 -2.34778471913 -2.51887936538 -2.50574370504 -2.33905574287 17
145 12588.3320564 -1.36494641321 7.18467765356 5.72988485388 1.07286048168 1.24707215111 2.6949036791 -2.83097137483 2.1619594242 -1.26277730873 -0.0358808241845 1.61497532609 -1.79850285972 2.10610653398 2.62567471071 14
146 12613.2654759 -8.58095869181 8.10365161106 -2.21842567837 -1.43936964253 -1.45260924111 0.620337135459 -1.8998527421 1.99891030811 -1.75788953716 -2.67448141696 3.01522112994 -2.06087931928 2.99552545952 -0.777590278116 16
147 12887.1274241 -4.50455853987 9.51656572042 3.99286196585 0.398258110532 -2.92362837502 -2.23109428256 0.190720426429 2.68890672727 -2.79149550639 -0.672444032413 -1.54581575857 -1.59429339506 0.378676321688 -1.06033968842 14
148 12910.9266293 -6.04803937484 7.23507789104 -3.16023389255 -2.56880849921 2.00536502772 -0.485631057458 -1.19214217918 1.42748017412 2.00872825154 2.59330994548 -1.92975580339 -2.94435694798 1.96122951568 0.979891939132 16
149 13370.330603 0.202634015458 8.57617704684 6.00885018401 -1.92655323726 -2.51002267517 0.537244775456 -2.56669380072 -0.0377335561082 1.91090528586 0.302464290504 2.21794126643 -0.0897079663214 -0.80272044564 1.88901668196 18
150 14263.6502493 -4.15556504953 9.5796030143 3.50613922605 -1.70323844133 2.7626458177 -2.70975819956 1.28209596476 -2.77195573176 2.03348810376 2.13298927419 -2.76747648982 0.452712628667 -1.72886189078 2.43294995313 14
