 -5.15684562272 1.76814611089 -4.06765406836 -1.37239554195 2.60166937323 2.14107801907 0.502458962678 -1.27412212265 1.0455692679 0.786626644732 1.37319275528 0.00585941905342 3.04779295356 2.22932103872

1 1217.73675311 3.304783238 -3.14545453114 4.76890620928 1.47004511497 1.9998449915 0.313335157929 0.712501706892 -0.642704995119 -1.79209177213 -2.90195102259 1.9221436104 1.32956928006 2.02039773689 0.388482024281 2
2 3358.58364045 9.75451693447 -2.88287457103 5.44721901197 0.626253690574 -2.86163399658 -2.77998558956 -0.0493850381247 -2.95234562954 0.572184618645 -2.47030706691 2.19342077261 2.80108297995 0.337427102458 0.357412619112 3
3 3657.14131789 0.655554476115 -4.51725247373 5.45231377036 1.30035616629 1.33778795762 -2.26843800991 -1.7429065764 0.00781259257012 -1.59059751205 -3.11765340143 1.66630131804 0.91596173757 -0.809054931256 0.0101378961783 20
4 3799.10901179 1.23922856014 -2.86593474534 4.34148935232 0.758017249759 -2.91928961234 -2.42773250585 -1.41052147038 -2.00928564653 -2.06079920483 2.18955253074 -1.30819763717 -2.60485247759 -2.45858611753 0.324240940097 2
5 3822.71183507 5.73913037546 -4.07182802673 8.52899248739 1.3604978587 2.55686574743 2.51930485551 -0.640249379117 2.35311616026 -0.270737329872 1.13768881434 -2.14060800981 0.239218199069 -0.559844011669 2.31033659895 23
6 3960.96254458 8.73786785247 -2.2533778028 2.52520457135 -1.33992052307 -1.33093875932 0.0373064289389 2.53879614734 -2.01040111069 1.97032275924 -1.50354892977 2.43902704913 -2.96036752725 -1.39037983369 1.74070275184 3
7 4125.33017484 3.07649696209 -4.76305254507 4.77893420801 0.966876323754 -0.0262713571076 -1.28450528447 -0.280297458848 0.589909812383 1.46756968723 2.07197210546 -0.481177381998 -0.483695739369 1.4962369445 2.73617980725 20
8 4239.03789541 6.06731999197 -3.81151586948 3.49055367078 1.4626920238 1.14442422941 -2.66008973683 -2.6621701629 1.39946231594 -2.61654303015 0.0394537529979 0.484817340818 -0.605970170721 -2.12630374142 -0.133766985228 19
9 4261.18778058 5.78982055669 -6.86028580563 4.88984908461 0.570676641634 -2.64495084168 -1.2603787437 -1.73949436654 1.24458350547 2.6703458599 -0.748191728057 -2.20206117801 -1.83318539112 0.388876499735 -2.94675872804 19
10 4473.047323 5.47144807634 -1.65329660164 4.46046151942 0.916970357173 0.111678419804 0.758770833074 -1.41751905404 -0.454136628164 2.53419020303 -2.60737571375 2.67261822993 -0.915883894898 0.834949765465 -3.11015785358 1
11 4891.71425104 8.18267751642 -4.77651766465 1.42787006795 2.79574909695 -3.01709264301 -2.42819358961 2.35059046896 2.73588323865 -1.98304026144 -1.15623053088 -1.42047295899 -2.74401424097 0.606632912766 -2.22094225057 24
12 4964.26410331 1.19685559006 -4.83778409136 6.35026129186 0.881171713615 -2.77793457088 -0.65469879588 -1.83365157136 0.516594507617 -1.11225347044 1.03320691222 -1.63501937588 1.05871048516 1.87275256164 2.89634876664 26
13 5042.63290941 4.18222948148 -1.40363102997 3.20622434019 0.697959709531 -0.88518032915 -0.96669005326 -1.65359611116 0.962516510608 2.86389644488 -2.68190614309 -3.03871516424 -2.32309937734 3.04738498263 -2.04442041086 1
14 5167.39050619 10.6353098196 -3.29305929987 2.27539279768 -0.73212931252 -1.96966375829 -2.13041019905 -2.40942245606 2.20549702687 -3.02426238846 -1.15379416422 -0.152384739367 -2.71385944155 -1.17550663744 1.92432821898 3
15 5194.69318989 9.89403676403 -6.06648191975 4.53843225337 -2.86332521156 0.9776065717 -1.90172893332 1.17671604496 -0.0327294043679 1.83405249599 -1.22477202144 0.658957737023 0.628895867655 -0.679489099146 1.03056359482 21
16 5253.05860467 3.26942150494 -0.925971091131 8.85501385461 1.32758069632 1.56155788437 -2.36454336963 0.331041926486 0.574208671882 -2.99615320576 0.413010962209 1.16401398596 1.8670738108 0.131704495553 0.489503004893 8
17 5262.85781671 2.65685743983 -0.728698946444 2.90112010176 0.183414989544 -2.06450272187 -0.278967882218 -0.312785815802 2.17682934118 -2.90187174751 -2.40137878486 2.97696272276 0.220696811741 2.1500970344 -2.77763283638 2
18 5271.13227241 6.94790945823 -4.69262198211 -0.247591383302 -1.93487510012 1.80963918941 -1.01812635408 1.61074982521 -0.0711178814931 -0.383443285245 0.689620908371 0.274484677664 0.42599639489 0.0263986602553 -1.68094907963 22
19 5359.00116846 5.86105470941 0.999507130745 5.53689152996 1.65953752963 -0.804183511767 -1.87370168679 1.72007806765 -2.07331824705 -3.07103534386 1.29874894777 0.582044358551 0.403753430624 -1.27468213124 0.655704282075 10
20 5359.25298683 6.24486545349 -2.64520097101 0.626462224783 1.86074859475 1.41929890296 -0.342173112745 -0.811107212929 -1.6958306974 0.16712012168 2.36922464284 3.01609559996 1.89240122509 -2.85464394422 1.08547450856 4
21 5394.61013366 1.20017780594 -6.23735799271 9.01856245545 -0.0921022146389 0.0918612550036 -0.967448020404 -2.42249932908 -1.83949336092 -0.242327414468 1.8399426311 0.0425168093299 -1.1181488919 1.10255440958 -3.02927405508 26
22 5401.86759596 7.21773218884 -0.728017748348 0.916448860443 -2.14829585533 -0.926140521437 0.204543407873 0.0857662014401 0.903287725297 -1.71725573015 0.361254858882 0.925451212904 -2.45977626258 0.126871682531 1.22681080291 6
23 5454.26696738 1.31474995049 -4.82684196009 8.19759917573 -1.82340126723 0.988406401906 -2.48084595073 0.252801546807 -2.91685753236 -2.93024065461 -0.138402726379 -2.60748003002 -2.13547581243 1.53988499694 2.23738149689 26
24 5490.74441668 7.07629269978 -5.00455232835 7.53304522152 2.10963595396 0.843381862115 2.44465026007 2.61328559626 -0.871931976611 2.9304221807 2.07052069959 1.12998093268 1.1677353443 1.26938889827 -2.16734883406 27
25 5537.60669199 6.46222809094 -5.33979303901 0.150626753159 -1.44097756402 0.457751909938 -0.927359158343 1.13333241022 0.191807036111 -2.43601492548 1.66900935414 -0.938587693781 1.06583488381 -1.41496130069 2.65120379736 22
26 5576.92071012 0.258256145226 -1.93703711091 6.47278479266 1.09208963965 -2.87550553642 2.3658674073 0.636883238329 0.126022393177 -0.888358143734 -2.76989595854 1.13358711868 -1.55455198132 0.829610537437 0.995096597409 8
27 5679.89286641 2.14999494937 -5.762170911 2.70427437742 0.70260446804 -2.20394111164 0.35246734739 -1.10287594731 -1.46262839885 -2.39241198117 -1.83594773946 -1.32879308795 -0.753151921432 -0.530513640296 -2.75667647489 20
28 5782.38941844 3.66692588193 -7.10643978594 9.17713584951 -1.5863426219 1.93534286534 2.00793379148 1.18749151382 -0.145414249311 -0.34927202261 2.30850347846 1.11955869578 -2.1469134578 -2.96797643398 0.0432083546972 23
29 5932.49232993 10.0014591939 -4.00274416149 7.44376400299 0.527590402452 -2.56600959605 -1.90914419764 0.611779854953 -0.640445244628 1.07952533021 -0.206016351592 2.66216828566 -1.47917804193 -2.81596091801 -1.79238761008 27
30 5953.91199631 7.89963652552 -2.97382057643 4.44625293271 1.96859714315 2.28081160875 0.323972214849 1.73636675465 -0.132968907081 1.23150362638 -1.89904559226 -3.06024385813 -1.15296406701 -0.13179000261 1.25751137056 3
31 5972.89936712 5.86111807508 -2.70522619526 3.66385725859 -2.21545874764 -1.84178677527 1.74471533658 0.0509213877127 -0.0207291883103 2.71711542302 -2.05133003917 1.32659917567 0.0998716171865 -2.64491254155 1.22746804724 1
32 6004.62376514 10.4050028771 -5.35428805212 7.25266227553 2.96977305713 0.914988803093 2.53076692382 -3.08756444819 1.20115838831 2.14053918925 -1.58320113525 1.03212630646 -1.25693297331 0.57607051793 -0.828838276928 27
33 6043.24024209 4.20175666208 -2.89128867546 2.73453653375 0.4846690007 0.833001673486 2.72815973001 1.36875076826 1.74328812598 -0.763501524521 -0.919742032565 -0.394266928737 1.16495850849 2.52793095608 2.91936319066 1
34 6074.19302918 7.89423649105 1.59573427688 1.24145405417 0.60900441589 -0.054402022444 -1.32616874221 -0.88522400641 1.76576661443 -1.28795246987 -2.93990546004 -1.97521464049 -2.45942918754 -1.09148913745 -2.09465744937 15
35 6164.89265137 7.82498876422 -4.12303907544 5.41493571418 -3.11262908463 1.77208752301 2.26296701344 0.0885607360813 -0.436546063011 -3.05288578189 -1.09639081614 -2.5398995863 -0.788793125589 -2.69414665494 0.627784483359 21
36 6246.02428066 8.67155244315 -3.42049200276 2.61210719593 2.59752659016 -2.98200409895 -0.551167657103 -1.39752549441 -1.56154107776 0.03052274496 2.01525877754 2.47326288969 1.31953223215 -1.59492723662 -1.70091843884 3
37 6325.94362025 3.90386119352 -2.42562330675 1.04936247026 -2.30251183363 2.27281038881 1.86577213457 2.02435174345 -1.09360048032 2.38360541654 -2.11493879061 2.85874724528 -3.05946179947 1.62387249898 1.27111210431 4
38 6402.02576046 6.89819859561 -4.03661488999 6.97120223498 0.420614108573 -1.20453705996 -1.37216496116 1.42630801243 -1.45814759097 -1.97164315739 -1.70059990398 0.189950219831 0.0562990704849 -0.599979591017 -1.96040479865 23
39 6428.76868659 6.60154018164 -3.80783374984 7.79571258931 -1.62104814512 -2.45045214008 2.1600657594 -0.534025190836 1.88519492681 1.36544009697 0.311536267462 -1.45218046487 1.30597229917 -2.38807801753 -1.54648727805 23
40 6506.90277458 9.29574623929 2.60335048348 0.341277702405 -2.8980245021 -0.598001711676 -1.95142392353 3.10254222971 -0.206817780898 -0.0342702669308 -2.64272562999 0.927295869045 0.427665906873 -1.72346558821 3.05351082485 15
41 6643.7981368 8.1451409258 -5.33678504652 7.88911708441 2.47567242107 1.29002997043 -2.97221997655 2.79021738972 2.14288230294 -1.39362050644 -0.68772860482 -1.552628561 -0.642016651763 -2.36757090049 2.06286264408 27
42 6722.35670156 9.53575387772 3.33086083608 3.61224119444 -2.88523731167 1.32182793589 -1.14646196377 -0.920585232191 2.75665797233 -0.0674337483257 -0.946531175541 -0.497236759272 1.64931970608 2.9201775825 2.77450171462 12
43 6787.57545211 7.39282487804 3.42224312086 1.58155479337 1.87569547778 -2.01872659386 -1.1620934945 -2.71549899042 1.38862129176 1.31153451936 0.436768137941 -2.85661869785 0.744159535436 2.50952406531 1.76198846868 15
44 6850.6264651 3.24945253189 -1.1254802046 5.99670371528 2.09278211419 -0.688304363605 0.851148597453 1.06512505167 0.547070344852 -1.28158257475 -2.71715661917 1.33941123034 1.50572674874 2.33617726183 0.158691814566 8
45 6872.42629579 10.3697237713 -5.38338181006 0.615880517599 0.997403221555 -0.962421468244 -0.543418808683 -2.47964681792 1.68841601206 1.46469944632 -1.68573782291 0.14719567711 -2.80783960046 2.38470408349 2.28459109292 24
46 6898.70342079 3.3122528062 -4.51809871868 2.16210214686 -1.4290902247 3.00836064973 1.14086211758 1.48484800697 1.92697260443 0.650371390432 0.0051386895717 -0.794465732418 0.590117294737 -2.68911447299 -0.350424089379 25
47 6904.36144911 10.3000275244 0.308969529082 4.46134042679 0.706821355981 2.30136337348 0.276964161791 2.21182318584 0.52774428746 0.929797699168 -0.125362349315 -1.17568858094 0.360779164056 2.76477206204 -2.28613373355 12
48 6950.07315486 6.71715372852 -0.2518784108 9.50476465248 1.53965516138 0.824831352252 -2.07361503276 -2.38559266023 -2.32517051155 2.64153691544 -0.630101820057 -0.797597256745 -1.95440145627 0.683487684868 -1.89922953817 5
49 6951.10578585 3.37454209468 -1.93280861996 -0.258297679543 0.326015704866 -0.922383539973 -2.46307093455 0.282912282207 -2.11673748712 -0.0744420102381 -3.04465146315 -0.564993885194 -1.28797469685 -2.21643400311 -2.64853046963 4
50 6955.64889637 5.44107118351 -7.15187386852 4.15349012331 2.27689254082 -0.368434824103 -3.11963898703 0.703468524822 1.54007014478 -3.0772323365 -0.704043615198 0.446313531365 -1.89968287671 1.2579395826 1.62026238839 19
51 6996.79771003 2.77311740899 3.39350185081 4.65021987545 -2.80349887759 -1.7248444208 0.932071506802 -0.537607817675 0.23451265814 2.72652777482 0.112453313507 -2.31659815803 -0.512596877979 2.25688157597 0.90477423864 11
52 7004.89033505 4.55655550058 -4.39065108663 4.95578900663 -0.11222916268 0.355504497815 2.5923789195 3.0227227164 -2.73752173451 1.61122818839 -1.99245691305 -0.0845211567132 -0.0186187416374 -3.06888823963 -2.11769698605 19
53 7026.03044976 8.46675337129 -2.39097124975 2.15607866431 -2.26950320455 -1.16248824872 -0.0870910094375 0.267103188989 2.66572581599 -1.03227967702 1.80181746388 -2.86054141706 1.54293242673 1.1148730866 1.61464177605 6
54 7067.07214889 2.52848019312 -4.45285461918 5.9205895499 -3.04966674542 1.44869016377 -1.62895896226 -0.748858476401 2.98702345772 -0.00947458189101 1.68648411363 -1.37581687163 -0.0661764545939 -0.208445517113 -2.69881102358 26
55 7069.89263369 7.80595579469 -3.51104180581 0.0271597146339 -0.893313489208 -2.11909348336 -2.29074559553 1.89617766901 2.24874268618 -0.0931047677271 1.03314572459 -2.92711486451 0.601088389565 0.221951909386 0.725078960362 6
56 7139.64044692 6.75722075807 -4.39718097654 1.76198158451 2.29446884784 2.15748595125 -2.48863319726 -2.27626373785 -1.04234980752 -2.36574461308 2.53100901829 -1.55506187304 2.21282794201 -1.69380202191 -2.84502474457 22
57 7283.0439297 7.43525075556 -2.33191170704 -0.187510292615 -0.5943478751 -0.855620627128 -1.81300881252 -2.25912573102 2.53356709181 -0.189827886516 -1.00244421225 0.259194113992 3.05537137702 1.39705909571 -0.696182977308 6
58 7288.89322986 3.67622023278 -3.20332871657 6.80993294466 -2.30151140499 2.87702335396 2.72297150665 0.564064183529 -1.89971022627 0.0822648570286 -1.97410624733 -2.30997059258 2.4310295931 1.5695482453 2.99399489406 5
59 7297.87368325 3.06617501308 -2.28387368441 7.84115289792 0.618739819708 -0.685706377099 -0.353043662697 -1.03190768683 0.957410709207 2.94158062124 2.50550542977 -2.56883955663 3.09127629004 0.729520068565 2.27830892407 8
60 7366.80306535 3.69361869645 -0.51713861761 0.645833997906 1.84290886722 0.648527975944 0.178787639622 -3.06049320745 0.839956440538 1.36696096051 -1.8218221556 2.43431208714 0.0871267259092 0.0407086490833 1.74958696645 4
61 7393.83048256 9.92386657157 0.523050209243 1.74441098058 1.92042710403 -0.283033351454 -2.0622762831 -2.7826036993 0.383732419887 -1.54454289775 -0.0279529812054 1.65395636336 1.67850891533 -1.12627906305 -1.42000928909 15
62 7424.29278274 7.83462900261 0.819721615216 -0.40510527501 0.204647219001 1.34971409319 3.08996549991 -0.51916050335 -0.410915909673 -1.02628266701 2.38410861446 0.839953021993 1.49932156445 0.562286539086 1.91327715019 15
63 7504.58804665 4.57841926836 -2.97063873813 7.64230790959 -0.93356277685 2.23370663348 -2.06051225905 2.25488895726 -3.02313990599 -2.56624334718 1.47032514087 2.01645150054 -2.65812187421 -1.56262555853 -3.12634415044 5
64 7504.83029146 10.0278314189 -0.327467740566 1.46830095966 1.8025747199 -1.92896809864 -0.92253900944 -2.97265501071 2.53082244706 -2.6525526439 -1.70846114871 -0.600981053031 0.0511759779622 1.82854830593 -0.479630993915 6
65 7603.68447992 5.01850349222 -5.25814532825 -0.743464984692 -1.74780447886 -0.55472801949 0.659348484414 -0.82379828196 0.893471088829 1.7026500638 -2.68591203674 0.323464785234 1.24336708053 -1.71817988918 -0.923419483565 22
66 7655.38414966 2.78108705785 -3.85145545444 2.06578207303 0.319538634045 1.72899566647 -2.53131524191 -2.9278061899 2.88300070968 2.68490044238 2.51464613786 2.25416546645 -1.84662870569 -1.11579520538 1.66408527595 25
67 7676.84514531 2.46561386573 3.60273804463 8.96540194687 -2.41313497964 2.93808111139 1.34231896754 0.742903819059 2.61327553661 -1.20640853995 1.89131947676 1.5698629924 1.42748182808 1.20847487462 -3.06674754507 17
68 7743.18053354 7.73652408979 -3.64744209637 -0.00874284245251 2.01049073885 -1.89371859301 -2.5164777402 -0.719693937141 -0.836188860599 0.17759303005 1.33500073553 2.04101184316 0.56405381086 1.5921258371 2.63750408453 24
69 7907.85216069 7.61320584451 -2.74187045199 6.87887987039 0.650194807721 1.26574401499 1.3518313948 2.49387413933 0.935263588906 1.94865329428 -1.57814566762 0.6594031408 -0.416097409358 -2.59544548657 2.73828436027 9
70 7969.50291493 3.74260224606 2.8927487818 2.13590223534 2.9497559215 0.742253447811 -2.78790392204 -2.88158692176 -3.01347170133 -0.445482524788 -1.90055839513 -1.30033667634 2.48773145929 -0.59555276352 1.96279495493 13
71 8001.47501916 1.81232394416 -1.86848324895 -0.019863164333 1.71268437256 -2.73709141889 3.14155891395 -1.41183927875 0.628879924679 0.61891025932 2.6188534083 -3.00450850005 2.14088056082 0.195223418749 -2.73763341236 7
72 8073.86287829 2.08866617289 -2.96003420478 -0.891425498599 1.39864423925 -0.3388280465 -2.54339905001 -0.111450534129 -0.972353086298 1.75869394943 0.799336328422 0.972655904249 -2.72096287628 -1.32321448552 2.58182828316 7
73 8104.70514308 3.73431818079 0.611632485054 1.34786766003 3.06512611244 2.0556052669 2.60706411346 -2.86700990236 1.2932784334 -1.59509454665 2.133835092 1.87279670681 2.86111788684 -2.93486137987 0.646091592617 13
74 8119.24629415 8.91874365491 3.05337514816 2.59976645622 -2.50352078088 -0.191831625952 -2.30232556641 0.627534143737 2.56309738182 2.80391952081 -1.21561209215 0.71835347921 1.20490569971 -0.847284428583 -1.91999519551 12
75 8123.96316694 9.31652606452 -6.50941947576 2.77455371786 0.415068938705 -0.192268550347 -2.45979681655 0.919604736838 1.71646525616 0.485615333847 -2.91996952364 -1.80102380265 -0.751207032015 -1.85280265105 1.91893283922 21
76 8140.65956264 9.50636992601 -1.46986819397 0.996663764334 2.94674859364 1.28009848061 1.17355409343 1.91411021898 -1.98977849491 -0.558437285984 0.892761018542 -2.03436296761 0.339384171418 2.22084817017 0.685556586146 6
77 8153.93029034 4.90019075973 -5.491618752 2.74941163114 0.332922514447 -3.00311056899 0.148661191571 2.16792827542 -2.56778321032 0.821659110791 1.91820891626 -2.78490215862 -0.740329861335 -2.53921327279 0.298666268307 19
78 8208.33568332 5.7151503657 -1.41383095427 8.41644294171 -0.590484590767 1.55628292247 2.6425299306 0.203392455176 1.41244371324 -0.784783647957 -2.07650994712 1.50016828317 -0.0744728717595 -1.35913984519 -2.52308374731 5
79 8269.04360729 1.9315322928 1.88858764695 1.25053046016 -0.533929615307 1.88097718436 1.35805369566 -0.661427805216 2.14815862167 0.840889936417 -2.2711341099 -1.35233742476 2.31034280767 1.81134994631 -2.36459437948 16
80 8286.77149518 5.9949637604 2.43553624382 3.59865249764 1.83638311523 -1.93824913514 2.86684008412 1.47248398154 0.497102774931 -0.0398512083287 0.46527942816 3.12238007258 -1.36958409352 1.54788690692 -1.49477672812 10
81 8294.9522246 8.72284878392 -1.29924710248 4.92363118067 -0.631176792468 -1.25744627426 -2.0588737957 -0.620938479288 -0.381444917859 -0.717976695068 1.33567480108 -1.08562146112 -0.11502277116 -1.07655859356 -2.77936782356 3
82 8338.9256293 3.13026728743 -0.44120150073 3.16519733882 2.5213098629 -0.0519146006881 -1.396490771 0.670097880958 0.384668250686 -2.52956301428 2.00140960866 1.43765177119 -2.70937622136 0.201376122933 2.17992582289 2
83 8344.94406398 10.4505803215 0.339273870222 5.78586099782 2.45841858664 2.4803602785 2.33732216851 -0.236022918436 -1.40357596861 -1.11173454203 2.92113753493 -2.66457609019 -3.05781484003 1.4361402087 -1.53686567979 12
84 8352.58513144 0.316002500507 -6.74110563828 3.37664556211 3.01138260468 2.10400227477 1.86063116556 -1.20740366892 -2.37415102062 0.0860319158983 2.13594082801 0.218639573566 -1.90165039646 -2.16061118435 -2.0015444206 20
85 8375.58768722 4.3736401389 -4.45589771114 6.24845729864 -0.96336130446 -0.782949765789 -0.111921963574 -1.65792896585 -2.08205585262 -1.50487611779 0.557045370336 0.20272824326 -0.596102169387 -0.978463453639 -1.30453407743 23
86 8377.61913778 3.90966931226 -1.79733774329 3.33510994366 2.76567425034 1.72556341739 -2.85777252634 0.461676953426 2.7761637737 -2.30550273763 -1.83647782891 -0.515659985082 -2.44280428304 -1.54234722698 -2.9364467668 1
87 8481.56903618 8.81020389097 2.75852391638 7.65143028854 -2.3272854146 -1.74184781248 2.51861663082 2.87655363787 0.156155419851 2.70978988328 2.41784967837 1.34304286387 1.05947727275 2.13001928119 -3.08585146263 18
88 8582.36201129 2.04115325595 -1.83300373795 6.41877579398 -0.989666653633 1.17666889789 -0.645392220118 -0.182233437264 -2.32640103408 -0.225504211564 1.58305685316 1.9436804462 -1.80566943117 -0.497746584997 0.0551723473558 8
89 8596.41488 5.80663229808 -2.09754379521 0.0100689234241 1.93403298404 0.631867691153 -1.90104152819 0.509617387644 0.543294663748 2.05477239723 1.55766547917 2.82120645251 2.96835843166 2.20412594874 1.5733603 4
90 8739.88019094 7.94475116129 -0.517873945983 9.17964458495 2.2473761265 -1.1197903069 -1.0847002536 2.56057084408 1.56499773711 1.40067500718 0.935477224424 3.10261983624 2.60779419747 2.43048048314 -0.783819938258 9
91 8748.02380744 3.58708508752 1.19877988891 1.08039815556 -2.38230267454 2.64090667747 1.76647822346 1.61288219134 -0.645601844759 -2.38028198455 -2.10380514905 -3.08881492492 0.702842835531 2.0984068122 2.68985883477 13
92 8778.94587636 4.35992398807 -0.202535023106 6.60470356939 2.83990025722 2.46241804081 -2.41220057979 0.815648331531 -1.9615140112 2.51250687643 0.182356216811 -0.389663971502 -2.70117922724 2.97825996915 3.13121999502 5
93 8839.54579406 3.06310190279 -1.34914255636 1.01533444455 2.08466106172 0.392147541445 0.184626162968 -1.4672694097 0.183833403919 0.787924773189 1.51695715016 3.10097208818 -2.95255316837 2.54155838554 0.926751018068 7
94 8850.04473303 4.28181629312 3.46164992053 -1.1094010722 -0.420123214424 -2.12103976672 0.460465924502 -1.38541051041 -0.65855451351 -1.27534026534 2.28508366143 -2.68207303919 -1.56370329747 -0.549871682643 0.406146650977 13
95 9027.9398567 10.2417819012 -0.103242791958 9.20105851162 -1.00677103422 1.40799330115 -0.442011074448 1.3546334741 1.16629090005 0.991934231969 -2.39341656231 -1.83525607877 -2.5777752186 -3.04977130361 0.228095204618 9
96 9066.35577501 0.871424176022 3.44248399969 3.41855664068 2.46595767283 -1.17768301432 0.791762714836 -0.559400016355 -2.79944464259 2.52246227036 -0.235716455002 1.43065547101 -2.04025543618 -1.49335612452 1.24756711914 11
97 9123.99660532 7.9951162521 1.41902471973 1.62152018213 -2.6381855688 0.610601861277 1.37196391626 3.13204750287 -0.459940033273 0.722957214144 1.69083191642 2.34710812326 0.71992381502 1.74236227592 2.1137755676 15
98 9125.84451807 2.21033659544 0.486730898427 1.13135871997 -0.0450485193526 2.41102681892 1.83923909698 0.945327814539 -2.90499480369 -0.500076735143 1.96716005303 2.21319806796 1.9570576175 -2.17372940855 1.03064611856 16
99 9153.40959354 8.84043621998 -5.45781012076 4.82970547115 -0.846968188922 -0.0531323206896 1.57132602347 2.6644518851 1.37439481766 2.90213058482 -0.377418447695 1.36481234399 -2.71025460757 -2.31727303779 -3.06390044547 21
100 9278.37019646 -0.32230810582 2.75536117256 0.6414803121 2.30836917542 -1.58756914093 -0.836763043789 -0.381379101229 1.18324480355 -2.98777268128 0.177133979308 2.0171322442 1.60387160227 -2.59626756913 1.60165733971 16
101 9286.85291835 1.26316278681 -0.551941776345 8.06228512131 -2.40314111675 -0.49644835085 -0.934135164735 -1.21857612545 0.0965382942027 1.78328222463 -2.42707966931 1.32716447011 2.40790654362 -1.26185970861 1.17399215079 8
102 9336.76213381 3.93928455167 -1.96802415961 2.8823682985 2.42604225093 -0.66693700994 -0.612567338726 -1.61952306004 -2.9996531373 0.0990932142659 -0.342863894545 -1.50938316316 -2.33411855811 1.40761064716 1.78115433676 1
103 9345.02063816 2.14638288517 -1.36495326445 -0.84825427307 -0.569464113833 0.971180769003 -1.71969722408 0.566986791928 0.285230414494 2.40906921753 0.917436997044 1.49452943845 3.05177174216 -0.425431263449 -1.99036181969 7
104 9375.66607315 2.52255442718 -1.45275822711 2.03791194794 -1.71295645739 -1.70089865039 -0.559024618156 -2.20996659731 0.854878426255 3.04442024502 -2.63126482571 2.66219098685 2.56989619881 0.330024899157 1.43883259162 7
105 9395.75881739 2.04454051935 -4.81828526682 9.01960302749 -2.10106354678 -1.70584540236 1.93307554184 0.0653893604217 0.683112276089 -0.784887098105 -2.67352989433 0.594467692189 -1.15541743935 2.2269562152 1.76871864747 26
106 9475.88951469 8.27646873076 -7.08354616188 2.76047462269 1.4202358432 2.6011257531 1.07237431505 1.87397786179 -0.10624386127 1.23017511048 -0.922012372328 -1.51610559076 -1.18152886159 3.11522949125 -2.13198587046 21
107 9521.23711173 0.827324215347 1.61463700757 7.08785159786 0.419595856914 0.565004575868 1.40945976603 2.13877978791 0.325781989365 -1.11264140428 0.197150628176 -0.128439995312 2.27298583922 -1.19586721599 -2.56598024322 17
108 9562.86928334 5.76391545332 2.62286944406 2.73577265355 -2.05357069415 -0.994021155367 1.4973002843 -2.01219911196 -2.67927912685 3.11528150918 0.160715428834 -1.88597597934 -3.09319886776 -0.214561855381 0.723260722139 10
109 9648.07388141 6.69894702895 -2.07402084892 6.88912225185 0.0676177467954 0.623652978999 2.07608104823 -2.24471191163 -0.0778126759956 2.914191641 1.63346607804 1.26166735168 1.60189903363 1.95315067862 -1.71308070328 5
110 9676.84485261 8.48026640732 -6.79315182232 7.40049422843 -0.613339339939 -2.86203753837 2.74139079497 1.87260648675 -2.85227552315 -1.67859672054 -1.68768661073 0.508024624329 0.235195490024 3.12404612812 -2.50897570636 27
111 9687.77024369 7.91634466997 -1.6746111698 6.25876964474 -0.13934503754 0.753729846726 -2.68272453313 -1.59765961686 -2.07956556401 0.128048395225 -0.442315098481 2.05205302564 -1.38685675165 2.27445556696 -0.173538816918 9
112 9688.17195846 3.73954603346 -6.33075483609 -0.0575571815735 -3.09196268778 -0.280439817937 -0.807581755231 -0.230518805847 -2.42130658678 0.455897748993 -0.668341340197 2.35636794952 3.11820561961 -2.55175687128 -2.42022487453 22
113 9730.01749983 2.315897959 -6.12213635732 -0.371710850334 -1.611887306 -0.562740833035 2.41639543175 2.34523182763 1.04049966476 -0.974181956637 -2.65778689006 2.46475028239 -0.324123157412 -2.47134654435 0.487611089797 25
114 9730.02744758 10.4158989781 -2.92059245276 7.59984422063 -2.06714473007 -0.164056112498 2.04977412483 2.04674552588 1.53118706579 -3.00579440057 1.15126615723 -2.17466931968 0.609359227135 0.709952453078 2.8628734773 9
115 9754.04386443 4.37108045432 1.23792630829 6.25905321367 2.8673230092 -1.7188630146 -0.812437767189 1.43945405085 1.22857972043 -1.9468130986 -2.69063726931 1.05267291822 -1.58182907034 1.94927013749 0.783681829855 14
116 9813.5972735 0.457032559296 2.16548885674 3.97618298911 0.491631303178 -2.6508261487 1.82945748624 -0.817897238832 0.536292888402 2.36528078879 0.206959794544 0.653908337081 1.01058773782 -1.48435417942 0.220772302143 11
117 9901.61958633 9.40833685144 -6.32932622675 1.03098975828 -0.733719896726 2.32304320107 2.18770548447 -1.7487521038 0.888410188318 -2.94766890221 2.52434049018 -1.58844994405 2.59094861808 -0.841396114638 -0.383599683676 24
118 9919.78994951 2.0959537072 1.74756005095 9.44733431607 2.3073082669 -0.812991185654 0.0859982458281 -0.960832401225 -2.13253584798 -2.1404244035 -0.53265050875 -0.39270006147 1.06778770389 2.86251317758 -2.25191777788 17
119 10044.9615836 5.41784705746 -2.91526934627 -0.684933228415 -0.197019309642 -1.47838841288 -0.886697626683 -0.278142757183 -2.47828850205 2.33749800903 -2.862621424 -2.35266180534 -0.479727639676 -0.935260100844 1.30339590825 4
120 10047.4006767 1.90678329339 -7.06522630822 0.340887239631 -2.92607693498 -2.18622885323 2.18439488816 -1.13256850821 -0.585872134808 -1.03699904877 0.234666355268 3.05423351299 -1.40694062742 -0.0571052998663 1.6232746601 25
121 10074.2228516 9.92385254044 -0.567599448136 6.5459717353 1.63777633807 1.31877768606 -1.2665947694 -2.40471718965 1.9663846694 -2.2360233433 -0.453082443978 0.106227120238 -2.87387853487 -1.73316051527 -0.865755156926 9
122 10271.4816867 3.10572797178 -5.30500785323 1.77172691591 -2.57717128945 2.29195618054 -1.66199550659 2.56889281239 -2.31434646986 0.216636822781 0.986999923121 0.240770673176 1.26836582189 2.11177842633 1.65757456356 25
123 10300.4137512 6.88055230434 0.626716486778 5.66055298694 -0.043147517222 2.67580443729 1.88914505911 1.29274963044 -0.306556796522 1.97475732029 -2.2723895512 1.40355955253 -2.44658906285 1.05264871296 -1.53744197305 10
124 10330.687627 3.76385540169 3.4041432345 3.31885812882 -2.16271599398 2.15906326635 -1.05707188098 -1.73924308255 2.73050365398 -1.4984034811 1.15734880841 -2.81548315378 0.635920652767 2.86019656696 -1.29965879975 10
125 10367.0036439 9.25481199277 -6.9753957593 0.0922359220389 1.93939173125 -1.00124135934 -0.301658329223 1.83745185316 -1.22685444207 0.373187681084 2.41714749889 -1.50908477976 1.51598915619 2.57824049084 1.15950070081 24
126 10512.5236839 4.68415710711 0.408078864245 8.56032169216 0.512369231867 -2.5976406394 1.23574277555 -1.11554087791 1.662375207 0.159398543362 0.197063710601 -3.11348030506 -2.64638362553 -2.75213686143 1.64973600926 14
127 10565.7071718 9.29476116533 0.813306794946 3.23830739908 -1.0597984723 0.773737886457 2.34736587208 2.75250630618 -2.93276905638 0.239974418597 1.71717254195 2.20745975992 -2.84344453691 1.55024470951 0.187826450422 12
128 10682.2859801 3.20699301668 -4.0339850172 2.63295430612 2.52423766041 2.11689169423 -2.67913523744 -0.814814913218 -2.79635277872 2.88225748001 0.54938538146 -1.91919864721 -1.05314989544 2.91895357553 1.39602392028 20
129 10717.7524121 5.41186811289 0.53249054137 0.548769630949 -2.64794734309 2.02228706875 -0.136830024328 0.41050850663 -1.6872621212 2.55660270654 -1.92988644837 -2.76304638734 -2.00325443839 1.64231634137 1.1528335178 13
130 10810.0493931 1.08497234111 0.952442705458 1.77001982736 1.22142081695 -1.56579419814 2.34559649955 -1.11953491626 -1.95421724365 -2.30325352138 -2.01028611711 -2.18382484238 -0.231802526015 -0.518961077957 0.106384558563 16
131 10835.3610124 1.122985324 0.673957632966 2.4503851267 2.96180496417 -0.888616809823 -0.760440920144 2.47877915252 -2.21618273154 2.84044074152 1.65394591417 -0.636980099174 2.5306119515 3.11552793165 3.06835389018 11
132 11042.2308285 5.08265733387 3.56607012672 6.55406761281 2.63571605498 -1.82318733375 0.579233617143 1.41960019223 -2.93912193275 -1.79432691086 1.68187963389 0.419901759889 1.66403881854 -1.47202091892 1.7716322468 14
133 11043.4596787 1.03880142509 -1.75143532175 3.39828236075 -2.99023601368 1.73986323247 -1.44115323186 -1.50703703245 1.34576330564 0.298903906339 -2.45884548463 2.48848398435 -2.00521153936 1.99807193015 -2.20467021465 2
134 11049.8520214 9.97073220978 0.411093130813 6.60011391571 3.03612006931 0.543976313229 -2.69551807939 -0.32347799293 -1.75180359756 2.50605227811 1.13467142554 -3.02861667476 0.727854293577 0.0660311642489 -2.27472835174 18
135 11101.2438058 3.82823303698 0.848755129832 8.35327430681 0.33602059678 -2.75610444436 2.30606787138 -1.76409520634 -2.62696921403 -1.57198391939 -3.00558878279 2.53692166199 -1.38617317991 2.32116134313 1.97314760707 14
136 11443.6057159 3.59888354141 2.55395321764 4.60203327325 -0.701981752637 -0.800523604715 2.81293918294 -1.60137285769 -2.17058550055 -1.12688828233 -0.760731967779 2.7643991677 -2.28115420488 -0.773840274453 2.96206328318 10
137 11462.6080814 5.82879707354 1.07037418123 9.12451684297 -1.33775366048 -0.0720653092404 1.3140991379 -0.759282509939 -2.15154638466 1.4446830391 -2.28061323643 2.11731456149 0.2795162797 0.213564551227 -0.805598770509 14
138 11499.8979522 4.96357041872 3.00025158333 -1.19314953122 -1.30340674876 1.45632486204 -1.44656355814 -0.100121033365 0.749539427226 1.16659766608 -1.09296616946 -1.72639896275 0.0177245254369 -2.13652128853 -1.66808889655 13
139 11740.2307719 0.901965873529 0.362692559563 3.10344020178 -2.06351043946 0.77637159494 1.04583586768 1.39253563648 1.42591497336 -2.42092811073 2.73543222678 -2.0546020602 1.76030083143 1.01281074748 -1.78774309744 11
140 11840.4142521 0.55684717406 0.0554245885252 5.79135233888 -1.06593326602 1.33697411815 -1.44684400498 -2.93424762927 -0.10370959585 -2.40847722952 1.7700366341 1.8776060449 0.376358019966 -2.58756655151 -1.79377156679 2
141 11894.901472 8.76191666576 1.80012751822 7.82599403147 2.83894551061 -2.56350788561 1.27018470774 1.32811899467 -0.53593281552 0.289460206464 -0.304696168484 -3.03159143837 -0.499497354735 2.87175779355 -0.877550827397 18
142 12026.1772354 0.740140264704 3.28428518512 3.96382280746 1.45787784749 -2.24881327306 -3.0848534535 -2.25172301061 1.17630365327 -1.53916185118 0.382104244267 -1.18523283957 0.414907133224 2.95811045669 -0.0208900768346 11
143 12059.8052009 7.04674594548 1.493510509 8.11580032306 -0.0194945062953 -1.87460728151 -2.49209867477 0.118054348 1.24348987202 -2.92854985786 0.512984541707 -2.69483176145 -2.51361850489 -0.720976902258 -2.00946556154 18
144 12073.1014915 7.79932398806 1.17979977683 6.55807839961 -3.12321734399 -1.14111624415 -0.879367607555 0.63539455595 -2.81199514463 2.35195299682 1.90627999868 -0.3820555771 2.84268726314 -0.494121572964 0.538773506608 18
145 12118.1754919 1.5049542058 3.24830522618 7.52011278164 1.70487450835 -1.40637132817 2.27352819926 3.04906381145 2.48295518152 -3.07495255446 1.52951001043 0.754644578435 2.22507501835 -0.0233475115684 -0.385232833416 17
146 12260.8661755 8.18289529172 3.07895202284 4.02565514558 -0.467289352673 -1.71354114466 1.68582000947 -0.7193494291 1.93258151079 -1.94825817512 -1.16577141023 -1.17195602029 -1.15099668373 1.85581524329 -3.05763854439 12
147 12560.8219927 0.343928659385 -1.11831902283 0.203648390414 2.84184790309 1.41542722174 -2.2252602527 2.51968169035 -1.64862127913 1.18543372475 -0.111922860936 1.14910259196 2.01761935475 -1.05814462671 -0.787208006543 7
148 12593.6131117 0.767449396941 3.34808471602 1.99112138243 -1.7637945417 0.580742423882 -1.4469358158 2.40467003945 -0.199773872412 -2.95181849661 -2.14847768741 -1.52046976098 -0.927460636707 1.93417262805 2.01352415079 16
149 12784.1309485 4.61661535773 1.97992689665 5.9780291066 -1.77777697833 2.95621945411 -1.24472707358 -0.443503564466 1.37626657454 2.69995275171 -2.36701690722 1.52361939812 -2.11457399897 1.23564323825 0.931107168449 14
150 13458.6333063 2.87697283437 1.70212237202 7.07438692415 -1.28821166522 2.60779052179 -1.11157159946 3.08842255048 -2.87536418687 2.18225461829 -1.73612589351 -1.25415456685 0.125001311652 1.85438361084 -1.46991254065 17
