 4.92792591536 -2.82480848107 1.09149588785 -0.60520778925 -0.357112910328 0.597503272816 -2.90324503718 2.21681206752 2.11996506257 2.2017873592 2.51168697743 -3.04298515424 1.13218528169 -0.427341276693

1 2091.82807329 -3.60298100685 3.62044809696 -3.99806287698 0.658216373813 -0.0630565227568 0.313530900183 1.45884999731 -0.275544700817 -2.02084323839 -1.4339495949 2.75906925514 0.821250174269 -2.24515172634 -1.40898737228 4
2 2339.03834018 -3.27377754084 2.04595328654 -2.59564325047 0.425311050762 1.33176994496 0.959725016339 3.11602652753 -0.797529035062 1.96005620317 0.705818622558 -1.13734164557 -1.2798144271 -1.30846265132 -1.82613134608 1
3 2936.41700146 -4.3720475469 3.62932985274 -5.24616158219 0.630308901035 -2.28630910288 -0.458422450229 1.56489743699 2.38805901137 3.01528901538 1.58671313886 0.629135351698 0.487459596949 -2.67357452634 -2.81909701054 4
4 3001.33621947 -1.92456354618 2.66794721702 -4.3507710804 0.121617247553 2.10034044885 0.794825297043 -0.821571388421 -1.50787813025 2.34015435478 1.09776672142 1.48789964658 -1.45159527425 -2.55212795038 1.63906155904 6
5 3352.69534785 -2.25180025775 4.37440477903 -5.80453636752 1.10067423301 -0.969603272551 0.232195851027 -1.58539612033 1.39784426082 2.76143167822 -1.10289304319 -1.55041062349 1.57742091432 2.54291951775 -0.950955267718 6
6 3467.17274984 -6.71048795793 0.144890752006 0.734572345871 0.505338324537 0.154615512923 -1.82196969141 2.67424448839 -2.4924301301 0.0683834680985 -0.36608043977 2.8876936707 2.55944980012 -0.335298245558 3.12083178386 19
7 3666.09442396 -6.80320011972 1.64675919482 -5.20105049344 0.767761105313 -2.03190372286 1.14476823412 -0.687765484909 -2.3633645722 -2.10112388725 1.96110116678 -3.09720534133 -0.0577220623739 1.25165543862 -1.90450916425 7
8 4092.9825028 -2.88705862663 5.53596606338 -4.65126463312 0.856944625844 2.27150984193 -0.592582131077 -2.41142984017 0.799997351612 -2.81149860018 0.30253668132 1.66218287009 -2.84474229788 2.32473134381 -0.591116402478 15
9 4194.6932202 -10.2950955886 -1.40606491577 1.13067811487 0.170669378475 2.27239642822 2.73811616855 -1.46670525655 2.05298860607 -0.827645864081 0.48881480407 0.0234305465509 -0.381316977465 -2.22306597315 1.81460964862 26
10 4287.90999663 -6.95191849449 -1.95272137048 1.83602296739 2.84747353646 -2.36383645198 0.555649628247 -0.666604620775 1.37673892896 2.80563637386 2.02140735325 -1.01156497833 -1.3978305192 -0.368158706341 1.34240484769 26
11 4368.47354173 -7.74983055936 1.30980379638 1.57311469333 1.69468812436 1.87204599427 2.35775365321 0.880916816773 -0.731805846568 0.930739564954 -1.71001574552 2.2562868938 0.260016929614 -0.273835641734 -0.998295175594 8
12 4461.2637489 -5.63100018211 0.451017379617 2.98976421928 -2.3622965711 -1.86141825871 1.56457574731 -2.30475342831 -2.17302673373 -1.64743288753 -0.870510693224 -0.0730457665976 1.8186404342 -2.54953828922 -1.82351620874 23
13 4624.78239451 -5.80709820989 3.81986918521 1.84581619342 0.573712432224 2.05868993495 -1.9215958778 2.47369165534 -3.00969948552 2.94883197762 -0.00846857774543 0.185057646166 -1.69556467821 -0.405898199996 0.26083338635 5
14 4696.22716586 -5.81478231981 -1.84943989727 -2.59935519051 -0.00889369187823 0.74173186911 -0.660640206252 -1.98754990031 -1.79473325818 -0.660003172779 1.81022101654 0.189522556437 -2.95419633459 2.82321887746 -0.138044328844 19
15 4834.69756665 -2.0727119951 6.51604405417 -5.25929563909 0.97530268248 -0.117361665934 -2.85900750432 -1.03359401466 -1.71039056714 2.39358241278 -1.15492625791 -1.560537745 0.561287835259 0.870593187374 0.797393226513 15
16 4872.93972859 -9.46541735878 -0.0835408264947 0.511599545166 1.69653873342 -2.52003546791 2.03967057876 2.71731203723 2.90159041099 0.313295778411 0.923372949314 1.50188486816 0.624425635274 -0.637243132288 2.37055093794 20
17 5040.88087016 -7.82426253009 1.37929347187 0.410335906887 -0.00810345828134 -2.6308891438 2.67286303158 -0.545186752605 -3.12961977554 -2.66270905568 -1.99924939926 -1.04258851743 0.362008321811 -1.35512217854 -2.75214103525 2
18 5059.07147625 -4.04315186659 1.76162131865 -2.92396970655 1.45721868174 2.83352959953 -0.355475422546 -2.25889532142 -3.12935520124 -0.228829837355 1.70305067505 0.759127625459 -0.8037905529 -0.660795657951 1.47379435918 1
19 5064.37338109 -10.2203951782 -2.18065335805 2.94494277948 -2.53352158023 -1.56739261071 0.45921412777 -1.04803858298 2.68916757264 -3.02232062389 -1.04699425065 2.25674375705 -2.08199128669 -2.96194677316 -0.133632433893 26
20 5140.32292269 -0.0214042389772 2.09678321094 -6.06731954177 -2.92253957921 -2.40450912739 0.186497829975 2.21417184293 -0.870988669443 0.942335058465 0.280536384518 -0.448776212599 0.98550091648 0.875337240914 1.60497672902 6
21 5432.93213758 -5.50647937127 -1.92391935417 3.12775291294 2.37998407575 0.296687335958 2.35492817417 1.62264642364 0.501529673278 -0.105387833063 0.597562976131 -1.06465941146 0.576213607499 -1.29202162104 0.920081831316 23
22 5496.43430846 -5.25084174041 0.456381728118 0.667263460879 -3.09461778793 -0.923440190664 1.62132621852 2.63174014105 -0.245062047286 -0.903593332997 -0.198335550299 -1.9102970649 2.00670466119 -1.20354342605 -0.133405843986 19
23 5612.0771654 0.298542900275 0.493539089557 -4.94917035203 2.21046765294 2.65996919053 0.727816663166 0.440491475816 -2.53473874329 0.509808715024 2.76159470785 1.61321404573 2.64745566771 -2.37759569589 0.73141045707 24
24 5700.82477495 -4.26779888646 -2.50837082711 3.27653767848 2.49484842855 -1.46180907068 0.990619439784 -2.92141338191 -2.14713207429 -2.18203319354 -1.87391644041 -1.37824578753 -2.94166702877 -1.78811374579 0.199652206532 23
25 5702.45488687 -8.11451595182 -2.05939694357 -4.22592598743 0.658419240323 -0.444424144671 0.674053919528 -2.82437480215 -0.112444711293 -1.11717942342 -2.68003496143 0.206121270125 -1.51707717141 -2.69279639889 0.851721273824 25
26 5747.53301924 -6.79855675075 6.4593085928 0.339126455035 2.45296890056 -1.32121979053 -1.9988830372 1.05594084896 2.96622815066 2.14067733521 1.24041516449 -2.50677413946 0.144534137543 -1.83677745772 -0.2439072345 11
27 5765.13363668 -9.49086650606 0.359610720368 3.78724322049 -0.0916304517002 3.10840492483 -2.12744334824 1.05691074057 -1.47728848513 0.151256565295 -2.70321182987 -1.57930618176 1.24481615012 1.33619238065 -1.24205940505 26
28 5830.29139834 -0.777046447015 0.465085492024 -1.22691274017 -1.03814708512 -2.42523406594 -2.56472416591 -1.46712782418 0.955642548088 1.07087995765 -2.34593359232 -3.10315825123 0.369963691208 2.21430134728 -1.39629520978 21
29 5933.72216045 -6.36283445628 4.25504137567 -1.22765757188 1.52127276146 2.15726294682 1.04070875257 -2.05008258839 1.81061023944 0.650078349022 -2.10898596551 -1.70057715998 1.80715341286 0.784094349027 2.05413106249 1
30 5976.08055312 -4.2588975307 1.24434544535 2.2054029071 1.17448272588 -2.14887936604 -0.988843718662 2.48170278487 0.264936890242 -0.632036235994 -1.33966357874 -1.54579520587 1.26178784285 0.875696093106 1.09684551281 5
31 6069.48953781 -4.3321179158 5.79540886805 -4.00592708044 0.202124349394 -1.30208646572 2.29560973332 -1.27223815507 0.6260544577 2.63726661233 2.92915057394 -3.11533382279 -2.84678763688 -2.16994173004 -1.26097272454 13
32 6120.25563134 -6.0834288314 7.70021678779 -2.09221175469 1.9986656334 1.51725702355 -2.16870922888 -1.3422072735 -0.211667966307 -2.80119220651 2.851236826 2.9912655078 2.55541786813 0.0931382140502 -0.793751925699 10
33 6145.8976758 -1.55656659097 3.28310395405 0.653491055345 1.13272128185 -1.84934096117 -0.125879583968 -2.41246397284 -1.99318411731 3.01306573544 -2.78907570307 -1.6451690323 1.37794436328 -1.22105330656 -1.66574704005 3
34 6237.72939778 -5.60810221925 6.88611683114 -2.61003220235 1.67128050884 -2.87148040984 0.759985355413 -3.03253234809 -2.0557495143 2.63292778777 2.16340770003 2.97337869314 -1.69589851244 -2.06299971224 0.0901464223325 10
35 6253.52114529 -4.60816098853 5.55933985191 0.98322368945 1.02008824509 2.66038586194 -0.0526354891454 -2.31657092383 -3.06360201589 -0.783626645115 -1.98743627795 -2.61544131362 -2.54776787735 1.99525184257 0.391673823841 14
36 6273.61139638 -0.0665219838993 -2.58866775698 -0.514881079981 -0.230760934301 -2.44745893967 -3.13351637432 2.45395323952 -1.89291458917 -1.00885355263 -2.50837096171 -2.17533090906 -1.38785537431 -2.23111989686 -2.11039005446 21
37 6282.80964544 -0.593617894719 -0.987788006744 -1.54275531225 2.95153194764 3.12886187275 -2.12015707518 -0.723681401006 2.57722347467 2.31576663637 2.88434259761 -1.82555961118 2.98151789383 -2.0036603317 -0.941530323358 21
38 6334.4470742 -2.07566645366 7.58359939253 -5.22879440584 2.0440572878 -0.919204328003 2.51300746444 0.894093881355 -2.83920858961 -1.8191740325 -1.42280836947 2.17589122204 -1.01774250957 1.62120269129 -1.8972527629 15
39 6407.73374929 -0.645388404724 7.0619663772 -4.13253943542 2.9552643811 -1.91073562246 -1.95338672919 -2.52445421801 -2.35166747719 -1.46018700111 -2.97559622396 2.43374595709 1.42447173498 0.644293064871 -0.903273722227 15
40 6540.98105919 -2.83340027732 -1.80764473122 1.13196002498 -2.64160640497 2.52873802437 -2.52769374901 -2.26805750266 -1.73485477287 -1.94618401706 2.47225212985 -1.20750140792 2.00514755445 1.14799210995 -0.309963052348 27
41 6548.9843693 -2.9468254459 3.72117035069 3.20956555254 -2.84806747419 -1.11330491026 2.82451392998 -1.65432644922 2.38793295744 -0.625889322592 -1.63598258233 -3.08293737846 -2.4189644828 -2.08938209472 -2.77060483228 9
42 6553.00877596 -9.89373043683 4.72753094523 3.76612634693 2.52397742499 1.40802406757 -1.16862350917 2.20378685108 0.759043408807 -0.973888149512 1.7857130605 -2.00845263894 1.19046963585 0.400361195456 -3.03181304714 17
43 6595.94816273 -5.92336860807 0.867452427006 4.32683975217 -1.580183172 -2.42333164862 -1.08547367584 -0.976359909763 -2.91309691541 1.12878472413 1.01014007648 -0.00982763092108 -0.686925791652 1.79528682354 2.36126113674 23
44 6612.28026303 -4.51150408257 1.02035547033 4.0163339943 -2.58645054891 1.1009937895 -0.81940898102 -0.677702655391 -0.0985644103949 -2.42798411063 -2.77235495306 -0.571271930351 -0.364865134737 -0.957910563475 -0.167667095884 5
45 6625.2823887 -6.73943851483 1.40510401256 -5.73123746425 -2.53669956697 0.920287835081 1.00312035743 -2.15866333909 -1.65709595242 -0.714311207033 -1.28227706472 -1.22972356058 -2.34050764776 2.3600758074 -0.766070267139 4
46 6669.08145747 -0.88451112285 2.51950233134 -1.70428348455 2.37157673288 -0.801504690625 -1.69745065733 2.49720807119 -2.20767035083 -1.06507864426 -3.00361698978 -1.77448270789 -1.87353913665 0.592003789627 0.24711213137 3
47 6759.90554253 -3.07506117457 0.27219864405 1.26520722085 2.45982619935 -1.00537397898 -1.01679838476 1.01524164419 2.81506791966 0.817104545156 -1.59629341164 0.706355012073 -0.122124564358 -0.582779465763 1.21582125229 27
48 6763.28023836 -4.20812515585 -1.75921327294 -0.0722260686168 3.03620143439 -2.36594427756 -2.96125203422 -1.2186820674 -0.0497123048907 -1.78795185293 2.99242719328 2.33843481793 0.90252953201 0.203755440331 -2.21520046074 19
49 6770.0130091 -0.47939582328 -0.845344686665 -5.79194002786 -1.06563978351 0.517614944201 -2.43653437073 -0.474194237415 2.41688127959 3.12829375891 2.71056760177 0.4674846409 1.83627260041 -1.62603419186 -0.230786756894 24
50 6797.73163633 -8.08288144408 3.71310996156 -0.942542128731 2.71696613847 0.574506817696 -1.56333593607 2.84438169306 1.89048134539 0.352775801731 0.253005004878 -0.982231508838 2.96137449166 -1.40877976547 2.68604363843 2
51 6818.06724288 -9.54969953512 -1.71217823226 -2.45856486884 0.0970050649241 -2.34846683857 -2.14937970011 2.51249617694 -3.09946052928 0.46688761343 1.74756008386 -2.79804941565 1.2121340054 -1.31388241211 1.05534318926 20
52 6826.49910855 -6.76074309006 2.45620732039 -1.8945444435 -2.33764031778 -0.328993398861 -2.94588485389 -2.85734138485 2.12123780962 -0.40141166603 -1.14718178571 0.371787575299 -2.74886703745 2.39489912924 0.527669637388 1
53 6859.55404132 -0.179495981553 6.3858070386 -6.43135363543 3.12687637884 0.740528675595 2.00788791192 -1.71436630602 -1.21829939758 2.34436775198 -0.0454620307831 -1.33821019961 1.26301577333 -0.870010844671 0.442807184872 15
54 6861.63029982 -3.1706280008 5.78051903349 1.8258097768 -2.86026163057 0.0168934067223 -2.41133840001 1.96067641501 0.762850556857 2.84698826772 -2.3168358974 -3.00967500262 -2.60984806518 -1.01921078664 -2.55679967015 14
55 6928.05751617 -4.16959060107 7.30832984223 0.280880887758 -2.91361557885 -1.21508086221 1.49635238223 -2.77909480963 -2.2859887641 3.13051323363 2.60873856383 1.52273659805 2.74974591671 2.33186242243 -2.22487602217 10
56 6970.04460109 -4.12032299331 5.0884069595 4.03946090368 1.01024250327 -1.72237144927 -1.41128494428 1.04260303117 -2.10641369241 2.90591718478 2.55721070229 -0.861707565221 -0.450524982042 -2.09915129189 1.80047143336 14
57 7051.08983569 -7.21958117186 2.94713788518 4.0292202581 -0.143999303641 -1.8403530223 -1.10337320584 1.64356141674 -0.898361137081 0.437286213148 -1.04131593349 1.2875854874 -0.566335114172 -2.33347673956 1.6948258551 8
58 7099.87695642 -1.55344106226 -0.966212257307 -3.72084271835 -0.141069453448 -1.5980134174 -1.93736866024 2.41491751013 2.84810266234 -1.50196880465 -0.234655003741 2.83810698245 2.54991554576 -2.68792523457 2.6866538154 24
59 7110.43117029 0.0157157097508 6.16045106322 -2.87613754194 -3.05607023519 2.7170113277 -1.63135909939 2.72597159218 -2.69240471412 -1.24606418612 1.89546543835 -2.49967007436 -0.0638053667668 0.461753180602 1.23777931017 12
60 7166.58900011 -7.37672806775 4.47243487689 -2.57248578266 0.993234487477 2.33345515165 -2.54398792467 -1.27701712416 -2.68859876231 -0.136334492105 0.320599366047 -0.989267685787 -0.210068715391 1.87013094362 0.566275009533 2
61 7240.05709824 -4.2322592746 -2.35718978561 -4.3543518932 -2.29549676495 1.04779397822 0.712690658486 -1.74896124963 0.708951022414 -0.614066950873 0.214710294054 2.79775463367 -1.96674497258 1.74845835961 0.225605280418 22
62 7250.62813578 -4.16486915688 2.18246340786 -5.06882748344 1.09156165982 2.19256422206 -0.0621257278981 -1.90140749163 -2.36523549702 2.75817152946 -2.24038678471 -2.64403451874 -2.65029875748 -2.99777929145 -0.23889952353 4
63 7252.98025349 -8.40129126792 -1.68496532548 -4.38513289985 -1.83881773849 -1.32786827097 -0.366178961098 -2.26265277358 1.84448199829 -1.04946659702 1.13964964221 -1.08424924592 1.47862321549 -1.3612756755 2.53395021687 25
64 7318.68082258 -3.90122343796 -0.00996148247362 -3.54094864262 -0.686899156389 0.900165218439 1.31241053282 -2.12823615869 0.994831115031 -2.46209240104 -1.74274135776 -1.24591332447 0.820530209685 2.76212652706 -1.38937721851 22
65 7357.3270998 -4.15319545343 -1.51010555679 1.74212438425 0.62722402702 2.47999243946 -1.55648579191 1.86430038352 -3.04893563322 0.98009438436 -0.375167560266 -0.23004021014 1.9666443653 0.970707987789 1.93387517622 23
66 7383.82226453 -1.40282089296 5.26707078011 4.29880705545 -2.44379827026 -1.59661942322 -0.707530701028 -0.211419643976 1.97808130801 3.01843771635 -0.889011373402 0.100766418055 0.840593659019 2.02937662782 1.74010583382 18
67 7391.10790961 -5.67523378402 -1.06383242584 -2.37975596095 2.89509734549 -2.29884678208 2.19956487702 -2.01805540347 2.83665229487 -1.10141068849 1.13372068461 -1.13207869202 -0.0123845343445 2.39813419162 2.73951830729 19
68 7411.34643621 -2.27178085491 -0.620062468308 1.44882399734 -0.227201158971 -2.95610613288 1.62449112436 1.72097430788 1.94430101687 -0.151311104526 1.59004126551 -2.27307544048 2.54948149699 1.58205394258 0.79180582756 27
69 7429.28385619 -10.3729713498 -1.19067688285 -5.41000881209 -1.86862423091 1.92835451703 -1.90065037808 2.6478533625 -1.54182262883 0.797339044822 -0.96086004742 0.919809912043 -0.524789752585 -2.58179728989 -1.37432375343 25
70 7479.83708646 0.162422017595 3.01520588815 -2.23320461406 -1.71911596754 -1.99360925635 0.981171166349 -0.907620996986 -0.470638157118 2.91972218517 1.73858480409 3.09825381818 -1.65967624793 -2.57744057128 0.653340812298 3
71 7488.4518874 -8.86121876824 2.93621826644 1.44475228056 -0.463414359628 2.82074115623 2.19680513784 -0.4889464277 2.6696900987 0.525351827732 0.859074492245 1.0985615933 0.146451516868 0.373531585151 1.10358475854 8
72 7549.20123995 -8.02010744137 1.55955457631 -3.00471934937 -0.371030772891 -0.599800713746 2.03779619904 -0.0905251381837 2.61284913497 -0.219243000921 -0.748590084809 -1.62321912019 1.49627082491 -0.397524330008 -2.48234869963 7
73 7601.23277757 -1.48360874546 2.06054602466 0.934474386159 1.59071281927 -1.4335877016 2.91518756673 -2.87666537002 0.929279563462 -2.56678361286 2.16750629636 -2.71917786419 -1.47955348363 0.789161021459 -2.72213094971 9
74 7675.46351004 -6.91037928634 2.58595789489 0.359773153763 2.83315396232 -0.00762726267122 1.24403310449 1.47196125017 -1.83140295401 -2.99043363653 -2.14883035483 -1.97847701909 1.00784041518 0.0514666509028 0.702607178837 2
75 7736.64983082 -6.03590790271 5.56188935063 0.430698502489 0.674246645318 0.435572706066 -2.83295231004 -1.394874613 1.89357864727 -1.04273970858 0.690961087693 -1.39056823444 -1.22630939019 0.237642167299 -2.02561172705 10
76 7741.06060732 -1.60950258133 -2.00680647429 -0.358634568069 -0.793411584906 1.45899022333 -2.30805936203 0.737498573016 1.71392292928 -0.676796746588 -0.975486114928 1.88525922706 -2.74113887859 -0.87767241637 -1.25170523054 21
77 7798.60787894 -8.27402632157 5.82120374224 -1.01413706604 2.92329746109 1.7508410524 -0.897448047308 0.411814657447 -0.423612943726 -1.87936558768 -3.09292454783 -0.216890146236 -1.70994566369 1.32783781063 -1.28233261989 11
78 7801.12857619 -2.34687694247 5.95186414583 -1.3941406373 0.014412820563 -3.10833615108 0.0992273695566 -2.29543871806 -0.971125112628 -1.89196105925 0.408989057162 0.361059694414 0.521484572207 2.04366223166 -2.07184609302 12
79 7817.54398273 -3.44803495479 0.285772125951 -5.16716012146 -0.193973354591 -0.571250342588 -2.32636922909 -2.65173233772 1.52204091005 -1.13615778254 0.207016385455 -2.70422334205 0.754584079661 -0.532619666489 2.46843655907 22
80 7959.59164582 -3.63261235072 6.67579575695 2.64596263352 2.98399489041 -2.24310175184 -2.4549671176 -2.27947810217 -1.93889155389 -1.29231222506 -1.29139486951 -1.30473900208 1.79788822357 2.90605689438 1.9324733732 14
81 8025.50477665 -4.10434358894 7.91393202747 -4.83355957331 0.0297229745921 -3.00698557937 0.816749052095 1.46473906107 2.1599455181 -1.29163242518 1.14782820154 -2.6214472672 2.37002724904 -2.57295454905 -0.412155838292 13
82 8054.6769984 -6.25255006417 1.50509926017 -2.14596153868 2.23110733665 2.19139273444 2.76184673418 -1.77083674445 1.11449159962 -2.74032977839 2.67156689441 1.88899600804 -2.4736659409 2.48570559873 -0.928961310923 1
83 8055.6660955 -0.649017943605 6.45728732079 0.158488004437 0.939404912348 2.06927820517 1.12450651293 2.82113071058 -1.4516013804 0.0952896874194 2.93532982972 -2.58168541343 -1.61792529015 -3.05204285929 -1.59484279915 12
84 8105.55367634 -6.18109781032 4.30313611501 -2.95152371729 -1.64780937827 -0.890681796795 2.93393294224 0.82129793546 2.29401923263 0.962464448076 -1.13576297983 1.8035502545 2.11033064523 -0.901414973768 -1.27278494815 4
85 8121.26628626 -3.27730447914 7.77498445533 -4.95554448389 0.733102493895 2.17858624149 2.66002484747 1.09943817581 2.44509009112 0.814267491636 1.85607244514 1.09503168176 1.82101964101 -2.63754708901 -2.98468838018 13
86 8210.98677294 -9.26230827012 -2.44968946214 -2.59090555655 1.60398302855 -0.313959718601 1.76182139263 -2.79793653799 1.19218618398 -2.67068624257 1.56074524661 -1.9876113683 2.17195918746 2.87446064254 0.160157441653 20
87 8237.82840048 -1.4286381216 -1.44704940854 -1.417823393 0.346828238998 -2.80767876054 1.36111994419 -1.47821516897 -1.38655118205 2.09422003252 -2.47983705904 0.746148643049 -2.06045872309 -2.7978679718 2.47941961576 21
88 8284.66986052 -1.51132642572 5.67583703515 -3.90044985161 -1.81075986124 -0.379760625373 -1.13255687235 0.639411431469 -2.08450407041 -0.286240585754 -3.01666593019 0.103273386373 2.07261980558 -1.48258955144 0.802186131772 15
89 8345.37809569 -2.3676387053 3.75292088686 -6.25767013017 2.69680912419 -2.30009927404 3.13017266554 -3.10702894355 0.033397905553 1.73484410072 2.14127254356 -2.85754678486 2.04375212511 -3.1335388378 1.02619720604 6
90 8412.81759445 -4.78238274469 -1.53122944806 -6.02210775554 -1.13609913362 0.275138332176 2.29996518893 0.523653503469 -2.27529018244 -3.08909929852 2.48790991802 1.39040064906 2.43999367481 2.65450915509 2.33557086064 22
91 8417.96321255 -1.02281918058 1.61931670577 -0.267308070808 2.8125487851 2.91362117033 -1.26864084869 1.49040469911 -0.128029071901 -0.0255442970098 0.434490487762 1.09209241851 3.06396033164 2.85211540561 -1.64611589024 3
92 8436.74680817 -2.44963387769 8.21321092058 0.8178019394 1.30956904132 3.07553242953 -0.859149665184 1.72464681587 0.984682535731 -2.42258997132 0.344066801367 1.50739710743 1.36525155881 0.913119048998 2.53828518264 18
93 8485.0929547 -4.2250520202 7.24838437285 -1.03837215097 3.02746022664 -2.41739585852 -0.280803706485 -0.107816155195 -0.231968895681 2.34495166269 -0.402327136667 -1.34222171839 0.431850674137 -1.42137066968 1.73394377468 10
94 8497.02963952 -7.31759854807 3.06279550152 3.91655635797 2.46270569217 -2.7492915568 -2.26932136224 -0.775929208279 2.83081088433 0.151722662308 -1.24664044883 -0.251656139624 0.655102451097 1.70599202053 0.481046525097 8
95 8611.96271942 -9.74971106838 4.71957589779 -6.10862432199 0.73064645829 0.800971459232 -1.85677981857 2.45828849032 0.458076440703 -1.94733506542 -0.758343843743 2.47325259697 1.92335281954 0.724114885746 -2.89745356507 16
96 8656.7950727 -0.0803809159414 3.91255869235 1.83650515899 1.18863150158 -1.98537161646 1.54358224976 0.0234662602962 -1.43347171125 -2.4940293425 1.11903879713 0.192961014489 2.50750952268 -0.70284631003 1.38639325376 9
97 8753.27655508 -4.25815117326 5.27771532604 -6.06436002474 -0.696700627646 1.16433108188 1.25039775583 2.79100934368 1.46382310727 -2.0696435062 -1.12428332514 -2.98775270199 2.07096875943 2.73820659647 2.65299261021 13
98 8767.21426564 -7.73089700561 4.19909861945 0.8632759768 1.46849705733 -1.60602848664 -2.82585324063 -0.188085064121 -1.58004849735 -2.39308973052 -1.03416151362 -2.27619016445 -2.88886178849 1.21244023105 -2.21350099831 8
99 8803.87409698 -9.48366802873 -0.122549547172 2.169046762 -2.45450023814 -0.519963213257 -2.70955305771 -1.43168804989 2.73694940343 -1.43782132996 2.99091537229 1.59447150413 -1.1420734065 -2.10620586763 1.65947546745 26
100 8875.85018801 -4.54239102113 3.40016609199 1.76980778588 -2.92845298804 -0.18661704878 -0.362444864847 -1.88322041372 1.11623316205 -3.05140763942 2.5915970809 0.503185281409 3.12612037571 2.61250705816 -0.57397373219 5
101 8967.67712031 -1.95745920365 1.96590682122 -2.71451046215 -1.52488528483 -0.703905242564 1.37027327183 1.04324825814 -0.239121480166 0.686919877015 2.92381230542 1.82285883747 -2.90262646685 -2.24924984705 -0.396916088679 3
102 8976.06186278 -0.307634950902 4.42767369614 -2.97227277864 -1.45331210487 2.20050727911 0.0564810924998 0.827882111763 -2.92387174028 -0.19930071562 2.35713000763 1.42559830377 1.79920090891 1.27431630266 0.60531068189 6
103 8981.21633858 -8.33432124797 4.05768235612 -1.62061208411 2.0064376244 2.42255088193 1.81840309178 2.74966262614 -0.862720943751 -0.0604435530238 -0.675356836082 -1.95749277591 -0.571527009289 1.74196213408 1.13926959452 2
104 9055.22436718 -6.22482952227 6.38728635087 -5.53493344817 -0.154782072451 -1.21137859587 -2.27063471679 0.497931520572 1.97020992381 -1.25824067416 -1.89862161894 1.46879651639 0.447165942693 -0.76068722338 -1.9444959616 13
105 9150.22081896 -5.43561745392 2.58497092242 4.02887655371 2.30594579483 -0.664134877877 -2.5682140361 -0.408870424598 -0.679675771643 1.05446430848 0.658505179344 -1.73748567066 0.828291434637 -3.07814404598 0.65297004083 5
106 9303.73993641 -10.2316973337 -0.247888337092 -1.05817565291 -2.56541194931 -1.837018302 2.16811199818 2.71277510471 -0.47426015141 0.814638422302 0.0318810054362 -0.875440955858 -2.22153412549 -2.07797846301 -1.46371474268 20
107 9307.8953223 -5.97351358077 3.48171919076 3.92841823179 2.42588596034 2.40035397337 2.39948445149 1.33147438873 3.02287529462 -0.97894604614 -0.0626999628261 2.60535276231 -0.990694184336 0.861409178291 0.118272893984 5
108 9316.51178853 -1.50645201243 3.01646812728 -4.22484203007 2.70816930223 2.53756270904 -1.18317546069 1.01899382275 2.95189447765 -2.4516489942 2.13224468322 2.65246433399 1.23154152497 -1.67857601317 -1.02078539387 6
109 9336.38945634 -4.54732917103 6.39865829741 2.26424626116 1.6782120931 -2.84819822487 -0.620781321007 -2.5429123265 0.315145950463 -0.633871704757 3.04122155592 0.616284273801 1.00975391929 -2.92730825997 1.61564903433 14
110 9475.56894893 -2.92546062906 -1.06196468093 -4.01275890828 1.02945620061 -0.388213151166 -1.2533940898 2.60928656131 2.29160106373 0.861214474746 1.4858528945 -2.41310150517 -0.245816010352 2.10018442376 0.292006117582 24
111 9489.42286805 -0.540780168614 6.8356648902 3.76633412251 -2.19392078291 1.08408312261 1.44276860206 -2.32806490224 2.08635327992 -0.269219638753 3.07561969929 2.67616913586 -1.0222662341 -1.35983274305 -2.10128912485 18
112 9493.97140173 -9.03804547037 0.813265405263 -2.49685262183 -2.53487564025 2.62003676097 -1.07257238407 -0.0420778176214 0.624888464186 1.60796668784 -0.321743543104 -2.93112461249 -1.85984157894 2.36054566859 2.40691096021 20
113 9499.1639038 -8.60705971906 2.21357801167 0.0363193454802 -2.9289532066 0.525416208468 -0.563631235565 1.36910605706 2.04182811233 -0.518006833269 1.7547659948 -2.9099010065 -0.770397117091 0.138410871012 -2.26300158356 2
114 9541.77318236 -1.35478598399 6.58025563082 -2.86293961133 -0.688070823406 -2.21227886554 2.15983299092 -2.26910562676 2.86992825964 -2.51514354036 1.67825888079 -2.72139163311 -1.31860587225 -2.20949213498 2.44792702711 12
115 9569.08229437 -4.64536095819 2.28126342507 -1.60230757272 1.97532188388 -0.25129955983 -1.67780083515 -0.985158195033 -0.504759436426 1.49245260199 -0.495550247767 -0.858857164256 -0.298641572741 -2.31054783268 -2.24268419088 1
116 9709.55152743 -5.09183169281 0.451540494608 -3.35514460399 -1.45220777016 1.33719454078 -0.810295276425 -1.1218728612 -0.626095562835 -0.00977583554072 -2.84912438202 -0.180938851818 -0.176016248149 1.64301800607 -2.17754334857 22
117 9732.11628444 -0.279149247808 1.05168795471 3.80794696602 -2.78024989663 0.466667828026 1.33518244137 2.16806006878 -3.10740652089 0.64480954195 1.16393721116 0.0181766575009 1.66230217371 -1.4161668099 -1.01124039172 9
118 9733.10664091 -1.9499957812 -2.2227248437 2.16585849881 0.956125222374 -2.83006002161 -0.616812938119 -1.48280972702 3.07907401045 1.69182590419 -2.3659821436 0.817466366086 -0.479695950408 -1.32194286718 0.149259805581 27
119 9752.22199143 -9.35637044596 3.95114637682 -6.44383654254 -0.00804425816219 1.94018734417 -1.30022078926 -1.23067419608 1.5783039351 -0.048360196396 -1.33290433722 -2.36369979659 1.99561204078 -1.6315683634 -0.35225342094 7
120 9770.06363775 -9.45310858162 5.1065148612 -2.72617163208 -0.544163910926 -1.80761782947 2.46809817052 1.61405240985 -1.67852291633 0.697989886595 2.90075858027 2.4401886643 1.55917556688 0.404065356841 1.16075837171 11
121 9844.8760743 -2.35761482601 7.01509865594 -2.8468156811 2.04505300569 1.65988145122 2.12749968034 2.93737003662 2.47461925449 -0.206835743434 0.254276804302 -0.340426181188 -2.51572492412 -1.22600541674 1.29062462962 12
122 9865.50777958 -2.38100546458 5.26835058939 -0.386488696731 -0.705615212341 0.830389027903 1.33054076129 2.84012658892 1.97560980839 -0.784742365992 2.33571225181 -1.69153026891 0.843537834321 -1.28481345515 -2.26694178283 12
123 9867.57742741 -2.98615106614 5.14960731101 0.75387919774 -0.789573317656 -0.726391814207 0.738574991002 -2.95372561776 -0.638893421583 -2.23287325855 1.17663996219 2.75989338347 -1.25156774646 2.25519147443 1.82583291334 18
124 9921.82555157 -4.01478073127 1.51783356615 -6.00107867863 -2.80448758618 0.271151442939 -0.481237888816 -0.824261938451 -0.654372316422 -0.402416984124 1.25334037951 -2.43245807659 2.69923427284 -0.371488479574 -2.08194731129 4
125 10065.288731 -7.14808055518 6.85537985151 -3.23294525669 0.709953216192 2.48297532328 2.93185732026 -1.43250898498 -2.67169009048 0.623155885073 -1.67307139017 -2.35881861411 1.02943567179 -1.35572919256 -2.58156869359 16
126 10073.4661129 -2.41755895926 -0.33473695828 -3.78119505444 -1.47554476072 -2.01404931792 2.1607848203 0.7586260291 1.31208428396 0.0560662452317 1.50636908997 -2.3941272224 -0.486516450104 -2.71724950876 -1.04952994311 24
127 10139.9754905 -5.35685053485 5.09017487442 2.09361658474 -3.00422254417 2.01665582099 0.309309947184 -1.79834127244 0.366208740277 -3.00693121981 -1.26166651728 -2.84613836103 -1.26231802484 -0.290198802526 -2.28007283025 14
128 10182.837231 -9.40228673029 8.08861252963 -5.61421895888 0.499705644027 2.88602639622 2.70084990813 0.669312346687 -0.630612924196 1.55374788168 -1.36558860494 1.78136053955 -1.21051891395 2.86391370814 0.240994857385 16
129 10436.8743087 -9.01593158109 7.41986155371 -0.334732602881 2.89304140864 -1.94854641919 -1.73178188358 -2.42684993662 0.352718483274 -1.95952517027 1.19297693482 1.8796481385 1.37409175182 2.58114165426 2.53431888311 11
130 10538.1348301 -5.3702670621 5.52270429576 -3.87999107728 -1.11065257003 3.00890539462 1.49907947714 -0.143504175085 2.05841473604 1.27391603838 1.78749420156 0.482872852399 1.27955101574 0.2168110733 -2.34965082505 13
131 10618.1422455 -5.36658883526 7.90624796614 -0.638641135073 -0.748652329593 1.46670845764 -0.814812155956 0.438659552567 -1.8250827801 1.44272877092 0.251284917774 -2.16962807061 -1.62185764417 0.0746793563949 3.09914595947 10
132 10657.3072636 -10.0984771043 4.63647379311 -5.68579978333 -0.437793244272 1.05157039288 -0.63487879762 2.26404685309 -2.36543043237 1.8681655604 1.86905012799 0.574815047424 1.13929318919 0.867278698027 -1.12907989655 7
133 10734.9458051 -7.86454460604 -1.84770429272 -6.39454901494 -1.10514606216 -0.723004902765 -2.52616019492 0.724750190002 2.69731322555 -2.20132421279 -0.955923685131 -1.20149302355 -1.08401478459 0.900292586014 1.41405971263 25
134 10911.4249522 -8.03330732498 3.9195816145 2.38182898821 -2.38781190527 -2.97322988406 -1.77737425604 0.716916104035 -1.55073418039 -3.05292197648 -1.11128091233 1.34367881618 -1.59191246572 -0.653628486344 1.28940689669 8
135 11053.5790588 -8.66605421271 5.20373454656 -5.25652005566 2.66647817498 2.45332619014 0.354826285434 0.555542432105 -0.333341946718 -1.82458378068 1.82094520139 0.171729123529 0.306190774742 0.759018721197 -2.49150346353 16
136 11181.8460171 -9.64085756219 7.21290359725 3.32660345309 -3.04743907034 -0.0367956747866 1.73372737318 3.12775375758 -1.20327007022 -1.777246612 0.649256568499 -3.12680712548 -1.28062115199 2.7641364503 1.66509522348 17
137 11210.8756828 -8.74568634199 6.69001187597 -4.7723823046 -2.59954793586 -0.890164351251 -0.241413195967 -2.07527507917 -2.53904252458 -0.917994330946 0.994491607431 1.83245249256 3.0075449759 1.59902929889 2.24869347812 16
138 11238.8081824 -7.96771051855 3.2359027367 -3.133801318 2.35813333101 1.7718330511 2.52911813647 1.64217992303 0.192690794063 2.93262484903 -2.01542236974 0.963977658197 0.447126011538 -2.19703541106 -2.65984349631 7
139 11410.9091162 -1.34122328663 3.71342621679 -2.90982218107 1.942787462 -1.51665692508 -0.0920865226704 1.53652112717 -0.5162249305 1.49606561077 0.843803177719 -2.0580445574 -2.89957304044 2.33119997793 1.55783941953 3
140 11457.3579615 0.361464619816 -0.738137021054 2.9604078375 0.723484139154 1.04453701537 -1.31615861246 1.22675799446 0.22856293215 -2.76672350477 -2.0088564407 -1.83726256293 1.00310225756 3.03326638129 0.446646301848 27
141 11561.8384699 -9.57844500982 6.18307861796 2.60982617824 -1.63955105899 2.60085461927 1.76206928615 2.05385973269 -2.79438493122 2.59950085165 -0.431219223698 -1.01520497268 2.7942816962 2.38089670618 -1.8555721932 17
142 11592.8531635 -0.507125453115 3.93374282551 3.31023560786 -0.827086576178 -0.955288774246 -0.0208749227363 -0.73595020664 -3.04470557533 -1.4753244711 -2.44095751649 -1.34189182409 0.463288198328 1.66807653499 -2.47172063144 9
143 11917.3338469 -9.831839424 4.56894633578 -3.06000685434 2.32566905549 -0.632344957127 -2.746349636 2.63852269586 -0.849629071822 -2.86158704575 2.95104702759 -2.28251144193 -2.24691872547 0.00253148478461 -1.54445608088 7
144 11953.1778839 -8.16715153157 5.64633292435 -2.01576416178 -2.25680471336 -2.14562941415 -0.223321294918 2.9222059209 -2.68942988378 -2.966519116 0.0925265029046 1.81927471963 -0.152986519867 -1.38287378344 2.98917015482 11
145 12105.6677645 -2.68771068225 4.56566951801 3.04036052417 2.33086785825 -1.52075843463 -2.67510749581 1.79089731036 1.34054778899 0.858363391763 -1.30948408633 -2.05802555013 -0.167566555692 -2.44528715499 -2.00089842192 9
146 12154.4501719 -1.84623896076 8.19089397213 2.86137723534 -0.911658669564 -2.20652290672 0.915014525848 -0.00972163822406 0.0251223842727 0.0325241109076 -1.43421826701 -1.3450220511 0.350511312717 2.00057918844 3.14007843605 18
147 12264.4026726 -8.91129478913 4.6824055963 1.67376157364 -2.56721368386 2.40733974946 0.179813007021 3.10760504826 -1.5798507162 1.13549259503 -0.157991337254 2.3769594861 -2.17437159128 1.23053252854 -1.22507901271 17
148 12485.7130131 -8.84652782705 7.33456583932 0.0162906524308 0.846582883388 -2.89426287972 1.32500216826 0.122532445261 -2.37806356574 0.918118296707 0.797184128549 2.61075004412 -1.98896008448 -0.960220586833 0.0795752787867 11
149 12903.1838847 -10.1655670558 -0.992691243992 -6.32186272265 -3.10087482897 1.58093109209 2.16927751851 1.85077676426 2.0214132008 -2.7803459374 0.719806035006 -0.528817873377 1.93095872076 -2.3365935755 -1.04905988072 25
150 13637.1471575 -7.16663628296 5.88222489678 3.20426546749 -1.69009083151 2.28838185203 -1.97882077903 -0.156014864806 -1.00777120686 -0.465731550973 0.36912981534 -1.34977586466 0.508114152396 1.7127487051 -2.02251855955 17
