 4.35046564863 2.21205644886 2.57758444604 1.30330399575 0.169490019414 1.68664240591 -0.842378978244 2.00529333101 2.14559299171 -0.273994124759 -1.38021773324 -1.54474029408 -0.59005538684 -0.393868395216

1 814.090100856 -0.370830633473 -0.182739875887 -6.67356158276 -1.55725809446 0.426006635037 0.0479582094206 -3.00991841959 0.473924419518 -0.184809378182 -2.2781682336 0.784142619017 0.90938934897 -2.53023093326 -0.245223335868 15
2 1726.24462078 -0.602340148505 0.497171021002 -4.36518638866 -1.51863701768 -0.784040111078 -0.517094021786 1.17914697973 -0.165903362086 2.06725908191 -0.755585193657 -0.841354746905 0.501030480208 0.437108005001 -1.01579161617 12
3 2195.90507703 -9.6572858516 -4.46205620491 1.55103481903 -0.704705862184 -0.251537244704 2.79153831853 -0.17867520751 -1.29099449941 2.75611120501 -2.33201876073 2.57513877921 1.53924917616 0.691684335272 -0.495519507929 26
4 2654.32692395 -5.60609665967 -2.54103363608 -3.06061937679 -1.05942852801 -1.71195744409 0.633811887964 -3.08667711786 0.531231628917 -0.493390194368 2.99592775968 2.21546141922 -2.02836683403 -0.579245700276 -0.732034988438 1
5 2811.48902196 0.36650773233 -0.25513126312 -6.88578047606 -0.98659962499 0.801313327898 -2.6315333718 2.96449035201 2.6353617262 -0.259147773922 -0.526865078808 1.41203917164 0.19853909255 0.587064324211 -0.495826771499 15
6 3148.78353313 -2.16276840863 -2.86071192536 -4.64985871883 -1.13726331667 -2.56872395281 1.36225191235 -2.35437988094 -1.5402757883 -0.971515493588 0.37402547398 -2.09710039622 1.92266116015 -2.07554360362 -0.00738578858937 6
7 3162.80810169 -0.639483996319 -1.983994735 -2.99496550804 -1.87167998574 -0.211134593455 -0.208069180159 -3.06569009078 2.46831081269 0.0619622175131 -0.0325217955227 -2.58767070784 -1.65404218817 1.69549010468 0.0797576903472 3
8 3308.99785253 -4.0456269299 -5.19472328335 0.374583257003 -1.59216040225 -0.653715074577 1.99574023464 -0.0534785799833 1.89949657479 -0.596828590249 -2.67489182065 2.97444029327 1.20837031091 -1.20940152565 0.791044575239 23
9 3608.70332717 -5.76583442922 -3.78345873019 -2.04046613755 1.5943445075 -2.89182169989 -2.57637254669 -2.16002769568 -1.62712186869 -1.57850394322 2.4095410584 -1.31292621026 -2.40210820101 -3.00217528771 -1.49867089369 1
10 3665.9446683 -1.9868888669 -3.99739923356 -5.27207800873 1.97459235391 2.46080630872 -1.32783907331 2.72382332995 -1.71784223995 -0.293498608477 -3.07019902062 0.960518348196 2.26853379399 -1.96294282687 0.919252850532 6
11 3728.47141048 -3.88007793736 -0.241826675564 -2.02168645479 -1.20958784855 -1.75035441123 -0.609575241244 2.38342891224 0.838112152771 -0.316819205275 -0.822126176818 -0.352300518169 2.33285039274 2.47333836257 2.43196491848 10
12 3876.84673685 -6.37342254198 -5.60417181621 -5.63167451274 -1.24274528135 -2.66800595977 0.032452708917 -2.07660468312 -1.2078039788 1.52176092308 2.24536060093 -1.73462032182 -0.492993217822 2.51713074126 0.564077011982 25
13 4024.63034787 -0.0452395015865 -4.91931043977 -4.11372563415 -1.81778021806 2.25942315853 -1.2878725943 -2.17652608033 -1.62965211906 1.10093840633 -2.27485180633 -0.568203088645 -1.32647462985 -1.58183550242 -0.546423594914 21
14 4045.95388066 -3.08614728251 -6.54002124061 -0.757246645585 -2.38171262781 1.41347864904 0.465091251843 0.0662745780461 -2.10878425559 2.21911294737 -2.8258708961 0.717419827933 1.80409212845 -3.06844341391 -0.507777262027 19
15 4174.76950676 -8.69040780364 -3.65072738417 -2.12041722977 -1.23586478592 -1.44656532877 -2.16699655732 1.86849477733 -1.02240165838 -0.0696644191269 1.77296742885 2.35195807338 -2.36885645266 2.70404291651 -1.58007303259 2
16 4406.58951841 -3.42440376699 -5.40623832068 -4.05768231876 -2.4422794655 -1.60762207079 -0.895872536829 -0.962206406043 -1.79204361822 0.595525013424 -2.29642065621 3.01615541453 1.14458896732 -2.16506549684 1.74798433577 19
17 4454.32351601 -6.78940301853 -7.69147395598 1.93489695661 -1.75423263816 -0.760208992812 -0.8825213574 1.67314049628 0.910547225454 3.13276169345 -1.12689800167 -0.924784654694 -2.98610083581 0.805162928675 2.85722167565 26
18 4560.54664544 -0.934057769106 -6.77513521604 -1.14690604426 0.0807869055558 2.58657145803 -2.72666675401 2.74511966587 -1.80768667132 1.45491252546 -2.53940428993 1.92968619005 -1.48061759026 2.02936592873 -0.480504579077 21
19 4568.48345387 0.443999965744 -5.46533949642 0.233318045519 0.127024757069 0.961291081212 -1.61291753766 1.96980130538 0.317864967533 1.81325302981 3.09824761275 2.66103936008 -2.87554676181 0.144825937081 -0.238084508985 27
20 4662.2765258 -1.34724049204 -2.67866104723 -4.19782170759 1.59283175488 0.690320649605 0.512864778291 2.45598251997 -1.20610468525 -2.7437734972 -2.28034890347 1.51316140046 -0.0912394329962 2.29172776904 1.7681449894 3
21 4870.58729347 -7.10820445325 -4.57445221142 2.05082894293 1.93058405376 -1.91456434805 0.129291211924 1.36246685978 0.0754442050101 -1.06893024157 3.03812664538 2.44016133379 1.3281294968 2.94280285752 -2.99984130856 26
22 4907.6609307 -4.15294067974 -4.81030325901 -1.68757663502 -2.24169678342 -0.649016116313 2.67114191937 -1.13824673355 -1.97144170138 -0.850622258601 0.210291989679 -2.04635294727 1.46821998352 -1.41604762709 1.65589984109 19
23 4919.86691054 -5.17228536388 -6.2500996342 -5.11172089696 1.81702842652 0.648347329237 -1.87861235612 2.45099189657 0.158332980895 0.325486757636 -0.727379041474 -1.66928616195 2.31359123851 2.40052305367 1.85514514147 22
24 4937.78800832 0.516236444358 -0.28566624462 -6.7724612677 1.09038950864 -2.10177690314 2.48762425885 -1.04949948619 -2.80613525658 -2.57957445226 -0.562448402347 -0.971742875758 1.73210124609 -2.24912959419 -2.26809640191 15
25 5259.04797585 -7.47281120787 -3.69401336679 -3.60671996838 2.32224357174 -0.743087747676 1.19052985492 0.11982393203 2.99272269928 1.59337315295 -0.625290298376 -1.35309071969 1.16785183551 -1.67699989321 -0.699254574213 2
26 5295.55171935 -4.94321510524 -7.26819826628 -3.71356912748 2.06508532068 2.93064996038 2.37861150904 2.75234731286 -1.16285740278 -2.43987168155 0.745171525724 2.03256995254 -1.60378736205 -0.241790226478 2.60447197002 19
27 5343.46292644 -1.74353361398 -2.03504875708 -6.06772135968 -0.716303037865 1.69769355717 0.821335008273 2.32319853831 -1.97866069552 -0.858568596271 -1.49654538417 -1.3542597964 -1.7224092267 -1.93651750005 -3.00392880842 6
28 5349.69571013 -2.71165159533 -5.79500784016 0.0460858475999 -0.0896850513469 1.84804281575 1.62535586726 -2.17166367123 -2.75038673056 2.65664111865 -1.45869950381 -1.9521888396 -1.39705197504 -0.35338618054 -1.67033567098 23
29 5362.20766316 -6.62344587309 -4.70459807088 -2.61612139964 -1.94327422481 -1.36387358676 -2.88473310827 0.403913575977 2.77202860684 2.15387139817 1.9899534875 -1.36260724649 2.89653319655 -2.43637764174 2.40821956685 20
30 5401.04534204 -1.04712063084 -7.58052961603 -4.18268505425 0.287230387131 1.25828744397 1.10083150214 1.36078207113 0.95151182189 -1.93906680996 1.97598942033 0.72888226514 -1.67859642054 -1.2925701232 1.87845168301 21
31 5445.86133924 -1.18883661337 1.16412891526 -1.61340239552 -0.934033020741 0.993617368308 -1.24347359538 2.76739219536 0.43808148751 0.853477467197 0.634563640493 -1.00225795412 2.48520041641 0.852202447283 -1.09037741993 12
32 5483.30517833 -7.40332626864 -2.24203270853 -2.71107488396 -0.222264452537 0.969499079716 0.248928945873 1.4161237781 2.76053063627 0.856399227368 1.08295195192 -2.61450889079 3.00604123841 2.0155776623 -1.4438772101 2
33 5525.32330844 -0.593319687967 -7.46131099649 -0.421691623133 0.580466025261 -2.58495444159 -1.99474383911 2.33373061052 -1.03613959438 1.73496552857 -2.46223223811 -0.679353261564 -0.593701648423 -1.48250610126 -2.7916982463 27
34 5599.14135932 -0.768592292894 -3.5526881353 0.0188615918442 2.47819126787 -2.70389035813 1.87825162616 2.36806204357 1.99422605304 1.08489138945 -1.98198564962 -1.51525070193 0.679603996093 -0.38263995806 1.16167871749 9
35 5633.85575691 -3.24126645391 -6.01955094932 -4.87646353419 2.13913523429 -2.98289486572 -1.79285651103 2.21443377274 -0.641656047651 0.79054883353 0.386820279031 2.32271289731 -2.15677842834 0.711496324545 -2.66035962511 22
36 5637.39365053 -3.4403240853 -4.13301369664 -3.73324886788 0.421906134379 -1.26699371177 1.87945466772 0.113591023159 -1.7115137416 2.64345239851 2.51150134648 -0.0969567938819 0.700140619305 -3.07661599416 -2.48806091779 19
37 5786.49247318 -8.48693762522 -5.1263342239 -7.27529821657 -2.02954974754 -2.77939879391 -3.07423625962 0.28462133369 0.787048246355 -0.36859999199 -0.586749294835 -2.46384834917 2.68652302251 0.969625146704 1.85522995079 25
38 5787.80819146 -6.99506748339 -3.89945843875 0.36772016667 2.20405756143 -1.67710977066 -0.918130555127 -2.06780669515 -1.83966376476 -2.05954905848 1.48111171902 0.910312760129 -1.50549254007 -0.795297981339 0.595017548114 8
39 5800.11892268 -3.48118178444 -4.30373383857 1.20984472375 -1.78630320185 1.77410749484 -1.17682994488 1.41257974773 2.01165580789 1.79941974706 0.459527557294 -2.69726060288 -1.56883765438 2.24450410968 -0.11148365057 23
40 5818.92251407 -9.66248636318 -4.22011316081 -4.14945131075 -0.822597671693 1.74870171791 1.82767601335 3.13755354292 1.84912142511 0.0180115510178 -2.14963832895 -1.25162081058 0.505730970177 3.0769309151 2.71039081097 20
41 5820.58459949 -7.66021535556 -7.31973174927 0.732831080168 -0.44060079859 0.365889482545 1.77575932009 0.517102867333 -0.57765437414 1.70185078319 -2.64017445128 2.93154696237 -0.527116501471 2.2879558793 -2.81890516042 26
42 5859.18906275 -8.63460777768 -3.22799129446 1.26490243424 -0.538692144671 0.574439824883 -0.118480127565 1.12626582817 -1.30955550715 0.738381344279 1.95090102255 1.48563848228 -0.171132618718 -1.68540955654 2.61502076572 8
43 5940.31584159 -0.857152617799 -5.00944462649 -4.64623358528 -0.355103540762 -2.50633459339 -0.458514289758 0.520428599656 1.05288979142 -0.282606329837 -1.99190389304 -1.69086248954 2.47705939966 -2.45459192296 1.4180981532 24
44 5957.17168621 -3.1346544097 -6.02792015034 2.68268712629 -2.15562746105 0.590705795469 1.12816406772 -3.07388124642 -0.186985960156 -1.99480761945 1.60612724585 -0.898426040687 2.63497627224 -0.897675998466 2.31826436586 23
45 6001.66716564 0.118256779839 -2.54535009564 -2.78563822822 1.7713558705 0.959045730335 0.62682516577 1.19586517369 -0.672124284708 1.33230057787 -0.437863894354 -1.28978798671 -0.832781686184 -1.30821379075 -1.83695573904 3
46 6031.44135043 -7.95069019829 -4.65602694728 0.78797589706 -2.39530260182 0.740543340976 -2.89860178331 -2.43683076209 -1.61706471213 2.33656774386 -0.0912124794465 -0.668169180412 1.50812047857 -2.12086098444 2.6197429183 26
47 6043.40535008 -6.5355452741 -0.906597234654 0.290190948953 -1.54123705805 -1.47114221766 -0.409643359775 -1.48357548116 -0.55009368864 0.609804813832 -1.8191990702 -0.896866639239 1.84508644228 1.84982489478 1.7006840055 8
48 6044.49494516 -8.99376318979 -3.64195370451 0.0144366188679 -0.704992695619 0.475604736618 -1.76716252147 2.5630327473 1.98327318666 -3.0919669387 2.2565412592 -0.181857780612 2.09183784143 -1.61756666101 -1.43441992274 8
49 6289.7387605 -5.94852198627 -4.31491457577 -5.48755922118 1.69839876017 -3.08018027419 1.94055827039 0.522436726618 -0.729067700062 -2.7630479117 0.637835620574 -2.72819797328 2.57338758193 2.57042004219 0.651099592518 22
50 6343.50766663 -1.41553022618 -4.37032271941 1.50728694122 -2.39590016205 -2.00178963477 1.72051737773 -0.210607152644 -1.53676161005 0.343373568073 -2.41927653861 -0.213398428594 2.41529641252 2.99514156024 -0.44886419808 27
51 6452.62623187 -0.96952131375 -5.21120756488 0.211801595416 -2.36344298619 2.88228294524 -2.47288179601 2.93234038518 0.823764829577 -2.59941947768 1.0640750588 2.71712248852 3.03324043443 -1.20559307755 -2.74010379551 27
52 6480.63689684 -0.592311680256 -4.17721894625 -6.07978696223 3.06604083992 2.97683075522 1.25056097229 -1.95562007895 -2.92458212745 -0.909166411594 0.546501158337 -0.117512105664 -0.706927716044 -2.63143492668 0.0108630919417 24
53 6562.43909641 -9.3543184985 -0.248633765099 2.46668366965 -0.0417750689965 -0.53048783199 1.10303941483 1.35768808355 1.12782163237 -1.34095300558 -2.60548142471 -1.90134445505 -2.12079381618 -1.76894042564 -1.37716706366 17
54 6601.90509344 -2.85159015232 -2.50087937816 -2.59134160114 1.0313061409 -3.13699950533 0.951935384648 -1.40288411344 1.3879385489 1.42561884094 -2.44523046699 0.136855065846 -2.73907961801 -1.39950017074 1.7588177123 1
55 6634.91396473 -1.8681504971 -2.95776096974 -5.76131643474 2.61708803621 0.181157164427 0.237497398202 -2.08346018599 2.00425175338 -2.80692727536 -1.53716763158 -1.34940809485 -0.996813433378 2.19550346106 -1.73525932472 6
56 6655.45851572 -7.13859299653 -3.39724954436 -7.08024741725 2.52777352382 -1.44579336094 1.40299514135 1.76152456308 -1.12645793994 2.95425381317 -2.60434431206 2.21898244189 2.64902769816 0.988576748729 -0.530614017652 7
57 6667.32395545 -2.42272501647 -6.09331678802 0.177524857244 2.77091424844 -1.02067461069 -2.45052480877 -1.52564819634 -0.344337490337 -2.33617548311 -2.1579388663 -2.1453863301 -0.649485502346 1.31396291336 -1.76313002641 27
58 6741.06170933 -9.46895020751 -6.3394263076 -5.02400341481 -2.5666254471 -1.18535637474 -0.80277572076 1.88305994599 -0.0345830242302 -1.66973809179 2.37873492998 -0.230905410285 0.175324674644 2.01990277585 2.48414947725 25
59 6892.80441095 0.50474610778 -2.12478279069 -7.55819150341 -0.345287873713 1.06330581517 -2.65372674587 -2.33172914702 -1.34587467886 -1.11904715284 -1.70202711588 -1.0386311136 2.65957037127 -0.677500641826 0.0981089808842 6
60 6925.04445873 -1.40491074438 0.155277970398 -3.0348841486 0.590353238745 0.143185742344 -0.475285701956 -1.93980567063 -0.465503528693 1.89940938674 -0.607951862025 0.167645528108 -0.292988331962 0.988175646377 -2.33224140828 12
61 7032.7337245 0.0862772891319 -1.06380880184 -6.92617417418 -3.02944335023 -2.32379002023 -0.765091377719 -0.669658953047 -2.46527919141 -1.82538854025 2.95890460279 3.05766624333 -1.66437057191 1.63376742816 2.12901760494 6
62 7051.48554457 0.353428784017 -3.26853175449 -1.16495922576 3.04496927457 -0.400412902552 -0.328633823983 -2.89882702556 -3.07741307309 -1.64454253849 1.62480424024 0.496119895884 1.68763336652 0.972636081269 0.757797196639 3
63 7081.8632671 -5.27463469663 0.942095757956 -1.68100289858 -1.77658120049 0.637934861429 2.11332992695 -1.06287856229 0.949176441155 -0.0179002881309 2.43787647863 -2.32510234509 -0.946369662031 -1.86315807105 -2.64877043419 10
64 7113.2198528 -4.7588194845 -2.89492826286 -6.54244766494 2.54986631413 -1.59111250789 -1.95402667674 0.696280420128 1.54154621984 -1.27983496653 -2.12651059981 0.997682427376 2.01192601839 2.50216370066 2.41286908599 4
65 7193.07575645 -2.62756885527 -0.761259671049 -5.1641738166 -0.629717433587 -2.25915545 -2.15459287442 -2.36057438429 3.07840829313 -2.42264800497 1.94629305523 2.33896011939 0.365209303339 0.604834409946 0.664991694355 4
66 7250.52612055 -5.83913624793 -2.96771872236 -6.76117698869 1.01676840203 2.17072998281 -2.33815784263 1.34049069457 -1.28524345532 -1.98325463343 -2.54205151455 1.95797943826 -2.22552525719 -2.16442335234 0.952077026181 4
67 7285.15468823 -7.51038432092 0.827977198924 -4.46871509557 -2.12761565003 -1.56132909792 -0.194088640828 0.500055744061 -1.1692686864 2.49505155401 -1.64177959518 -0.7739218293 -2.15130797082 0.21616994907 -2.76606053615 16
68 7425.7115723 0.15638315926 1.12876491062 -0.0400661173827 1.54255334975 -1.95461769881 1.15407590471 -2.12420219956 1.51509585223 -1.6497411375 0.757493063949 -1.1792642047 -2.25211396217 0.357766713002 2.33887550823 18
69 7458.11158576 -3.09056895885 -0.958151642376 -7.3437246511 2.32628577542 0.914127066951 -0.200256379814 -2.74875012018 1.02738087358 -1.91154423367 -0.457357726306 1.87706736368 1.99467477639 2.63302659774 -0.0260303661486 4
70 7505.69279133 0.643926936615 -5.59290297936 -7.70117664904 2.76687928248 -0.118040246523 -2.35382244635 3.08373356993 1.05117747058 2.07113731592 -0.1273509817 -0.376851254522 2.82478317024 3.03985213559 -0.328535186394 24
71 7507.08777496 -7.39126428416 -5.34349540959 -1.63651361083 0.350276307412 -2.49427190198 0.238412131829 0.680200204868 1.27072512025 -0.29208123706 2.58457485057 0.0398812850914 1.08714745351 -0.263738277504 0.359873877493 20
72 7525.46081357 -4.55043446159 -1.98943406564 1.36868300009 -2.58039834651 0.197356658442 -0.607889785268 -2.11194731498 -3.08309383437 -1.45818993532 -1.76147498439 -0.455893039721 1.94606581673 1.46949830464 1.10202745583 5
73 7556.70183142 -3.6006533815 -6.57797782423 -5.38298592334 -0.189148864354 0.190505774568 -1.47863238659 -0.439867090728 0.223312475033 -2.52384667059 1.79447757285 0.907045788981 -2.69331264288 -1.32242836354 -1.48983401307 22
74 7570.07472941 -5.33801760759 -2.89844406608 -1.59018910264 -0.354191113936 -0.814912218453 1.68613921657 -1.56604090569 -1.53901228969 -0.299959575717 2.71768039506 1.20439455691 -1.0760088442 2.87342753158 -1.05848753389 1
75 7571.71212988 -2.25107099957 -1.08660050901 0.0731588331181 2.34183568288 2.28308076154 -2.37365785154 0.309385048922 0.687489495064 3.0918104797 -1.8552208642 3.04968748052 -1.72839048412 1.71150612507 -0.427955153769 9
76 7627.53491604 -5.44468643781 -5.39929546249 -7.79467898659 1.5494933851 2.46222892389 -0.060258102132 2.56721388256 -1.62037017563 -0.922594524152 -2.95694794169 -2.19012817227 -2.52972598919 -1.63844183136 -0.796618666606 22
77 7656.74514188 -3.52470823448 -1.63745572796 0.393013532812 1.28939557638 0.311596484054 1.70017505291 -0.433263980421 1.14775686709 -0.226199558003 -1.56680938501 -1.05254783313 -0.712357259645 2.61682545813 0.330039569304 5
78 7754.16954504 -0.707720438863 -6.68817312253 -6.97969470487 2.6894597348 -0.653529949571 1.16233875041 1.99676917905 0.400431720256 2.03799061655 2.40876618 -2.64514598216 0.369679919933 1.91484402639 2.80741136528 24
79 7756.84547615 -4.46894418512 1.85612549585 -2.95816922877 -1.40193621549 0.00787361678496 0.935903916983 -2.92111370746 2.50363380577 -1.30422492898 -2.99590299643 0.706181327029 2.64835187536 -1.62811091897 -0.410838876972 10
80 7890.91060835 -4.50403654494 -2.02979854171 -4.12244066609 -2.60737445125 1.49601270225 -2.19209125887 -0.695404299158 2.07508249528 1.27319891871 -1.82338174755 -1.9021007894 0.0277992242254 -2.43198821766 -2.47943861944 1
81 7944.71247809 -4.85939287181 0.533263073705 -5.08818559237 -0.541391792817 -0.755864190518 -1.10410671101 -0.811352872468 -0.819536783271 -2.85816325892 1.61253526433 1.21146607329 0.463957828557 -2.0788314096 1.76430351308 13
82 7994.52602488 -7.18977747812 -2.81198981956 -6.04014919191 2.11637681097 2.01307456568 1.41367152506 0.0759064026539 2.9160061106 -1.16110664501 2.47444073339 -1.86136368926 3.05407323217 -0.560033506053 0.718802683856 7
83 8040.26973606 -9.58548709915 -6.77761565271 -5.04852919443 2.78013448999 1.71481664767 -2.56671649922 -1.62500613757 -1.27302389135 -0.0178391192381 -2.50514262353 -2.38718381461 -2.54269347466 1.64830922094 -0.146869427143 25
84 8133.0175659 -7.1825952 -2.03669469016 -2.1920079535 0.224667893498 0.216716542288 2.77538410389 1.19616937057 2.93442153174 1.06966447759 -1.09777179389 1.60711984113 2.95412482231 2.27957361601 -1.80160389393 2
85 8231.94330344 -0.820395948754 -0.98389757717 1.26454006324 3.05134323555 2.44048255479 2.39219046984 2.90233140683 -3.01281023104 -2.83364078283 0.248528729732 2.72327460328 1.37899666322 -2.41114863493 1.32220391321 9
86 8253.33175502 -6.82685724932 -3.90508667575 -6.82203554011 1.22999816413 -1.77069417099 -1.66152261506 2.86184251032 0.840559360134 0.658678092671 2.67623547103 -2.33938629041 -1.81490956868 -1.7234167838 -2.44965691428 7
87 8277.09394336 -2.3055356451 -2.49297926183 2.73508066756 1.75692321714 3.02305714509 1.29440753291 -0.227935522047 -0.703567792809 -0.414080279424 -1.469062727 -2.36171495796 0.176966805555 -0.491032791073 0.126306262897 9
88 8293.11379576 -1.54025712095 -0.58279477731 -2.2551924038 2.5465106755 3.04600614705 -1.23959110585 -3.04749199042 1.68280129542 0.0812849752072 -2.53620429812 2.91712740001 -1.60757980355 -0.600191367556 -0.712571515904 3
89 8357.80448089 -1.82119671035 1.38440187655 -0.326635426095 -1.16848272363 -1.81667278266 1.1900696083 0.0313788116646 -0.629573703414 -0.513753754538 -1.57852742093 2.78292482023 -2.6025041245 -1.35410507532 0.0166227687784 18
90 8383.99671263 -6.70276874943 -3.10586074749 -0.466524395622 0.269189475579 1.7844003501 2.42263384534 2.73294461552 -0.628466350078 -0.45200356688 -0.570721760359 -1.22797798559 -2.22514274867 1.21001356171 -0.602074974406 8
91 8436.06757949 -2.39586131244 0.255072925875 -6.13367732205 -0.496035341403 -0.852612700004 2.5628982303 -2.33519733214 0.917950615567 -0.498099442823 0.161958077486 1.85907789759 2.91001556229 1.28988100797 2.60449157909 15
92 8599.29597688 -9.21869817068 -6.38195959582 -1.24339515771 1.61501181362 -0.967680536817 -2.49702226244 -2.23196215925 -0.972686573386 -1.33097163565 0.717516484857 2.39497174419 0.326539719138 2.07706495275 2.10432462793 20
93 8637.45037983 -1.23612625064 -0.227620001856 -1.4043902914 0.256988948587 -0.828937396065 -3.13823425887 -2.66962160696 1.76240007906 1.00341407876 2.81114200778 3.06389861567 -2.1567340065 2.1451246079 -2.62055915128 12
94 8664.40440615 -9.54433239045 -2.00639681353 -2.89399106999 -1.0391756046 -1.92559422583 1.22144852352 2.17959431017 -1.12137347386 2.06861155541 3.07828719483 -1.32734686276 -1.09298618924 -2.85911944582 -0.572005431453 2
95 8697.74980172 -8.46442466489 -0.050508513706 -4.20935207047 -0.743976973976 1.10245890222 -2.94041326065 -1.60276832635 1.36956435099 -0.112088050978 1.05945263163 0.176433801923 1.11282893006 -1.01528583642 -0.865885998168 11
96 8732.30066282 -8.76604080605 -0.657198332152 -2.19474152305 0.726940585387 -0.4623300528 -2.01779366776 -0.684704166103 -0.837738117006 2.74427290222 -1.28538540734 0.513249531188 -2.35707870642 2.04174771513 0.861714472718 2
97 8739.42509014 -5.71669946996 -2.87697862032 2.388153296 0.950900403659 0.575483113104 -1.42102070505 -2.82385778683 -1.85531976829 1.11874390359 -2.93219718707 0.405480666118 -1.46590471621 -1.77363389011 -0.549742462005 5
98 8796.92319717 -3.20510917091 -1.78960576515 -3.28433740325 -0.515650067053 1.82379412546 -0.400218532355 0.0339386790778 2.27929345547 2.07791558417 1.83327846384 1.3598550098 -0.465170237221 -1.00400015551 1.07045091739 1
99 8987.59830844 -9.43415675867 -6.69643352334 -2.68559064358 1.17728220255 -1.06079110651 0.00972380945922 -2.40299825243 3.10091234843 2.74225028647 -2.67877887162 0.811556180086 -2.98157628611 1.28171262306 -0.875829052496 20
100 9004.05048612 -4.26239451488 0.0828379926993 -4.59771351621 2.66946009271 1.01357070375 -3.09947645334 1.2842947197 0.59390735037 0.109341680187 -1.27413008505 -2.54801012297 2.34651655256 2.09102555141 -3.02000449938 13
101 9099.81181566 1.1467279582 1.03134581487 -5.36211416656 -3.10486385839 1.94007948153 -2.6750402563 -1.24862240891 1.76822462707 2.52384614636 1.0961430524 0.198613666315 0.813436534596 -0.65155917508 -1.71240305339 15
102 9282.10863672 -7.69378054375 2.64512568014 -5.29888058418 -0.500158227323 1.062150885 -2.63697399123 2.9009795175 1.14828222044 2.00442634645 0.641226659128 1.53885741658 -0.603760075542 -2.65487067815 0.52444882466 16
103 9322.08007044 0.677250283256 -2.60120702698 -0.545489425588 1.45868143979 -2.70189812229 2.23810636267 -0.403612659788 -0.355793740787 0.265978743492 0.165883646485 0.93942606298 -1.32787229018 -1.66740658904 -1.33700258922 9
104 9350.79640197 -3.72306302656 3.09140630184 1.67296763941 -0.808968986262 2.22332400105 -2.52645160882 1.63590504156 -2.90224039156 -2.11086626889 -3.00310206156 0.759048469848 -0.128144408388 2.75730526473 2.72500863925 14
105 9509.39039343 0.0589050249983 3.14376539655 -3.55446202013 -2.31200726696 0.673118004314 -2.56616685158 -1.40237674866 -2.41997784053 2.7082365725 2.5239837343 0.691728045876 0.818258407211 0.845096999643 -0.83287517747 12
106 9616.53219458 -8.90226471099 1.1150791443 -3.28097582488 0.821634804795 1.69844705103 -1.67308152624 -3.10682678947 -1.0751758975 1.350471479 -0.973333646978 1.26489862128 0.114226649743 -0.47462602817 2.43134759467 11
107 9691.22072915 -9.01430251829 -2.73003473869 -8.03606351634 2.29807723591 1.46635161905 1.07567413559 1.84732081624 0.266807945452 1.36825537965 -2.8228841871 -1.05691290297 -0.201023548023 -1.15648568769 3.093604016 7
108 9703.06235353 -5.47404961855 -3.80719285041 -6.73715372123 -2.91119157468 1.51977474255 -2.74901671909 -1.52269796729 2.396954826 0.604245237476 -0.678251752782 -0.550129945603 0.531264818861 -1.60343401139 1.44200251132 4
109 9708.50712131 -7.59753883584 0.0477472398773 -7.77087648969 -0.614914605666 -0.741387784479 -1.61145920299 1.2934889033 -0.370499929556 0.728194570223 0.75382273339 -0.276170218731 -2.44841318954 -0.304377634709 -0.480237144267 16
110 9825.37526102 -1.39144996491 1.65274170557 -7.9642697011 2.91632899351 0.995024356642 2.54263256735 0.0933132103806 -1.37824181025 1.63168969309 -0.274321858299 -1.85728173179 1.17074594872 0.643160442858 -2.56498721719 15
111 9849.88844146 0.0185543667935 -7.10203044728 -4.97525050253 -1.38367056834 -2.13640400314 0.988033496573 -1.64557441528 -2.54797520939 0.499842445094 -2.68600660016 2.27128801821 -1.11993473009 1.43636961457 -0.662365792752 24
112 9866.12122337 -2.8609726846 -2.32846068879 0.768952849014 -2.58418650564 -1.05009652843 -2.25499860935 -0.610786546664 -1.90635639524 -0.251811507072 -2.96331488302 -3.07260860671 -2.3079055905 -2.52044346471 -1.97255547789 5
113 9999.70408534 -0.496790304111 -3.45454352254 -4.14874915363 0.765453989484 -1.10032017192 1.359871373 2.97036581621 -1.10856949025 2.89698369182 2.44565164851 0.0866399695834 -1.95599880486 -0.12621699626 -0.842517987452 3
114 10173.5654815 -3.2883062315 -1.89588884424 2.8030219201 1.09904433766 3.04851859388 -1.8662107593 0.909250867584 0.0938230605041 2.41349719598 -0.342224086428 1.75337897515 -1.2875781368 1.22750770803 -0.320585806932 5
115 10176.0322909 -3.6475456218 2.06647359904 -7.32480162091 2.65202024193 -2.07439455591 -3.05640330882 1.63859229225 1.85181765127 3.01528563456 2.52534623176 -2.28131034565 -0.28220375154 -0.505757569791 0.216850123641 13
116 10217.1612955 -7.43664406989 0.513681528138 -1.57712368272 -0.79337334886 3.0211951541 -2.71809439003 2.42150691542 0.833704823314 2.44073253011 -2.90904933646 0.105844137194 0.209479221069 -2.02380119168 2.01093665069 11
117 10234.9257384 -3.45175488466 1.21701043314 1.31505192263 -0.389681641222 -0.246740961714 -2.91987032522 2.61590849188 1.49364197795 -1.20579654008 2.91076675088 1.89061934075 -0.91657268681 0.988275688786 1.89992364302 14
118 10242.5247128 -2.35687841554 -5.94006258733 -1.95623878722 -1.08937600602 -2.17549056786 -1.76744635436 -0.180451643279 0.570905679205 1.92513832016 -2.08916748325 0.653168010063 -2.6506408398 0.790778372384 -1.74404468143 21
119 10304.4758225 -6.67934160266 0.933289670936 -1.67993439652 1.4301787257 0.4483750884 0.179936377867 2.76394609596 -1.33603637328 -2.74107727263 -2.82513849293 2.63360355613 -3.13722414322 0.771425076995 1.51449100943 11
120 10325.0867537 -6.57449137271 -5.17127901912 -5.64604879631 0.102400563535 0.335654034012 1.90877225664 -1.68544971817 0.381862082246 1.77496034805 0.698760868538 3.07632667726 -3.10572584849 2.76058095401 1.68628069681 25
121 10395.1612818 -4.03210225268 0.878997152423 2.28048042467 0.0263269753416 2.40767538574 -1.94759611268 -2.99781410551 -2.62797047461 -0.0130103587948 -0.700599694999 -0.834769122457 2.43313412153 -1.69223673979 1.16622257371 14
122 10411.33018 -3.51645335564 0.37779484849 2.92029827333 0.670871392753 -0.961833854345 1.13568997432 1.19445228993 -2.19960472982 1.18899029894 1.88491304271 2.6370061689 1.57673500085 -2.36352565317 -0.524919797942 14
123 10437.9491665 -4.50502547499 1.8244168011 -6.76008578806 1.09260094335 -1.85600281408 1.93352591385 2.05014139856 -2.36530512163 1.36745750595 1.63785065709 -2.25058778511 2.82533426073 0.454590077214 -1.81998606963 13
124 10464.0231463 -8.87077040491 2.31493658084 0.645575474659 -1.25881501533 -0.957350638881 -2.25476571 -3.01779298709 -2.01100263251 1.6988106917 2.78544011671 -0.613944723023 -1.26030054218 1.18096826307 2.223909636 17
125 10514.1017909 -0.660119626162 -2.83324286797 2.04115672538 0.580074151519 1.22446444365 0.930631949127 -0.124445538096 -1.84870575733 -0.505336914959 2.14596709959 -0.502472410392 -2.50047439017 0.838589781386 0.845213756226 9
126 10536.8695592 -9.66725390727 0.70161528081 -7.81210559428 -0.860647369606 -0.387833410396 -1.57242051084 0.688939806191 2.16290865406 3.09711846287 -1.99406337435 -1.33402746431 -2.33963315056 -0.355834233944 -3.09279307785 16
127 10591.663163 -2.75458592155 -7.24666351203 0.243561800688 2.55168050477 2.05106551292 1.13292571579 1.05847005082 -0.643374988863 -1.1271991846 -0.868723221915 -0.421062048746 -0.48579124828 1.27968365303 0.562030253205 23
128 10648.3841423 -4.31753867863 2.21409746875 -3.03984751979 2.51857339236 1.66567515549 2.87703522311 -2.06743611937 -2.95968016655 0.591175941805 -2.66513611961 -1.51068429004 0.586485770562 0.130762345365 -2.40549487246 10
129 10653.7675584 -9.46773898368 -1.67256028117 -0.64779065012 1.36620954624 2.83465805447 -2.73466495424 -1.34464056529 -3.02049978977 0.535195625382 -0.660663975965 1.56832457215 -1.75727216875 -2.53387741561 -0.0193258484526 8
130 10777.7110837 -9.67969185232 -3.53832065746 -6.81632341632 -2.35302133149 0.187151236282 -0.126580299641 1.77952886 2.43462404548 0.909846392147 1.69120002076 0.0982786199817 -2.10684786692 -0.886983189786 1.60363083723 7
131 10864.5017869 -6.94765321951 2.20143240502 2.60024346807 -2.89774672775 0.199587216599 -2.24350136255 1.64229071661 3.05349084412 -1.06422565422 -0.337451617549 0.682220128278 -1.98883353437 2.35238885614 -1.9515317254 17
132 11044.2067361 -6.14524698586 2.13080121449 -3.0216433777 1.90164937049 2.50716248047 1.6783363384 2.40277028141 1.98578322334 2.01294778975 0.859857419094 -2.88038408198 -3.0350179573 -3.02564676721 -1.72483559556 10
133 11083.2935681 -5.30822809461 1.11850627337 -6.46791534408 1.14308654867 -1.72132991 3.04190140692 1.00542200806 1.09175834519 0.325079336834 -1.04514895111 0.581426932003 -0.781306495822 -1.68677414044 -2.09647494299 13
134 11084.8399841 -4.30465478373 -1.96301050186 2.40290061286 0.763020052439 -1.61297478004 -2.62718724101 -0.838323492918 -1.80430590877 0.781240273918 -3.03809362378 -2.67436952791 1.75623020203 -0.734564133275 2.1854653597 5
135 11101.7087979 1.12234242195 -7.32526692543 -2.11177777062 -0.875196777273 -1.72957656072 -0.804390603332 -1.0501797756 1.64181156974 -1.34063315756 -2.02886623144 0.579412754053 -2.37402274443 2.96414310123 2.38990458424 21
136 11238.1351452 -2.98993965473 1.58800221444 -1.96309096375 -0.136414972304 2.54999983614 2.87474850776 0.923078844843 -0.549602959768 1.3117934025 -0.1014447745 -1.22602931219 2.62485560424 0.438586689439 1.67904077544 10
137 11264.5526269 0.726890389343 -0.0346778592556 -0.684522571563 -2.97586954851 -1.72785144335 -0.759546164007 -0.212038892371 2.03887084773 2.65038729919 -1.10339186625 0.00380209928994 -1.07623636997 3.017378683 -2.35402027462 18
138 11370.9603413 -7.3963739344 0.818604663467 0.305739249627 -2.96722005172 -1.06995846224 -0.981641539434 -0.648921909592 0.418552453357 2.80912524286 -0.321605611315 0.347937860251 -1.02294507153 -2.36011586192 0.0155306032712 17
139 11461.2059942 -9.01081658721 2.673574631 -3.02461575097 -1.93251879735 2.72394800377 0.355816808708 0.506414033949 -0.8136225999 -0.414783676267 0.614134068448 1.69916588086 -0.938865810288 -2.14452189653 0.250009194313 11
140 11485.046348 -3.21224910979 -1.78086151489 -5.53961004605 0.846108294418 -0.72992528565 -3.0563065314 0.52907765137 0.914450025257 -2.10754545969 -2.87695044965 -1.93578059852 -2.25462497531 -0.133961482003 2.13180922551 4
141 11662.6789505 -9.17494579886 2.00166693565 -1.02607946068 -1.31186512626 0.0635888775434 -1.8671761499 1.27053512933 1.63659953779 2.15659731401 -2.0181721579 -0.110085995229 -0.909335135503 1.65489633909 -1.37565615742 11
142 11832.4317725 -4.82794579603 0.589177415019 -5.50377527917 3.09818408321 2.58246309884 -0.799545894258 -0.527302240288 -2.60243174894 0.745425621986 -0.870258323112 2.85902786598 -0.066781564586 2.68778058279 -2.52108868249 13
143 11850.9377477 -8.98756980607 -3.30441726014 -7.60301590102 1.15544411803 -2.09529850046 0.306155285577 2.31780272952 2.43984340342 2.61325932865 2.01493513342 0.500094911601 2.52461686863 -2.37635030163 -1.8264671182 7
144 11999.517002 -3.60656644332 -0.104647942161 -0.306343167468 0.345849424547 2.79622490839 -2.06588087012 0.153044251101 -2.22130095015 2.25695439438 2.9745864961 -2.68238701761 -1.93502427227 1.30129100483 1.98672152165 14
145 12026.3299262 -4.00555745621 1.89451435155 0.022699954765 2.5870570363 -0.713517323508 0.24918017315 -0.517946042543 -1.43097706817 -3.12480238797 -1.56145036917 1.01382883851 2.78587760248 0.993509452379 -2.52921274659 14
146 12160.7540921 0.471579617788 1.84629844096 1.41826866144 -1.78857819082 1.77130141788 -0.497947105454 2.65859824369 -0.829760886317 1.81324818145 3.11588650779 -0.506008278721 1.5355837399 0.679899760336 -0.144104291652 18
147 12589.1817413 -0.493513011725 1.56570914863 -0.876679769348 -2.61013389701 -1.31449891497 2.55898114333 -1.848431989 1.47575869393 -2.01693445218 -0.291449617442 1.82530605871 0.574678374338 -0.62229611628 1.83359615292 12
148 12601.0810099 -7.63404929125 3.11887319539 -5.40039960135 1.99610313283 1.35536002292 3.00990926214 2.32508179356 -2.60095412806 1.33600155117 -1.0659258823 2.87985868361 1.21186440214 -2.92868527287 -0.128676482085 16
149 13517.9285108 -1.7072191473 1.1321237966 2.00536327076 2.79231868666 1.48834700897 0.84679291595 -0.609872031741 1.85854054125 -1.97914277011 0.447303562704 -1.36371201238 0.0601513594795 3.10605910079 2.68900027748 18
150 13745.8382697 -8.73702415577 0.0180119462941 0.547276877076 1.61197484229 -1.00529351473 -0.174416809908 2.59447350337 -1.11685049626 -1.19283794061 2.91318769848 1.38932029494 2.18000851324 1.80652640716 -2.64990112802 17
