 -3.08313762866 1.91068933382 0.811301722893 -2.77957014522 0.515829237607 1.0216974701 -2.6217795315 -1.72224602831 -1.74263704981 -1.33797092768 -1.48162362107 2.15418116742 -0.886400758649 0.909398081895

1 2059.98128177 2.02964561745 -4.41471408298 3.56701281052 2.87941662055 0.741866125343 -1.82795989184 1.78027089077 1.93835194835 -1.94491493997 1.91648380786 -1.71618088913 -2.89594879112 -1.72448029056 2.30839737927 23
2 2293.30679441 6.56702935599 0.265688510408 -5.53517652212 2.66132782139 -1.78235772238 -0.448511582512 2.68872984242 0.396954563501 -2.84637390609 0.747353141498 -1.2647081086 2.42023650771 0.0912568674038 1.65534552359 15
3 3950.60035835 2.02105232786 -5.66193648255 1.76334181483 1.4830026121 -0.582150299818 -2.73645372905 -1.49295425559 2.65313338206 -2.00515770562 1.89485692292 -1.88954887415 1.80795600977 -2.48182636895 -0.866720768481 23
4 3984.47404694 3.37889688499 -3.70952891622 -0.961134164611 -3.00024648529 1.54041972155 1.13997030456 -2.75533293706 -0.412656839336 -2.82289935389 0.515115030846 2.79284834658 0.499012554714 -0.073866826661 -0.0879023165979 1
5 4148.25837463 7.43444197945 -0.670886634564 -2.90596883104 -0.476417921414 1.16654109267 -1.11026003522 0.518197423168 2.39343126964 -2.32708051355 1.58895828938 -2.12022253929 2.94844273764 2.76456119465 -0.326865733847 6
6 4209.90665433 -1.34468552628 -2.93584489807 -3.7168875091 2.91546350767 -0.803280635865 -3.09429671078 -1.07225191845 -2.55450015422 -1.59258066607 2.98478281045 -2.72617680737 1.13480437576 1.90973318355 2.6985058913 7
7 4605.36735063 -1.6897814679 -3.0735958775 2.35151998688 2.45912985766 2.55863289122 -2.10885405378 -0.873386742433 2.21556370864 3.05674946862 -0.407589256682 1.39624718144 -2.84092656055 -1.95980616295 -2.75528917846 8
8 4651.72617545 3.53308021319 -0.243421607692 -2.83689467608 2.07528654612 -1.40080039322 -2.12713495777 0.846317324322 0.827192317877 1.1668745997 -1.89662824516 -0.716547886584 -2.76304621727 -0.490124860609 -0.3513360625 4
9 4843.28942346 3.97030303713 -5.60142100478 -0.0837812058284 2.54992195299 1.48365675857 2.54286357469 2.4254768694 1.42419295208 -3.01133524557 0.237487419576 1.26096922601 -0.837894779284 -0.244538777113 -1.99372703358 19
10 4905.82056344 -2.40251350456 -4.56150939366 1.02867399518 0.67837628435 -1.78311708332 -0.653222469917 -0.491603455462 2.36701471048 -2.93963329526 2.3335864517 1.82951271973 1.96010669474 -1.42665158378 -0.350176344971 26
11 4920.2700522 4.83541376301 -4.71750465043 -5.18257869865 -0.0274005638406 -0.50747884202 1.68826676572 0.546696718597 -1.01275950375 0.762410035014 1.38947723779 -1.07902684812 -1.1371811471 0.274630901813 -1.23414100868 22
12 4999.14898408 7.69627213462 -5.45861231992 0.513975751698 1.54496343122 -0.933120027033 2.69822049218 -2.92199105002 2.41986677435 2.25350501031 0.885516393167 -2.48082744507 -0.983182424563 0.167235108488 2.16133128345 21
13 5012.32071491 5.46851089239 -4.45357828213 -4.36880360819 -0.158688420747 -3.00801569225 2.43730084997 1.41347844161 0.932415371431 -1.00799881488 -1.63083380325 -2.69348445752 -1.16181081961 2.86310867611 0.0871243890568 24
14 5037.9938096 6.97407424261 -3.36940807026 -0.521398153928 2.49926022377 1.97623751811 -2.09557302077 -1.19763720483 -0.91627714802 -2.33025977772 -1.7239827403 -0.838987032571 -1.33173891004 2.56719865321 -2.89129489898 3
15 5052.73595617 -0.313718256652 -2.71687580978 -0.810459452785 1.83271918578 1.85242750979 -2.52452655197 -2.78780398386 -2.50668903389 -0.611275830289 2.64595968027 0.986465905255 -0.921017479082 1.72208417908 2.31810226841 2
16 5279.17341661 -0.175415187519 -6.17991974784 0.588791656651 2.18813271384 1.17380877677 2.23602178629 -2.71997102533 2.11520276889 -1.82814838568 -0.587784528171 1.80002420006 0.102052648255 -0.0172489378317 -2.06691603514 20
17 5411.39249936 -1.14422696624 -6.43058577597 1.35885619463 0.581881160224 -0.908954668923 1.72027823062 0.576008480951 -2.11879115737 -1.89767307513 -0.738038033801 -1.06849847038 -2.38687693829 1.60761640812 -0.390993366032 26
18 5616.83350229 2.06842808348 -0.881181963363 -0.945847838117 0.341814008681 0.142187266951 0.863162496043 -2.10887149367 2.42681935981 -1.0681371861 1.43494476594 2.13177978834 -0.0480268170939 -1.11259296 -2.74665162105 1
19 5672.18320416 6.50665578873 2.03124523483 -3.28988216248 2.4166731882 0.291846623423 -2.29325331054 -0.138114062761 -2.34566638225 1.57490119884 -1.7314343928 2.07845890795 2.7640057711 2.0359221606 1.30873106269 15
20 5779.80167091 2.17976345826 -3.65449632263 2.69497923717 -0.101357169485 -2.51311892517 -0.423249440918 -2.97420836928 1.14478224267 0.588509530781 -2.19040341288 0.793784287666 1.9104896116 0.203425704692 0.854968029654 5
21 5871.64036831 8.2898342133 1.90568266075 -6.22505914716 -0.770480084432 -0.989051469406 1.4083906147 1.48014293842 -0.464609617563 1.19388763638 -1.72810320409 -2.0382408196 0.246065266217 -2.07429446724 -2.98571902957 15
22 5875.2997713 0.391114449372 -7.24704729598 3.38399847074 1.20736942658 0.0165879393339 2.63776309047 -2.57902278166 2.94469074068 2.85896283774 2.14026004631 1.46717908025 -1.75692530155 -0.531750888863 0.248522742831 26
23 5961.83290368 2.48922500199 -5.37607546191 3.88234101778 -2.05426664242 -0.13869330439 0.570035369734 2.47017650479 1.19293448738 3.09443492563 -2.10855667058 -0.653556273268 2.71449066457 1.01965841403 2.38716339612 23
24 6044.27969162 7.57374135767 -3.58636194256 -3.01435520933 -2.29692203854 -1.35653830028 0.557272607944 -3.08071666259 -1.84442431722 -0.979253512254 0.593922902175 -1.13277590963 2.43614614155 0.940033442487 2.34168556455 6
25 6134.82950935 5.47534736812 0.525731460425 2.15291788716 2.95918615754 -0.592572004258 -1.08336816636 0.113813158577 -2.88315899022 0.595142685015 2.62005768768 2.49020054013 -2.12517845919 2.36273411484 -1.29047824399 18
26 6153.73550769 1.01748664437 -1.84914891058 -3.55875234493 0.733167699637 0.930141546782 -2.09397724979 -2.37558214791 -1.32069747496 -2.30392277581 -1.9532572557 0.694501704871 -2.26233334683 -1.29002953617 0.451839866699 7
27 6162.29610205 1.52583604462 -6.76981948235 -1.85494472825 1.8440335166 1.81342428659 -2.3304977821 -3.1171636517 0.852386647283 -2.88231503146 3.1078872062 -1.83838819274 -2.5154428989 2.78550825488 -1.89426416517 19
28 6315.25208431 6.29094169754 -5.44684166419 2.72142074739 2.093899085 0.833811212573 -1.98402884748 -1.01978539814 -2.03149973909 0.130891558652 -0.635874628708 -0.282328579157 2.86441073523 1.0428365613 0.256903848084 27
29 6325.40766422 5.75535687643 -0.702591660457 -1.70884011246 1.37567674219 -1.34912996986 0.209353950351 1.15926412548 -0.375485494809 1.38593953577 -2.66867119219 1.11437470336 1.39475703465 -0.657298642897 1.94563808782 3
30 6393.79926981 3.86108408819 -7.14410596267 2.67912057821 -1.17628717244 -0.120852056814 0.289223468857 -1.19906702583 -2.78495850698 2.39853197053 1.73402781481 -1.57775769465 -1.50189712887 0.0579833928575 -2.63226714822 23
31 6418.45035254 7.47119304956 -0.193731381954 -2.00095082237 -2.79818923307 -2.69217697587 -2.69473656794 0.477956975374 -2.98910218162 2.16093636789 -0.0465472920691 0.0728498330183 -2.86733687034 2.04696344128 -1.33259766633 3
32 6444.94134955 6.10001695113 -4.11565151451 -3.49331778331 -2.63202561147 0.48183676497 3.04370641953 0.225743916949 -0.964925095711 -2.67476813535 -2.17273560588 -1.74019817454 1.52028330802 -2.98925355015 2.81507270362 24
33 6454.26426902 7.95305486187 -4.28052238016 2.25287950782 -2.34237598877 -1.61075597935 0.453774512809 -0.955313194551 -2.24406338575 -1.77380984336 -0.284794164752 1.62763739247 -2.44120367984 -0.0491733489432 0.374154585144 27
34 6517.9742927 4.80221283666 -1.51540066014 -2.65375184097 0.234589512467 2.99570420015 -0.628439488496 1.04084504014 1.50110816366 0.624645778633 0.0736873535594 -0.794402942821 -0.242272221027 0.712050221407 1.87084553777 4
35 6561.33780683 -0.172244826672 -3.4189770983 4.66564701722 -2.458579834 1.61724765132 2.013770677 0.67525993459 1.15150357102 2.63205674646 -0.81250465119 2.98704051713 -1.7337505472 -0.0795642131868 2.33668188526 8
36 6623.49204854 7.57048120861 -4.07338485944 -3.89823495565 -2.6506819631 -2.98630574013 3.12118285511 1.90733540418 1.51402719829 1.26152168379 -0.336999757822 -2.35892355584 -0.787795049471 -2.28225561122 -2.90338046608 24
37 6627.07039989 0.903040800673 -0.991249819146 2.09584013547 -2.63788025113 0.473073266579 -1.07471157595 0.346689776993 0.406770019147 -1.35255182876 3.01226061846 -1.54109361876 0.989140428988 1.60134052997 2.62367858757 8
38 6641.73411181 3.14619860086 -1.97044744217 -1.65942567272 0.180112738431 -0.437058479112 0.437882626056 -2.84778609708 1.15233255407 -2.55613200477 1.67185514279 -3.04219343429 0.315383435571 1.85978299004 1.94364891319 1
39 6683.23850132 7.48327310493 -2.13521105943 -3.06980322689 -0.723879426228 -0.911857859155 -1.6637401381 2.14282375716 2.88767618144 -0.896185800745 0.531450095381 -1.79098960083 1.4477232428 3.04480626161 -1.99817070882 6
40 6741.69994209 -2.14267782774 -1.71305651205 4.31876024002 -2.40288444487 -0.866509118239 -1.51053804998 1.1031317249 0.253139172195 -0.935920731423 -2.89490117509 -2.21581182699 -0.253428616047 -1.79489201302 -1.57799277798 8
41 6741.83179302 -0.94506603426 -7.04308185391 -3.92461405892 2.88891332046 2.0199390369 1.64585445313 2.27197384 0.686614470761 -2.8213243094 0.661220928126 -1.40575493883 0.545901099663 -0.216337132057 -2.33983675078 25
42 6769.8492666 0.212133187788 -5.42209357566 1.96661688356 -0.667142655696 2.08211071359 2.05892898342 0.784435072156 -0.862686466929 -2.68174465027 1.6610323271 -0.964813916611 -2.45324338099 2.33207939462 -2.70885858609 26
43 6808.7290525 2.0865786528 2.84350713657 -3.36944511969 -2.81218611116 -0.355113693833 1.83266256615 0.821614375507 2.33818846908 -2.18432078769 -2.07344063689 1.86784190446 0.89309022044 -2.07895008723 0.961524433364 13
44 6827.18074267 5.9904029752 -4.41103780774 1.58899475541 2.60775286969 1.95441874832 2.92320856862 -1.29859667482 3.01132644906 0.353014383025 -0.539423289794 2.80995078478 -1.50252988796 -2.6032605693 1.48566936066 27
45 6876.04821832 1.92063839183 -4.81334110973 -3.73894316614 -2.5206143778 0.0884607459359 -2.79599509085 0.568270412461 -1.3757637284 1.5374858949 -1.14209712497 -2.93857067273 1.27750248844 1.10335293121 2.12977726807 22
46 6932.58434496 1.8282411443 0.858279651949 3.67737426219 -0.97786074749 2.71661658974 -1.24688253659 1.15605978668 -1.11907099636 -0.048183684403 2.59093858173 -2.9233424036 -0.683873538032 1.07108626029 0.139720861588 14
47 7021.55621268 5.98428817421 -3.10462664313 -3.5142974901 -0.961134255332 2.60993285266 2.49339506291 2.98495658765 -1.23855404038 0.193570161757 -0.02522038081 2.54157408177 -0.818493908725 2.87477802319 2.75951114335 6
48 7028.22022903 7.20256141646 -4.25195996315 -4.99137528588 -1.06069300067 -1.92652997024 -1.39839539929 -1.93530094795 -0.799672332634 0.873855024996 2.64152504172 2.08598463156 -0.81950031938 -1.61311052848 -0.152113363566 24
49 7081.23802387 4.38004659044 -5.60448649835 3.36988354088 -0.116312367164 -3.00448817637 -0.316521668812 -0.723117201151 2.21888674451 0.528580822556 -1.58110338974 -1.30124663081 2.15597311293 2.4468501716 2.42190299345 23
50 7121.50500078 -0.743058864035 -6.30712380891 -4.55476857244 0.333179125089 -2.49499661747 -2.11523436247 2.19307764645 2.74802546612 1.65638404929 -3.14106470556 -2.31674312844 0.890170043162 -0.331576631654 0.651003839716 25
51 7133.54291509 -0.141859206913 -2.10405546548 -3.6088460542 1.50410943019 -1.06831919803 1.07840301114 2.74947336746 -0.487972479254 1.7101610674 2.22629706428 -1.65448419789 -0.17314652976 1.7004488814 0.950356722788 7
52 7136.10208272 0.686067904796 -2.05154351982 2.84321958969 1.21487289674 0.213704092716 0.990178210361 -1.22511932356 1.91031261805 -0.462956223921 -1.18261114905 -1.54886166405 -2.02276173192 -2.53591156716 -2.24970459823 8
53 7158.8225443 3.48064613853 -3.83521562327 -0.584254661021 -2.01738005543 2.22237013972 1.1433333583 -1.53725269462 -0.0454299102989 -1.85252645327 0.548487969189 -1.30853118335 -0.13686671021 2.30303450528 -0.862450211412 19
54 7175.83886155 2.71679652683 3.07269355214 -0.488919473798 -1.27046585605 -1.79910523598 -3.13553001557 0.143858313866 2.25999414266 1.67825758382 1.27363591289 2.12464538764 -2.29698592403 2.18221334609 -3.11428351491 10
55 7273.9589459 7.99460837621 -2.98369018385 -4.98913888007 -2.90284343192 -2.05751749511 0.498380852575 -0.780818213108 -2.59088108964 -0.758548747389 2.58221613798 -2.15243581919 3.00413453205 -1.11419562519 1.64702094811 6
56 7287.34275995 3.5987571493 -3.92561194781 -2.42437995387 -1.75094979827 3.01019829833 -2.16610188128 0.969103440317 -1.85556919376 0.388643681933 -0.663633396165 3.04543093814 -0.879235884705 -2.94237013884 -2.36431200525 19
57 7290.02202719 2.13473677095 -3.58008650032 -0.189085429257 1.33188662918 0.485488630693 -2.51274308302 -0.543922695248 1.89176001458 2.33302668144 2.17133575572 -2.57418935836 1.17910710711 -2.84083119939 0.468341549899 1
58 7296.44154547 6.61970196067 -5.02456427684 -0.901540401572 1.31371204026 0.440232383492 1.4684843868 -1.49792076668 0.256310875483 0.803177098354 0.404194918807 -2.82120994254 -2.30720675702 2.9357657374 -1.43135798588 21
59 7306.62218697 1.10291068383 -6.57945615156 0.628530497602 0.782279382799 -0.0637825312045 -1.31239317035 2.38294200164 2.89079269564 0.106518983083 -2.89996182746 -1.29526524849 -3.12945114788 -1.2457956921 -3.09525920039 20
60 7317.43196126 6.70931665378 -0.284500976874 -1.8973105653 -1.88985075673 -1.90484024358 -0.702873583965 2.72065963109 -0.99971790412 1.13166917927 -0.33717168344 -2.37830658814 0.609403716632 -1.5734562013 0.306423314274 3
61 7325.58562014 7.791852518 0.182467282818 -4.09099118919 0.00105406347861 -2.08329835449 -1.48753306376 3.13095880425 -2.00164395665 -1.74936640381 -1.43487776374 -1.0590504708 -0.848703240683 -1.54915958859 -0.602927446047 15
62 7414.34620416 -1.42246583167 -6.51539239563 0.776057184285 -1.60972951082 0.23847696071 2.22766177224 0.946719697212 -2.41580718635 -2.52393297318 0.671207769065 -2.19302986406 -2.13786397292 0.186009053914 -1.16190656387 20
63 7435.08302897 3.19759539803 1.44132032308 -1.04228598577 -0.669414166326 1.9024428141 3.08422532905 -3.13132335472 2.79858476383 -2.53292783008 0.22244475446 -2.9298511995 -2.84093740722 1.43808506245 -2.02756442888 10
64 7464.83706072 7.80881315663 -3.55511496315 -0.152184901509 -1.22204737392 0.511616203588 0.309701771904 0.497906026848 0.481620121526 0.348267677477 -1.46688118249 -2.44592087005 1.98280092035 1.78816715925 1.52547410701 3
65 7488.8167269 1.03300969511 -6.5949027356 -4.27416020156 -2.523936598 -1.2219472734 -1.79872816766 -2.96144279698 -1.25653781967 -0.991566843003 0.075949815654 1.75579262701 -0.037125348199 -1.1122550731 0.736039138706 25
66 7515.20258403 -0.154408537375 -1.38203481646 -0.816870484417 0.985764906997 -0.21983290947 -2.5246431204 -2.89144855688 1.44771674468 1.22012107597 2.59984333311 -0.459007132304 1.77191749418 -0.702646560857 -2.17978627811 2
67 7598.45653006 1.86565414081 -2.81583803603 -4.67757646374 1.18743115544 0.491970335216 -2.04183013459 -2.77650437427 2.52049476683 2.79649784961 -1.18148092124 2.96033507414 0.490814155136 -1.28010364872 -2.00090159267 4
68 7638.13239021 3.11625819146 0.523343524115 -0.597104315337 -2.24860665304 3.05081906557 1.05235525053 0.0638468728406 2.07909319187 0.731036852742 -2.95949047974 -1.48273643035 -2.88754706181 -0.723332352492 0.538692650531 10
69 7661.80694421 7.65460817388 -2.04818802934 0.867169222157 -0.49815284845 1.04586001822 1.76912928568 -3.07666299037 1.73763168527 -3.07979080847 2.24248568432 2.21620841921 -2.06228337514 1.14372251935 -2.80375353198 3
70 7669.92699528 5.43136914651 -4.18200831142 -5.64490278063 -2.60694653952 1.02610229158 0.849498888519 1.73321180218 -2.84491235428 1.34421801227 -1.50404561096 -2.7908894754 0.367644821214 0.950256245969 0.42051901334 24
71 7752.85474317 7.97261912575 1.59265800294 -0.136075135772 -0.123969656437 0.750400098379 -0.437413927836 2.95411419933 -2.78282230432 2.71917244529 -1.00152983122 -0.273753109556 0.905172726585 0.127852825155 1.69656215801 12
72 7785.10843059 1.40187684653 -4.67688751056 -5.34989267232 -0.703509476954 -1.46305942925 1.83158936762 1.31591747071 1.45554003504 -2.35084126201 -0.197236684774 0.24807111437 0.0721431954782 -2.32764367213 -0.563624965048 22
73 7814.50609086 8.14398988188 -0.949020743349 1.17478685759 0.781670560893 2.46197924383 -2.27191220661 2.89579550395 -2.01326483334 1.97104090625 -2.02331129864 -0.488726585398 -3.05326973702 2.28288951599 -2.5294098382 9
74 7826.50721103 7.2451655403 -6.29090161512 -0.953541110179 -0.0834380253517 -0.619410120757 -0.6167850524 -2.19620271456 -0.506615133002 -1.15184059668 -2.05817067108 2.71028530219 -2.3935830501 2.76184704559 -0.543303051148 21
75 7832.75947228 8.47606398206 -0.00495693947309 0.446850167919 -1.43750558872 -0.030070296103 -2.9036773722 -1.29338706072 0.927238027841 1.68928769219 2.57982348672 2.92736070892 0.945198442945 1.43061046993 -2.83479377996 12
76 7840.63534953 4.02270158748 -4.26034063682 -4.27320477779 -2.73761494727 2.03369842474 1.60972961211 -0.463014244618 0.711719315284 -1.92216861519 -0.376340869575 -1.00286634762 1.03564104065 -1.06399423801 1.60410295773 22
77 7893.23516051 -2.35955248458 -5.2211122081 0.46026527424 0.112921033281 -1.35407400589 0.452358526206 -0.643912067529 -2.95903238584 -2.56349597421 -2.6541136182 -2.19769689822 3.11274554444 -2.81167497102 1.89435084086 20
78 7895.15040753 2.43022872861 -7.005753661 -6.20294476413 -0.950868648671 1.81987404189 -0.518805915166 -3.1324937384 -2.45007551005 2.42688751863 -0.291387630336 -1.07129509516 2.64082354969 -1.01061398342 0.816413474071 22
79 7899.26852605 6.95863184586 -5.09981914792 -2.48376253933 1.15176501247 1.39135498692 2.32100654387 0.0165596050695 -0.364242504836 -1.2362548511 -3.02029511461 0.116035165445 -1.98918838304 -3.13227588029 0.985459236469 21
80 8011.73738713 -1.17792810788 -2.7495789846 -5.8816911592 0.378254242603 2.80957491095 2.62404703873 2.32051933359 2.27985722902 -2.25162182726 -2.455597763 -0.28873597627 -1.26763404178 0.589768251683 2.38266051547 7
81 8013.96641277 4.7552404085 -1.47935132721 -4.6547200905 -2.73332999364 2.91352892157 2.52252607383 2.90809296472 2.32703571547 -0.472922085639 -1.64919275424 -0.939383864814 -1.68860946947 0.547241917262 1.87770436634 4
82 8013.99257161 -2.21728830901 -7.10873654712 -1.44818856786 0.680998504789 3.09953356483 -1.29813511883 -2.97126387781 -1.81465759972 -1.32772715503 -3.09419042285 -2.49748273673 2.93173694363 -1.84766723865 0.805926933253 20
83 8052.93148012 1.81924374559 -1.18473159143 -2.94513705989 -0.713618718023 -0.281075402809 -0.1029773225 -0.991633509718 0.123075419311 -3.11519403241 -1.99428421268 1.10844754957 -0.465719182423 -0.322516605101 0.666131116327 4
84 8092.81503355 7.01464871753 0.82043022401 -2.3450279904 0.323473022703 1.65818556537 -1.89291684478 1.1945808739 0.324053590504 -0.0812916582592 -2.91223156888 -1.87575818742 -0.143100270815 1.03072587484 2.23748166783 12
85 8144.23428794 2.18068936685 1.37240178741 -5.9558850599 1.29280925958 1.563615826 0.890037339103 -3.12333152304 2.68383807708 -2.38114944874 2.13662467412 -1.38686644008 -1.99379641178 -2.41302012254 -0.939220590256 13
86 8222.59568075 3.51035653116 1.67251439885 1.40506273011 2.80321165889 -0.602059074659 1.39702518568 1.46451107433 -0.635778899586 1.39340007319 1.50851526632 -2.19351162231 -2.30459007889 2.05383072873 -3.13200175855 14
87 8238.62086305 4.21538974539 -0.751696296779 1.71483108756 -2.3079248128 2.6235632209 -0.391009241531 -2.64917777868 0.888318638906 -2.27498469502 0.542281321834 2.86977917616 1.69970881376 -0.310566401364 -1.55392019116 5
88 8276.04925643 6.79912796015 0.891126535638 -1.90730051747 -0.144016444798 -1.29256015391 1.16487704765 0.784801064359 2.87215834911 2.42407590837 1.2906040053 0.184659418284 1.53924142035 -1.09207295173 -1.11870290477 12
89 8277.96861512 5.94017017539 -2.07726535105 3.90736048282 2.82263915473 2.95775403474 -2.32238772618 1.25723934778 1.21498434806 1.48738330286 -1.26239747063 1.62662558946 -2.03108857678 1.39910887536 2.38474580817 9
90 8359.66413565 2.9654571406 -4.6799853284 -2.47689167406 -1.15932217666 -0.932592579818 2.89845457968 -0.250704466411 -3.08294803934 -2.73229612855 1.51590648169 -2.32764901236 -0.992772472285 2.12666607701 1.15014084109 19
91 8470.17683384 -1.21499728176 -4.79566052236 4.30614621943 -1.22571896158 -1.67771634197 -2.62757553082 1.82850655551 2.55122199107 -0.689809473357 0.211144758514 -1.32896161478 -2.6383494597 1.97168386142 -1.76918967234 26
92 8477.74349563 3.50542735327 -0.668052006374 2.68661287636 -0.163943381627 -0.709227431029 0.771024335939 -0.165049594202 -1.59105606989 -2.72249617086 3.04267318033 1.07619784328 2.50683718163 0.715418686003 -0.0246512014987 5
93 8534.8968575 1.59193368855 2.39906287422 4.29780064832 2.73936013975 1.86183312607 2.3923384016 -0.00903209254824 0.385094532685 0.897675816523 -1.86728211544 -3.0665288603 1.7608790172 2.32016373989 1.48541478804 14
94 8542.69664313 4.12880822253 1.27674240788 -1.12910947491 1.50160627758 0.307135843592 -0.938713257557 0.286469121295 -2.63280296601 1.65573928289 -0.862339653606 -3.13835490025 2.07176181612 0.301961735105 -0.73384707662 10
95 8552.21154729 1.32141852525 -1.3579245433 0.303570105926 1.49230936287 -2.35616217379 2.29070423338 3.06131347745 2.54975274642 0.932215242461 1.18282646847 -1.21341551166 1.86628308765 0.0660872521408 0.881797130933 1
96 8646.61313611 0.899738446594 1.99506965739 0.980978964248 -2.77117263261 0.422616875267 -2.03071182904 -2.45408482333 -1.35709972704 -1.47038883008 -2.03467926591 0.468104985446 -2.96611301349 -2.51063235521 -1.12127930541 11
97 8753.82973248 4.48604193942 -3.44917283236 -1.08275509893 -1.00697876702 1.97830284102 2.78725467543 2.01399526919 1.17949616874 -1.50333219055 1.23677803755 -1.61330784565 -2.46529188518 0.0934575813657 -2.69418959492 1
98 8760.35240304 -1.11404663153 -0.522860403635 0.694337843373 1.04062596864 3.11610192145 -0.691976360672 0.376167721177 -0.681862675818 -1.28488150032 -2.04545655895 0.632437248231 2.60122386118 0.24503159866 0.276724505718 2
99 8771.57903213 0.816986938244 2.47166378888 0.497935768505 1.93496582232 2.45430835307 2.19466421543 2.12199101422 0.731779518863 0.101656105863 2.50566731732 -1.96581037065 -1.4855867551 -1.64495129198 0.676731549148 11
100 8812.12242468 0.224806955704 -7.41065932574 -4.93396729181 3.05541810391 3.07370456441 3.12087567025 1.02347806554 0.920580590489 0.321732998065 0.609354820015 -2.08512377262 2.36339097618 -2.56088436981 2.34235785138 25
101 8820.02526209 2.28562697287 3.19213003758 -4.68123881263 2.07686671565 1.0717575283 -0.951901029426 -2.61074097297 -0.0518850549737 -0.385727222727 -1.7816847477 -2.3319174137 2.07768870828 2.34740973084 0.138549597702 13
102 8857.90234881 0.0269767996662 -1.07650730493 -1.26194251127 -2.43828019746 0.286136398362 -3.08668660819 2.05673237753 -2.87499569938 2.45850600322 -1.92180047892 2.81984042735 1.68680253497 0.726379265459 1.58005197648 2
103 8872.12480447 7.12059848962 -1.22585832869 -3.0613569943 0.558623408943 -2.48955211778 -2.55428840338 3.08506081788 1.09038260402 -0.131658557769 -1.64404501496 2.24971017122 -0.78808318464 0.158787687807 -0.454906862117 6
104 9112.9872623 2.88168800995 2.7679212422 -0.592215925005 -1.50628053972 -1.23253361393 1.08272198938 0.624096953167 -0.822611154523 -1.07616820369 2.19913495013 -1.40455842974 0.486108321916 -1.24755228863 -2.65168112261 10
105 9123.60056657 -0.967673016866 -2.154904588 -0.192240860156 0.110958879094 -0.861258221086 -0.493891509687 0.385421025779 0.184350170027 1.67516389854 -0.727237254184 -2.5442422931 2.09388959353 -2.93108269306 2.04218552759 2
106 9176.94855126 5.23475491137 0.0145480366016 -0.56412545593 1.15874481858 -3.07324690165 1.38161017308 -0.753171010537 0.486495961829 -2.64013750797 -0.138826448154 0.500249702448 1.2003306116 0.999573817665 -0.67487598208 12
107 9273.80030405 2.90155641367 -2.27869541675 3.50167053383 -1.21824436783 1.69890132295 2.3743231765 2.31711875715 1.57326128852 -1.58503440417 -0.801066491252 1.75426239698 0.151339557237 -1.28988289061 -1.27004117552 5
108 9282.3410232 4.99179302384 -0.549974897381 1.25030692804 -2.26103734805 0.897849301898 -1.20825968281 -2.73320237204 1.83893363787 -3.04206326816 -1.10421876727 3.05373596001 1.5132431555 -2.73652928133 0.942261530091 9
109 9300.58596336 6.38374499283 -2.29432273754 2.04357161505 -1.07962653133 -1.36345550802 0.684555778579 2.03411037855 -2.41031215074 2.69517661805 0.871383528165 1.10638122425 -2.93642482468 0.373152903977 -0.12915091173 9
110 9376.28867467 1.91160063287 2.69787458974 -6.03844673045 1.18823909897 2.22241628475 -2.5136946325 2.82263470901 -1.97448110263 2.32434693199 -0.441840655713 2.07455736799 -2.13403486095 3.0431481855 -2.6038040446 13
111 9461.54691406 6.58875486416 0.931880242351 -3.1252515612 0.242739528888 -0.0242559735091 -2.31761983028 0.987220820791 -2.01183955029 -1.92563771428 -2.2560306072 -2.19192549013 0.608169774558 1.96440159396 0.929589864734 15
112 9491.53054225 0.126617154831 -1.32378363983 2.4800079639 -2.10629616617 -1.79523740207 1.39402497744 -2.28820596108 1.40441734088 2.72025791966 0.102524121787 3.13383703094 0.792006143462 -2.55560858918 -2.9372149315 8
113 9493.40898533 -1.12654698584 -4.96365698903 -4.55576779085 -2.5975781811 -0.731316980654 -1.61928265339 -2.82770531906 1.83046139236 -0.820787852857 0.998126253249 3.13349495279 1.53025643739 0.301626575233 0.550125572715 25
114 9557.60263865 8.12039600037 3.51627334923 4.04572598903 -0.252549911178 -2.31313831719 1.158504486 2.05365429724 -2.9438850215 0.773213725203 -2.86325254058 1.58215019704 -2.51496728355 -1.08992678754 2.80090688931 18
115 9571.27618823 -0.965578175185 0.310443150902 1.26006251509 -0.81068318084 0.779501949831 2.08590036318 0.171155397186 2.1535984386 2.28764583797 -0.692483362118 -0.648077567826 -1.67018974129 3.09832970459 -2.40643144654 17
116 9661.31807552 5.46964184793 1.27146167973 -2.37090293183 0.956020409524 -1.7466050054 -1.11649309448 -2.62842462631 0.482596847699 1.2258610967 -2.43099390968 1.35559520584 2.19653993825 -0.51486096678 -1.9887718416 12
117 9688.77482398 6.48422588767 2.48918699007 -3.74183077948 0.618773851655 0.101607301445 -2.31823977648 -2.17641102497 -0.6380489012 1.13931229413 0.422923222767 1.71376814121 1.82819161427 1.13004904894 -3.05364074892 15
118 9693.39966156 -1.38603056773 1.20007671226 -4.77583970661 0.763216398018 -0.749517361614 2.11577326021 -0.432109944103 0.72068575906 -2.61947569661 2.11163663639 1.17153949082 3.08819532446 -3.07734994941 2.52232121783 16
119 9725.54101259 -1.49643578983 2.79792867152 -5.76711701376 0.836763896069 0.662982147518 -0.48776105947 0.680973912829 0.821562755502 2.22397544483 -2.90514693537 2.48898877767 0.348165447233 1.79755305038 2.66051310416 16
120 9945.80362105 6.3384326964 3.00533473415 3.93784656741 -2.31195298616 -2.11829174359 0.399253740152 2.15515921446 2.02763949721 1.28178972357 0.208435958075 -0.668238291241 2.12739836963 -2.50792910364 0.276227401053 18
121 9981.29697561 6.54476197298 -6.83282543466 3.11070631127 -0.111905014988 -0.14941467041 0.55456137812 0.413660236251 -0.464244620848 1.85706110464 -0.681174132327 -0.507961151298 1.36962952011 1.87774240502 -1.81473164068 27
122 10032.8022063 5.73805213529 0.532118852053 1.33219265009 -2.26855009921 -0.180968288611 1.00080772087 0.543044224926 -2.13485542106 2.04476237326 0.473157812544 1.91628284096 -1.79082875517 1.57618883011 -0.659485464162 18
123 10065.8127186 2.08131036128 -0.10764376169 2.57101382286 1.12016302748 2.37093746469 -2.70445205179 -1.79712081151 -2.51209469425 -0.872552664202 3.03337139137 -2.18189498406 1.28665266959 1.95424018885 1.64766724134 5
124 10199.0708113 -0.867198838609 2.78058502765 2.78597009515 2.65260735129 -1.46521174315 1.53512198828 -1.24689031998 -1.91655294357 -0.252151037617 1.53416109068 0.491867253384 -1.88693342743 -1.02056954138 -3.13907899904 17
125 10229.7985333 4.54558012754 2.86775186988 3.89544813382 -2.50029135505 -2.14949752544 1.66652052935 -0.529726445183 2.04563462492 -0.78734838551 -0.647858466817 1.99062015346 -3.0893965473 -2.14885874739 2.00357833978 14
126 10235.7598932 0.160030875595 2.60758588735 -0.242365196624 0.7949155119 2.65253658887 -0.354585272226 -1.08152072645 -0.058480745919 -2.59717262137 -2.79905529269 0.331543724692 2.72350606866 1.84238994579 -0.50742907925 11
127 10388.6817896 8.36380582749 -6.80277611891 1.62033162943 2.92504282576 -0.180211274595 3.03708220041 -1.29970656823 -2.91512850757 -2.97255096934 -2.36682014368 0.761688660815 0.454221497411 2.19071619483 2.72640878364 27
128 10398.4110566 0.278442481603 -0.972457538246 -0.432046552987 0.258388900167 -2.71710192374 1.42692415721 -1.39593128125 -1.57247857873 0.756497987902 -2.78880999033 3.04384099487 2.291883497 2.5739747393 0.721858948108 2
129 10421.4449 5.26326388413 -0.338467184743 2.89806676796 1.33629472738 2.5476165145 -2.07368654693 -0.924779335524 2.41234454592 -3.0551215967 0.959985783014 2.85179380232 1.48752576328 -2.69399894303 1.99036385911 9
130 10471.239028 0.267947565473 1.76668507923 -5.77156289125 0.455601451614 0.897990800476 1.38139446391 -1.7607538042 -0.978183699544 2.28504316883 -3.00625017027 -0.979559067696 -0.673881043049 -2.4860896876 1.5521658061 16
131 10491.6714453 8.56437920689 -6.51993640888 -1.84042722872 -0.656384961721 -1.46540413587 1.10860935767 0.393723816946 -0.0749307928456 0.389577046457 -2.18098510979 -1.77671674419 1.4905549753 0.143773462754 3.05937625948 21
132 10638.7660055 7.25552579347 -2.25751720984 3.89787899051 -1.4872898821 -0.636360438971 2.32554615132 2.86616636635 -0.65949293551 3.12364881146 0.950609962619 -2.04441038029 -0.832186692354 -0.676618741784 1.09077024212 9
133 10823.8442602 -0.772912310028 0.68737391092 -0.907845956947 0.534162896884 -2.81871785641 0.85164093251 -0.179252611783 -1.87994507942 -0.9082419392 0.324411391469 -2.8230291728 1.45908453006 0.137160789529 2.74707787597 11
134 10995.193934 -0.379939221377 2.61992996533 -4.70917545067 1.98856909972 -1.65833223695 -0.0644079445384 -2.88487412732 -0.637706413846 1.16742904723 0.000202845604029 -0.194743603366 1.17361678822 0.735052355798 -1.2685765895 16
135 11070.4442197 3.38915828868 -3.23991267366 -5.91394393012 -0.91178663365 -1.17316054088 2.16304071051 2.71322970035 -2.68809492622 -2.51751006118 0.335480248409 -0.958890504748 1.66911649074 0.926954821549 0.777064399074 4
136 11141.3301493 1.88225275334 -0.188061312403 2.93343707723 0.0276480599166 2.29552526554 1.99398672845 1.67104014448 0.204453907582 0.145496529062 -0.48894465224 3.13759236627 -0.664171341294 -0.648978583573 1.77282422182 5
137 11157.563609 -0.588254032691 -3.58976208716 -5.20619573489 -1.09866026126 -0.55065696446 -2.30492052216 -2.08942248665 -0.117011095983 -2.14654652044 0.202421071276 -0.034083583952 0.373500947088 0.458570547393 -2.8670941415 7
138 11183.8792815 -0.135368471651 2.91743369933 -5.22305698588 0.029941602601 1.13103479334 0.707482842788 1.07814030412 2.66752278704 -2.50054186117 1.65266584842 -1.1374198878 -2.40934163046 2.94387322399 -1.18348828017 16
139 11646.8186857 1.91711240949 3.22764046996 -3.24550054858 -0.133482061672 0.0603342531995 2.70147070282 0.195019223006 -1.11668988136 1.30701971784 -0.882740619414 3.06953442418 2.81935024057 2.03576151461 -2.15945479167 13
140 11743.3666752 1.39016309566 2.64023805251 -0.186374186473 0.170375584326 -0.378890549177 -0.916420332582 2.63102860666 0.0498087306721 2.46400022751 -0.177793584034 -2.59536000664 -2.83442709524 2.59793502091 -0.909486287741 10
141 11782.4732705 0.724832607585 3.13660020129 2.40141373776 1.69443406563 -2.43225535372 -2.61102435103 -3.08218924701 0.926988216044 -3.01626233362 -0.673840830862 2.01994790207 2.25889440175 -1.97687670315 1.10719093093 17
142 11890.0709436 3.23302633579 2.62130959151 1.56814948125 -0.30306467243 2.23100578445 -0.992711894814 -0.630969973868 -0.412978398535 -1.019035821 -2.81500540436 0.0960327540369 -2.77451330071 3.02031249552 -0.240842336058 14
143 12149.2710467 8.36212629321 1.50587458824 1.28946394969 1.41673416279 1.76446758968 2.51309784103 1.3037939673 1.71420117306 0.788973729591 1.9467252962 -3.02250705618 -1.82990954123 -2.81061318658 0.860378107221 18
144 12303.7676221 -1.3949058292 1.53945022851 0.566850266503 -2.88491595447 -0.0997586843668 1.79379995652 2.51428966122 0.0327229590246 0.863421522204 -2.91976465719 1.27032688806 1.54140833681 -0.196573790915 1.90928475862 11
145 12393.4824666 0.962943898477 3.4877110768 4.1232780349 1.9664180087 0.532815185397 2.04982406603 -1.01097146665 -0.601571489857 2.93678875893 1.2890479754 0.762496251445 2.86516626074 0.799062438418 1.54105493971 17
146 12937.0275714 -1.958385451 -0.858410889516 -3.98703514397 -0.462295711524 2.66651655982 -2.18621553343 -0.089158217898 -1.57438616654 -2.3538070241 0.130568670267 -2.15044140101 -1.33163418705 -0.0292330239072 3.1365700013 7
147 12943.5266759 -1.6233999617 2.80028227914 3.85469965363 -3.03511373275 1.96561177624 0.758935873601 -2.80311613264 1.84649968426 1.37686203018 -2.04692748333 -0.85913368698 1.42899458702 1.38689804278 -1.45777013226 17
148 12981.4444717 3.96637436968 3.30548410463 1.43003024455 1.20191059365 2.44097595883 0.410808583709 -2.3983113122 -0.132097314493 -2.25951336013 -1.92459798654 -0.268470411331 -1.35105118671 -2.0027913923 2.0705919897 14
149 13408.3567507 1.93500286495 0.668575618827 -5.94813346464 -0.63022769852 -2.74841357842 -2.57387794179 -0.472974710057 1.42601392074 -0.907100772931 -0.887866452476 -2.83924892387 -0.41275274133 -1.21547388687 -0.124637948505 13
150 13496.9608128 -0.223053556177 1.72424570809 -1.26017538265 -0.178259599876 1.5555075286 2.74587818554 1.72283456619 2.3493127711 1.26383270208 2.35184112719 -1.28038077568 2.46630847925 -0.592211348144 2.19839421192 11
