 4.30108809243 3.45976733701 -1.31358581562 -2.9384055986 -0.331202473828 -0.0582447770078 -0.242187033134 2.37166679936 2.82811147875 2.64411983318 1.87298507918 2.59012665989 -1.14045630729 1.53703638018

1 1690.01641087 -4.17245289828 -4.11946001406 -0.0607122192544 -3.11084291609 -2.14790978993 0.706764249094 -2.37074983269 -2.6968872279 -3.09910221088 1.34362190938 -1.81284219372 -1.83367053946 -1.79853924707 1.71518451048 1
2 2457.56345084 -0.151831838111 -1.10713729382 0.81941916304 2.92726067358 2.93511934354 2.39460741372 -0.121304583669 -1.3264483143 -1.20320564579 1.31405273463 2.71518752014 1.6883933625 -0.989788520837 -0.0888155404518 12
3 2916.5294901 -0.291611143019 -4.33412262922 -1.38498725005 2.48974029016 -1.09658866858 -0.710372203026 2.97427816966 0.204288324363 -1.6812223419 1.79867962764 -3.062240482 1.67634363791 1.04221945395 -1.64150949058 6
4 3630.56790748 -1.84788090778 -3.59533573708 -2.60713549578 0.170895250413 2.18502050241 -2.4905531849 -0.60556315614 -0.988017796288 1.53522021506 0.414903268112 1.3244911591 -1.79075109071 -2.31849455959 0.122655564827 6
5 3789.21673562 -0.528430003917 -5.42265097731 -1.07959036251 1.60959092155 -0.343107916066 2.82061559052 -1.64692989523 -2.49360621083 -1.19165562441 -2.17327470371 -1.56064374223 2.60258878174 -0.438656669593 1.12653279535 24
6 4043.06427249 -1.22675014648 -1.34921429782 -3.58699741834 -2.85849033895 2.61646481813 0.104748817235 -1.61247907113 2.42787693829 -0.430761818206 0.841682335964 0.0128162353263 -1.60410312701 -2.1274508983 0.294275874091 15
7 4107.14282432 -7.00361651022 -6.08417069883 5.72268493227 0.897829569734 2.53433321979 -2.27764469113 -1.00157341678 -1.79419359957 -2.57390198277 0.618175904027 -2.81587360695 -0.812801565461 0.677850486397 -1.29647488454 26
8 4215.22191152 -5.34661617862 -5.10927293942 5.62892288889 -2.76488616087 0.015244045979 -3.0757696222 2.64197638318 -1.73724398242 2.38874267827 0.968107144071 0.0479108875525 -2.996735489 -0.181623296649 1.26309263391 5
9 4238.79981178 -7.26824974912 -4.88195449204 -0.369236331154 2.66321487637 -0.270660105237 2.10595964346 2.14203468446 2.17613705928 2.09398037105 1.50556773782 -1.24356896063 -2.14577079835 -1.87926343323 1.41726608843 2
10 4318.6417639 -1.63345442493 -4.40652531274 1.86548228475 3.00272914289 -1.79941048177 0.841590106443 -1.77760674932 2.76005708026 -0.19959829255 0.662589563839 -2.85602877045 -2.28239421674 -1.16864706189 0.783891493848 3
11 4371.51227595 -3.14755054026 -4.23797619872 0.072719203284 0.55792890875 0.721081653905 -2.99605590131 2.75688324666 2.94645672085 3.1288511961 0.445789540031 -1.17501191891 -0.286704138284 -1.46886027228 3.08308987783 1
12 4421.31995413 -2.76194433353 -0.114110596057 -0.00138382122445 2.80524116088 0.206237581497 0.916804679795 1.95113435003 1.65827307519 -2.15334579914 1.18843290609 -2.95525455026 3.08165481545 -0.0121736797664 -0.0605778150377 10
13 4543.7426569 -2.40340317288 0.0944698121203 0.291449843233 -3.0823574776 -2.3467280065 2.54818349151 2.66492508552 -1.81200860775 -0.554786705012 0.705170334023 2.20739104428 2.41014694375 1.98459414995 1.51422902169 12
14 4639.48951427 0.50599210297 -4.41500596998 -2.94797959558 1.98040781748 -2.36247997303 3.07363410326 0.331738420995 -0.0220475844376 -0.021777165461 -2.14557382604 0.661579361641 -2.88148641247 3.13108977478 2.46090883876 6
15 4803.05300809 -6.66475403539 -5.52997081185 4.63866905012 -2.49898599235 0.823510403533 1.42865922669 -0.623074400221 -0.345733594942 -1.47558350003 2.10879845904 2.86087640918 -2.56733363189 -2.22164188613 -2.50069778999 26
16 4828.38703374 0.609128810716 0.217371966469 -4.05897390163 -0.610875374318 2.25728027419 -1.31282174325 1.62370014549 1.03889641813 -1.97123192704 -2.46515454197 -1.73841475245 -2.36373818853 2.20686830144 2.14428630243 15
17 4924.18575525 -0.734505434841 -3.98339968135 3.48999404828 2.8112735646 -0.738990271022 0.514803695027 -2.20606600561 0.0100068356346 -0.794989794733 -0.394210858426 2.36932072026 -1.48034800938 -0.233105451088 -1.49939105591 9
18 4943.2516453 -7.4654687674 -7.04553865958 4.97567607454 -1.46961435026 -2.09423803613 -0.0179515964995 -0.0327035640069 1.5111081569 1.76179174564 -0.951956319304 1.36946174358 -2.9555090879 -1.2351018228 -2.65992928319 26
19 4987.78984573 -3.54062383751 -4.12270767352 -3.78996428071 2.3185420679 1.6159495991 -0.724565884876 -2.51081982664 0.622234208824 -0.162627612646 -2.50437556134 0.924691147666 2.80229030768 -1.97322953229 2.67961658818 4
20 5082.42683878 -5.08877951899 -6.04228825184 2.91646408573 1.32459321671 1.26350261184 2.16319837673 -0.674453716652 -0.750972404485 -2.79729419 1.68071095076 3.0573526914 -2.47398347824 -1.11473201435 -2.12427803529 19
21 5278.16879827 -8.32240964876 -6.93259560426 1.11659272615 2.54547601891 2.94466547885 -0.371514475019 2.88077607194 -0.753214798997 -0.292765450128 -1.04542872874 -1.32247598701 -1.50822473543 -0.289817235596 -2.45662619195 20
22 5490.78053699 -4.45899753541 -5.35680493574 0.716279322059 2.21415930487 -0.544332070633 0.320001044255 -0.811574988199 -2.54601446545 -2.22239036733 -2.53801172935 -0.475471976758 -1.43163618244 -1.8359051484 -1.72014065296 19
23 5659.86028 -2.83329732715 -6.13391301047 4.03983188548 -2.81271030687 -1.72290876133 2.21217392667 2.31271406449 0.610096552573 -2.69149765385 -0.790182516076 2.93328322632 -1.88406173057 -2.51403451884 -2.22570025676 23
24 5676.29294535 -0.0296884332152 -3.90005777951 -3.20400464712 -0.813541941085 1.8532818072 -2.22465132871 -0.817218183943 1.69504062577 0.395197675549 2.22099388999 0.557918863803 -0.103172263562 0.945748185854 1.02602942258 6
25 5801.2769953 0.0207447009935 -4.35273723373 -2.79352800148 -1.02188494914 3.10949350864 -0.642115191175 -1.0399760919 2.66895763104 -2.59756611034 0.63988144741 0.626939190898 3.06719384268 -1.70832133633 -1.72297053456 6
26 5812.82581124 -2.91701873425 -1.59079789628 -2.79907375055 -2.83352179425 0.22876406597 1.69542680082 -2.93874347653 1.54698606872 2.30018984197 0.82665134049 1.62499667426 0.601118726215 -1.14560721759 2.07442715816 13
27 5829.03804334 -3.4959874602 1.61103169162 -3.90182416399 1.44526315233 1.16113103514 -0.706982571047 -0.94538034284 -3.0537656268 0.27211341136 0.614039049135 -0.866679460666 0.597545699428 -2.83795712901 0.953410894326 13
28 5836.92492986 -7.36523087539 -5.18590090216 -2.49273801409 2.16679285659 -2.61795279803 0.268026558629 1.84013847523 0.771875180966 0.181701835752 0.2678205998 -2.05534069724 2.26437940078 0.746038117349 1.62208265865 7
29 5837.11942138 -8.77473400977 -6.11370277247 5.75732598891 1.04508971684 -2.87647039902 -0.493664619721 -1.45014403716 1.80652878355 0.0360038850743 0.133486402457 2.56878242285 -2.96970781785 2.99450339445 2.85531740629 26
30 5856.97555187 -5.02560573065 -2.81741132422 -0.143691201378 0.753941662253 1.26157938609 -2.20244191376 0.427472639005 -3.0133864171 -2.75424333781 1.22165301938 -0.815532732495 1.84257591452 0.0731156982309 2.33388351183 1
31 5882.20398333 -6.91871017449 -6.77518303757 -1.08854196865 0.277691260377 -0.431525392517 -2.09080995885 0.709054023037 -0.275585965175 2.96663855956 0.910978158731 -0.407493125285 3.04332980053 -0.428843757672 0.961978167945 25
32 5904.49577275 -2.32151654069 -6.3446672891 -2.33032886452 -0.263391216158 2.93988774361 2.38325604875 1.71440727825 -1.48325914357 -0.305005518691 -0.0397882409197 0.233400585316 -0.0864257207142 -2.8175568815 1.82301221384 24
33 5960.86395385 -4.30196438214 -6.17419298946 -2.16976775556 2.61843381471 -1.6243293283 2.70701978607 1.54559734572 1.47462420589 -2.90792666248 -0.209521519928 -3.00910223226 2.35281461621 1.82607032265 -2.12263616681 22
34 6130.19556659 -2.14550225932 -2.64507286554 4.80897357216 -3.11188846981 0.0678568310805 -1.06584888057 -2.80920535098 0.601279367308 1.11731383507 0.787259987423 -3.13581187043 -0.725871480464 0.566325396664 -0.182518552179 9
35 6178.37728136 -5.32843726223 -7.44559567696 -0.202872514517 1.93810116287 0.955947398175 -1.53972944452 -2.42964794741 -0.325501974717 -2.40283300354 -2.12267729981 -0.993673997468 -0.576272525198 -2.82258887193 -0.986750998936 19
36 6228.2492478 1.06370689703 -3.81553569761 0.128798025839 0.892101012252 -2.15316468134 1.31161083292 2.51944037772 -1.51707142649 2.35568336118 -2.11461692238 2.40897982522 -2.20014166127 2.68788021443 2.69764773437 3
37 6281.01590584 -4.74856943729 -3.08870489186 0.900000091747 -1.39750864135 -1.44777057294 -2.42682863072 -2.14095626531 1.62229997839 1.53595508096 -0.620054755608 1.29260886414 2.90109129069 -2.68912469127 1.58456852154 1
38 6406.88527769 -6.32032394121 -2.96437771679 4.27142191413 1.84368720133 -1.5217542813 -0.974926269859 -0.893032136728 -1.39514981785 2.72953511058 -0.355170834836 -0.47265481748 -1.35287831764 1.87309735623 -0.806689674859 8
39 6455.22476565 -2.01559205485 -4.84112795623 4.91517154189 0.994231129271 -2.1976392371 1.2983872627 -3.10096085688 -0.723666905986 -2.86917332986 1.59954366558 -1.76589275941 0.380452412489 -0.833819034394 2.56237880632 9
40 6581.04173841 -2.70231734207 -7.4079644523 -2.16801249439 -0.435779411455 -1.14485865021 -0.219961316633 -1.01751640058 0.830214246627 2.3421279903 0.966472414252 -2.05278303999 1.75941665083 -2.70193421965 1.59427201697 22
41 6610.28883691 -2.59578621989 -6.19445180387 -1.81785669789 -3.09317425235 -1.12973732324 -0.968175415725 -1.38620760786 0.572475648419 1.18010282558 2.38985646501 -0.51731355686 -0.169270529933 1.25749690831 -3.1159581912 22
42 6618.43077654 -1.36582610349 -3.14497138225 2.67272198183 0.506036486168 -0.889946592651 -0.81964876341 1.88091888129 -0.198755737913 0.553192083188 1.18032940871 2.03254830997 1.28640343864 3.06666228157 -2.69410329467 3
43 6920.84622312 -8.7958114661 -3.18652896535 4.72115240787 -1.96176100452 -0.739039021485 0.515978804547 -1.17912398029 -0.59760786645 -2.12883855201 2.59119867406 -2.95656315836 0.0235558024506 -1.02938269268 -2.10812199067 8
44 6997.18136344 -5.49036740822 -2.61893083125 1.96987271265 -1.06265553097 -0.893697424822 -0.189764864939 -2.68056798258 -0.885776289179 0.326773221051 1.82455310413 -1.61710349217 1.15430689901 -2.1056542531 2.97554927746 1
45 7000.22467276 -9.51522171296 -0.442242363776 5.74922019544 2.94603674419 -0.558281441766 1.25836443989 3.09167630867 -3.10228888395 -1.26914530206 -0.587796316927 -0.644163994325 -0.905790941327 -1.68872914912 0.636428274575 17
46 7010.34650955 -2.93990781458 -0.754585917235 2.86466028815 2.59867499832 2.49933268859 -2.24715933419 2.40535321478 2.58325940981 0.977038553821 -0.362730622093 -1.41466850626 2.26480112081 -1.55630645125 -1.77205372226 10
47 7027.51474735 -7.36858224973 -6.6143606549 3.01833311162 -0.425456769605 2.83960191937 -1.69087925078 -1.87048775828 1.50782739005 0.61225749924 -1.73380477255 -0.0106334276045 -3.11639109933 2.98066771237 -1.04302942606 20
48 7037.62369074 -0.918540384959 1.81493745503 -3.75771217728 2.56901736973 -0.518030642567 0.768555102537 -2.66379059694 -0.896617933352 -2.4601650026 0.957816556315 -0.110137809929 0.635774272897 1.10565263138 0.176460935189 15
49 7067.73613924 -2.50914650612 -8.84664085021 5.21981821022 2.13160638825 3.12458525599 1.14683535325 0.110666166606 1.56890067772 1.11139747036 -1.18728768555 1.18078371954 0.967612449878 -1.34645634557 -2.38948742982 23
50 7094.42693964 -1.10667045461 -3.57009479398 2.16674270009 -1.29253633004 2.47243475727 2.85107812988 2.55700691146 0.478457797468 2.42340782618 -0.236913273231 -2.99440168102 -0.442382985334 1.76657751132 -0.679676429477 3
51 7112.24873486 -3.8827129762 -2.11352886885 2.03608796303 0.154701473221 -2.10374000924 2.38691124344 3.04473943757 -2.71685885799 -0.571619150391 -0.794024756378 -0.137606576823 3.09916465464 -2.17663347817 0.110815930821 1
52 7115.68758314 -1.73778872606 -7.2143741551 5.41584505352 -1.37922091436 2.31228190122 0.877891125662 2.95321427138 2.93922268084 1.75761101292 -2.96864971135 1.87606488631 0.576595778 -1.54052876189 -0.965116389549 27
53 7130.81067117 -7.79391233424 -6.20667715403 0.930879339606 1.55588968204 -0.0174359426255 0.555331620336 3.05847188759 -1.5074481224 -2.67540263005 1.7756941425 0.92873392876 -0.955411680744 -1.56466758344 -1.41375547456 20
54 7259.2567246 -3.60645247307 -3.93030250735 6.01951295849 -2.32653813903 -1.51811316704 2.23690370168 2.75159834801 2.13976907751 1.1714212302 -0.724928680756 0.678168841899 -0.469666101839 0.620436299662 0.918936871787 5
55 7278.61611075 -4.89386733157 -3.99280457052 -1.69619953986 0.491001731743 -2.73499891225 2.14761439258 1.4004843203 1.14884700957 2.71782438582 2.88645794017 -2.91345216358 0.160055770113 2.48810236753 2.73134956181 4
56 7301.95449304 -4.42106326142 -1.221793139 1.19425803397 0.699575402579 -0.0447941740293 2.63261818424 0.830422611004 2.20233952203 1.29930084316 0.451229698589 1.8040949398 -1.89699461732 1.40646191402 -2.00344229776 10
57 7328.7370814 -1.6663081636 -0.0925696118793 -3.79730952996 2.08647046143 0.4270191605 -0.0529779055631 2.12892801448 0.733423039515 0.784678475747 -2.32801796166 -2.20717609989 -0.579659495902 1.06013164313 -0.21735208907 15
58 7345.72503217 -5.36351340025 -6.62365296543 5.21639301861 -1.42012852357 1.07894343738 -2.98377464544 -0.314592824193 -2.14094281915 1.24040365374 2.67764270903 1.47786515518 -1.67474986364 0.508601407185 -1.4876728708 23
59 7350.96020054 -6.87170633628 -4.27954332793 -1.37456682983 -1.3845348109 -1.57839125051 -1.1538039706 -0.145673021381 -0.747871167804 2.15959443551 0.0977775855857 1.82294286645 2.17641279775 -2.7029729833 2.90510575707 7
60 7376.09103918 -4.30230777455 -6.29123814451 -0.672123642233 -1.59291167768 -0.864465780155 2.36906225262 1.21927623908 0.71452688747 -2.74095784779 -2.34263274431 3.02910726055 2.1430891174 -0.690991694475 1.41229607741 22
61 7475.96425046 -9.2974455924 -7.1133784298 4.63827762815 -1.96869621603 -1.53434428412 1.00303990949 2.1343715537 1.88971626515 -2.98036522815 0.650669792152 2.17979807235 -2.88216960971 0.587733942567 1.21635012827 26
62 7614.14322513 -5.94831126699 -5.91318833894 -1.01091101853 0.00430698553078 1.09518685993 2.62996164778 -0.0830734392346 -3.04080133884 -2.90839348736 0.892165204365 2.78071936122 0.287948049064 3.04408602977 1.68539692174 22
63 7709.65634373 -0.845865169472 -5.73454015628 -2.45040870482 -1.13076226954 0.0324361362587 1.33440453514 -1.06323186568 -1.06126805338 2.31066890284 -0.405392454617 -1.84597514912 2.01567508322 1.67498557144 1.2390019962 24
64 7736.0709147 -0.97273563851 -1.51129324353 1.66429454441 1.66084771192 3.01428557823 -1.97204292629 -1.78091280728 -1.37603349608 1.24915878064 -0.648564573851 2.32247046474 -0.766550955786 -2.6088629454 -2.82255233914 12
65 7805.8866136 -4.4202654171 -0.563983007565 -1.70101970446 -1.91666206801 -1.3405721787 -2.14305441584 -1.20451281698 1.56782433034 0.73980048859 0.107327752889 -1.13129157275 -1.59130545956 0.469925796921 0.289388980028 13
66 7821.22858027 0.422969295774 -7.81630601658 -3.6763560062 -0.668516482589 -1.66407737895 1.48021360941 -1.31713049453 1.53039035094 -0.0507143668334 -1.60785885594 -1.01590628505 -1.33268367531 2.51627889274 2.26636028384 24
67 7904.51030239 0.511450459377 -7.43680325527 3.96199782051 -1.23684912665 3.12026372619 -0.715047708625 -1.53357707556 -2.93876836052 -1.21147350046 1.14669243029 1.39964703734 0.901364986096 -3.1092928703 -1.27529206512 27
68 7911.79220535 -1.76657570315 -4.26995033617 6.03764005707 -2.08742900924 -2.42710650942 1.61367954992 2.4527966466 -1.75776115387 0.337161602131 1.17171258952 2.44964482799 2.3187500526 -0.0615115011576 1.46627745139 9
69 7993.69685331 -2.6539074051 -3.03211132771 6.59074899063 1.76782609858 0.474297929091 -1.71734109008 -1.91357634837 1.00634987545 -1.13606886382 2.41976233553 0.530191149789 0.0600833099296 -2.95385437373 -1.54442425688 5
70 8009.5743934 -9.54767865707 -2.74092154664 4.97423715079 -0.819864815594 2.09055569327 1.81445544376 3.00346438338 -1.89795584246 2.75279587646 -0.2050145562 0.152819255763 0.0495473280869 1.4280522218 -1.70744618158 8
71 8081.74477715 -4.09703107533 1.3872605835 -1.85300779874 -1.61802533549 -1.58064615123 1.69777064869 -1.52412828855 1.53709110092 -1.47454168423 0.928396842182 -1.51664079635 1.1301578464 -2.89787158757 1.12927960406 13
72 8097.90032844 0.178398042623 -5.10513971051 5.79712516443 0.679756416781 -0.667906250052 3.04768971526 2.59407605823 -1.50934021774 -0.200444601335 -0.175768315196 -0.347749431107 1.58664425014 -1.2051803674 -0.250087559595 9
73 8100.32981418 -7.22473079018 -0.171773947343 -1.16787515538 0.97996472092 -0.359057097139 3.059884336 -2.26674590051 -1.11850500069 -0.91589383815 1.98832831803 -3.12678170272 -0.893562537366 -0.664309714038 -1.60034709225 16
74 8118.81536052 -2.58245717146 -4.96220643666 6.55195250399 -1.72112245048 -1.82449176605 1.2073491312 -0.580587398396 2.45780316375 2.84325154163 -1.13052387977 1.25258768261 -0.979329006924 2.04749250429 0.828621906052 5
75 8260.75880297 0.300763525357 -5.64480731623 3.01720339238 1.21301386963 -3.03119997704 -1.29521949683 1.44023932682 -2.76509308672 0.826345796607 -1.91451229453 -1.04098952788 1.50262097021 -0.162694608434 2.77190779379 21
76 8271.36476462 -3.81853663649 -8.24393867158 3.1670469708 -2.83692325185 -2.36086526052 1.03451013219 0.0602819658222 -0.416213682716 -1.67487004284 -0.446959000515 -2.24760936781 2.36099769178 -0.774338130697 3.10341024149 23
77 8281.04837801 -9.73503139389 -0.578698332292 3.63939282781 2.19163064966 -1.91043962797 -0.192736929046 1.32220139348 -1.24142672844 -1.74681760823 0.330733565958 2.84292066496 -0.687538642326 1.13867455513 2.08994541108 17
78 8296.95446504 -1.09827592792 -0.847563285666 4.49882192795 -0.101352278141 -2.37311687701 2.95749634788 0.542324918814 0.865125266286 -1.07603614599 -0.324494335422 1.05564137894 1.82432540978 -1.74925640659 0.77164555433 18
79 8342.69554658 -2.07211299598 -5.07160656594 3.10116735635 -1.65299378939 0.150395283829 0.477591156684 1.59331648926 2.72711705976 -1.82791090372 2.40492888289 -0.173871215746 -3.03814472158 1.06105224916 3.08508918358 3
80 8375.36206817 -7.35143713474 -2.74946237113 2.39653727035 1.05123834736 0.144825860806 0.69888287796 1.82903798776 1.96600021116 2.89613132194 -0.0856487969347 -1.7065597711 1.14206549684 2.95736698192 -2.5474306541 2
81 8388.07254075 -8.39633520978 -1.77308708461 2.04455237362 -2.70300443146 1.97605119171 -0.675415696502 0.753855885121 -1.03629159294 -2.13442700507 2.56808212934 1.92498362913 1.737186461 0.810140355367 -1.85268820008 2
82 8441.43198842 -5.30530099478 -0.420068734736 2.10166858335 -1.20211212222 -2.32487407847 1.53242625588 -0.316862517487 -1.27751131249 -2.7799032003 1.48489648106 -0.560459549041 -1.65218407836 -2.11194593531 -2.13957897126 10
83 8450.91166338 0.928919390079 -0.533993013461 2.78712609303 3.05478721794 -1.89775749716 0.0253841963151 -0.582355763223 -2.59604353618 0.461804401623 -0.181556322977 0.838943984673 0.732482636484 -2.30735925381 -3.08123815205 12
84 8462.28473127 -0.790356936229 -1.44050048345 -3.93629616904 -1.57239152767 0.55493109134 -0.609566630078 -2.66068261097 1.61479492062 -1.84797804484 0.517175527817 0.423638013568 -1.83022425506 1.84568541258 -2.27371708932 15
85 8466.31754657 -0.211749952973 -1.32382951065 1.73430889076 -0.856536274378 2.31857252099 -2.86023106973 -2.21622756969 -0.742670744242 1.82109751324 -0.719605109284 1.50865439427 1.04491176559 2.07124953638 -2.23875190423 12
86 8480.47850818 -8.40337423944 -5.70450378806 0.518600862287 -2.37321060686 0.193170233975 -1.28940488691 1.50529036742 -0.265422943667 -2.74711264788 -0.15557908054 2.08699031222 1.41478862572 -0.324786732358 2.85735862518 20
87 8514.12045406 -0.764127303697 -7.96027738941 1.80384908421 1.51588046575 -1.77583457978 0.385141619535 -1.10742481453 0.503476713548 2.47055197406 -0.133649716166 1.66442951866 -2.07594015653 1.12859692196 -2.17425667593 21
88 8573.68035725 -3.27971191543 -7.59014216488 3.90486117334 -2.62617320574 0.241691380242 1.13445124542 0.455556274177 2.15551791407 -1.40806157148 -1.58249637362 2.18163664867 -0.660696682701 1.60548346292 0.118283299702 23
89 8592.04188 -5.78701032351 -3.66739076907 -1.43263295118 1.51773162464 0.148032434153 1.72787098228 -2.95425962975 0.361846706695 1.43492501199 -0.219661536934 -1.14319773636 -1.01704904586 -2.3090531114 1.56999359148 4
90 8627.49679872 -7.06127489602 -5.8545399756 0.623310962849 -1.08112413181 -1.01946466638 1.28199528261 -0.999256308679 -1.69381166255 3.06965135973 -0.0503428323295 2.74228945579 -2.79732457586 -1.86328774911 2.04742868766 20
91 8651.19431171 -8.87422058511 -2.36436041138 -3.23650672627 -1.57150493772 -2.2695329385 2.40708226623 -2.7228143154 2.20366681294 0.202543373591 -2.28450372535 2.91881588102 1.31849595843 2.83160753845 0.477537344261 7
92 8660.55165975 -1.16747317527 -0.960802886485 -2.1020067644 -2.27352420403 3.05433425664 -1.48217189387 1.57325444902 0.302948287589 -0.518540458642 1.60957699215 -0.140548399423 -2.41540118587 -0.0197957130534 -3.0554605799 15
93 8673.34688841 -8.69552392791 -7.44538150636 -1.14180431673 -0.454929773177 -0.13010344039 2.10870537729 0.355974065764 -2.36403721547 2.94328001359 -2.17946026987 -0.515934949427 -0.389112621952 -1.29229863892 1.78266559711 25
94 8964.31620131 -3.13318605275 1.4504965205 6.45827924919 1.39387199881 0.00800340127968 -0.52690766809 2.59893799105 -0.897631384689 -1.54328751102 -2.13732748724 -2.68740795253 2.0514174135 1.31273215866 -0.376854011111 14
95 8993.18012767 0.349684509916 -5.69293249255 0.347038473167 0.0708608181219 1.83102919954 1.3869543513 1.23339390923 0.610368160735 -1.47799504056 -1.07308085558 2.22402788063 -1.73425669191 1.14975627891 2.90611511261 21
96 9011.57372336 -2.59176040107 1.23861551073 0.437622639415 2.76996603075 1.3301142824 2.31598148297 -0.588412983686 -1.45593752151 1.94788635346 2.53736610364 2.62961358601 -2.24667481819 -1.69051846898 -0.483857800671 10
97 9081.52847879 -9.31125058291 -4.05695224851 -1.61452411289 -2.34811635379 2.55799689514 -1.76276816889 1.27527800847 1.06526996672 1.21257073106 0.128240423174 2.52188277325 0.667677005779 -3.11387308408 2.63348298831 7
98 9110.55124312 -5.9468715932 -1.47933088487 3.78525882831 -1.84405030524 -1.06608589881 -2.29566861366 -1.65653876875 2.30515833136 0.827772770922 0.193286585791 -1.83254029959 -2.06194295969 0.22409248318 -0.703636535279 14
99 9136.78647636 -1.44617663554 -3.49418518077 -1.70903416976 -2.03832156451 -0.176209644903 0.64587957302 -2.14232998024 -2.21723623528 0.254706957718 0.266195336313 -2.03850366589 -1.90035819622 -0.910890088753 -1.50101407113 6
100 9197.84218408 -8.19591452945 -2.41565012503 1.4273056074 1.44325596927 2.07556440223 -2.39194743227 2.27223555637 2.63992878253 -2.27180294531 -1.02063837787 -0.269531185407 -0.940299232998 -2.90670600979 -2.01758226417 2
101 9257.35404318 -7.37213299359 -4.53423403012 4.87904132318 -0.247750608626 -0.891391767975 0.295981833979 -2.61835596255 0.741853920032 -1.92656611879 1.72817091807 1.31711071654 0.968384985888 2.12215881358 -0.663533315259 8
102 9390.23315972 -5.06206781212 1.42705439181 3.59580968583 -0.619341960561 2.03986598512 1.23468597627 0.282463867644 1.35133480527 -0.163133405918 -0.840378875183 1.21902966774 -1.97366909562 -1.18751534782 -0.636265724507 14
103 9437.37347124 -0.621891969089 1.49903679679 3.10870639264 -1.33617230836 0.461075780288 -0.735095836272 1.56298063199 -1.8033574491 1.83654284408 1.94326703719 2.34587561793 -2.17537656138 1.93190824524 1.07985850241 12
104 9535.31551791 -3.88264130929 -4.31399316728 4.15385678023 1.72959913624 -1.55416833319 2.93804345731 1.23263621976 2.11651617842 2.99919838448 2.50635847204 0.785847057607 -2.29305829291 -0.296496705359 1.61506116779 5
105 9550.74744187 -1.41426156249 -8.46459943616 0.638118510477 -2.84640491255 -0.658311445786 2.38791821703 -2.37442341392 -2.67127973775 -2.59370385458 -0.504064916385 1.63001105338 -2.24573062378 -1.44456556469 -1.76230594097 21
106 9569.59892685 -3.34607713243 -2.25491009429 -3.18792211372 -0.278360675854 1.22092059571 2.2380587782 -0.700817790383 -0.615469162893 0.513675487194 1.48915825922 3.04999983125 1.50105379769 1.13984701384 2.52080603825 4
107 9578.75874526 -4.8879578279 -5.33145405152 0.576380010093 -1.83637346795 0.814722628507 -2.02891383946 -0.449104096811 -2.13534707837 1.72514884185 -3.05877479222 2.06424362948 -0.400050531459 0.748667227911 2.42527278265 19
108 9768.2555531 -9.24786158401 -2.67116896388 5.20957865509 -0.445310801317 -2.51564086459 -0.150029484056 -0.61474475085 0.876360104817 2.62437176791 3.01350274064 0.166389875628 2.60409513916 0.0828224495206 -0.0807801812916 8
109 9793.16949614 0.932173354616 -6.59968544962 5.75233644657 2.64169241512 -0.81869374534 3.01901217326 -0.887038645353 2.59570809813 -0.692067598025 3.00068029587 -2.74507147868 -2.22730873463 -1.09672517858 0.134341151444 27
110 9826.11067401 -2.5076046736 -2.77405808877 -1.33801558079 -1.47471049955 -1.4714781045 -0.696107562788 -2.47519352236 -0.49842247954 -0.732716757344 0.603885141872 -0.0643454838635 3.07737792839 1.94569843116 -0.233752846229 4
111 9858.76084608 0.876560988729 -0.327631436747 3.83973680687 -1.30889295095 -1.71349151586 -1.63764921751 -0.2386351418 3.05354545128 -0.727776643234 1.6853648249 2.90221660687 -3.1358775835 -2.16184023741 -1.42826119505 18
112 9963.45517605 -1.53475697331 -3.39711349418 -0.296616534696 -2.31865729347 0.78260623877 2.00309486786 -2.77911496653 1.82671628723 2.14883966456 -2.91203710062 0.340081110486 2.74115330899 -2.87067957331 -3.1147562313 3
113 9987.44427382 -0.228258412234 -1.80496412482 6.16255524501 1.36004332911 1.8275151013 2.27626755689 0.55448414847 -3.1237059635 1.98784955386 2.13031710337 2.33980894461 -2.54522759066 -1.0735759776 0.144829350783 9
114 10045.3328217 -8.46170758938 -0.618416482444 1.02971230308 2.47635620265 1.73114795424 -1.41028270449 -2.3369973041 -2.9624388228 2.01604149191 1.76099112272 -2.15613707388 -2.79182796416 -0.252480986853 1.83037612034 11
115 10120.5021239 -7.21451080834 -0.150281821849 -1.74609806666 2.60797376226 0.951698117227 1.96297789526 1.81062819084 -1.72299521458 0.530623869172 1.91806368786 -2.91461586594 -1.50383559848 -2.84517126439 1.06208104693 16
116 10174.6630385 -1.73438021672 -8.2075152064 -1.61718627723 -2.89272410074 -0.909531034124 2.37980393367 -3.13874381044 -2.3696418148 -1.14617616345 1.8885679765 0.690686651459 2.47970677141 -1.08756352262 -0.15844740171 24
117 10246.5342577 1.15822821176 -8.84221294344 5.75538329332 0.445623371039 2.78129834202 -0.813610396044 1.25653952602 2.39490447582 0.892567592648 1.27447616724 2.72107761776 -1.77027769026 -0.257172537226 1.6575309171 27
118 10255.1054504 -9.11098243008 0.489841253227 -0.355863708843 -1.23418221835 1.73163400865 1.07042403205 1.51212464335 -1.17900011678 0.692789778512 -1.11601684469 -2.10892025381 0.750679063413 -1.92196137764 -0.0668071462931 11
119 10307.8129126 -5.02772518426 1.15166220805 3.41670630898 -2.06531719545 -1.6666025362 -2.20413194945 -2.52918945642 -0.767465001606 -1.81729526885 0.947745499972 2.48469830465 0.275568001481 -1.09003617141 0.104296697768 14
120 10331.5067522 -6.42802460649 -2.41662601936 1.63039172175 -1.75609526605 -0.806853210751 -2.95067912181 -1.23299749822 1.35608914883 1.90759852698 0.0633858529017 -1.75990928832 -2.51368334048 -0.553528456709 -1.57212035181 2
121 10339.6786248 -0.608957299783 1.8304750286 6.12624536851 1.59259761707 -1.44330766903 -0.222858362147 1.49938814214 0.68663872892 -1.43855172954 -1.63016395865 0.265169448749 1.57588519881 1.68244243078 1.46670885405 18
122 10381.0605901 -3.50302991849 -2.47512673303 3.85359973333 -1.63096502761 2.40827075447 1.25823630932 -0.3757612597 1.286239979 -1.33991562022 0.0435448080895 -2.96903432443 -0.782220930087 1.55806918638 -2.70454209578 5
123 10423.9772329 -7.11548528386 -8.68764148914 -3.05609940765 -0.60004048449 2.22381828138 1.00295096366 0.908792239269 2.58490702493 1.43872083191 0.080537350588 1.42374649429 -1.90814324945 0.725128802123 -0.0341068430884 25
124 10482.1940492 -8.49143934422 -0.346064956705 -0.292190315323 -1.35375503196 0.93773463404 -0.174118282284 -1.23967106259 3.11976210905 2.85234952914 -1.99860362406 -1.97291901024 -2.72607941685 2.52585161861 2.92357397691 11
125 10528.2954502 -0.285933683377 -8.29099988823 0.762879578799 0.221832334247 0.895003099933 -0.806805192278 0.368321038199 -0.900670961916 2.44692587638 0.351885094956 -0.908216027003 1.23546481648 -1.66004750791 0.275465884609 21
126 10558.2235686 -3.68603119319 0.876794128531 2.74461752384 0.997961522198 1.90517071494 -2.19162165586 1.14085593343 0.429361164814 1.04254772681 0.595680940069 0.971246899095 1.54674001778 -2.09985674094 2.50341718755 10
127 10614.0709933 -6.64753510214 -0.890275551376 4.6997998981 1.62341604196 -0.555140195394 -1.57727856588 -2.47922732916 1.23620701408 0.697334871368 -3.11849182064 1.88299092762 2.9584235824 0.770866885607 -1.00866569853 17
128 10653.0362698 -9.30932569023 -0.210154760798 5.73188321616 1.2188088047 -0.866744793943 -1.33948845851 -0.697280208317 -2.5302744097 1.08426993732 0.00657310633811 -3.07202457453 2.73006931988 -0.563800478673 1.73934958328 17
129 10822.038237 -3.6185268905 -7.68280390413 0.0771957907964 0.462326797065 1.48075256483 -0.244737500846 -3.08525783551 0.523715381143 -1.0265546976 1.76639323241 -0.150075221181 0.0264149907727 -0.362488541657 -0.872511788553 19
130 10825.404194 -9.0229408382 -0.850796681498 0.320514548586 2.52886569106 -1.7150366755 0.00386045343284 2.42113578612 -0.614929040038 1.98986706647 2.01012561446 1.96177097608 -2.00241106496 -2.79009391204 2.1039097792 11
131 11076.4082185 -4.8432244131 0.534867767453 5.21015727809 0.941398012676 -2.61751656377 0.157377271241 2.98026301605 1.12886508112 1.43240952828 -2.54233771831 -0.116181866464 -0.344791480993 -0.97928542752 1.43182165714 14
132 11277.6333021 -8.75104518661 0.0656890162792 -2.55313832187 -0.81795686458 -2.38951049761 -0.253039701532 0.13308582793 2.45156588651 0.0729926986425 -0.396365444857 -2.16576941287 -0.162858192662 0.849028046443 2.09847059629 16
133 11399.1248568 -6.36119579563 -0.43838355091 3.21588232559 1.71374952573 0.535887872358 -0.73351526108 -2.72863917729 -1.72227838059 1.81912439415 2.23305590597 -3.13826810444 -1.77249545494 0.260330206422 1.46739417549 17
134 11418.2721007 -9.30163398734 -3.80411618172 -2.39227101294 -1.0321402625 -1.74815325388 -1.54653648726 0.0192346609817 -0.157043679965 -0.236257708539 1.13359016618 -2.87718740187 -2.79662435087 -0.861493041041 -1.24612073381 7
135 11518.3502234 -6.05418270929 1.28715950784 5.09255867807 2.95483128985 2.13476136382 2.30231178804 1.70177137931 1.0150735178 -2.3755146503 1.2830323655 -0.754299489821 0.758474797804 1.02521673692 -0.617536497113 14
136 11601.0233599 0.376302618202 -5.80958252618 5.64076507138 3.11315714351 2.98317403821 0.649439295381 -1.92377670151 -2.04501728613 2.98059014978 2.16864590652 0.411529657746 1.45383928987 -2.47782820323 -0.344604713436 27
137 11796.8039437 -8.68366671072 -4.48586418584 -3.01923249929 1.4589557743 2.07643000757 -2.72142836315 -2.8154008453 -0.514335581341 -2.49949797098 0.143295045288 -0.714116915515 -3.0953901353 1.23605008452 2.58460206056 7
138 11911.8960913 -8.98560373694 -2.07709607595 3.28923228252 0.301822184819 -2.00146249525 2.87583670141 0.618813610685 -1.24760345541 -0.793718139835 0.0645504610247 -3.00389447876 1.44857507769 -2.19612361654 0.297134961467 8
139 11991.4242371 -6.06045368622 -2.73545587891 -3.9741189628 -0.606591220996 1.78374112524 1.10655810759 0.672535942769 3.10746715336 -1.59733322185 -1.33867926231 1.22039283487 1.87111563226 -2.66146207218 -2.39574454725 4
140 12174.5329599 -8.14236138061 -0.765012676685 -1.53358033956 -0.416090944593 1.18316074586 -0.279804960736 2.44179354092 1.81002390315 -0.543181812523 -0.902188411924 0.473263383153 0.235564950986 0.782036760795 -1.10842682099 16
141 12216.8930712 -9.31076581122 -5.54629123601 -2.74317021431 -0.583592012406 2.56277117925 -1.33522022376 1.55608572531 0.187806272741 -0.647322240627 -2.2021846634 -3.11226444083 -1.50080359616 0.578359879094 2.40833454171 25
142 12257.057345 -6.20530201003 0.557358944721 1.99890979076 -0.21806656227 0.670976235903 -2.74865111058 2.13174839939 1.79673062199 0.437955113682 0.646868691522 -1.25994928579 0.929100390536 -0.97701470735 1.94473843498 11
143 12428.4021446 -6.79570583025 -0.716772988575 0.406928726196 0.333366252314 -2.17332242233 1.063830375 -1.08928605367 2.32889070757 1.14395306459 -2.14709978483 0.235650202732 2.38681817919 -0.965991963032 3.10290782535 11
144 12540.92102 -1.20592341087 0.00977579642846 3.84146704758 1.5092304828 0.970562192503 0.373592975912 1.68194821632 -1.11052380531 2.94459706808 2.2223433247 3.06438739498 -1.06692889115 -1.60914365495 -0.330587963515 18
145 12766.792386 -8.82841122747 -5.34538923887 -2.40976599239 -0.500301775317 0.876651710475 2.71194590227 -3.03493117591 2.23368127407 1.25318156619 0.618961103558 -0.746388303934 -2.99890728378 1.54102406236 -2.58243555406 25
146 13026.4822253 -9.45049519984 -3.60131932719 0.700858833607 -1.06504654077 -2.63882931165 2.8557055762 0.784206282394 -1.27773020771 -1.66077920881 -2.48090857565 -2.84198510311 0.430514846965 -0.831905802049 -2.57392319545 2
147 13215.3821014 -5.80312205899 1.88272407974 -1.52200862518 -0.51350511383 1.00884659763 2.70561910776 -2.25240555287 -2.71699348136 -0.210333529328 -0.0364381304485 -2.64375311584 0.152778121011 -2.57948596145 -2.75111325379 13
148 13568.5801289 -6.907623202 1.33980848119 -0.776542655255 2.86295660008 -0.253959316387 -0.796275658811 2.88820079993 -2.85332905882 0.469009257693 -1.02948734964 1.18350445256 2.5644232985 -1.98412830759 2.08022047739 16
149 14213.3823701 -3.51391690858 1.18351528823 -2.08974943762 0.0746147502255 -3.11668573488 0.511381665858 2.45898120664 -2.61128733715 0.49531085488 2.71558304996 -1.42281210296 -0.704232553272 -1.02221112906 -2.59909085677 13
150 14409.2428569 -2.42062332557 1.68366606334 4.7878651958 0.632740785324 2.99008726039 1.7351168578 2.35841734843 -0.296966734019 2.11682446988 -0.898910549888 -0.0225665444268 2.58358677463 1.62119196699 1.29810736197 18
