 -2.37147580793 -0.983869404002 2.11013340492 -2.64798560645 1.68232602005 -0.728635599868 -3.042004103 -2.83985152214 0.774362586699 -1.42072502009 -0.353922287254 -1.09255333299 -2.34749197079 0.0819581152231

1 1595.06116156 5.04515486056 2.66342070925 -2.7687491885 2.53896211791 0.1855537142 3.11695842419 2.47499692751 -2.43322461843 2.02747917806 -1.89113700878 0.414055535558 -1.17932322723 1.27788319818 0.350739466638 3
2 2037.15746895 4.41051741003 1.67533417484 -0.0904955978001 2.6295463697 0.696428896526 -2.31597459426 0.724116483762 -0.425569728434 1.02558680076 -2.79102776437 -2.65048384195 0.110863727803 0.0407153520352 1.76067736462 9
3 2221.15661318 5.14880074593 3.09296301313 -2.95565989859 2.50576921062 3.06602706382 2.54002663154 -1.59945361937 -1.76046294446 -0.910793574993 -0.627202002781 2.32866658784 0.486747828547 1.6535541814 2.37205076676 12
4 2332.99455863 3.70191957689 3.66526587516 -4.63967952342 2.62461912928 1.66411384447 0.424471210295 1.44528191494 -0.951785806446 -1.3053608217 -2.89039574625 -2.61851370007 -0.203538057506 -2.06464460007 1.57426482846 13
5 2744.25633288 -1.53261875392 -0.40323359619 2.62964144493 1.93183643297 1.32014530809 -3.10012148922 1.43547641117 0.972449740911 2.52701309228 -0.231536173303 2.50204814878 3.06399490043 1.77563346792 -0.656694536143 8
6 2773.4296742 7.5244278155 0.461450847812 -3.70292673621 2.32017843304 2.23830686176 0.322166583069 -0.112362041734 0.462993321118 -2.00154836002 0.357072467067 -2.56894202208 1.0116546935 2.33948892857 -0.803287387776 3
7 3400.03669709 4.48125672347 -2.30243521366 0.90860543971 -2.21792283902 -1.17887714572 -1.60182003973 0.917570563168 -0.940111864115 2.47294610092 -1.67655127042 2.53233951934 1.64798707439 2.71084940183 2.87280432546 27
8 3416.23909311 7.54509634273 2.11694822241 -4.90353275926 1.41711359302 2.47803833228 -2.3902839952 1.22378997005 -2.94957344835 -2.46541580049 0.0876126123094 -0.635419265272 -1.87349442048 0.758576057316 0.0983308157192 6
9 3425.83410358 7.5636831382 2.32125543338 -3.35256204217 2.43048106587 2.21932435081 -0.487594499588 1.40914438351 -0.0705149845358 -2.44312703629 2.16810901454 0.2357527446 2.76629950213 -1.03873452038 -2.13774189797 3
10 3459.39912375 2.83978809651 0.282092571274 2.38305373839 2.84092946432 -1.59375475571 -2.92482155804 1.70012626846 0.202824853522 3.04961121172 -2.35076549418 1.5170589121 1.10781477446 -2.78261702223 2.84891849655 5
11 3494.35848627 -2.99023317883 -1.7733879795 3.22883956848 1.80309466831 -0.361916172867 2.63806400295 1.43597341016 -1.54103172108 -0.272757558969 -2.41024920946 -0.360384004217 -1.63265960169 1.56588809001 0.58884654559 26
12 3609.22382049 -0.164255052523 -0.728931781835 -2.83328417293 2.20189620238 3.03414482611 -1.04131470094 2.88055474432 2.05085246977 3.06017297863 2.73623905187 1.07953361038 1.39348051321 -2.9984340491 -2.74107761473 2
13 3611.11293831 7.28205048618 -1.55029936296 -5.61612761167 1.26697740668 -0.753145768905 -0.37894597071 -0.986140829471 3.06342074403 -0.102705277268 1.0762883512 -0.747131881956 2.49199828192 0.460275197677 -0.0458415189408 24
14 3775.46887158 5.80433015893 -3.24843094937 -4.60198314249 -2.29428576407 2.89404702055 -0.147409173406 -2.89606504189 -1.49692524428 -0.759441115548 1.13473021527 2.94823802764 2.82259413341 1.46818861416 2.00708020575 24
15 3969.04238054 -1.13435385114 -0.693228197739 -4.98460291925 2.14933889164 -0.266126706128 2.98775236434 1.66778257768 -1.91738178785 -1.73537513021 -2.52365341775 2.63566031803 -1.78125860837 -2.60266289741 0.792242735168 7
16 4285.80192819 1.21139714754 -1.99486416194 -3.74665900681 -0.493310060578 0.746464482715 -2.21598905794 3.04712140691 2.1245575841 -0.115848799766 -0.409345439488 -2.15983123282 2.86162941347 -0.674942811779 -2.66987883013 19
17 4308.59309246 -1.95897638285 -1.37893332963 -1.27025856882 2.33337130409 -0.98506906585 -1.9968328065 -0.987513864137 0.852312918085 -0.223197279204 0.780230548683 0.794462845591 -2.26396162979 -2.1611685378 0.0660947635777 20
18 4481.69927707 6.4480581516 2.3938569979 0.269281333764 2.4893631497 -0.0296737223649 2.62626605732 -2.0664860105 1.76093550862 -1.25007936038 0.698966184515 1.44405943872 -2.27624282053 -1.82591135088 2.81371044758 9
19 4680.40153383 6.73963120628 -3.28753190805 -0.408781459248 -1.99748228008 0.789868415585 -0.968793206879 -1.48392710426 -2.6581027231 -1.6267117982 1.70281920465 -2.56330262356 1.81506205334 1.83767717293 0.415205176031 21
20 4683.4085023 -0.349329340281 -1.47492445084 3.16114789508 0.623393820912 -2.19677986437 1.093894263 -1.30743462534 -1.6326592545 -1.87644423036 1.55178584699 -2.08784362571 1.71472893156 0.540263459663 0.21389126965 26
21 4818.45993576 2.00795157899 -2.15972500462 -2.98095541589 -3.0870808922 2.3668939739 1.09313109832 -1.90975593223 -1.50181811444 2.31993915078 0.975353506988 -0.295034808604 1.74444781115 1.3006107547 1.04860947203 19
22 4819.00295875 1.0539896052 0.839217540699 1.88913793963 2.33946569089 -2.42377091027 2.13103846085 1.42700840769 -2.04501167332 -1.7176785659 -2.99707019058 -2.99559737798 1.27461393506 -1.60169974406 -1.93539768827 5
23 5021.64875666 1.07184719342 -0.138162004012 -2.10192931933 -0.630054918183 1.6382421672 0.311295607393 -3.09191697752 0.136395301385 -3.1342788503 2.87254252843 -0.208051104953 0.978597547308 -0.126619016846 -2.0522681672 1
24 5024.5515841 0.841486802881 -1.74245915745 -5.92713709392 2.38928009712 2.98046946854 1.98470297687 -2.95057132116 1.43171776525 2.25373329706 0.948354102858 1.42214848785 -0.297883740812 1.79979193902 1.84987819256 22
25 5306.74362743 1.24006764009 0.154282749555 -5.74354478856 2.17676903145 1.78476482269 0.368900307481 1.57965400707 -2.35254374532 -1.33318251074 1.66259554994 -2.34858569918 0.554106651166 -2.93425077809 -2.49869945056 4
26 5356.55174917 -0.856460212151 -3.77330393716 0.992505527866 2.07960285054 2.55196189625 1.5631891469 3.06230747585 -2.57759529588 1.5983494407 -2.07572417319 1.12328906331 -1.23774891616 1.93253300268 -1.72503107008 26
27 5490.45908148 3.63941529537 1.03432778208 -5.72713399103 -0.38653355941 0.519254077814 -1.50176087969 1.86463815253 -0.187438379549 -2.9665621737 -1.72008919176 -1.69274987263 1.30089821762 1.78572808947 0.550809505201 4
28 5611.80217318 5.4845490974 0.660501612092 -0.63165694911 0.245651282556 1.62413932415 0.731501148794 0.635889735378 1.05036084539 0.719892272717 1.23485764291 0.0926314249399 -2.21945741833 -0.999709429099 2.34834114165 3
29 5612.80229815 3.92020437421 -3.20956466072 1.09130536482 -1.70240303168 2.97493194102 1.95047081988 2.15927887117 1.95199878671 -0.0303228583226 -1.70888159726 2.95492401308 -2.07344726409 -2.20919827769 0.544984173045 23
30 5663.90608387 3.74762333429 -4.04145286639 -1.81757821451 -1.62740622729 1.65569749997 -1.46083147755 0.483511450056 2.38955406179 0.959925318562 1.68292763953 2.02564403383 1.97558629179 1.61937280831 0.952333924474 19
31 5714.92553389 4.82795911909 -1.17619765279 -4.07485409021 -2.95084351607 -1.49137556011 -0.705732486534 2.26182152574 0.56595079339 -0.324712176577 -1.55782166558 -0.562536924031 -0.183132038231 0.852009155231 -3.01695886803 24
32 5775.5167524 7.30144108822 4.14728904222 -5.38399880119 -2.2502709876 -2.66774554874 -2.47029420589 0.619143228497 -1.50237506665 -2.21209081661 -1.77689223133 -3.10414729946 3.00166422013 -2.89131844152 -2.96303534826 15
33 5965.94793311 5.34275285798 -2.31450729424 -3.28854769812 -2.33866047055 -2.03679389211 -1.61440774339 1.30483019932 0.340176302036 2.57922957742 1.08957060716 0.0858471889253 -1.88442384471 3.03146993365 -0.226166643245 21
34 5972.55403155 1.72240075333 -3.53512834856 -1.62673737361 -1.93171560839 2.85404054569 -2.79611337591 0.481412963766 -1.50639502397 1.35287182357 0.600058132151 0.681215530582 -1.93459165744 2.46647652806 -0.229004222877 19
35 5972.68448358 -2.66754674592 -4.24960483925 -3.62293972204 1.1454658987 -0.863124685547 1.73222386994 0.668626971871 -2.78006271148 -1.56473364695 2.24652205259 1.45984753008 -1.81159246012 1.35612605095 -1.94238960198 20
36 5987.33134994 5.72418766567 1.14070311465 -5.89912663886 -0.10701868393 -1.98020633467 1.82632216764 -0.433048940966 -0.791072314401 -2.63279564373 1.87896776153 0.991856076272 -0.298544717067 -2.84855045932 1.70124085385 6
37 6015.20395694 2.82937681633 0.183746283196 2.24678343226 2.23937582678 2.81685787812 -2.74543646024 -2.6307238618 -0.029894456527 -2.80129933877 2.3371454811 -0.993004992025 -0.298118800966 1.4006779671 0.470106619437 5
38 6022.80676269 0.519512862793 -0.340975830828 -7.22454239757 2.58269252804 1.92477036418 -2.86369585457 -1.87356476433 -0.793226995922 -2.79979793132 0.297907649883 -0.554374786868 0.222130173417 -2.81059095752 0.760375923626 7
39 6054.98955984 6.79584050147 -0.049556357778 3.13468094093 1.80422984091 -1.1081504225 3.00311173674 1.24917590545 -2.14662817345 -0.844976213815 -1.66636788204 -1.27978430897 -0.0544691947164 1.09921919398 2.80030652935 9
40 6064.312351 3.62713117989 2.23734127998 -7.21048940801 3.11339709541 -0.492368696601 -1.2792700886 0.562373449656 0.474007604845 -1.49070601334 -2.20069451325 2.08092831046 1.01987996702 0.169149762533 -1.04626136144 4
41 6209.24642097 0.194630346379 -3.90859547695 0.157595552697 -0.350118614962 -2.59712697426 2.49290983483 -1.22313015777 -0.471307277899 -2.41711159228 1.2314085772 -0.374017243894 1.2413895649 -2.39507438559 0.217949744534 26
42 6241.5026264 1.34574549382 -0.289620816023 -1.18672599948 0.1655842438 0.624809817269 1.62836896021 2.1698638085 -1.60907720477 1.16415363331 1.32933847118 3.12753172438 -2.3767913998 -0.109701849166 0.651320418159 1
43 6432.87183826 4.63091520464 -1.7766408272 -0.218863180824 1.20634775981 2.27163616769 3.06926104171 -1.01237375796 -1.32585334599 2.7784049259 1.46702994423 -1.99167394058 -0.613949631206 2.60121973664 1.80221630939 27
44 6490.36126155 4.48981310531 0.108094752052 1.07394385679 0.313475279956 -1.13460840508 -0.935707986823 -1.49644460345 0.496846559001 -1.86173599462 1.3178016788 -3.11676510767 -2.9695601481 -0.215695209466 2.55249971515 9
45 6549.62450274 -1.77582701075 0.509242304987 2.33263126237 1.08981308635 -3.02195426214 -0.644287909469 1.8719506965 1.21995788111 1.85831257345 -3.06779102811 1.22165219096 -2.40562440485 1.50883460975 -1.84933283264 8
46 6677.53065386 -2.16216406048 1.85759699469 -0.236093443963 1.87371546618 0.759821843167 -2.89811696886 -0.707844926699 1.28397808208 -1.85432561387 0.320070613075 -2.52595896771 1.67345365694 -1.41828348642 -1.26860628145 8
47 6678.37254553 2.66259807338 -3.37158045596 2.97079683621 0.592311506271 -0.0438355054083 0.830498551396 -1.99292704208 -2.01116397949 -2.77742448165 0.333530198155 1.97213321843 -1.47458326177 -1.84260933282 0.432327511508 23
48 6701.25417886 1.46421290949 0.321703098592 -6.51265604566 1.48300286721 -1.4758411723 0.725740528028 -1.19934754849 -0.723438498362 2.5537364964 -1.82743296936 -0.674926614132 0.213544206985 1.43474611114 1.64747622891 4
49 6722.29925262 -1.56603954913 0.663967061973 -7.29387567495 1.79695276645 -1.00487436722 -1.51571512411 1.48635069392 1.98531590739 2.06342636263 -0.935778455022 2.39074403881 -1.84593847389 -2.74215067297 -2.42815548206 7
50 6806.25370043 6.1226698332 -1.25986542843 -0.551967971256 -2.92181655476 1.85471221465 0.405850585944 -1.27805427035 -0.764727443956 -1.26881972035 1.7533036615 -1.32535800187 -2.11122521161 0.63959445732 1.38189732834 21
51 6847.0835108 0.778991905746 2.74260830489 -5.18585241449 2.7252920397 -1.38161043212 2.60369184558 -1.76051907484 -0.412436468588 -0.188773462146 -1.83358709357 1.63054193853 -3.13027546788 -0.633780914398 1.66768668908 4
52 6936.77444333 1.66712990923 4.52847390123 3.26144577129 -1.11983906781 -1.61983456464 2.63700015466 1.68928783303 1.33675595626 -2.61568341299 -1.49176432585 1.33145933951 1.49438519104 1.35904023615 -2.94938481778 14
53 7024.82660813 1.13163509069 2.16303102097 -1.84377407348 2.35810412851 1.57173273233 -2.84237766912 -1.8602755136 -1.02209381039 1.41739303288 -0.924698885685 -2.59256039284 0.330355363918 0.506273500503 -1.58617159536 1
54 7127.45516312 2.85305631763 -3.83232413417 1.64853960705 -2.67270714138 0.821965653105 -1.03904834143 0.899425480115 2.26403954294 -2.68834046393 -2.79716255404 0.211538992917 2.09959546331 0.397621458466 0.0165643269252 23
55 7131.90919744 -2.41585250452 -0.820369551092 -5.59158728985 3.0852330925 -0.543273998862 1.50842366204 1.29196006661 -2.21278759798 2.21124090046 0.202513139015 -0.434367231439 2.36339005252 2.43023156703 -0.251717019571 7
56 7136.46060382 0.65866327291 2.36588145896 -2.5751198226 2.0649023591 0.951000920964 -1.28447478561 -0.891979106536 2.13029694248 -0.799476675097 -0.316673297009 -2.87763748716 -0.790604357909 -1.94365244283 -0.0323636716815 1
57 7198.21032335 4.84364266243 -1.79096675253 -4.68928972865 2.07035864484 2.42161136072 -2.94922717653 1.83126902452 0.05683692158 1.72535419995 -2.58882044608 -1.07315837792 -1.71279817992 -3.03929935276 -0.893006291941 24
58 7251.42059127 3.90686650686 -2.25270577474 0.919717937238 1.07088367238 1.18995499005 -0.892629483731 -0.499993328504 0.893458046336 -0.615784542041 1.42264268366 -0.0932716901028 0.386816472148 2.47221129618 -1.12151074994 23
59 7268.5049317 6.00444191424 -0.237957107413 -7.55937392214 0.163339298749 -0.998075049784 -1.65473512821 -1.32764769363 -2.98428428466 0.17047558341 -2.88863907635 3.12146445605 -0.461134185934 -0.89343609048 -1.53711498939 6
60 7378.21662876 4.72728962625 -2.17305648337 3.17281518186 3.11789573437 -1.41481895783 -1.75151004275 2.22772739661 1.2764636034 0.466312518286 -0.0151495928053 -1.3039789195 0.886363879163 -0.292732811806 -1.46919774238 27
61 7412.99789139 0.23332247189 -2.62455988679 -0.213187072994 -1.41524320448 2.42068731793 1.04637303996 -1.41868304877 -0.659574933048 -0.0583216815994 1.52442243827 1.27297504814 -2.74430483578 1.21938532631 -1.24871903536 26
62 7433.89266408 6.14604032745 6.41249237123 -4.68890218381 -2.99685054087 1.15536651668 -0.167905866725 1.99751790843 0.112573249601 1.54304753225 2.97356960194 1.68581341176 1.5852488909 -0.358031750409 -1.75423794413 15
63 7439.56981336 -0.623836563577 -3.33322720084 -3.73589785744 -1.69180505944 -1.68533308822 1.97407816879 -2.9508098211 1.34709599408 -1.43228194801 -2.28441224239 2.55457247079 2.55753197798 -2.66797397027 0.480575531964 20
64 7450.91458958 3.73390428204 2.43832089873 -1.15760632322 -2.83540569676 -2.57133163659 -0.0136186610201 2.482354017 1.8197731733 2.09047738553 2.67928424884 2.04408794206 1.11244627287 -3.13902590408 -0.124052498269 1
65 7451.09527264 -1.01177402803 3.39357331716 -0.288643270547 1.98887434833 -0.00665293240674 2.31681891935 1.09610658622 2.60809690965 -1.13938745416 0.520923282033 0.460203840752 -1.58556174058 -1.39924363455 -3.09438937435 11
66 7509.38362603 3.59392375383 -2.70359038844 2.01393798286 -0.696920658776 2.38471159088 -0.94930407011 -0.148805065873 -1.72678121414 0.78773498448 1.01222962966 2.30327887077 1.98559695865 -0.715608579519 0.339606691347 23
67 7550.29028033 0.753705347752 5.02083562978 -6.98836305436 1.13240265694 1.85356696858 -0.524060648504 -0.534585437627 1.94848488586 1.41179001405 -1.34464480898 -1.75366347684 2.78815713301 0.212367640051 -0.27109851514 13
68 7562.36408512 4.05768158751 -2.59238468985 -5.33418350286 0.179869277886 -0.253476878726 1.62693603715 -2.48059649601 -3.12104439304 0.382728006816 1.39221940406 -2.00678888377 -2.32298457928 -2.40584928819 2.03267676702 22
69 7669.07237473 -1.95610025353 -2.45832687855 -5.85072111917 1.8452937772 1.09355545598 -1.37427390105 -1.3190051946 -1.19428546888 1.74272928718 0.746726833882 -1.50650157741 -0.585091033783 -0.496273147804 2.22848881418 25
70 7720.33766721 1.77334178491 1.00720797988 -3.08413990372 -2.38840533341 -3.13287526572 -2.22137694739 0.0476960361338 -0.343499529849 1.47755280743 -1.06557497342 -2.07233227917 -1.43039156701 -1.062574358 2.35656646275 1
71 7802.64788343 1.68786963529 -3.73319646309 -7.33753422637 -2.97084485587 -2.2576064168 2.47607080691 -1.5068348835 1.29285385738 1.14789659424 0.527551615172 0.208290112962 0.872871900763 2.97622776756 -0.772733090158 22
72 7817.07170139 4.31024410768 -2.86517624703 1.05421895444 1.34839356032 -1.45424861361 2.86986103178 -2.71524067389 -0.427327556427 -2.35947657687 -0.708178496785 -3.09262753495 0.0671919020808 -0.820630600703 -2.45001666823 27
73 7881.33223067 6.24774483169 1.87052344224 -6.78260470827 0.255157784718 -2.84542995212 -2.26608882879 2.20513029603 0.894083032009 -1.31219815654 0.631831294946 -0.0645351129355 -0.066766241667 -2.60219669266 -0.344982457934 6
74 7905.74360921 4.10685187055 0.920615644028 -5.88037156489 1.13712516306 1.50680548878 2.16910650685 -1.05146773802 2.13473216704 0.351155415468 0.694190362371 0.0847488829498 -0.263273392056 2.25027053429 2.33296725389 4
75 7945.20630894 6.4807131026 -3.03830823609 2.77272725599 2.10177812989 2.6547795287 -2.70651591539 0.293080960511 1.3978422581 -1.26911391542 -1.79028151459 -1.93350190471 1.88601519313 2.73946967205 -0.848128317776 27
76 7946.85603529 5.24204121464 2.3526426183 -3.38333891295 1.30401033814 -1.21344814113 -3.0106016303 -2.59953306816 -3.13092281384 0.390269939758 -0.816903912071 -1.92726934186 2.08608969255 -2.93399078711 -2.2163072001 3
77 8035.22064302 0.332340068616 -1.73422949342 -2.26007588902 -1.516590793 2.91866077341 -0.822540437659 -2.35942389506 -2.40748399109 2.23810975516 1.69920780213 2.93961647849 1.05700747176 -1.72316106649 3.13308722276 20
78 8054.0260172 3.80636999187 -4.05957159449 -6.49672325817 -2.7562374627 2.2655173159 -1.98376057775 -1.5004417983 2.7256561241 -2.71504132084 -0.935923625025 -1.69464065496 0.441582154678 2.12774230173 -2.47841998561 22
79 8156.72158971 2.12904156485 4.43538662012 -2.94628731991 -2.15095824327 1.06813366071 -1.27138919247 -0.207585476898 2.23931215404 2.89677247394 -0.261316826106 -0.972530785084 0.355371012177 -3.07254718562 2.75020075954 10
80 8159.64101736 5.73288576784 5.08519239447 -5.45718445147 -2.55007215651 -0.967882597166 -1.46298767111 2.34085585321 -1.31457423251 1.19421082826 2.41912726689 -1.01897204069 -2.81189260839 3.04479355439 -0.779499944509 15
81 8164.94387322 6.16049936059 1.18681282991 -5.60067445815 0.582945158724 0.859442554094 -1.14875636374 2.02338879566 2.57038201807 0.30229149206 0.655592855982 0.98022112756 -2.51925965418 -2.1909662596 -0.58567893714 6
82 8255.29865519 -2.73647597363 0.640554608435 -3.00623599761 -2.19992012801 -0.845052406044 2.56400722108 -0.678404855215 -0.0685949218944 -2.56515663938 -2.09670579846 -1.50943895493 -1.20949819056 -2.60457329693 -1.87948547091 2
83 8256.06606512 -2.26810732312 1.2580761485 -2.290319039 -0.0483029282101 0.631444780359 -2.55713138195 1.82296105316 -0.0695519953966 2.35181458892 -2.36678950936 2.21142675761 0.837387684404 0.460582456383 0.197595643897 2
84 8266.98038456 5.51335705429 5.55983587141 -1.1089329854 2.53776188583 1.40069483717 -0.575894632047 0.0689199379903 3.11009349479 -0.69087944794 2.80629420186 0.133210449182 -0.125383877276 0.569563012586 2.08281699493 12
85 8294.61837361 7.33270418094 -0.430196984915 2.60617550554 0.573576533455 1.24387843062 0.59356095717 1.79777297154 1.50499175746 2.60136780849 -1.96525954989 -2.32481114019 1.77514437345 0.668864329299 -1.62757367778 9
86 8327.00813209 0.502306142899 1.33823389335 -2.26272707839 -0.356987198354 -1.79417978899 -0.419566059459 1.67091481618 0.00133753935635 -2.67864255946 1.54025272498 -2.07944638091 1.99439441997 -0.714906485675 -2.32799385253 2
87 8343.30162932 5.37863334515 -1.61452812723 -7.36167530128 2.90139790773 -1.29884494812 -2.23829314476 -1.21475869035 1.44781506542 2.85135670198 2.22431323766 -2.26962222164 0.142290248712 -1.87638757664 -0.498713943955 24
88 8388.25631683 -3.03284297267 3.61467015485 -5.72789492496 -2.77062988541 2.00929727243 2.66260027592 -1.11689225112 -2.6781259718 1.68277796886 -1.0380380131 1.95981059952 -1.52265145573 2.07063614428 0.721903264425 16
89 8393.3973509 -2.75686268568 2.13459880502 2.1234898558 -0.793952997383 -0.516287746896 -2.16615844485 -1.84113514991 -2.75064987583 -0.620571080458 0.942457684813 -0.0510462974258 -2.60018577007 2.6789280231 2.3942070148 8
90 8433.57761689 4.95766262356 1.8653497037 -1.30849996649 1.13550102888 -2.21971974505 -0.472006417808 -0.283566264029 1.07081938481 2.30777951778 1.80732249184 1.19308842009 -1.20196302838 2.21275489185 3.07371746038 3
91 8519.32099421 -2.41297509711 2.23051267388 -3.65349645044 -2.52533461701 0.527205479668 0.21442764399 2.45073389837 -2.26589975105 2.8340058605 -2.02733210243 2.63448906249 -2.44229117484 2.66190311295 -2.42931409332 2
92 8541.0375517 6.9210707209 -0.59470887122 2.00970020582 3.08618175399 -3.11154612536 -0.635612661327 0.0490070421192 -0.862382184786 -1.59293557472 2.69035671355 1.51988994466 2.35427224096 -0.348681615111 3.08187120804 9
93 8555.93746532 5.59037808306 3.91338765081 -5.40037226976 1.32158356312 0.515769570359 -3.10817437838 1.59160909197 -0.479768456445 2.40374743471 1.76303761387 -0.298748485731 -2.7564310421 1.9698613398 0.0116501431869 15
94 8567.92612719 6.51492644336 1.39541140511 -5.58147402953 -1.42275819147 -1.06063417524 2.60351295224 -0.312233753346 1.79703282091 3.10760084092 0.646314674339 -1.96282647737 3.03842180915 -2.22102028342 0.898243004324 6
95 8575.98990914 -0.884328116221 3.595534748 -0.991963480017 -2.18065846324 1.48209908719 -2.91658205367 -1.98105709746 -2.6101779195 -1.69438812766 -1.02626836224 -1.64407086894 2.29608624618 1.86967588281 3.0970029529 11
96 8591.15073051 0.796261986886 1.75926150156 0.585478918623 0.0992845076068 -0.924971061192 2.90038250708 -1.72932551027 0.921939623413 2.39198062177 -0.447465783901 -1.97636348187 2.09486687064 -0.306259072095 1.68510147875 5
97 8610.35787356 -0.370526383392 5.56050077229 -5.99568784972 -2.64403173279 2.8790821834 0.646606901244 -1.16574246604 2.60246622443 -1.66262906086 -2.59353539676 0.476900778597 3.12483616972 2.8813896883 -1.14940200192 16
98 8738.33993414 2.08014128448 2.3161305339 2.9924996365 1.11068592174 3.00420767126 -2.58634310986 -1.75348036446 -2.37988457024 2.08525695154 0.91476342733 2.15462224951 2.29944815805 1.23561982931 -2.65562316843 5
99 8778.14023497 1.31624770151 5.54678688072 -2.38488314859 1.9249643856 -2.0532533461 1.8329201971 -1.49840236727 -1.60440402157 -0.870734784824 -2.92970764215 -2.50256404991 -1.86781584709 -0.883183204304 2.8790759401 10
100 8886.42438975 2.65253417105 3.6578845749 -1.12639288893 -2.23992163724 0.435025478285 0.453688912379 -1.09121157511 -0.91006380272 1.46838451064 -1.71460756342 1.66268296864 1.40385911817 -2.20557432143 -0.692710413529 10
101 8944.93405082 6.58781205933 5.92357089449 -0.164701863018 -3.04025805752 -1.35884978251 0.189606930913 -2.33497681982 -2.66388673478 2.63934750942 2.91987880644 -1.28898978859 1.66514963827 -2.42004831428 -1.66360307932 18
102 9029.38796643 5.14254267921 5.87511886392 -2.12646558621 -1.85705351769 -0.881049917165 -0.429557143352 -2.02067771864 -0.90300432352 0.456957732616 -0.00912468443008 2.01426557971 -1.04255126234 2.74025419133 2.94724953987 12
103 9132.304039 -0.455058146432 5.81255488074 -3.23259543928 -3.13386670594 -2.39064349964 -2.71299959109 2.63043017105 -1.83715200739 -1.75323559299 0.559395406014 1.71589288374 2.10501827572 0.0597370265718 1.47726775612 11
104 9177.98932314 -0.737098134174 -4.25740556579 -6.56052957423 -1.69798055268 2.55045903905 0.471605762817 0.224263189662 -0.368362766572 2.81593205967 -2.1828690252 2.04100913737 0.784507233227 2.63195632485 0.809468439331 25
105 9191.55864184 1.46738161766 5.78308015162 -2.40459431937 1.9832315248 -2.94988228241 0.220066042447 -2.32062584515 3.04132481866 -0.0393207915908 1.11347349578 2.22682951916 -1.51430646896 -1.38785880118 0.992477917097 10
106 9199.45020625 -2.00851933606 -0.556457652852 -1.02196413689 -1.60804610072 3.04854644265 -0.304643650645 -1.85728276587 2.94360711649 -1.0505335702 -1.07037416647 0.180350222297 0.761798452389 -2.39196448048 0.448087836818 2
107 9213.40648053 3.26917612568 6.15130469813 0.587058964496 -2.908326379 -2.37638684387 -1.01593854596 0.449694844819 1.72499904225 -0.946111547733 1.70845311659 0.229572415066 0.447459420392 1.41848349115 0.325271732228 14
108 9301.87178918 0.264448274952 2.92429075457 3.10969059619 1.50705784197 0.870692856367 -2.06509576329 0.633364759475 -2.41331940629 0.553792804191 -2.89043452409 -1.73154432904 -2.89932398196 -1.00391219615 -1.96606882733 17
109 9354.75936382 3.90386483741 6.16213797532 -6.17260977027 -1.12007099703 2.35716081143 1.93015107941 -2.39675871083 0.796659389608 0.0875875558999 1.09387812755 1.39735522434 1.75011129737 -1.59185324515 -0.0035021305694 13
110 9360.51165773 0.896981255075 5.72848309613 -5.95772449151 -2.20822097143 -0.289973180933 -0.758520358168 2.34600334519 -1.89095893071 2.79259506694 2.56970670936 -2.66509996997 0.530266211397 2.48343345838 0.340120229351 13
111 9440.10321941 2.40510965216 -2.90123249932 -5.26754011076 -1.50542192216 -1.53258890182 -0.45157676476 -0.477878319058 2.03221416783 1.81382477383 -1.82426306639 -1.07034771819 -1.42353296266 -1.81247690777 0.664110264525 22
112 9577.70547819 -1.16222078277 -1.14863717158 -1.1838010295 -0.5799671896 1.41236955815 2.65053652217 0.665362792008 0.994675824761 0.293425332603 2.42245367149 -2.50723053106 1.23746683847 2.94692528884 1.40511410841 20
113 9668.38417622 5.85274513815 4.28032396186 -4.01331697429 -2.84103973905 2.6689161367 1.07664396585 -2.02797290357 2.3284377081 -2.27124591307 1.80663656819 -2.23212248259 0.189659056113 2.70562928673 -1.8831694854 15
114 9688.12870842 3.29970094291 5.48458090219 -2.87397409164 0.528126105941 3.07194666423 -0.316989283196 -1.40145692758 -0.641849156724 0.367647043854 -1.04143208157 1.74985938921 2.26424355223 0.43586518351 0.103008134566 10
115 9731.07576555 -2.14263257062 6.27241105081 -3.66901381589 -2.89416037307 1.80091759476 2.92511844964 1.92956982397 2.17002908945 -0.699704581789 0.227786304279 0.166017305559 3.09856621528 -1.33544207806 -1.30482872341 11
116 9822.97102346 7.01363469916 -1.09875708376 -2.33611139024 2.88756623835 -1.5889223291 2.25594921403 -2.72597582817 1.94286593589 -3.07916367142 0.305155098916 2.31195535945 -0.966917055833 -1.96797318325 -2.03261483969 21
117 9847.91709189 4.0546787167 -3.04204730969 -1.76588721484 0.237863790047 -1.89295414198 0.179944444142 3.09429784948 1.46891354133 -2.84277454012 2.54760242598 2.13692277611 2.64599187366 0.467422150396 2.40736010893 19
118 9852.6988918 5.63412175147 3.52242965045 2.1455145702 2.60268960705 -2.99277463683 1.47500069349 -1.26088729639 1.25694537369 2.19935351241 -0.0722752693848 0.707913445058 -0.192749527923 -1.53064208789 0.0772836597099 18
119 9862.43468313 -0.896159313506 -0.455390867333 -5.95048492144 1.15461006247 0.973634627471 0.985054344171 1.59852405584 -0.354250271484 -2.26835987689 0.98718324066 -1.83744410968 3.08192956956 -2.24944655736 2.73277697375 7
120 9911.30765943 -1.84944637512 5.58812893134 -6.5470650355 2.70895260442 1.01231649132 2.06101323207 -1.59787041048 1.92822443621 -2.18370605992 2.73139946922 -0.63615332582 0.140471097595 2.95036224017 1.58687880913 16
121 9917.26539735 6.95516890111 5.27358415098 -3.02351578706 -0.460758782479 -2.10543489341 -2.6298627494 -1.45417117235 -0.363046597985 2.09721951131 -3.09448733731 -0.491040696745 -1.73005266377 2.28383263943 -0.272117183922 12
122 10012.0571012 -2.00107328081 3.71995142962 -1.36770295992 -1.63219194401 -0.0281920238652 2.37166458787 1.32096478656 -2.71240590987 2.50825648572 0.780942315722 -0.0957083466834 1.62994869524 0.60241441327 2.86575049366 11
123 10107.1166648 4.76339471541 4.16308709999 -6.12409774797 0.610969740491 0.631889540705 -1.53234061852 -2.33414045544 -2.35975825543 -2.46075491951 3.08191880089 0.356575869446 -1.36395799361 -0.325705553876 -0.00388021708218 15
124 10189.2845086 6.13527041239 2.91113837667 -3.32713841696 -2.61505973351 -0.749507433824 -0.315585542489 1.69630640938 0.604127512207 1.71374878136 -1.49536603658 -2.24239178243 1.37665601377 -3.02660221849 -0.212671815122 12
125 10202.1429808 0.578752549475 5.45481769382 2.69554531818 -2.21702483906 -2.65227839867 1.8869412754 -2.57943072564 1.56179555468 -2.74620103643 0.810073397547 -1.79455038897 2.72671403532 -2.21812107295 -1.75191217183 14
126 10205.2695233 1.19341540144 5.21927854626 -2.02109573628 -0.300146597716 -0.132015016213 2.11013329795 0.904718997581 -1.43448289174 -0.055960877745 -2.28781896072 1.66391224795 -2.5790211715 -1.18437690222 0.637468550184 10
127 10217.6529337 -0.602546762232 2.07393145026 1.33385493252 0.162042580198 1.30567292565 0.453375905242 -0.0942232570639 1.25968459613 0.210691859073 3.09600040687 -1.15576428808 -0.670025828845 0.196789277524 -0.199588825946 8
128 10260.3963366 -1.5169189432 -0.988987306593 -5.93236945135 -1.21793982648 1.69981832702 -3.03628035855 -2.93688816768 -0.745325354942 2.26262718057 -2.21770268998 -2.19355164627 2.37634266203 0.112014594364 1.47894278265 25
129 10382.1321097 2.0783609224 0.291252612012 2.79675360316 -1.03998595029 1.66227950007 -1.01278226633 1.18024289404 -0.953658765129 -1.4769074437 0.541914901134 0.809568908421 2.62673902351 -2.38920933352 0.203473815876 5
130 10596.6998419 0.767804865991 3.30141852309 -5.11631651587 -0.816805574201 2.08637863203 2.71834383815 -2.96513180359 0.305261971543 -0.943394468741 0.344804972406 2.05912177492 3.06265566896 0.510862336877 -2.91494198217 13
131 10597.3835043 -2.01386807018 -0.277430804457 0.379367464509 0.814884948963 -0.765292284291 2.74352650732 1.66677296898 1.71559592706 2.89095985663 2.30595165811 -1.85934531131 -0.337853318877 -1.39030688033 -2.32541509114 8
132 10747.9967045 -1.24695773381 2.29478666402 -4.2707111841 -1.24509195954 0.609696193299 0.312945832663 1.28513344997 0.0086407497378 0.39966164899 -0.853620676691 -1.27126696864 -1.71875122544 1.49331142529 -0.10143503641 7
133 10817.3951971 -1.9307782057 4.63888476786 0.402044358693 -0.185967064475 -2.37233204316 -1.3349909715 -1.8379372084 -0.132160678853 2.18507319873 0.333533834362 -2.79068270088 -1.16646460039 2.85936407389 -1.05362041159 17
134 11045.1822939 0.298353087653 4.37140678815 0.705318685259 1.45639504672 -2.41394139912 2.21170465605 -0.564821847412 2.33144923673 0.598539850511 0.31970410532 2.3999921156 -1.70794223456 -1.72107259767 -1.98083108369 17
135 11147.3836942 -2.86335169699 3.88258496636 -1.70455079618 0.841639170736 -0.537191263912 -0.905742865912 1.44244373857 0.687802783036 -2.59219745989 0.11060076063 -2.83006013589 0.393671157981 -1.25113333974 -0.403478905914 11
136 11401.5832345 3.19071567469 4.73253624935 2.80257250942 0.947653521348 -0.24184884409 1.6394074124 1.82853825665 -0.870613367933 2.17771219126 2.49454682676 -0.0829339440103 -2.90657406422 1.03106598564 -0.251155985091 14
137 11402.1482471 2.19846195665 5.96435002061 1.94271501885 3.13035100739 -0.526795918365 0.173163669588 0.37737307853 1.32924025478 -2.89997129822 0.210840959902 -0.964485454555 2.71608571842 1.2865933611 1.17968179414 14
138 11410.8910706 6.38225778404 3.23259347192 3.14169792621 -2.29363490438 1.73150088756 0.587155069387 -0.202889776887 -2.80284902212 0.858564153945 0.0950865452144 1.1333739153 0.562147075695 0.491366290793 0.60905584686 18
139 11431.3267926 4.6571830315 5.34849001221 -3.38304104996 -0.157281362429 0.842610479565 1.70963664557 -1.41969695631 -0.881405355653 0.423027139291 0.406469181441 1.57890281181 0.760152037596 -2.64858304847 0.330423460687 12
140 11565.5095573 2.6867766549 5.35719531767 1.82518958892 -0.408922943623 -2.18049070714 2.09264455291 -1.86431570068 -1.66986181491 0.4659547479 -1.21360548565 0.679970746996 -1.75772923858 -1.28448884979 2.30145333946 14
141 11623.0360853 -1.09707373738 -2.43353555054 -5.95069602699 -1.69034364904 -1.09538461021 1.15540883613 0.12952690021 -3.03582930154 2.20652808519 -1.67494990694 1.58656914266 -3.12983926079 3.02519322099 -2.00427706273 25
142 11803.2347994 1.54446402341 5.29768658561 -4.80928736594 -0.0987334756106 2.8366654043 0.14373305365 -0.227717267424 0.928689836127 2.04020961951 -0.292574782548 1.50407059785 -2.94702289623 0.709974321826 1.69013029962 13
143 11856.5413725 7.06197448603 5.910532725 0.179164185493 1.84366433051 -0.630214309174 0.156829212164 -0.0379228114108 -1.60642727246 1.87443051899 -0.489583535697 1.63304133529 -1.44762803927 -0.220919939529 -2.16295542599 18
144 11884.2661494 -2.82331072892 -4.48406004405 -4.70121297923 -1.46119774554 -2.86598642593 -2.89896809858 1.22284452451 -1.89913300568 2.66647467913 -2.23563713522 -1.66714721816 1.27142071463 1.82007864503 -2.6974240242 25
145 12280.2199924 -2.93293167723 6.07259340572 3.32818405274 -3.02438745056 -2.23793084069 1.94962565305 -1.51055706824 1.71292601483 2.4427906908 -0.246557358789 0.928653966479 0.619102766821 2.41971450869 -1.9856548984 17
146 12302.1472234 -1.30060603146 5.21349657244 -4.16342831488 2.71422516712 0.0197726323247 0.970741492318 -1.39877730127 0.188535731494 -1.54151217188 -1.96342633538 -2.88208539377 -1.29183234709 -0.556517119252 -1.82450024429 16
147 12651.7454671 6.32774449006 6.46955072486 1.40926640627 -0.0989872496242 -2.7539858172 1.69179821904 -2.80955511545 -2.40213360002 -1.24653053281 -2.83231373526 -1.5658562315 -0.598169406911 -0.824568472588 -1.18775340088 18
148 12801.0975408 5.43556057909 -3.32969033242 -3.31698124709 2.70635385427 -2.79024682263 -1.67347829816 -1.82265917869 -1.5960831403 -1.52322802409 -1.78912014579 0.115529151494 0.431642126797 -1.6582772382 -2.29181521644 21
149 12912.4171775 -1.01747040825 3.15475767083 -4.76331631102 -0.612657457158 -0.767438850425 3.09688031427 -2.2444325412 -2.58906984481 2.9140418546 -2.70437567009 0.656695289793 -2.83194795833 2.01219233659 0.435010198871 16
150 14120.2152812 -2.4326040253 4.14018190164 2.76815425925 0.519657472217 -0.6829371371 0.93748259155 1.75101723853 -2.65942201322 -0.266185222892 -0.0204644722642 -1.24255917654 -2.52139438691 3.00528202962 -1.50127742327 17
