 4.72402400003 -0.0350472860763 -3.65957183568 2.17096232209 2.87025628451 -0.151759179573 1.81512627535 2.65098158202 1.8604873178 1.9512995591 1.74082209624 2.13479208539 -2.01535262362 2.82339459868

1 1276.27298218 -4.4704125203 -0.733566729118 4.46117526665 -2.13860078686 -1.40941956182 -1.76744749157 2.42191996315 1.46721747284 -0.433131143764 -2.9345530694 0.591868303871 -0.100911797352 0.380326743587 -0.462257087565 1
2 2079.89269687 -5.75848736032 -0.992829864424 4.42178418117 -2.34498824609 -1.04642355237 2.22649265739 -1.30855095163 -0.257946565883 -2.88430137327 -1.96600331047 2.36459328969 1.494893384 0.514033450085 2.55801655954 1
3 2292.42741248 -8.91296796872 -4.80681652517 5.19573936387 -1.67390040154 0.241202660454 0.458638822804 -1.71539149924 1.65731218773 2.60230030799 1.15002678708 0.196749897334 2.82337454794 2.76989885247 -1.9031583557 20
4 2656.08566629 -1.41339247796 0.75247684118 0.564215374856 -2.13235181837 -2.80976047019 2.55495361856 -0.0424633038937 2.21540466415 0.776474486092 0.354298672061 -0.131180449465 1.4161277749 -0.460814905596 0.107673550516 6
5 3079.36210206 -2.32484259058 0.74171552299 3.4604010042 -2.0832069158 2.20752893053 -1.08745405364 2.44469990014 -3.0153001846 2.06935852773 0.47517154692 -3.08130155898 2.60521561272 -1.53171690845 1.30847704741 3
6 3455.54292695 -2.38895969109 -1.17090671945 1.76346952896 -3.00142864463 1.92513486165 0.719910629871 -2.67507661245 2.01625970073 -3.04263528185 -0.906786663627 0.862370043183 -0.486016327108 -0.724906744041 -2.00725472889 6
7 4139.99515481 -7.74713957016 -2.04625344725 8.57730440733 -1.13723675544 -0.176174170387 -0.679232137024 -2.87117777067 -2.73134310806 -2.44737901891 -0.308117354274 3.09739545335 -1.3252174677 -3.08346867939 1.27338558558 26
8 4296.78635203 -1.10688803376 -3.82016923001 6.29177453551 -0.972583586648 -2.28159594105 2.57089684472 2.66449496415 2.0017006474 -0.313063864015 -0.614290391595 0.93037115807 -2.90664087812 0.953567449706 1.16162264762 27
9 4319.9287624 -6.03986993174 -3.79586962945 1.57371421684 -2.17361307825 -0.370194618789 0.879921137044 -2.2608189465 -0.10124334502 0.163587666051 -1.72089582569 -1.32688676186 -0.222701953446 0.215404726917 -0.391496139522 22
10 4361.76821055 -2.94268918532 1.94861265135 4.55842167032 -1.95831159389 -1.24754210483 1.29981131406 -0.019735457911 -2.62025847441 0.271407694909 0.917714196054 -0.0558286960293 1.7826247294 -0.0524665373526 -2.46298982466 10
11 4410.28485463 -8.10211858239 -0.941109085052 8.09726710052 -3.01325329016 1.26980643051 -0.0161937328085 2.3921301272 -0.022785871846 0.256124068859 -1.14037378576 -0.592864588437 0.896803106595 2.25549777742 -1.57005739406 8
12 4541.04932949 0.391257518763 2.81164665535 -0.879225933523 0.719569312815 2.65400195089 0.318832242394 2.77420445949 -1.4791329891 -1.7569630171 -2.9557575154 0.396811814024 1.66426094881 -0.519763418197 2.96527794061 15
13 4970.39021869 -5.52851090043 -2.29600994315 0.97304140462 -2.72870665588 -2.41226272171 0.555065524309 0.271694298954 -1.86616158712 -1.76537557499 2.66468281527 0.453805326938 -2.48139606677 -0.953601297338 -3.10890550696 22
14 4998.29060179 -0.858776915161 -2.17351510888 0.527274220572 3.06214844448 -1.54429505873 0.928472798384 3.09039365459 0.418721474323 -1.73862796189 2.28320073605 1.49723515671 -1.1207600235 2.27031194856 -2.62988048372 24
15 5383.28580296 -6.57637117428 -3.603861914 0.886519916056 0.829754765041 -1.18494042024 0.296465842136 3.13411941519 -0.457003339245 1.8721304122 -1.96770841767 -0.901220674766 0.118543583001 1.23634097697 1.32217026044 25
16 5406.57632516 -3.25814997705 -1.44524525831 0.0884997825537 1.73810259166 1.12537580613 -1.69796461513 2.31272847785 2.35704647561 -0.368248337099 -2.39839432426 3.13773933889 2.92570509594 1.53902237803 -0.186017774958 4
17 5617.71633662 -1.49607246476 -1.93541624002 3.31478398948 -1.45427421174 -1.42033815737 2.96431300741 1.58759863347 0.115302491726 -1.61876563842 2.36367459878 -1.83721849517 -3.12379309883 -2.97993827249 -2.98815449154 21
18 5675.29324327 -7.34781524065 -4.16684912657 4.44998580181 -3.08596482065 -0.21437634094 -0.124432046951 1.44928024932 -2.67517024693 -1.37756502034 1.96650725239 1.18372362741 -0.33289074053 -1.6757904677 -2.3429071484 20
19 5683.38056044 -5.44122745495 0.131641248547 2.05919259052 0.987120358035 2.1286885123 2.42475072835 0.626461602234 -0.988879595948 -1.77870796843 -0.683287262045 2.34814998735 0.288952482024 -0.481497200049 -1.01982406358 1
20 5789.97160595 0.427252061994 -4.04023140554 5.10819959073 2.72216810213 -1.7192105538 1.67707348915 -2.63117561884 3.08753852385 -0.348063827433 1.9954148273 -0.699360375909 -2.28886546845 -2.32990752228 -1.45130037271 21
21 5797.84697325 -7.70103263522 -3.06089388894 8.11468975416 0.814361631214 -0.19218886556 0.217169451461 -0.38697206964 -2.1040845075 2.74731112275 2.72887785276 1.24937812568 -0.437083279541 -1.04345768635 0.922413041364 26
22 5864.04653184 -7.48191288416 2.01554445405 4.51673345197 -2.90951847314 -2.76574418218 2.27412620028 -0.536315158119 0.357135583855 -0.8872172092 0.215058360905 -0.198226848909 -0.686058635603 1.04968570029 2.60002203955 11
23 5866.64819453 -10.1493722657 -0.117338615388 3.57614910607 -1.95114305699 -3.01958851926 1.00208554189 -1.81070773637 2.44157481021 -2.48860056583 -0.262348360614 0.44658124286 -0.610917415471 -2.71401841168 -0.0401559386383 2
24 5949.83712634 -5.60197050778 -4.25572470388 9.10230477601 -0.869854110549 2.85180273151 0.987597867365 0.198963719007 2.94891770268 -2.64264222208 1.31549457227 2.29380708532 1.51092331722 -0.877899575209 1.57847173452 23
25 6008.09639633 -9.4405355345 -3.77769367141 3.7604664873 3.05678791082 -0.583413152294 -2.5611621835 1.86830104839 -1.35096807441 0.415716690667 -0.649860535869 -1.3714544325 -0.892295063262 1.39561376824 -0.206959918886 20
26 6074.12625059 -2.61848960441 -5.03614709711 8.11946792205 0.777103197723 -0.861150972956 -1.52679573707 2.65021809729 -2.4487343284 2.37252321304 -0.0538490140026 -3.03748751255 -0.246053325913 -2.79790173385 2.63205619569 27
27 6115.16290312 -1.38197650795 5.30012636442 -1.16637154594 -0.0680633133544 2.3262526681 0.430490172479 -0.173708702529 -2.5188588865 1.82738172915 -2.64483963782 -1.41817831655 0.0738686197718 -1.97170860061 -0.180209351667 15
28 6154.81428271 -1.12929339344 -1.71224104407 2.82141451606 1.16823235135 -1.67963966594 -1.64918518245 -1.21385791186 1.29563021231 1.61964337203 -1.10509889014 2.87115501237 -2.31885901741 0.355393311252 0.480045009293 3
29 6220.17433727 -9.19392543214 -2.68456968766 6.38701385921 -1.31631607293 0.207381570384 -1.62803016768 -2.83626135894 2.8981739876 -0.860171430566 -0.201476931919 2.45186241956 -2.21634796187 -0.444359826264 1.35222193127 26
30 6269.63092982 -6.1662176379 -2.45339788528 2.56453145804 0.840095335893 2.13102230102 -0.290039482223 -1.87591365565 -2.43891983504 -2.06481610917 0.183017715346 -1.4292258583 2.56388452579 2.35883866791 -1.55655167009 19
31 6319.4346406 -4.0381587452 -0.997246109177 7.34446803258 -0.975208807803 1.63881511391 -2.28849155148 0.202196798258 -1.21884285606 -2.98509160621 1.0189644653 -2.58166462411 -0.9696651716 1.52251244064 -2.51342130843 5
32 6426.56384473 -7.15533041583 -2.16687646635 6.7443544009 0.969322389813 2.83051762713 1.52893543863 -2.46751140503 -0.747755295187 1.02295525857 1.26976563031 -1.57478204763 -2.04700293004 -1.30506419949 -3.05483215095 26
33 6435.24213221 -4.25907519592 1.73467164994 -1.69915835958 -2.00452565164 -1.64460320626 0.906649933027 1.11404365568 2.01764712215 -0.123883811249 -3.03466896278 -0.208009776762 0.416361554606 0.603656779314 0.373117726603 4
34 6462.86944371 -6.76261032591 0.220454680776 6.22775100483 1.82851899808 2.11421203169 -2.67734924187 1.65354539759 -2.6833878413 1.8156458866 3.02410712344 -0.651621579995 -2.38876349766 0.709076205388 -1.31610627274 8
35 6561.38973139 0.628930374405 -2.11883746439 5.72010155139 -1.21577941008 3.02286594491 1.81718040749 0.795776647711 2.77600576531 -1.49705705038 -2.97358314495 -2.10257970108 0.945387493507 2.41191350585 -0.555039725492 27
36 6588.01943731 -7.16617629843 -2.11665095245 5.40707430395 0.821456527332 -0.985672238913 2.77936603346 -2.75987065636 0.742168370277 -1.43921645252 2.31359509527 1.38833022587 -2.91008572006 -2.24903219243 1.80225470496 20
37 6626.03428636 -1.33948565359 0.539764364109 3.7088400332 0.6218609276 0.448014641052 -2.2227154128 2.34883940678 3.11979661682 -2.4007060748 -1.4671049222 1.03856990529 -2.17438088179 1.75115608003 -1.31252190119 3
38 6676.36747971 -3.85710753397 1.09446911006 1.33992197657 0.153174215324 0.866746160609 -1.22216510169 2.32946666944 -1.04502546306 -2.2307750232 3.08942655533 2.10479267809 -2.07207854491 -1.22467830376 0.614487736263 4
39 6683.90425547 -9.80759392903 1.78664133422 9.15011609533 -0.176299950956 -1.46103276102 -0.493319539291 -0.992108456063 2.30343301746 -3.01166370365 0.768499608456 2.49768275942 -2.03064131636 2.42540204353 1.56103248037 8
40 6694.15589204 -2.38135351924 3.3950291984 5.11927965028 -2.4138411217 0.456630071606 1.37075630687 -2.3507782515 2.02907040347 -0.523455267519 3.06224812579 -0.767327524615 2.91336359287 -2.2044811233 -2.13720372852 12
41 6749.83197661 -9.60649077809 -5.45656141109 4.95718581748 1.03876136963 2.52597356812 2.28434114033 2.58752725991 3.05137258499 -0.617046339636 -0.0649629866507 -2.65328496355 0.573249624208 -1.80061902847 2.78795912362 20
42 6814.51526306 0.0184552274237 -1.57538673202 3.83768605201 -2.08643277106 -0.517746432401 -0.497167199578 -2.14005438528 -2.43735763853 1.1459187751 -1.14896850167 2.35948909542 -2.98349673448 1.25974690983 -1.40162685014 3
43 6921.08944164 -5.23448159145 -4.95353308466 -1.01951941896 -1.19781095191 -1.59062746261 0.723388790161 0.516637800578 -0.489388689347 -2.13333370473 -0.308318072878 -2.16586126943 -1.12468178869 1.27931873966 -1.45014219299 22
44 6922.74406627 -4.32868749554 -0.772803717763 4.18456909463 -1.36012803227 0.535931418031 -1.89610841823 2.14043362657 -0.196372539008 1.06301549715 2.12129232429 -0.525470251364 0.640711113785 -1.66956699644 -1.70929794312 1
45 6932.73438909 -1.86227039737 -4.22123287412 3.99308658822 -1.46479444665 -1.39294258692 -0.415935516313 -0.356847558 -0.556819099234 -2.69580207314 -1.10995998938 2.90726508622 -2.10758479707 -3.07270686066 2.10413784835 21
46 7007.4942136 -1.90571232173 0.84042016003 -0.117804562105 -1.39925550918 -1.09525618083 1.87121957093 0.725038279479 2.04697897243 0.742886237307 -1.12485051911 2.63606707023 2.88031284254 -0.960609271783 1.50592490956 6
47 7020.72018324 -5.06440672795 -2.34322998518 4.48663853483 -0.199225932135 0.141629228052 -2.4924655597 2.21715808733 0.929678377945 -2.12572420369 2.87935227814 0.694114897549 -2.4277368335 0.185120036511 -1.59264311037 19
48 7069.72854512 -8.23723894807 -3.10037145768 -1.7056577428 -2.58315877234 1.20787713086 0.203694465187 -2.55530851597 -2.42298457836 0.909731707628 -0.572589312124 -2.84518902754 1.49982203704 1.89813962219 -1.43395579906 25
49 7102.81145732 0.156381770686 -0.150896052494 4.7218064601 -2.17651893548 -0.348880845888 1.94837798367 -0.252797761913 2.08977483689 -0.0296035570487 -2.14901932688 -1.66423943192 2.87015164217 -2.3665573003 -0.0770078789719 3
50 7115.41598946 -1.15019330943 -0.633478943857 1.2220536507 0.238765108516 0.578821896607 1.60205819044 -0.996581736653 -0.215016573991 -1.91676431964 -1.06774508302 -0.979098449857 -3.09755713911 2.55720465526 -0.435776527799 6
51 7137.65772069 -6.40173597444 3.88153928077 1.31252788408 -0.24348213574 2.30472758313 -3.06671639594 0.585591876982 1.68541710986 -2.95302676437 -2.22955867741 -2.67658370772 3.12179791446 2.45834525526 -1.67628828191 13
52 7137.79539283 -3.25775676778 -2.78808875907 6.66500018194 -1.49890539077 2.10765529668 -2.8270803321 -0.184282161936 1.98156153237 -0.458933986722 -0.854464232556 -2.89866077834 -1.93006621761 -1.54176136973 0.297775961566 23
53 7160.32912909 -3.48621881754 -0.120408655319 0.98573190202 3.06596019424 2.73474481498 0.354693397104 2.09001205683 -1.10376694425 1.77913114241 3.08179795426 -2.00404633271 -1.55203490238 -1.20948573045 -1.88350069478 4
54 7169.48760699 -5.02211144496 -1.98135265323 6.9064547254 1.91752873186 -1.48670375081 -0.971795589696 2.34499244743 0.0711036301532 -2.25729672402 0.811185774395 -1.06599191523 -0.473776431185 2.75614534186 -0.27680683469 23
55 7197.06778994 -8.13519248274 0.266645111165 6.34872089868 -1.12197573328 -1.77663873713 -0.335738330517 -0.129991187656 -2.35695798587 -1.67111656811 -1.17714477078 -0.204385332887 1.77898143526 -0.33387334415 -1.84628444797 8
56 7210.5455689 -10.0905314258 -2.4470699072 -0.919068201385 1.8146137602 -2.90868961335 0.575596501211 0.266035459879 -2.67662317267 -3.02828605656 -1.88397478438 0.454173938582 -1.32121344425 0.729161663432 -2.99957584107 25
57 7292.29743461 -1.68114294721 -4.53119842455 -0.690799638071 0.0542102246104 -0.326482460081 1.10441661462 3.09956065199 -1.66437564569 1.69537257689 2.67795481047 0.411689895839 0.608972785915 -1.96016895005 -0.923289442361 24
58 7296.59568002 -8.39877440709 -3.42453278571 5.86576095862 0.023773490172 3.01346502881 1.15077200258 -0.868563306751 0.490296885822 -2.04300919824 -0.979295610877 -1.35036927855 -1.9044575609 1.25796833867 -1.14110531203 26
59 7323.23889622 -9.13921293282 1.82288943294 2.4715671524 -0.961859487541 -0.529996721759 2.08298415638 -0.933093048005 -1.1986577995 -0.315763741437 -2.82928250424 2.34543392418 -1.11164627903 -2.82504000199 -3.08561984803 2
60 7352.8426959 -1.1182344343 5.28879779915 1.13622456113 -0.548422666738 -2.93256474534 0.414177312196 -0.64739097335 2.89061806334 1.21312076917 -0.685432244351 -0.632934101139 0.836818492805 -2.9591569235 0.797531836938 15
61 7373.55722009 -1.33283213176 -3.30039776087 6.73083762085 0.0201438772506 -1.24684548848 0.455657934365 2.81309812678 -2.32547517263 1.29947318593 2.5111320518 -2.4201831899 -2.3605546955 3.12682994346 -0.114995140027 27
62 7390.53818146 -4.57506259056 -1.84983008999 2.5520761729 1.81395091726 -2.77057045042 1.96110845745 1.0458292097 -2.37025740646 0.562977724533 0.583666182225 -1.30058851148 2.90531384281 2.96737222699 1.54042182852 19
63 7454.44065925 -8.23837707058 0.878557305769 4.67029965095 -1.10853178328 -2.19892308089 3.05774130983 1.5998642617 -2.13197597517 -2.19553017963 -0.515054828876 0.594138625182 2.90392700429 1.84095091731 -2.27788180404 2
64 7463.79283205 -2.41895589905 1.25528709311 7.4395242912 2.32359669577 -2.04512446857 -0.178736562109 -0.674702961755 -1.78608232284 1.08315009562 -0.462649820249 1.99834204839 0.901769533744 0.989928088797 2.93135000398 9
65 7477.83850695 -1.81638790505 4.9388837986 5.36572871941 -0.102029168064 1.06944737135 0.0346369242364 2.82216854615 1.40061715969 -1.35263472298 1.97503851634 0.0851345129662 -2.86469075591 2.78088497662 -0.858487680804 12
66 7496.17041053 -0.989238985464 1.45367764824 -0.308389429144 -0.776664284438 -1.70382062141 -0.254864271064 0.116290960699 -3.06521626019 -0.734603683954 -1.95506407295 -2.05622529292 2.10482003129 -1.47414802259 0.0640614057862 6
67 7632.91483645 -9.20936223134 0.0681490352994 0.0699820948768 -2.23560677232 1.12647182568 -2.73422429315 -2.18687115961 -0.577727855773 1.76447925564 -0.543400404812 1.57129915562 1.39002529391 1.48506342091 1.85869831601 7
68 7657.34924398 -2.03621812318 -2.85161613474 2.39265546823 2.19211761393 -1.42989047387 -1.92687423967 -2.19228298057 -2.57871175922 0.957645056138 -0.652961107924 -1.71802024456 -2.80869486597 -1.99707202547 0.509823024066 21
69 7692.17625846 0.172719418081 -3.65161903706 4.54748696078 0.351109275538 2.7078877709 -0.287276434576 2.83648738003 1.75852709566 2.9894163112 1.2449033796 1.79358692852 -2.74267842011 -2.15205934008 2.56153167527 21
70 7714.31506969 -1.88656400734 2.65599591754 1.54987835827 1.68455143082 -3.01091854576 2.90898215149 3.0859390574 -1.21065433088 -1.82071367783 -0.193585371007 1.00128267187 1.44180914751 -0.275780319867 -0.212909945934 15
71 7715.80607297 -5.13642161184 -1.69193923859 7.53056329691 -0.751441370794 -0.799812755965 2.56641813507 -2.19322425654 1.81728104883 1.64311145384 0.0467643600389 0.249036559893 0.499596955125 -2.11611272102 2.99552358035 5
72 7775.78872698 -4.59530755086 5.47754191101 7.01451440258 -0.0720955000948 -0.0126401570994 0.916630995316 -2.30846670718 -1.91466965507 1.08664565113 -0.33430820411 -2.02118287842 -2.65049431269 -2.972385006 0.987190951665 14
73 7857.43094604 -7.910766794 -0.934012791828 6.65203650187 0.229351275562 0.712434562073 1.74086961836 1.43603726301 2.96178253216 0.48458948544 -2.1793878698 1.66993690886 1.56621939696 -2.81343448305 1.68804454769 8
74 7865.39883391 -4.11982946412 4.97019184571 0.114784261557 2.22236044232 2.1407542752 -3.01065170234 -2.71846025636 -1.80935599559 1.37043649665 1.03058546318 -2.00084322642 2.99994521233 2.22748998771 -2.16793687173 13
75 7927.01529916 -0.505678831627 1.30566066342 9.06503324517 -1.470849104 -1.67907593711 -1.2451441895 -0.124296577885 2.52738889193 2.31659098508 -1.16210417926 0.00114886242414 -2.42093768722 -1.20906520542 -1.01669083771 9
76 7948.69598883 -0.201742885167 4.5770905873 1.84006980662 2.09128480999 2.29674408412 0.164689185905 0.203435252198 -0.424352830872 2.08335304425 0.782264023912 -2.68142391608 -0.203885634027 -1.52279748745 1.78417054036 12
77 8003.06910111 -6.49344686148 1.90347756819 3.32505659635 -1.0774455803 -2.54385018173 2.30697626091 -0.964086449801 -2.1868323325 1.79687306225 -2.60535549678 -0.885365146951 -2.93286925176 2.6185544928 1.0498113919 10
78 8064.07724708 -2.9560902331 5.1487685712 -0.0655889619229 -0.00788550348235 2.24239900726 -2.60891002425 -2.83282786592 1.1742081647 2.98876398015 2.29733696856 -1.51340906891 0.605635608202 2.08002862084 -0.116660258074 13
79 8113.73342881 -2.51588046481 2.65027769746 1.01880225635 2.03003263916 2.71709819763 -1.38789018964 -1.74630595318 2.07574001836 -1.07682866108 -2.41190399072 -1.95716997888 0.0380504421593 -0.703155404393 2.12617608924 15
80 8168.37180508 -3.7121446623 -5.18370778666 4.84414665034 2.35033091533 1.26213260804 1.14800896798 2.02603297496 1.61161684585 0.622774568167 -2.99367224397 -0.0107620647676 0.0880361182578 -2.09145298981 1.00252290662 19
81 8197.2347263 -8.51366459187 1.91361014144 3.32105069136 -1.92251924116 -0.0942452416312 -2.16455252775 2.42926900556 0.0708318909844 -2.4774495854 1.01899523841 -1.68430583212 -1.85128110342 -2.21133523431 2.22649789697 11
82 8343.89743699 -6.18013998983 -2.68700047991 7.57381774254 1.95509496888 2.01894106689 -0.177510106995 -2.07242742798 -0.00914616291984 0.30486277128 -1.2173486853 1.97043840151 -1.35454269665 -3.0922431588 0.161996704806 23
83 8494.3466217 -3.52249041192 -1.57220957573 7.35363226386 -0.463293195894 1.21226404584 -0.755242247755 -0.584361152439 0.135715680557 2.39602801141 1.99578722336 2.33320296291 -0.892854744091 1.72539572415 -1.80454704542 5
84 8496.80954866 0.0988021102824 1.52423886194 1.70195381518 -0.262517408714 0.465934079404 0.568566129066 -1.21717619977 1.49781917457 3.117472059 -1.72380091156 -2.77945974177 1.97333846009 0.848277194409 0.179628060485 6
85 8557.32749192 -4.30770930624 2.81025778568 0.329338832801 2.38328644083 -1.74973555313 -2.31068990012 0.822948827198 1.46969855413 0.90031373481 -0.285698319986 -1.73114049616 1.1359042017 1.79066632735 1.36671411063 13
86 8673.41267856 -4.29213517321 1.85695429826 5.47821433624 1.38922595238 -0.582597418122 0.855071724604 -2.03885727607 -1.52788412539 -3.10567807011 -2.29649071861 2.01173810017 -2.61391157535 -1.0562061393 2.43276370871 1
87 8697.51226063 -4.58188567627 5.2161403746 0.667204701226 2.2600774456 2.82813476023 0.357784885777 -2.51019746253 3.09874000582 -3.025873846 -2.35946797828 -1.78588146001 -2.12007036066 0.00803646086309 -0.0323563894107 13
88 8701.02905629 -1.43558289454 -3.52364182384 0.455197440358 2.36511471648 0.874687960576 2.02201659109 0.380572672291 2.36779795639 -0.841973300146 2.85242562892 1.55186669539 1.02872519832 -2.55315223062 2.26505871092 24
89 8877.05544298 -1.15854184375 2.25169003024 -0.840220197499 -0.634490574764 2.91607423009 2.8655089242 -0.69205687555 2.43341742394 -2.19718684222 -2.44929155163 -0.916077263364 -0.433810072094 -0.173944858254 -0.343722258468 15
90 8901.24124046 -4.21777751139 -0.861512008758 7.99192328392 0.364387328282 2.26174807788 0.0694973940458 -2.76922941574 -0.605623497675 -0.38723073018 2.77770351484 1.25906236695 -0.418719847424 2.38230188831 -1.48500808782 5
91 8943.86687917 -5.63152195037 -2.34198960673 8.09672178924 -1.04098476533 -2.10175004031 -2.23280309886 -0.0346882550915 0.199513313764 -0.0715396314833 0.662929930819 -0.190854024958 0.535178997101 0.657709061767 0.00657653293187 23
92 9015.0209185 0.624349852339 -0.648766110718 8.05822681148 -1.17833066345 -2.65301817882 1.38371853795 1.07958731342 -2.05567582798 -0.45366963016 1.76363781328 2.38969038654 0.739888185702 -0.275628591845 -1.32564548907 9
93 9015.76658055 0.143686107093 3.98366017101 3.92595037739 0.0136286531459 0.16783050433 2.20565077434 1.9539132084 1.00461907634 -2.78263443675 -0.65213389712 1.25761591384 -2.21821304172 1.54327072976 -2.04746301969 12
94 9026.65958003 -6.38500235827 5.33516857587 2.24506490322 -1.71125469796 -0.115098067935 -1.46541496177 2.58444220255 2.34874596112 -3.13575698608 1.74779842895 1.65363445793 -0.0313914177951 -2.25917949717 -2.34261504869 10
95 9062.82641225 -6.35409179327 0.519066580683 0.250911162434 2.24406331701 2.09023613797 -1.39089210197 0.0618666012106 0.0410246930402 1.05849175444 -2.23789287127 -2.20602923402 -0.722796584813 -0.348300884152 0.176900324808 4
96 9161.90722019 -1.3268781529 5.10469469976 7.88660990406 0.322261890142 2.2934131901 -1.03995232729 2.14314771459 0.772975248223 1.82701411921 -0.211145581312 2.73789948626 -0.958864379132 1.49817248398 -2.23023192506 18
97 9205.87615491 -4.70376235204 1.41407861668 4.40011172427 2.59572459278 0.219290319569 -3.10824582188 2.42445488833 1.94773416322 0.018696576533 -1.30685618851 -2.9397777453 -0.666140819902 1.70652565598 0.158954415018 1
98 9221.66739964 -6.71815563338 -0.911489019753 -0.382659956216 2.36991328268 -2.55996574815 -1.75630333765 -3.11087620255 1.60322649667 -1.98810952584 -1.77287959395 3.02997592328 0.816552960323 3.01362607261 -2.20056838921 7
99 9232.8024118 -4.25265324314 5.33761839303 4.85797966277 -2.94657163825 0.601704748376 2.88733575767 0.55524123766 -1.2988628474 1.88797428832 -3.02370031727 -0.0292645537336 -2.72596776482 3.12600797983 1.47228067315 10
100 9247.71603057 -2.87257111494 5.43036227404 2.17423470963 -1.10975568698 -2.92266644878 -2.1223365192 3.1271683309 1.61434957206 -1.77315000097 -1.98122419925 -0.512208478876 -1.9934980206 -0.737153250585 -0.127163976976 12
101 9266.43434564 -1.58306570914 -1.4789342249 7.20437928367 0.143362481207 -1.66133934621 0.624825819407 -3.10476415095 -0.116779685933 -1.30866157062 2.3603420982 1.3208055822 1.92566305074 -2.93078544416 -1.61567810515 9
102 9280.923702 0.245842417168 1.32148228144 4.65528304025 -0.977596369315 -1.55194588509 -2.5377515486 2.75573032838 1.90163170651 -1.74921310461 2.96292172774 -3.07375476682 1.70991483684 -1.38500815184 2.18308428623 3
103 9316.71580149 -4.0268556393 0.479669949568 1.58527422653 -0.0916473102444 -0.589285776566 0.433159397962 -1.52174770912 0.889428670794 2.74988706706 -1.80759360894 0.10144267732 -2.10265768011 1.98350560161 2.47387234806 4
104 9407.68944378 -5.00692525185 1.41948055319 6.24868336223 2.45322285118 1.75530192849 -0.399328260157 -2.04424056988 2.72164887594 -2.73290458702 0.767129569928 0.21598427804 0.937786910155 0.635363434563 2.51394742242 5
105 9447.30732464 -9.65399040446 1.85829104177 4.72981234615 2.97509173162 -0.930433297607 1.33205992333 1.02605594997 -0.639557298752 0.913138121852 -0.00622107194347 -0.664218575926 -2.07951216476 -1.13876541399 0.551142000412 2
106 9492.65444865 -1.64337340945 -3.62472255409 6.85200496097 -1.9486573332 -2.2706529278 0.194099960867 1.35617786432 0.37365203029 -0.357409282236 1.32711138646 -1.6676044561 1.60841612293 0.313787540881 1.85675823991 27
107 9545.75819733 -9.81234665405 0.756005372637 -1.51416904711 -0.118146497174 2.78673336565 0.349431433377 -0.61849409407 1.26024611081 -2.63892818135 -1.12254891455 1.00493546604 2.02346063258 1.12592420415 -0.0696752610557 7
108 9558.41214245 0.754342879679 1.97943852131 7.45462173074 0.953490113075 -2.35895262355 0.291157143259 2.06959768272 2.09663967994 -0.139806202427 -2.2610352016 2.68857128717 2.8517674557 2.20027651804 2.69647168743 18
109 9582.44371436 -10.0465341777 2.07884622632 0.165419430359 3.05229334547 -1.0606263204 1.8587657955 2.91860556465 -0.0631807431289 3.00247619563 3.0480538884 1.16842888211 2.60542889724 0.303488399863 2.88173605055 16
110 9584.83294538 -1.25027012102 5.26205584782 5.82861618109 1.2702983959 -0.882541319339 2.73833046176 -0.606857950315 0.863781484191 -1.06070985832 -0.400772424232 1.57059527411 1.94501406473 0.882676499586 -0.10873931862 18
111 9592.91449412 -4.66842268647 -3.31103906142 0.852729210264 2.20059500237 0.77766326742 -0.625862218536 -2.81595725006 1.81569800696 1.13693923143 -1.04857224757 0.821593023374 2.42619597863 -0.594396500457 3.03369554265 22
112 9637.45817611 0.161498110828 -3.33279482654 0.701572991114 -1.66539899492 1.84511373267 -1.87196546815 1.95134811776 -2.05837094457 -1.29423508113 0.660124820428 -1.968167635 0.158019935744 -0.789741715013 -2.28066888461 24
113 9651.01163443 -7.96176361263 2.50060651355 0.591930645781 -2.29448388728 2.86577515777 0.642171881845 -1.5179403922 2.80982266298 2.86157421686 0.214545750683 -2.02487637147 -1.30342672025 0.580695348522 -0.784398789859 16
114 9697.00396823 -3.65011481314 3.27274037057 7.03224777087 1.93761607283 -2.90487175645 -1.34818782355 0.713189424086 -2.55062856777 2.64638649313 1.6931437793 1.79706934537 0.253769362592 -1.74966538835 -3.04367227928 14
115 9718.42061975 -9.95863995537 1.63826981848 -0.297207814463 1.97141230153 -1.09227176054 2.95840760994 -1.29663029146 -2.46343685252 -0.630476505843 0.382034063425 -1.52965320998 -1.44400781482 2.12533420873 -1.27386844915 7
116 9736.76472945 -5.48352345683 3.91746204241 3.36850663634 2.82123177021 -1.98140169327 -1.28300113802 -1.99748933192 -2.57505720138 0.674128590349 0.722943300087 -2.13871813752 -1.9904395426 -0.367756795227 1.35601524702 10
117 9813.83932636 -3.80023842544 -1.72157386747 7.6358881964 -0.04378231754 2.16931366025 -1.90899946435 2.94968599187 1.11793787148 1.75912582961 -1.79003926821 -2.31425852558 -2.8645360858 1.75372363855 -0.783369049228 5
118 9874.06706402 -5.4940575324 3.27653772779 4.84949198007 2.72514899608 -1.12139560729 -2.44552033187 2.96682699406 0.169143549185 2.73542443188 -2.02421991827 -2.71890138846 0.991332832526 -0.835299188509 0.0972785087722 10
119 9881.98114844 -6.36205641265 2.40700293896 8.52260477113 -1.41028703546 -0.663342176211 -0.470663040738 2.80614603383 -0.535553791945 -1.41605755325 0.320208942402 1.63572942944 -0.168481779108 0.790098433284 3.00463044521 14
120 9891.51303368 -8.69538425988 2.11817099696 5.69144649629 -2.23153868797 -0.138299217721 1.9817420451 -1.77612457776 3.06215548932 -1.31362753986 2.64948288436 -0.345394241864 -1.04615259981 0.363747806466 -0.411004539992 17
121 9892.50622223 -10.0250794217 -1.48389705263 -0.342007885035 -1.48934000435 0.20989054314 -2.96267817214 2.17556154505 -2.98527551299 2.18810312885 -3.13368183551 2.56206346657 -1.12280848662 1.87843559561 -0.817221234878 7
122 9919.30652554 -1.67982976453 3.87818685475 6.67138779241 -1.24154605495 1.43712362909 -2.79692516268 -1.02146283177 1.5073344791 0.870441743959 -1.12251206802 0.79165191968 2.46518649034 -3.07572353848 -0.766637061065 18
123 10077.321715 -0.601768675504 -4.38870394845 0.496389369016 1.36603992883 -0.475290339612 2.0933637349 2.70446425189 -2.73829711362 1.85412502128 2.76498421757 0.258339855311 0.595031472471 -2.02765979555 -0.606030444385 24
124 10166.8604045 -2.06087874697 1.39688336804 6.07335224456 2.96129162413 -1.95127963607 -1.07843059112 3.13044376808 -0.0552665167993 2.32550231558 -1.22803362681 -3.00414990761 -2.74435282288 -0.314252689063 1.04326884113 9
125 10197.4718836 -8.81860888304 -3.84943902462 0.600730192321 0.927051028095 -2.17593020959 2.66991858522 1.77585829209 0.354837311686 -1.36524271804 2.22452845735 -2.60605099789 1.25999102013 1.94332456726 -0.246208864036 25
126 10302.1229986 -4.17667013504 3.33834241485 7.55074996941 -0.209858635143 -0.990443440845 0.366426585513 -0.585689531462 1.35585179782 2.19189678788 0.315947273316 -0.930169888687 2.50509387302 0.988077130907 1.19186959861 14
127 10315.5727074 -8.89535762066 2.03485076518 -1.75605629042 -0.716395810991 2.57870574743 0.204461057705 -2.63443130167 1.5036302966 -0.145204380074 0.979973000655 2.35076923332 -1.14531831709 -1.92742174416 1.78642153629 16
128 10319.9489647 -7.89250309183 3.45178709566 5.54898504214 -1.56684950023 1.58909112834 -0.426019956158 -0.788611647152 -2.89105228667 1.06420959174 -3.06766621145 1.69269076768 1.20996793978 2.88961296168 -2.53972046988 17
129 10366.6845857 -9.33041935744 -0.0925246988815 4.66816997487 1.29498948005 -2.90025379525 -2.94533191477 -0.0631547645082 2.94410933889 -2.55888274759 -1.64335850724 -2.18620381395 -2.45336080097 -1.69149589308 -0.224368570674 2
130 10411.431362 -10.2135547625 3.88202588279 6.56590442338 -2.10381894938 -2.91000009321 2.95830247126 -2.60680989651 -0.877516798733 -0.942952723028 -0.670501711526 0.884807693252 -2.50706902141 1.72811787721 0.940789990417 17
131 10423.5250596 -7.00202894872 5.39624781055 4.38336595205 1.25024753734 0.795943420272 -2.41486530927 -0.713412502048 -0.0510061422845 -1.95998911623 0.483339451014 2.15294732424 -2.31915333439 2.74237762146 -1.04058059028 11
132 10459.6022972 -0.864060201818 2.54066529918 4.77468293263 3.00823370754 -0.97134837374 2.02510568524 -2.7809382519 -0.460130352912 -2.96072907105 1.65555176722 1.23379571015 2.09431877381 -0.0361721892151 -1.08878860021 12
133 10618.7678382 -9.51924415415 4.50581613249 7.85772791911 1.39242076485 1.97993205692 -0.763136688627 2.51831141798 -2.6759761976 -0.707717381034 3.00993916623 -3.08821237683 2.51075168887 -1.34684921822 -1.45626771462 17
134 10678.0089063 -8.33642053914 -5.09973030918 -1.28959618688 1.33369842121 1.42040236636 0.686548416474 -1.62705346796 -0.143218579581 -2.89726199196 -1.07111505253 -3.00474047397 0.624158709887 -2.43140894855 -1.59833802898 25
135 10785.4691291 -4.54883826766 4.64586731183 7.05953382286 0.819110907811 2.01412119408 -1.00936866473 1.62497978104 0.64552173083 -0.876564020831 -2.79718352643 1.3943977407 1.43098657106 1.49430826551 1.35870433828 14
136 10800.467194 0.578874876219 2.5057601274 8.03254796744 0.389877464844 -0.55774143588 2.74145929347 0.591596791185 -1.20447804259 -2.97954020858 1.72531086098 -2.21066445057 -2.09638024327 -2.2108997655 -1.37672694099 18
137 10863.9434526 -4.13230315736 -5.12811651835 4.71915916871 2.62924644934 0.302030255334 -0.845292575027 2.29654056369 -2.22617420978 -2.0355191882 0.767249838215 -1.67450442298 -1.28362367695 1.31385626802 -0.774354282432 19
138 10883.5908845 -8.75671326741 -0.216273433018 1.24347064853 -0.858086283678 -0.241881195581 1.4149227894 -1.35405771487 2.56987191097 -2.26408820219 -2.87304409493 2.18429420671 -0.601572450906 -2.69464076204 2.53104788423 7
139 11206.7915056 -6.71192475492 2.69146129917 8.2930017074 1.06027847499 -0.713206785072 -0.585634086093 0.347916880839 -2.71917207079 1.95323213754 1.83615295328 -1.6342627018 2.23848510713 -2.85771887606 -1.17658117207 17
140 11221.7680702 -3.53678399607 3.00641668743 6.87374253013 3.13467115393 1.26294218333 1.11212554764 -2.44684167845 1.2497081135 -1.54487827921 -1.06472951191 2.34958499507 2.54702931236 0.434732198842 -0.497217902123 14
141 11825.2702513 -6.12287622826 -4.16423315157 0.834844297637 0.189320570941 -0.666304281588 -0.761214195609 -1.83361864598 -0.7295763977 2.93169633737 -0.921538586088 1.84238877461 -2.72756835466 2.17137446475 2.0067610332 22
142 12027.9844797 -9.99272153724 4.96418243208 1.96779538099 -1.7523723201 1.36162689356 -2.6548322553 1.13678123575 0.26544768445 1.88211898356 0.790590980267 2.42092190638 2.09970282485 2.83977281036 2.29134117595 11
143 12108.6187584 0.585039171582 -1.78242865637 5.88977237977 -1.98635031917 -1.11016424912 -2.37160885578 -1.99990550096 2.84033354837 2.94432747069 0.0429026033994 -2.78238481146 -1.58607615866 -1.53885248506 -0.612681480574 9
144 12183.663073 -10.1870697869 0.509614174347 2.51122915564 0.300222425438 1.65488805356 1.94705748618 -2.85430724704 2.50777246131 -0.381522188799 -1.66217772554 2.37325303863 -2.57949874006 -1.79194987324 2.97831130168 2
145 12253.6942183 -7.27424544894 1.59326373166 7.15743612231 0.919647678095 -3.09505047 -1.82030643178 -3.08883576702 -1.68000772462 -0.468723671624 1.08915741342 0.432967932501 1.58886911145 -2.14256100963 2.00541458011 8
146 12353.8474111 -9.74650470152 2.0761499201 4.87468569397 0.938668182153 1.573977649 -2.58590687601 -0.136010276496 0.439783071905 -1.43987103617 -2.33839109558 -1.01502620708 3.02835903622 -1.07142070686 2.01499318621 11
147 12761.1794663 -9.98595093762 5.39519544319 0.136773421146 -2.29808584063 -2.28789645102 -2.41049102761 -1.78032901277 1.39902191688 0.157296025415 0.440585201221 -0.725931051938 2.76459785479 2.82195842367 2.15864068618 16
148 13583.6323141 -8.66541517183 2.71364207535 2.33483072663 1.42694713356 -2.81764790332 -0.209136100916 -2.20041066599 -0.899098860947 -0.106675145977 -2.95305885986 1.70612465765 0.801191978177 0.783220048999 -1.1636111374 11
149 14230.8214354 -5.4426563082 5.25626774527 0.697537740588 0.72404894919 -1.71015684 -0.745061681122 2.3621126021 -2.00030231839 1.47947035155 3.00043282675 0.774156557628 -0.983823804215 -1.05785585024 -2.2734226346 13
150 14987.1728146 -10.1197476107 2.44306213568 -0.202332995135 0.150823933372 0.911476383639 0.626534968298 1.33925679202 -2.4455455324 -2.78093037574 1.92035815209 -1.21208227323 -1.25318117124 -1.23836451302 -1.07411550913 16
