 -3.19914262512 4.6855982702 -3.22087770165 -0.471543192878 0.124663544048 2.96514404461 2.42220302898 -0.740772556541 -1.17550261217 -2.81801697327 0.0344007902252 2.04437966731 -1.76227830699 -0.470164723989

1 1233.12557605 5.83184542231 -4.26672733999 -1.2512421631 0.133502578965 1.77758125048 -2.87910003518 0.0516028920902 -1.18351275081 -1.6975662363 -0.840349699666 -1.33489686241 0.160908076608 -2.29738250978 -2.63558956763 6
2 1236.83280485 -1.08036856295 -5.85521121457 8.26158136203 0.407761633088 1.97053251709 2.85755255972 1.39261448463 -1.45496456575 -0.285558173547 2.87792481563 0.267414412195 2.34980314625 2.24387003411 1.84501638011 8
3 1858.70259907 2.25322754558 -5.14679310283 2.48226885142 0.732351392392 1.72340491944 -1.96834364357 -2.81854696991 -1.63824340608 -1.37496485626 -0.560483312792 -1.69860898403 2.81184824325 -0.96538141514 -1.51420176408 1
4 1894.09119261 1.18053844489 -8.66891949128 5.69282480948 0.809104092777 -1.50083672205 -2.10784991189 0.00839708041782 1.67652374019 -0.661694160368 -2.8716318261 -0.0201915664408 -0.422402153951 1.11260343651 1.88371840055 26
5 2071.39634652 3.04501265486 -6.46498005313 5.80549309976 0.43400861003 -1.19511003698 1.6414538985 -0.58908655227 3.07914401585 1.90227078523 -0.874059406612 -0.327752390547 2.33740455086 0.558925780307 0.273523269259 5
6 2849.96419679 -0.423153223514 -5.16348613595 7.08385944191 0.865345728971 -0.724539912249 1.49545996935 1.25214372543 0.0902668027463 -1.53721768539 -1.01805919914 0.0680342718935 1.1440483694 -2.46554647862 2.61646194995 8
7 3327.24151155 3.12821196801 -5.24534371535 5.72350341112 0.970573616658 0.677540888639 1.07001345235 0.143020965774 0.523866432411 -1.18857139159 -2.92728833834 -1.87354041421 3.12062627803 1.48667529291 2.31319933849 5
8 4006.12685057 1.33605675315 -7.22230580695 2.97239840109 1.05131254599 2.07742308712 -0.723657315125 0.828715367134 -1.49922992258 1.9222004822 0.0965394844945 -2.17432553165 2.52524872645 0.472228090762 1.92464661513 20
9 4071.14154581 -1.84587016409 -9.91082461756 7.2248770576 2.10445501629 -1.67486130855 -2.12330101124 2.29441735352 -1.79708967277 -2.56693309586 -0.360752035529 0.484682172726 2.51351637965 0.727941588153 1.50561140454 26
10 4131.33355784 3.86831374827 -2.96524185693 4.7343660613 0.518812093231 -1.27914634815 -2.93391118269 -2.83956074112 -0.880770690092 1.77609652021 -2.41854707534 1.077490553 -0.158916190837 0.118095539948 2.62576431038 1
11 4202.89557719 5.18989857939 -9.66080369988 8.70403363073 2.34179670943 -2.46082972529 -0.561271679481 2.11516579939 -2.38043198801 0.37963872412 1.04520789487 -2.53574924145 0.0200132750146 1.85340246888 -1.23540083812 27
12 4213.33430684 3.32830513143 -5.02868336217 8.5985194673 0.321451033959 0.137081007109 -0.0552771013894 -0.431512604145 -0.404295543145 0.642442320946 -1.3275396062 -2.21746084647 1.76244778342 -1.16679956435 2.11341923041 5
13 4801.26769671 4.1846215187 -6.25340048952 6.26817555399 1.20551972544 -0.952192253722 -1.89309348036 1.24080754628 -1.85593494184 -1.50084140162 -1.50153109433 0.187484743054 -1.06784057981 1.95537589388 3.06104803844 5
14 4873.58039824 2.20638104947 -3.68457944147 -0.17274694145 0.414124420402 -2.76406550792 1.96257964662 -1.45190250491 0.832836725479 1.7340991721 -0.892290098476 -0.0523338319714 -1.23529069667 -0.543024846543 0.580357689913 4
15 4878.89514823 -0.129570001482 -8.97370430619 5.04068060753 -0.628867943052 -0.326852854798 -2.57048965852 1.3812704778 1.79516179239 -1.34751573243 0.711618580353 3.02977062429 -0.362194372045 2.69080736819 1.24555143497 20
16 4944.27898739 -0.963010444245 -4.10316995375 3.14901713837 0.220252788399 1.19540886496 -0.650141102354 -2.89647664359 0.533113652766 3.00274739082 -0.452658734892 2.07263021368 2.93911540295 1.68663851226 -2.8232611519 2
17 5022.77414406 0.504877338768 -9.20489420213 6.24536688085 2.67255269423 1.9060860632 -0.0348546049171 0.447740827859 1.19056096651 1.80583509134 1.21831906649 -0.345820404281 0.97535666332 0.106337333949 -2.61710223578 26
18 5120.73254292 7.89498744075 -6.53581173821 -0.902427101328 0.240488930794 0.111350772728 -2.87412729555 2.60509311304 1.9053453374 -2.04533364885 2.05045015823 -0.331864507301 1.33111985875 -0.448618952903 -1.94856747932 24
19 5379.83463324 1.71932381155 -6.58157225063 8.58345490334 -0.629190667514 -0.963033836643 -2.60185537286 2.67620446267 -1.36005521907 0.803265649359 1.65389430184 0.96357896202 0.152373246528 0.496733847503 -0.248185100653 23
20 5383.47200541 0.832687647954 -9.97242516781 8.57339864084 2.03448443449 -0.128483085554 -0.345859500566 2.76716445431 -0.131204313486 -1.00935838511 2.22700604249 3.03387694143 -1.30361448255 -0.704640639406 -0.207725065352 26
21 5424.66317247 8.66926270624 -5.67001790062 0.288367321283 -3.02168818673 -0.422541135722 0.211010184398 2.85593634941 2.65878774214 1.14239184869 -2.07278679397 -2.22897249027 -0.0142434135371 3.09009164429 0.0866266686971 6
22 5509.82888399 1.39029940169 -10.1175569985 2.4782867279 -2.48284868203 -2.41697068047 1.48701329418 2.30200669358 0.696180132743 -0.766146594313 -1.20217625283 0.842348515326 -0.775985198111 0.4890426202 2.58960026378 19
23 5633.85075764 5.51879964589 -2.21219904769 3.60983678325 -2.45452871037 2.02853010737 0.732425148978 -1.90195903526 2.89858031176 1.24062323726 -2.4769232299 2.51256069026 1.47885399725 1.88355584314 -2.98222564819 12
24 5699.67045132 1.89635401587 -6.4362011423 0.339094027368 0.872444516432 3.08073461647 -0.523440159498 0.848241529229 -2.85806295306 -2.7449355682 -1.25655495726 -2.62743780051 0.472918198772 0.148414238063 -1.58466247328 4
25 5771.8912473 4.66085547748 -1.03559014806 -0.264804428472 -0.0729173119379 1.08801746292 1.51841645348 -1.30840765783 -2.86914459534 -3.07239805027 -1.12238253743 -1.81918876344 2.64881803087 1.26317693132 -0.381168834123 13
26 5935.32941273 3.97171837102 -7.58935506485 3.46725768457 1.61491589075 0.00377145061957 -0.688686933569 -3.03612658705 0.1726364594 2.42492944232 0.795001657543 -1.27869441796 1.61081529248 -2.98159848826 2.93127059514 19
27 6050.64197348 7.21374636717 -6.08074225868 -1.83438507804 -2.65306692591 -1.12207148219 2.25238722182 1.13338405288 -1.31227748019 -0.155417005045 0.816063216971 0.0708812512957 1.51997777661 -2.85559606012 -2.18156041071 6
28 6076.50511848 1.56532271832 -10.1496458884 8.08476709347 0.263281539906 0.491690073825 -1.34771350151 -2.43627815365 2.08576211689 -1.76937107496 2.57518390768 -2.59063717103 -2.50267480254 2.09566852562 2.31452081936 23
29 6155.88524357 7.26095912576 -1.33386175936 -0.26645316906 -2.7141865473 -2.18424769367 -0.974477559301 -1.80933222918 0.170219605295 -1.88507245397 1.47735181407 1.97396524555 0.458004351024 0.570502014776 0.490674757216 15
30 6157.2249525 0.116287188982 -6.08561621046 1.48984073575 -0.305289425288 2.28766574378 2.94990474272 0.986088767264 2.02563424944 1.17017706951 0.308268226625 -1.01859254713 -0.970617880063 -0.331730019373 -2.05214240974 2
31 6158.48758697 7.66248302461 -4.12486618612 -1.45713722062 -1.1141653051 1.02250093847 1.68112458315 -0.770967000014 -0.615043794567 0.070775583066 -2.72853416065 0.639478544342 2.07337126098 2.85867686491 -0.0366150796706 6
32 6163.698535 8.35586079238 -9.73452009001 -1.25428156907 2.49933623564 -0.65003139601 -2.54840351597 -1.86547258739 1.57047281197 0.193682819918 -0.559721171816 0.396424680778 -1.65745739593 -1.6121451175 0.873931297747 24
33 6224.83478759 5.69696676472 -0.261192883276 0.735680964442 -0.120997696321 2.55669681782 -2.74279398396 -0.862744469568 1.13796243673 2.12405041166 0.955565592394 2.1571835262 -1.68229129334 1.28043263117 3.04388739445 15
34 6236.83101847 4.1951188535 -4.57806279598 3.63026214484 2.9256884039 0.338634410876 -0.278432540291 -2.73140227644 3.10779648962 1.35142246217 -2.08140314473 -0.748156552712 -1.22470890289 -1.99091796282 -2.29516707267 1
35 6274.74546603 6.3223258184 -4.17233775314 3.12429997661 0.964275003809 1.87936184399 1.31453098712 0.243135151295 3.00120864404 -0.146099598254 -1.55994435379 2.46989479486 1.07840351639 -2.11687361951 2.53358042892 3
36 6277.8068721 8.5162730256 -3.84039187125 -1.43360888089 -2.17784894784 -2.06216752987 -0.669404910651 -2.71514472524 -1.66476196336 2.14058000488 -0.873443835884 1.17953880585 -0.230385531594 1.33333014903 -1.68773450252 6
37 6297.11920594 7.76228985429 -1.36756128032 0.0134762555151 -0.431617490696 1.77298994053 1.87507482672 0.824684236797 -2.15036217575 0.479775608451 1.74947341356 3.00911671945 -0.465359212632 2.65457847012 -2.96129794855 15
38 6315.76243312 5.70471971399 -1.09384233201 5.20317920979 0.644468638652 -3.09100632175 1.36918130276 1.06370865579 -0.446768992632 2.45639013855 2.20254925887 -1.31317614121 -3.12364708529 -0.866789959434 -1.31385531026 18
39 6354.62723666 6.2799112585 -6.44033834255 1.18798333494 2.68973451997 -0.92564072849 0.0597597003604 -0.144635325353 -2.92391544934 3.02995770462 0.25583723914 1.62122095451 -0.544241071746 -2.72402349158 -2.00682794338 6
40 6388.41492334 -1.1939949141 -6.77745965212 7.48772965726 -2.16058805848 0.896078031364 1.47203974925 1.03545912094 -2.10603234379 0.234620854581 2.61716938873 -2.48946686128 1.95105341533 2.14979475518 2.28134906641 26
41 6460.24047086 7.63496198113 -5.33240611952 4.72903809725 1.69406868417 2.61000695509 0.345465227179 1.20987628283 1.76691870885 0.499312801117 -0.591827751451 -1.08382329789 1.43154780991 1.38157426113 -1.25688103922 3
42 6487.22676286 6.80048618308 -9.90346723693 -0.277462363833 2.69779634627 1.73035609977 -0.430515532385 -1.08564695586 1.88546538922 -0.105097514139 2.80747165869 3.10457353101 2.51993657803 -2.9917712379 -2.64182532977 24
43 6602.28580606 0.54329225298 -6.17058685041 4.00901193417 -0.887515157171 1.58029221265 1.04389384609 1.45150977222 -1.44665371403 1.38563538335 -0.751223244297 0.775972683626 -1.56240082054 -0.911414504817 2.20219084452 2
44 6635.09797019 7.36629971431 -5.66364643835 7.83945886514 -2.20261952697 -2.97646055804 1.73076388879 -0.260476109597 0.510335895005 -1.66373291758 -1.62343442603 -0.180781949961 -0.90232206359 -1.97461101125 -2.76426264201 9
45 6749.57608819 -1.01553631644 -2.10300377765 7.85769055984 0.271821701373 -1.09039455506 -0.502478068914 -1.09551422123 -2.2032623261 -2.33234581598 -0.596477817646 2.6595347462 0.52120811156 0.319793371739 -2.90408260505 17
46 6807.00099869 4.40065235425 -4.06246428157 -1.80413939229 1.90617425223 0.791841512276 -0.553318668871 2.67380627634 2.10821563439 -1.58032964925 -0.0535852236195 -2.21056539451 -0.410230123912 -2.5384568594 0.893719544993 4
47 6941.41542886 5.86482533363 0.104030484641 -0.574279515428 2.99741967173 2.37969929624 -0.475343259419 1.77606605755 1.19907670469 1.30013971456 2.77016517048 0.422228657684 0.279701698507 -0.981510923018 -1.04403352263 15
48 6951.34284323 -1.95121113972 0.274894162208 8.25063289806 1.75909885457 1.37566162677 1.9952859611 2.05897565967 -0.807874757809 0.823535155452 -0.91695810289 -0.811442182738 1.16999744352 0.997391810501 1.08941895744 17
49 7096.24490548 8.2503760518 -9.45975830042 3.31341489979 -0.611346514453 2.57501768912 -0.66337733619 -2.03308084126 1.74104115633 -0.105278260025 2.55314498156 -2.53273164472 2.46027389345 -2.72377651809 -1.29944743551 21
50 7121.69042755 4.04949409076 -3.09754444055 1.45239220068 2.5558158825 1.7043093629 -1.22449861265 1.25578950303 -2.24813265822 -0.412356889732 -0.325046683097 1.94811708593 -2.38272266232 -2.03236658285 -0.859940300939 1
51 7182.65745247 6.80910369407 -4.78647558854 4.78022453835 -2.86786181888 -0.136467763448 1.62697475295 2.33098815428 -2.2681148886 2.4574890203 -2.41219944303 1.01069004082 1.03265563106 -2.9842492849 1.33448868895 3
52 7247.02426284 3.27716185943 -10.1412756429 3.59494620725 -2.38175992397 0.572470864159 0.559459752386 1.99422936204 -2.00819688636 -2.29971797004 1.42435891399 -0.966148487001 2.35949398194 -2.48132509878 0.811159928875 19
53 7261.22121579 1.22999704088 -7.83379522682 2.59322120912 -1.47211525812 -1.48374101875 -0.744864315042 -2.82914351624 -0.740119172066 -0.534355382542 1.87048994936 0.393246754964 -2.45008074618 -1.47840878173 -2.1371068643 20
54 7325.28456004 7.45618465839 -9.13971826917 4.75871766287 -0.0737920958052 -1.97631211886 0.894980123538 -1.01873215106 2.69171585074 -2.85407532261 -0.35221280877 0.0441910125282 -2.32024146435 -0.909358920284 0.263252024453 21
55 7327.03045317 -1.94088530577 -8.6597941026 1.80215909372 2.312551921 -1.86131679605 0.638887617369 2.9734221107 -1.90918880615 3.05350764858 1.29347196933 1.39811529704 -1.23135636521 -1.16653413253 -2.78487557211 20
56 7338.00829759 0.118105101664 -6.25071358197 -1.17215380363 0.180330199722 -1.4840464745 1.05588279233 -1.94008119586 -0.118813022404 2.6027331486 -0.0284357862791 -1.76116890329 1.25296840801 -2.44025240575 0.836787344554 7
57 7356.22842636 4.73182169366 -9.96738573672 8.19632972053 2.8162780748 0.700234835944 0.822358718736 -1.80985205021 2.07664399952 2.87110190278 2.18875796377 1.07340217625 2.94105019523 1.0354891526 -1.77831927211 23
58 7483.43457873 5.55695545135 -6.45477576846 3.65955706939 1.58777696638 1.77000251705 -1.45108703035 -2.57938082015 -1.30031994124 -0.652193997524 -3.13277542526 -1.55287507943 2.3538616302 1.81393029907 0.414773805602 3
59 7530.50858618 3.87193550645 -9.77489255885 -1.83972108618 -2.40833436126 -0.0076503751253 -0.959615368069 2.64142526392 -2.33355812705 2.15178773297 -0.497507779031 3.07623186261 1.98186197591 1.34416618437 0.386958461121 22
60 7607.72283331 2.68995643322 -0.283231743865 3.57367764979 2.09958994906 0.441369769573 2.38766097616 -2.05237801181 -0.285486353559 2.85433050669 3.00638093622 1.73502826924 2.44377223175 -2.50325006516 2.52740684516 10
61 7644.22909961 2.5697838209 -5.55635682111 2.97910062717 1.88693177716 1.20228098561 -2.1279619521 -0.827438485441 -1.80929646029 -2.48427852071 -0.430290792119 2.15091821092 -2.68037868987 2.66221916969 -2.24141610891 1
62 7655.52173589 -1.48389209581 -2.87494805122 3.78889391109 -0.875751507462 0.925424297387 1.18274720874 -0.105078867065 2.10414835726 0.22951086669 2.46660187831 -1.30923518416 0.41960247729 1.1146403429 -2.16840250824 2
63 7679.9586107 -0.467426542919 -10.1382506352 -0.597909114021 -0.45621021033 0.195600345465 -1.33409665723 1.91914500909 -2.02095903648 1.64032416957 2.16860179373 -1.74534735775 2.26083464514 0.561083753407 -1.6977780582 25
64 7692.39304736 6.79255497295 -2.90691589186 5.85062688429 1.0981777614 -0.44723924718 1.32671982241 2.78419598314 -2.42383776865 0.532942637025 -1.70644019652 2.26451456931 -0.991349426046 -1.50264610733 1.48538573359 9
65 7696.31440758 6.32336275942 -9.58072380121 -1.55043968871 3.13381785648 -0.335178303413 -0.428388988687 -0.44302023302 1.39409743712 1.07769993321 0.808060264033 1.75706839232 1.36234285727 2.30597722638 -2.22592080593 24
66 7791.6564264 6.21483391595 -1.88716933801 -0.332955915494 1.12897397919 -0.851748441911 3.07127402374 1.97660764734 0.0551203353309 2.06842530379 3.11971020511 -3.09511286853 -0.225049500714 1.47415743002 -2.00895047004 15
67 7793.35597491 1.38785394518 -7.36444280935 1.79090835441 2.43402507875 1.56936354142 1.23449444077 1.19820757682 -2.33448743356 -1.71088043833 2.11405893847 2.49308860292 0.457502317974 -0.584933919594 -1.08769783037 19
68 7816.51040413 3.12047212897 -5.33938698101 0.552132730023 -1.64469649512 -2.56752446644 -0.731414672091 0.0317559052625 1.65733316408 -0.566762787241 2.40968921881 1.86805658792 0.731025015863 2.78633649521 -1.53658230576 4
69 7924.89442743 6.55778602432 -8.55259981272 7.81715250386 -0.863560770288 -0.255917137781 0.0771839453413 2.54428677143 1.55899042439 -1.05055828597 1.1388510468 -1.4259930668 -2.94621018928 -1.18170449948 -2.20522336537 27
70 8054.46274881 -1.38522044493 -5.0132228381 8.71732135195 -0.713228257934 1.34766467731 2.91909173178 1.17833098377 -0.937484977638 1.00830726471 -0.914022160948 -0.622651860764 -1.2914974528 2.25001186118 -2.10970329835 8
71 8067.27775596 -1.17903808033 -3.7720732476 8.2152913488 -1.16936354372 0.722827807698 -0.698667386361 0.148224314948 1.49439418704 2.87310596967 1.42104377432 1.10452259737 0.248402892786 -2.64041701955 3.09936320262 8
72 8188.11916832 0.64728033045 -9.90096964879 -0.959654505115 1.63435504484 -1.11142876477 -2.62765911513 -1.86699223227 2.35556237283 -2.42840823721 -0.54921483683 0.297418712607 -0.819092869995 0.696445608118 -1.2007845872 25
73 8231.91266745 4.21849357483 -9.88522964193 2.29098983609 1.0014645583 -0.12757500308 -0.539029056495 -1.25313930107 -0.169655753844 -1.70652685537 -0.0795208395496 -1.77432198801 -1.62106737707 -0.900461755351 2.86633789999 19
74 8252.47990795 2.85535250632 -9.95635256104 8.25697907622 -0.581893035343 0.62473914727 2.18151394268 -2.25372397979 -2.47075850078 -1.92342294018 -0.808766217549 1.94896339268 0.0845148773214 3.09397355203 1.35035447688 23
75 8266.85069902 6.97801441576 -6.53646074655 1.32096037614 2.93811066363 -2.76159319518 -2.15481302342 1.39496562499 2.05655318082 0.56668805467 0.421052687743 0.154938344582 1.1393109104 -0.615890728841 1.79305990636 24
76 8267.95779685 3.07177848952 -1.54402578715 -1.94742162554 -1.21112316616 2.18427346277 0.461864995734 -1.19207441325 0.895504959799 2.6668576571 1.2627418998 -0.439237572797 -0.546375994221 0.610797316551 2.20287706222 13
77 8297.24719769 1.1618193313 -4.84961604159 -1.84988772826 1.91709185678 1.51131963122 -1.70407785265 -2.74929781096 0.125182381947 2.54439976645 -1.58061305797 -0.50776624498 -2.28450210645 -2.20176170345 2.08520775018 7
78 8344.54513549 4.19017465165 -0.625659414611 2.33836744147 1.4777903976 0.523176624019 -1.76468150263 0.622649208793 1.04288600776 1.12607387924 2.84361949257 2.79329809503 0.307781642685 2.47740203306 2.56972235445 10
79 8352.63074233 6.41282587356 -0.687487770103 -0.970089989761 -1.47470971947 2.68171493405 -0.544450657105 0.385045243216 1.25924994059 -1.11466461271 0.810095970677 1.33435148459 2.74049795062 0.724978894648 1.33351406654 15
80 8401.19647182 3.94318822408 -1.75736030446 2.17900645749 2.11175265623 3.14027572892 -0.0311008004602 -0.4365284467 2.12494300269 -2.89021519572 1.00821745291 -2.61085309954 0.804346934512 -0.737798245479 -2.75947272235 10
81 8421.24771011 1.71795431371 -4.60286004833 -0.435857975013 1.0768882369 -0.966161770874 0.772813617656 1.70436425006 -2.65442062559 0.181990895512 -2.75329133768 -2.08226400654 1.10864435448 0.597172457697 -0.135951270272 4
82 8423.80585046 4.18998084108 -2.81878231252 8.37208947911 -2.23921659641 0.314162410981 0.515704407774 2.73479074471 -1.16470089659 1.05824126252 -2.61922747496 1.31329089167 1.23756636987 2.66707553121 2.31580935462 14
83 8434.65640011 0.913542457819 -9.86048770811 2.31580363377 -1.32899087881 -1.72457488367 0.136312596925 -0.941323800329 -2.35388789503 -2.77659201683 0.60381041714 -2.58624734812 -0.17066966229 -2.08800580632 -2.159969294 20
84 8457.90092632 4.19876803959 -2.67051969149 -0.518789119046 1.5040605628 -2.04956529415 0.151047519548 -2.19801064568 2.98190154286 -0.846472869788 1.0223166624 0.383044002682 1.54376609293 2.10639674168 -1.41565832061 13
85 8537.61228186 6.96529240512 -5.25510892136 3.61279562935 2.67520749996 0.742798687929 1.24750679404 -0.733313913991 2.59065039967 0.0735189669746 0.551485955521 0.987629772475 -2.65686356768 -0.827119905718 0.348365751776 3
86 8727.6145037 -0.521742999184 -1.01861230629 2.97924025475 2.6739128943 1.13834077623 -0.26404251137 -1.30519622218 0.897016748637 -1.79809221723 -2.58446453838 0.879526593524 -0.246192076091 2.08872257818 1.07184153253 11
87 8751.54758238 4.95530637357 -4.0259789188 -0.0465809533462 -3.00736735757 -2.12702432096 -0.576608690778 1.07286084211 -0.000220321978181 -0.406710684921 2.10892742653 -0.785158849726 -1.86471169098 2.32146555561 -2.278214051 4
88 8768.22602452 3.84801128223 -7.17366118606 7.66360530857 1.67671713692 -1.16064115561 -1.30467303302 -2.83385741091 -1.16542582872 0.896087479413 -0.212316313134 2.18711343914 1.66020318569 -2.87546072064 -0.773960198564 23
89 8800.74953021 7.35405732064 -1.90202466229 6.84268488709 0.443690115198 -0.83520120621 -0.272475700065 -0.748341268386 1.79582131362 0.967583044366 1.16220330923 -0.21336530864 0.560809262839 2.7365404017 -1.05874470262 18
90 8805.24548515 1.56604778818 -0.135032337356 6.09534670465 1.32793592585 -1.55309639535 -3.04005382115 0.256905031996 -0.508486117829 -1.46982395304 -2.21690828411 1.52501184258 0.832187682153 -2.7065104144 2.32894663985 14
91 8828.82253141 5.62434955085 -8.15065366243 6.20070067682 0.228860810684 0.431819777795 0.985995955701 2.56530009429 2.21115982043 2.20237647988 -0.796897715849 -2.77955537097 -2.07369245305 -1.07158985566 1.71013353598 27
92 8883.39849911 4.1366639677 -2.77657975926 -1.06729005322 -2.71242275706 -1.54094788679 -3.05337260989 -2.46169828593 -1.8097042667 2.51889674084 1.47928496615 -1.17228884389 2.98813764032 0.491285517508 1.42035925441 13
93 8899.27718621 5.14807268794 -3.00454943658 6.80293446556 -2.35730644865 -0.467300154324 -1.75874864386 0.598089356663 1.0413696009 0.619878027313 -0.967634865351 0.143266829681 2.50906245248 -1.06470639267 2.6416703241 9
94 8903.48098717 -0.296290941569 -1.09594567369 8.07725558483 2.54586741611 0.928616689145 -0.642045217687 -1.98455056405 2.52208843729 -0.24488509154 2.36997307126 -2.96994332033 -0.513899121369 0.753388994209 0.343977203982 17
95 8978.53082515 6.56486452484 -8.30315134079 5.96385516294 -2.36878712767 -2.37482750206 1.15486743205 -0.717897073204 2.24526369566 1.58399140799 2.64301786822 -3.13234095288 1.20166493028 1.16810443491 2.5591171147 27
96 9040.54016218 4.21114299389 -5.20416245237 7.05228498567 3.01219059858 0.253366755847 1.71408377384 2.12195565438 -1.03066860594 -1.32116383783 2.64174241735 2.65670253733 2.01898692348 0.419966798777 -1.48863352566 5
97 9159.42317691 0.144630701786 -2.9267165368 6.19721646818 -3.08420837078 -2.24803056865 -2.63779924194 0.615279736308 2.16446353009 0.172305107699 -2.33086073984 1.25034372379 -1.31304157361 0.0947352494275 0.900267094778 8
98 9184.48267137 -0.168680855235 -8.27828904047 -1.6530578412 -2.12431581732 1.26048753575 -0.801321905753 -1.89064133388 -1.07207674119 0.367332886038 2.99799826779 0.896674180542 -0.255965256182 -2.08322883657 -1.06220061067 25
99 9210.21653777 1.08958338795 -4.59580695654 4.9216697471 -2.16830676121 0.438967290703 -0.662582551452 1.97564816676 1.79315585951 -2.16661398797 -2.59864353703 2.16995926218 1.92398031221 -2.73380360241 -1.69047981731 2
100 9226.90763581 6.91120693249 -6.24060444092 6.26921640602 0.913449107849 -1.65269501248 1.76376117443 1.16770886403 2.7007905999 0.788458996512 -1.50842713163 2.20644513938 -2.15263750659 0.571454585151 2.65254451156 9
101 9230.4163521 3.21489220644 -3.57810313935 2.39361984487 -0.803601854891 -2.77154717459 -0.248765981352 -0.803712419977 -2.87915636151 1.28426988917 -0.776211800465 1.58369060514 -2.37748248187 -3.05270932711 0.654566627456 1
102 9337.25757674 -0.877174459619 -2.39522079193 2.87703226213 1.1950213261 -0.889029920532 2.35414936933 -0.148172326483 -2.04277803458 -1.4203859042 0.824615724095 1.59978553635 2.4930870642 0.565941578214 -1.40674184976 11
103 9366.9223783 0.326355483137 -8.7211694053 -2.08461791328 -1.40226966498 -1.31850572921 -0.707921748889 -0.029255750437 2.22997377628 -1.84598532639 -0.478739983641 -0.308832384345 -2.6844338726 -3.12657936227 -2.88157363738 25
104 9416.70400977 -0.731615822326 -6.16222173463 6.84208079783 -2.37688825476 2.57955497397 1.49903356265 -2.80284063456 -2.50984602096 -0.263311790648 2.46136336433 -0.610946002324 -1.03211807312 1.27434348911 3.01068337357 8
105 9438.80449849 2.84418940554 0.302242868719 -0.661237737086 0.181625339273 -0.48053453047 -1.16995098374 2.94396324678 2.71601215461 -1.80025160073 -1.86805694204 -0.577794622898 -1.29614154208 -1.81126013051 -1.55340953232 13
106 9514.28553194 7.45519743441 -5.16821857782 5.16432249831 0.967211078365 1.61037663901 2.10555648969 -1.07166165193 0.156132485972 -3.09885844493 -2.84778353508 -0.310830854575 1.22593027564 -2.8407844593 -2.6589555903 9
107 9531.79362405 6.99035917964 -2.16155503145 4.26161986987 -0.450835699344 -0.0665185419246 1.26390819567 -0.533883442747 2.00692357867 2.07123751569 -2.24462801692 -2.96092397458 -0.298477627603 2.70331940463 2.88086237446 12
108 9640.4038671 0.735747429011 -1.2776690405 4.66013658012 1.00568089718 2.48828736795 -1.04256382327 1.46217749474 -1.16841140774 -1.99261327939 -2.9758257596 0.50217449548 -0.779111995246 -1.56055254812 -2.38616476607 11
109 9644.55114506 6.3857061601 0.367967467844 2.95613830442 -1.17810570854 -2.29352803378 -0.379463746907 0.568923105109 0.803932400668 0.164318524091 0.717751126261 0.744590885976 -0.156682461854 0.028678939596 2.14609348304 12
110 9649.29342112 7.3477192675 -6.80899081186 3.85636122307 0.420211031553 0.625821634334 0.545435434065 -2.02575309525 -2.71509926947 -0.100980696151 -1.26992723594 2.90512645048 -1.0675421865 2.11403119189 -2.81117977393 21
111 9667.97614389 8.50993359064 -7.14807404916 3.65673573543 -2.55685743487 2.54432998291 2.2090872352 2.88067285545 -1.08280462452 1.85185983478 1.54844336623 1.78392992057 -2.77881081214 -2.70672929119 -2.24523214627 21
112 9720.53521702 -1.81206496142 -3.21210491112 2.22186472732 0.655106672124 -1.98641395381 2.75556014004 -0.728200301205 3.0779690085 -0.377066550687 1.58984581265 0.650954042358 2.3370812507 1.0592788483 -2.17093627205 2
113 9748.82056793 4.0243288115 -3.21070603845 6.78265341012 2.71901043709 1.91357608901 1.03678493187 2.38643701983 -0.756308824297 -0.45754693011 -2.27369867389 -1.67978344403 -1.37981082346 2.23621466615 2.36744461094 5
114 9821.83807749 -0.86707041007 -1.55552410162 2.67878474237 -1.34130477157 0.463416648969 -0.462528994321 0.382200392028 -1.14796831785 -1.87420029309 -0.975206210481 -1.77513120724 -2.42451273446 -1.84133089057 -1.16425209795 11
115 9831.28478418 1.29569096609 -7.13126227776 -2.20631386294 -2.13474972014 -2.58482203677 -0.63833123168 -2.05009006969 2.76892801277 -0.353728971736 -1.99422111298 -0.330712535995 -1.76356927782 2.11248349276 0.802255429063 25
116 9862.40341284 7.49546553766 -2.71210208362 2.2484004199 1.38718439751 -1.61500701636 -0.367366540295 -0.817652163082 1.00798960714 0.838654261633 2.29045754389 2.40578418711 -2.26075064628 -0.339647189733 1.98108627252 12
117 9895.82671335 3.63103538685 -10.1837753553 -2.23982216232 2.44868296496 -2.93791502084 0.0558916151233 -0.965738322645 -1.51755325236 -3.03102008512 -0.275301061483 -1.93351651341 1.03364395307 -1.69954546437 2.64197691792 22
118 10029.2172127 2.51539330429 -2.54360733363 7.65563671141 -2.51186795343 -2.92034565701 -1.46967645138 -1.35686845058 2.21948206904 2.21400773569 -2.26604875276 -3.08167867229 2.45258616482 0.606695793141 1.20865837408 14
119 10110.8071834 6.246627715 -0.888212637892 7.8358048864 -2.54050501388 -1.10343533072 -1.2721180742 -0.695929061072 2.0890862033 0.0703100017845 -2.70774186581 1.62974019959 0.370648044123 -2.2962360621 -1.53380920004 18
120 10114.8389331 -2.26816907665 -1.20179037227 -1.82004064123 2.58204989975 -2.99068885417 2.33741402963 -1.19974637837 -1.8341057791 2.94377944794 2.19120631311 -2.48009363423 -0.217030120901 -1.02199286561 0.429591455598 16
121 10214.9529216 -0.365111470708 -2.25733921948 5.34554895522 -1.61305992511 -1.13226241786 -0.790747329172 1.54052471782 -2.15314747398 -1.95392402446 2.10268093599 1.81566516552 1.68972610755 -1.35880172933 -1.65203306918 17
122 10319.1672931 4.86909562016 -7.33087895909 -0.992814447877 2.44759383188 2.02831871302 2.90450699254 2.46924741093 -1.08598138047 -0.744473694208 -0.665920340601 -1.66526699404 0.0638384508323 1.08995783383 -1.11140392605 22
123 10509.4036279 1.39357963279 0.496337017731 -2.04030060218 -1.84513222788 -0.598313425322 0.217956956419 0.497532278276 -0.560209127801 -0.887529851949 -1.79986715849 2.40727253953 1.07067668126 0.365986823446 2.38293657316 13
124 10513.6578925 5.01678338523 -2.60443136079 8.26957985761 -1.7181090419 -0.0304979407858 -0.591300197271 -1.67854354928 -2.8327866025 -2.7066587603 3.01298591638 -1.58057275554 -1.65617290224 -1.87401075524 0.262467882986 14
125 10530.0777385 7.78868413486 -9.5875175862 2.1280096858 -1.97436779936 1.69202415562 2.91258856799 -2.05239156661 -2.75872504783 0.581834934142 -2.73126323655 2.10187108697 -2.47750084406 1.75204186554 -2.69721172193 21
126 10622.5618658 3.39515537674 -7.6190624725 -0.221800059071 1.46202190063 -0.806548654984 1.43020407594 -1.78619224882 -2.77356612232 -0.611503237023 1.75184323879 -1.1251689978 2.23328142212 0.510953064235 1.65505874749 22
127 10639.1011637 -1.1644756489 -1.77691552797 4.669331372 2.96898663734 0.481182881474 0.894972027046 -3.11249235804 -0.314342890677 1.60121437237 -1.92522008985 2.76319656655 -1.43340393614 -2.18451858745 -0.382451917662 11
128 10692.417827 5.19824294216 -3.62463098643 1.87371215893 1.67797970932 -0.0744196756472 2.89336074472 -0.662188722258 0.47038412746 0.32275208202 2.98488851008 0.693624786227 -2.90445672485 -0.490170982739 3.0582065313 3
129 10790.0953332 4.5031165765 0.0335977798998 2.90658633157 1.80097718559 0.168943180421 1.93185316472 2.8738779747 2.40076845096 2.7593934121 3.06075276418 2.97711285732 2.70816485622 -1.19454564741 2.07242043054 10
130 11033.5430541 6.77273134263 -3.72723581565 6.00988749122 2.12372706847 -1.46738334145 -2.63440333763 -1.03422708213 3.05377472979 -1.37735769154 1.74480110153 -0.5861514158 -3.07412318242 -1.50186454474 -0.607056040329 9
131 11091.1410637 6.33205602531 0.487770773163 2.48352419366 -0.473925875585 -1.73265329464 1.0078691679 0.0208948081263 -1.45236757607 1.68253658201 1.33352304183 -2.06578755489 -2.41962753856 -1.09761080071 1.07908941399 12
132 11131.4907513 2.59959481076 -2.23634072477 7.85695899633 -2.29438748401 -1.72889850117 -1.89319785918 0.489846186896 -0.748705414619 -2.32200003175 0.790453807001 -0.617810211571 -0.364955680676 -1.02994169687 -2.59809588982 14
133 11167.3921577 0.542765625893 -4.68576208036 0.222086987878 1.83659715916 2.31493699733 -2.14657644533 1.45048836817 -1.69399665171 -2.91630692922 -1.67726389862 -0.263921407566 0.737567686052 -3.10386015242 -1.76953260767 7
134 11183.1176563 -0.0278707021916 -2.358281011 0.390887763372 -2.89010396848 2.99876478716 -1.73508046286 2.05799591726 -0.791090713936 1.29525120886 2.64674026645 0.179522174757 -2.83377181314 -1.91775516422 -1.8772015187 16
135 11211.4929496 -1.11676855363 -3.18024783021 0.75450752133 2.49844587841 -1.93690629405 -2.88846601657 -0.176503837848 -2.91890324547 -2.14469725704 -2.49986933898 -2.18798867951 -1.43420898928 0.95764608991 1.34278651053 7
136 11292.9052039 6.22193828024 -0.772485131804 5.03325623938 -0.580479083217 -1.61242856421 -0.94793691461 2.76072490762 2.06129094771 -2.40246720751 1.13144109453 1.13793000318 2.51713214375 -2.87401304712 -0.833632269909 12
137 11393.7261012 7.43107336286 -8.39314851037 6.09669805389 0.38667339409 -0.363221933196 -2.46485726498 2.94910498398 -3.02856837664 2.08680706196 -2.52805705766 1.32941511615 0.325513474629 -2.91112898144 -0.589249666423 27
138 11456.0350882 8.61210924008 -2.1769703869 5.82870451919 -0.410318672431 -0.883331242327 2.86363920899 -3.09288638946 -2.12059412932 2.01627031442 -1.10010860772 2.81342728908 0.535399078791 3.13042066262 2.75296840448 18
139 11625.8789547 1.35615077147 0.16762689373 1.30833957249 0.190667468536 2.32491107385 1.59522299356 1.04981222435 1.62548347177 -0.783632332169 -2.09642860097 1.66296057477 3.0639261536 0.682380779718 1.44445737128 16
140 11875.6262013 3.67867019219 -0.227001431857 6.41662737522 -2.18726510367 1.82189919945 1.22420263426 0.387763283455 2.88464880765 1.00990448664 -1.19478984802 -0.867510550374 -1.48984161091 -0.122524518923 1.11282451927 14
141 12008.3162103 0.452754641507 -0.788211063912 1.35712634266 -2.66289032115 -0.314020916849 1.47875992105 2.13310575387 1.15491310345 -0.00328534974696 1.67589811311 -3.08307974469 -1.35102099595 2.27849343931 0.817401359168 16
142 12130.2199019 4.61699396552 0.708596297934 5.01261381306 -1.59911109247 2.19389856604 -1.83712956642 -1.55020780754 1.77823823845 0.336413408623 2.8210011661 -1.25680151484 -1.38230490648 0.079445262552 1.1333049016 10
143 12194.0244803 0.4031179929 -1.51852334482 -0.775950351555 -2.29098677395 0.88962163169 -2.38339400816 0.845001855568 -2.78402638099 2.86660135813 0.924548360526 0.0841008523431 1.20388829411 -1.14786836237 -2.50854989322 16
144 12393.6303114 6.3665095742 -1.33627046531 8.68185552321 1.2065619796 -0.972179689503 2.39938978068 -2.26670690475 3.08863923542 -1.18677576395 -2.73062033283 0.391990785286 -0.730179443595 -3.10206005259 -0.675377133836 18
145 12534.4089896 2.30622599165 -9.89349050209 -0.807054656969 -1.22014021632 -1.99626245833 -2.71077530951 -1.1915582732 2.37865560878 1.67956231859 -0.668261817853 1.87780700185 2.4833387032 1.10419983888 2.26762450764 22
146 12828.5470351 -1.93505984151 -4.80510559181 -1.40592275093 1.53906506388 -2.93481392778 -0.700604763874 -2.31076150571 -1.64146073915 -2.76589880784 2.70626611322 -0.726079759081 1.81935520836 -0.131872317071 -2.47581457718 7
147 12920.9169164 1.754093793 0.432096467019 4.04366631247 0.370947061947 -0.230036155625 -1.95074133486 1.37613414324 1.53396011551 -1.96954974535 -1.43041857589 -2.94821257283 2.11054133078 -1.4652320744 -0.954829016254 10
148 13156.3586461 0.834276591857 0.134922560459 6.6172656679 0.473846170457 1.27762241876 -0.0374244728099 -0.442709887363 1.09086796086 -0.657096703951 3.08996855495 -1.90516692454 2.60105209481 -1.19116484184 -0.74892397041 17
149 13425.463416 -1.54063450621 -4.39610247887 1.35545196939 -2.90814236435 -2.63401133034 2.83315918905 -0.776656361359 -3.01788654415 1.89382016456 1.90580894509 -0.76082010936 1.54659185979 -2.68806654664 -0.0810430731077 7
150 13917.6047451 -1.04429389087 -0.807281523769 2.72660965449 -2.04613108591 -0.130625651894 1.72312995874 0.606845830367 -1.55554175277 0.656489300656 -2.90485744756 1.16813808846 1.90049766962 2.0099237137 -2.21928966893 11
