 -4.59940691111 2.50929222646 5.21517198937e-05 0.266661661261 -2.95672373717 2.11555036674 1.48968128914 -0.453928063068 -1.57473534801 0.821587327521 1.98826363806 -2.3198857678 -0.00533930053682 -1.22222974724

1 2344.24192475 4.30967934305 -5.17355987891 5.1104815196 0.126035448673 2.5453740505 2.1252902728 2.47540261038 2.90505683041 1.88393821526 -1.73150105563 -2.81404736036 -1.10478530489 -0.6545118043 1.46516204625 23
2 2495.93135517 8.00264152942 -3.40933284238 -1.71650648298 -1.20669299925 -1.87706294872 -2.6799258851 1.10773911325 -0.834824058304 1.30800452523 -1.55128009496 1.24238845238 0.743489078318 2.35449873439 -0.326161272954 3
3 3318.49883798 1.84321847118 -4.38384329236 -0.541616326596 0.0654020213387 2.56625189509 -1.66823266818 2.84819251215 -0.463460029587 -2.4192704639 0.356987634051 1.1746449439 -1.5668396492 -1.47281870348 2.19521489359 20
4 3342.00629441 8.88306906035 -0.175538685171 -3.44552826842 -1.04514043061 0.559103633411 -0.235719281802 -2.02817726391 -3.061199786 3.00002997368 0.779070135377 1.7101532115 0.644491139329 -0.0519769576134 1.16759064095 15
5 3440.5212029 3.02858295341 -3.50151712727 -1.97254198239 0.327264802417 -1.6024565949 -0.525671796775 1.79119379974 -0.229642405184 -1.27945201929 -2.12895168598 2.10539170854 -2.07387635852 0.730397073988 0.54128545986 4
6 3449.39951822 2.01143414491 -4.80626474013 -2.44544733494 -0.113036138539 -0.887898948863 1.59399691153 1.93377226564 -1.66670268919 -0.441890866808 -2.99679905884 -3.13490568444 -0.980758502938 -0.919848194167 2.58378722389 25
7 3500.69823232 3.68774004518 -7.04191965681 3.44212672158 -0.54057921923 1.07992907617 1.01190297897 -2.57765092286 0.989731065604 0.151910450275 3.13468965701 1.61045567781 -1.17671125234 2.55694642188 1.37516243836 23
8 4145.8438081 9.39020187523 -5.81395841603 -0.989781115895 -0.97477907596 -1.78674481726 -2.3003838079 -2.24691012466 1.16274441859 0.372791849627 -1.02996753114 2.84524112623 0.836821332077 -0.756556404056 1.0546748656 21
9 4660.20900796 0.741501544644 -5.85145454561 1.23307029546 0.834306114008 -1.81641812739 -1.22242586899 0.705182726362 -1.06418387251 -2.80884478929 -1.14466724441 -0.955539173755 2.24443576557 -2.9731403605 -1.72782402653 20
10 4725.52373992 9.49490555644 -6.1585644711 0.667298155953 1.70849595203 1.27756472466 2.47778633533 2.49984079014 2.63733166667 2.33873841635 -1.79618996694 -1.56799093085 -0.541069409278 -0.340767248195 1.54082025725 21
11 4898.49582371 5.21579871314 -6.01719985655 0.957277658401 -1.28563359204 -2.76450166973 -2.22830472817 -1.29872723834 2.74694545067 2.79056828114 -2.42680981461 -1.01530981504 3.02288905788 1.48810931628 0.501011763541 19
12 4954.37248454 1.13991125461 -5.30607218413 3.51056688315 -2.56025519942 -2.02497708941 -0.943189957956 -0.143892369108 1.73799507547 0.0346915755432 0.0262623819303 -3.1228015742 0.929249134456 1.65687607335 0.652053266647 26
13 5148.51208809 -0.568653774555 -7.60389902918 2.88967009144 2.77102148501 -2.08244106057 0.177315781638 -0.639249431259 0.609654817732 -3.07168030552 1.97642311757 2.03779281897 2.82211239382 -3.11455996231 -2.8819418029 26
14 5312.97296435 -0.0267221468657 -2.6648770349 -0.242942213573 0.47290050961 -3.13358515894 2.0401027234 -2.47961756196 -1.91906996529 -1.02584680575 -1.31770849175 0.0238726883878 1.16044956247 2.51619279454 -0.306713514187 2
15 5414.71841004 3.81574995482 -4.05393068473 -1.50320914588 2.97235920667 -1.55224274247 -2.44967438914 -0.344571215373 1.01928640016 0.93664099658 0.804176413523 -1.92128105843 2.1952941829 -3.07530677782 2.61099174028 1
16 5549.62051026 0.294028450794 -2.95323188178 5.39888923836 1.21401223543 -1.38676649835 0.839463148485 1.7618887288 -0.134625939967 0.308337517855 -3.07545405243 2.30979099507 2.96048575127 0.709329063601 -0.690162311538 8
17 5684.18058573 2.81000457113 1.9276494212 1.13548468602 1.29565444366 2.38582926296 2.51387368595 2.19363579431 -0.201908886252 -1.13070808059 0.282462075809 2.7646904476 -2.64811230978 -0.676705831498 1.71788043916 10
18 5721.72303564 1.13749924278 -2.34762156345 -1.07887191945 -0.369740725646 1.85655674255 1.90364350922 0.926267365852 1.81882693915 -2.22148611894 1.48288657972 -3.09046090218 2.9499169587 -2.54441265245 0.42592103762 2
19 5724.60068921 5.58081053659 -6.96133569217 1.28138611435 2.68805081545 -3.10270121558 2.72728095646 3.02647933725 1.74821751692 2.31974873424 1.59229296994 2.71309745586 -2.82685490319 0.29831381048 -1.16843384282 19
20 5802.81161002 9.97759464014 -3.40040639728 -1.90202764947 1.64324610095 1.03718982211 0.000616855865478 2.22226761514 -1.01334590842 1.21628351004 2.6955692793 1.13789296187 2.4907133608 0.805280939751 -1.54750905181 6
21 5831.12034922 1.13232422915 -7.89236351575 0.451269579308 -2.93747664446 -0.520165739772 2.65226789279 2.89957298084 -0.952533683521 0.316773572147 -1.41143181726 -2.82721794338 0.768749025121 -0.189292884727 -0.23504132008 20
22 5841.04597884 2.69799478263 -7.13225183189 2.09124126069 -1.80939358628 -0.466820866201 -0.577664862843 -1.70861573801 2.53041248188 -0.288209580174 -2.42695134988 2.03624532223 -1.47448650103 2.27004730572 0.0559769828504 26
23 5846.79734447 9.69194593557 -7.21099949289 -4.99934344829 1.74507165136 -2.18967148064 -1.20694115286 -2.2016876063 -0.412216277022 0.948422579161 -1.91070981702 0.610457170605 2.06789316148 -1.24432188775 -1.89752105438 24
24 5875.38140742 8.93862874908 0.0896838871707 -4.7212480116 1.85027284072 -2.94108832374 0.130551753273 -0.121277143963 -2.78732796985 2.59524475554 1.59301274458 -0.318748149467 3.04558842737 -2.97962058355 -0.663795086758 15
25 5900.49497605 4.70979950827 -5.06446029585 1.20680486972 -1.45060457731 2.55294378653 -0.277275757139 -2.91307284697 -2.90018507913 -0.554108414133 -0.77146326054 0.74258127204 -1.24741335967 -2.14953166152 1.60996936455 19
26 6063.3520071 8.4897164816 -5.12713158942 -3.02534107095 2.20547496678 1.03819896778 -0.804729177041 0.559960056102 -0.714125079833 -2.76311764079 -1.92995075416 2.22531944497 -1.74467941946 0.84489655701 1.87643659155 24
27 6063.70455082 3.56018642346 -5.06392125035 -2.74951209111 2.54554759028 2.3655508033 -1.10915057464 -0.774380443992 0.857729304298 2.31872625207 0.741618583593 3.04370732932 -2.10193733714 0.980367444515 1.74825238727 22
28 6068.84425976 6.4286966291 -3.24003821235 -0.760742449576 -1.85065382283 2.41680349515 1.07475535144 -2.62330009209 -2.6031813077 -1.29611113275 -2.05494444454 2.0634441845 -1.86608863108 -2.99071048862 0.282235575433 1
29 6129.43161538 9.88206191186 -6.60967374835 0.641561084394 1.64219729683 2.59902683637 0.51559104664 -0.84470130312 1.09170163568 -0.623647276324 1.43499440018 0.251613390665 2.57055920401 -1.43891441654 -0.748383221529 21
30 6134.59414089 -0.470958315554 -2.79513685074 4.15562746893 0.283537747292 0.379883204509 -1.25771932363 1.14926955935 2.16788386424 2.58337526111 -0.494097462491 0.603679307185 2.84392733682 -2.64619855071 0.800193180896 8
31 6155.38962604 5.30538659501 -2.5665625945 5.3132203625 2.90118617375 0.499349532853 0.39889209063 2.02170497475 3.08959196258 0.401687996728 0.61230515557 1.69841398217 -1.46104202568 -3.11734279783 -0.175871105705 5
32 6209.50143428 1.30929024797 -4.4667851012 3.33062811345 -2.45374296929 -0.831784001193 -0.0955532792388 0.617544769767 -2.30195779865 -1.47677166117 -0.246760714196 2.34412409767 -1.55941017759 -2.76175088198 -0.415610390515 26
33 6275.18733709 3.09862758198 0.0980595119054 2.76531099231 2.22110094588 1.74279303641 -1.2853896563 -2.97433987639 -2.83762619965 0.549902691911 -3.04045895227 -0.19499320289 2.65665436146 -1.16732122747 1.4597155658 14
34 6357.13909737 7.29829859568 -2.67362682186 2.72962487942 -2.91195491284 -2.71941444904 -3.10769270354 -0.261567483475 1.21435233031 -2.78994830113 -1.08195900009 1.37549756248 -1.68160535527 -1.28561405182 -1.04548933359 9
35 6388.76288326 0.0314994315365 -4.07791480409 1.09874328528 1.23019527806 -0.398386068557 -2.49630870332 -0.0675777948945 -0.506992869355 0.809513306672 -1.67582336931 -1.3297290643 2.9956002335 2.13945862893 1.73290128139 2
36 6446.6811081 5.70397477733 -3.02293642758 3.04472502671 0.433771731971 -1.88328721349 -0.171345360776 -2.03045267519 1.22328081229 2.59996271052 1.23829976634 2.73303960751 -0.211478437416 1.22999723996 2.68219665664 5
37 6470.49806044 6.89167542678 -6.9229342957 1.21554408922 2.78891944884 -1.73779515947 2.50543117282 -1.60982584506 -0.182012163399 -0.119906733167 -0.341101335975 1.20628015414 1.2295655358 -0.0106436130891 -2.12043077587 21
38 6503.47857727 3.86690380715 -5.67804401918 2.12288249844 -2.70234522909 0.111867498826 1.60822495173 -2.48730392246 1.47260509005 -0.809546464467 2.37037123114 -2.9053263741 2.88049507271 0.290865183982 1.85498784744 23
39 6589.66973577 9.20964251458 -2.59514005844 -1.04496590077 -2.45555464223 -0.743017987946 2.30687818405 -0.249071769212 -2.12745172047 2.22271559164 3.0498500896 0.64851121455 -0.112273816215 1.5162013475 2.55023667571 3
40 6636.18924646 8.64727014577 -4.63897425348 0.717511970476 1.02086585553 2.18328262383 2.87420221816 2.1043408663 3.07513943107 -1.26292992374 -1.55912068182 -1.92772011659 2.64043086166 1.03353830798 -1.86278548076 21
41 6646.65451154 9.59064453868 -4.28748082078 -2.75465310639 -0.54027891461 -0.801235941081 -1.10196328793 -1.69656796045 1.01705465177 0.0441290936401 2.3457303248 -2.71260431537 1.72000909083 -1.76420851047 2.2298816333 6
42 6665.13096269 3.05086715028 -0.911099271331 -4.31538222931 -0.603541224545 -0.9345974937 1.01548225047 1.25733490322 -2.86803951809 -1.729303805 -2.20977606459 1.84757495003 -0.345064800855 1.55005739074 -2.48139402224 4
43 6708.41372175 6.77384671341 -3.27723367445 3.68239574501 -2.5634990802 1.81248002377 -1.65287366849 3.12370101343 0.130682202254 -1.88121659456 2.67465534506 -0.758235192858 0.992879665924 -0.191032185719 -1.41196539747 9
44 6826.18949435 5.26311065665 -4.78912824725 -4.10765915045 -0.937954728873 -0.637725415997 -0.60268388428 1.1181481399 -0.153097810511 -1.83055674898 0.534763247975 -2.35825387696 0.0923138159568 -2.11241594409 -0.879757788705 22
45 6891.35400424 9.97552012792 -7.78684296956 5.36052774542 2.16127875176 0.951377818972 0.578521059853 -0.838933085943 0.354833446774 0.20874704144 0.844948739438 0.0688386715451 -1.23675746394 -1.4565816852 -0.433388381153 27
46 6997.58741801 4.17954853571 -6.0820638273 1.30118136604 -1.30504714379 -2.7276685152 -1.08082591438 -2.94498035523 0.572397585187 -2.46669286017 1.49027864088 0.0478967312266 0.0778828717812 0.104079486691 -2.10975898135 19
47 7031.17283607 3.9702050578 -0.754552607479 -3.42105834474 1.38210572553 3.13470639238 1.26611586648 2.94286017202 2.46093288197 0.600874495809 -1.40107551056 2.48210329329 2.82702623933 -0.0745151457686 -1.41561644155 4
48 7092.48968097 -0.542176076547 -6.90701158586 0.224460499982 -0.567453411149 -0.504264890531 0.370422238941 2.29271665754 1.65739888076 2.85819302432 -2.10407659148 -2.93678858868 -1.58526152709 0.52167680427 -0.104814903321 20
49 7135.03427479 -0.315819960589 -6.39363394499 1.16302622469 -2.85880159263 -0.00875623234708 -0.0522284076292 -3.03029875648 -2.92850084444 -1.91932004591 -0.478401408618 -0.349022750139 2.14557941354 2.29149292103 0.270970635697 20
50 7177.75717195 6.12899597664 1.95586309731 1.27640568666 2.35246115223 -2.64785764151 -1.77890790007 -1.18437595974 -0.57451718727 1.89376082051 2.17877482093 2.74961158215 -0.502302611801 -1.21572905668 -0.80804347794 10
51 7191.2785344 4.79405521607 -1.00750330427 -0.570176643596 -1.48807107212 -0.985390271848 -0.267924147585 1.13186891345 0.0370374598787 1.98846560003 -0.66517826973 3.10470170673 1.78766923398 -1.04544352516 -0.232112069824 1
52 7221.53258597 8.19955879874 -1.95290423657 -4.72233299915 -2.71425509917 -0.200585730865 2.62470878692 -0.219574629787 -0.0104210997167 1.21572467824 -2.42532164323 1.71201351166 0.64595133458 2.97519286914 2.17162677583 6
53 7266.59586868 7.22177486137 -0.770980743205 -3.48784629851 -2.98464258362 -1.82491914092 -1.08135477816 -1.74217194487 1.66074332399 1.35209431746 0.55026185849 -1.19852440413 0.853296834074 0.520646598107 -0.880850929796 6
54 7281.76326171 8.94682517218 -1.90256991275 -4.87019057424 1.16388185236 0.82187046135 -0.0788168961977 0.856914321353 2.34131843858 -2.05942828993 -0.176194109815 1.34632385655 -0.940654766614 -3.00876018186 -2.23731628563 6
55 7309.29548088 2.08293720942 0.605047032055 -0.975581371167 0.822880095857 -0.00380878279617 0.426890690059 -0.0235064028326 1.79304585851 -1.24067600053 -0.378345364751 1.98530740283 -0.953976144434 0.402229493551 2.19317083526 11
56 7310.49485302 9.94506717374 -1.51248243144 1.95390750042 -2.64968442175 -0.508672385002 2.33340104159 2.92350674131 3.08233397888 -0.41526810262 -2.94610156916 1.59005717784 2.49438166406 0.313271764145 1.05844853316 9
57 7350.89350628 1.05530545835 -1.23587114562 3.73865717236 0.429853604928 0.595897390233 0.739038834433 -1.627530915 -0.542982696748 -2.114420309 2.69472867297 0.833270823388 0.0565813662304 2.9172612657 -0.393871333648 8
58 7390.1108114 3.26842560939 0.206795294299 -3.58552902476 -0.89320730677 -2.77384479578 -3.07581108464 2.26180824346 -0.658225545065 -1.24766460145 -2.44073664037 0.99779690568 -2.97396936008 -0.335220120587 0.840567848717 13
59 7393.78003738 4.01286254521 -2.95049898741 0.0455102722205 2.61810023962 -2.9183737568 -1.95308962355 2.26282106711 0.541134530329 -0.992346102224 -2.68840398086 -1.14475013894 -2.12340556622 1.61204378237 -1.21061469645 1
60 7528.3186657 9.51546158899 -5.81792504837 2.00571697674 -2.07310009897 2.62825599333 -2.2518936932 -1.3313989789 1.19065249489 -2.99521580564 1.58729094308 -1.81031445314 1.74281329856 2.24312827815 -0.718122557599 27
61 7602.38277202 4.5075807698 -0.0533293440137 -0.492730121831 0.991974047647 2.03190771266 0.917666308435 -3.09174598265 2.16178318475 -0.477345243824 0.729988589802 0.57748938468 -1.22803692892 2.08027280406 2.65706107854 10
62 7604.81641093 0.472948491146 2.67339302633 0.322460224013 -1.69564812617 2.70584687817 2.54518386666 -2.28908754248 -1.96751483532 2.9101634119 0.121672363716 -0.3775983787 1.94275208521 -2.92663687613 -1.85735631397 11
63 7714.48903403 5.85051536726 -5.33289965404 -1.53008828872 -1.70780259938 -2.33986560902 -1.04449804897 -1.10793731256 0.908136530025 1.52955678995 -2.5629201622 2.47448735763 0.405463479193 -1.78632404818 0.279234880158 19
64 7766.56639223 5.1610558999 -3.3175312267 2.95181650301 -2.86480951144 0.0043416154516 2.69259916458 2.99237522348 -2.81093107658 2.8993745112 -2.57904902645 -2.2450141548 -2.89432769983 1.32871625123 0.200920913797 5
65 7772.72752049 8.15590864532 -2.44151665228 5.10845966939 2.45662558798 -2.91656773134 2.89390645084 -2.11481572051 -1.0592491451 1.12244872579 -2.55593339284 -1.32188251602 0.759203107185 3.11490872622 2.84828180087 9
66 7814.72339523 9.78904040299 0.589385723666 0.71115270659 2.50078972811 0.424549117733 -1.77466895629 -1.92122977137 2.95068714773 -1.80606498509 -0.69853221032 1.62171351718 -1.58707547415 -2.07297313811 -2.60627667127 12
67 7817.76373765 9.75198715197 0.561926797577 -5.38311029603 0.172455225004 1.60397892622 -1.36705260019 -0.887142279042 3.09533032693 2.44307123649 0.0680662773512 -0.618070105866 1.28077711486 -2.57534575016 1.10438458005 15
68 7823.17669649 -0.336226116903 -3.04225860763 -0.32784611543 1.2441779199 1.44354500893 -0.863545517244 -2.4443784015 1.7559146284 1.78575104053 1.91979787966 2.52271081415 2.76356254525 -0.953361055893 -3.05426506578 2
69 7825.64509779 9.7066524144 -3.0605422601 0.9648709021 0.736450849494 1.95266144962 -0.699885955712 -2.45814329749 1.66135918344 2.73956928105 0.745510577389 -1.27831717626 2.17220521703 2.5174533035 2.38769281091 3
70 7861.91843419 8.05005581815 1.54512502193 -0.872487540267 2.48521212297 -1.26801443138 2.67247491202 2.13676790571 -0.102918650295 1.3831411266 2.68391215928 -1.81918042577 -2.20106747641 1.11481126914 1.85108870662 12
71 7882.15742386 2.09387280269 -3.42397132621 -5.25471084166 -2.03987716921 1.1874568559 -0.793996509711 -0.289111299558 -0.24573956666 -1.8864941869 -1.40393404909 1.06312592573 2.24482382427 -0.322934005222 -0.801339322316 7
72 7901.14868766 1.70828773295 -2.97810954396 -4.60583070049 -1.19271686921 -1.47756167129 2.71884154984 -1.94990820153 -2.44991870715 -1.9562568316 2.07347983321 2.8292362424 1.32498378379 -1.67451895035 1.43220319416 7
73 7956.92238311 7.03617250049 -4.87261495474 -4.4298625431 2.67050125049 -2.50210110979 1.31813561114 2.69782407092 -2.83284181808 -1.19528906572 -1.14366930488 -2.49845589948 2.28599034945 0.767308460086 -2.04934404489 24
74 7968.02371002 5.47021365753 -0.558853348487 -2.25711465512 0.546661535238 2.5222401847 -1.17320263794 0.608009258383 -1.48552348437 0.836910873963 2.4937547161 0.764785173685 1.91184961753 1.88667203324 -0.145411021275 13
75 8031.02584032 1.28760771915 -1.13179598881 0.0338934177149 1.59763419142 1.77394824393 -1.1758987228 -1.26017744937 0.151214036812 0.140300511592 -2.10896165743 -0.654052733394 -0.275831614365 2.87825046735 0.845798066431 2
76 8053.19593568 4.07322436695 -2.05331281613 1.19942584641 0.585616368286 -0.777377724445 -1.46117871525 -0.0877275733828 -2.37685438683 2.36878667919 1.26567345079 -2.54088066151 -1.6466574782 -0.93096623787 1.34703736156 1
77 8059.94865388 6.20808590614 -0.837405957957 0.345610189705 1.81187973094 -2.82593382676 -2.57941691939 2.54653904621 2.70255204765 -0.612257869088 -2.01800481927 -2.1536804645 0.497849665267 -1.74518575447 2.42749424039 1
78 8069.10667893 0.853950712361 -4.36141145688 3.38821535272 -2.16890360797 2.4695312362 2.85639986178 -0.197690807582 -2.70409505757 1.09718219757 -2.16896396464 0.654005470076 1.04909165025 0.212051533564 -2.54379429931 26
79 8143.92924237 7.57787095253 -1.37503517528 0.23924571472 1.64007826721 -0.775154502443 -1.26683590806 -3.04432494448 -1.09777526372 -1.50071318043 -0.793895664643 0.38818943457 -2.63541051577 2.56486490009 -0.714639543227 3
80 8174.91905106 5.57430064035 -4.65550197169 -2.20584079586 -2.449991661 1.14177806936 -0.8148665592 2.55697009178 0.329377321635 1.50258429275 -1.19280840709 1.25372404402 -1.09778662108 -0.723247993539 -2.13366665919 22
81 8235.36730497 -0.375816697539 -1.05705669923 -2.69303378487 0.275777965041 -2.60019385948 0.318590522714 -1.2016213946 2.5164118452 2.16036142628 -2.98233294253 -0.452026769178 0.138705189135 0.285991831832 0.887991271433 7
82 8240.28834915 9.12954934988 -5.82751186341 2.71743174622 -2.02066398146 -2.4901903205 -2.65561557256 -2.0062772694 0.878155915472 -1.24194639846 2.20531779962 -2.89306271575 1.8038604824 -1.63434687273 1.87315226219 27
83 8271.41579584 6.20057548767 -5.76196902615 2.27986650009 0.0212313635613 2.62232282373 -0.883747195912 2.82812791063 -1.31274489014 -1.76555852016 0.880863061792 3.05898608705 -0.429207028411 2.57675819248 2.24459611814 23
84 8298.00543302 8.40042997527 -3.01799992536 1.96939834275 0.89278945784 -2.15374673372 -1.27927129731 2.96497623872 2.83040649838 1.60108432357 -2.48130345187 -2.5464858874 -2.80496459925 2.40589068794 -2.69596594399 9
85 8308.25830242 8.25154789543 -2.01913743695 3.5829479761 -2.39228485578 1.54257274882 -0.0507200221948 -1.76427647936 -1.46348897556 -2.65567924897 0.355369127971 -0.476101273835 0.384879952068 -2.27541100279 -2.66461986001 9
86 8501.08963568 9.06745693417 0.644271984449 -4.11850401017 -2.13986623899 -0.355904855698 -2.60898362164 2.83290219782 -1.29511117995 -2.40324423708 -1.34024792666 0.407942480304 -2.90090283427 -1.36543141183 1.52604980296 15
87 8510.24170784 4.68000709574 -0.529096024601 -2.43846600265 -2.7690082326 -0.746451520939 -0.393978373158 2.80605830588 1.61196157711 -1.51967894747 -2.81394896066 1.97775500395 2.47342809666 -1.42924961695 -3.0950144538 13
88 8514.62197431 6.65342266133 -1.10384887294 -2.15920834926 1.23382831445 0.0581412090523 2.33681024541 -0.217556749483 -0.477050647712 0.850887159631 -2.42439398534 0.501756567467 2.59081923142 -2.93422786553 0.962069242834 6
89 8542.62043852 8.55493598875 2.48077450444 -0.166926455081 -0.839746471088 0.758161830467 0.951039988138 -1.65431352753 -1.68527514684 -1.49833088219 -0.92299750302 0.872702808827 -1.97464166656 1.84464083871 -0.681948070323 12
90 8608.67508988 8.84113250145 -7.45375425459 -5.45246667128 -0.474906798027 -0.648117461403 -2.38503262504 1.45862267814 1.32655777941 -2.95093234511 -1.71013617622 2.33217787352 0.251767183203 -2.20098234861 -2.95291079441 24
91 8666.65819176 5.98303865862 -2.20235669492 -5.44111075495 2.83365929215 0.514935543014 -0.527357531234 -1.70478118459 2.91480409965 -2.13691642803 3.08993723016 -0.752761635859 2.88598129315 1.87779404563 2.84382029105 4
92 8722.31739103 6.07276115023 -0.36292842126 -2.15665786231 2.99849359072 -1.62805540179 2.92092731247 2.53471890908 2.92172476608 -0.0621276379898 0.359644799733 -2.4189361307 0.305889951672 0.402276788825 1.3581872468 13
93 8738.65624815 4.47659034682 -0.788730873617 3.82008593187 2.77661679608 -2.10963812806 0.658054541672 0.728768256035 -2.60272135231 -2.10600781935 0.565918653659 -0.28491009545 -0.0604531393703 2.21837552355 3.02344684015 5
94 8762.4712462 6.58993061781 -0.86654368577 0.523806347263 -1.78857550041 1.73209448119 0.285874735598 3.06730841606 1.5165848633 -0.402035971721 2.1209832698 -1.28106143778 -0.172484194435 -2.63250797344 0.755112849978 3
95 8827.30211617 1.89928468187 -4.15647972997 3.33965852773 1.52130280564 2.92826170289 -0.0731120352871 1.38193321193 -0.613138767899 -1.09948829258 2.65648297143 -0.0136497818394 -1.46167517041 -0.259203651011 3.01792152253 8
96 8855.87780144 3.90769880943 -2.66175746616 -4.7688574554 0.304137993629 1.45924232745 -2.522510274 -2.63611461793 -1.70545753984 0.0339861658068 2.47114523948 0.594200933749 -0.804745715865 -1.61923662178 0.595369721879 4
97 8874.43537433 6.66539693179 -6.52986524589 4.66371779678 2.15787314347 1.08288019676 -2.21599494935 -2.31588114117 2.84453269698 -0.900844559312 0.763368440472 -2.67665775646 -0.709141725986 -0.170851702418 -2.68741289031 27
98 8931.84986378 0.221538993266 -3.82179520771 5.10533940035 -1.82712738438 -0.975555405581 0.559480961532 0.894996052098 -1.04275540917 -0.265285478314 1.80945798337 1.4063019696 0.824210110894 1.87006739546 -1.02336389349 8
99 8963.9404125 -0.626236053773 -0.491317738419 -0.165315362441 0.170332585796 0.766070596607 0.00694031008265 -0.957111039802 -1.27942269329 0.745861181574 -2.96589182068 -1.57720834644 -3.00346397594 2.26439814592 1.10091579598 11
100 9002.94963037 2.76679124906 -5.96017891967 -5.18175706985 1.38923276219 -1.70493810947 3.00931611622 -1.67266049437 2.90845853927 -0.774338279846 3.04767006371 -0.535969154087 0.706084496632 -1.85208031146 -1.61426462145 22
101 9095.83986331 -0.715624880368 -3.107204816 -3.79625650353 -0.842457951162 1.20561920259 2.99714646882 -2.30541612617 1.79834153466 -1.18127927596 1.19912549522 0.315782794812 1.75561384303 -0.632886669742 -1.2066398809 7
102 9132.92713933 0.288291920273 2.76253253875 -2.04738323575 0.652530615307 1.45822735637 0.84371254475 -2.59501940018 -0.5359209872 -1.5320232521 -2.72402495037 0.0577870874779 2.21650460859 -1.62953563135 0.019072990749 16
103 9353.32109543 5.74463685735 -2.21429645675 4.30228709798 2.30743719429 2.41891111416 -3.13649230676 0.673544943874 0.686789727224 1.50276049508 3.0168649414 -1.01153391666 0.811068555933 2.21251877751 -2.25014587617 5
104 9433.54238301 2.62046287469 0.0527146396059 2.94923778019 1.52026895511 0.784880459278 1.01225394048 1.76355095298 3.05678498123 0.843354146573 -0.742520169244 -2.43962553674 1.65144668742 0.316019913371 -3.09038232631 17
105 9458.97074899 0.70973409406 -5.05440088237 -3.32412770024 1.65516677708 1.83355334512 -0.437755400725 -2.00479495263 -2.82420594084 -0.76731001692 1.54039547698 0.122261830918 -0.230463060752 1.79827978351 -1.35464040749 25
106 9544.86854639 2.08283959022 0.419165696617 -3.34873535995 -1.00588156795 0.869834274979 1.72173115233 2.23101801026 2.8404725633 1.56132462599 -2.58778943677 -3.04595445186 3.12958690476 2.68388543228 -1.90773503375 16
107 9548.1610019 0.219860005548 0.997374577461 0.13597848192 0.900984244194 2.37588327309 2.61675948982 2.12651083478 -2.85678295932 -0.109284785127 -0.818237952943 -2.0814622069 2.78786474715 1.93435775153 -1.85783517802 11
108 9560.6088105 0.210811608492 1.06528744682 -3.76004693671 -1.84672100525 -1.89994779655 -1.53130513489 1.35321744339 -2.1477996117 1.9923770302 1.95791143996 -2.86216053234 -1.79460339404 -1.62503468415 -2.96801867112 16
109 9561.48462918 7.07603483926 1.03004865576 -5.23201387872 -1.1139941775 1.35182562042 2.73981943314 -2.55619313237 -0.815261248061 1.06362289406 -0.379392460483 2.36740271804 3.03553423056 -1.82760385645 0.443919252741 15
110 9656.37272492 3.89308444941 -5.40167149497 -5.00731246142 -1.65282472764 1.58648455154 -2.99718232187 1.83507989353 -0.412344471165 2.72888788216 0.347312808655 -0.477416392087 0.380845675907 -1.51508549314 -2.00886561072 22
111 9697.30497325 3.72124542242 1.58417639326 2.62029769177 1.55428411201 -2.25475750719 -0.52316658421 -1.95229359471 0.707607597497 -1.30976333136 -1.90011876581 -0.899152081079 -0.0580858868671 -1.55329038104 2.79194336416 14
112 9719.33076316 1.24995130182 -3.72208262877 -4.82682264222 0.973762025003 0.725937441015 0.702908071724 1.07318184099 2.84525386383 -2.84867292999 -1.88455114131 -2.5803107633 1.14132279754 1.06977122159 -2.96074358364 7
113 9756.5089022 1.88072884059 -3.26492962634 2.03006294819 2.9061347957 0.56067004686 -1.34395686146 -0.403613868052 -1.99013898783 -2.80957137282 -1.69022930991 -2.40849735667 1.37339869701 -0.0497971947072 -0.502690697714 8
114 9762.29360793 1.88750604696 1.51791896173 -2.68447951592 -0.648822548271 0.335767427315 0.851766452204 -0.580983497464 1.74192811103 2.54727009468 -0.066326377598 -1.08348127817 1.64512788724 -0.777051963916 0.64260418926 16
115 9862.87490843 3.54443304535 0.399222966951 3.47274067739 -1.20021677523 -1.95599379782 -3.0986271328 -1.54223733638 -0.316885720122 1.40269148448 0.00448347635344 -2.04529904069 -1.4076716399 0.371860982116 0.766637704621 14
116 9871.8467349 7.57993699883 -2.06467892196 0.519938294554 -1.81825263339 1.80481746182 -0.460172292247 -0.665435274868 -2.04151479923 -2.28548022896 -2.74768049093 -1.9650813134 1.81280102797 1.68451859069 1.28466924864 3
117 10254.4324064 9.40542603077 1.08114614828 5.1879163973 0.156361020068 -0.965828105321 -2.70349743257 2.42064232677 1.50629686293 -1.58485769538 -1.25540250231 2.93986692437 -0.664954589008 3.011040031 1.42854399629 18
118 10270.0284522 7.09228050827 1.37956106534 -4.09608697279 2.59910091447 -2.83772851118 -3.06506879467 -0.903553023015 1.30470144178 0.98574893134 2.81063187283 2.910347837 1.05407985204 2.7241186097 2.93879094546 15
119 10340.0630352 2.77117436475 -1.63169750985 -5.30945296903 2.03580846735 1.03975653727 -0.876200321219 -1.14955283035 -0.150032851318 2.20360038008 -2.37788729471 1.97448479529 -2.9218025471 -2.61046862566 2.54933751809 4
120 10405.4270778 3.93575052427 0.419508170662 -0.839042627081 3.03002858183 -0.921514256746 2.18091345186 1.10250327361 2.63403367471 1.22369964854 -1.36265767874 2.21115829573 0.767783953338 -2.43930825322 2.33104320861 10
121 10428.7380525 9.92256895797 -0.474138695099 5.4681432878 1.59775315025 -0.723656249345 1.51273925535 0.53970131568 -0.45980369466 2.23557850755 -0.438137786477 -1.50552149774 -2.3548549244 2.98646152593 1.61628530692 18
122 10442.5832876 8.79208611697 0.391996884316 1.90464947142 0.990188109362 1.95348925048 -1.329752551 0.838381895076 0.647242672779 -1.60879678789 1.7148300957 -2.05143728085 -2.72284860814 1.04435244209 -0.479546871357 18
123 10461.9751356 4.63971144525 -0.255966420314 -1.43236169995 -2.03496728648 -2.67402244463 1.72434912447 0.449417571533 -1.11752367716 -0.205281813953 -0.72270792919 -1.94251798098 -1.7917016564 -2.33042746285 -0.334154862826 10
124 10572.8073068 3.60618147379 2.68407820525 2.58030570044 -0.648546179581 -2.18512283408 -0.256232565482 -1.37503670334 0.538021327418 -1.4280365764 1.97073461591 -0.138668023568 -2.27634638682 -1.61930953271 -1.50194840845 14
125 10595.503835 1.92690523107 -1.3225241551 1.78086373417 2.8384936514 1.32611296739 -1.09463887365 1.35417641153 1.72646010644 0.224067029246 -1.94404176225 2.27058539923 -1.66219724987 2.30195567075 0.781653191054 2
126 10621.7380272 1.15317831361 -3.020832292 -2.99020606584 2.62540771344 1.42229014992 -1.60606989938 2.34696420408 -1.28063229908 -0.0210658283533 -0.460305485445 0.117682341552 1.80386899409 1.40062060781 -2.73054615159 7
127 10631.0205794 6.26200741139 -7.40411527773 2.13444993719 -2.96371526946 1.83903053421 -1.66795331785 2.69714305631 -0.638198283605 1.02736923855 -3.13486716523 -1.52765374227 -0.188796929447 -1.40930332001 2.56460657674 23
128 10696.011061 1.06208130426 1.14748186715 5.4277890134 -2.16493208238 2.91113949846 -2.04432106291 0.839011365806 -1.78124103881 -1.25338428344 0.367760772058 1.82733077182 -1.0421555603 -2.10865096994 0.89041001815 17
129 10843.1243195 3.33264101242 1.74097039993 -3.45315430407 -0.262887214803 2.47071467466 2.22582503773 3.13652640538 -0.415363620083 -2.44098222962 2.89885449091 -0.374762414576 2.68177620618 -0.719477915463 3.1259566819 13
130 10846.6248252 4.22987812424 -1.62248426327 5.34431305241 0.977352210554 -0.241118969499 1.58157709554 1.0321293447 0.118104536627 1.94340008253 2.09496528883 2.81446659721 2.25449770835 -2.33235076285 0.729143824773 5
131 10922.8551715 -0.627174991619 0.759606193081 3.07887202159 3.0026237858 -2.37062846093 1.30301913693 -1.70221807968 -0.809918332257 -1.11043844271 -0.195672345647 0.62397635561 -1.36525459933 2.95632659646 -0.719164113157 17
132 10927.6046041 2.57946106994 -6.0506473487 -5.48309131834 2.3717313081 2.02113133492 -2.5720991971 0.82557027643 1.95572622142 1.93462997942 1.86585109203 -2.21713611923 0.853184409458 0.364435606998 -2.51335431077 25
133 11055.3478619 9.41533488317 1.93681170998 4.28239054145 -0.446302345433 0.876662616416 0.00580385788875 0.900055476898 -1.48385130059 2.97948487839 -0.932413707206 -2.06800899916 -2.47329065221 -0.881766831086 0.0549144992189 18
134 11142.1715487 8.19922193911 1.45225716284 2.21192130673 -1.27873942699 1.05993575732 2.29968301756 -0.37175102279 -1.67039906071 2.91796511216 0.131176080608 1.84311919124 0.508092467315 -2.36882157695 2.10801574065 18
135 11205.0926187 6.96007664313 -7.98260326418 1.85194025417 -2.8132910914 -0.457038042985 -0.936427218895 -2.97381782931 -1.149492767 1.01615442681 -2.24158854507 0.31884876973 1.35712626871 -0.016402884276 -2.07383119745 27
136 11452.4555002 2.83349684192 2.44185832495 -3.71453359523 -0.697149998866 -2.17199158977 1.20907853541 2.61082051173 -1.9481175124 -2.21406551764 0.248825099677 2.84004055234 2.88134170849 -1.9478222555 -1.06841067254 13
137 11563.4492308 8.07874863112 0.271653498028 0.0699517818798 1.33956658277 -1.88462135475 1.63183502178 -0.331252317964 -2.94829336921 -2.92370768341 -0.226123863503 2.67331948397 1.22283175591 -1.26232465826 0.510562255227 12
138 11607.212777 1.84564245798 2.77432782431 0.755917487232 -1.44688212668 -2.26542275398 2.70551539455 2.77294861003 0.81655270806 1.19666427918 1.89386716633 -1.27125666717 0.315101031165 2.38666954289 -0.0828618374804 11
139 11786.7068034 1.1767979847 -6.67883229505 -5.19491523628 -2.39846936607 -0.0870797063461 -1.89457932904 0.919953122321 3.03824494322 0.573513082923 -0.688801993714 2.93085133095 2.14317394519 2.73496304096 2.89426039178 25
140 11825.5301672 0.751798479406 2.47401168552 -2.61400225914 -2.55992277206 1.26524509276 1.74660590494 -1.75503761875 2.63302867202 1.99304540101 1.67024746622 -1.82687988243 2.08234483754 2.4792612587 2.20469899967 16
141 11832.2999068 -0.790484229508 -0.570424667062 2.70701763093 2.54097757724 2.94891901061 -0.928574768492 1.64321744317 -2.3479144875 -1.40558638028 2.24020888779 1.75697613502 1.86103226904 -2.14325406133 -0.410383885266 17
142 11907.7913874 5.84865500264 2.63342360495 3.71340814755 2.86359835599 -2.7682289202 -0.110300398649 0.120894651416 1.70871624037 -2.55350617234 1.68747710017 0.410738819917 -2.47574627516 2.77043966287 1.87164045443 14
143 12003.4021746 7.70872361721 1.19307538504 1.07791215112 -1.2565666948 -0.805458274471 0.0979461988458 2.57841102281 2.62341940382 -2.85648702084 2.81666070574 0.863213181962 3.05210577563 -1.39890181102 1.29641746742 12
144 12322.270665 4.03723290934 0.231113651897 1.82435898877 -3.08589285295 1.17679527759 -3.06063116492 -0.986803296876 0.722764530871 -2.93358432813 2.94626290372 -0.874360100719 2.92518880578 1.6401111265 -3.06019307844 10
145 12425.1328781 1.98841373373 -5.49431283239 -3.92292062765 1.27080151332 -2.20247262311 1.83731760693 1.0641061801 -0.95475574142 0.307572502281 -1.15957974436 -1.20216853913 -0.772420655862 -0.608702984467 -1.58797807255 25
146 12571.799208 10.0907276477 -7.20107079735 -2.46036797036 -3.13245946455 -0.72079135677 2.05114859018 -0.264177256465 1.36104798315 1.95814358574 -2.1920006911 -1.81664970939 0.372043505855 -0.321945892173 -1.35984595519 24
147 12691.0148766 5.97231562807 2.98235002835 2.21394518541 -1.85614031082 -2.27973583376 -0.572082262248 -1.42734982046 0.917307776151 1.88853343627 -1.26784125295 -2.56389461574 -0.729201191322 0.636847719379 -0.0278056593602 14
148 12733.1233652 7.6476108892 1.2998213274 -0.309613321412 -1.91940399094 -0.557041449236 -1.03970497295 -1.54645607026 0.433238535523 -2.93973448534 -0.237581996363 0.183477828638 2.91812512832 0.602731285003 0.417360502716 12
149 13011.2045883 0.0614364501004 1.53872032894 3.2338469516 2.68538336975 -3.13074730757 -2.93581478063 2.94394884476 -2.5130983155 0.16015443369 -2.94357315698 2.61544955323 -1.52293400892 0.298347630256 0.50007461203 17
150 14148.6634461 1.21710853106 1.66800156169 -1.19226533938 -2.71715500488 -0.761600814752 1.76962300011 -0.49247288583 -1.74614127029 1.47350100704 -0.283591368707 2.34630814118 -0.466795639265 3.07028610003 1.24339488432 11
