 -4.1725711372 4.74478879663 -0.676034473305 -2.21094352576 1.05534837408 1.0023979708 1.909896376 -1.69781927618 1.22595207613 -1.37624677228 -2.8162460172 -1.41843155326 -0.314189840996 -1.55290753965

1 878.572184411 1.55071033815 -7.40259607088 4.49700843713 2.13848440949 -1.53946266027 2.53614414207 1.66317749935 2.26590076328 -1.88398035319 1.3579919475 0.352486568961 -2.87401599021 -1.27069125127 -1.26293866351 26
2 1060.83573002 6.88381873917 -4.94311395055 -2.50421907453 1.91332384534 0.649599050235 -2.52259110765 2.29219751948 0.946239245755 -1.24256604418 1.29956181067 1.92084844323 -0.102084701997 -0.0294286381586 0.961908578215 6
3 1861.41058462 4.11976445532 -4.07878007834 0.933041133769 2.26970008706 -1.53931904002 -0.0602580398956 -2.75685896437 -1.83243671658 1.70514607699 0.401221508744 -2.57569709051 -2.09888414898 -1.84253871537 -2.62838060273 1
4 1888.5650767 5.13394805508 -5.91164567128 -1.8169651369 2.24940981198 3.14142830378 0.8553499561 0.468209478201 2.59500520475 1.59162249974 2.52882430288 -0.889486533664 -2.49353807646 0.830483857948 -1.24065880298 4
5 1900.53400147 4.05906159423 -5.15372056587 0.729953114156 2.33042872834 1.88520461746 -2.46732538993 0.400565956311 0.0990070802853 1.63912273346 -1.91658525464 2.70637583786 -2.66560954972 1.8690550087 1.39249614847 1
6 2388.72556405 -0.929951901016 -10.2115341338 5.41766536047 3.12255723457 -0.175115134539 0.280200345821 -2.37988865729 0.375897009381 -2.21939536779 0.539306621806 3.04439241061 1.81005104808 0.0504772663429 1.45867445269 26
7 3127.87227522 0.647658895996 -7.38321022524 1.279650997 2.45256992128 2.79202038477 -0.914124135905 -2.60331540833 -2.36790253577 -2.01660968376 2.12020784342 1.32470483384 2.08691652202 -1.8193595017 2.9201344097 20
8 3503.46570865 1.15469089872 -5.15326602663 2.80512843308 2.67166717033 0.306492934146 1.24535263543 -1.19111080483 -0.877586742842 2.67312738888 0.870544447357 2.22204962207 -1.31574242614 1.20773459359 2.57979253298 8
9 3616.19492646 2.43905656743 -3.91529169407 3.69145848483 2.25270498912 1.84238081768 -2.85700296297 2.23240018417 0.254191575311 -0.612879676515 -2.06742227162 0.814794843361 -2.36896738111 2.05348367185 -0.200999728675 5
10 3807.16607067 2.27578909024 -4.0448604734 0.0116793834606 2.32135216298 0.227487307602 -1.96814765764 -0.414171814293 -2.30630230133 -0.623981970072 1.4495280351 2.78332442827 -0.821138840338 -2.57364551033 -3.04119805662 2
11 3860.69010997 9.17668314737 -4.58871083146 -4.74700495342 -0.56750807246 1.52599078295 -2.32576734143 -1.79639979836 -1.53378664897 -0.844062695374 -1.85780315854 2.87832520177 -0.724247750824 -0.229753208677 0.515898890177 6
12 3940.03144458 8.88597199194 -2.93874466011 -2.88135334798 -1.26792016977 -2.19087848564 0.466071439454 0.302570122256 -2.78492005231 -0.62019342993 3.01462566931 0.910695115681 1.77516251445 -1.25715458538 0.553443749578 6
13 4111.22834025 0.386128968938 -5.35584469438 1.46814937844 2.63404909137 -1.96926733418 3.0181655742 -1.19169840884 -2.60489101375 0.764705400358 -0.854801372972 1.56654370044 -2.72951188271 -3.05892300513 1.56090933392 2
14 4135.28616246 8.74125942164 -7.10768206677 -0.156889067594 1.45875958625 -0.530876246162 2.68488628401 2.48539633132 -1.28469289841 0.890052959816 0.0791899163067 2.02378974797 -1.01512635528 0.650093279608 2.55278456815 21
15 4258.24936952 7.89631719901 -6.06815692924 -1.52493476366 -0.768877559582 0.401228303899 0.689229876177 -3.0351990958 -0.778132104679 -0.18421470698 1.71696507189 -2.25367851268 -2.51420389437 -2.00667286518 -1.34411010975 6
16 4722.92254146 7.70227579616 -10.0724709821 -1.33977369117 -2.45303537709 -2.53724203525 1.0456231979 0.438825591513 -1.82142643732 0.664953420565 2.68646683626 1.12485126543 -2.78639318993 -0.833298907155 2.82873786424 24
17 4860.60909954 0.933113065755 -7.04474436041 -1.7078090994 2.75795833549 -0.834346485196 0.476762320523 1.09603265182 -2.1151622153 2.32620611103 -0.478751192194 -1.55053302894 -0.913839804787 -2.48791336789 2.07269707283 25
18 4955.75964177 4.39593818294 -2.02713738084 -1.46344558547 2.00677935579 0.465465695181 -0.648909452975 -0.643932171046 3.10976987426 1.78937036158 -0.145798159454 1.04726659137 -2.78566820623 2.35617208171 -2.82014739401 13
19 5009.87468636 7.20430417468 -5.44449657179 2.35707931948 1.4584699406 1.09722426252 0.095852767705 0.241624119431 -2.3307648972 -2.20570651296 0.997381196934 1.01888094757 -2.75061415456 -1.28114173939 -2.46786511474 3
20 5063.84116525 3.28875808867 -9.71562654359 3.12150565414 -1.97790612555 0.618925350427 -0.604602401749 2.04296812854 0.174228191909 1.88799045158 2.06090918303 0.641160596696 1.23225121989 0.874521981569 1.43515839883 23
21 5159.75201263 4.04520412187 -5.91507109805 0.624731906404 1.38565161219 -0.43592401889 -2.82061927848 0.481845142029 -1.06770248371 0.448579388551 0.256976934154 -0.630861671647 0.306405719848 -0.415101647542 2.19529730094 1
22 5169.9149187 5.47968531152 -5.06038985455 1.72037004811 -0.651298675558 1.34936146912 -0.639028241743 -0.300646341411 0.0756823070444 -1.22999304068 0.759761087551 -1.67364532003 2.10757922792 0.517833875959 1.42354426211 1
23 5273.20491048 9.50536255401 -3.53473948841 -1.25809231988 -0.128056105375 0.348377347254 2.64007966107 2.23840794397 -0.987320053259 1.37670091007 -2.7753935921 -2.10908424653 -1.1350450296 2.6082592022 1.45944319508 6
24 5306.69024341 3.21760886048 -5.78713900319 2.47485552382 0.149547131872 0.543177905934 -0.354007654836 2.18042854225 0.36727542518 -0.754550449678 -1.99220420109 -2.05375215483 1.22187892299 -1.95511013736 2.51419629099 1
25 5307.56113565 2.28170748474 -7.03077718745 2.40137753533 -2.27720861123 -0.763402799894 2.01597888726 -0.429652028792 -2.21663421971 1.98270456055 1.71671426349 -2.64787291501 1.55390256371 2.69934961343 -2.92899365626 20
26 5386.45615658 8.40985020509 -2.98132110291 -3.20856429065 -1.20516214967 0.225372765366 1.49765137802 -2.00867473559 -0.169812454124 -2.2185111068 2.91291857012 0.0280011583491 -2.84708258133 1.59764218267 0.91208739064 6
27 5542.39983544 6.0241308835 -3.21132720442 1.91085612929 2.82584180473 2.56629682248 2.96400547696 0.487082470385 1.52116579097 0.390589449862 -2.15185699463 -1.38446102997 -0.554713822814 -1.5857232423 -2.16255854292 3
28 5581.56486571 7.35016781515 -3.01369575416 0.374372609958 1.54251940371 1.54523740164 2.66544483535 -1.07094146261 -2.73611980428 0.12091144229 1.91432064543 -0.122648360971 -0.0517027815445 1.07227271148 3.0344879661 3
29 5645.45305428 4.33514185096 -6.30220161647 -1.59421186283 -1.55383838576 0.549969756174 -1.19511666425 -0.282699507163 -0.170228567226 -0.460483398626 -1.20748795759 0.308100370744 2.60384438791 -1.19649827793 0.363051721195 4
30 5676.09085119 2.32461710924 -10.1943196545 2.31156849214 0.700709815413 2.91313488684 -0.671154993763 -2.35905565693 -1.49367109775 2.77816245233 0.663242999103 1.69235431085 -2.96182592189 -2.17378236062 1.59792686532 20
31 5716.19878987 -0.859323538196 -5.81705534885 4.113053515 -2.83002118603 -0.390067964658 2.52392620698 -1.47148795581 -0.663292916351 2.92525132077 -2.63063041398 -2.2693408604 2.67123890554 2.18103188174 -2.08681888126 8
32 5805.67156809 3.7925802078 -6.97901678874 5.15268875139 0.586744911462 -1.51590624674 -2.73021686671 -2.78878579049 2.2821702098 -1.00779309744 -0.452897108487 -1.85067851463 2.72912030642 -3.02126605432 -1.88865234183 23
33 5806.35762152 3.53044376887 -7.71466190108 0.533841365012 1.09778487329 2.04752702431 0.890523864335 -2.42066220008 -1.7358264825 -2.99957611839 1.53019598528 -1.48965739388 -1.76150160813 1.45698014416 1.6639535487 19
34 5973.55417754 1.65196488371 -8.70679845945 0.600734380111 1.08780940282 1.78951406707 1.7807615168 1.38833363654 -1.95135193129 0.447012062807 1.11680418869 2.25474790343 -3.13637262385 2.84748540674 -0.727997594963 20
35 6021.51569618 9.16930304452 0.234959915475 -0.162909550802 1.91269864902 0.498842764892 1.11112370107 -1.08467330437 2.98063187779 -0.154409787051 1.7341178971 2.45564276812 -1.83646277587 0.624365920642 1.67281809366 12
36 6060.89165624 9.0708054555 -9.96128867527 3.5296487633 0.590872211104 -2.34868636858 0.98002354774 -2.22580520451 -2.42735139297 -0.155079195693 -1.25836909734 2.76484754877 -2.20773845103 -1.79445367033 -1.24036102643 27
37 6110.19555635 1.82917238733 -0.230169482226 1.57141680699 -2.9929447213 0.795379576716 -2.43177633363 2.00163468067 0.433192949171 -3.01238361064 -2.23605632754 -2.47061657378 2.47744377982 2.78278621515 1.52345525031 11
38 6231.73904383 9.52947542169 -8.73333343619 -2.16557336694 -2.08212714559 -0.00675359497446 -0.991341035094 2.7433230053 0.259091849965 -2.63443630415 -1.81300344451 -0.0747658586099 0.734256376087 -0.994612904103 0.690916716686 24
39 6249.36613533 0.0810382389437 -8.53986840946 0.83816274342 -2.30095956863 1.30378248735 0.520195466321 0.714175442104 1.33230682821 -2.57409975742 1.29366325876 -1.65124737495 2.25801649634 -3.01391225564 1.36398644447 20
40 6359.28796211 1.81149578608 -1.50968727546 -1.64216908084 -3.05952127003 0.858526400064 0.979162280897 -0.901270138802 3.08730397585 1.90027506086 1.85181804521 -3.0626112175 1.06572374796 0.74361793298 -0.810208386866 16
41 6452.14697874 3.09542712666 -8.68473447376 -2.50189026955 1.72242219989 1.07829086309 1.43964927661 -1.22685102356 -1.16697372606 2.72017064882 -2.95764529772 -2.44050223761 -0.717115852119 -2.03468593984 0.702099378558 22
42 6480.23070911 4.10534455835 -4.67485287185 -3.72046968679 0.214925192653 -0.898933613204 -1.20575760214 -0.662406151524 -1.11404155549 0.166278920473 0.959987541626 -2.55171708795 1.82329539559 -1.02588592041 0.642664377505 4
43 6590.19613462 5.65439378786 -3.97272384036 3.9843368057 2.79089421469 -2.57988311839 -1.42146818718 -1.41186690653 -3.11328657762 -0.952533860724 -2.4347952046 2.53027122957 1.55368873787 0.893079633977 -1.06297024421 5
44 6644.42842304 4.51686538483 -0.697623391001 -1.70357463098 2.82127465188 -1.51994015298 -0.276423861633 -1.54970394768 3.03397854979 0.246299327743 0.240290838158 2.31599301074 0.789474001945 2.19845263758 0.240109858288 13
45 6783.10200798 9.38450838026 -7.93145674332 4.22271772767 0.420486510641 -2.72647102856 -2.99848433861 1.25615578454 0.512960766495 -0.354873314851 -1.3530630047 1.73643414766 -1.66279211998 0.271761353426 1.76590580002 27
46 6801.3202766 9.18206689718 -6.2670729564 5.86272317792 -0.563338320392 -1.38409429312 -0.527754002056 0.848288259723 -1.97369372528 0.592669927976 -1.79399340054 2.51295532545 -2.49691159678 1.5616291177 0.162994091612 9
47 6828.72186126 7.32089923871 0.574503348186 -0.708832373729 2.4059228913 -1.36468768619 -3.0805293019 1.96086746465 0.198287384514 -2.1349930125 -0.680132602194 -2.04774586586 -0.422056106168 -1.40768600471 -2.9233456236 12
48 6865.43013422 6.61863484501 -8.77999590093 2.23838386243 1.71543310827 0.468139352812 -1.58660361763 -1.71930602815 2.44735776197 0.278280095347 -2.33317927134 -1.96682743861 -1.18901873358 -1.10037551979 -2.07490190479 21
49 6901.27061357 4.35167879018 -9.12525484738 -0.311134410485 -0.69816623351 -0.0170484812498 1.3878330567 1.34376758589 0.488251708089 2.0608082375 2.00322399962 -2.32536487638 0.82478852553 -1.35992217239 1.1828141837 19
50 7001.33414463 5.70565004665 -8.91091097204 1.63243544225 -0.637242116197 -1.72301628927 -2.13820162551 -0.151861580564 -2.88967171385 -1.94042768575 0.0635744081525 -3.02071253104 -0.387137468144 0.190120584557 -2.67259389723 19
51 7005.49543325 7.86356233863 -2.37710403521 0.714161557632 -1.20593320109 0.766678842157 1.25713070272 0.587790153688 -1.05455653556 0.588617892048 0.920366782775 1.88703022899 2.66951664707 -2.72354703838 -2.26013269132 12
52 7030.97982655 3.35353074865 -7.0846138399 4.60295936838 -2.27917342645 0.414213543364 -2.57047698499 0.333615158585 -2.04652118257 -1.8131770595 -1.09268889173 -2.1011154099 1.15192898103 -2.24153325541 1.77154136166 23
53 7136.12228752 6.2391153912 -0.802887505585 -2.8938385924 1.12077479159 0.486464977793 1.44671592602 -1.56952807968 -0.311931599288 -1.14397945495 -1.50429366993 -1.67535558313 -2.96179934759 -0.0660309294756 2.77035189206 15
54 7161.70236304 -0.109301048333 -3.49361022181 4.05896014406 -2.31089284941 -0.261255562374 -1.16304918117 0.0818579221235 -1.41410660292 -1.86108853752 -1.35784531571 0.210290170839 0.317940876195 -2.3504396273 -2.75494721826 8
55 7162.89364279 0.236422820095 -1.46666667631 5.20725643157 1.49275340093 -1.60897458748 1.50909587597 -1.68017197009 0.579693515421 0.957896417643 2.23437760003 -2.92281980487 -1.07415902579 -0.867711457361 -0.327317900169 17
56 7179.23394827 4.40108279857 -1.75076646776 -2.29847604943 2.4955858217 2.74970441277 -0.834914398774 0.921190621175 0.980113658952 -2.26020655517 0.281024414093 2.00786973016 1.84873138151 -0.135318464714 -0.899871848398 13
57 7181.37877675 2.37529307124 -8.50099290278 -0.0116459701026 3.1096196842 -3.10349591704 2.76755991744 -0.67869683152 -2.61568270162 -1.07381181547 1.73664502231 -2.50052280509 1.51675488126 2.55368673058 2.71033718209 19
58 7187.04499382 9.16750584394 -7.51693805379 -0.206688159577 -1.53435683563 2.54525175859 1.12784156946 3.13593699326 0.517206613274 -0.336205986487 1.27027587031 2.49357748601 0.144082862345 0.949053633516 0.0678421821703 21
59 7243.88078695 3.42835617564 -5.01873831898 4.21247691791 -1.15849441685 -2.82273057383 -0.361687382573 -1.25478530448 -2.97217393823 0.373698748683 0.0757472450201 -1.91098587022 1.23008947339 -1.42251078229 2.71764640692 5
60 7263.46137448 5.9988701356 -6.59879934089 4.80896823803 -0.482716042152 -0.689181246737 2.12513798655 3.11074137817 -2.62721608039 1.57463915937 3.08094678645 0.934993914272 1.54542146877 1.26054226538 -0.885673649189 23
61 7302.28978433 8.50284676607 -7.05456965436 3.12811632078 -0.541392891588 2.04426432904 2.18471416345 1.36315877165 -2.35106554643 -0.0315006878323 0.524294823365 -0.823883658305 -0.627396674792 1.62651748842 0.919343628659 27
62 7308.81547316 9.0436845702 0.0136754127386 -4.23344976766 0.473434199787 -2.23082520778 -0.869470893142 1.66265072505 -1.04428857301 1.45306099848 -1.67937305708 -1.4220330574 -1.51100958699 -1.01493791164 -2.71533180197 15
63 7313.97466396 7.82433315716 -0.781059581506 -4.31293439322 -2.13614891326 0.384912756832 0.476292818352 0.753579661144 -1.13288303853 -2.41081657393 -1.60136632946 -0.372199535617 -0.102832164064 0.098341184642 -0.626120490981 15
64 7325.86769613 5.63358493132 -5.63287644334 1.99108179239 -1.72918180339 2.04480543974 -1.71995347373 -0.618832886528 1.35657201329 3.13489797686 1.99340948982 -1.84392600964 -0.969666512184 1.6452970268 -0.196324343339 1
65 7336.3132616 4.95974755349 -6.71487352195 4.03171936527 -0.218185170944 -0.366028386159 1.89910690985 -1.91039540262 1.35014941573 -1.61411332433 -2.19564204069 3.09043786874 -1.17731505202 -0.366300166339 -3.04082861034 23
66 7338.68142645 1.56420569764 -6.75049169107 2.94734318072 0.397748723508 -0.472315813664 3.12990225741 2.77908021128 1.03923771083 3.07667986936 0.745778481204 -0.381221015443 2.44144718172 -1.42344119968 -0.797098106384 26
67 7450.75734421 3.51568376887 -7.51541589185 -2.26307024281 1.03417938703 -1.17854754221 0.895083855221 -0.558852626909 2.40078482579 -0.266305962536 -0.700035682785 0.815987663646 -2.6561147417 -1.05304416943 0.565372899712 22
68 7488.76073757 2.17685719219 -1.01852864574 5.39223509563 -1.88287281101 2.94118677778 -3.00008934446 -2.62992594792 -0.987718093291 -0.539912953351 0.38788536543 1.56649994775 -1.18307669224 -0.34617068048 -2.76419884187 17
69 7497.60070832 1.01823414083 -5.53892597201 -3.19381596452 0.198826018134 -0.865192362181 0.431597830951 0.864518418347 3.04598700971 0.0365624540806 -2.70660883876 -1.72456392407 -2.54874204097 -1.56541908668 2.67956329395 7
70 7556.94108835 5.11708579099 -8.77587476823 -1.46241414823 2.16549287604 -3.12629825633 -1.01993319542 0.934203753825 -0.464007572102 3.01063707511 -0.985516391718 2.51347467707 0.2238103458 -0.0748048224214 -3.04982783511 22
71 7604.61249429 9.03490844016 -0.568355684973 -2.32931674223 -2.46740280384 -0.515566182304 -2.16984239748 -0.783222611705 1.63187482398 2.04753590586 -2.83217706532 -0.955367958578 -1.1160822569 0.272927589857 1.36122557853 15
72 7637.91934255 6.14129249895 -2.49499313972 -0.735103655934 0.135457129891 0.425156300834 1.65004942011 2.66092834363 1.21180964415 0.182930174591 -3.09460841328 -0.0734363797173 -0.280015544019 1.40735619637 2.74285218072 12
73 7651.72427853 8.32980769904 -2.25702628005 3.11480795549 -1.03252242428 3.12069364813 -0.481892608618 2.44478801979 -1.11772251648 1.5883876481 -0.638937293543 -3.02807320751 1.65082913777 0.357320551342 0.0139136610547 18
74 7666.29966021 7.53962387972 -0.884536727056 -2.11226737413 -2.54806050908 0.812684335441 1.8652943015 -2.46819905146 -0.867987443535 2.50649551111 0.46056029244 0.253657363772 2.34399349782 -1.27545498683 -2.01932035428 15
75 7681.79357503 0.320166310809 -7.24078846695 5.36714607092 -2.42736642708 1.72335716098 0.960425000702 -0.218141515001 2.83553512202 2.09942219862 0.62287441519 3.12441673642 -1.79050715801 -0.677620147437 1.68421615703 26
76 7694.19866895 2.54806420087 -0.0696399547373 -3.13606945611 -2.92635558353 0.506125710944 1.24426987456 -1.00501520557 -2.03014100505 -2.25850927656 2.95116832181 -0.336752946517 -2.45147282777 -0.321479740295 -1.91415983115 13
77 7765.72867526 8.83801899131 -6.05721242006 0.537155430772 -0.0855843327548 -0.614839471461 -0.730417191012 -2.22721355415 0.0188568639416 0.132547191372 0.470154677013 1.79112711366 -1.44080377475 1.57911248331 1.27937900968 3
78 7773.90472144 2.64104778362 -2.82127741369 5.82715541459 2.48658963102 -1.12244512913 1.26242742625 1.07552183095 -0.351990186143 -1.57016850948 -0.125518260901 -2.90480851376 -0.602886075515 -1.34397777101 1.84595583338 14
79 7864.54256796 3.84275113504 -3.80727940631 -4.77404258682 -0.0482706271804 -2.57291330611 1.00604516956 -1.42315048256 1.35780194473 -2.18414384327 -2.3943702251 -1.79735802477 -1.12473207636 -2.87024827714 -2.80382396576 4
80 7892.85980567 0.187122762426 -3.88189565066 -0.779696209025 -0.149248011885 -0.889367325624 -2.55488542632 -0.924391123863 -1.05547582051 -2.65260286531 0.912969881427 -2.462365696 0.71768393633 -2.7580567834 1.11031807719 2
81 7940.85402508 6.56281348248 -4.3352629731 1.90888305315 -1.80608598305 -0.0713701629142 2.19833424472 1.25401060455 0.211299781022 3.05825532682 0.590496303906 2.089826644 1.11126243441 0.750374854429 2.492745348 3
82 7960.712303 7.40385346044 -7.55120131676 4.67013698045 -2.15068757667 -1.68941631924 3.08165791807 2.78129623684 -0.500361433625 0.423110723339 -0.397190066599 -1.23454534822 -3.00851437027 -1.89533651317 -1.54531471138 27
83 7992.20757974 7.44832229417 -4.22710375643 3.25976416226 2.74316132186 2.92368130287 0.5558437514 -1.01587744286 -0.56216915276 1.12735079049 2.05498946621 -0.237545652543 3.00506535654 -2.13594676573 2.3946836314 9
84 7999.49809097 2.3065966496 -7.85026847386 5.89297847464 -2.87837539707 -0.1388299088 -1.1494165001 -2.83277424747 -2.23563011736 2.60319128999 -0.0444134627106 2.79657697741 1.42780514118 -2.02224174221 -0.529336701629 26
85 8001.17984555 3.01054597645 -3.66259156395 -4.08243703799 -0.600438540677 2.54762155873 3.0724656644 2.06135374513 -2.47048984435 -1.23198610083 1.33035872187 2.38985694796 -0.0892308472565 -1.22198845187 2.52770056478 4
86 8005.53094045 9.06885025533 -5.75084521459 3.93771086862 1.79854102076 1.00025966839 -2.5374524944 -3.12182954427 0.515376270411 1.66500350771 -1.8789312796 2.84500269961 -0.276112538189 0.205368329818 1.10895246162 9
87 8135.5318046 1.96895889419 -3.99348902132 -2.15884312972 0.271364146184 1.29830133898 -1.29853556931 -1.04233722144 3.04601606614 0.309630493253 0.41760378836 1.05481962259 1.53908066132 2.94255401737 1.87563826412 7
88 8173.83028536 2.85833029722 -5.95179243795 6.07637884733 0.76580271303 1.4543933849 3.06993654053 -0.501926523859 -1.00028043116 -2.12570529329 2.79995680357 2.16939584426 -1.17526877209 0.317683582773 1.38184316076 5
89 8187.69563565 9.19220682234 -0.151889424091 0.445365766552 3.08975077555 1.9843904782 2.12435899179 2.49044387536 -0.555984091878 -1.54438133795 2.26523999706 -3.04338332882 -1.48392139085 0.548619711619 0.432124744236 12
90 8240.4118321 3.86258357754 0.41852987431 1.0137739779 -1.54567055086 1.13999733445 0.842720127148 -2.37465446553 -1.90926866462 0.36952206803 -2.27812213811 -0.763307391031 3.06107306784 1.06266243025 -1.0440986806 10
91 8258.46139943 3.79161998157 -9.89530318216 -4.66353131981 1.26387505235 -2.599250014 0.690522215758 -0.0448189370718 0.407313495856 -2.14274053508 -1.25027130567 -2.90050678991 0.362205066022 -2.97649310421 -2.89591283085 22
92 8262.32617014 0.446591189074 -3.3538991651 3.41583629464 -2.24968723967 1.11812137283 2.19973605605 2.45200372823 2.61091186714 1.6297285653 0.615044031365 -1.36517270134 3.02933654263 -2.94906689451 2.3675429906 8
93 8336.26353471 2.76834421637 -9.98121409521 -1.18621593877 0.649889501824 -1.04749645358 -2.93810335353 -0.159108956962 1.30627946254 -2.07001319915 -0.0150248844014 -2.31024987809 -1.55408669528 -2.89792477222 -2.13719912251 22
94 8382.46562288 8.06488758982 -9.23938915654 1.06374688887 2.98268699753 -2.93258482008 1.0009001705 2.36948490652 0.362960159354 0.149179480166 0.650651070533 -0.401039504918 0.0210444564623 -2.8740485375 0.744216834433 21
95 8430.26516538 7.12110049772 -6.90705743759 -1.24084850607 -1.7295722711 1.09244271239 1.58038161746 -1.11568015981 -1.12274613359 -0.662841553326 -0.648806003621 -1.30483115479 -1.42898253146 0.875343552631 0.353614268925 24
96 8590.52938513 4.06717458613 0.116870346066 0.290101621431 -2.52758596376 0.192528687088 2.50379912817 1.11266606736 -1.10013420714 -1.22566426285 -2.93921165079 2.45881401722 -0.809156074407 2.91939277649 -2.71547023185 10
97 8603.51656183 8.01036131816 -2.06595796623 3.818912162 -0.94275427083 -0.450087527171 -1.93369343789 0.744917771431 -2.69654158179 -0.173582232241 -0.999743500933 -1.35701674831 1.15696876137 0.295121699404 -2.05647626596 18
98 8610.42909099 4.44002756392 -0.827897888777 -4.58030906721 -1.91938987247 -2.71129701635 1.39071252654 2.45565233415 -1.11641321828 -2.03794779418 -3.01038757613 2.036823973 0.042257314025 -1.23180491728 -2.60498504179 13
99 8622.67099312 1.22828206347 -9.4727273881 -1.65009704858 0.66983318275 3.01741472904 -1.69334148456 -0.869921064997 0.285593928023 -0.675324298485 -2.46887787693 2.52411537521 2.07661672906 2.03923515011 -0.198336873796 25
100 8665.98509741 5.47410815916 -3.57376387512 -2.47423869996 -3.0139496013 1.49775198228 1.93828148539 0.813416134343 -2.75526588633 2.95817694901 0.54193645053 -0.481422813969 -2.00165682083 -2.66995667246 -0.745626409275 4
101 8670.04673911 7.35545223641 -6.20345729104 -0.158982435479 0.0081222702578 0.488671363024 0.915958498772 0.334172201755 -1.13799846423 -0.286398296516 -1.2767908107 2.15021334844 -1.37928652634 -0.810775272624 1.31406386614 3
102 8685.13311443 -0.855423568251 -4.75038473983 -0.353761838487 1.19474479697 -0.154115216907 -2.39833078337 -0.677667003539 -1.70410813931 2.81380753831 -2.11231863173 1.9800333345 -0.465271209355 1.26976622058 1.34380646948 2
103 8964.89720486 2.87009012389 -0.322024627628 1.26061628379 -1.63647346823 -2.84257601345 -1.92016510092 3.08970172526 -0.679918737567 1.5639961342 -0.12934700961 1.28470010137 2.79191031836 1.06275851947 -2.74952647828 10
104 8993.34570927 -1.23452435762 -0.590098369438 -0.171595594492 0.619306545947 -2.33462747099 -2.28218620055 -1.83407919558 -1.53886244673 -0.465245164134 1.68293147042 -2.6194377158 -1.53247264346 -1.18314332166 2.79181162299 11
105 9119.41022128 7.91750319892 -2.23097598047 -1.75561916952 -3.08702719111 -0.261890035764 2.14295397181 -1.55084765491 0.496815706191 1.8012306627 -0.595861210259 2.44147690617 -0.674175274411 1.26029193442 1.14507865797 15
106 9163.64273646 1.20569312113 -6.54100917582 -3.92281371767 1.10229421725 1.99042071788 0.611279317523 2.09850167712 -2.28343065219 -1.42120747472 2.14804906734 -0.87481348588 -1.80894765225 -2.95538210383 1.56219894003 7
107 9414.74642164 5.61430522731 -0.9709799217 3.9622137077 -1.1070080848 2.93894334473 1.71648045938 -2.02388638769 1.81842619112 -0.95981129449 -0.166619182025 1.20105203517 -0.0317466277701 -0.816674168636 1.88105300534 14
108 9447.24588666 6.56546525946 -3.23619590836 4.61821402269 0.789391317149 -1.17387660882 0.338581899196 -2.70509230963 1.81693994856 -1.14450749594 -0.603415453566 -1.36535399016 2.69839085158 1.47508745845 -1.21770837242 9
109 9458.33538057 3.77696869051 -2.2720902448 4.46870268942 0.931864608437 1.7093597389 -2.47256916612 -1.92230835572 -1.75705556331 -1.06029245319 -1.25740551724 0.62909573211 0.628505698026 -0.0338081752038 2.08683753006 14
110 9465.38333732 9.11229676218 -9.9662574522 3.82317986556 -0.789847314686 -2.7387033798 1.80145588914 -2.06358024981 0.766719707655 -0.172334045865 -0.160791484957 2.53350275423 0.477183143333 1.11756877881 0.11691313033 27
111 9474.4003043 1.14764078498 0.462201483911 -3.99557570418 -1.909119129 -1.58290775614 -2.47613462835 -3.00273731675 -0.645877691251 2.7152419793 -0.921596009916 0.185190788411 -2.4256999902 -0.0353932500205 0.243391807266 16
112 9545.69004866 5.00193860721 -9.5053040338 -0.853587950489 1.26066082643 2.66729650273 -2.49012242554 -3.01754745111 2.44624979067 -3.08293075842 0.129832483182 1.20627386209 3.10232060053 -0.109367352966 0.777525609566 19
113 9581.29603634 1.38230639453 -5.13876270674 5.14736120526 -0.849270629586 -3.08756369072 0.964939843811 -2.91578625755 -1.4666301411 2.89014994598 -0.829638458607 -0.392374432785 0.198803308387 -2.1639190136 0.319790212527 8
114 9623.18106031 7.11775684468 -10.2015576907 0.717965290085 1.93062915469 2.15380798431 0.06291565417 1.62619167866 0.213940816592 -1.55454481282 -1.38053883677 -0.388258999786 0.757607115367 1.65159849512 -2.60932051667 21
115 9668.49591142 -0.183108046603 -0.73517072173 3.16584529253 -2.54405253237 0.125504837303 -0.107188434954 2.7561915555 0.482700947749 0.483522144004 0.724500870257 2.23625740067 -1.01445547052 0.603038234834 -2.9761014154 17
116 9673.86263254 1.42485053177 -3.54330433509 4.8103221972 -0.365511132235 0.842542985089 -0.600630619321 -2.7912857588 -1.97752261559 -2.32369794898 -2.85942667292 -1.68224778168 -0.874239930383 -3.02213712328 -2.59468844866 8
117 9677.53674085 2.71043125252 -3.04860745298 2.52930941602 -2.59775635559 1.94937390022 -2.60244993853 -1.04635402565 -1.20395234613 -2.86915783593 0.759060134551 1.9664818963 0.725044374276 0.503758905405 -2.31418266083 5
118 9691.22378484 2.1413661219 -4.51969693487 2.4993478519 -2.96690194842 2.17240372684 -2.79193647159 -0.928851000145 -0.548582625654 2.75506052052 1.04626141107 -2.95817511985 -2.90868731489 -0.239396554424 1.72260131347 2
119 9855.8700695 -0.683730813644 -2.02314659221 -3.94845549027 2.6820357265 0.739213795918 1.38577305977 2.23360908704 1.1096011604 -1.80271231254 1.4807232592 1.61677920465 -0.172472335392 -1.02496110654 -1.41120387793 16
120 9965.38103314 9.41023054579 0.679626154896 3.41489029003 2.5121491277 2.20140235936 0.607700198944 -2.42599089905 -1.85808133271 -1.76296882332 -1.22994148884 -2.76830506999 -0.0805466292897 2.37072903944 2.85835112408 18
121 10041.9579774 5.20612376259 0.441600654194 5.91114174646 -1.75010728532 2.3887361841 0.642118994479 1.76364474844 2.04090623383 -3.08352207606 -1.40538772972 0.550339716149 1.71586263536 1.76271011291 0.574419720461 14
122 10163.4279837 8.18378343023 -8.30005614246 -2.13951544382 1.88444263911 0.999377419862 0.286274078476 2.60532100976 -3.11584607133 -1.61074895933 -2.33634525407 -0.459064441112 2.34480919103 2.16361637387 -3.02311010711 24
123 10171.2770741 -0.875589171459 -1.49583041895 4.68779524006 -0.306701496976 2.74205376477 0.88074074949 2.43952413173 -2.3088092858 -0.15187481615 0.019040391728 -0.405855979006 1.98377976304 2.88336695149 2.9118649524 17
124 10171.7627906 2.09765696282 -8.87796009942 -3.69317683801 -1.57837752945 0.533995850999 1.0567988721 3.05807993594 1.41991714272 2.04788132802 1.15464012963 -1.67087489894 2.77497538296 -1.11798077358 -0.272749799722 25
125 10218.6973811 0.228227158998 -1.82935228475 3.5169690927 0.129157940325 -1.92461599834 -0.55717098618 -0.435526621055 0.532892262395 2.97543372107 -2.43926919977 2.72984090531 -2.13630939772 -0.412289774626 0.244680841972 17
126 10233.7541664 3.83854039854 -0.648319165275 1.09927036392 -0.124470114959 0.618067236735 1.0354937305 -2.64152543006 2.80831592026 -2.16562474263 2.40825396219 2.26556007831 1.97766061781 -2.22166365899 2.31755399403 10
127 10266.7142037 1.74524968562 -1.44487811428 0.521752672564 0.338560378632 -1.30382542866 -0.387207721572 -1.08553394224 -0.562085015177 1.66725673944 -2.98481005427 2.9607436518 1.76522688958 2.79077218649 2.36285327265 11
128 10288.1997904 7.64888890434 -4.61808918345 5.87496877855 -1.3038581936 1.00968605665 -0.00694580817892 -2.46087820998 1.43976579961 0.534662598525 -3.03570505765 -0.256579011664 0.0657433370156 -0.566811340015 2.47595523203 9
129 10387.3434001 8.24752890366 -9.14909614463 -3.3951998541 2.05958184188 -0.119428742569 1.72451503221 -0.845222264965 -1.76376233198 1.5686824252 -2.69604058892 -1.61945504476 -0.573474160789 2.26175592326 0.698242156144 24
130 10397.4737936 -0.984216246487 -6.88196133768 -3.32505607329 -1.76327840214 -1.17629227896 -1.12754769223 -0.114171240466 -1.97820097054 2.80356992422 -0.813094445873 -1.2789870158 -0.532827859174 0.498117683243 -3.10983467622 25
131 10423.1122728 9.65919764061 -3.66190517677 5.50585602033 -1.5286970175 0.911246305298 1.15601768695 2.5290447694 2.10651472905 1.13440436964 -1.05321564982 -2.77475513455 -1.32691028171 -1.72635724416 0.995582102669 9
132 10424.0159415 3.29391785905 0.663666425372 1.26299603884 2.96959138976 -2.46402306294 -2.5018395733 2.51942327299 -0.913685047101 1.2904712843 -0.924889567329 -0.143461478016 -2.14872567257 1.92686225458 -0.467470866549 10
133 10424.3519978 1.02021724069 -6.23265036445 0.491939793937 -1.75692077842 3.01734245687 -0.988449166578 -0.684564523052 0.456520061622 -0.465479272424 -2.83588313537 1.37053737042 -0.274826222752 1.35091157389 -2.87049700278 2
134 10448.8380095 4.64197162965 -3.83581768954 6.10231880426 -1.7588164876 -2.93322831776 -1.67831742878 -3.06690593298 -1.93838025079 1.06149912174 1.67920397118 -1.53401538821 -2.90823179991 -1.82297114697 -0.415032527432 5
135 10916.8240374 -0.290509266441 -1.27765263486 2.35997123045 -1.45046301006 -1.53721857471 -0.397415207114 -2.63621698155 1.28883180394 -1.49198402259 -0.31842070127 0.918218784139 -2.94466718326 -0.742364074004 0.873236625629 11
136 11022.5917468 0.899347574383 -5.22764062966 -4.02948645805 1.00778864368 1.85227860875 1.20017935062 -1.84284554278 -0.269128383776 2.07590669436 1.63545759142 2.7697059017 0.523498189797 -2.85734380966 2.4465869694 7
137 11102.0937899 -0.0482983001847 -8.91075349557 -3.1963476885 -1.26594922789 -1.77988098241 1.45770774449 0.465377642781 1.343219286 0.710289019781 1.59943521962 0.777223470816 -2.71015226064 0.755571729022 -1.22033099141 25
138 11177.8640968 -0.218796220546 -6.24924453031 -2.45738776608 0.660883840995 -1.81425681253 -1.5205767985 -2.66508208802 -1.21178037808 -0.798087344042 -1.90779718928 -1.40620734418 -2.19859018484 -1.95381858082 -0.669240401457 7
139 11377.0655331 -1.24684873852 -4.88701583397 -2.42868327524 -1.52394804563 -0.27830701329 -1.59961671063 0.638178452076 0.457907228774 0.821322235895 0.975355608667 0.620078476941 -0.450357716184 2.48020346544 -2.63606818643 7
140 11466.5926776 1.85545267939 -0.760661776878 2.06850292987 1.17721856322 2.82081377766 0.0916637436896 -1.89669175426 0.254769919482 0.210291460607 1.99190349097 2.23764922919 1.51315937491 -2.44175097645 -0.236376310864 11
141 11539.8816035 4.19931904202 0.269586015724 0.147835521925 -0.631006528101 1.71276413506 3.09835402169 -2.01434637812 -1.01961339819 0.51033850236 -0.923832663731 0.928808299012 -2.17328671923 0.036062617511 -0.71682153706 10
142 11554.2831631 5.68315939545 -0.911666239824 5.45265610256 -2.67187053089 -1.77112054992 -3.0576689102 3.12202155603 -2.14634302016 2.85681515857 -0.579131543042 1.97144794434 -1.80709595804 3.07026500606 -0.346191224366 14
143 11562.5893497 3.51080800615 -0.28630154399 4.72461194142 0.0375832134471 2.72145361551 2.28919073847 0.732712031345 0.667113874304 2.89548038175 3.0062954432 1.93612226222 -0.484332694284 0.4005035561 0.602421116124 14
144 11589.6900608 2.39706852737 -0.235857744312 -4.79206103075 -0.621602180013 2.44235780274 -2.40180131019 -0.805534277162 -2.15689689971 2.51855523366 -0.647816160475 -0.827694566788 -2.34331601965 -1.32472424983 -3.08395648042 13
145 12153.4530986 -0.210362737758 -0.642830604535 -2.53729597644 1.05618959298 -0.486430067451 1.85736347609 0.601440077087 1.74020672648 1.61986747742 0.363322589752 -1.3502155557 -0.493545123798 -2.99060282313 2.008310475 16
146 12385.4979768 8.13665086185 -0.88811269526 3.14637959137 0.585644997298 2.50607103232 0.371802074873 -0.275955430287 2.6225541149 2.98634597313 -2.59865343014 3.14026358134 2.1407655888 0.449386971507 -2.30394363144 18
147 12573.83295 -1.20613180197 0.645863724157 -1.20932328581 2.00835909921 1.05216321064 -0.599702026085 -3.10772629013 -0.467989432955 0.611705303973 -1.76312140487 2.40427114289 -0.554124549479 2.74422251424 -1.61054596988 16
148 13031.3016154 -0.124792166204 0.0511675881064 -1.12840537678 -0.208784508636 -2.63583742747 -2.63645334992 -0.290406979753 -1.08327288415 -2.78284752856 2.52752630393 -2.07959168313 -2.70725414494 1.97146836713 2.40082345624 11
149 13247.1433178 6.76410723236 -0.161499891077 1.64520132678 0.868295298622 -2.96445297626 -0.707684746294 -2.40630658615 -0.374791301594 0.830239474247 2.43106440176 0.3509610608 -0.788833588671 1.59227651751 -1.22648833473 12
150 13252.5218893 6.18903277987 -1.56478780766 3.15325158859 -2.21529884937 -0.417000046795 -1.04830790845 2.57705586854 -3.06956621836 -3.04571995459 2.84484866982 -1.85650616831 -0.700964866975 -2.6007207746 -1.95972403304 18
