 4.5604450531 -1.3170555777 -2.99887143373 2.56399271125 2.90460218627 -0.0174862826688 -0.934922246416 2.51088754971 2.57461898571 0.693028787275 -0.452401932981 -0.875212207279 -3.04981672882 2.77148050833

1 1202.13719651 -7.38597136726 0.024547576675 8.18775276697 -2.49951612715 -2.27200920649 -0.57654907634 -2.68671677422 2.4877573517 2.80189612311 2.96380359078 2.40973345694 -0.886985133276 -1.33937851466 -1.75262792865 8
2 1335.35067186 -1.8921856232 0.708864496367 -1.92447079323 -2.9357783329 -2.62764795104 -1.73167853334 2.48382922122 3.01439251148 -2.47323506559 -0.293857584711 1.53989392519 -2.8821560201 -0.38574207039 0.6714922918 6
3 1961.85309027 -5.3382702542 -0.743940065002 6.09660693263 -2.60179888882 -0.845237616387 -0.965271831978 -0.8520303904 2.55885885103 0.522388549567 -3.0086535148 -0.0152070127743 2.41440818564 1.76371293113 -1.46269801093 23
4 2986.36489436 -3.49641245131 0.326765457748 0.575747178923 -3.02248287813 -1.58911661757 3.1038525074 2.44952832934 0.957785139219 -0.60290761443 0.019217267047 -1.66056393337 1.95276049703 -2.93001529049 2.87734598702 4
5 2990.68082652 -7.8945851974 0.643883376172 4.78968816391 -2.67497853082 0.178493516959 1.78358978124 -2.69667285461 -0.608061412179 -0.952233043832 1.29256609428 -2.75167407489 -1.04353987491 -2.04678618211 -1.57148078158 2
6 3142.79758925 -1.68908675232 2.41108496822 2.85173990114 0.848187465321 -1.33602757142 -2.37321595298 -1.68691755707 2.39957559138 2.7694062999 2.78009640126 -1.77388976164 1.16432451899 -0.247341379488 -1.94767838359 3
7 3348.63047484 -4.89232646667 1.19281200281 -1.45163618357 -2.52717964273 -1.79164332184 2.73709716929 0.326325925673 0.142805309808 1.457105112 1.73328218072 0.32150287377 0.855795910309 -2.47716142263 1.63688463056 4
8 3679.97186231 -8.47302121131 -0.673313387787 8.3928408601 -3.10356227204 -1.69098593509 2.64691869476 -2.48429068077 2.63065922463 -3.13748946711 -2.86607855087 -2.09348484243 0.889730908031 -1.27841939163 -0.226630870946 26
9 3886.15914749 -3.21518965086 1.03337063298 3.2126977154 -2.06033680646 0.220822208415 0.409178067737 1.50110888154 1.00190280263 -0.556102594915 1.14573146276 1.74437130209 -1.12077895273 1.40760258749 -2.68467610852 1
10 3913.45504813 -2.91450210293 -1.39810639529 1.22887498813 2.88887732012 3.10052216262 0.0632198000102 -2.75443299526 3.03462463602 3.00137926996 0.383163400694 2.24489235846 -0.232939701598 -0.55519285252 0.447760697717 19
11 3948.74024493 -3.02543902926 2.39715908079 -2.38065527938 3.02323886471 2.03186703267 -2.13436971142 2.02328586001 -0.351340535113 1.92544134887 -1.66763140073 1.44091706499 -0.91678142176 -1.92162986512 1.74342830927 4
12 4175.84461751 -4.12461798233 -2.17184961114 2.89093003212 0.611039950865 2.31219317296 -1.52795031873 -0.0922522022275 -1.89165400396 3.06495769363 -0.57236019185 0.409883668522 3.03257157505 2.36773772709 3.01330377213 19
13 4262.77152135 0.0118409348891 0.547145748697 2.78881843714 -2.46166870984 -1.6973250406 -0.421928919949 -1.26201941522 -1.17293211419 -2.46530271621 -1.27164319338 -0.0554555196572 -1.17848122313 1.36109454171 -0.109384795789 3
14 4489.45358509 0.816595474418 -0.552967790675 1.70247862832 1.91989311007 -2.92779108566 -1.68732848638 1.70406125535 0.0594566045646 1.43198062769 -3.12849298424 -0.985575432479 -1.2210653961 0.162573502344 1.57928342643 21
15 4563.91584426 -1.67678973159 -1.94245659721 5.73184797132 -0.997931725125 0.366311078496 1.80808511148 -1.58213034167 1.99942718897 2.74315183136 -2.63127336126 -1.15373451415 2.48344891876 -1.78489108923 -2.381918348 27
16 4577.77765092 0.821386637724 -0.809461172131 8.21734891227 2.8996361372 1.48587661812 -1.79535903822 1.62881972128 2.06965292465 1.18037247221 0.344030673229 -1.92783745941 -0.183626923219 0.0208018801002 -0.105778134594 27
17 4638.56642508 -9.90271446059 -2.00925343498 8.43476940001 -0.978095904256 -1.48231456385 -1.97250737208 -2.26984783918 0.289380289274 2.04718502391 -2.50318448761 2.25706099722 2.90100271574 -0.211005349705 -0.902150896133 26
18 4706.68594476 -1.92715621311 0.73180635211 5.1612148506 -3.01413543837 -1.9950863697 -2.82783535881 0.117641091129 0.943504160333 -2.73604256843 -3.120881041 1.65882037375 -1.44080752898 0.20762213326 -0.555579663366 9
19 4711.15818531 -1.45121849919 -0.473153632341 -0.479312199319 2.63183458927 -1.60158373347 -2.61993097661 1.72611214671 2.66201509535 1.81613759002 1.23927764325 0.473111685761 -3.03172040914 0.745705194668 -2.50574158041 6
20 4874.98897717 -1.63492970846 1.40086139742 6.40198402356 -2.69299100796 -1.65810622307 -1.97605339043 -1.9921675918 0.67646608291 0.296419823186 1.40497732827 2.41307479677 -3.11299947508 1.51990384171 0.515064062808 9
21 5039.91100463 -0.857548383878 4.81833299281 2.16446075117 -2.54020093145 0.464467778512 -0.618182931213 -1.73079846779 0.862978678055 0.379386081136 0.260602231515 0.037264919031 0.563546585029 0.0587953082982 1.62743855687 12
22 5166.23916845 -3.40640443415 0.115728544297 7.84211176644 1.00760217296 -2.1686528762 -2.8900457761 1.96663718102 -1.29391679117 2.81858831954 0.569572907112 -1.32491214917 -2.64457793368 -0.831267475879 1.88558289508 5
23 5266.62676282 -6.81872810971 -1.49306247371 6.12277869351 1.07915332273 2.63567774968 -1.04941375475 1.94855552257 3.12746247911 -0.542369334878 -1.87972352374 -2.45538659854 -0.236175158986 0.788576834742 2.51334715765 26
24 5290.12700194 -6.38412257507 -1.97855410645 0.522807466106 0.286539506914 2.78187670153 1.16253264086 -2.57160054033 -1.74310139087 -0.459426048591 -2.12228785155 0.525363165504 -0.878878036775 -0.258729483212 -1.39348168959 22
25 5439.68258021 -6.44743513559 1.72025202955 5.08148921948 -1.88840973995 -1.82569658437 0.185860793978 2.76985266166 -1.61652631462 -2.63459116941 -1.45459026855 0.0227777890076 -0.177411610162 -1.56914400971 0.557289960784 8
26 5498.84277911 -7.91456048134 1.1461676426 -0.931316870321 -2.55107020482 0.215027744114 -1.0929262372 -1.28976809645 0.892648667248 2.44615270345 1.4039502061 -0.558160546635 0.00254408958014 -1.99297565689 1.70356860377 7
27 5834.16962327 -6.01534033478 2.83774644113 3.61608697347 -2.68610714687 2.07606924502 2.43724308467 -0.0621609586829 1.18556073841 1.25528902438 -2.61163155181 0.773638077479 -1.11392509884 0.487808196203 -1.76997414711 1
28 5916.79185486 -5.67350767417 0.751085266045 8.09894428361 -1.78699007866 -1.07941939519 -0.369347601178 0.0360076509515 -0.201019180882 3.10037886675 1.97240468112 2.69913044452 -0.256429359025 2.09611574812 -1.33011296287 5
29 5966.3975292 -0.53515405247 3.14600940369 1.45787790853 2.91512542922 1.75190782768 1.28976335474 2.29117211167 -1.68137967199 -0.804670940442 2.38000554049 -0.314923573872 2.85076981289 -3.10561931533 -0.165552917123 3
30 6159.17889627 -8.91642015225 -0.33747074946 6.96050780358 1.51145159383 1.19498091706 3.07358181044 -2.7632381487 -1.783854971 -0.635744929102 -1.2801532184 -1.40633268118 2.2469374125 1.21348195184 -2.85958164465 8
31 6177.57712991 0.788128037979 -3.77257728324 6.37154571253 1.92630206502 -0.486965913471 1.01166289975 -2.06928477628 2.21479882251 -1.99162808289 0.670803850926 -0.980369076139 -0.791207322274 -2.92343135755 -2.50213736639 27
32 6404.43282185 -5.78941309042 0.0671217674486 -1.82104134145 0.724496356869 -0.421892925577 -0.907632359974 -2.05808624033 -2.15761856848 -2.16527135159 -0.278031124432 1.20831824917 -1.53786414412 2.00013164924 1.09756882294 4
33 6447.26193201 -5.83686020504 3.83359000509 5.33351021714 -1.94584254625 -1.64591044018 -0.950644623104 -0.83929835486 1.2746216132 3.08404573671 3.07422739463 0.210073206109 2.69679915713 1.81307647726 1.05340279563 14
34 6492.15985508 -7.57700923941 -0.340899655586 5.16745829998 -0.208484082221 0.138163595961 -0.611073076994 -0.990760833594 -1.90863900467 -0.892375550583 -2.73875563447 2.19320135246 -3.10145778024 0.599996626758 0.389662556433 8
35 6576.81103428 -7.52183990378 -1.39202218399 -1.34474326333 -2.50984582511 -2.23812154272 3.02731906647 0.085087079713 1.18276969879 2.2277227366 1.33757986021 -0.33214040459 -1.55363513813 1.89643676799 -1.20678581689 25
36 6598.55742651 0.760821601905 -0.219990360226 5.58591060857 1.10936138559 0.209497953733 0.782496609987 -2.51698710421 -0.560550977658 2.81228697117 1.49410279041 2.26918869308 -2.52243118092 -1.56892863488 -2.28595275836 9
37 6622.09005092 -1.61087830464 -2.22980649243 -0.54725938443 -0.558813035512 1.20541453346 0.0446606921826 2.44609920937 -2.82544970553 3.05604989395 1.77870453993 0.0673074442195 -2.25036216502 0.22813048738 3.0653034303 24
38 6645.86881729 -9.40787694977 -3.06687376359 2.43807640294 -1.89170815123 0.539359190278 -2.13569165659 -1.20424984602 -2.56677499662 0.765574294044 -0.038727445282 -1.86703747531 -0.483664919728 2.26855845474 -2.16680725973 20
39 6704.27840396 -1.57503565416 -0.855894859195 7.12814873047 2.55541605799 0.334513551572 -2.64452598539 1.518486436 -0.610032687505 1.43361461377 -1.90138248727 -2.02607099588 -2.93053231249 1.89691941173 2.4050182485 27
40 6718.73699889 -6.29701848756 6.74376467158 1.54226636887 -1.33990946398 1.51207510367 2.23314283733 -2.64712754024 -2.65377252166 2.40072831398 -2.91307385607 -1.4169832206 -0.786065142424 2.04553250982 -2.09479964789 10
41 6765.41128142 0.274740052186 1.56458072094 4.79075100183 1.25636688743 -3.09174687605 1.78805032329 -0.338893010467 -2.14211579331 2.64139916443 -0.520127503102 -1.62131006648 -0.236661982738 -1.51442285009 -1.06699716081 3
42 6865.57002612 -4.40955673655 -2.36262079105 7.13698398368 2.29998470548 2.17631088434 1.67169282358 -2.98761710316 1.49047575067 2.94922434832 0.676222269677 -1.3381584036 -0.163732782642 2.61893748354 -0.683010954854 23
43 6945.26512912 -1.98208677115 3.93081566326 3.06438993139 -3.06587365623 3.02112556622 1.37214191406 -2.51077983441 -0.621453725387 -2.04186565033 -2.89889371954 0.525494659555 -0.708818635032 -1.79910170624 0.27009806578 12
44 6962.42430262 -2.45102098178 2.73777088362 -1.3851768872 1.97916764378 -2.41536495561 2.43361147187 2.58320443994 2.68013405161 1.5381888291 -0.783736287807 0.223361133552 1.21339592966 1.63805842208 -0.609420254903 6
45 6964.96327214 -8.77624018704 1.26352033855 -0.866652429089 -2.38224103869 0.310906239575 -1.18234487245 -0.139472343532 1.23001450298 -0.936391415162 -2.07301052184 -0.857879462706 2.52348528791 -2.11961449732 2.34571662716 7
46 6990.36158962 -4.76972903892 1.69954115107 -0.242790272622 2.85731765238 -1.98343755709 -0.983758299814 1.32498370659 0.794778978172 0.427733923653 1.14714934386 1.50740560533 2.04791053357 1.5643155831 1.22231869366 4
47 6991.12555781 -4.06790346789 -0.427524266585 7.94491371645 3.11413423749 2.06113634184 1.47933071299 1.30747876571 -2.55723801593 2.41978638061 1.52332757925 1.76551810932 -2.16419598473 -1.7756888424 -2.34833958952 5
48 7109.80985658 -8.70178279473 3.06375741893 2.6363687677 2.97486118958 2.24092640776 1.99009531442 2.4221923844 0.0750635286884 -2.13291415686 0.970600259896 0.193212300244 -3.11175460794 1.9467759484 -2.03154844747 2
49 7160.15264959 -5.00954131139 -3.63818987574 1.46133585921 -1.90139340493 -1.87538389198 -0.409276996083 1.4239383177 -0.0527921860855 -0.765162468467 1.86524614755 0.408512021824 2.12438631777 -1.20708324435 -2.28324761149 19
50 7196.43573699 -4.40566934148 4.3268591412 2.69587944688 -1.39521866999 -1.86194640107 -2.48289959871 3.04834955901 -2.189965215 2.52433059179 -1.81206714335 -2.57774747484 -0.574242524443 2.87313531561 -2.59392899053 10
51 7197.00013445 -4.26829051583 -4.01625143972 7.72863146445 -0.384928732854 -3.02906672928 1.15102326412 2.24508493924 -1.99566141011 -0.066127819815 -1.98691495083 -1.36853326554 0.980990340446 -0.894556236883 0.425487957291 23
52 7229.72854872 -8.92659584658 6.3020776368 2.40580485331 -0.817175283798 0.793394665034 1.20780570683 -2.44749757101 0.24576079163 2.43319570233 0.918681347244 -0.745791914071 0.452050950879 -2.19292695663 2.42365135802 11
53 7275.20456938 -2.23421691029 4.70948132662 -0.202380908238 0.134860289258 -1.36246611879 1.58975658349 3.02291963489 0.950264557182 -1.37254438209 2.06374794371 1.63558424041 -0.0636217356735 -1.96614474662 1.96460340768 15
54 7282.22920484 -8.03573845106 -4.00425552624 -0.70547539175 -2.82973569612 2.5088874617 0.955775067676 3.00772936352 0.0768983993424 2.48145641873 -1.60837467234 -0.207502511165 0.0113591615466 -1.75355857632 -0.334462582171 25
55 7400.85929178 -1.22482577854 2.10028598449 2.67867553487 2.23610664879 3.08342357593 3.00391367093 1.80287788377 -1.39401565665 -0.948673083463 2.06079512149 0.0655132804112 -3.01084596924 -2.23919088579 0.341869212116 3
56 7479.11994475 -5.79966645964 -2.33407629982 0.681407564805 0.889984158857 0.217350260625 3.00565144148 -0.281660621995 2.9631367931 -1.92853986805 -2.07800552752 -0.110789083377 1.66621347119 -2.00252033271 2.35200017255 22
57 7479.31112369 -4.4087033173 -3.50402083232 5.85976264935 -1.64419875794 2.89807074416 -2.43851140459 -2.60572264714 1.25259366013 -2.83603984846 2.82317887692 1.41745712239 1.58937095377 -0.603232134359 -0.580349733413 23
58 7616.94298829 -4.58722888787 6.28722092624 6.66606646206 -0.519826986012 -0.798856662327 -2.40034178998 2.60034496097 0.274897134473 -1.82845046559 1.2813872353 -0.213774930196 2.48032302249 -0.34940093257 -0.108610984076 14
59 7676.72100319 -7.02376068171 4.91103966125 4.56914391708 -0.398442612948 -2.2907311267 2.7096869631 0.580462275593 -2.10794545388 0.515950785973 -0.174663396335 0.14504860451 2.97523767852 -3.01516413474 1.07210181355 11
60 7705.03943419 -5.87418529917 2.35402628539 1.79569923674 -1.40696514808 0.0102470677966 1.17847162148 -3.08444195697 2.78654720173 2.34650794891 1.70173487383 3.13865868921 -0.958951663273 -2.52181835826 -2.82862387749 1
61 7740.31169612 -8.42252429701 -3.07908414233 7.63972006136 1.06992677172 2.41689909205 -2.23105142051 2.56650853857 -0.294490233113 0.608766079791 -0.177486045624 1.14810057318 1.05672760317 -2.69856437784 1.2484175743 26
62 7759.54780795 -6.8430244066 0.48373226638 -2.24451699641 -1.13355107411 0.889982233277 -1.17029346121 0.220363938585 0.268502222627 -0.836363834902 2.56933240053 -0.342113427544 0.793296604203 -1.56779059175 -1.25721311556 7
63 7788.74015181 -0.690120681134 -2.60513844467 -0.978502564543 1.3103425656 -0.229621737651 -0.62042543303 0.254545218381 -0.0467753221016 -1.24542095192 0.273298460423 1.75822296112 1.09934407935 -1.99532035027 -0.439096598762 24
64 7793.91641744 -7.21279380928 -2.91796811827 0.818852349713 0.963382805102 -0.0748719841145 0.736857246378 0.744477462983 0.808359701997 2.87542034741 2.08976348756 1.11474118384 1.82230040405 -1.17456040724 -2.34054671779 25
65 7827.04468305 -3.32294109995 2.64697837996 8.23929859599 2.34532643758 -0.370269318082 0.931510513886 2.19583644668 -3.03781800238 2.14289656262 1.31722099325 -0.632113613113 0.836937782346 0.0669960481407 -2.37917303717 5
66 7947.03469279 -4.99496831801 -3.59276370239 0.736223074249 1.05750883753 0.832406117104 -0.946365927358 -1.09032898547 1.42565257536 0.606712550463 1.82945684312 2.68442045349 0.882332330464 -0.431157564119 -1.57558288714 22
67 8003.0387175 -3.45920051423 0.301093391457 4.02392581503 -1.48550498911 -2.67964353279 -2.49287761089 -2.32900840321 0.14717376795 -0.10461247511 2.19994822053 -2.95779942326 -1.56795792513 -0.926652600038 1.28932041353 1
68 8006.67134006 -2.03314913606 3.38670068319 -2.44555910689 -1.47231638254 -0.581861908485 2.3283334149 1.98896830987 0.534950331945 3.12029258234 0.69839328986 -1.0384471947 0.1296053556 -0.438064578194 1.26571388161 15
69 8018.96626726 -4.21971247775 0.279519725095 5.40907587526 -0.797010685948 -0.346731940769 -1.45124838838 -0.337357066269 0.856153158983 -1.94733039923 -0.256788723147 1.01038000331 1.90079599509 -2.63821426233 1.22135656628 5
70 8083.71463854 -1.11499157734 -3.22452164228 -1.14031877218 3.10887114477 1.76715306901 1.9046445585 -0.658632130907 2.5934302671 -1.69818362592 2.68499825213 -2.69485952401 1.97428004004 1.79394610176 -2.08700722308 24
71 8088.19606154 -0.852771181408 5.98123723292 2.85596225775 -2.79837278283 -1.9024537273 -0.705741791153 0.692725672256 1.71544066736 0.22310788254 0.921271065711 -1.87016595815 -2.33230475699 -0.106120495536 3.0075502358 12
72 8123.71014879 -6.68814523865 6.41220651634 8.0925895827 -2.88813159756 -0.809142433769 -0.777230134926 -1.95535631131 -1.4808273592 3.0281161761 -0.404695533462 -2.50856046076 0.759640854631 0.369452249768 1.05054730254 17
73 8132.1131619 -3.21000846824 3.48747283459 3.19912128268 2.03558822175 -2.50428637004 -0.41831076208 3.12552805731 2.29933326502 -1.5021469437 0.0983328273586 0.0253991268498 0.465286975683 -0.495354423692 2.21827342469 10
74 8138.49024849 -2.36471026252 2.40920519811 0.968053402109 1.84296989566 -2.37344911935 1.36193248153 0.201362804512 0.946576677225 1.50507476405 1.73628639592 2.04038955701 -0.697428029272 -1.2303354356 0.939488634038 6
75 8203.85802217 -6.8730681416 -0.712934489003 1.62581889946 -0.33064126247 2.80930690616 2.58454713696 3.01702207918 0.603208221998 0.594794554099 -2.67284203812 -2.38534208562 -2.7973287557 0.78913013916 -0.342236307443 20
76 8210.94732557 -1.07356362518 4.25928014889 4.35160850124 -2.08990888435 2.8299388156 0.696090035664 -0.260655543224 1.19156175466 2.96268744638 0.728759522206 2.18315511532 0.42712711656 -1.55348176489 2.67668052183 12
77 8234.81922479 -8.15104536038 -2.02015376836 2.74770556213 0.583581968009 -0.384480498064 2.79751901136 2.72255740182 -1.99820243782 -1.91098632946 -0.858043812697 -0.612635355674 1.31606353672 2.67465734353 -2.2944156139 20
78 8236.4490493 -6.48615228455 -4.17944957379 3.24032960341 2.59068486134 -0.584042445519 -1.39343119761 1.81854555402 -1.08004633513 2.02288847954 -0.835023791659 0.371146080011 -1.06693122306 -2.76413182725 2.79508717128 20
79 8291.44330071 -1.46663663458 1.38219011636 -1.28948488753 -1.18890370601 -3.12775297161 3.10135105282 0.629746348978 -0.144685592158 2.76127503407 -2.3427040835 1.73629411244 0.786173044798 -1.20021903471 2.85661237232 6
80 8292.23034159 -2.28587474075 1.36307142233 0.310007650408 -0.0393884824928 2.9841669525 -0.696883645806 -0.214269414181 -2.97287305277 -2.02963843567 -0.456849366645 -2.32596670144 -1.13779034141 -2.72886710891 -0.447331431475 6
81 8321.88274424 -5.38057415377 1.96998838041 5.23653570305 2.06826029365 1.94711823374 -2.5581315924 -3.0767473945 0.132245070208 -1.90655757964 -1.83929076752 1.03728897049 -1.13733901347 -0.357722552044 1.99347289531 5
82 8378.69316646 -3.72787054673 3.13635637832 4.70025871368 -3.13177934611 -2.30740878173 1.74456858389 0.306211644002 2.64645871479 -0.114532654455 -1.43076468945 -1.03872006773 0.791610577103 -1.58423614654 1.43088308836 1
83 8470.31614658 -3.83279909736 3.86265918102 -0.665391398274 1.80314705115 -0.119484724026 1.15910407944 -1.34400818851 -1.43756505937 0.152537620128 2.25694255285 0.999987333982 2.16651270997 0.171669196676 -1.83525571898 13
84 8524.68698602 -2.90394784086 5.70361980213 2.38141615619 -0.798078081125 2.65172994433 -2.79877085096 1.46518855084 -2.97389704853 -2.00087188225 2.14487708335 -0.185069342275 -2.95490399657 -1.30405312805 0.865701645188 10
85 8527.54898287 -3.78364501575 -2.16108298561 6.60593117962 -0.138588605722 2.26465983092 0.910114946832 0.774361421963 -3.07311237148 -0.319601753151 -0.0448626790485 -2.24727229031 2.2193742032 -0.231000099909 0.259825080771 23
86 8529.64869241 -7.6759729505 1.25847572927 5.47721676832 -0.29226243397 -1.89255532 2.10062578411 0.21644353795 -2.60865708943 0.274542692797 -2.51347689081 -1.15166897418 -3.04127820147 -2.83755833749 -1.75658975552 8
87 8653.51025112 -7.0657231938 0.25872350453 1.08430374231 2.57696326399 0.425957897077 1.29740644646 0.633070143163 -0.639837703439 -3.04322203948 0.541420604473 -0.490920329104 1.04635923947 0.660365155633 -0.0362208798274 7
88 8681.86013246 -1.88923707874 6.20705557507 -1.91623008514 0.917118789793 -0.567838721638 2.81010937275 1.1150424185 -2.01821208265 -0.968356200509 0.163411098532 -1.38569661536 1.2500327341 -1.91406292056 1.86039126308 15
89 8754.56977369 -1.17438415718 -0.883585253508 3.56855653226 -2.61591010944 0.47795107955 1.14586931798 -2.77475072698 -2.51141346994 1.84378318774 1.01687618659 2.96758122709 -1.65785725734 -1.87376702834 -0.0834370824448 21
90 8762.7160362 -8.48436546214 -2.30520272704 5.25038463209 0.247448383819 0.224916056912 -1.91512605321 -2.18497587608 1.11682733921 -0.588508902594 -1.6806438398 1.89164271618 1.87549791096 -1.68165313043 1.59876138168 26
91 8769.43230019 -3.241896524 -2.24100728138 -2.25889021804 -2.668496592 -1.05513852641 2.87180183442 2.30617166478 -0.261791007815 0.758793538164 -2.71673857534 0.843775670871 -1.312269708 2.21846182563 -0.521764405942 22
92 8874.65354757 -1.26309581852 5.93624487835 -1.99609309311 0.651670733667 -2.2996384001 2.13260291425 -1.17264110606 2.51036819819 -2.12417470788 2.77056469148 -3.02917953994 -2.93119033457 -2.84489803138 1.755540057 15
93 8878.49342474 -7.74743054441 3.82607833861 -2.48900417767 -1.68502426945 0.353249686418 2.13845911636 0.887418236503 -2.85745308236 -1.45268657747 -0.537473739075 0.642740988018 2.03405534577 -1.4185329437 1.6003580123 16
94 8885.62515471 -8.22921331002 2.06600080666 7.36698686737 0.213978341987 -2.26308675529 0.429807427818 -1.51919995692 2.54360583254 0.427131409022 0.478942666845 2.3755634031 -1.0786923348 -2.34441406265 0.520756991896 8
95 8901.81416986 -0.772736744974 2.07500817042 8.28565364425 2.16606910501 0.0821187068478 -2.47101637715 0.588444202303 -2.29479717864 -2.54578896632 0.698926585774 2.48197955985 -2.12212408966 0.598838632834 2.03788920759 9
96 8936.34353184 0.605430894582 4.67962263408 0.962992541111 -1.34203196122 -2.78708034669 -0.769022216667 -0.135502492201 -0.464988319033 -1.37497393827 0.0965887170492 -1.68305524163 0.210758042011 2.20896254569 -2.44573758546 15
97 8962.5740491 -6.3042604751 -3.14706458201 -0.873928227134 -0.840645624057 2.56666476905 -2.54536347704 2.6338158399 1.06037740541 3.04993024797 0.68463395845 -0.240495984703 0.662274715297 -2.27177931646 -1.45358456522 22
98 8969.46538812 -6.21539104752 1.45732463669 4.77848331421 -0.728031090079 -0.496607603416 -2.44810459127 1.54244453536 0.948107723515 -1.91254289685 0.435717122423 1.16112957645 -2.51890455634 2.24041241131 0.9946447669 1
99 8991.51351006 -3.94429581621 -2.49114864547 4.75889426442 1.24037279696 2.98376637016 -0.733369931271 -1.7878811152 2.55758366184 -1.4255407871 -1.84374739451 -2.34412585608 -0.209006835859 -2.24685755418 0.101089132328 19
100 9026.86806851 -0.707533304546 6.56200897252 4.36289777089 -1.00380423034 -2.84098534755 1.03591911113 0.848662567388 2.78828785404 1.92365144324 -0.43788996064 2.8661859725 0.833478111584 2.50428466429 -0.674228748744 12
101 9041.4603492 0.488648172213 -3.60701306888 0.374962465654 -3.03798652869 -0.554406715719 2.53881106486 -1.61049476223 2.72778167449 -0.716176244064 0.512500677823 -1.79386296388 1.43635152248 -0.985379947771 0.645669271712 24
102 9081.49363267 -7.78113222703 -2.96773544416 -1.98866915892 0.509630171332 2.24504404346 -0.0844510315243 -0.846550244273 1.38159571925 -2.52419667431 0.651004267393 -2.34033873123 -0.259220049993 1.47037915871 0.833629465821 25
103 9101.14715528 -3.51250548697 4.9802564026 2.88267626986 -0.872794468943 -2.82601885311 -2.1249502408 1.22378599164 2.36765000873 -0.158037648327 2.60812306005 1.89856912785 2.88305950788 0.980507979635 2.29221030137 10
104 9112.75336373 -3.43475980854 4.08097025378 0.0478574956837 -0.399157025601 0.467564822136 -2.52130010193 -1.66223009883 1.83085777777 2.59259738978 -1.40152593004 0.174492798169 -2.19037060185 1.92349709972 2.09648011085 13
105 9230.42785533 -2.86808504506 6.73499082168 -2.46880052258 -2.68022071194 2.03665155351 2.97697296653 -2.53215311927 -0.906811216432 -0.0310000950266 -0.936544844903 2.57346630326 -0.999777835052 -1.03673547527 -0.886896024995 13
106 9314.17665624 -4.26990563927 6.27479810461 1.79135339602 1.73263872952 -2.48966480563 -0.699952966567 -2.80005946743 2.83407887447 0.317931306184 1.622831259 0.739168274853 -1.4293268905 2.46262751069 -2.35844062728 10
107 9409.15123084 -8.9849013263 5.27665027342 -1.85378273421 -1.27770767888 -2.44753075562 -2.3217469005 -0.226385672819 0.828972098262 1.88601512984 -2.63475987043 1.5713931551 -1.2986492347 -0.877579470576 -3.121114453 16
108 9447.74175925 -3.57189183327 6.5362948681 0.121573546942 1.87327106263 1.63005687855 -1.7409888144 -2.84980235818 2.83236110232 -2.76177469868 -2.51443456144 0.304284482191 -2.08790975887 0.451358026723 0.117535284286 13
109 9627.58080869 -6.01980366984 3.45591271756 -0.219758692893 -1.39171124682 1.82854629658 2.65963553259 1.09894334046 -1.00030900218 1.05830873319 1.40034420374 1.81575280839 0.25439929986 -2.01894648627 0.277766188386 13
110 9710.67820884 -8.31263824082 5.18730241158 4.52700181152 -2.97202907301 2.69486870809 -2.21087493508 3.1346202712 1.61346230577 0.136719600853 -1.16531786818 -2.49565547103 1.91385920412 -1.86530264465 -1.13894645692 11
111 9808.59578797 -8.06360080254 -2.65660124131 -1.6628116516 -0.105954498349 2.19366720206 1.6573462718 1.41377894035 1.45622988054 2.92165284196 -1.77527695579 -1.55746477035 1.63776131568 -0.171474288041 1.97150533668 25
112 9907.95236459 -8.52428984623 1.93621199084 4.26420803406 1.92588864603 3.09596312223 -1.22020815075 -3.05684312087 2.93582385955 1.95514020056 2.31992260416 1.04517494581 -1.63261537283 -2.31459533144 -1.37289983067 2
113 9974.75780395 -2.2354555467 1.91683024688 4.5449345771 1.87199488323 1.85176816565 0.137911104279 1.03990549608 0.50094866109 1.66376797061 2.44284313849 1.92642113408 -2.74199922759 1.12082766244 1.43600123712 3
114 9981.51654485 -8.46284159022 -1.60937182712 2.15393998979 -1.56654899855 2.56740543194 0.239281203404 0.654822783917 0.463006409597 -1.86495518843 0.174155284655 0.0769459980162 0.542293385595 1.46712373573 -1.92746531937 20
115 10082.2612248 -8.20729328871 4.07223243359 6.79198150729 -0.990078438664 -2.92813723207 1.50567723542 -0.353951899995 1.37851832955 -2.60896870039 0.195828414489 1.60793917001 1.77607139094 2.67546323917 -2.71576029278 17
116 10114.3431571 -0.177091366604 1.2135703214 7.87370437833 -0.40082185984 -2.94370475636 -2.54738009462 0.0445479750006 -1.79510855817 0.27152699064 0.453888288317 -0.754479730067 3.10979395231 -2.14931847083 1.90219986425 9
117 10122.8726856 -5.15237065023 5.61479914159 6.70972159379 -1.85009519041 -0.457205677392 1.03030428285 3.13218668292 -1.15378727976 2.82356283688 -2.82614919843 -0.119210959027 0.0460055460519 3.06784588861 0.111020261479 14
118 10141.0582987 -2.5064659092 5.27702011677 8.21060060672 0.933197262772 2.7979424029 1.06246669578 0.693628276729 2.56638638628 1.0839932512 0.337549595979 2.19175245285 3.06091143215 1.40555413903 2.4538617017 18
119 10165.5024517 0.0248990047431 5.78655330057 2.75927535068 2.5443898061 -2.6911112659 -2.43145062556 2.08525478211 -1.87278802943 1.51588067776 0.183806724453 -0.00330689310997 0.355696139541 2.56419346431 -0.366434652647 12
120 10168.449813 -2.81576027799 -2.86516537038 4.76505375786 -2.38516698136 -1.30833944184 -2.77553220138 -0.238663901364 -0.483741006475 2.1344502886 1.360822303 -0.141243326046 0.729708157989 2.50127222969 2.10991150343 19
121 10317.7176638 0.064054698977 -3.87355324077 5.78122828631 -2.02497511418 2.63990344293 2.70555628289 -1.15120215678 1.37576192124 -0.942105469008 -0.33417302512 -0.298303894235 3.07133309392 -0.867065634778 0.910664868324 27
122 10325.5999417 -8.30539063591 1.09032217275 4.56498915362 0.923213404546 1.16238411959 0.0540140748054 -0.590890087036 -2.37253488289 1.82538667183 2.91930423119 0.21641220284 -2.66524013534 -1.02185844639 -2.64512584447 2
123 10459.9499167 -8.77493701073 6.71332875574 2.54162008229 -1.70757499532 0.788493596358 -1.89977041932 -1.4021160612 -0.667512008201 -2.34696042386 -0.959606491476 2.91589114129 0.305376947389 -0.637499167301 -1.82485105194 11
124 10542.7993395 -6.60277303742 5.71945817247 5.52458033584 0.353844969093 1.28894664056 -1.91021994583 2.13765669602 -3.06342756457 -2.07865398352 1.59809947524 0.0537445496056 -2.25101823651 0.577519661674 0.579390508908 17
125 10557.044789 -4.5126963282 1.7770373267 -2.23140795117 -1.19707454922 1.21050235532 0.599521963257 2.29258415632 -1.57282340406 1.32201611813 -0.0495881866238 1.23711997563 -0.0355707977802 0.819904701521 -2.94269410243 4
126 10585.113654 0.393215962459 6.72676254129 5.72548793387 0.87973234397 0.83140268373 0.702037504605 1.50801151722 1.35878972556 -2.07519656621 -1.11380610261 2.46947280415 2.33304808845 0.760483781404 -0.0889916936579 18
127 10652.2379762 -8.78442187334 4.95121113278 -1.16910177754 -1.13561867352 -3.07571308721 -3.03046870753 -1.19568268091 -0.18770861836 -2.31166303353 2.31247214942 2.08889104262 2.32108134195 1.12674430884 0.51288846592 16
128 10664.3600775 -4.35202483702 6.43568348781 -1.82706816284 -1.2683032618 2.30440252876 -2.65948367806 1.57730783463 -0.16264582984 -1.95872501466 1.98874622136 -1.41028264718 1.89874861261 -2.37708713076 0.622159222411 13
129 10745.1953016 -10.0217882287 0.546629634098 1.48851698377 -0.16832189369 -1.29921005496 0.159860421846 -0.275327304797 -0.936138348344 -0.688429998643 -2.38675828878 -2.76503782593 0.060157088485 -2.02383639727 0.740842263234 2
130 10788.3851869 -0.593860702426 -3.91765587182 3.06956301363 1.95978626211 -1.93579753618 0.394384983318 1.56505005389 -1.78002505237 2.76658066889 -1.87696229923 -2.9586716683 2.50967885743 -0.0987606617102 -0.182571220073 21
131 10868.0339572 -9.94831041952 -0.399867830512 -0.432385706054 2.04291364496 -2.32548374975 2.61339334601 -0.0551642431338 -1.67086400709 2.8775961336 -0.629108243292 -2.17904372127 0.151122001261 2.65967229176 -0.9465787692 7
132 10884.5446127 -5.8276377347 5.34299200902 6.81835267485 2.01985017701 -1.19686928764 -0.932983505554 -2.13724164267 3.00185911935 -0.412713068195 2.640044292 0.115341723773 2.49411916324 2.20567664255 -2.36460730519 14
133 10910.2471097 -7.9456338939 0.226613091961 2.79080809678 -0.181487779748 2.53220754839 3.13901268244 1.26519873164 -2.95767410469 -2.05646311746 1.13125559805 -2.83590786397 1.08882759434 -2.86733378553 1.0176685303 2
134 10954.2855668 -2.52096259579 5.51395015049 -0.279952354233 1.38212162149 -2.80809993252 -1.78955386225 -0.289492527813 -2.25700473409 -1.30333525873 1.08791774951 -2.92663729755 2.92589939768 2.09254878959 1.07418698613 15
135 11185.734338 -8.66266169596 4.28705210393 6.46646803568 2.18028299037 0.381104650366 0.737928420882 1.07366093953 2.43114868428 -1.52477497442 -0.271419602855 -0.795300698921 -0.662521502632 -2.33567103563 0.489427435123 17
136 11333.8900791 0.468420172433 5.72784851172 5.5437654518 -1.32716563202 0.160972296031 0.619996329044 1.17433449972 -1.86746965584 0.0772447778461 -2.40401986847 2.29160765637 -0.388079336748 2.44290872082 -2.22549848717 18
137 11391.8162722 -2.23097040899 -3.48003734074 -2.17181896081 -2.80217510641 0.398138659967 -0.57349067536 -0.212108971959 -2.41340625196 -1.45197080396 2.49172611508 -1.94554146733 2.64757114392 2.39880666218 -3.10616790255 24
138 11429.629951 0.591983412785 2.74615636472 6.29867149419 2.12302670546 -1.35690604517 -2.41079587154 -1.52888799771 2.47305075335 0.232415032779 -0.179763175425 -2.53834689237 -1.04635808621 -2.73141325208 1.26289318769 9
139 11498.2049743 0.561835659343 -2.35672451746 3.3105585644 0.636335745296 2.34317056367 -2.16723038191 1.93489424823 1.58621945634 -0.700979529491 -2.63800035111 2.05617198098 -2.36485699983 2.92935319041 0.216667166382 21
140 11507.412996 -8.08956202058 4.63471803327 -1.79852209126 0.285115548923 -2.53649904824 0.381492066293 -1.14310571033 0.131207540575 0.429511127696 -0.18619536274 1.88086520054 -0.937436756782 0.036206947521 -2.10566000673 16
141 11909.9830006 -0.043219245141 -2.37504082901 4.34792820462 -2.61677958329 0.779808843627 -0.926494350664 -2.93377951149 -0.717986011496 -1.45208818105 -0.00930777251032 -0.267680823687 1.74068757316 0.00159626765882 -1.15669880236 21
142 11954.774916 -7.85372404234 1.25375518577 0.0279648372723 -1.105593934 0.316760786993 1.88227767018 2.05972777429 -1.10279904898 1.03530550041 1.98329457061 0.143057252174 -2.58380727799 0.637748336092 -0.465580315716 7
143 12197.8638149 -7.81161640236 5.9935823462 7.04619879207 -2.16836597497 -1.90128825889 0.47966281679 2.50783029541 3.0266486624 1.09309917752 2.87603290989 0.637343484424 -0.310472262819 -1.46876755419 0.742075729206 17
144 12242.3252883 0.862918011327 5.65115092547 5.96398990232 2.31852225271 -1.46394653934 -1.59475889461 1.07470695173 -1.48467926855 0.00496451777369 -0.00150269793913 -0.0979935631804 -2.18588632473 -1.18430615711 2.92965489032 18
145 12281.507865 -6.73865744578 4.54152251356 -1.8328244445 0.402554927721 -0.834960859895 0.208155084505 1.78894253285 2.28735863472 -1.71605524902 2.94978130654 2.0487867329 -0.0729980041232 -1.32748604006 -2.04428326426 16
146 12531.2020927 -8.37358565875 4.55280346828 4.34866802662 -2.11162734099 -2.37136840427 -1.981426205 1.10321310696 1.98866702699 1.4625304445 0.988709352013 -1.08194454543 -1.68054437401 -0.56414531803 -2.14829207454 11
147 12545.5758237 -9.87459809376 5.24597379144 1.86685594617 -2.9764906348 2.50830426304 -0.898442433393 -0.405305471306 -3.05720278228 2.26365453746 -0.464209237839 0.928284703016 2.97663868082 -0.827091938566 1.65157975253 11
148 12604.1069394 -4.04667099457 4.68802500555 6.66462109616 2.54406934804 1.94526256953 -0.270645536144 2.63324982302 0.647844378693 2.88298572018 0.823291566163 -0.952047603455 -1.38842192663 -1.49390560428 -0.140935242315 14
149 12697.9857712 -5.85489290024 5.63732024633 8.32170038697 -1.93559050351 0.701646115571 2.2718080472 2.29933221448 -0.57804163371 1.28190461956 1.02109899244 2.02189984074 -2.90835582845 -2.09371848545 -0.839122354008 14
150 12904.8188675 -1.64330540299 4.21194743028 8.18483965767 3.08569700376 2.73274423404 1.02427770283 -0.553288345703 -0.245845956641 3.00178530642 0.39619663913 2.51967339331 3.02965226965 0.183397876192 -2.86087302441 18
