 2.93471925174 -1.24185811881 -1.47028143119 -0.984810243282 -1.13693389019 1.21722644298 -3.06101289866 -0.349671364864 1.26698233064 -2.97295822893 -0.623178109686 2.5255472666 -0.536830403883 2.59021563679

1 1253.08930339 -4.91568334156 -0.323414147491 4.40452897247 1.16571979377 1.39376456673 -2.23130060717 1.85606788466 2.33755402106 -0.627418864502 -0.82883487325 0.242079063021 2.93208572968 3.08162426363 2.50617288052 8
2 1756.79591467 -2.54639564095 2.49534899313 1.37557320572 0.81657492895 -2.65690827945 -2.54691992481 -1.35779616496 -1.31903993857 -0.847481380513 1.03503746055 -0.688135052489 1.42691941415 -0.881033959568 1.89672398735 1
3 2727.74980214 -0.40873545313 0.782080754041 -1.54883392372 0.487092323149 0.289075734862 2.14439395777 1.13852334092 -0.672209239434 2.61704941647 0.24893283567 2.41479381737 1.55781328065 -1.10252081445 -3.13383032541 6
4 2945.48929087 -3.41070680784 -1.06949750726 3.2344768801 0.939416536652 1.24771440938 -2.70147386568 0.418318508687 0.73311301677 0.0974735440747 -1.07429821956 2.71050250569 -0.88849854961 -1.82901377099 2.48467340276 19
5 2948.08648992 -6.38884431436 -0.531359609065 -0.755639500694 0.932738673713 0.481054854143 0.911404697554 2.23606369067 -1.61893551656 -2.23897348579 -2.91909943024 1.94181851307 -2.15175435379 1.01966476379 1.18976010108 7
6 3021.4154834 1.15812196816 -1.7447820828 -0.403977074887 -0.0923645752419 1.21894287948 -1.85881839008 -2.04555893034 2.60397824491 -1.25808709384 2.4823532075 -2.79625110949 0.671419104767 2.99400300936 -1.80260763512 24
7 3183.03442378 -2.11019821256 3.25924894005 3.7819347502 1.15353066412 3.04229818666 1.38825115986 -0.0655748234834 -2.62564440825 1.69722582285 -1.39492573912 0.420895312623 -1.75856978461 1.51405919581 1.10440411649 14
8 3509.1427519 -3.99162913944 1.8623660501 -0.721235101599 1.18103731692 -0.899385235901 0.933585421813 -2.68006251153 1.11912286009 2.44542070041 1.04879618062 -2.77812310703 -2.34958500961 -0.690531546063 -1.68078498732 4
9 3597.30762971 -5.63830085673 -3.02321345175 4.92255086133 -2.73511082152 -1.72728927375 -3.01273760065 -0.876180780321 2.59869467256 -1.0477493952 -1.98043344128 3.08591877679 2.50281923074 -2.94374422227 0.550100660058 26
10 3844.25728019 -5.7178489469 -1.62835068733 4.05051600058 0.771576754795 0.451187418333 -2.55664452952 -1.87697157008 -3.00849533418 2.79186382807 -1.79270151382 1.53225487706 -3.10790225863 2.28493141448 -1.43156291887 26
11 3852.05953656 -6.51548862507 -3.82607591526 6.2675726978 -0.946871365628 3.09095755905 -3.05754310737 2.95577074169 2.07085169002 1.17718938921 2.40386255929 -1.1866068557 -1.90294204363 1.05601103575 3.1201028241 26
12 4233.51398773 0.260143530253 -2.19157651375 -0.103719108851 -0.212894035814 1.33703990273 -1.88427635039 1.03130725743 -2.69830934641 0.0307766096875 2.20030643722 -2.85944608122 2.00432335748 -2.96918399315 -2.64199193716 21
13 4247.35411067 -5.36183004225 -3.24532617454 1.98254953298 -1.60338372331 -1.37369886062 0.175187796402 2.09865085913 2.83812611407 2.45847899527 -0.976968441806 -2.87738246495 1.0067507395 -0.874448393196 -2.07640818719 20
14 4548.13509766 -0.535288063524 1.70226852424 -0.281659412392 0.111981679997 -0.340037707348 1.41608195179 -1.33789096697 2.46294164314 0.938893955451 -2.32941340475 1.95495644557 0.170260752782 1.11283812909 1.92968300242 3
15 4813.63406675 -1.18021913191 3.1705953082 0.332675982665 -2.27532585471 2.32472928836 1.14434511623 1.44611115595 -2.4753042238 2.42558446879 0.423824529074 -1.78861522683 0.441832234745 3.05308055301 -1.95003781474 10
16 4942.94750926 2.13783409049 -1.31178103143 -0.306509473148 2.70875561961 -0.0610709217678 -2.54132376329 -0.786858137601 -1.99011847804 0.239934134821 0.00157148791407 0.525147232858 0.13203596593 -1.1944623206 2.63822156089 21
17 4944.01746219 -7.53146707501 -2.92576969305 4.59922552877 -1.41812155338 1.65760120027 1.32062741804 -0.481874229304 -1.26484139651 -0.655990113154 1.34061031212 0.956530262991 -2.47366176469 1.43428143306 -1.08510944357 26
18 4955.08850269 -4.95179180531 -3.62840176497 -3.14317858861 0.790467702213 0.190960928795 0.626374233018 2.54629571738 -2.05397944784 -0.0197384770035 -0.217782658385 -2.28334607915 0.912365051448 -1.56940638637 2.03092120094 25
19 5094.7404377 0.0379301414421 -2.39923871733 3.10282474354 -2.07287022826 2.03045491671 -1.22712556985 1.2463036902 -1.71924256381 2.59212256677 -1.11919200873 1.70508055276 0.515457095278 2.94307399158 2.32892185378 21
20 5191.28976374 1.90307624796 5.88708999452 -2.720785376 -3.04140199388 -1.82006667737 2.6450058174 1.13669099894 0.497898697623 -0.311019156703 1.94812489964 2.7829978505 0.292783328965 2.06187884904 -1.65184853835 15
21 5324.16727989 2.08114744665 5.93031893684 -1.10983182066 0.797679827618 3.0567250712 0.217567897196 1.78147841156 1.60484954671 2.55581366719 0.427470107117 1.7009036667 -1.2264187149 2.30531877055 2.27501326407 15
22 5374.02400591 -3.76367047352 -0.0488899113846 0.0296135586662 1.86384582345 2.16930179791 -2.78535768162 2.80576004104 0.00766065033759 -0.12295890507 0.0911538448492 -1.21206638814 0.467834506447 2.57078840047 -0.529464398129 1
23 5484.66975351 -4.13323816245 -1.35466490089 4.28924331314 0.442281542897 0.00267912895188 1.50860818 0.653992963493 -1.06539205041 0.937161262883 2.51886801562 -0.386432458527 -1.39678223663 -2.77067644397 -0.809548764815 23
24 5490.49489738 -0.879942946275 1.49782982354 5.1217133159 -1.58502955468 0.0970883759073 1.88777632575 2.32874341248 3.11636538198 -1.5149488478 0.508831927494 -2.75487023903 -0.560434264741 -1.40087987544 2.47397815075 9
25 5506.40521159 2.53461717059 6.31871879631 -3.98126307224 -2.45223125259 3.09968799551 -0.414615846242 -0.142978097548 -0.305542181077 -1.19455634595 2.80492295605 -0.244213283249 -2.652372617 2.43902440646 -1.2550927295 15
26 5597.38587236 -0.673079105464 -1.18602651565 1.50317579068 2.09016479673 2.35827395417 1.53287908837 1.26635227091 1.96218524077 -2.63924962715 -1.50427407196 -0.43616386333 -1.11608482853 0.477260766295 -2.54730563392 21
27 5678.94901745 -1.7059149305 0.183499222743 -3.01321828593 0.00668925512888 -0.696883106459 3.00670249216 -2.74143277092 2.54251865342 -3.04958244012 1.69420491039 -1.8000163258 -1.91046018588 -0.53678423666 2.72388865523 4
28 5707.32191915 -3.48029278806 1.5210815046 -0.812657989169 -1.53152842832 2.53363907008 0.741534287782 0.118103576005 -0.900126859088 -1.09297523501 1.08018698518 -0.726935825156 -3.02914606229 -0.624799618178 3.06331980875 4
29 5731.00536131 -2.93630795655 -3.70387062218 3.44681525031 2.89299919962 -2.36631980978 0.998462659853 2.85060888591 -2.91626342975 -1.88086744588 -3.02098005569 -2.62550371371 2.84633984703 0.432887492164 -2.17989226085 23
30 5737.20972077 -6.33671484651 -0.402950055751 0.309282589368 0.559345132888 2.07888195074 -1.73190622689 -2.78812481283 1.14428175351 1.04216263937 -0.685348780522 0.561686919502 2.7053679377 -2.34933104413 2.49442609256 2
31 5825.03824859 -4.2061644523 -4.12712068053 2.05874522831 -1.63086383266 2.4292450056 0.0624888964347 -0.0336590519136 0.0684123130949 0.597738126457 -2.26734471541 -2.93484852138 0.336859039409 0.234503624812 0.124257106814 19
32 5828.8606308 -7.67918321469 -0.534723241344 0.639761853198 0.165158449457 1.65790954664 -0.527140959105 0.784949510401 -1.90521453014 -2.63010059322 3.04624611845 -1.82988583215 1.8866117653 -1.22024027126 1.11583565165 2
33 5838.62819771 1.46563523748 -0.0842212854761 -0.859739556262 -1.85092493585 1.32420398885 0.278784016773 2.51381245184 1.51606089957 3.08157309869 1.12690631373 1.04189186992 -2.81007178598 0.224140850351 -2.35675154205 6
34 5915.00416518 0.825052450063 -3.72280533531 0.422043867716 2.29822517753 0.91788651956 -2.52334962532 -1.6798119532 1.75668891218 -0.506046653807 2.39717621113 1.20923458494 -2.42136989179 -2.24408857309 -1.57299032934 21
35 5948.13462742 2.22268237618 -4.19141311603 -3.65999396022 2.53794140418 2.29505675714 -2.10777661007 1.08848627927 -1.80785753792 1.12917439425 2.78398962281 -2.11002115256 1.29242862672 -0.655885319995 1.06889492302 24
36 5977.20391603 -6.91771653103 -2.82333352598 -0.790017063232 1.09421445095 -2.96726259891 -2.25753334186 1.25254222663 2.14087595521 -0.312160660368 -3.07255045146 -0.570287266614 0.22842698295 1.06291582564 2.98866507135 25
37 6172.26965748 -8.39121265053 -0.531459745469 3.36766263594 1.09386187384 -1.71247610718 -1.4012395084 -1.2757781681 -0.943805632379 -1.25715333397 -1.57654268784 2.98821847408 2.07885307027 -2.98782839478 1.14007770747 8
38 6250.9607301 -4.57450543237 -2.49944632234 -3.68116346363 0.193952936166 -1.74070541491 -1.15971567154 0.431570015815 -1.89640531831 -1.40440336967 -0.078676544108 2.777858902 -2.58927650621 1.98668006381 1.01283961666 22
39 6288.09756408 -1.00763003311 -2.76360262197 -0.531871895693 2.18393095129 -2.19009175768 3.07111860945 -0.676878544736 -0.626180452009 -0.248174017782 -1.41546461853 1.79224209451 -0.11256304304 -1.43333570819 -1.18850918208 24
40 6293.12750207 -4.16308676503 -3.6360872467 6.2603908961 2.49245426229 -3.02908718814 -0.000280111356883 0.040866829876 1.56903043486 -1.47834994009 -1.93611491897 1.31538434648 0.398674197131 3.08636591565 1.07263091966 23
41 6328.2875667 -3.86049013067 3.15377078673 2.82139063502 1.44298519171 1.48950988362 -0.340241452535 -0.349173934786 0.567559342595 2.1457438285 -1.84652882105 -0.360754527951 -2.01612382894 0.435252276456 2.4551001418 10
42 6422.63053036 1.47353103558 2.61697153622 -0.131181119552 -2.05816276347 2.30036881619 0.129109127107 -0.953708105936 2.09513879215 0.247689468509 3.02076851157 -2.47142801247 0.682797949541 1.19376077432 -0.862083722467 3
43 6483.06280542 -3.65151707306 -3.79211305674 -3.09839666938 2.64209035399 3.07434966879 -1.91333666206 0.566990283833 -1.98704762356 -1.49105466325 1.49774293653 -2.14514116848 -2.62952853987 -1.51502107669 -1.08720107147 22
44 6547.56890639 -6.24293531588 -2.41275351954 0.807738101591 -0.255478775434 1.48942163901 1.58577817589 2.68756486354 -1.57350058659 0.38858425887 -1.13558053237 -0.482353229493 1.77321569238 -3.11310723474 2.12625287274 20
45 6608.92192374 2.11666786379 4.1459788665 0.98436665069 -2.49644441898 2.20952266955 1.72459915346 -2.73727158233 -2.21158602263 0.912427186907 -1.42115947324 0.742876088203 -0.558361781957 2.29836778385 0.19970351934 12
46 6609.60188956 -3.55743988054 0.321847159992 0.320076633723 0.0953846376926 -0.852661395194 2.32122422494 1.99492572102 -1.79808982047 0.993022354255 2.73633123946 1.02525726477 -0.634056943606 -1.01275495209 -0.127214837697 1
47 6664.73400921 -7.66191231929 -1.18136268851 -1.34688439971 -1.12063017706 -2.01917087686 -1.680560428 -1.8102501597 -0.371480494709 -1.82760296007 -2.21955093668 1.36145195377 0.979217232319 -1.51752875384 -2.50608498651 25
48 6884.06132438 -2.53177816626 1.81225742013 -1.07946960738 -0.487029353054 -0.460784993113 -2.05472159156 -1.73291665991 -1.10109619629 -0.917158443312 -3.13192017685 2.79431035002 -0.0722588899594 -1.0422079242 1.09661196611 4
49 6917.70569826 -1.24177782633 -2.66428840077 4.687192947 -2.73873105802 -2.37227990895 1.25034821424 -0.887098359286 -1.99467028486 0.333416659822 0.713863805977 -0.236358908435 -0.279094914253 0.735217090391 1.15827560042 23
50 7037.45552923 -7.44536015882 -3.58100293049 2.48654436401 -1.82677244164 -0.0144997710097 -1.84873099469 -2.79489305675 -1.25293237367 1.64931627228 1.45893563946 0.586680955746 -2.85185087124 1.58070345793 -2.2357099086 20
51 7048.96293041 -4.18706698462 -2.28658364741 -3.32813880759 -1.74887342103 -3.07442347774 1.32437999102 0.516189042871 -2.39664421609 3.14038872426 0.240402304637 2.65342842853 2.88216855043 -2.28780724431 0.960404868204 22
52 7086.99621362 -1.62563298115 -1.86843757864 0.32837534811 2.6810817275 -1.77165218605 -1.11763349501 -2.30316026513 0.391707102553 -0.434424911932 0.926455129003 2.75926847216 0.0726291575495 0.130208409949 1.81294496471 19
53 7298.52551696 -4.08814945341 5.19342634707 -3.86669663735 1.21500353763 1.49948188609 1.0698704624 3.11841327219 2.01435828781 -1.1629777815 -2.6813091897 -2.42911283262 0.0452309922747 0.695058447641 -1.96758222465 13
54 7407.95124793 -5.90972174004 2.08880257939 3.89364156128 -2.65593914947 -2.60217447386 1.37285895822 -1.92248320769 0.556991965231 -3.07631241415 1.30259931466 0.0108788998658 -0.105863045782 -1.98303434151 -1.22548427805 8
55 7468.35329522 0.762721690821 4.05350649608 -0.703093970828 -0.122882801909 1.73279311557 -0.205134504387 1.56443267288 0.667024472158 -0.0190204218647 2.21233286792 2.30241648201 -0.179113661937 1.29917270222 1.95666513341 15
56 7468.85076711 -1.43015392762 5.26182634354 -0.0181076683632 0.447027778915 -0.399328664061 -1.57158827116 0.650089518701 -1.31520459916 -1.14678298612 0.287482594296 2.31556354842 -2.50311619814 2.44096017765 2.61094440901 10
57 7518.314013 -4.3098331995 5.57452731211 6.07878900496 -2.82032480844 2.99335886855 -3.09209569461 2.35391777423 -1.47416836107 -0.375983215257 -0.390903762387 -0.999885538779 -1.13546588213 -2.54746179334 -1.8979252344 14
58 7524.07899199 -0.153282402106 4.99213550229 0.495801719762 -3.10225846952 -0.0338142872188 1.29879906717 -1.19688920238 2.18294775013 1.20464155828 0.99355098229 1.07923193331 -1.93036417324 -0.560542148196 1.21876940906 12
59 7527.89657084 -2.19710574346 1.247215788 1.68532175122 1.91477581858 -0.0724491274718 -1.54829859507 -0.746971540712 2.47491168171 0.934021989973 -0.830011272948 0.693750334413 -3.01663989988 -0.653190310057 2.23865813789 1
60 7539.4339313 -4.64684425332 2.89730871603 1.04980821121 -2.9632892986 0.123719386061 -2.07979905944 1.63582748152 -1.11550441245 -2.42655603413 -2.2840711104 -2.78631238692 -1.73825743209 2.12185553526 -2.68826260318 1
61 7587.79373861 -5.1222376187 3.1831688386 2.64542030285 2.93813662154 -2.1511373149 2.79313105259 2.89441868618 -2.44618401694 1.41002014017 1.21081215637 -0.516816958839 0.536164463116 -0.161731432666 0.0236827533704 11
62 7590.51025534 -7.52168382459 0.470830314175 6.70465397549 -2.32303215428 2.71850304032 2.10068464502 -2.32488004467 -2.91903272162 1.63266818169 2.88871457889 -1.90328723998 -0.0612182434639 2.90859950347 1.44226523498 8
63 7626.51978178 -0.825332932378 -3.39016733992 6.59614927524 0.798372283079 0.315034399449 -2.62533376525 0.130397629306 -0.560297888794 2.03726381377 -2.18576288572 -2.48063923475 -1.67085602664 0.464592060896 1.40136188613 27
64 7656.47141354 -1.49132287504 4.50258886367 -3.72979217048 2.06287953399 -1.24762446831 -1.53373413099 2.00447956749 0.323747495341 2.12069223549 2.07241960088 -0.557142344776 -0.664396784867 1.5900636493 -1.95554065179 13
65 7709.96153192 -5.79353675485 3.66927213205 2.57930573021 2.94658008394 1.64665618578 -2.13017644247 -1.73946763982 -2.17663030254 -1.72072167097 0.354179920351 -1.14852450622 0.312429394886 -0.115631621754 -2.73157912226 11
66 7742.64539294 -7.49952524405 -3.51312050704 -0.553387157061 2.27248536617 -1.51582659073 -2.71844743925 2.98138683974 -0.183188013081 -1.39617489526 -0.0961485131835 -2.92456215599 -1.95966940304 -2.85747669314 -2.2755450175 25
67 7752.75202768 -5.26881562562 3.05326947809 2.41596686904 0.895793848296 -2.47806153525 2.99567121776 -3.06655358681 -0.744224748075 -1.68457094179 0.504414051069 -2.61901941366 -1.89672148234 2.03569623166 1.05006382183 2
68 7788.60814747 -3.42817807632 2.29514134413 0.34760190544 1.5645000618 -0.296054782083 0.386923867536 0.152117940801 1.65912891932 -2.08184242939 -1.12994942175 -0.560457735651 0.869886353366 -2.70349695047 -0.1824371263 1
69 7789.74640978 -0.288073003612 1.43254983825 2.78308589607 -3.10220778535 -1.08051350557 1.21701310833 1.24114598343 -0.827922316497 -1.98492473041 2.15051518798 -2.77663614595 0.917696374151 1.92732111741 2.96785078754 3
70 7857.84294527 -4.69265809024 0.936211350345 6.02384915291 -1.87918039266 3.06982598506 0.322503446318 2.77611179087 -2.74981766118 2.64917164735 0.66552033539 1.86489207381 -1.40911091596 1.35888141035 -2.52303503394 5
71 7904.78505289 -1.2558796647 1.48078543748 5.02411949201 -1.83792562495 2.78668755824 -2.09800868098 -2.81744614274 -2.12347025083 -0.0819618218438 -0.0204671545063 2.95833800588 -2.05528282204 -2.54178836124 1.77859762639 5
72 7995.90379584 -0.508142137634 1.37262853126 -2.50038276251 -1.30502304508 1.43174462933 -1.20555480186 -1.32063385236 1.60688255691 2.43212406477 1.78548044541 -2.84144318247 -1.25230791966 1.58986743358 -2.4224912537 6
73 7997.95530948 -0.59335816622 -0.34186457974 5.57042114649 0.483897041403 1.46027202349 -1.78379697132 2.13693766402 -1.73181845417 1.15902537338 -0.578947726011 -0.689838869292 2.68211488063 0.595522213927 0.182726893387 9
74 8014.4395216 0.931454158004 -0.326754955723 3.85657944982 2.00053185579 1.47603430491 2.39624375293 -0.908810796513 1.23538102508 -2.35632816995 -0.22296409918 2.46948761925 2.92171597904 -3.13596960628 -2.67317389089 9
75 8027.114327 -6.22683141895 5.39657076474 0.104643240335 2.88861857997 1.01005695046 -0.371501137904 -1.82612793643 -0.332438716655 2.16571018408 -0.152265599199 1.38078304209 -1.94604463652 -0.00637148674303 0.457328722021 11
76 8208.59046493 1.62596616011 -3.65764886246 -2.59015406587 0.291326792723 -0.275705967823 1.66627779142 2.3066721448 -0.0211683679257 2.22184790076 -0.627064744439 -2.29677682948 2.23993601119 -0.79154628789 -0.320478354609 24
77 8243.5490679 -0.0316035914145 5.47083550021 -0.560228154151 2.4509201174 1.47536586689 -2.25086489393 -1.74252787636 -2.39958667604 2.86889241679 -2.98572426123 -1.11588762124 1.61376041665 1.60232806409 -1.50851373082 15
78 8263.44317344 -3.4905884078 0.794482972663 4.40220641111 -0.702789615691 -2.65283598328 1.83001528693 -1.90276704746 -1.16931327004 0.43494077276 -1.48658199233 0.120090532163 -1.70239994914 1.79478655156 0.546163723717 5
79 8268.96596868 1.23090001359 -2.50855248894 3.45860491698 -2.07293351791 1.60936696423 -0.614000985144 -0.70235742374 1.97699507426 0.237899265474 2.43222109035 -2.41482148845 -1.22818518037 3.09979217792 -1.67162838047 27
80 8356.86797832 -2.71801040502 2.68284985954 3.62549659423 -1.20986903942 2.12217791852 0.44860181422 -1.08720003234 0.133051133557 1.70040238268 1.1251027698 1.6175454995 -0.729846084002 1.65047980702 2.84159427457 5
81 8371.04201075 -7.49510299992 -3.05697825291 -0.36146289969 2.74650443617 0.561870340041 -0.85890899214 -2.58009772316 -0.269156797584 -1.35623472241 -1.89168902196 1.99652624333 0.522635059384 1.71258291087 1.38137350345 20
82 8394.09694365 -5.95549795567 -3.29995714137 1.16684399237 -2.72032801161 2.2652393401 2.10088504698 -2.64801795422 -2.48655078493 2.17189878845 -1.80956342584 2.8235510602 -0.626844518713 -0.324500559471 -2.47599088107 20
83 8507.20522322 -7.15045580775 2.46787646035 0.761221570146 -0.574837461494 1.23193652017 -1.36478923086 0.923039844115 -3.12462084823 2.81493426123 -1.35229691117 -0.888060770325 -1.9805059236 -1.16026445901 -1.94070614378 2
84 8534.12191744 1.38880000761 -1.93400790097 6.32508067482 -0.846383633624 2.88675985566 1.69715794158 -0.0484139463847 -1.43276228753 -3.06956349581 -1.70778153728 -2.60824236022 3.00496249512 -2.26137401468 -1.38550744449 27
85 8549.09578359 -7.97961145159 -0.627892889952 6.90540902465 -0.435971287006 0.15697423377 -1.25670694982 -0.759732055664 -1.0309191502 1.35667088473 -1.82838071684 0.425764373155 -1.24429883264 0.868255460362 2.80879553448 26
86 8552.92441639 -5.37862241292 5.62104192347 -2.7713210434 2.52066568535 -1.16376318544 0.851895550173 -1.63119320959 -1.00938189742 3.06364725209 3.02612628653 -0.832077476573 2.26704496246 -1.57277267711 -3.1016519992 16
87 8564.02033467 -6.09600750626 -0.40539525458 -0.397280571634 -0.90647388185 1.2156543203 1.74275956303 -1.90490360726 -1.43804474573 -1.43755589659 -1.12951203956 -0.691661392223 0.994276829575 -1.33975782484 -0.194766602533 7
88 8610.90620527 -3.15129656104 0.989090953359 6.22096308218 -1.13814744197 -2.23526659551 1.3157819554 -2.33500055455 -1.17684054169 2.63886928019 1.73579480061 0.264232158245 -0.10460987724 2.65808357063 1.48887544082 5
89 8707.05017189 -0.377652115759 -0.177607377225 -2.62820871533 -2.95152294094 -1.4176232523 -2.09490664315 -1.19244714919 0.41489913686 2.8404225282 -0.417735716063 2.54110696298 2.11047964106 1.9338504343 1.27696950166 6
90 8738.09668463 -0.698200932886 0.233350617537 -3.54620572846 2.6375533358 -0.817442333292 2.5034201157 2.5159955235 0.970847590872 -1.69584069365 -2.15135581313 0.456141438358 -2.62564707091 -0.675770897667 2.62759452046 6
91 8740.83381679 -5.25995960541 1.33282754032 3.53784474715 -1.88126266735 -1.93934962421 0.813571380364 1.31295706301 1.82480278485 1.19237875742 -1.67236120414 0.196026347886 -0.314513794325 -1.20006929812 2.41970242898 8
92 8765.79233223 1.08137453281 0.11366451253 -2.89322023061 2.56867595924 1.68804876997 2.15980962545 -0.134764300539 1.57825847725 -1.08010859718 -2.52094518042 -0.0656957525482 0.0226290633914 1.25474188232 -0.0752447213465 6
93 8811.13323899 -7.28574557798 2.88187833799 1.5181344553 -0.648184746881 -0.817322676176 2.22995269241 0.431676660276 -1.27911909989 2.07265362685 -1.61601674938 -1.4248500432 2.69117675867 -2.77446629937 -0.561012181842 2
94 8815.95877206 -4.27835444724 2.90228600026 -2.90943926818 -3.10697840475 2.70816618079 2.98776239517 1.05237689532 1.07908563496 -0.233168117795 -0.602115729959 1.42294798454 -1.93028822776 0.916815138371 0.341662852641 4
95 8870.7290025 1.57339248162 1.75365293116 5.54638531164 -2.36781532395 1.70413406899 -1.92589557725 2.05746692002 3.02376314373 3.11821928129 2.9180669984 -1.21630569992 -2.3880189344 -1.1583644431 -1.13354867092 9
96 8876.49889649 -2.79230470466 1.83664899052 -1.35487204922 2.20288578331 2.63031726738 -0.13914165598 -1.32840582127 2.69337150765 1.62865545225 1.83037655256 3.1371726747 2.1292421125 1.55615934883 0.0161597584578 4
97 8920.09148916 -3.43129207734 3.39273497033 6.77858801356 -2.63448102873 0.234865049912 0.866988681266 1.06412301281 1.515222204 -0.893204733616 0.386879825958 1.91401998078 0.610160325695 -0.363232472334 2.59943246124 14
98 8956.02336151 -0.917786032563 2.28551471643 3.15231196181 -0.709885525908 1.73491888009 -1.59179488316 1.20133932915 -2.63661383755 -2.90329273947 0.0191901013268 -0.961486623248 1.00923250901 -2.60533014674 -1.03290281195 3
99 9004.99865541 -4.45365589531 -1.3492635873 4.71049223024 -2.40007546331 0.769277362962 -0.951648147465 2.32224049439 1.57587166457 0.284122073434 2.75346417629 2.8090067736 2.39897541286 1.03248849741 1.23303610404 23
100 9089.58757405 -7.58390164798 4.18064603064 0.67835412706 0.0942924820878 -1.64764159356 0.373607917157 -1.69464256126 -2.6275309807 1.31382990376 -1.36804191683 -1.68858319082 1.01077548805 1.57536716667 1.3264569291 11
101 9113.51109205 -5.99720207993 -3.04827608274 -1.99115974671 -0.68260374282 -0.23767294076 -1.16060261358 -1.54697198758 -1.59219248595 0.309225247352 -1.03203613902 -2.80784985606 -2.63797391458 -0.594769325642 -2.19851572368 25
102 9218.32376713 0.627903888696 -2.87968764842 4.94967542792 -1.35113458582 0.854004371565 -0.748657173676 -2.27343185994 1.86337087692 0.607736016605 -0.7116669271 2.82622605542 1.20870421344 0.190738005006 1.87159546964 27
103 9271.38592505 -4.09995808346 6.71625885605 -0.854873533558 0.299442954864 -1.72594119916 -1.86397010602 -0.34563570397 2.6590947406 1.18562935162 -2.48528497096 2.86551209352 -0.343000201899 1.63938207402 1.35283521182 13
104 9311.99946242 0.99821569605 1.51205853244 2.80864763436 -2.87867136255 -0.0973372113802 1.47964130824 0.158077487005 -2.7015025652 2.5441828162 -1.76395397593 3.06097976037 -1.10334289424 1.38115063137 -0.700795003082 3
105 9411.52999746 -2.98464366707 -1.3784190402 0.720700976297 -1.06554221078 1.38022791917 0.317369558532 3.08800187983 2.94933795626 -2.16078149219 -0.342626830992 2.77275104566 -1.58622906833 0.20886793922 0.269732290924 19
106 9477.67337052 -4.13961221429 4.42156386412 2.06950001375 -2.90750746101 -1.42321289773 1.69739510935 1.17203913943 2.61509674576 2.11588828885 1.7295644623 -1.3374337863 0.98578348652 1.29173776511 0.0217417791283 10
107 9491.70211077 -1.97360650826 5.93898328184 3.08197119043 0.53466443824 0.584711117315 -0.866812545244 1.27113372194 1.88934218844 1.4570370128 1.79926398286 0.298419624892 2.09901874766 -0.802097512738 -0.53080047735 10
108 9497.70147735 -4.1056736241 -3.2338704089 -2.05757110802 -0.322644652361 -1.83808796739 -0.236753191336 1.93309458354 2.80184067001 1.27840618749 -1.85267482843 0.414047677273 3.09542043929 -1.59187828674 -2.84381720727 22
109 9504.76255417 -5.81167309102 6.05466764539 4.00743424912 1.88878800831 1.22106937058 1.04331220012 -1.43992935586 3.13919428184 2.00254035 -1.63391883425 -0.301930482238 0.611839618952 -0.207810803012 2.83649341027 17
110 9520.88447172 -8.36077455061 2.55158173133 3.94952797211 2.86341820239 -0.244854038356 3.08985130617 0.830178910662 -0.502600698078 -0.924357590864 -2.15572934645 2.7207665073 -0.134557783561 -0.49566338754 -0.331060209614 8
111 9661.42447808 -4.15685379511 1.81710783088 5.01997147909 -2.77724800855 -1.80025400172 2.2087271738 -2.59811191987 -2.35649328534 1.13999546559 0.552938913421 -0.168918092144 1.28313347256 1.27370019579 -2.186780297 5
112 9694.3410312 -3.77574446717 -2.11035024139 -2.58976552672 2.29130430321 -1.03342479586 -2.67370004174 -2.34783538808 -2.33083209489 -0.215714451918 1.801279674 -1.38571568845 -1.00078191089 -0.770218201976 -1.11004920779 22
113 9729.23365929 0.0752143468171 3.80071780181 4.82993372849 2.14138219962 -1.69552788533 0.499309034538 -2.34317154104 -0.715917418514 1.75150781282 1.78718452047 1.44674651905 0.575240239769 -1.05390628591 1.60570084297 18
114 9732.16203835 0.890818052846 2.58443968408 2.80040346131 -1.57514662045 0.394952727804 1.43126431535 1.77206838716 0.476307207592 -0.597233407132 1.19406485432 1.89845841493 -0.88156771133 1.17589437602 0.901720379577 3
115 9752.82220759 -0.48684407881 4.98008628255 0.897200577047 -2.04658687376 0.422271540687 0.183965739082 -2.03564064667 -1.55873691678 -2.10315013337 0.685940937992 1.91166408518 -0.238293002312 -0.782384800225 -0.0717688195438 12
116 9782.29625754 -8.31534251524 -0.371260510741 -3.41591131557 -1.92833744009 -0.448754563873 2.27338723348 -0.261089330606 3.10744346932 1.36296987802 2.26674610135 1.64715495988 -1.85700220242 -2.9682552703 0.942684921569 7
117 9830.52630299 -1.21036677251 5.23158647967 -1.92682398185 3.12499064849 -0.90199272698 1.12456444518 2.51422895433 0.434415707678 -0.947378151653 -3.02982568974 1.4285003337 1.20434337387 -1.26958097239 1.54197368524 13
118 9835.10419358 -6.94280434519 3.05411078409 -3.62507155873 1.0678432807 0.582350778729 3.11604745511 -2.34357501495 2.23353819619 2.07757349001 -2.76110748429 -0.708573158788 0.172287190679 1.12600718707 0.60599180173 7
119 9849.28672428 -5.63811023633 4.3329016823 -3.60222164378 0.289197190458 -1.71614502003 0.259420825001 -2.65083995853 -2.59745882321 2.41055310466 -2.51803114596 0.433001848473 0.876811556968 -0.970109959133 -1.68331071342 16
120 9856.23697275 -6.33342118544 0.475924725698 -1.0479798815 -2.3902756306 0.169502753356 2.6709895187 -2.41481006385 0.240924139072 1.60646326138 -2.55896437536 -1.96427983286 -0.768308079994 -1.25840890165 -0.744735932824 7
121 9968.84344497 1.78051692304 2.32856793519 3.60374697755 -0.560584637218 3.04547928628 0.0319103004881 -0.278893397235 0.107009681157 3.06365861062 -2.19497265284 0.806702520914 -3.08961493337 -2.06414853043 -2.05242850805 9
122 10037.7677734 -0.905428183824 2.03648113144 6.23401134689 -0.471731421371 -0.958719365624 -2.21186818747 -1.73948781942 0.550020709613 1.61148595863 -1.40590528542 -1.42247758178 1.55462814313 0.687854891031 -0.50678710289 9
123 10297.4213562 0.901447330007 -4.01359047507 -3.08317622333 1.51289205994 0.745669151121 1.9172940856 -0.0393541308022 -1.34691778329 1.43513814559 -2.57073920834 1.9550766497 -1.39301148731 -3.05576585605 1.72328439423 24
124 10328.8668655 1.83054092501 6.56862065228 3.15001653066 2.97697911721 -2.88709042142 3.01251295903 2.6864428202 1.68389678372 -1.92003317439 -1.80611677717 -0.720909321418 -2.93146640397 -0.218605324655 -1.98664665342 12
125 10565.3454202 -6.14261727319 5.12722542477 3.4454262055 1.52210189629 0.834910209633 0.358060036368 -3.00092506847 -1.44423477236 0.863817044661 -2.2442353924 2.13346522991 -1.39832105029 1.28550277527 1.4555136287 17
126 10574.5349156 -3.14449030402 5.08235185074 -1.35101844559 -0.491986830035 0.873135880981 -2.84659709554 2.77502210525 -1.45192830464 -0.26125671295 2.1383862857 -0.213031188923 2.64580699995 -1.86133943945 -1.90867756989 13
127 10768.2218539 2.25920360538 6.13422754251 5.26941185031 -1.24816646723 1.81995030748 0.859731558895 -1.74937145615 -1.58842428887 -0.85404406008 2.87409999263 -0.20016071382 -2.79292133365 2.56302543023 -1.33616677437 18
128 10771.5922617 1.54676712186 4.36545036543 5.92294690538 2.08709284777 2.02422484511 -1.06167877411 -3.07133843974 3.08227246634 1.85377517232 0.330588415115 -1.0570613615 2.34614584287 1.69808890741 -0.144145112631 18
129 10795.120263 1.31541178671 5.495305682 -0.0596214746976 -0.921324335079 -1.74121416647 -0.89690446408 0.283148881335 2.14730590927 -2.70704099983 2.91320830366 -2.7753488702 -1.73573871543 2.75323708463 -0.279708301402 12
130 10795.990737 -0.237796325561 4.79274915425 -2.89182307261 -1.08618141015 1.56615719501 1.92020464999 -0.685298056004 1.6330815972 -0.593822005038 3.11905045148 2.74975711686 -1.57987017209 1.02480759229 -2.39040929917 15
131 10891.3694989 -2.79967482976 5.77306771327 5.35427880173 1.75084866051 0.944713139905 2.47229181647 2.26586779082 -2.23170592208 2.37527835033 -0.804755850297 0.483941257455 -2.95666202075 2.47700853347 -3.0931515001 14
132 11029.1518894 -8.27349279196 3.64595033029 -0.788532152209 -0.972896202478 1.3350937203 -3.09748530314 -3.13615776042 1.91725572801 1.80567375991 0.76877500363 -1.62301657599 1.02790357377 -2.47619454509 -2.43111817546 16
133 11085.6972847 0.825369569202 5.11315137704 0.903704751701 -0.932466967395 -2.08355756688 -1.07635954621 2.78473194231 0.226233547019 -2.45361910474 1.96506237869 -2.61450065599 -0.292344767018 0.253325359793 2.2854576848 12
134 11313.0404331 -6.52427171984 5.33147399884 5.09866236154 -2.58108895139 2.15420971288 0.0180069248111 -2.04699157541 2.98299852089 0.235167335971 1.89447448915 1.6573277331 -1.11644269473 -0.87036157402 2.12868441591 17
135 11318.1769999 1.99836931671 4.53231318227 5.49719582528 0.877294706051 -1.3090435225 -1.33856732807 1.90112480618 -0.0801237435193 -2.25626734786 1.31672169118 1.07006016637 -1.47036434761 -2.22419959132 -2.45846810564 18
136 11333.992367 -5.52655413648 5.64865700072 3.67977151235 -2.21255163314 2.87465003774 0.0808586638258 -2.92057460728 0.448615032281 2.03683329624 -0.97837981355 0.623460917396 -2.06249035343 0.87811305957 2.49984519148 17
137 11608.8212486 -1.37558058917 -3.80189681442 0.486468081493 -0.632636742098 0.989683346265 -1.95605515299 0.414993440912 -2.95209775387 3.0081537771 -0.664859605468 -2.15740065489 -0.443075300429 0.889436611739 2.21595524323 19
138 11638.7651986 -3.91393817981 6.15785222982 -1.73748131928 0.5675633481 2.61710122491 -1.01260420577 -0.76370483307 -2.71111199764 -2.29285869328 3.04261073631 -1.60207434898 -1.81627855623 1.60870412145 0.299885306955 13
139 11639.0929885 -7.43790180044 0.0509469729417 -3.31614080904 -3.13826398771 0.460726319493 0.0683600583136 -0.376952382925 -2.24006680896 1.45271161599 2.62922156151 -2.17111689491 2.27914607649 -2.44635958082 -2.03276725103 7
140 11960.4860424 -1.85697203198 5.20611115686 5.058961179 -0.218150510822 -1.42032502839 2.84968987447 1.02576164656 2.07115483667 -0.552805023149 0.520603564988 -2.66686375001 -1.84036075335 1.63170123849 3.11025112142 14
141 12022.0008947 -7.29292231339 6.67702970676 3.40626024329 -2.32847813568 -2.39554379467 2.37112823265 -1.16889160745 -1.47713937347 -0.840042213417 0.735477189182 0.581077912741 -1.5170400528 2.34954364437 1.30391288941 17
142 12171.5028663 -5.86442484732 1.8450064554 0.292261806863 2.60630757669 -0.241586562426 1.39076768449 0.769917380316 -1.96738291758 2.42609219091 3.12743013142 -1.0342625406 0.802634329727 1.57792428224 2.69808710585 2
143 12297.4309647 -5.50600063899 6.54428269818 0.926176888102 -2.40748764153 -2.46044528603 -1.94363911051 2.55986377116 -0.821516665712 -1.79303877961 0.485665023837 -1.88193407396 -1.28032326565 1.31182370086 1.5134146697 11
144 12415.3070159 1.49861395408 -0.700307505808 5.23608601858 1.10071861394 1.89509179453 1.24175140751 1.56264026464 -1.05276702883 1.32519510606 -2.47880915699 -1.82150663497 -2.45157644464 0.262087258658 -1.55061062405 27
145 12960.412636 -1.98366352116 6.40663121407 -0.261484618361 -1.77666814799 -2.83160037785 0.626168853948 -3.02112788046 2.72453749383 0.852340458324 2.83687062596 0.240173996319 -0.499070506214 -1.57088082648 1.3150736985 10
146 13139.4855182 -3.17544871587 6.05378071417 4.27482081032 -1.40747661244 -2.58613599297 2.9123910431 1.49197303365 0.278467084922 2.46650943776 -0.262173417654 -1.18530704512 1.51317607349 -0.123242201857 -0.0824828244313 14
147 13524.0137202 -6.09584785585 5.37483972574 1.39667559011 -1.19557393435 -1.38652199515 -2.0662625589 1.86964309216 -0.554133104897 -1.11030254597 -0.176081050292 -0.85934453054 -1.41649176457 1.26529840062 2.32789940342 11
148 13675.9325692 -7.69539284079 6.61090019144 -2.43466904275 0.745018394414 0.760881483503 2.76094810934 1.3370250033 2.22784153679 -2.78636292341 0.729083502233 2.90751848386 0.0042393239017 2.12233165114 0.0971159564547 16
149 14035.8488773 -6.21826030104 6.31868378499 -3.35493826046 -1.96831999802 -0.966906595317 -2.73701782894 -1.14113747318 -1.9991885757 1.30430245226 2.22658652288 -2.34407205935 -3.04333382893 -0.444746308096 -2.06052726583 16
150 14394.7815055 -0.115338507399 4.41739916819 6.24123836322 2.83173758845 1.27470909027 0.882323861037 -0.246551009919 0.58436273033 0.423277154868 0.944588811335 2.40557002048 0.804406711868 -1.13725449614 -1.5438122284 18
