 4.39551458002 3.39786428623 -1.13945265932 2.63558361761 -2.92646795208 1.11562541068 1.05410647456 -1.58542538784 -2.74066036296 -1.16977104539 1.29160375016 -0.0642916308139 -0.788955176199 0.984230026887

1 1116.20022467 -3.59063676134 -3.04082511807 2.41188153078 -2.45595439844 1.45492106987 2.03829530547 3.09258155166 -1.19827261554 -2.54978204624 -2.00724093833 3.09522850778 -0.331484830978 0.248550307729 -2.39032429469 1
2 3416.01667487 -2.46862831459 -0.997096053493 -2.11614155133 -3.02109099861 2.78428998109 0.395689937278 0.0596760905879 0.247579791113 -1.03684846446 -1.14252983078 0.568792911559 -2.01891227263 2.46308237888 -1.01040777807 15
3 4219.40690158 -3.2675482451 -4.93070815195 -0.288506423556 0.61900223818 -1.02924655661 -1.54862437134 -0.904650083659 3.11449460312 1.66842139869 -2.01682076428 -2.15971194621 -2.08674983233 -1.03111735359 1.41624304724 1
4 4271.51262005 -0.434495796811 -3.81851589127 -2.52815973181 -2.50049007626 -0.760148053456 -2.30935965741 0.577332804442 -1.15327100687 -0.0412584426336 -0.340013087467 3.04837333077 2.62473428708 -0.278143112244 -2.9995290085 6
5 4344.43430608 -9.09177335746 -5.74636657728 1.22225845158 2.76954047266 2.43006587184 -2.82965045441 0.694451076772 -2.44332656004 0.867657528958 -2.43402577828 0.101867199324 1.31750706905 -1.20816336343 0.857133582686 20
6 4353.94138555 -0.635986018219 -2.69468330906 -1.23690927487 0.922939532568 3.08565563525 0.010115006045 -1.16459995173 1.56457341942 -2.84894414298 -3.01768987535 -1.05415961475 1.66120593858 -2.41560582601 -1.91379306108 6
7 4416.31550369 -4.7110280687 -5.94984349218 -0.669174200175 -2.11200112908 -0.570433784572 -0.850156561356 -0.282933184571 -2.47476939462 2.68742188089 2.93065941798 0.7257764102 -3.05648853423 -2.99954329115 -0.559916447429 19
8 4482.93561006 -9.68777921192 -7.7001665098 3.69970848256 2.48857329188 -0.168643758605 -2.45589678817 -2.11905088287 -0.295706959965 2.66390906085 0.114707398235 0.492595649255 -1.92325415325 -0.927712742723 2.75305655903 26
9 4524.65001741 -8.83834274931 -3.46024112969 3.66440954872 -2.86726908979 2.40265386383 1.19745821201 -0.870076194528 -2.6974297928 2.46933449694 -0.934969644863 -2.45556087196 2.04861580894 -0.763488310533 2.73749260884 8
10 4814.13332463 -1.63345164557 1.62813906598 -1.68437169597 -2.33418779197 -2.71955644517 -0.613442841421 -0.929599371228 2.73134697752 -0.856972802766 0.402437897477 0.576200566949 2.54581570468 1.96480324256 1.35420492411 15
11 4916.52527192 0.767378838888 0.231557481413 -0.889515991235 -2.45329425531 -2.88604014752 -1.0027045941 -1.14157383446 1.16054965853 -0.694362481976 1.89202577695 2.96598710053 0.891050752385 -2.43782300257 -0.0930993859723 15
12 5002.70765412 0.0695539192937 -2.14285442808 -2.72596071007 -2.10451952319 0.274334901375 -2.54003484008 0.193015755803 0.308799009378 0.79948865637 -0.214543853971 -2.20622975511 3.12658120029 0.842415551814 -0.450570079652 6
13 5023.29987697 -8.24413501895 -6.3106310657 4.62776665748 -1.97128989911 0.765199734904 0.621910805204 -1.40441187295 0.398932047062 0.385567053134 1.92368598525 -0.287723088192 0.605102558911 -1.91777629345 2.86184874661 26
14 5032.50856345 -7.42802126258 -8.61842495492 3.58312347832 -1.18044890227 -0.370275570201 2.18101857281 2.77224918359 -1.49772140542 -0.95227955263 -0.6109845732 3.03845648916 -0.863832754372 -0.669006202515 2.31192654929 26
15 5165.54501022 0.79283896085 -5.6846809659 4.56906730016 2.2229554899 -0.951504366478 -2.95135964043 1.67590674494 -0.49055215528 -0.760007276867 2.96147651988 -3.10524729551 2.10333210004 1.24052341784 2.62364441095 27
16 5202.35325671 1.02958119897 0.202575268737 -2.94734103899 -0.734042455705 -2.3802439689 -1.69387730083 -1.69480470961 -0.908391186055 0.784420561914 2.62966804793 0.745329919249 1.65721522142 -2.88567204514 -0.73192584114 15
17 5281.8188787 -3.47421533742 -5.11485211572 5.6291107818 -2.88654953352 2.79463766912 -3.07122930143 0.315558766214 -0.881211609186 -0.38611351758 -2.0547962674 -1.53623694596 -0.821958428244 1.61911366709 0.199116513555 5
18 5288.80265379 -3.15390594265 -5.92091985239 5.29472321386 -2.70146060649 3.00370810861 -1.18147278308 2.60534248873 2.66748082814 -2.65387780907 1.86069417932 -0.358844729678 -0.0554541382783 -2.32977845321 2.01844687472 23
19 5298.16114748 0.737840947614 -3.30835279397 -3.58073445358 0.908372967545 1.48978943045 -0.00464748964398 0.675857140961 -0.916792140136 -2.01044816878 0.375232315226 0.410826404883 -0.54337687938 -2.72986407631 -1.02073308906 6
20 5325.33070251 -8.17135328454 -8.53889588681 1.41105113059 -3.02287896281 2.03726110107 1.73794752031 -0.257508599943 0.707923633144 2.71854100303 -1.31772001782 -2.3102958377 2.05988265895 1.00824002376 2.84221683201 20
21 5385.05741333 -8.19075038893 -7.22501995168 0.101454548231 -3.06998887318 -0.551615625244 1.53296866654 -0.603583045715 0.0609823049347 1.48669016716 -2.14185375447 -2.99691448486 0.488494263903 -2.13825572397 1.03190192459 20
22 5422.75065131 0.523600240054 -6.30639759376 -3.06456482239 -1.32766544507 -2.07762997044 1.29062712167 -3.02279970902 -1.78010723711 2.64299065691 -0.435791824347 0.561790262316 1.59104713723 0.892783669107 -2.4947355262 24
23 5792.15284855 -5.46336273356 -4.55922887945 -1.71613103871 0.972898297832 -2.36004019423 -0.802060085696 -3.02408614938 -2.69794643754 1.43937151983 -1.47883733824 2.06771334539 -1.92122674148 2.36248571479 -1.65877668372 4
24 5935.62319852 -4.58688730164 -0.559986389712 3.28305224898 -2.21419686238 -0.784426144863 -2.18317963118 -0.123466568416 0.541149286922 -0.339671519402 0.378382970916 1.36164618324 0.906744074232 1.18578385969 1.81284911641 14
25 6022.34444789 -5.70398661149 -2.7375051071 1.7394665234 -2.10797538131 -3.11991603824 -0.8883531014 2.31499734694 -2.10423905242 -0.930345626254 1.76468256362 -2.73548124752 -0.742261228542 -2.84143168785 1.06635651493 1
26 6052.59326064 -9.81839028435 -2.66585714055 1.5693094191 2.83172423215 0.167194699331 2.87520797123 -2.51121323502 -1.93681987861 3.00583849643 -0.649823353187 -2.97505880986 -0.905062716514 0.933547064447 0.203143638233 2
27 6056.25313381 -2.03221028018 -1.28488867999 2.56337068457 0.151406006319 2.75734433376 -0.00680861063 -0.633397433198 2.7486299033 2.60784780751 1.08072783447 3.1388800882 1.68711627527 0.912947602764 -0.459743228984 12
28 6075.45337104 -6.32227983516 -6.07012964297 -1.76100213807 0.951893330075 0.0596625009091 0.77606258493 -0.133051036935 0.988478662297 -1.68160212527 -0.353270313608 1.22290335719 0.920364809956 0.737930911621 2.83712677774 25
29 6083.61127929 -4.12491729965 -0.143247279859 -1.93369062848 -2.29373718841 3.04399869198 -2.49905639173 -1.38731857459 2.78601472819 -1.08279384891 1.5103842119 2.97111195743 0.901584033416 2.45096574589 -2.90490790233 13
30 6151.10019126 -4.25242521725 -2.74556483113 -1.78695094823 0.365974672797 1.90588519343 -2.83353792817 3.13887478032 2.48662147096 1.70338654484 -1.75974498679 0.473172904751 2.8048588288 -1.62373394199 1.48131329222 4
31 6151.14476257 -2.77546774552 -3.71814733922 -0.328963789097 -0.0419385191565 -2.3033671589 -0.535651504312 -0.885815229405 2.05430704697 -0.508624645733 2.87653086399 -1.60708983184 1.32381343321 -1.87428467547 1.43459162416 1
32 6194.67947772 -5.98062223952 -2.85949447886 5.51936405011 -2.80726302594 0.252823718686 -2.16726154163 -0.636458824276 2.29981114689 1.37076926149 -1.00444977646 -2.59541748445 -1.65921442633 -1.12681431307 -2.09327324044 5
33 6222.96222995 -0.548249489979 -8.68506997219 0.331379820788 -0.557151044043 2.3518158118 0.466603529015 -0.687327965781 2.24018099738 -1.71536284953 0.441347296773 -0.863211765326 -1.23598138026 -1.18862739861 0.000336567453209 21
34 6228.79583775 0.0457384520405 -3.48192068458 2.07545417538 0.862595965783 -2.16738678843 -1.57839148189 1.40597243783 -2.65746785221 1.13332931493 0.307377654243 2.7101013305 -1.23726490213 -0.248478602398 -0.590486004838 3
35 6319.96534353 -6.09882177524 -4.31292016222 2.52322692056 -1.46048233502 -0.550490787799 -1.59255283359 -2.1109119406 1.93440163195 0.570183457786 -2.07464512684 2.10861510908 1.66728221048 1.42832344126 0.186449151774 1
36 6403.67461209 -5.12286837333 -7.1207068871 5.64596649664 1.41327062502 0.679705439835 -1.97652376231 0.72524163533 1.20705041111 1.2407399002 -1.46574545079 2.90592098307 -0.0152670391568 1.78763216199 -1.9893703238 23
37 6458.96786897 -4.46818643164 -6.03223819526 -3.00483982488 1.62166033957 2.66437474861 1.13564599174 2.66753777251 -1.27030869758 -3.0431019721 -2.89106219001 -3.04364116131 -2.85558934755 2.58864983287 -2.33759142574 22
38 6474.03848345 0.673243349977 -1.81624359877 -1.34143211854 1.3507605041 0.134107245085 3.12658671488 0.202372720737 1.17746274608 0.545462795421 1.96465960222 0.895492550232 -1.18028623344 2.89948932827 -0.748764649788 6
39 6500.59167556 -4.91739577953 -3.41964683549 6.47094912643 0.536040275055 -1.87528130922 -2.67362168917 1.86276893158 -0.543750341165 -1.07934026803 -0.518362086622 1.43068822985 -2.77277333205 1.01869577935 2.24728775657 5
40 6558.06648465 -8.29546050929 -5.21816689858 0.0240863320474 1.76360621946 1.8747276802 -1.61195789531 -1.72228045722 -1.97993503419 1.80434959604 1.01254946378 2.97717897412 -0.975083865585 -1.85941039714 -1.37967014385 2
41 6586.56252601 -5.22434043593 -6.51311461754 2.13055369501 0.822299527533 -1.04186631018 -0.0736604137791 -1.14998479721 3.09849808875 1.62529435463 0.264231453386 -0.808451538711 -2.66828651902 0.607840171135 -3.13973609249 19
42 6622.37781108 -1.85543284185 -6.26299525322 1.12432276607 2.42544091551 0.199238410699 2.60637401201 1.85751325592 -2.90948657664 -0.857576980614 -3.05564982535 0.947560824407 -2.78265938265 -1.34074358667 -0.072446779761 21
43 6635.759766 0.715394308917 -5.65372792857 -1.93317739664 -0.228157108067 -0.876636364343 1.59259782251 1.76207154569 -0.906212772241 1.36497896676 -0.859896681153 0.671193298833 1.85183156521 0.968869993519 -0.951824755633 24
44 6696.69739943 0.0235180015124 -0.52670891497 0.211620565328 -0.0156742565919 0.672443770602 2.70162448012 2.20034599581 -0.0443039002938 1.2861181323 0.421905201965 -1.11815200019 1.01977555055 -3.13033661751 -1.13574819295 12
45 6737.7510233 0.991806035064 -1.32103713377 0.831924196395 1.25320965683 -1.15909449028 2.82938971768 0.252575692395 3.05727396389 -2.39478247873 0.197671013095 -0.463962889358 0.63959998369 -2.83381005552 0.855387444756 12
46 6749.36382997 -3.82677078405 -4.30525673279 -3.98656823833 -2.08607654227 -2.71248061326 2.58749659335 -0.785874941304 2.49425283265 2.40443070401 1.99842185006 0.389335132287 -0.644985483872 3.12837197537 -0.236041183889 4
47 6781.84293464 -1.22871004322 -7.8167397129 -4.34416898483 -0.280747553823 -0.0325061622218 -2.86671743894 -2.74785228577 2.49849278492 2.34983949868 -1.33243992494 0.212790570562 -2.34006391385 0.832698368917 -1.05791635181 24
48 6783.41954104 -8.85030157134 -6.44620323185 0.8551205433 1.3645553496 -0.808740121205 -2.18464496736 -3.03757461537 2.39398684054 0.553979362844 0.497886451262 -1.03967651149 -3.12930096157 1.15737632411 -2.31320984617 20
49 6823.10912424 -2.19681289557 0.405330828996 5.01729744616 0.301573250176 -2.20315082474 -0.0576208798319 2.36788657497 2.2860152571 0.0922095181334 0.797016903798 -0.111128259427 -0.652170436201 -1.31126194468 0.594703281727 18
50 6843.39661138 -1.92047895777 -6.40331234137 5.90840558667 -1.74597215261 -1.98386060178 1.69082558985 -0.89318190743 2.95921242733 -1.79209861218 2.62087009828 0.97640956218 1.45318573702 2.31010564681 2.69539114781 27
51 6843.40364647 -9.40798367295 -4.30826995882 5.27977360626 2.64652200471 1.71821929629 2.77371313661 -2.38186832169 2.26043655292 1.2865241187 1.62955782902 -1.56869631852 1.7389622865 1.79825974283 -0.161967033661 8
52 6863.57353414 -4.39870224309 -3.71475008808 -1.28442605265 -0.427388071833 -2.52944829984 1.48688748269 -0.706464370662 -0.502075737422 0.459190639754 0.525566027471 0.896303107076 1.87424512755 2.94250244478 -2.00000594758 4
53 6885.21838541 -6.16721643106 -8.14493494139 2.80183550948 -1.66610137047 1.77926133608 0.659998139425 -2.11284484996 2.8591198621 -1.08787162599 -2.12782130307 -1.73287177391 0.0589836594815 0.296881298945 1.32843261024 19
54 6906.00557212 -4.59550701159 -7.15312103151 -3.62399978257 0.569823720634 2.84837682372 -0.609641884851 2.98705388301 2.17014327788 2.00352433182 -3.02161805694 2.08075472329 -2.71753482668 2.01170001057 1.0768170538 22
55 6907.27313268 -3.8522009904 -5.75979566827 4.44870034058 -1.8101399876 -1.66459655908 1.43305284945 2.20962242542 -2.31508024698 1.31813569218 1.12902889941 -3.05450645072 2.23031547125 1.45147078446 -1.87649521163 23
56 6923.4973968 -8.49804456024 -6.1417041056 -2.91845410689 2.86164934438 0.881249406951 0.0796133009902 -2.13378552033 -2.66516096297 2.17836948469 0.674014622149 -0.350110025746 -1.77984837443 -1.93929362346 2.59890301123 25
57 6932.78331399 -2.5838170091 -7.93975750528 1.46247521162 2.08973707068 -1.45286004493 -2.23220202674 -1.41154623657 -1.39802100542 1.37820380617 2.53702877908 1.26805757405 -2.61616783131 2.39019074801 0.192226282794 19
58 7038.91924707 -0.0984790965213 1.15901448504 5.39297799516 0.418261567832 2.7286865433 0.910787392957 -1.84502919267 -1.36010349755 1.43038478547 -0.315708701186 1.33417612532 -0.819908443003 -1.18578900781 -1.02032141514 18
59 7047.53923046 -9.18113963772 -5.75393913027 5.2601353101 0.0548775039069 0.544668478262 -1.11951135517 -1.31386279844 -2.6945764292 0.322374160797 -1.04531784712 -1.90031372046 -0.014316440284 -2.02588069697 -2.13616367568 26
60 7059.97671591 -5.62041090468 0.376951290591 -1.64456260348 -0.596807512021 -0.97510885881 0.351777958841 -1.55620948229 1.52955185164 -0.354172106911 0.137164490439 -0.865891261303 -1.57062963133 -3.0041756678 -2.30011576465 13
61 7064.39948686 -2.17034662429 -3.6406286545 4.46161802901 0.905305117386 -3.12544447953 -1.39175108502 0.0613717710316 2.05533606463 -2.28733694405 -1.50729769691 2.17117518558 -0.681254301939 -2.65656638082 -0.60620343092 9
62 7109.36706797 -7.71559361906 -3.19431912083 -0.951289531062 2.24818082773 0.438601908864 -0.424434083767 -2.63260284663 -1.30700965366 -2.46389751995 -0.853866566912 0.726355390383 1.36078637581 0.594766541557 -0.559582454321 7
63 7114.15356121 0.520374533551 0.995029137094 -2.24785090364 0.285348714189 -1.31771585268 -1.32789731157 -1.95547279788 0.131661731388 -0.646362444016 -1.55840748102 -2.77410370212 -0.853250101693 1.64759455338 -0.861488035068 15
64 7172.67640259 -6.38246307723 -7.0689400441 3.66400529063 -0.670133917537 2.30767322315 -1.17112411322 2.33262877235 -2.07191538329 3.09546634336 2.66721722918 -0.616739653471 0.28123058733 0.32884061597 0.471526696944 26
65 7182.27297261 -2.55586627521 -1.85041271137 0.556726509288 -0.54096171639 -3.04803606166 -0.170862703465 2.10778499272 -0.147040585622 -0.305758554105 2.69304049764 -2.21507133715 0.187878241798 -2.85485072964 -1.7619568762 3
66 7202.05986855 -7.56520080935 -4.63321014324 6.51609182801 1.02314034608 0.138149899293 1.01336673096 2.11034076834 -0.874448735269 -2.28773276689 2.54021584763 1.53636714862 2.05209075031 0.782685872705 2.35192448727 8
67 7202.56667461 -3.0886849368 -4.02576622207 -0.236446601729 -1.85716269705 2.85433760632 2.44821936803 1.83193026863 -1.12917604581 -0.468809486368 -1.59992298116 -3.10026945284 -3.01008459568 -0.922615040462 2.96274381387 1
68 7309.78512644 -2.0382807043 -4.87902447418 -3.40727279866 1.89896361581 2.82193685349 -1.05533277089 -1.1830094127 1.64429647986 1.80992333446 1.26749412927 -0.926436803757 0.702438175034 -0.767906578993 1.74670786617 6
69 7371.90455909 -8.58604491577 -4.82524598796 0.623955725897 2.45096761862 -2.57782240225 0.27927090889 0.664307119345 1.8085091308 -2.29505323149 -2.81441029741 -1.67548359797 -1.88265740021 -1.70872347948 -1.05573095924 2
70 7372.11665645 -4.79473687767 -3.85529511407 4.55709092709 2.4798763946 1.15750405582 -0.513806119629 2.61071422993 -2.94357492645 -1.97048694618 2.88943769217 -0.841924142779 1.09491910426 1.94126664113 1.75070365828 5
71 7386.30857929 -7.5397411367 -2.48227657926 -4.28336604787 1.21084435513 0.361551259993 -1.25586134366 0.750830041391 2.46558086665 0.878680733104 2.2647775275 2.34237094584 1.65817251342 -0.257441479106 1.57792189931 7
72 7409.7459688 -4.34089599804 0.751080268307 -0.591298550943 2.57438331039 -2.51447993863 -2.10066079275 1.857776537 2.26510443658 -0.425343552808 1.74250329617 -1.01885597202 0.679622341497 1.92542143142 0.893723985447 10
73 7535.59580689 -7.85333489319 -4.75693864677 -2.96070277633 1.29066276121 -1.4875470457 -0.756844254621 0.591987926823 -2.67184178142 -2.74089117433 0.586071917983 2.0795976282 0.252425095405 0.838735224385 -2.22134301429 7
74 7636.91681762 0.486545387371 -7.56453128368 0.884983995641 0.0741877681259 1.16686258867 -1.38051539476 -0.699915563505 1.18632511387 -2.22578766628 -2.73114667426 -2.9212201859 -1.03140907934 0.772649067766 2.77878207496 21
75 7711.4737213 -3.52067404365 -5.91091576743 -0.648310843049 2.16760432213 0.134880954159 2.90199468127 -0.0647088867641 -1.49093008433 -1.77037370691 -0.641902648056 0.865994071332 -0.716279290952 -2.72814528064 -0.103367974835 19
76 7729.2192918 -2.41352894913 -2.93331225528 0.961390352788 -0.154495765411 -0.0523839198715 -0.209020702472 -1.04857635134 -2.41972495513 -0.573085437828 1.43305467471 0.626982364872 -2.04029607727 -1.08525151527 3.0685134216 3
77 7731.61711109 -2.72730714792 -8.64182112568 3.0303274273 -2.98296152766 0.310841870956 -0.672060542916 -3.06116359003 2.59588050927 -0.212699439056 -2.75452376576 -0.229811629246 -1.14066077028 0.767987100408 -2.84232370173 23
78 7783.5740309 0.0593955616993 -3.37627219765 3.22650330952 1.72993941753 0.0577556689857 1.69498134362 0.300115565014 -2.1724243282 -0.297532842867 1.18899685739 -1.34719085229 -3.08751728176 1.08250524268 2.8816869842 9
79 7808.4625861 -1.80182432907 -8.64257927032 6.10936249682 3.08432778408 2.59547543747 2.29345693651 -1.99423097647 -2.99510311746 1.19192524398 -0.947820668203 -2.71712231922 2.55238606445 -1.61440097919 0.787346424413 27
80 7854.96271889 0.494600902545 -5.73118639699 -2.924622143 -2.8648447671 2.73840669886 1.65066381004 -2.30398239801 1.99781009108 2.51207154892 -2.39173328072 -1.5587192906 1.04496763236 1.98434897629 -1.96319525246 24
81 7857.84295002 -2.13716610212 -8.5635687992 -1.08140543891 -1.03842854654 -3.1121935575 -1.48349859798 0.94890543795 1.03541525063 1.44248554668 2.00411849563 -2.37539010472 -0.939056381485 1.69997317421 -0.884029508145 24
82 7894.84826286 -1.71408304083 -1.98385515876 2.66393085161 0.0914393453151 -2.18898256431 -1.71575663355 2.2536038922 -2.35102553575 2.97083390934 -2.65750085292 -3.00213156803 2.49882797336 2.23560073465 -0.121354878692 3
83 7902.07807169 -2.85328844 -2.34081056395 -2.15357233898 -0.516202303684 -0.397246671582 -1.7899588883 -2.72752393992 0.233096961211 2.34098041921 -0.566831237998 1.62630424526 2.08113816985 3.04825164423 -0.7725691225 4
84 7918.452746 -4.5377206767 0.551156700573 0.624950457189 -1.27727797733 -2.09238786007 -1.36060019606 -1.97026663418 -1.81949474882 -2.11356623976 2.8582075107 -3.09979302274 -0.0198310686037 -0.723578578715 2.45635422565 10
85 7968.7324163 -4.90688361613 -4.7605506055 -4.13664133428 -2.02798835814 1.26254368309 -0.649303835335 -2.52103180997 -1.73641635838 2.52333494811 1.75620639779 -0.482015159408 -1.02385966249 -0.860539979686 1.60911425298 4
86 8045.67814032 -5.84887195268 -0.910767212865 1.11550288896 -2.60429250651 0.320472267533 -0.170524348483 -2.99091962433 2.85274430707 0.624288843206 1.31434250203 -1.13928755947 1.55889153266 -0.0880997037795 2.86112480466 10
87 8142.45388353 -1.50786981165 -7.14289472138 4.62614636978 -0.266326484252 -1.54103168983 -1.80318424074 2.76710800869 -1.15910690102 -0.0968483114684 0.0696292050345 -1.36577756752 -2.93557093805 0.443485845501 -2.73540366324 27
88 8179.02045449 -9.61380144726 -3.34369718729 2.27455486124 -1.36034405258 1.79386676976 1.97577486527 2.04170572711 -1.04147870524 1.48055464261 -0.687780321952 2.46555836757 1.28033533164 -1.7461445175 0.494598317577 2
89 8225.3004734 -3.60985618633 -0.942031424938 0.980088033625 -0.744153415875 -2.22360787318 3.01072646126 1.28805240751 2.87359144385 0.452467645319 2.18965782637 2.76819548759 -2.34380975737 -0.582123304348 -2.72580098401 10
90 8276.76499514 -2.84374412348 -0.471633064466 -4.00602430101 0.862822080035 -2.11130387697 -2.43187998278 2.76819281698 -1.00168132987 0.936152602651 -1.79546814314 0.762913240796 -2.88038347989 -0.984423982396 2.18180037787 13
91 8284.97454283 -2.68206415144 -7.96350142163 -2.50680911804 -2.01755672526 -0.756806166341 -2.2537204947 -2.27682349837 -0.077944580808 -1.50103871612 0.380139434292 2.28371850349 -1.76982520624 -0.431296828057 2.03015555797 22
92 8316.81062177 -7.80448021775 -2.02689125526 2.36425148441 1.82486590823 -1.46630402598 0.419530546861 -2.71135762586 -1.49668067553 0.618859198149 -0.977597123964 2.68123715031 -1.29134627654 2.77514830395 1.29842869352 2
93 8354.36994942 -9.84609623051 1.84541256204 2.37559911595 2.66506736442 1.4932793528 -1.40349391696 -2.94115359063 0.957935315646 1.42923505136 -2.98857773194 2.18624407815 -2.00647094021 2.29511571341 1.88292550986 11
94 8438.08012107 -9.63059831326 -3.11003294585 -4.32313957676 3.13209153352 2.5237293514 1.49313961657 0.522058095224 -1.35540416607 2.20606161472 0.855287364089 2.75610053175 -1.70331096494 1.0536520964 -2.43370993061 7
95 8443.12993732 -1.60969413853 -0.51131812023 0.882782074866 -0.612651175973 0.585793359938 -0.552850534981 1.5141633157 -1.43710333219 -2.19119772 -1.5949169131 2.06598335 -0.819530102742 0.0381064931654 0.586661608609 12
96 8486.44017651 -7.67366145161 -5.74697638671 0.953577355426 1.04486039326 1.0932729013 -2.64872959253 0.462594876482 -0.988765017647 -2.33329322256 -0.122531432596 0.977386183026 -2.74649506479 0.777294571963 0.169952726949 20
97 8549.66304778 -1.12487487085 -8.60891219924 1.98634770644 2.0715966991 0.977880042517 -1.02922904373 -1.00149493466 -1.17986102465 -2.87103495979 -0.779551156008 0.903603969335 -0.0416552457479 -0.671108607526 0.683450260461 21
98 8633.90171012 -0.422807843065 -4.76201434158 6.59684953418 -1.13848658455 0.900014476475 1.82796687819 -0.476493233077 2.13845144023 2.36102953656 -0.680968563971 -0.88940856183 1.76310118051 2.0856224458 0.855458485862 9
99 8639.18684185 -6.90449268022 -2.62963774866 1.39211023562 2.65321889731 1.64549573935 3.13056426355 -1.11874335566 3.05608931873 2.53915539924 -2.91845208402 2.30804466998 0.87690719888 2.13880964869 1.49165670994 2
100 8695.9453567 -9.45740706044 0.0692007225164 3.58786466625 2.92746887655 -0.653288922525 -2.49089684225 -2.55806728274 -2.05454563237 -0.536442361782 2.22527180945 -0.72636331021 -0.696825924542 1.37562632038 2.24707361727 17
101 8941.16538844 -1.01167483749 -6.5622517083 6.39163299741 -2.13317320769 -2.25055975665 -2.61436955342 0.961253177269 0.538127345555 -0.705118318472 0.869687203421 -2.91083550278 -3.01393962746 -2.22176734981 -1.68202554516 27
102 8946.45436818 -3.62750666583 -8.81490137408 -3.42269232814 -0.747083596655 2.99656016924 1.4418302693 1.29779495624 2.42298800606 1.61945571932 0.952215857566 -2.07066285771 -2.81989347576 1.79819053075 -0.787679786122 22
103 9015.75480528 -9.23002295266 0.799704248281 1.87366849348 -1.45906552231 3.01143730918 1.57603494407 -0.245762329317 2.47801084917 -0.0438407720588 1.98321435855 -1.71508139895 1.69127724509 -2.41761129283 -3.03074229711 11
104 9021.11679453 -0.662462228999 -3.77493293398 6.56417493809 -1.45495077074 -2.98068774617 -1.36232762829 1.05041536838 -0.605930760453 1.76679362949 -1.78322126332 -0.661743540777 3.06991713158 -2.00555212337 -1.83314704649 9
105 9071.78674717 -6.95602593036 -1.52454186286 -3.20714028404 -1.00274565172 0.195064294187 -2.75337563322 0.0164290999986 -0.0987683421802 -2.17761405468 -2.35024971999 0.125356996222 -0.821419523748 -0.610666229588 2.05443607378 16
106 9199.53798589 -0.88625724513 -8.30811679738 2.07903586941 -2.68347375944 2.6936791113 1.42092799707 -1.43708132443 -1.97650515782 -1.1076111251 2.70555680194 -0.212664368846 2.53527505146 -0.955972525515 2.57675033765 21
107 9258.19904082 -3.55366015915 -0.992000770177 5.3073031212 1.12010046509 -1.7481339707 2.6079948166 -1.44651357762 2.80338569266 1.27290485901 -2.9482921149 0.290188020321 2.24741242289 2.34732985502 1.60665674884 14
108 9407.26661491 0.564134594144 1.32967339243 -4.21313652703 1.55603039877 -2.65585384842 -1.63181262914 -0.0457782475311 -0.106557365528 -2.25924919094 2.05117439729 -1.51896998729 0.519477569838 0.598675328446 1.63386872292 15
109 9421.37526793 -4.9137828707 -8.19873417711 3.39995966826 1.84263785606 -0.153768604579 -1.85109564362 1.55341306305 -2.53106062059 -0.961189593409 -0.545093670541 0.861794095613 2.9811392844 -0.147346619676 1.70320773944 23
110 9514.38868149 -0.747851178503 -2.32202833053 2.75322117385 3.04169407036 1.37583634554 -2.32342192754 1.92974970998 -2.9777741594 1.81693758856 -0.785420775905 -1.00184711733 -1.91622909663 0.482454048282 1.1496870552 3
111 9745.75384131 -4.01104606365 -1.3069933234 6.40848016248 2.24815416595 1.08985286762 -1.38143058747 -0.245370530034 0.312917332558 -0.0562471814906 1.52312493524 -3.09175100549 -1.61616189425 0.563548610389 -1.17608731279 14
112 9756.63355777 -1.57449994142 -4.24625426623 6.62561645906 -1.50584971629 -0.59723016095 1.93606381445 -1.83161147462 1.89058737601 1.23502860087 1.17572045488 -1.33115301815 -0.307548344575 -2.31266347177 -0.606599525919 9
113 9854.79045089 -8.71549188853 1.66363432248 6.08541851597 0.241311675506 1.22998093768 2.59771769292 -1.38505384102 -1.24071771325 0.243686250268 2.82974224378 0.00865149411948 -2.04770735955 0.858484482391 -2.88699661876 17
114 9880.00442121 -0.975155358619 1.96026660844 5.29974969306 -0.177569012493 0.572217133656 -1.66368400986 -2.60058303168 -1.90695143865 -0.865046551649 -0.241945513855 -1.4496707046 1.97357293796 -0.926853411728 2.54746615318 18
115 9945.01404275 -8.65451111164 -7.79644118906 -1.69296606301 -1.81700991755 1.36216530869 -2.32665684929 -0.0948142153308 0.0349406605541 -2.67097861881 -0.50534573378 0.549246038277 1.07302949149 -0.724949585332 1.42912560207 25
116 9950.35062351 -4.34053289278 -2.48127551646 4.91293593304 -1.07791122553 0.230239956232 -2.73043685057 -2.81361305182 -2.05537976107 0.258309553919 1.04470679428 -0.329137820641 -2.09500047561 2.5872004604 -1.02026783541 5
117 9954.08060575 0.187752739938 -2.052735719 0.84226510934 1.49261241509 -0.201161039619 -0.824581062942 -2.82993547565 -1.15910163316 2.186570447 -0.257809922005 2.92997920104 -1.90731832089 1.54640932116 2.48822404335 3
118 10073.7684773 -9.27921977887 0.963032759795 -3.33839948625 -1.6735104933 -2.97220931989 2.59265264492 1.00506889419 0.653754658581 3.11389560141 2.7347156408 -2.85364762808 -1.22121250944 2.88450898002 -2.00602703589 16
119 10110.0558004 -9.38041622928 -0.790143446707 -2.04644819609 2.03685521481 1.78445735994 -2.70468574324 0.700753195203 2.54540143092 2.07214809752 -0.819106582521 -1.60361589934 2.75183038672 -0.532866862968 -0.302920179943 16
120 10220.5509141 -8.57691658546 1.7710415285 4.95916387825 2.46715673269 2.57818366496 -2.36689203 3.04383825103 3.14020106505 -1.50594826246 0.98942772561 3.07569178947 0.787483473592 -2.39597875266 2.79911634762 17
121 10420.7812785 -1.95883126191 -1.35467885154 0.330952012893 -1.23174724655 -0.571366815034 1.71394085662 1.24515567956 -0.876256454275 -2.63295053155 -1.83424164815 0.196797112524 -0.5666623414 -2.55169113606 -1.12016391763 12
122 10536.9356253 -9.12105354317 1.94896915551 1.07235380102 -0.628790984427 1.7472886544 -1.00118374288 0.0188255946333 -2.94919961438 0.705454173693 0.0183380057617 2.69821132823 2.09193194477 -2.00073605836 -0.510704202373 11
123 10608.3956975 -9.08178721143 -0.464816463961 2.03746554405 -0.430798831673 -2.79196587517 1.98466569211 -0.161544555866 2.75074613839 1.48725617504 -2.59554991006 -1.86547748857 -2.67033164931 -1.43418642714 0.824292866057 11
124 10643.6387469 -1.59260527745 -0.995896875911 3.05854319616 1.29435089401 1.25056989653 0.462770033775 -0.0142283883686 1.81177052736 -2.39268788039 -1.46632984906 0.930080772782 1.8948340152 -0.692629149258 -1.50545519483 18
125 10701.5912647 -8.65094555003 0.362653552592 3.20376569386 -0.241345707857 -2.41978064451 -1.62789916611 0.0182614512867 2.2246309242 1.52154346853 0.0417249995132 0.788088112175 -1.90101476057 0.0410559096702 -1.21195422563 17
126 10722.4201467 -3.07057020214 -2.836276471 3.88950031984 -0.66805905358 0.838386553814 -1.59952024439 0.500299537222 0.192064229693 2.45367981511 -0.788841545379 -0.890706513401 -3.03009205494 -0.913186542406 -0.667584884296 5
127 10741.477318 -8.75603460961 0.537158887799 2.67104771116 -0.531086045487 1.79788849608 1.11739705343 1.29991269314 1.99979398773 -3.14047558987 -2.76132783267 -1.13084957514 -0.57506823288 -2.26352686983 0.522257895367 11
128 10744.9252885 -4.3123306098 0.534701570027 -1.61560664319 2.19536118858 0.916394309663 0.178185758717 2.22110045522 0.116192528169 -2.86271010213 -1.44139860264 -0.627457281969 2.24128216215 -1.0181541848 -2.41822972798 13
129 10779.1361423 0.751488790352 -3.18575445222 5.6524404915 -0.602016852234 -0.895338073225 2.56481330605 0.239408071834 -1.68123966761 1.46418092016 2.23028426299 0.192840776309 -1.84861226082 0.387142593284 -0.70558172625 9
130 10881.005446 -5.08655436224 -0.200366477813 -1.10319282367 2.06368110724 0.824481531549 2.54263853995 0.271302475581 -1.17997642554 -1.76935557525 -2.38040995024 -1.04068866047 1.54524889659 -3.12363182976 -1.67610944493 13
131 10967.4075994 -8.05508804336 -3.81767777039 -0.922272676227 0.234839488821 1.4795778031 0.157760322619 -2.66039159527 -0.342573293317 2.8505868566 0.734272733065 -2.90500070347 1.94879511005 -0.350200730364 0.345337087762 7
132 11132.3927226 -8.34564578633 -6.4393914821 -3.57297785624 -0.347930977798 -2.85854745809 -2.37555612218 2.15921938086 2.56179404768 0.692704286134 -2.38533335266 -0.0948555609009 2.11239733809 -1.0080666964 1.57739393867 25
133 11157.0999406 -7.17946240833 -5.55689021788 -1.81571844686 -1.49156333271 -2.46418353581 2.33889352546 -0.270545408546 0.244998263834 -2.33921089011 0.173808950804 -2.87781823847 1.48364702939 -0.672195733038 3.1405636269 25
134 11259.7092473 -9.35044272359 -2.14200473619 4.13592008576 0.544054892057 2.06898951666 1.85283740545 -0.0322196694024 1.64861857023 -2.50588994694 0.179446377019 -1.1776606108 3.13732451496 1.6401947393 -0.3756187204 8
135 11380.7245027 -4.62855248778 0.660649446676 0.156252353378 1.19228282035 0.84093052698 -0.318607700416 2.59960718344 1.24313888206 -1.82418005574 -2.23061728656 -0.907715936055 0.613989265238 1.50786676778 -1.41849626206 10
136 11530.2903249 -5.00690216018 -7.71659094394 -2.84253215669 2.83419252557 1.73782171677 -1.82878523284 2.04482124318 1.77602959374 -2.49209530459 -2.22148733111 2.03191886768 -0.0162215941534 0.21497944887 -0.78987783865 22
137 11554.51927 -9.50777370428 -2.60060430737 4.87055579438 0.889697962008 0.0664778835177 -1.80885054943 -2.37803221514 -2.90576032995 -1.52219914034 1.7377934842 -0.333672869261 2.96821784642 -1.67747599367 2.46871789309 8
138 11852.6176626 -9.20847077023 0.556864936896 4.13201195364 -2.01664861245 1.85989687231 0.0297151396475 -0.708304328277 -2.01524680287 -2.30107386283 -2.11653602854 0.577254050913 -1.32312126132 -0.335288421572 1.08741442766 17
139 11946.3800478 -3.44324268304 0.419799462326 4.99427563001 1.36536424508 0.994182793239 -1.25758893318 -0.528778398453 2.7807718397 3.06759290368 -0.680052111887 0.338507479531 2.08977493009 -2.62725814461 0.366664857119 14
140 11997.7465869 -6.17690612108 0.270285738476 -1.24303786094 0.580497624175 -0.436675980064 -2.89347984673 -0.769764168908 0.18313720785 0.787159728947 0.304063267492 -0.749932995593 -0.89173414432 2.94012241178 0.812427292169 13
141 12016.4029911 -2.91893954722 0.847260736746 4.12607778769 1.77069736377 -2.14620360908 -2.20394774704 -1.1748274656 -2.58459182481 -2.0427626317 2.22905515132 0.79534777495 -0.26750459101 0.761482044738 -0.297318690068 14
142 12163.9587036 -6.68208676012 -2.02513348347 6.39177167719 1.10280042363 1.02465212639 -1.11257100332 2.20017831753 -2.15690454602 -0.709514049772 3.05788639966 -2.59031493895 -1.18521305041 1.64165144165 1.9676660706 8
143 12245.2203238 -9.19777998479 2.08307592155 -2.17948407254 -1.55469437432 -0.468848219806 1.8014441934 1.86278184608 2.15020376645 2.22859915942 -0.421536489039 1.64550012276 -2.16033517348 -1.83906949334 -0.915416658626 16
144 12250.3971858 -3.319822204 0.255697681215 5.59584146822 1.50331715383 0.845399116799 3.1281937757 1.74319858614 -1.82421374038 -0.265568625425 1.36140376596 1.695563593 1.37420042931 -0.670751198504 2.32051329712 14
145 12298.5312462 -8.39606642954 -1.43774768335 -4.06200601893 -1.69781013353 -1.73359964908 -0.478147536699 0.195595475652 2.14554013607 2.20854176536 1.03525018966 -1.95396940303 2.3028684909 1.72099618823 -0.952314158501 16
146 12314.8109371 -1.76217238922 0.893473102166 2.00078311004 2.15737553678 -2.33506843035 2.52336133816 1.22678072939 -1.37498985417 1.48041248421 -2.99020952644 3.00754243877 -1.38913952474 -2.19490536035 3.05567171283 12
147 12335.0916876 -3.88482726121 2.07715680139 2.05943518328 0.584675357815 0.323431166445 -0.0699613234873 -0.924598188874 -1.61490956911 -2.28828654713 2.77941569675 -0.704710013256 1.29083612959 -2.79280029096 1.09262414535 10
148 12341.9983875 -9.58414735009 -2.99094881383 -4.29562739042 -1.35825006919 2.05420668291 -1.10242846699 -2.93791210596 -1.34550675307 -2.65155112315 -0.0449522418981 2.3757203213 1.84648394974 -1.21430144397 0.758655008402 7
149 14061.5498885 -0.890310174194 1.70541325149 5.62012899864 1.08767383616 -1.02287194684 1.04839499552 -2.51198002955 -0.643182753652 -2.16988440035 -2.31005671968 1.06258183182 -1.51532565724 1.52670396205 3.01996619547 18
150 14662.392286 -9.4030662382 0.68674696527 1.3078053288 1.59076974104 2.51248371261 1.12003706247 -2.91098342076 0.253391268222 0.00918718880099 -1.48418400482 -2.26939254902 0.624181392109 -0.348736835894 0.798967968335 11
