 2.33376823525 1.9137187938 -2.04245188143 1.37372731204 1.62457326786 -0.706308976721 0.122920161574 -3.04737521955 -0.990277044859 1.06620899711 1.88944075153 -1.41621347585 -2.83700319411 2.28838213431

1 683.244120732 -6.11977194089 -3.47619785956 5.49540664791 -1.07364164583 3.11560379064 2.65770238448 1.05568899845 -1.64527535166 1.22759004093 -3.05499918067 2.56072702728 1.29991216882 -2.90823280353 -1.24870108046 8
2 2884.25163572 -7.62537087874 -6.19202961799 5.28615396847 -2.88915973045 -0.112119033047 2.24043413931 -0.434943073122 -1.01905771016 -2.24347297822 -2.92273913549 2.2490442608 0.548847314796 3.11531075885 -2.42160150269 26
3 3342.99405881 2.65312241232 1.87328735211 -2.10947212993 -1.97348572767 -0.231012369744 -2.27498938006 -3.11540708617 0.0498489234087 -2.55527870829 3.01175488866 -1.80142018012 0.779215029364 1.79126028619 1.74731033477 15
4 3885.06509192 3.15508129429 -2.9839895336 0.255755250513 -3.03217714817 1.84548065187 1.60769470241 -2.87396179332 -0.600825771762 2.84219518065 -0.728290101803 -0.639873549647 -0.189335423059 -0.885838390547 2.86114733217 3
5 4074.30391196 -2.35753614072 -4.9103881927 4.89439576162 -2.85234408872 0.869749221883 2.47251138251 -0.503781869521 -1.74359876768 -2.76692397547 -1.38739400877 0.137048224988 0.401649038085 -1.9094310738 -0.125723117907 23
6 4217.85558716 -5.81031712028 -2.27813318899 3.9541896919 -1.65057439528 -1.73615654391 -1.04546396198 2.80036245977 -2.1066944655 1.55658947251 0.103119070846 0.0540297440123 0.0621691009767 1.70632067566 2.74989696207 8
7 4260.41081117 -3.41673856972 -4.0997474088 7.20248509297 -1.87978864313 0.439208550591 -0.65805687856 -0.777470931942 -3.02157565472 2.0453747388 -1.00989311305 -2.39131354242 -2.86185454127 1.26845517671 -0.133106823152 23
8 4436.05060083 -3.6702976575 -0.721041741707 0.872243017878 -1.47630550402 -1.95473937166 2.52919069024 -1.19046001704 1.20905632527 -1.2627819977 1.10320594694 -0.616773925384 -0.124643923489 0.0562692095652 -3.01168636534 1
9 4543.51591667 -0.609363813042 -3.26162099008 1.12216277349 -0.982929341346 0.108295450325 -1.74268671179 2.14867563221 -0.645929808314 -2.26210252093 2.0749226544 -2.83532541498 1.72269774319 -1.17298950106 -2.98057251702 1
10 4567.64629722 -1.44374069458 -5.02370101139 2.36889439962 2.12162825111 2.28860333061 -1.61867871025 -2.0411048769 2.21541816948 -2.18884835842 0.77551746984 1.79175374989 -1.47093911793 2.06443555056 -0.697319300545 19
11 4655.40334267 2.2938451797 -0.946808954927 -2.00848504429 -0.992187780282 -1.50386887077 -1.33789151345 2.63611526355 -2.08341888129 2.61825208587 -2.19958498699 2.143511353 1.36214208294 2.82284014649 0.523242846717 6
12 4679.00835355 -6.91713447074 -6.58821911469 5.29682499897 -1.83383236538 2.76369029109 1.51411649398 -1.8409732017 -1.13069178846 -0.985770444309 -2.81691540172 2.25868064909 3.13705539448 2.52948561489 2.96855295529 26
13 4697.35033611 -0.643276735828 -4.25638381143 2.88990831883 0.57225058971 -1.24092540612 -0.866407569845 -0.355605756744 -3.10291408197 -1.17057384091 -1.73645405593 -1.18400737435 -2.72431603535 -2.00373186372 1.85458853728 19
14 4700.87163751 -3.62302720167 0.363651028123 1.18129316566 -1.29238062217 2.68000899453 1.5832221802 -1.50941950275 -1.81578837832 -1.6115317924 1.73196375233 -2.4187678804 -0.503745904271 2.90040214067 -2.02321679848 10
15 4776.70402198 0.558720216204 -3.42776936474 0.825634218253 1.62158579603 1.51827964649 0.319225713387 -0.841927968186 2.0012262478 1.49255214012 0.153287285093 -1.07009576514 -1.50760523921 -1.21905016007 -0.704016563558 3
16 4931.12153345 -5.64481257449 -4.01843880026 -0.904386619589 -0.846463317545 -1.1771002358 -1.61355752351 -1.21572970432 -2.08562268749 -0.553442247613 2.58371904802 1.61182356369 2.82692804647 -2.26633880054 -3.05250014663 25
17 5066.28543617 -6.69640180543 -3.30961421356 -0.895514430474 -1.1255766385 -1.65809840292 1.78949171214 0.123779718524 2.14178698901 1.19017363989 -0.434455247268 3.10983028356 1.51401633789 -2.72652544816 -0.784132789646 7
18 5086.11737765 1.54944968207 -1.80619618933 -2.57114350337 -0.896928760154 -1.76609945918 -0.0761528078497 -1.96486308744 2.93256785172 -2.18171652376 2.26786839112 -0.302993332502 -0.859495259388 0.219845558098 2.22734556447 6
19 5297.41963734 2.84682341068 -6.33470485981 2.07330499494 -2.58851137398 1.09540293002 1.21343780976 1.5773266056 0.901434023079 0.9289775075 -1.33262468511 -2.98994150944 -2.00656584709 -0.0394865595342 -1.53366096604 21
20 5411.30785303 -5.93984199238 -5.18837471784 2.86047466873 1.7150671952 -0.180275167574 3.13775083106 0.590295233756 -1.64292948748 2.59053869676 0.126187778884 -0.249684792377 1.4474861285 0.425267637074 0.0790713038042 20
21 5455.76608348 2.65955687784 -3.18207073925 -2.77770986897 2.18181099199 -3.11610394603 -1.57387438226 -0.963945860909 2.11364395865 -2.77674742147 2.90289139292 0.298659415126 -2.17982513771 0.476505331453 -2.42583732633 6
22 5472.42575583 -4.22271667339 -6.29107289478 -0.180826640999 1.60244945589 2.50797343182 -0.276040803306 0.656976206968 -0.693106686951 1.94878849423 1.03984652338 -0.120801815663 2.77696576313 1.36462052322 0.953438176583 25
23 5576.01505602 -3.72692938543 -2.44131165043 5.01072010279 -1.67929989941 -2.68530242246 2.05825284562 0.330361990051 -1.68880193902 2.4619860407 1.80386434755 1.37724350607 2.16880011024 0.20291932065 -0.0740276799169 5
24 5582.02937368 -2.9729137541 -3.10893728184 3.16617426545 -2.61532923345 0.0264344416314 2.03860578904 1.91898990765 0.726316390998 -2.94761138857 0.936549965588 -1.34186627273 1.7431228885 -2.9485432492 1.4875984641 1
25 5597.42158664 2.08248133751 -4.95610080994 -0.0948215796953 -0.326909191861 -0.595156725975 2.56540064292 -2.92818454391 0.682368391716 2.0566223548 -0.996621057207 -0.428469512134 2.12559323311 1.93717399743 1.17681916096 24
26 5605.88798679 0.212636073612 -2.51918708218 4.40132243105 2.04014417928 -0.423413642713 2.98567570484 -2.79675440083 0.737100205183 -0.973427598398 2.83285944276 -1.81900197344 -1.03247092216 3.12917402365 2.56578887661 9
27 5667.74181039 0.942892555514 -0.00688006701781 0.583732842267 -2.20038996199 2.13836293359 -1.89205966266 1.36576716031 -2.70787244778 1.37076573868 2.86117681486 1.50812022213 0.60136226712 2.51515864185 1.96943553293 12
28 5787.2479114 -3.25270467928 -1.41922263451 -3.05264252239 2.74236753572 -0.160426061296 -2.10849212608 -2.79021702446 0.669902658906 2.96563422935 -2.11178527686 2.49787640173 0.623319367835 1.36900607389 0.912265518168 4
29 5797.79640779 0.809921090313 -2.00607059185 2.60348812666 -2.17599696608 2.48267261638 -1.53668944572 0.275000903252 -2.07735301849 0.883200955613 -0.0658141744292 -1.42646587621 -0.206044697362 -1.16194538625 0.665474412144 3
30 5987.08197425 -2.05909268642 -2.46987585644 -1.82894398803 2.94013209425 -3.13637583855 0.448662816891 0.970036899479 -3.12444852839 1.89340565857 2.52849335966 0.189846750923 1.50800093542 1.07868352553 0.700937420217 4
31 6025.91382756 -6.89396078259 -4.41325869264 2.96376118529 -1.85330987781 -0.499038072212 0.885960632882 -0.206399316282 0.0015596530308 1.02116471273 -1.15636880095 -1.40849322887 -0.0152249270065 0.443447657738 0.340509504994 20
32 6245.95613467 1.92506069077 -4.23080329346 -1.72384503735 0.330859126323 3.01617930744 -1.89197644886 0.892969640302 0.517026727483 0.20765661643 1.04051567629 3.0881947826 1.17025269383 1.46583106116 1.23742413442 24
33 6264.75401633 -1.82066631168 -3.13418052075 3.22230873387 2.58521136777 0.862265923126 -1.51872480024 2.96299211555 -1.26860292613 0.657616471525 -2.697332343 -1.17278251014 -1.24203753917 0.522839435537 -1.99434244252 1
34 6264.88714919 -0.775285000436 -1.38939686035 -1.2343643039 1.8679179218 2.7195576693 2.28468335209 1.95728047872 -1.9989892199 -2.29785522634 1.46650413055 -1.155277506 -0.141337976429 -1.91284497594 1.84368880986 4
35 6277.06652654 2.67480900166 -0.885097020854 -2.13940871662 -0.552587527423 0.165694468547 -0.212990299645 -0.178599192392 -1.62609918697 -1.80721566649 -1.86875175197 -1.61902358256 -3.03736819459 -0.712325010121 -2.21897862972 6
36 6289.10986688 1.00267972813 -3.5790691045 3.45037355409 -2.79883474226 2.01492307179 -1.93812688904 -2.70512602799 0.791995818523 0.454258601829 1.96094727256 0.446322308836 2.40869652975 0.0706528764125 -0.201144595241 3
37 6309.11831868 -2.91086857431 -4.04890637024 4.57747721337 -0.287785654888 0.826393678399 0.00998937325576 0.720350728222 -2.33901002093 1.97467727192 2.50871722389 1.19132093943 -2.65309223818 -0.435665997112 -1.83433429346 23
38 6409.22922985 -4.26589758207 -6.8371937676 3.33944501395 -2.11445839779 1.17556088027 1.02815530254 1.78566851695 1.31925190992 -0.731944914616 -2.76011807851 -2.57016264915 -2.99769594475 -2.10296663707 1.11531681482 20
39 6454.67547011 0.418207296177 3.42761193535 0.145086450694 -1.12740295823 -1.56257134171 -1.82222227893 -2.7022805278 2.35732322588 2.53628076845 -0.369454346477 1.93231684925 0.587944523433 2.61591203744 -2.88498323581 15
40 6479.90869917 1.3545316335 -5.67376071739 7.23763745444 2.73077291247 -0.302984244396 -1.89072378135 -2.64956734734 0.0736643070568 -0.212164535552 1.57252064126 1.22977575033 0.870466525741 3.0632035768 -1.7712588427 27
41 6587.37157534 -4.47920668096 -1.46070864209 2.14003799535 -1.64788137307 0.686464951256 -0.0169647669395 -2.89182066539 0.773103282909 0.121042938887 2.61708076533 2.1023763617 1.5159037525 -0.751099349782 -1.80729855642 2
42 6638.06613138 1.16095339945 -5.46419071435 5.83250741535 -2.82338391213 2.18913205767 2.17412612683 0.970767146239 -0.948833805656 -0.68228321431 2.90610456174 0.768911696985 -2.37278083752 2.2826452544 -2.00892207713 27
43 6659.59457688 -1.31405167661 -5.75814619925 -2.36769303537 -1.75785449139 -2.48945500172 2.45392913259 -1.07410835788 1.62500911881 2.5434936507 0.674768224332 2.93378356245 -2.15903846333 -0.725950003514 -2.95536134108 22
44 6661.85002888 1.10809509132 -5.45092420275 0.839634689626 1.77230870211 -2.05710844002 1.38328316143 1.41002344666 0.873073948734 -0.524912005236 1.8053054028 0.497975055591 2.66037148376 -2.94671970957 -1.32354376229 21
45 6695.8504495 -7.80667153474 -5.38916698285 0.285983101814 -2.03577312054 -2.50979799686 0.147234214448 1.58100180304 0.620299668609 1.82461575912 -0.930551741771 -1.7521913305 2.66959218745 2.04933658784 2.78934371963 20
46 6743.79834066 2.73803592456 1.44878918083 -1.70084588264 0.811974905881 -0.554952982917 1.40162595851 2.51316309393 -2.93391119956 1.25804633229 -0.671254017368 -2.84834448341 -0.356693265976 1.41357863128 0.0138197391409 15
47 6756.91505294 -0.708286702266 -2.66722239019 -2.93039022148 2.68033951457 -2.07384799517 -2.61279376274 -0.0736692874714 2.23828876184 2.80646929594 1.16270689773 2.82411302971 1.91372862433 1.37963043409 -2.73385611906 4
48 6824.13663656 -0.0106538483742 -0.642529504284 7.42058749635 1.52242821964 -2.90717373118 0.471407733616 2.97668809492 2.96022634393 -1.29206265098 -0.830531554661 2.80634097319 2.45671095748 -0.236086490311 0.161898660018 9
49 6826.09415958 2.46455086299 -4.31965700149 5.09827064838 -0.109899623299 -1.02564607458 -1.1331689944 -0.179934404745 1.38083487505 -0.347710427881 0.981238909316 2.8651256227 -0.695431484712 -2.86816600765 -1.61913692811 27
50 6853.8221673 -3.22213139827 -3.10409067116 3.96244095543 -2.35472051495 -2.67812143686 1.34258101585 -2.01641969018 -0.459759665181 -1.01206849539 -0.752926280087 -1.52621351162 -0.299789018024 -2.28196949443 0.416070314015 5
51 6863.28000215 -2.56032591425 3.34500707693 -1.1748939286 -2.04350921154 1.06808795698 -0.056591766845 1.52109228719 -1.31545913139 -1.69657326321 2.17509807491 -1.2741022069 -0.69259506868 2.39020157656 -1.5494344766 13
52 6878.78905222 0.90832885349 -5.93107356124 3.35222824025 -2.59254948289 -1.27940477044 -2.01445821449 0.070418794264 -2.73540728807 1.33651067445 0.381839883762 2.19134765512 2.05360174912 -0.138126430452 -2.97330371562 21
53 6904.72933998 -1.23100659322 -5.35457082758 6.06239408968 2.42285450136 2.73231217886 -0.722821537105 -1.69168428799 -2.41280028419 2.02695754733 0.590096669336 -3.026274845 2.01335341467 -1.54709571504 0.0907962171506 23
54 6918.72020249 -4.12971505688 -5.45520399048 3.34472759349 0.450035290041 0.697207612671 0.846710442147 3.11021309834 -0.808538513563 -1.7230703237 2.18717105056 -1.54439780683 -1.22235091378 2.03736278568 2.22775482083 19
55 6959.15268535 -0.417889123894 -4.82888485883 -1.3263616925 0.2495291243 -1.90410407051 -2.10757211991 -0.226830570403 2.60382555855 -0.812730176845 0.678632611601 3.0587252217 -0.0611760340119 2.23850006713 -0.519291361494 24
56 6965.66257976 -5.59127400407 -5.39197356619 0.642470575305 1.27372800361 0.37865083509 2.39699658838 -2.38305377584 3.01263659136 2.44978597898 0.948886654567 0.954338047038 -2.73697507116 -1.98072783467 -2.20184824057 20
57 6972.26092987 -6.18765167284 0.730670350131 7.13673840692 -1.37280030997 0.663425153557 1.68641579326 3.10888406986 -0.65464285078 0.842283672478 0.777610505206 2.96324231093 2.33648316628 -0.421108171685 1.84507501442 17
58 6990.43092158 -6.66156011942 -5.1528635947 6.44909480824 1.96550551039 -1.33551929302 -1.55686948 -2.59411344273 -0.369417870179 -1.64203554618 0.256945004907 1.73213238734 -0.127528903039 1.45834767245 2.66696371587 26
59 7037.58763204 -5.31276682341 -3.37329004496 0.893126617885 2.05132203272 -2.44106675267 -0.332426298113 2.71755122895 -1.42214824708 -1.92242461409 3.00264476154 0.944946588404 3.10527963308 -0.497792902191 -0.0651498471796 2
60 7148.41372825 -1.92101376195 -0.389149052194 3.48048523948 1.26123533821 2.7815093299 -2.34176697224 2.30526831318 2.00755300538 1.64083823583 -1.80904659068 2.38864503532 2.77167193063 2.02256872466 -2.18617775378 1
61 7205.79777758 -3.28582185563 1.44035335123 -0.917426800836 -0.772422196593 -0.824590410481 3.05226907732 1.22247291702 0.369599133059 1.82250245914 1.0460420009 1.93353127004 1.57725092185 2.36736600462 0.993732473031 13
62 7208.08175449 -5.29472513313 -0.913496611374 4.85150474055 -1.02512266349 1.86166314583 3.07084514543 2.40104474698 -1.98909990791 1.0970312747 -1.10636076645 -2.18634454646 1.03432004199 1.51184786582 1.63805040019 8
63 7422.11301392 -2.18449785619 1.45622142891 -0.444232284517 0.253321454858 2.54407080848 0.595542248839 2.85055914914 -1.86030209718 2.6295141581 -0.771370654864 -2.64991918231 1.31474581898 2.43535767993 1.51839914935 13
64 7547.42973953 2.63525648146 -1.02029431094 -2.63249408852 2.51107508692 -0.164861999605 0.879342643477 -1.75301296049 -0.641385003194 -2.42377260866 1.28382797189 1.23460668338 3.03320790616 -1.96359532577 0.835228590427 6
65 7573.62600381 -4.25159680227 0.121155439701 -3.02919273963 -2.81559823687 0.0856939833568 1.9008965112 -3.01674653927 0.850236010096 2.35112637777 -1.2466564833 -2.22063655005 -2.73317908681 1.10633823742 0.394722650369 16
66 7652.00306961 0.941310675712 0.126019322465 -2.48583917982 2.29362839094 -2.43779317876 1.50741233927 1.73485578695 -2.3189595198 2.03623015866 -1.30786555807 -1.69205836698 -2.23677181787 0.384865454316 1.05818888238 15
67 7757.37869155 -2.36360298932 0.576297398453 0.0798374325622 -2.56295027912 -2.16377604805 0.879337134189 -3.08290924648 0.573268715177 -2.78525994672 -1.86832340435 -1.13238756724 1.1315436864 2.90603937837 -0.933544287032 13
68 7757.8072219 -2.1257438663 -0.69942145286 1.49325587969 2.10608423552 2.16700900364 0.750344832443 -2.17143167339 2.04742955653 0.1104165748 0.0229328651753 -0.670685663816 0.0850289319888 -0.908801574968 1.70962595623 1
69 7785.0139619 0.948239808785 -3.68681445724 -3.28179082085 3.01678959319 2.14488209541 -1.06359465944 0.823423643044 0.00543142660427 -0.907184108119 -2.71479505761 -1.08023451809 0.794308914574 -2.52656408999 -3.02323128983 6
70 7840.76522954 -1.45440367743 1.1919336963 1.36218291824 0.539453251731 -2.72619172436 0.396741882013 -1.59027713839 -0.673982716815 0.897538849874 -2.00508173143 -0.163577915484 -1.92887020917 1.76849507146 -0.486460161636 10
71 7848.89626976 -0.991094853277 -4.74616386541 7.2699066367 -0.00686636910495 -1.87800216417 2.70110063319 1.56613161694 -0.603495935699 3.11734706868 -0.845890759774 2.55757422543 -1.88139446358 1.5015628193 -2.63875384168 23
72 7901.33599431 -7.26721834663 -1.70164048843 6.23296631765 1.09603128329 -0.854759516058 2.44351035081 -0.45048622468 0.200660190149 1.00382849132 -0.361218305975 0.872468438875 0.936420498399 0.2244613296 -0.0944144416721 8
73 7985.77925501 -6.78177825154 -2.04429972527 1.23625191322 -0.654568440606 -2.98882848192 -1.74777081063 1.14472358101 -1.21644872905 2.55484491398 -0.931386871711 2.8629898581 -2.00964614413 1.71187025944 0.228827878649 2
74 8081.05117829 -6.52895076701 -7.38897827772 -0.693421669532 2.07267264559 -0.192148907864 0.672760908771 -1.05660419878 -2.98186593156 0.214879383431 -0.477374635959 -0.585292130955 0.626890723274 -2.65048145651 -0.83496175562 25
75 8179.73445341 -3.37851862973 -7.16055199855 -0.0384200223542 -2.10554087963 -2.0564998701 -0.0014972575386 0.736486652501 -2.63774377479 0.544767501993 0.442748142394 1.79328404966 -0.63868521344 1.29962996705 -2.05821168364 22
76 8210.822488 -4.03079921178 -4.73461551199 -0.621398678597 -2.43756277086 1.44603892798 0.139985753398 1.54952961831 -1.15136281322 1.44120284008 2.51921653037 -2.97619206039 -0.923276965973 2.22027729255 2.57367548094 22
77 8237.20354307 -4.73139808855 -2.38314928833 -2.77334523369 -2.76512460408 0.0493547619941 0.773700567863 -2.34030820992 -0.340685087584 -2.87626886961 -2.93700201651 3.10684717907 3.03499165778 -1.37281628701 -2.29559512916 7
78 8293.38357519 2.17077374767 0.134479696657 5.38417020609 2.05512513001 -2.21442104511 1.00999630816 -2.50273817564 2.25293418619 0.163354660052 -2.61516275419 -0.86731604931 -2.38553350008 -1.82391978264 3.13475494474 18
79 8324.1874683 -7.11949060353 3.41328818213 6.0744021666 -0.169292232277 2.43300822768 3.01837850912 0.517930890208 -2.38489202358 2.51036732235 2.11615888104 2.85253179847 0.266874125144 -0.508461330095 -3.08683514269 17
80 8358.58496986 1.85925035998 -0.418030472417 0.660361196428 -0.702970926878 0.0158822806813 -1.32887597179 -1.46681304492 0.0184009884096 -0.860337221333 1.54760041141 0.180225515217 -0.03496103641 2.53685520092 1.97056937856 3
81 8442.07264389 -1.09145238621 -7.3442094645 -1.81792719121 0.639051806308 2.56645345041 -0.961726745903 3.02346830787 1.50233327687 -2.10361858426 -2.77158158807 -0.707765909133 2.12224420229 1.32832478144 2.01520190737 22
82 8562.76550979 -0.796244947537 0.375772206945 2.41058125098 2.12128142009 2.24276975814 1.88505543627 3.11482154947 -1.15130395415 0.328094254589 1.47712582543 1.56568307287 -1.00290161101 -2.40328379494 -1.34791697021 10
83 8573.91464668 -1.94081550198 0.0505747813885 -0.594931941261 0.770217842233 -0.781709533826 0.223638661934 -1.94551961664 2.63084738686 1.85608443985 1.5470153133 -1.44749760641 2.09919238071 -2.11767710463 1.26939634712 13
84 8596.56714719 -6.77378275906 -0.0355391011782 -0.593397572424 -2.02279187557 -1.97914773918 0.945657611468 0.754789599969 -2.28865846536 -1.97815086749 1.23600405526 -3.07975595929 2.26249203533 -1.02656837051 0.104629152973 16
85 8625.7386196 0.871367152873 0.148505476088 -1.93910430194 -0.271774523719 0.903321936348 0.437142645327 0.596032901048 2.70730324197 0.0497756715722 2.13584511587 -2.29856743979 -0.113847715969 -2.56751418259 -2.26548232171 15
86 8645.25241942 -2.28921672762 -3.73076017473 7.05551129174 1.03008584366 -1.59293365111 0.0460591404625 -0.24040027548 1.1837984701 -1.82901470848 2.17640640473 3.08840091665 0.220763296566 -3.09095232789 0.248724510358 5
87 8657.7602412 -0.49966782918 -4.50894003574 1.16372565592 2.92902661383 1.66213085608 -0.673218746678 -1.61654844085 1.54241775544 0.0912316684685 1.73491866212 -0.53289441268 0.676526152976 2.89206054057 1.57376451325 21
88 8668.73359401 -7.15268156587 -3.79782848685 6.4808206842 -3.12072635198 -2.8932870722 -1.87649756694 -2.88545719453 3.10852523144 0.124609209841 0.766161755309 -0.447524819083 2.68440774638 -2.23463039142 2.77139743881 26
89 8867.21622772 -0.607197529436 -1.03960970774 -2.12034685746 0.276780672189 2.14341584414 -2.40207884125 -0.914405926323 2.27831318602 -2.71394700148 1.09142006038 -0.757259780327 2.99399996249 -1.88380984554 -0.665115781466 4
90 8964.22626082 -1.44740105627 -6.72828507899 0.474632615772 -0.311145881115 -2.3287988872 -2.17085020383 2.64431471087 0.831946307903 -1.33223853308 1.58713593642 -2.5217965954 2.70518374656 -0.706558021855 -2.02976156127 19
91 9145.6088999 -6.34913770518 -1.15813428546 6.96021186258 0.49702665516 -1.37459508398 -0.722692922877 -0.0344241301957 -1.51089317073 -0.756201845257 1.55356609392 2.18262841047 -0.142103327944 -0.629024774877 -0.437163694917 8
92 9175.32699442 0.885907247882 2.90470873666 -3.28765415412 1.74977251379 1.65917033624 0.428139068922 2.02612129605 -1.9483643038 2.98751775099 1.07472218144 2.36110379719 0.0117928207645 1.88815182117 -0.523607820668 15
93 9219.50193135 -1.48152877845 2.21919513073 4.61496172383 -2.32904168454 0.951823419757 -1.61684605575 -2.68613395755 -2.00109663334 0.390566561979 -1.17965866394 0.94240896054 1.46488660269 2.11902342073 -3.00717014821 14
94 9276.99761376 -7.47884566414 1.12860851428 0.267979709546 -2.24348334051 -1.61016403395 0.154657336447 -0.227488748604 2.96687319099 1.94029219485 2.82773155073 2.33410939697 0.92594311388 2.44151997821 0.69734810725 11
95 9335.21135813 2.59673304307 -4.83975558477 -1.12308338402 2.64689319928 -0.412181206351 0.391800925184 -1.64629822963 1.34917419916 3.11981327496 0.317018333568 -0.384343117644 2.19890261551 0.741647029607 2.94466101074 24
96 9362.96186667 -5.13995801168 -1.36539224586 0.522449183542 -2.72439947698 -2.86440158345 -2.54534632433 -1.36330778608 2.19271570653 -1.27415944233 -0.99947299707 -0.68050133213 -2.11516693898 0.257390852777 -0.638786057316 2
97 9376.28570088 -4.65737319413 1.91231678879 3.82463544342 -2.03335543325 1.01170986021 2.81754924162 -0.214771318012 0.616878653291 -1.05982583752 -1.37949489606 0.617536656621 -2.19480615481 2.86928036501 -1.91519867527 11
98 9411.07289536 -5.83929121342 -1.73145780744 -0.398360072052 2.78490806805 2.79928334103 -2.10139722708 1.86285821306 -0.79231363235 0.00963487910644 2.877905795 1.55326790475 2.76388134831 -1.23381332107 -1.3183514411 7
99 9414.90896672 -6.40140169537 -0.419113477126 2.4155450727 2.97540958796 1.60704776431 2.69566328343 -2.62129916203 -1.78822145557 2.63769477055 -1.32457701525 -2.75034866271 1.91132263117 2.79458343394 1.42134288498 2
100 9416.48814768 -3.76143451715 3.37219517686 5.86925819518 -2.69975445748 -1.68919045477 1.38930291141 1.88685022081 -0.663371349631 -1.88964146902 0.244693245226 0.247379863951 2.12333753198 -0.724444322651 1.96353894005 14
101 9437.10277524 -0.877967321969 1.09217277368 0.579799731282 2.08083370368 2.16127158095 -0.533350020409 0.235295848867 -2.91777222355 0.0946338631436 0.832208618961 -1.7841424489 -0.792339825601 2.09265014906 0.566748544971 10
102 9480.35693063 0.0717398104493 1.67242296947 0.58759424128 -0.0838162526971 1.65451224378 -1.21660701717 2.17854635489 0.0302642152156 1.30305742929 1.34393249052 2.557171257 2.30926737824 -0.694756108353 2.00684769914 12
103 9534.31796002 -1.17481285664 -5.38733024178 -3.23166139009 -2.50169065194 2.99998605136 -2.82387861213 -2.79637960239 1.61109348905 2.03366685785 0.304842994767 -1.35815485944 -2.47311946618 -1.74801241135 -2.05247161032 22
104 9626.26353927 -6.98701866289 2.46062763215 3.82048950692 -2.06963428247 -2.99136201793 -2.60319894071 1.76971297007 -0.502483035601 -0.644592327636 -0.497027745866 0.115566153594 -0.816053879278 2.07254158883 -1.63584768005 11
105 9775.692836 1.89070914301 -1.78315111903 6.36276499088 -2.34401004661 -1.24474072858 -0.447192980398 -1.42783741719 -1.55620881155 -2.91312694291 -2.73831886731 1.92188301795 -0.0659105397267 -0.431363294628 2.83349252977 9
106 9778.58833041 0.43955541803 -6.94784251869 -1.44545632296 2.69013592226 -1.23444342371 2.41559632708 0.233228987609 2.8326658185 1.6218071265 -1.7810843492 -1.76349608561 0.367324024484 -2.69487637636 -1.90312192082 24
107 9802.18534319 -0.783577827668 -2.84218979343 5.74230401877 -0.405409676503 -1.48306079111 1.08871180722 1.2089352157 -0.179836301914 0.595755663353 -0.879169085241 -0.562005139708 -1.13796167429 0.493595506978 0.0590193811564 5
108 9947.86260211 -6.49969698439 -0.865706735084 6.53663183848 -2.98983007896 2.87306666849 -3.07548982065 -0.729059290061 0.32432269678 0.966343874245 1.69513532597 -1.44431208977 -2.30389041544 -2.95294753877 -2.73673095977 8
109 9975.41056935 0.253756434742 3.40457352007 1.55991729839 -1.7751888969 0.434440102053 -2.764924895 -1.10193503075 1.96093267037 -1.54083053617 0.0721854467088 0.237270059511 -1.54132508555 -0.537907875448 3.01859333185 12
110 10036.143221 -4.84322377223 -7.22358848082 -2.18167627384 2.02637555318 -1.67036366864 0.944518203377 1.33230523249 1.70528358916 -0.715899016874 -1.04915185827 1.39834710045 1.36345767545 -2.32205884974 -1.53031004886 25
111 10048.0191641 1.80644548236 -2.12602057203 6.77085483067 1.16941069019 -1.11677608572 -0.00984679915768 -2.38216848209 0.81869626573 -0.81981008718 2.50254136899 0.204959346943 0.189397122008 -0.877305194527 -0.362915430092 9
112 10127.5101812 -4.78318387783 -1.35416776429 -1.81039658182 -1.83353201666 -1.31819786497 0.832430216241 -1.20311882134 2.30790016564 -2.13028709705 0.513883927513 -1.88638577066 -0.0840127309033 0.985729738272 2.19932594959 7
113 10163.7436413 1.58369390626 -0.559536922129 3.36093700428 2.70164122447 0.875317312084 -1.31810806114 1.39282762943 0.901654202622 -0.178853932084 2.39483607234 -1.32674737445 1.826531682 -2.97067192655 1.51667569152 3
114 10175.7703695 -1.64581621623 2.79667257924 2.55391528585 -2.73101465764 -2.88860318623 2.96463439807 -2.40692269671 0.13479807499 0.658081810287 2.86851553864 0.907140556176 -1.13333428772 -2.97120829469 0.383689972238 10
115 10178.370848 -5.85551840989 1.27114978288 6.09943845101 0.42301389095 2.24453912714 0.999598239181 -0.279853646063 -0.450309590908 1.5954941996 -2.39718523612 3.09958978067 -1.65317391862 -2.57512952399 -1.34930893432 17
116 10189.0982706 -4.97263210157 2.19669209394 3.84759157436 -1.72877267623 3.05429740805 3.0449597198 0.806155566442 1.03089876848 0.117274647963 -0.154998721111 -2.57970844984 -2.75485309889 1.88831952336 2.19027844838 11
117 10195.4363302 -7.77774504205 -4.37211522692 5.19068126816 0.910484663893 -1.84977502394 -0.657180114208 0.835547836308 -2.65145529264 1.76519547954 -1.55780611851 -0.69404327924 -1.02854272676 -2.34337407769 -2.60129761109 26
118 10210.5977108 1.92948744033 3.32490663732 2.07051556433 2.47834929172 -2.36037310663 -2.7601065532 -0.420648724928 3.03001611659 0.485972787507 2.68523840039 -1.61408754574 1.50414738341 2.05608677407 -1.77237949091 12
119 10218.6543748 -2.76819514122 2.81747911844 -2.82670899038 0.916996819136 2.79430738603 2.1626146423 0.399091726554 1.88956384137 -1.25506912516 1.7499964125 -1.84073435446 0.692731286029 3.02015632235 2.14853655441 13
120 10331.1071456 -1.63869066458 1.49999410439 7.0667010287 -0.0829663097145 2.05956326936 2.22154559391 1.20521962924 0.222984609092 2.00112920147 2.43497883311 2.03119856272 -2.94948608099 -2.31917764965 -1.12940719134 14
121 10423.6853089 -1.07159198196 -0.965378375968 6.41491741382 0.937357639775 -1.81464747894 0.0174592392898 0.197147892807 -0.942157572407 1.73988247156 -0.0833266938399 1.0073975809 -1.71440994069 -1.27583127375 -2.9844849293 5
122 10487.5859415 -0.623411316401 1.61602368597 5.02951760834 2.24338320547 -2.18185212965 1.42633891487 0.32507564635 1.38990493885 -2.00227466835 0.617300080321 -2.21914438999 -2.22939268675 0.0284940249586 2.88968234465 14
123 10488.626936 0.302813087785 1.08278491985 7.29398240098 -0.00933183466319 0.57872008704 1.45148980224 -1.26656954714 1.69350127203 -1.34957696184 3.03297472723 -2.39502449331 1.20927690977 -1.16615220387 2.70152452208 18
124 10586.5813119 1.49311596532 -2.47552913172 4.98233221697 0.937546061234 -0.233003335344 -0.572280373417 1.1389901325 -1.99357364043 2.08217210402 -1.06174241548 1.02989764428 -0.0569714193837 1.3595215634 2.35507838133 9
125 10619.8278601 -5.37269937271 -0.523488722401 1.99700673665 1.79814165405 -1.19281837518 1.02024681701 -1.27636575595 1.8454549971 -2.33798889181 1.04882591173 1.29585505724 2.33501641542 -3.08321113577 0.869345659639 2
126 10636.0435746 -7.1180631858 2.45497252671 -0.796969700224 3.07173122465 -0.066009176965 -1.24134347137 1.88513408915 1.46020000429 1.15149235408 -0.420876432858 -2.63631200336 -0.258638146261 0.38579948882 -0.689599545382 16
127 10687.161135 -3.15888720922 2.2114354294 3.34866733367 -1.59534975063 -2.01235526105 -1.70837462313 0.806965921909 -1.74236064734 -2.942479388 -2.06235714322 1.84130890053 -2.84804190483 2.33757110397 0.501907374063 10
128 10834.2854828 1.85265122433 -6.89439572844 5.86962949835 1.62979766441 0.842591501375 2.42531307161 -1.54944967906 -2.16431215216 -1.4195038114 0.219350811948 1.88527839847 -1.72877569427 -1.79449247125 -1.68345417797 27
129 10867.343279 3.11063029859 -6.36650787645 3.23246592042 -0.887984695419 -2.83994715449 -1.47674238055 -0.856972496265 -2.66358850581 -2.97530135858 -1.87324997606 -2.28438005608 0.553888798121 -2.9306389218 -3.05817687394 21
130 10916.3453941 -2.15012187614 1.07664854308 6.37419824525 -0.221208742378 -1.51660485106 2.59750270446 -1.46205104723 1.00237944746 -1.51290271625 -2.03121446486 1.76883202333 0.439943138553 -0.779747338845 -2.06028176383 14
131 11025.0310939 -6.71164072567 2.72248962493 3.80459965252 2.33972351299 -2.02491740933 1.23640504823 -0.0583407540915 -2.12546086734 1.27503974074 2.35096770945 -0.43694090981 -1.242138464 -1.22263381069 1.75234233447 11
132 11028.3152872 -7.4544709684 -6.38159316852 -0.630105183543 1.54203268693 1.85864648854 -0.10558845235 -0.672695970233 1.59980096082 2.41241559059 -3.06427573658 2.48265804764 0.250404027607 -0.595887031278 0.506133120575 25
133 11110.0639317 -7.74904078541 -2.49326567875 -1.28586317125 -0.228871861783 -2.76026281248 -0.864655135456 1.11280911385 -1.89906864841 -0.0542688691597 -0.140687491903 2.01441212455 -0.393980664126 -0.853365118627 -2.77516674183 7
134 11161.2073629 1.1938522555 -2.96960354866 7.50865788255 0.841473829589 -1.53352926895 2.45343215932 2.73698394795 -2.39552141203 -0.28110787615 -0.555280595346 -1.76118431073 -2.39340037474 0.136887927895 -2.11666880721 9
135 11270.1709714 0.67119666779 2.43596105464 7.05534979048 2.22445023915 1.71304819776 1.17676098871 -1.09965865407 -0.70222890925 -2.82356253673 0.999522086403 3.13886662896 0.826320599086 -2.93055999912 0.0294720428093 18
136 11322.1426032 -1.16307029301 -6.80777132736 0.361800233869 -1.02041287121 1.40255121595 -0.655036430599 -2.94858200091 0.253206931801 -1.64476831932 -3.04259351319 -2.85196755321 -0.805723785356 2.82559659374 2.9840291685 19
137 11350.7391048 -2.97171388126 -0.142782855023 5.47023048666 2.32610131594 0.0512301975444 0.870208948879 0.551787284307 -2.07745188245 1.32147798449 2.55821528309 1.6556378222 0.330537761973 -0.908125741781 0.248998668834 5
138 11420.6963062 -7.48550491033 2.33215820545 6.40942893474 -0.565413708177 -1.428993607 0.287915923369 -2.09011718003 -2.81600519404 -0.956208735471 1.67915615771 -1.16934839363 -2.25480167086 -1.91376248986 -1.68369209502 17
139 11823.0594771 -3.61938666706 -2.49067993234 -3.43383601018 0.802839271117 2.34553812823 2.77981906639 0.746588276049 -0.199947927672 0.0505550087676 -1.96065271305 -2.05404375964 -0.798732031085 -1.85485707376 0.248020721555 4
140 11927.4710663 2.38241564596 2.06350750075 7.43869040935 0.705559472052 1.74387993745 1.78610800789 -0.0407177758529 -1.01943053235 0.487305061999 -1.88052654266 -2.55527677328 2.64490710112 -2.22614701044 1.14866383951 18
141 12276.4152239 -5.18732167218 2.43471449935 6.15006751586 -1.22494950578 -0.359348592917 -2.07361004526 1.65148167115 1.18340521555 -0.645644844186 0.300023939793 -2.14870389715 0.425915722963 -2.4348363876 -2.41457192787 17
142 12310.7857238 -4.90364648897 1.06450349224 2.62026704479 1.57541321729 1.98512554886 3.06281684521 -1.90224228378 0.433367375348 3.10990013745 -2.57066900136 2.67446139872 3.00749127983 -2.19586887736 1.60687803916 11
143 12312.8106391 -1.05561023024 1.86760491103 7.05373219744 3.08937673165 1.31713613783 0.915963631792 2.79095850048 0.541108511608 1.59722836047 -0.935774310081 0.727233015603 -0.338998227285 -0.843437062434 1.859059136 14
144 12340.0567803 0.436010774394 2.14534896733 3.25014812009 -2.54194020783 -2.80440199556 2.33162722349 2.36691521403 1.60108612583 0.115074924846 -2.94727003121 -3.0164629994 2.98273599976 -2.11827804401 2.85797806826 12
145 12777.5517398 0.586929487505 2.50524211396 3.53599818707 3.01642744007 0.803529446623 3.13651339095 -0.864829961731 0.119794261082 1.24171449072 2.75563569569 1.41596104083 1.26746311472 0.437092450247 -2.3508396683 12
146 13143.8644289 -5.20329721693 1.84896576244 -0.927275101521 2.20385761139 1.77505285574 2.47896372925 -1.27873723521 -2.31910095333 -1.72692932957 0.779958610264 -1.88543616216 -0.097402705273 2.01846363776 -0.201410587571 16
147 13338.5334875 -6.67450479303 1.66254134315 -1.86755358336 1.12496000304 2.14280230284 1.38912182271 -0.202605267951 -1.14307652742 3.13318727352 1.07906842666 1.22320946896 0.57035220836 -0.279743228952 -1.2585373527 16
148 13464.2533101 0.793057130263 -7.36691672598 4.23251040243 2.17231576713 0.682349081733 3.05481806571 -0.807969626593 0.934141762031 -0.691301915423 -1.21439902657 2.06450093395 -2.93237801683 -0.269973893689 2.27648020008 27
149 13480.6835013 -7.40672501172 -2.73825753844 -2.00668937671 0.144607691124 0.969346052673 2.86578311562 2.13278758538 -2.57392145431 1.76057690638 1.59043269027 0.543378237065 -0.746983833261 -3.09611797082 -0.138292941245 7
150 14387.0369182 2.80577233065 2.20077188932 6.55908573307 0.514398376145 0.273741648878 -0.770091620585 3.00102212978 1.80054073797 1.81853061363 1.3081619227 -1.53533978096 0.98349398294 2.75084691504 2.86462229981 18
