 -0.033842081607 -2.85049136054 4.07927889381 2.07110761489 1.08294053878 0.737012558959 0.893961410479 2.5890302401 1.854583166 2.45538555156 -2.62103944983 2.84070904205 1.5569293 0.247259567687

1 1490.92410113 2.49848856866 3.97619187139 -3.90001794994 -2.03141438666 -2.59108846862 0.319429781941 1.92778009094 1.96551609199 2.51652018351 -1.60387253002 1.8252302379 1.35672008756 -1.41135321037 -0.400450826112 3
2 1856.92201707 0.0901222739339 1.58433256694 -3.78072783207 -2.2320464861 -2.88825104249 0.813423293619 2.08258677925 -1.23923734154 -2.7852757677 2.32563322805 0.880380844157 -0.561151615011 -1.97321856945 2.27539906757 1
3 2997.21746889 -4.23485107414 -0.639583478327 -0.502828058926 -2.32896403454 0.255409971013 -1.22672909895 -2.6000000691 1.6488681948 -0.0861095048425 -1.71297720552 0.41547605356 -0.630156023667 2.91394345018 -2.22847509082 26
4 3070.94368046 0.43832561459 2.26659452245 -0.849920629959 -1.65497233235 -2.19646757949 2.6378046127 -0.159995743678 -2.22529285202 1.60537276917 -2.3068802368 -1.95095214005 -2.91282607098 -1.84944397654 2.38560621442 5
5 3842.50817134 -1.45943430255 1.42221755609 -8.12004839964 -1.78772352864 -2.46549189092 0.88207327029 -2.90131095402 0.729686599916 -2.86281414343 1.18877818687 -2.92954359248 -2.08249303757 0.0477708085049 2.47010837332 4
6 3925.09862131 -2.91129708956 2.96843614337 -1.23676924226 -1.74024247874 2.330556756 2.82283056621 0.897885354686 2.45574703174 0.240076467669 -2.50894090678 -0.189359260669 2.95938357208 0.430015643233 1.54053350939 8
7 3985.66379214 1.23140604379 0.987095655006 -6.44788171779 -2.88002802477 -0.00454599772327 0.452497872249 -2.65991426086 2.86122058035 -2.43997776126 -0.780640013661 1.72272981617 -0.303785417959 2.41593278592 -2.09287135193 22
8 4307.33997052 -4.68867158886 -2.58459532475 -1.15568565201 -1.32122791169 1.14206234043 2.41135686662 0.292153216674 0.627972760643 2.70799773632 -0.340117656093 -1.45809283139 1.24581311028 0.539627092871 0.603427090184 26
9 4409.02761598 5.33293396632 4.37133592125 -8.10335192186 -2.05593218948 1.33078079729 2.34962183615 -2.66334976143 -1.88325076282 -0.307783813299 1.34739759392 -2.97690973863 -1.56038430748 2.81023737445 -1.79972021885 6
10 4433.12483829 4.99338656615 1.02798640812 -9.22072311701 2.56662352865 1.39405141846 2.19842973109 -2.17088882455 0.726072757528 2.96330515065 -0.352719895992 -2.94273060508 0.839150188015 0.683241977025 3.04849290095 6
11 4441.70091932 -5.36557824399 -1.18790613938 -1.68179860201 -2.51193968128 -2.69132444395 -1.95143086443 -2.62467342696 -2.72130952067 1.59759938217 -0.336929522783 0.70129262343 0.815334789955 -1.32306389431 0.441436776724 26
12 4495.23046636 -0.113679022651 -0.205947544138 0.395686026867 1.18919383469 -2.19188897916 -2.0951096323 -1.00736044907 3.05425673747 -1.30098822346 -1.14550515742 1.44582897778 -0.956285127276 2.5386031006 0.635938434738 23
13 4602.94894734 -0.0781764834423 4.04943202885 -0.372053969048 -1.88237646656 1.20307983149 -1.6928921887 0.817754614937 -3.00058534355 1.610284249 -0.533387745184 0.667786295754 -0.770416999579 -0.692741198694 -0.868080477552 5
14 4661.4345777 -3.39539206397 1.44226625681 -2.30119335239 -2.48865427681 -1.67884371865 2.96865273462 2.70444133296 -0.906017636377 -0.282238901185 -1.13406244608 1.42598775653 -1.0683135972 -2.97852993973 0.661907820934 2
15 4694.07144279 -2.07514978332 -1.8516761541 -3.40778522448 -2.00667970959 -0.402407266714 1.45671925175 -1.27415462876 -0.128082293092 -1.50006702594 2.51696241547 -2.58734077444 2.40859328238 -1.44921983976 2.63506995441 20
16 4738.28906815 4.19378907932 3.32568096055 -4.19897116947 -3.11376309552 2.1162671142 -2.57626345681 0.987605655824 3.05737129192 -1.72979835114 -2.7187758376 -0.485025531493 2.23982872919 -0.235310611178 -3.03894357362 3
17 4846.78806674 2.26934875601 1.64306444495 -5.99908953977 1.36918084932 -2.19207809351 -2.14990037265 3.02619096797 -0.156354929689 -0.6717637235 1.89543254658 2.19428522148 -2.92829799306 0.0315026946638 2.01603985078 6
18 4970.53085888 -0.866909014981 -1.78095491715 -4.15959464401 -1.89138006874 -0.818557981039 2.57451223701 -3.08756546508 -0.156487891 2.56345097212 1.79439869813 2.42447196683 2.12948589708 1.1418387138 1.74918457663 19
19 4972.1853408 -4.99381797189 -0.42336161663 -1.8819220432 -0.341014513365 -0.629950088381 0.379289560047 -2.67557800264 1.25767378656 -0.807268006745 -0.723643639177 -3.03966368215 -2.49543471223 0.511155571947 -0.665769379387 26
20 5072.37300874 3.79204323441 4.88789118118 -4.84563594491 1.09438284454 -2.27271698012 1.48235481028 -0.354234372617 -0.60727293512 0.30491593662 -0.563843614748 1.51874727845 0.233728871503 -1.76789329576 -0.127262369303 12
21 5192.92453137 -2.25042271259 -0.588567553856 -0.737798329802 2.62836997682 -0.153854307875 -1.57322181758 -1.03045388575 0.00104254473181 2.21706420498 1.98405592186 -2.89182627642 2.34812268821 -2.2404149891 -0.235130642761 26
22 5228.83591635 1.18283462221 -0.469802284209 -8.57007006154 1.41038725532 0.18145112748 -2.684524756 -2.46579124707 -0.205255292006 -0.734367466647 0.325186902645 -2.42907482982 -0.0578602517654 -1.33748359434 -2.7273176312 22
23 5288.01197368 -0.788988251014 -0.129772039554 -8.23541055262 1.1559680267 1.29492935686 2.8593795565 -2.92786836557 1.05027871582 1.24831071156 1.48442515792 -0.204876605831 -0.378915915841 -1.71381524456 -1.99998326139 22
24 5326.59694827 3.12130847637 4.74789225306 -8.97311310498 1.47098289024 -1.39561641297 -2.15020553612 2.05573870433 -1.18643737476 0.239982131632 0.844045479536 0.852407819201 1.87427585287 -2.49843539999 -1.932596533 15
25 5378.13054882 -2.69322985742 -0.511352078252 -4.83810768925 0.865837208055 1.26489686259 1.35843475496 0.401942001857 0.404548551733 1.85144286276 -1.59099055921 -2.06598835813 1.41585678675 0.807535562928 1.13140788463 20
26 5411.64968104 -0.868783562713 -1.30410265295 -5.59481070239 -1.58615491209 2.70143184327 1.91444842589 -0.061701592035 -1.36979959408 -1.25402065686 0.0835546619076 -1.25111198385 -3.07821807855 2.24826742332 -0.195837001037 19
27 5504.2545844 2.86980441623 3.86149749409 -0.445497949667 1.17641773331 -2.01699907595 1.87616388632 0.631723852765 -2.96614220066 0.715799313201 -1.61868755106 2.13665633663 -3.03842406056 -0.631312810241 1.45627107689 9
28 5579.97137701 -0.711158300958 5.36516676189 -5.14922931051 -2.77820748163 0.595336964183 1.29063430781 -2.00211800678 -0.527860230287 1.78154144903 2.27111291472 -1.27026794497 -0.541527032275 -0.152926801753 1.25256516967 10
29 5638.94292652 -4.35896316545 3.20724100462 -1.66726777411 -2.73526590667 1.89843638492 1.18186861926 2.0080613662 -0.644359662038 1.97310065088 1.79363714397 3.1375775612 1.4136396661 2.57170902284 2.72180725923 8
30 5712.39025015 -2.62329266884 1.77915360278 -0.691020398095 3.03921873004 0.527751450327 -2.888706557 -3.03075018976 -2.75989616096 -1.38726785142 -2.66985652006 -0.873433682353 2.03829202488 -2.35921805559 0.613246020496 8
31 5791.02232539 3.11875037714 3.35635467704 -3.96694101388 1.01358680097 0.633020572864 -1.53461754242 2.16382159898 -0.674949364187 -2.26672766709 3.061151778 2.19200085664 0.924623117509 -3.12252265121 -2.17327982544 3
32 5955.05520385 4.01013555634 4.99522369322 -6.20029021722 1.02314760213 2.53216177579 -0.878314894914 -1.61857587155 1.09961992055 2.32892043417 0.809673869493 1.28730040988 2.45637515823 1.52030026674 -0.0177578017619 15
33 6017.0768687 2.28159990781 -0.244238664976 -1.56725575723 -1.52769308753 -3.04539725581 0.475042749537 2.20909719338 -3.1041258271 2.40269861567 -0.921712394924 1.68161358127 0.853559928931 2.48920734838 -2.96709762794 27
34 6020.93421134 3.66971550828 0.093754418377 -8.31406848412 -2.2995237663 2.31957073526 -1.50722342479 0.860706885743 1.55521167415 1.1148813818 -2.96877475663 0.0319852107678 2.63420500247 -0.352761339703 -2.92920168356 24
35 6125.99881149 3.09861827787 5.28582770468 -1.57682848597 0.871819829895 -2.22156500577 -0.638079673086 -2.62264808864 -2.56726465476 1.47423157368 -1.46356681853 2.78525422124 -2.9319630616 -0.758561678028 2.92309771565 18
36 6154.32509119 4.32208224995 -1.86852464012 -4.93894686815 -1.25024304286 -2.42390910609 -0.807467831565 -3.0200677744 0.105913940608 2.42100941626 -1.31731034673 2.13832654572 1.70083228086 -1.28236261669 0.199402876886 21
37 6216.05256943 5.36301750691 5.4958276869 -5.64185950496 -1.72094636035 -2.79773455009 -2.85705481804 0.516588682583 2.96134683835 1.50641273667 -2.81932958345 -2.68010288964 2.83062940188 1.5138478209 1.10938982639 12
38 6247.97510927 4.40154128127 2.34640491317 -4.31556842306 2.66741815571 -2.07974996241 1.75467704183 0.168154526496 0.682191048918 1.07104833129 2.77009054484 -2.88301594695 1.82974459995 0.493905550119 -0.197318640407 3
39 6371.18400215 4.3473174718 2.83651460991 -4.24419281481 0.946553761957 0.435238521908 -2.3368724426 0.575737872747 -2.12765556955 2.10815839931 -1.26365748628 2.56061242542 -2.19494165836 -3.08032765087 -1.14492635915 3
40 6404.81148413 -1.14697246666 -1.64723099295 -5.94157213497 -1.70667499558 0.269365140559 2.61089295879 2.8755693814 0.769624935207 -1.47520485946 -0.0615830656057 2.86489112374 2.236596694 -1.17682188474 0.0821333592863 22
41 6435.60999337 3.94926060437 2.00753400943 0.00522468895459 -2.76910158026 1.95000125347 1.95749348442 0.64802013234 2.54649930089 -0.13704526305 -1.48989642959 -1.60014180337 2.04434536438 1.80092773813 0.0762113099002 9
42 6492.36641649 -3.68789274082 4.2452589592 -7.15297074952 -1.85321621245 0.40260072108 2.76265722098 -2.14060981198 0.743091508513 0.576974226864 1.70415495687 -3.08362755795 -0.214385774547 -0.586421193907 0.368716491364 7
43 6649.05520192 -2.19605965479 1.95883052083 -1.44868445009 0.480316370173 -2.72240035483 -2.74879272222 -2.53292695969 0.8294351514 -0.780279515619 -0.323651435123 -2.3164727663 -0.527770333341 1.81700103916 -2.04498844215 8
44 6655.20073971 0.645370765075 3.0825095164 -5.76016435275 -1.33787161516 -2.54855628009 -2.50422610398 -0.725765760812 -2.14899345857 1.56531416241 -1.0971608352 -1.5096635307 -2.65374822082 1.27734957561 -1.01726131845 1
45 6701.64756708 -2.94066694492 2.09698678136 -3.39430241707 1.97812326978 0.986524897769 -0.22474817853 0.410579207107 2.02674246434 2.03638622056 2.8621770688 -2.19243240729 -1.84460283339 -1.56883681772 -1.37587061814 2
46 6727.15401827 -1.58145530031 2.38956448181 -6.40450325063 2.39500937094 2.64158630022 0.595557391422 -0.171850061495 -1.121750556 0.655693690068 -1.25602934469 1.08221602253 -2.31305499049 -1.70954634409 1.37448935978 4
47 6754.77109825 3.98124309878 2.52196421869 -5.99252715725 1.7055638595 0.629261565787 2.37052768155 2.85928504297 -0.556834928705 1.99140452709 -1.20625205099 -0.720726849069 -2.80542332105 -2.00005259943 2.57031604417 6
48 6939.85408785 -3.73378007928 -2.52938043032 -3.56391992817 2.3095643835 1.2510972638 -1.52152270559 0.62412567943 -0.738691067364 -1.50844084024 2.51377134908 0.977657902293 -1.18741825439 2.84116571635 1.92523527877 20
49 6960.69161742 -1.59999295464 0.482705655741 1.03967870485 1.63123789627 -1.16329277384 2.4163168401 2.18855491843 1.90872844847 -2.40374225315 -1.93254763178 -2.99996928901 1.3163237361 -0.963630520944 2.73381826821 23
50 7032.11293521 -0.808082645889 1.57698567742 -0.665508228514 -0.171360875823 -2.1739269859 -0.978821343289 0.479750478272 -2.26058900875 0.846831010453 -0.474058105558 -0.973534244226 -1.18262074459 -0.210534063879 -1.97573388291 5
51 7035.26869885 -0.47814951731 5.42027743315 -5.67928677593 3.10044199935 -0.229349321334 2.58975196544 1.41647701089 0.862880410672 -2.89832578571 2.54492414681 -0.985210524802 0.0823457019911 -2.45063354573 -1.71054035596 10
52 7055.11725728 4.86726046705 7.11901941612 -5.83512205511 3.11497683134 -1.98871259613 1.93694644967 1.45344482398 -1.85684044224 -0.756833546193 2.43453683037 -1.51591755275 1.1830055672 -0.0475948981113 1.65557193314 12
53 7059.14365915 0.362375330501 3.23949736601 -6.20986889585 -0.990701967005 -2.12049947659 3.12061763291 2.66713969766 1.01843177399 0.194016741274 -1.11679675855 -2.37706605297 -1.33735182045 0.922571964002 1.13719502315 4
54 7254.82436242 4.82893670901 -0.734394388677 -4.47565246006 0.394961157641 -0.3098263579 -0.0573811994002 -0.38306333027 -1.75468725389 0.221414558028 2.87297602203 -2.13025560236 -0.329609808764 0.408883478917 0.048286243455 21
55 7256.33558747 -3.80849115168 -2.28533448292 -5.18839541175 -0.88707693177 1.67213865203 -1.77967383549 2.03598637057 0.270665245442 -1.9240602023 1.73696563038 0.546681793912 -3.12310633754 2.35835713735 -1.63577198244 20
56 7341.10333518 2.58272560669 6.59188281622 -3.74849191531 0.27187899205 -1.20958198831 -1.33573720801 -0.922036460455 -3.01584395604 2.16502994191 0.298143580971 2.55407819272 -2.30993232642 -1.36220995389 0.0227967624679 12
57 7358.25487893 -0.231538988983 0.810244934918 -3.19183066573 1.8809518315 -1.78795274404 -2.08259276958 0.0529404331392 -1.28873355005 1.75263531493 1.04698282305 -1.9667320507 1.62527780348 0.826120962168 2.25896234379 19
58 7379.71484179 2.7930462097 -0.15839090239 -7.35872736723 -1.38734028982 2.96085767137 -2.16098349274 -2.51607653042 -2.52297242836 1.34747644716 -2.12614680624 1.3763270171 -1.16628664786 -3.13604828425 -2.9275252494 24
59 7400.09388658 3.78933084809 0.80243435458 -5.54114048386 0.693262047566 0.707880829282 -2.00503448378 0.709614978456 -1.57216341599 2.09431761812 -0.237119582059 -1.26814819308 0.346887375087 -2.08057282946 0.842952424009 21
60 7427.26077952 4.5324079931 4.64816204639 -6.79106791554 0.196738633871 -0.0693833894531 -1.1424089723 -2.98185238159 -0.619255806465 1.78648396097 -0.264960835106 -1.57630179514 -2.17153055446 -0.933003490775 -0.373008320383 6
61 7445.15139271 2.71365288009 0.332894717593 -2.17897510098 0.185374008701 1.05631183625 -0.532816612164 -0.0149698589763 -2.1790014395 0.549563600136 1.53451321991 0.203619190343 -2.91698483795 -1.8808225453 -2.17734891004 27
62 7462.89041385 4.02895632959 5.29701925374 -0.79194869248 1.13591408327 -3.13524420483 0.384372752292 -0.475412123087 -1.10704073152 1.47058131025 2.91003215229 -0.778491244942 -2.01271736396 1.20703588138 0.823808029549 18
63 7489.34643524 -0.62066989788 6.1953378585 -4.2155895288 -0.354077593668 -0.0016739140228 1.6428560652 -1.87187325013 -1.58287133854 2.46262488721 -2.13767510287 2.17587308033 1.60144526216 0.0325225599511 -2.19932696301 10
64 7546.57618279 -2.52466865313 3.95145227253 -6.75333863259 -1.68052719233 -0.238490113371 0.640760739215 -2.24116239343 -0.0696914108717 1.4135604395 1.49678905898 0.464998117613 -0.521627984526 1.89222344359 -1.54267700723 7
65 7597.25777979 0.892830712969 2.52958464791 -4.66465739501 3.1132862467 0.918318945718 -1.09049239022 -0.26796257008 1.36886206016 0.599627921415 2.21652586607 -0.927662100138 2.92792554162 -0.0298504530305 -0.158566367809 1
66 7640.88589457 2.98802107169 -0.922728173843 -6.36389451023 0.413375405662 1.84603887618 -2.06414867438 -0.600077600874 -3.10758026951 -2.15010687403 1.11281787022 0.100422043676 2.32086002654 1.48081670059 -0.993437279062 24
67 7644.07934149 3.55361151952 1.02787756723 -2.94406198273 -2.37312315778 -2.34229346246 -2.79500472929 -2.73368920021 -1.34670496242 2.74180491671 -1.20878031737 2.54386255003 -0.431911767237 -0.732259101701 -0.158734511844 3
68 7750.36177267 3.07670647985 4.52821727631 -9.32224128802 -0.0600839324582 0.606433811139 -1.70561639423 -2.8402004297 0.256069449711 -1.63073072965 -1.76495078699 -2.05522841689 -0.78018641246 2.51978101431 0.432665149937 6
69 7799.2037404 3.59720740332 7.42991486448 -5.02718026568 -2.93596700512 -1.43211110807 2.09957149599 -0.784205043093 0.405435078128 -2.16535898003 -1.52332442044 2.77896647901 1.21937993043 -0.291714448077 -1.04567571543 12
70 7801.33035073 0.31345280499 3.49827730376 -7.21111529169 2.78236187041 -2.45613381249 -0.00446392851264 0.854025395129 -1.52487546434 -1.18551561821 -0.0731674937462 1.37540854935 -0.619126703242 -1.94400688659 -2.94410277853 4
71 7825.51215629 -2.56621578715 4.27727001491 -6.56684174837 -1.67787871886 -2.15069261162 -3.13532200443 -0.804249572831 -2.02384896344 0.476673418282 2.01781650323 2.71603444581 -3.0593790663 -2.30191583165 -3.00905755385 7
72 7934.32442661 4.7138016697 6.56656900047 -5.62421723843 -1.38862018529 -2.08649489332 -2.37851893979 1.77293217015 -1.12629884248 -1.0006730647 -1.44814642347 1.55420708518 1.18853972136 -0.634737395655 2.82838768916 12
73 7994.67074561 1.00202424405 1.53041717025 -7.98628034994 2.84074199157 1.74339895461 2.28167986262 -1.50387131991 2.8649174481 -0.872852807421 -1.60405128514 1.69091600801 0.00888290130096 -1.56647852843 3.08535539069 4
74 8118.81844515 -3.0268781649 2.62568474567 0.886779594546 1.62085527937 0.890883793173 2.41608393325 -1.74210162769 2.56303446109 -2.94217766899 2.707055157 -2.90780719149 -3.06018188539 -2.94652347875 -2.9521124044 8
75 8122.51024659 3.1205370059 3.42659143445 -1.05347621747 2.26689145596 0.963302236385 -2.87253827608 -1.82399653627 0.524574508526 2.51137471224 -1.97047980046 1.10657068655 1.76586669981 0.0531317863499 1.52572809538 9
76 8166.20844312 -3.73483820286 -1.62277811548 -8.56717041379 -1.86205702029 -2.22608476637 1.12956706376 2.46849044763 0.0657596043444 0.1988790818 1.10322077482 -0.114216913006 -2.0594814253 2.64933644834 2.87880060982 25
77 8264.38255867 -4.31395798713 3.74320674028 -5.61107285744 1.48041780324 -0.335629644898 1.69815905024 -1.07591318733 -1.63950296628 2.67417908955 0.552502360955 -2.86220801828 -2.81381544547 2.6025706562 2.3813481856 2
78 8289.18567281 -0.38532064009 4.44600319587 0.0622749527832 1.99425828351 1.9313894505 -2.81591975815 -1.81559097233 2.76495017139 1.02200678142 2.4377685143 -2.6670442692 -0.332410153099 -1.81467224807 1.48411813229 5
79 8301.29853756 -0.123539026026 5.92063814488 -5.73568023674 -0.248424208698 0.599356903638 -1.70804713626 -1.11715599583 2.13755499128 2.56043926815 2.98058548429 0.433008562812 -1.68105988145 -2.14710516934 -3.09967541625 10
80 8414.31626262 2.96060978824 -2.20441086266 -6.2699867037 -1.02199235429 0.292796009798 -2.16403065314 0.184929721736 -1.24486944225 1.98476282472 -0.660411229519 0.805225860885 1.71866359666 1.55408665047 -2.90040017733 24
81 8559.1054843 1.2922326212 5.49598229165 -6.0828718944 -0.677255334382 1.21943574734 0.22455881742 -3.04882632005 -2.18365892569 -2.35870405194 -1.41090008532 2.78314028613 0.488460683857 -1.0705969077 -0.354827519444 13
82 8599.44911372 4.39185336813 8.27914749379 -6.32776415549 0.978551170752 -2.19693584406 -0.757449223473 -0.334753637627 0.518396741657 2.48036810015 -0.616513595029 2.64112448323 2.91746226316 0.944494269421 2.24969693378 15
83 8681.11897784 1.15600438313 0.653502279373 0.792103985169 0.373994419964 -1.73913463588 2.7794304787 1.48847505359 -2.93467001704 -0.343510141427 0.94295221432 0.573668656224 0.423907110642 0.899740681001 3.09637115841 23
84 8713.75765069 0.707247079856 4.21945714249 -1.20240977368 0.289126083692 -1.96320812703 1.05112204635 -0.599348986421 -2.42921576377 2.71875769346 -2.65029832941 -2.89858096699 -2.59268428814 1.25227902021 -0.212878630063 5
85 8725.40546619 -2.2840704694 -0.0145455739631 -7.25406622555 2.80575039971 2.98838214062 3.07496473204 -2.72772753513 0.831579961061 1.98045997536 1.69793139952 0.955430279333 1.4301507284 -2.72171266298 -1.23518729714 25
86 8834.92600882 4.94991715273 -2.37577743209 -0.736282484821 0.717755556837 0.277178588981 -2.27652651167 0.250925174254 1.8381831503 -0.329180479204 -0.63530241724 2.32550909846 0.357634328152 1.81197495889 -2.17954918945 27
87 8854.90017478 -0.40152682311 -0.491373952384 -5.82024969857 2.79400590784 1.91632848302 0.66849417777 -1.1294354097 0.714753396562 1.46078216354 -0.451445938128 2.18473763629 -1.90127428464 -1.19505607874 -1.5669053455 19
88 8871.02318361 -1.20370977785 3.4432679807 0.857122784682 2.43944957038 0.208523290172 -0.270603494708 -1.84525196537 2.09178868973 -2.47670363033 1.17028758807 2.434373 -0.195744056277 -1.03403644004 0.133289163059 5
89 8903.42349727 1.71051925505 3.16149187927 -3.10067300148 2.26541724779 -0.363730136897 2.31708722569 -2.43309987024 1.51068979752 0.293252865931 2.00232390012 0.515268255629 1.4446335674 -0.575828027952 -1.68196734071 1
90 8944.7589982 -0.0878108031793 6.35411417737 -3.09957421921 2.49789341202 -0.844085902649 2.22504560311 -2.7023621481 2.66469017322 1.221114644 1.14437241968 -2.0934706774 -1.21273453894 -0.260020276215 -1.6332652419 10
91 8996.2615867 1.90194557932 3.85399561398 -0.675318036782 2.951988336 -2.82233210282 -1.72110754701 -0.53879323361 -1.9850384751 -0.654215814493 1.25384220011 1.20088306255 0.804252754364 -2.14791176996 -0.704607095273 9
92 9001.83779733 1.18886446872 0.792031463575 -0.594199434363 1.83941165077 0.401820948221 2.85267089096 -0.522439389334 1.47605547953 -2.06518892878 -0.818101075398 -0.71015955672 0.459766818164 1.96296918729 -1.46295364952 23
93 9091.91126677 2.30444325769 7.63959681626 -0.00633775684336 -1.20280073454 3.01016874774 1.40944360301 -1.41739766171 -1.8427601685 2.56131648696 2.10989509578 -1.47787407956 0.0601225226745 -0.984579808078 -3.0491123629 18
94 9092.0727145 -3.75903422466 0.325754272068 -2.75788156393 0.827061262037 0.282084108194 -1.67617569072 -1.59678971518 2.71225148714 1.90822104853 -2.81738956287 -0.159264042943 -0.409038187146 3.13975382643 -1.35231001058 20
95 9130.48551075 1.12400226692 3.45041307681 -2.39684140517 0.133173956872 -0.975396817327 -2.47828494583 0.537826218466 -0.454221657054 1.66507372466 -1.70622532753 -0.982654902882 2.25783016212 -2.74735629048 0.728711981196 1
96 9142.97382487 -2.32806088066 -2.2032076071 -6.7240862934 -0.0041100481598 0.27057687588 1.45621731069 3.14103651222 -1.90664539732 -1.76217864922 0.199180118867 1.00852832072 -2.34537258964 1.36017961914 -2.51300212091 25
97 9213.84548043 -4.77172828375 -1.92279662639 -8.40544339597 -1.68495558017 -2.4974750836 1.69678507326 -1.85768042213 -1.61605887126 0.0442559153969 2.83414071424 -1.20321318806 2.22718161619 -2.00292080657 0.603619979201 25
98 9227.18745525 0.0349236980505 7.43125857934 -9.35713072411 -3.02997561015 2.50900662563 3.10640383607 -2.46971701635 -0.293561963829 3.08639007642 2.98351238823 -0.885565382049 -2.56305799475 2.16927455712 1.64187084537 13
99 9307.73899552 1.564450331 5.22566351681 -4.47184933127 -1.14596188646 -1.18469024733 2.28446557185 -2.88155723245 1.54560428138 -2.49712261001 -1.98326972406 1.65305943313 0.515920655615 0.821908507144 0.843405629264 10
100 9353.54192347 -0.313920609716 -1.66947345149 -2.84425689763 2.67629122679 2.69086089922 0.572030118126 0.27099017885 0.19996387397 1.59843306057 0.186145177493 -0.892911768684 0.183925512127 -2.25000142167 3.05316504575 19
101 9362.41573742 1.1305183273 6.79983745613 -7.26170360562 2.94192628052 0.627984249311 -0.385235770694 -0.108702950644 -0.450372026785 2.99133230777 0.646092266081 0.753850357009 -0.170321437134 0.506913339482 1.29831764798 13
102 9449.26094959 1.40698469625 3.33498511439 -6.54536014152 0.255034565682 0.291620327428 2.49005874512 -0.652201806068 -2.59496498075 -1.46717276836 -2.6600412013 0.157116808425 -1.91938635827 -1.63207608794 -1.75475985143 4
103 9466.22903401 -3.72454021544 5.41158544818 0.24013537109 2.851687076 2.56382055397 -2.61931492359 1.88178887264 2.63659630101 0.883582575818 -0.779812547366 -2.23239945431 -1.10660935005 1.44520558714 0.162384422562 17
104 9491.99562597 -3.13980375308 5.61703870353 -9.30688021308 1.79580972172 -0.911990232433 -2.69591957143 2.57115556821 0.13185956854 2.62253024863 0.430601946414 -0.958272896537 1.42168945504 2.1908400496 -2.99859151809 16
105 9561.83830536 -1.20788066524 6.62971536734 -0.558156070705 -2.593619855 -1.56691728176 1.1040777124 -3.10526441147 -0.265716134119 0.676163778305 -0.928937804303 -0.262229517551 2.39507477453 2.00512885346 -1.32895546287 14
106 9571.03126968 -1.69888488703 4.51236206067 -4.19075590526 -0.465083491395 2.46235807058 -1.99034575638 2.29596653265 3.10928249001 2.50217265943 -0.675012088786 -0.00353532466549 -2.31807228347 1.60573616424 -0.194644831354 1
107 9588.07752473 2.2542810687 6.94653157905 -8.82078995728 1.27837022359 2.17129259715 -0.0946019030363 2.36171529712 3.01891217484 -3.1341507248 -1.8436324695 2.88447095097 2.99822757217 -2.0493426642 0.62747767436 15
108 9641.52649582 -3.59996469076 1.93358143249 -8.58320829288 -1.19197232671 -1.73593999696 -1.41903113725 -0.549639891214 2.64448204499 2.61636265478 1.14648415902 0.0124204990006 2.93717004706 0.981039215703 2.10842318358 7
109 9653.01768122 4.37154202099 -1.72604019445 -2.94272612434 2.44788005462 2.89158758524 1.66021884016 -0.232785345521 -0.679396906081 -1.20043002987 1.47682100313 2.66189759972 2.35771850057 -1.0573307793 -0.758532279941 21
110 9675.46730976 -4.50599881588 4.6476103778 0.979956607193 2.4810602355 2.77057919214 -0.455959165753 2.8585780761 1.92567534435 -0.395395295556 3.03724116439 -1.28822218201 0.0790947340873 3.08323906368 -2.82277995097 8
111 9838.58092319 4.61143993593 -0.917057714482 -1.26929786395 0.241681273607 1.10735193622 1.97965285807 -1.87193337811 2.55086357302 -2.97423210541 -1.94053548512 0.178428984639 1.3602299196 0.633218573784 2.2703313686 27
112 9872.39701231 -0.23549335214 5.9001421491 -0.684772625372 -1.40058978771 -1.80365302717 0.31627040169 -0.738620731696 0.74795311494 -1.10939903391 0.184860245 -1.30147459344 1.59695059963 -0.540192509762 -2.70465377345 14
113 9880.29741268 3.70117779944 7.99660881059 -8.11247700243 1.24411762451 -0.904269101458 1.79895893803 0.823846086744 -1.03671078718 0.351148863739 0.74835446225 -2.29005707345 -2.54511137718 -0.475986700766 -0.968674890721 15
114 9920.56690709 3.45705505658 -0.977764489523 -5.76496076124 -2.03502697697 -2.59238133661 -0.825599825856 1.27499391434 -2.29699811076 1.69341865747 3.06783201077 -1.62571601997 1.60595936162 2.15592285188 -2.02287458801 21
115 10031.8276139 4.74620469255 -2.64098135073 -9.51146735462 -1.75879179758 -0.330611860639 3.08145448183 1.71142896423 -2.64909620166 2.80239666786 0.717395146241 -0.518304372647 -1.77782356071 -1.46568816381 -0.18273870371 24
116 10237.4445598 -4.17813294205 7.51293419002 -6.15850656907 2.71090411129 -0.479589702635 -2.45869494198 -0.253671002283 -2.15764728976 1.59751006807 0.751069145432 -2.3926480626 3.10843962054 0.431010430395 -0.564215272831 16
117 10237.6605781 -4.3661633884 3.65027462808 -5.36322536864 1.06684241916 0.368573975061 1.70294579762 -2.8626914049 -1.58326262592 -2.05295909299 2.91688084334 2.89035141158 -0.801039641538 -1.16207159997 -0.604392662339 2
118 10277.6423208 -4.57303118771 3.60171856926 -3.53399334847 2.32156322752 1.12630223865 1.79107323693 -0.69300673737 -1.29911906746 -1.31109302022 -2.58474860684 -1.74339181221 2.02485710052 0.733102413248 1.35995683536 2
119 10279.9931009 -2.77076438795 2.93199994295 -4.18280284743 -0.312549688032 2.5469133505 -1.89158449321 -2.62070442846 0.931034230041 2.16045833882 2.10883317866 -1.83149767328 -2.09278571534 -2.19963137805 1.77158337505 2
120 10410.7394739 2.57747375274 2.96188458557 -1.29930154947 -0.203693043137 1.35178272481 -0.798746758808 -1.01465423186 -0.94699185308 -2.35605416316 2.54689801997 -2.26946783361 -0.55676242999 -2.08455645215 1.54176434462 9
121 10448.6254024 -1.79275422076 6.86672711746 -8.41314344451 3.05426680138 2.36470990684 1.34357853351 -2.36449243602 1.55939286386 0.974541857156 2.60976825624 -0.0815963174186 2.32991199557 0.430218653731 2.31297116765 13
122 10479.8948944 -0.969523346232 5.55327365899 -1.43348790443 3.03102352247 -2.02463607487 2.66595174473 -2.71742702867 -1.04499174247 -0.611681137847 2.98649662555 2.50564977132 -2.33197763788 2.45551715586 2.34778479667 14
123 10813.24627 1.68976726087 -2.55940438081 -0.327385560743 1.81792237702 2.62480127211 -2.09504164639 -2.12609762771 0.325341942759 -2.6360574095 1.93999893194 0.53290759213 0.712091464054 -2.69969397987 -2.05153634126 23
124 11080.1975839 -0.686287046774 -0.0878369879441 -7.89499292314 0.363200150362 -0.633455247021 -1.11700025985 1.31602994871 -0.620162010863 -1.01572745122 -0.420149121825 3.104412133 -1.64702687251 -0.915687528995 -1.13184441115 22
125 11097.5550698 -3.31576104326 8.04965650063 -3.93908774698 0.797524387282 0.227229820387 2.54544107596 2.85546602705 1.31574750308 2.75563983412 2.7525714824 -1.98400204162 1.43914606574 -0.952211310569 0.825658133691 11
126 11161.482812 1.04482167802 7.52631029187 -6.2416189884 1.87991734419 -0.90312030902 -2.97810755049 -1.31530488605 -2.76649621234 0.695690808598 1.89379557365 0.925832501507 1.86617643536 -0.723650267722 -1.28957788355 13
127 11269.1754048 -5.28260133277 8.07430323997 -6.0143842917 -1.97381296757 2.90998917934 0.772066958221 -1.24773676062 2.74486912758 0.212737120679 0.0171703044782 -1.39885577308 2.0357778919 -0.0604684529353 -0.285800132606 16
128 11272.102266 -5.31327883008 7.49814778622 -5.3887116698 -2.92209230202 2.35216037286 -1.52112213564 -0.610282888346 -0.74833569143 -0.00614604809943 2.11485758229 -2.40310203811 1.04827996141 -1.98104963036 -1.25392862829 11
129 11306.0656688 0.271989847437 7.85629479284 -0.800703165441 -0.579454673522 2.8427265303 0.448069826024 1.2345166499 0.411873107736 0.792124111629 -1.77161346094 1.59921548253 -2.40749986467 -1.60856595884 1.92140775626 14
130 11333.7393501 2.63667114839 6.5896301173 -6.89001043246 2.60820973171 -2.42928166901 1.52382681336 1.28943584386 -1.0106016234 1.37876502849 -1.81112850492 2.77664395612 -0.414936738576 -2.25101190909 1.03241718698 15
131 11554.126986 3.77346708556 4.48323181835 -0.793462494245 -3.11011823651 2.28390002191 -2.74620136844 -1.22506415653 2.06001589538 -1.44119591255 -1.41833214918 0.726993889082 1.92858292578 -0.429166728868 0.708793831876 9
132 11572.3483215 4.61245940424 7.58108851015 0.762561057494 -0.608186770799 1.1429345404 2.39579297116 -2.20164210493 -1.5599100689 -1.47741776413 1.79463422709 -1.50107698613 -0.167863638984 -1.86917703793 -0.25355837601 18
133 11631.9342575 -3.43239036203 6.43581634636 -4.71125430796 1.91264192949 -0.116179208274 -2.67177930201 2.55446821538 -1.551169475 -1.15997224262 -0.695693469724 0.753353963903 -1.04020178453 -2.91862764122 1.85744165781 11
134 11665.1705213 -5.25555956711 7.81123326889 -1.73214919185 1.90123406508 2.2102587425 -3.00217135571 2.54236690124 2.40556391331 0.0579880233388 2.30539814271 2.91016891832 -0.0164995204767 -1.89859035738 -2.23138553197 17
135 11688.104714 2.6132886843 8.29138059196 1.34521920104 2.73617500994 0.25992039682 -0.629418403185 -1.82527736426 0.958145439785 -0.55621096155 0.0815326563726 -0.635236614336 -2.66038475328 0.962203107214 -0.584864382908 18
136 11740.9494337 1.73508403115 6.58232467642 -0.769775978458 -0.043666515124 1.88797277758 -1.5220586783 1.64483639291 -2.90752195016 -2.98151297336 1.48811984405 -1.45615654065 -0.660060165001 2.72394452942 0.989836517089 14
137 11790.2900569 -1.20106479931 6.18759808306 -7.01339896308 1.46125231274 -0.613379205097 0.242558575419 -2.76413406277 2.0859906726 0.636399720318 -0.44427225354 -0.312744970005 2.24988083212 0.977062268994 -1.52627338747 13
138 11921.4678817 -3.15386454758 8.30172779208 -6.8876940554 0.780906200083 -2.42033007153 1.2256062266 -2.72522215498 1.73623496323 -0.569563372942 -1.95431531237 -2.04021269569 1.01968605101 -0.131082721521 1.88154298375 16
139 11930.429955 -4.35915006898 4.133380301 -8.83685541949 -1.07542668487 0.0753730333917 -1.53109680208 -0.17997769683 -1.32153238015 -1.73282595885 -1.35532333168 -3.12425591049 2.65684549 0.842887873535 0.112884592617 7
140 12028.7622718 -4.09767829193 0.195584038708 -8.85577467643 2.58657502885 0.726773376645 2.19626750521 -1.10950664489 -0.531650389802 1.33383162449 0.889210864639 -0.95002777423 2.67788179066 0.530013552213 -2.14661452979 25
141 12060.9955098 4.88260993776 -0.188734092474 -0.702397531274 -1.89892352178 -0.389641284225 -2.54378022053 1.62814587661 1.1204491462 -1.21825631108 -2.38345903815 -1.01915693006 -1.7697337303 -0.166888537394 0.146557522277 27
142 12067.9824775 -1.46880530708 5.61661594517 -0.0786542470939 -3.09745016785 2.99336500022 -2.24066290616 1.58593995852 1.99192840118 -0.689284009841 -1.53004576062 2.78298733483 -2.19021236399 1.84408081958 2.08168221333 14
143 12101.0070159 -2.1519708623 7.06613196586 -5.48949058333 1.84057925766 -0.0973166426689 -0.0358574424269 3.07443045006 -2.42695024898 3.06902309221 2.2396999497 2.70449422598 -0.454105307973 -2.47034142386 1.20272389652 11
144 12214.6487005 -4.49708520861 2.48671646727 -8.94505609249 -1.2300182122 0.18482116494 -2.1340263487 0.759724496604 -2.39608637222 1.51057046416 1.42449722716 -1.98552987074 -3.03701154067 -2.41404988777 2.67159155884 7
145 12446.5305889 -2.72175354532 7.50116707236 -5.97195412653 0.625747434563 0.875640988002 -2.54991855614 -2.79553538972 0.481484109629 -0.275211313224 2.00947570056 0.974910321977 -1.14535861334 -1.02037256775 2.01366311962 16
146 12449.8037475 -4.82587685366 7.31483835262 -2.04958686102 2.27610814996 1.00153606211 -1.60789219053 -0.22403229316 -2.50421768186 -2.51955506883 3.08982858486 2.24039399621 2.18336009205 2.86808333717 -2.34549620938 17
147 12558.8896645 -1.89698773404 5.72057919255 0.187810296488 1.43778602788 -0.916406698632 -2.45481296964 -0.922850654885 0.256256736156 0.944831617578 2.29431345271 -1.10204344447 2.01250954424 2.46340182717 2.0638004334 17
148 14449.9997538 -2.70613455626 6.26694009212 -1.82320909283 1.90686151381 -1.80624201853 -0.0409118115207 0.0104359163189 -0.678607043737 1.094934056 0.802415517493 3.03742268827 2.15752089808 0.150794961406 2.37294192409 17
149 14596.6539317 -3.19717734912 6.133599239 -5.09773361387 1.69419752891 1.38067476645 -1.95132154299 0.880099767731 -2.38746019118 -2.12488150116 0.981180676603 -2.20312944394 2.00144281288 -2.61397713498 -1.12533039717 11
150 15343.0151185 -3.76896069857 6.90677564318 -4.67762000861 1.40770451968 -0.572485644427 -2.61969134583 2.3046723411 1.14629815491 -2.06112521617 -0.26696802268 1.51250448571 2.34829336065 3.04354124553 0.323171298299 11
