[-0.9809,-0.9093,-2.7698, 1.5613, 1.4251,-0.6471, 2.7959,-0.538 , 2.0991, 0.9316,-2.5673, 2.377 , 2.9333, 2.6349,-1.8565,-1.1899,-0.3596, 1.8642, 2.9961, 2.7782, 1.7378,-2.6059,-1.3431,-1.8879,-1.7902]
[-2.6403, 2.9104,-4.8726, 0.6817,-2.8487,-3.0619,-1.1947,-2.4598,-0.6816,-0.0517,-1.3381, 0.9222,-2.0802, 2.7897, 2.1433, 0.0102, 2.8776, 0.1084, 1.0555, 0.6222,-0.1712, 3.0493, 0.9893, 1.9252, 2.3233]
[-1.8229,-0.4827,-1.4091, 2.2567,-0.7559, 2.6074,-0.3363,-1.7836,-0.2347,-2.4482, 1.2375,-1.2977, 0.026 ,-3.1153, 1.0818, 1.2042, 0.4701, 3.132 , 0.7192, 3.0321, 0.0408, 2.7979, 1.9211,-1.8566, 2.3133]
[ 4.2683, 4.277 , 3.2   ,-1.8858, 2.9237,-0.7333, 2.3636,-0.0976, 1.754 , 2.3971,-1.5425,-0.1352,-3.0621,-0.5152,-0.3986, 0.0187,-2.5798,-3.0276, 1.4713,-1.3405,-1.0269,-1.0057,-0.5641,-3.0079,-0.5479]
[-2.1176,-4.0429,-2.2995, 0.1889,-0.1471,-0.8425,-0.2627, 2.9846, 1.1305, 0.3649,-0.6808, 2.0132,-2.0564, 1.503 , 1.3419,-3.0782,-2.7144,-2.621 ,-2.9738,-0.109 , 0.6736,-2.5706, 2.1409,-1.2781, 2.7178]
[ 0.3867,-0.3522,-2.2307, 2.0868,-0.919 ,-3.1218, 0.831 ,-2.5865, 1.5786,-0.6512, 1.2179,-0.7869,-1.9827,-0.3356,-1.89  , 0.7361, 1.3053, 2.662 , 2.8469, 2.6847,-0.6162,-1.4915, 2.1749, 0.557 , 0.4758]
[ 2.7393, 4.9689,-4.5253,-2.0133,-2.8622,-0.4074,-2.358 , 0.1764, 1.7482,-2.1121,-1.9295,-0.1498, 2.8529, 1.9844, 0.9213, 0.9535,-0.7806,-1.5982, 1.1683,-1.4669,-2.1891,-1.9775,-0.4022,-2.1242,-2.5154]
[-1.2426e+00,-4.7476e+00, 3.3141e+00,-6.0514e-01,-1.3835e+00,-6.0566e-01,-2.1411e+00,-1.1339e+00,-1.6842e+00, 3.0665e+00,-1.0054e+00, 6.1224e-01, 2.9828e+00,-5.3019e-01, 1.6314e+00, 2.3233e-01,-3.0412e+00,-1.4018e+00, 6.2908e-01, 2.8297e+00,-2.8419e+00, 3.0638e-01, 1.2005e+00,-2.4331e+00, 1.7006e-03]
[ 0.8995, 4.9747,-1.3007, 0.5979,-1.4905,-0.4569,-2.703 ,-2.0945, 2.3834, 2.2755, 0.7008,-2.0623, 2.942 ,-2.4644,-2.105 ,-1.2005, 2.1889,-0.2299,-1.5963,-1.5829,-2.7846,-2.7876, 1.5512,-0.5306, 0.5723]
[ 0.0605, 2.1179,-3.3695,-2.9759,-1.9338, 0.2761, 0.4931, 1.227 ,-0.5302,-2.2524, 1.3056, 2.1652, 2.1029,-0.7242, 2.5967,-0.4117,-2.7286, 0.0336,-2.1574,-2.7111,-2.7555, 2.4953,-2.493 ,-2.337 ,-0.9422]
[-2.0752,-2.2277, 0.0198,-0.6412, 0.1166,-1.474 ,-2.6689,-3.1296,-1.7837,-3.1396,-2.1135,-1.1722,-1.8379, 2.4731, 0.7017, 1.5971, 0.9662,-3.0781, 1.7274, 2.149 , 1.0868, 2.3404,-1.9569,-0.4977, 1.7851]
[-2.9942,-4.2291, 1.3311, 1.7698,-2.0262,-0.0897, 2.5197,-1.2924,-0.9109, 1.6426, 0.3008, 2.3466,-0.292 , 2.5226, 0.3392,-1.1436,-3.0428,-0.9034,-0.5652,-1.8308,-1.6359, 2.2461, 1.5041,-1.8335, 1.1631]
[-2.5065,-4.3653, 2.8468, 1.8921, 2.6323, 0.7095,-2.6466, 0.0819, 2.3912, 2.9918,-1.9334,-0.0338, 0.5092,-0.513 ,-1.6002,-1.0933,-0.5171, 0.2014, 0.8806, 1.6651,-0.3667, 0.9061,-0.9532, 0.9141, 1.5176]
[ 0.3228,-3.7922, 0.1024, 2.5817, 0.804 , 1.6239, 3.085 ,-0.4587,-2.4733,-1.9905,-2.4215,-0.1079, 0.1988,-2.1728, 1.2104, 0.3749, 1.2586,-2.1501,-1.0431,-2.9288,-2.5371,-1.8607, 1.571 ,-0.4721,-2.7707]
[-4.4183,-4.3656,-5.0958, 0.9355,-0.4827, 0.0372, 2.2525, 0.6758, 2.24  , 0.4311, 0.4656, 0.5716, 2.714 ,-0.5862, 0.6801,-0.5196, 1.3655, 2.4698,-0.832 , 0.8543,-2.955 , 1.5781,-0.7787,-1.6621,-2.5952]
[ 0.313 ,-4.1699,-5.1709,-0.5467,-1.8879,-0.2609,-2.9364, 2.0557,-0.9566, 1.7374,-2.9467,-2.9241,-0.4459, 2.5709,-0.5959, 1.7853,-0.4471, 0.0752,-1.0894, 2.1611,-1.2651, 2.4139,-3.1271,-1.9787, 2.5706]
[-3.3268,-5.404 , 2.3838, 0.237 , 2.5474,-2.9617, 0.1625,-2.1206,-0.6473,-1.0055,-1.3149,-1.4182, 2.8808,-1.04  ,-1.9264,-1.7415,-3.0541, 0.4397,-2.3233,-1.1773, 0.2351,-2.3507,-1.3294,-1.1706, 1.7304]
[-2.3503, 1.3885,-1.0002, 0.1916, 1.7142,-0.8094, 2.0723, 3.0398,-2.4077,-1.2136,-0.9291,-0.6943,-1.1931, 0.3555, 2.1366,-0.796 , 0.2255, 2.2892, 2.3767, 0.6508, 1.6325,-0.1575, 1.8248, 2.3872,-1.8567]
[-4.6515, 3.6412, 0.7045, 2.2894,-1.735 ,-1.3908, 0.401 ,-2.3933,-1.0402, 1.3727, 0.9846,-0.2303, 2.5286, 2.4272, 1.7452, 0.826 ,-2.5356, 0.8007, 0.0061, 0.7574, 1.7642,-1.2672, 0.0907,-0.0906,-2.1378]
[-4.9273, 3.6028,-4.7258, 1.6415, 2.5473, 1.0429, 0.9538, 0.4586,-0.2379,-0.0903, 0.1352,-2.9797,-2.9859, 0.9095, 0.4392, 1.3394,-1.1237, 0.1477, 2.6892, 0.8466, 1.2565, 3.1159,-2.2884, 0.2493, 1.1982]
[-2.6109, 3.2138,-5.4413,-1.5905,-1.6874,-0.4455, 0.0424, 2.4331, 2.6976,-1.4886, 1.2785,-0.6105,-2.0325,-0.0128, 0.4285, 1.3563,-0.0537, 1.5933,-0.7497, 1.1053, 0.6289,-2.3864, 1.3652, 1.3175, 0.5248]
[ 2.8227,-5.3912,-5.3164,-2.3617,-0.6097, 2.3967,-1.1587,-0.7846,-1.5748, 1.7033,-0.8565, 1.6285,-1.5371, 0.2443, 0.9184, 0.3877, 0.4785,-2.7438,-2.6026,-0.0102, 2.6741, 1.1077,-2.8207, 2.8064, 0.2974]
[ 3.3449, 4.3705,-2.1662,-1.6336,-1.7711, 2.6019, 1.5552, 1.7536, 1.2818,-0.4968,-1.1643,-3.134 ,-2.5362,-1.716 ,-0.2762,-2.4319, 1.1467, 1.3411,-1.7854, 1.5955,-0.8452, 0.1716, 0.252 ,-1.142 ,-0.3746]
[-0.7225,-2.471 , 1.8978, 0.405 , 0.5695, 1.9216,-2.0276,-1.6036,-2.3388,-2.1198, 1.6845, 0.1687,-3.0399,-1.6136,-1.7768, 2.8825, 2.9095,-1.5335, 2.1531, 1.2481, 2.1874, 1.7084,-1.3694,-2.1361,-1.9428]
[-3.7988,-4.2108, 1.0032, 2.4929,-1.0652, 2.0405,-2.1784, 0.8225, 0.4604, 0.6266, 1.0575,-0.0927, 1.3614, 2.3043,-1.6086,-0.014 ,-2.6391,-1.3152,-2.0696,-0.1109,-1.4371, 2.5853, 1.1057,-1.8469, 0.76  ]
[ 4.4101,-1.3108, 5.0396,-2.9845, 2.3551,-1.9955,-1.1159,-2.0504,-0.057 ,-2.2838, 1.4955, 2.9708,-2.3154,-1.7119, 2.5912,-2.8743,-0.9007, 1.094 , 0.3008, 0.2419, 1.3738,-1.0532, 1.4788, 1.4943, 1.405 ]
[ 0.6743,-4.947 , 0.0092,-1.3454, 1.6114,-1.0952,-0.4177, 0.0896, 2.5466, 0.0886, 3.0485,-0.9333, 2.0512,-1.5161,-0.7363,-2.3408,-2.3982, 0.6799, 0.5966, 0.9524, 1.9622,-0.7995,-1.0706,-0.0716,-2.5714]
[ 5.333 , 3.5448, 0.1508, 1.7402,-0.4628, 0.1331,-0.9522,-0.4931,-1.1562, 1.1881,-0.1405, 0.7628,-2.2657,-1.2502,-0.4945,-2.2214,-1.7897, 0.5454,-3.1378,-0.7931, 2.7671,-1.7087,-1.6674, 2.6879,-3.1097]
[-4.4512, 3.1934, 4.2853, 1.1249,-0.338 , 1.2848,-0.55  , 0.4837, 3.1019, 1.2055,-1.8919,-0.0602,-2.9084, 0.9048, 1.6779,-0.2451,-2.9921,-0.1921,-1.142 , 1.28  , 0.7589,-1.7046, 2.5801, 2.0475, 0.1528]
[-3.0807, 2.0432,-4.8667,-0.4878, 2.5735,-0.5603, 2.946 ,-2.4575, 1.6178, 2.4183, 2.5675, 0.0473, 1.9668, 1.6666,-1.2992,-1.0216,-0.9533,-1.349 ,-2.9612, 2.0496,-2.4134,-1.2694,-2.3388,-1.0379,-3.0948]
[-0.3755,-4.8354,-3.0712,-0.1263, 0.8436, 2.4481,-0.2901,-1.1598, 2.6396,-1.88  , 2.3318,-2.929 ,-3.0744,-1.7544, 0.1022, 2.8917, 0.3258,-1.7495,-3.0583, 0.2959,-0.9832, 2.2386,-1.8179,-2.6069, 2.3391]
[ 5.1797, 2.6166,-2.6832,-1.8923, 1.8836,-2.5574,-0.861 , 1.5063,-0.8763,-1.1684, 0.3057, 1.9519, 2.4879, 2.6976,-2.1515,-2.7606,-0.5838, 3.1001, 1.4062, 3.0531,-0.9716,-1.2969, 1.6719,-1.9294, 1.7332]
[-4.8655, 1.7043, 2.9644, 2.9684,-1.4441, 1.0331, 2.2855, 2.5166,-1.26  , 0.1839,-1.0182,-2.5976,-0.4735, 0.3375,-0.1753, 0.3984,-0.9503, 1.3856, 0.841 , 2.7212,-0.9463,-2.0862,-1.6388,-1.1568,-0.5581]
[-0.4095,-0.5827,-3.0239,-1.14  ,-2.0983,-0.2696, 2.5407, 2.922 ,-1.9054,-1.3128,-2.003 , 0.9536,-1.8815,-1.2806, 2.2951, 0.6647,-0.2854,-0.5712,-1.9932,-2.4872, 2.7902, 1.5407, 2.8918, 2.1115,-2.2026]
[ 2.5803,-2.7047,-3.9051, 2.8128,-2.7498, 2.2587,-0.7616, 2.6329,-1.8942, 2.3211, 2.5786, 2.638 ,-0.0712,-0.9274, 0.5809,-2.6726,-1.8041, 1.2759, 2.9709, 2.2317,-0.5332, 1.3938, 1.8102,-2.5599,-1.2823]
[-2.7134,-2.8496,-3.8605,-2.8475, 1.7026, 0.6331,-0.3807,-2.3993,-0.8518, 2.5945, 2.197 , 2.5385, 0.9843, 3.0422, 2.2299,-0.2241, 1.9202, 0.8075,-0.1786, 2.0199,-1.4075, 0.8   ,-1.5807, 3.0462,-0.9147]
[-5.2885,-3.479 , 3.5272,-2.2761, 1.8532, 2.9756, 0.5449,-2.7719,-2.6003, 1.0469,-1.6935, 1.2813, 2.3103,-1.1249,-0.0427,-0.7024, 1.4581, 0.321 ,-1.963 ,-1.6184,-0.3532, 0.4296,-2.2241, 2.9671,-0.3189]
[ 1.0694,-0.8974, 2.4432, 2.7958, 1.7136, 0.5916,-1.5954, 2.7614,-2.6919, 1.5233,-2.992 , 2.9777,-0.0764, 2.6907,-2.214 ,-1.7894,-2.915 , 1.2739,-1.4749, 1.1998,-0.6329, 0.0394,-2.7866,-1.3032,-1.9189]
[ 0.2588, 3.2686,-0.4403,-2.2652,-2.9767,-1.8704, 0.0496, 0.0989,-1.9513,-2.926 , 0.8851, 0.4041,-1.9692,-2.6104,-1.4761, 0.2734, 2.8942,-3.128 ,-0.9558,-0.5033, 0.7038,-0.2707, 2.0112,-1.2179,-2.9382]
[-4.5726,-0.8683, 0.6417,-2.5077,-1.9066,-0.1607,-0.2424, 1.0228, 2.3575, 2.9071, 0.5948, 1.7712,-1.2042,-2.6168,-0.635 ,-1.555 , 2.7991,-1.1371, 0.7008,-1.3439,-1.0954,-2.1054, 1.5218, 1.014 ,-1.0554]
[ 3.0857, 4.9807,-5.4607, 1.8865, 0.5867,-0.7659, 1.2312,-2.0558,-0.8374,-0.1139,-2.2506,-1.4391,-0.4386,-2.1997, 2.6498, 1.6651,-2.8844,-2.9203, 1.4938, 2.6801, 0.4588,-0.909 , 2.5141,-2.6503, 2.7514]
[-1.0707,-2.0996, 2.8322, 1.3832, 2.6243, 0.6887, 2.206 ,-0.6438,-0.1689,-1.1879,-2.881 , 1.3675,-1.7775,-3.1331, 2.2794, 1.6953, 0.7647,-1.3843, 1.3407,-3.0967, 1.6722, 0.2083, 2.9156,-1.7924, 2.6119]
[-1.0891, 4.3426,-0.7027,-1.9902,-1.8256, 0.6662, 1.5861, 2.0715,-1.3014, 0.1399,-0.4747, 2.426 ,-2.1915,-1.3094, 2.8241,-3.0524, 0.226 ,-1.1373, 0.6937,-2.5996, 1.9556, 0.3941,-0.258 ,-2.0002, 1.1604]
[ 3.7335,-2.8097, 5.125 ,-1.9921,-2.5053, 2.2679,-0.6132,-2.8417, 2.6842,-0.6805, 3.0341, 0.2185,-2.8193, 1.5316, 2.7055, 2.9354,-2.013 , 2.8672,-2.067 , 2.3856,-0.1377, 3.048 , 1.1034,-1.9607,-0.3169]
[-1.7853,-5.3671,-1.3937,-2.9366, 2.5986, 0.6224,-2.7594,-1.9265,-2.7226, 2.3638,-1.1578,-1.9587, 1.7023, 1.754 , 0.1754,-1.1338,-1.4554,-1.6395,-1.4851, 1.43  , 1.4301,-1.4507,-1.9429, 0.5479, 2.1521]
[ 3.8442, 4.9766, 2.0521, 3.1104,-2.5685,-1.6533, 3.0301, 1.4011,-1.2612,-1.7235,-1.6614, 1.8867,-0.9973, 2.7056, 2.3697,-1.8956,-2.2576, 2.1289, 2.3889, 1.5482, 2.6915,-1.354 , 2.4104,-0.2143,-2.8787]
[-4.5189,-4.9427, 1.2562,-1.7536,-0.5863, 2.6302,-3.0299,-2.708 ,-1.853 ,-2.8512,-1.8409,-2.2173, 2.8386, 2.2936,-0.8555,-0.3665, 1.5992,-1.8457, 1.5232,-2.763 ,-0.5769,-1.7641, 2.2126,-3.05  ,-0.3379]
[-0.5376, 2.0188,-4.9518, 2.8188,-2.7012, 2.7031,-2.5136,-0.463 , 0.4308,-1.1043, 0.2916, 0.839 ,-1.8544,-3.0987, 0.6745,-0.7398,-2.5172, 2.9293,-2.6077, 3.0486,-0.8486, 0.5317,-0.7385,-0.485 , 1.1513]
[ 4.5104, 0.4414, 3.1758, 0.7038, 0.5103,-0.2345,-1.165 ,-1.8809,-1.8482, 0.5852,-1.8489,-0.8384,-2.7433, 0.4764, 2.7921, 2.5924,-2.9696,-1.8318,-2.6621, 2.2385,-2.2065, 0.9232,-2.7713, 0.2214,-0.7995]
[ 3.616 , 2.3451, 4.7368,-2.4978,-0.3134,-1.1052, 2.2816, 0.8876, 0.3042, 2.6048, 0.0897, 1.852 , 1.4361, 0.4705, 1.6249, 1.5291, 2.9915,-2.9146,-2.0196,-2.5323, 2.2765, 0.1495, 1.1425, 1.235 ,-2.9606]
[-2.3447, 2.6591,-0.6684,-1.9471, 1.9711, 1.6711,-2.6199, 1.5746,-2.6132, 2.3225,-0.7374,-0.0695, 1.7332, 0.5446,-1.391 ,-2.6406, 2.583 ,-2.8467, 2.4608, 0.7614, 1.9205, 3.1408,-2.7945, 0.7957,-2.4182]
[ 2.563 , 4.5453,-4.8365, 2.4594, 0.5872, 0.1836,-1.3834,-1.9806,-2.4365, 1.3984,-2.8811,-3.0868,-0.4366,-2.4207,-3.1155, 1.7357, 0.728 , 1.4772, 2.2882, 0.9334, 1.3676, 2.2106,-0.7647,-0.5541, 3.1269]
[-1.3271, 1.9071,-2.8334, 2.4276,-2.074 ,-2.9165,-0.666 ,-0.1917,-0.6387,-1.6142,-3.0748,-1.475 , 0.8924,-1.5924,-2.3437,-2.8977, 1.6603,-1.8748,-2.3513,-0.9763,-1.4048, 0.1846, 0.5826, 2.1616, 0.9846]
[ 2.9812,-2.3004, 1.3102,-0.5075, 3.0589, 2.3039,-2.8418,-0.7498,-0.3868,-0.6119, 0.5429,-0.1126,-2.8558, 2.2813,-0.6791,-2.4221, 2.4055,-0.2068,-0.554 , 2.1672,-2.8873, 1.6461,-2.4042, 1.4242,-2.4366]
[-5.1749,-2.759 , 0.96  , 0.1328,-0.9247,-1.7656,-1.7381,-1.1521, 0.0397,-0.6737, 1.7006, 0.3559, 1.5564, 0.7723,-2.0634, 3.0606, 0.7688,-1.2088,-0.3268, 0.3814, 2.8178,-2.7266,-1.8049,-2.3777, 0.2365]
[-1.6105,-4.728 , 4.1011,-0.1284,-1.9692, 1.5413,-2.7403, 0.4646, 0.7502, 2.9695, 0.4609,-2.5721,-0.4076, 1.7385,-2.0005, 0.9827, 0.7838, 1.9491,-1.7553, 2.6434,-2.8325, 1.2241,-0.8285,-2.0223, 2.0931]
[ 0.9697,-1.7222,-0.4571,-0.3865, 0.2376, 1.6575,-2.0297, 2.1531, 0.5319,-1.3499,-0.919 , 0.4801, 1.7335, 0.566 ,-0.7956, 2.6102,-0.2427, 0.7898,-3.0266, 2.9112, 0.5063,-2.3892, 2.6146, 0.4757, 2.627 ]
[ 3.7606,-5.3648,-4.3621,-1.9856, 2.4416,-0.5371, 2.4679, 2.9259,-2.6707,-0.6759, 2.2944,-2.2961, 0.0478, 0.7084, 1.2608, 2.4541,-0.6045,-0.7525,-2.1274, 2.4677,-1.1299, 3.0578,-0.1882,-0.0773, 1.099 ]
[ 1.0108,-2.0199, 0.3418,-2.9757, 0.9596, 1.8112,-1.0847, 0.0061,-1.9749,-1.6338, 0.8597, 1.6987, 0.5163,-2.5974,-1.2101, 0.0452, 2.0723, 1.9207, 2.1927, 0.6597,-2.5495, 0.2631, 2.8567, 2.7141, 2.5147]
[-3.1505, 5.2137,-2.846 ,-2.4414,-2.8229,-1.604 , 0.633 ,-1.1804, 0.2224,-2.0207,-0.9499,-0.8712, 1.8439,-0.6724,-2.3553, 3.0493,-1.87  ,-3.1344,-3.1332,-2.227 ,-0.6687, 3.0621, 0.7078, 1.7406, 2.3401]
[-2.7753, 1.2273, 4.4458,-2.738 ,-1.4574,-0.8097, 0.8315, 2.4647,-1.0307, 0.9052, 1.1231,-1.8514, 0.6223,-2.8266,-2.1774, 1.3375,-0.6095,-0.8857,-1.356 , 0.5835, 0.895 ,-0.0081,-2.6153, 0.7604,-0.1334]
[ 3.8893,-4.0819, 3.1856, 2.1175, 0.353 ,-1.2621,-3.0727, 1.3946, 2.8044,-1.9723, 1.9333,-1.543 , 2.7838, 1.0654,-2.2169, 1.7721, 3.1176, 2.9575,-1.9663,-2.3133,-1.846 , 0.5726,-2.0818,-2.1174, 0.7662]
[-4.518 ,-4.2684, 4.5917,-2.7562,-2.8192,-0.2683,-0.2189,-0.8485, 1.1224,-1.914 , 0.6924, 2.2359,-1.6611, 0.8387, 1.6044,-0.6999,-2.905 , 0.2616,-2.7967,-0.5507,-0.7122,-1.3671,-0.8483,-2.2624, 2.2866]
[ 3.723 , 1.8707, 4.9241,-0.1356,-3.0688,-1.7976,-0.3954,-0.6648, 1.7249, 1.8922, 1.9834,-3.0543, 0.1173, 1.1329,-2.5171,-2.1901,-2.1917,-0.4408,-1.2988, 1.2016,-2.666 ,-0.4313, 0.5005,-1.9164, 1.5772]
[ 4.1277, 2.4924, 2.5717, 1.3484,-2.2165, 0.7756, 2.053 ,-1.9073,-2.1037, 1.666 ,-0.4824, 1.0603,-1.1291,-1.687 , 0.1024,-0.9537, 1.8714, 2.6907,-2.0303,-1.3072, 1.1639,-1.8755, 0.1755, 0.2005, 1.665 ]
[-2.3871,-2.5612, 4.8715, 1.4279,-1.0062,-1.7573,-0.1922,-1.8513,-1.7947, 2.9353, 0.9952,-1.0271, 0.2875, 2.0663, 0.0462, 0.9988,-1.8871,-0.3175, 1.5156,-1.4716,-1.0905, 0.459 ,-1.5877,-0.5218, 0.511 ]
[-4.4321,-0.3842,-2.5637,-1.7947, 1.7156,-1.6864,-1.6296,-1.4011, 1.3836, 1.0019,-1.1721, 1.4395,-1.0574, 1.4546,-2.9944, 2.8209, 1.5331, 2.4468,-0.6576, 1.6434, 0.969 ,-0.204 ,-1.3234, 0.472 , 0.6844]
[-4.5235, 3.6044, 3.0863,-1.1509, 1.0746, 0.687 , 3.013 ,-0.2835, 0.648 , 1.7154,-0.9669,-1.0133,-2.5526,-0.1427, 0.148 , 1.9732,-1.0693, 2.292 , 2.8082, 0.2647, 3.1335,-1.5152, 1.1287, 1.2007, 1.8943]
[-0.7945, 4.7746, 2.4628,-1.7255,-1.0368, 2.4905, 3.0715, 0.9768, 0.7226,-0.2613,-1.4975,-1.0799,-1.5273, 0.2201,-2.6284,-2.0317, 2.9199, 1.1018, 1.7174,-1.1291, 0.4985, 3.0814,-2.6362,-2.0393,-1.0359]
[-4.9644, 5.2636, 1.8146,-0.077 , 0.3193,-0.2605,-0.3901,-1.499 ,-0.4879, 0.7767,-0.9934,-2.2934,-0.2954,-1.5853,-1.2557,-0.873 , 2.4584, 1.1594,-2.1093,-0.3714, 2.1446, 1.4962, 0.0147, 2.3534, 0.3528]
[-2.8348,-2.1105,-2.7085,-0.8429,-1.299 ,-1.2298,-3.103 ,-0.8642, 0.9131,-0.2593,-3.1279,-0.0959, 0.9052, 0.6111, 1.4084, 0.8638, 0.2923, 1.8819, 2.7595, 2.6554, 0.3312, 1.9104,-0.2722,-2.265 , 0.3688]
[ 4.096 , 0.2084, 3.4349,-2.996 ,-2.4762, 1.4445,-2.8877, 2.7368, 2.2903, 0.275 , 2.0329,-2.6806, 1.0551,-2.6324, 0.3799,-3.0815,-1.5747, 2.4498,-3.1036,-2.8509,-1.8563,-0.0273,-2.9156, 1.782 , 2.4024]
[-3.1284, 1.878 , 5.2525, 1.1371,-0.8526,-2.4376, 1.4335, 2.7478,-2.862 , 0.305 ,-2.3481, 1.8434, 2.8543, 2.5716, 2.5546, 0.8046,-0.2227, 3.0009,-0.1316, 2.0186,-0.5757, 0.7326,-1.1027,-0.6095, 2.0663]
[ 1.126 ,-5.4944,-3.6776,-1.8004, 0.1445,-2.3056, 2.4369, 1.6875,-0.5304,-2.4556, 0.1492, 1.7558,-2.4939,-2.3267,-0.7373,-2.1583, 2.3309,-0.7586,-2.048 ,-1.0693, 2.0944, 3.042 ,-2.7   , 1.2577, 3.0195]
[-2.2562, 4.3719, 1.4443,-3.0512,-2.9461, 1.3771, 3.0704,-0.3699,-1.473 ,-1.5406, 2.5871,-1.6555,-1.4518,-1.6401, 3.0173, 1.181 , 2.5459,-0.863 , 1.232 ,-0.666 ,-2.2454, 1.7537, 2.1736, 0.4136,-1.6021]
[ 0.0313, 5.4813, 0.7103,-2.6469,-0.828 , 2.3372, 2.3305, 2.4933,-2.0116,-1.9097,-3.0244, 0.8785,-0.5295,-2.3621,-1.845 ,-1.5688,-2.8778,-3.0912,-2.7713, 1.8499,-0.5693,-1.4007, 0.6634, 1.1654, 1.2143]
[-5.2857, 3.394 ,-1.7588, 2.0284,-1.0225, 1.6545,-2.2247, 2.9346, 1.5798, 2.9054,-0.0689, 2.5544, 2.4056, 3.0449, 0.0844,-1.3693,-2.9426, 2.5296,-2.5714, 2.9975, 0.1616,-2.7742, 2.2757, 2.7092, 2.3618]
[-0.5485, 1.8516,-3.7334,-2.7953,-2.9981,-0.2854, 1.7742,-0.3761, 2.2226,-3.0368, 0.5726,-1.0111,-1.8375, 0.2994, 2.2811,-1.7104,-0.7494,-0.1785,-1.1931,-2.2564,-1.7511,-1.1518, 0.8029,-0.8122,-0.3357]
[ 0.3819, 5.4323,-4.6468,-0.8664,-1.1681,-2.8863,-1.5722, 1.4274, 0.1861,-0.4076, 3.1003, 2.0541, 2.3021,-2.084 , 2.8234, 0.595 ,-1.8044, 1.6064, 0.3086, 2.0655, 1.2318,-1.0062, 1.9803, 2.5224, 0.7868]
[ 4.2837, 1.4133, 4.9242, 0.8879, 0.7922,-0.8461, 1.5575,-2.4733, 1.5972,-1.331 ,-3.0674,-2.5824, 0.1098, 2.1382,-2.2303,-0.2622,-0.1353,-2.8253, 0.5071, 1.9188,-1.0196, 3.0617, 1.8918,-1.4168, 0.123 ]
[ 3.8698,-2.9187,-2.2074,-1.5746,-2.1181, 0.8417, 1.6323,-1.9339,-1.1067,-3.0878,-2.5723, 1.21  ,-0.4154,-0.6792, 2.8178,-2.4101, 0.6013,-0.6186, 1.7309,-2.8114, 0.9867,-1.3238,-1.4673,-1.6062,-0.9118]
[-2.1532,-1.6055, 2.1839,-0.8912,-1.1661,-2.9937,-1.789 , 2.7578, 0.5173, 2.5047,-1.6279, 1.5289,-2.3199, 0.2277, 1.9614, 1.8642,-0.5584,-0.4353, 1.6793, 0.8367, 0.1114, 1.7949,-1.2557, 2.8022, 0.0454]
[-4.2122, 1.6793,-5.1287, 1.7201, 0.4269,-1.2932, 0.1794, 2.2824, 1.7753, 2.3866,-2.9494,-0.4485,-1.5362,-2.5057, 3.0112, 2.8013, 3.1073, 1.7955, 0.933 ,-2.8716,-2.0469,-1.9484,-0.9095, 0.7238,-1.7478]
[ 3.8784,-3.3203, 3.9603, 3.14  ,-1.172 ,-0.6492,-1.5491,-0.7155,-0.0699,-2.8297,-2.2952,-2.5148, 2.0174,-1.1637,-0.8956,-0.0972,-1.2134,-0.8368,-2.6732, 0.3677,-0.2729, 0.6984,-0.4318,-0.0709, 2.6249]
[ 4.7157, 2.5176,-3.8566, 1.513 , 0.0534, 0.4422,-2.8133, 2.4898,-0.2045, 0.6668,-3.0806, 0.1329, 2.0399, 1.4953,-1.5357,-2.9462, 0.7971, 3.1289, 1.0527, 2.704 , 0.7986, 2.7862, 2.6388, 2.5388,-1.1449]
[ 3.0117, 2.5678,-3.3802,-1.3445, 2.394 , 2.1635, 1.5158,-0.3231, 3.1187, 1.0092, 1.6157,-0.0294, 2.4941,-1.9404,-2.2713,-1.5375, 1.7262,-1.6358, 1.1142,-1.706 ,-0.5088, 1.2874, 0.0652, 2.6374, 1.1538]
[ 2.8717,-0.9109, 2.5537,-0.402 ,-0.1504, 0.228 , 0.798 ,-3.0543,-2.779 , 2.1552,-2.7421, 1.5769,-2.5704, 2.5374,-1.7687,-1.7537,-2.5895, 0.3366,-1.7528,-0.8755, 0.6436,-2.1335,-0.2189,-0.417 , 2.2742]
[ 0.7366,-0.0404,-2.9416,-1.753 , 0.3396,-1.944 , 0.1714, 3.0403,-2.9968,-0.4159,-2.1688,-2.0354, 2.3637, 1.9566,-2.4973,-2.202 ,-0.3497,-0.3687, 0.2321,-3.0039, 0.936 , 1.1384, 3.1084, 1.5233, 2.757 ]
[ 1.343 ,-3.5221, 4.5986,-2.7946, 1.7905,-0.4413,-0.5005,-0.1895,-2.7555, 2.5444, 1.2661, 0.8533, 2.388 , 2.9453, 1.9235,-0.3208, 2.8575, 2.4028,-0.0404,-0.4701,-2.4522,-0.7728, 2.348 ,-0.045 ,-0.722 ]
[-0.4049, 3.7936, 0.1367,-1.1249, 0.5903, 1.2567,-1.6622,-2.1893,-0.2213, 2.9532, 1.1535,-0.5746,-1.6614,-1.4322,-0.4267,-0.2116, 0.6083,-1.1862, 2.6411, 0.9043, 0.4855,-1.1796, 1.1135, 0.0914,-2.7764]
[-1.1115,-3.1807,-3.7477, 2.3189, 1.2182,-1.1413, 1.082 ,-1.1487,-1.5778, 2.3073,-1.8268,-0.2263, 0.2856,-0.7978,-0.3154, 3.0177,-0.0373,-0.3989, 0.7012, 1.721 , 2.5091,-1.5423,-2.0802,-2.2953, 2.0602]
[-0.524 , 5.3366, 3.8832,-0.1876,-1.2278, 2.1035,-0.141 , 2.8231, 2.8411,-1.9776, 0.2387, 2.433 , 2.1308, 0.0306,-3.1294, 1.4227, 1.7022, 1.4565, 0.4897, 0.7176, 1.9171, 2.5384, 1.1817, 2.3682, 0.5746]
[ 3.1038, 4.3071, 4.7832, 2.8948,-2.2847,-2.5505, 2.8225, 1.9046, 0.9835,-2.1252, 2.32  , 2.1129, 2.5878,-2.803 ,-0.1432, 1.6319, 1.1002,-0.0577,-2.4088, 0.5989, 0.5681,-2.1438,-1.3531,-3.0375, 0.8316]
[-3.4058, 1.6213,-5.0277, 2.2921, 3.0091, 0.2789, 2.5195, 2.941 , 0.4326,-3.0166, 0.3159,-0.9881,-2.5657,-2.5368,-1.911 ,-0.2351,-0.665 ,-0.4907,-1.0372, 1.1699, 1.6165,-0.3055,-1.2254, 1.4901, 0.8694]
[ 2.4696,-4.4156,-3.3527,-3.1313, 2.9964,-2.6869,-2.6553, 0.3656,-1.8911,-2.6342,-0.0702,-2.2195, 1.0044, 0.4623,-0.662 ,-0.7482, 2.019 , 0.6458, 1.0008, 1.2533,-0.6362,-1.6567, 2.8523,-0.1482,-1.9375]
[ 3.6702, 4.3922,-3.9701,-2.7309,-1.7773,-1.807 ,-1.3607, 0.0246,-2.2689, 3.0497, 2.6715, 2.3124, 1.0599, 1.0117, 0.0433,-2.4579,-2.4772, 2.5917, 2.9072,-1.4876, 0.2302, 0.2371, 1.782 , 1.1248,-1.3999]
[-1.7796, 0.059 , 0.2979,-1.0089, 0.8313,-0.1678,-1.6824,-1.3298, 2.3476, 1.6701, 2.0939, 1.3909, 2.1718, 1.3294,-2.128 ,-2.4234, 1.4434, 2.2111,-2.3135, 1.716 , 3.0679, 2.9385,-2.3357,-1.8438, 0.8656]
[-3.088 , 5.2249, 1.1467, 0.1192,-2.0495,-0.6524,-2.5821,-0.2365, 2.46  ,-0.8917, 1.3124,-2.4074, 1.5703,-3.1368, 2.807 , 2.8332,-1.9962, 2.4556,-2.1975,-2.9911, 0.3206,-1.2322, 2.3758,-0.2538,-2.5963]
[ 4.6021, 4.0115,-1.9092,-2.5636,-2.138 , 1.8187,-3.0925,-1.8659,-0.438 , 0.5658,-2.7246,-3.056 ,-1.5945, 1.282 ,-0.9449,-1.674 , 1.4453, 1.1044, 3.0569, 2.2393, 2.2634, 1.6541, 1.5279, 0.3896, 0.0274]
[ 3.3401,-3.2673, 1.5751, 0.1936,-0.333 , 0.2302, 1.5049, 1.4668, 1.4914, 2.4457, 0.3918, 0.6871,-0.5689,-1.5132, 0.5068,-1.0301,-2.2493,-0.3948, 0.8924, 2.6309, 2.7805,-2.7886, 2.0252,-1.2988,-1.8936]
