[ 3.8564, 5.2544,-0.8545,-1.8629, 2.6755,-2.4821, 3.0444, 0.9065, 2.1106, 2.2831, 0.6347,-0.0519,-2.1059, 3.1269, 3.0527,-1.1233,-2.5328, 2.1755]
[-3.1842,-0.3771,-5.4267, 1.1643,-0.4746, 0.4905,-0.15  , 2.3752, 0.1767, 0.397 , 0.2917,-2.7664, 0.2805, 2.0741, 1.7578, 2.1676,-0.2693, 2.387 ]
[-1.9681,-3.0677, 0.2825, 1.7891,-2.1936,-1.456 , 0.6171, 1.4388,-0.4575, 1.4958, 2.6768,-2.7724,-0.0678,-1.054 , 3.0397, 2.9691, 2.0387,-2.3657]
[-1.0433,-2.9083,-3.5339,-2.5001,-2.0598,-2.2922, 3.0549,-0.1802, 0.6404, 0.2159, 0.509 , 0.1236,-2.9716, 3.0257, 1.5779, 0.5755,-0.3175, 1.661 ]
[-4.0497,-2.6052,-1.4824, 2.8276, 1.0087, 1.5881, 0.1146,-2.5515,-1.676 ,-3.0101, 0.2909, 0.8959,-1.1859,-0.9362, 2.3323,-2.3136,-1.0295,-0.8765]
[ 1.0245,-5.125 , 1.1956, 1.9653,-2.0833, 0.3156, 0.5401,-1.0795, 2.1417, 2.9753,-2.8786,-0.2132,-2.1105,-0.4892,-2.6748,-2.1727,-2.4387,-0.4264]
[-2.8788,-1.4073,-2.8826, 0.0392,-1.6394, 2.9346, 1.7241,-0.3253, 1.3369, 1.6483,-3.0089, 1.8686, 2.343 , 0.5276, 0.7616, 1.3471, 3.0399, 1.0373]
[-2.8655,-2.6886, 4.8139,-2.45  ,-2.4075,-0.0597,-2.1329,-2.5024,-0.8949,-1.0718, 0.2253,-1.5689, 0.9666, 2.3685, 1.6263, 2.5857,-2.3569, 0.4298]
[-2.61  ,-4.0284,-1.8545, 1.7679, 0.868 ,-2.9956,-1.8892,-1.9358,-0.8635,-0.0047, 2.9979, 0.5743,-2.2543,-0.8655,-0.5897, 3.0618,-2.8288, 2.3962]
[ 3.3782, 2.8798,-0.4598,-2.2676, 0.7104, 2.388 ,-3.1054, 2.5947, 1.4874, 0.5696, 0.4079, 2.7421,-3.1391,-1.7625,-2.2988, 0.8675, 0.0771, 0.129 ]
[-0.2491,-3.932 ,-3.1229, 2.4166, 1.5728, 0.1303, 1.4605, 1.6693, 3.0741, 2.7656, 0.0127,-1.6366, 0.4282, 1.0477,-1.3717,-0.1661,-1.1906, 1.0836]
[-4.1827,-0.529 , 5.3185,-0.0478,-1.5618,-1.5623, 1.8691,-0.375 ,-0.015 , 0.2775,-1.6764,-2.6012, 2.0456, 3.0617, 1.2109,-0.5567,-1.9959,-2.7647]
[ 1.1233,-1.0258,-5.2428, 1.2582, 2.8849, 2.1187, 1.4961,-1.4979,-1.5103, 1.1633,-2.3917,-1.4964, 2.6353, 1.4365,-1.784 ,-0.57  , 0.0371, 2.0604]
[-4.817 , 4.3535,-1.9008, 1.3727, 0.2739, 2.3673, 1.7499,-0.0939, 0.4833, 2.2778,-2.606 ,-1.1249, 0.8805, 1.5182,-1.6604,-1.1275, 0.2617, 3.0074]
[-4.8552,-2.2603,-1.3414,-2.4747,-2.3178, 0.0383, 2.6705, 0.0759, 2.9865, 1.3682,-2.7965, 2.9134,-3.0718,-0.8531,-1.4072,-1.7279, 1.1824,-2.3564]
[-4.0538, 3.311 , 2.1095, 1.776 , 0.5573, 1.586 ,-0.0852,-0.6845,-1.6147,-0.0095, 2.6865,-3.1028,-1.4083,-2.942 , 0.5144,-1.1035, 3.0265,-3.0902]
[ 2.1597, 3.6872,-0.0246, 2.2096,-0.3779, 2.7852,-2.5718, 0.8563,-1.3947,-2.5023, 0.855 ,-0.9305,-1.1996, 2.6017, 0.0812, 1.2457,-0.9408, 0.6668]
[-0.7733, 5.4826,-3.4138, 2.2006, 1.3904, 0.7003,-0.8514, 1.3222, 0.0709, 2.757 , 1.7723, 2.1702,-0.6401, 0.9214,-1.8338,-1.2398, 0.6763,-1.084 ]
[ 2.7926,-2.4536,-4.8082,-1.5503, 0.5496, 2.4802,-0.5835, 2.0208,-1.8456,-1.0037,-2.3498, 2.1358,-2.9565,-1.7828,-1.3171, 2.7645,-0.0092, 3.0632]
[ 0.0385,-5.1964, 1.603 , 0.8558, 1.3193,-2.9911, 0.0057,-2.2828, 2.6102,-2.087 , 1.0094,-0.5825,-0.6307,-3.0387,-1.3233, 1.2738, 1.043 , 1.5799]
[-3.1513, 0.4024, 3.4727,-1.5675,-2.6491,-2.5594,-1.2485,-0.1454,-2.7663, 2.1154, 1.0202, 0.4074,-3.0182,-2.5329,-1.1479,-0.4462,-1.5661,-1.7543]
[ 5.2448, 5.4747,-0.1066, 1.8767, 3.0365, 0.106 ,-2.8936, 3.1296,-0.3233,-1.3585,-2.408 ,-0.0741,-1.4082, 2.7792, 2.002 , 1.7217, 0.2859, 2.374 ]
[-4.334 , 3.1049,-1.1658,-0.9411, 0.7052,-1.4408,-1.4615,-1.3659,-0.0942, 0.4753,-2.1764, 3.0427, 2.526 , 0.1072, 3.0512,-0.7377, 1.674 ,-0.2764]
[ 1.836 , 0.966 ,-2.365 ,-0.6221,-0.7129,-2.7306,-0.9614, 1.8562, 0.3876, 2.2126,-2.4914, 1.8056, 1.0604, 0.6624, 1.8621, 0.7211,-2.0427,-2.0496]
[-1.5909,-4.8768,-4.5258, 0.9884,-0.9399, 2.1318,-2.616 ,-3.0143, 2.3546,-1.0966,-1.7087,-0.9051,-0.7093,-2.2   , 1.8775,-2.7439, 1.7208, 2.8388]
[-1.3373, 0.7715,-4.7429,-1.8908, 1.0329,-1.1983, 2.1686, 3.1085,-0.5242,-2.9223,-2.6044,-2.3208,-2.1061,-0.734 ,-2.2972,-2.6485, 0.1801,-2.342 ]
[-3.3687,-0.9494, 4.165 , 0.1255, 0.0305,-2.2315,-1.5982,-0.3904, 1.333 ,-2.7047,-1.1502,-2.775 , 1.1723, 0.5218, 1.3991,-3.1206,-1.9121,-0.1363]
[-3.7941, 4.2214,-5.2347, 2.8501, 2.8907, 2.1205,-3.055 ,-0.7638, 1.0477, 0.5631, 3.0212,-0.0672,-1.8747,-1.3919,-2.5445, 0.4104,-2.8206, 2.9898]
[-4.9324, 3.7729,-1.6649,-1.7928,-2.2845,-3.0704,-0.0545,-1.4761, 0.9538,-2.8148, 2.3995, 2.0885, 2.7157, 2.4354, 0.9851,-0.5194,-1.9853,-0.2085]
[ 1.335 ,-0.0555,-2.7527, 0.3096,-1.6135, 0.731 ,-0.857 ,-0.5092, 2.4981, 1.8998,-1.6808, 0.0944,-2.0102, 0.234 ,-0.1269, 0.467 ,-0.7547,-1.8004]
[-3.3848,-2.9229, 5.1946, 0.1972,-2.6139, 2.151 ,-0.0747,-1.5685, 2.9476,-3.0873,-0.8853,-2.5117,-1.1045,-1.7348, 2.8478,-0.4825, 1.1331,-0.0183]
[ 1.2998,-1.9547,-4.5875, 3.0013, 3.072 ,-1.4807, 0.7161,-0.6205,-1.441 , 2.4211, 1.7122,-2.6979, 0.8964, 1.0762,-2.8113, 1.9162,-1.8829,-2.3058]
[ 1.8904,-1.4148, 3.5376,-2.9298,-0.1014,-1.4377,-0.6611, 1.8568,-2.3945, 1.2714,-1.8019, 2.3527, 1.6547, 2.4232, 0.1335,-2.3068, 0.2447,-0.7518]
[ 3.3983,-2.3036,-0.2178,-1.5688, 2.5056,-2.7968,-0.5234, 1.4058, 0.4315, 2.6357,-2.6205, 2.3943, 0.4099, 0.2235,-0.9619, 2.7393, 1.08  ,-1.9707]
[-3.4292,-3.6866, 5.1053, 1.7732,-1.0002, 2.7885, 2.8231, 1.8514, 2.811 ,-1.0883,-2.0352,-0.468 ,-1.856 , 0.0164,-2.5412, 0.6481, 1.5479,-0.9001]
[ 2.4891, 1.1514, 2.7967, 2.949 , 2.3481,-2.7286, 2.2086, 1.1666, 2.9863, 1.397 ,-0.0384, 1.313 ,-0.8388, 0.8352, 0.2347,-1.8795,-1.7667,-1.6377]
[ 4.3263, 4.6862, 1.8328,-1.3077,-2.1811, 1.9822,-1.2497,-0.7204, 2.0786, 2.4607, 2.9854,-0.6586,-1.8003, 2.2721, 1.8172, 1.7981, 0.5422, 2.2481]
[-5.4054e+00,-3.8488e+00, 3.7609e+00, 1.2367e+00,-3.0677e+00, 2.5915e+00, 2.5206e+00, 3.7740e-01,-9.1157e-04, 2.1188e+00, 3.5886e-01,-1.8224e+00,-3.3392e-01, 2.9595e+00,-5.1398e-02,-7.3074e-01, 5.9082e-01,-2.3348e-01]
[ 4.3421, 2.1744,-3.197 ,-0.6955,-0.4526,-1.3984,-2.4485, 2.8054, 0.9619, 1.652 , 2.1975,-3.1291,-0.8851,-2.6126,-1.2529, 2.321 ,-0.219 , 3.0283]
[-3.8804, 0.672 , 4.2114, 0.09  ,-0.3146,-2.317 , 1.3318,-2.9587, 3.0302,-2.5462,-0.4511,-0.8676, 1.8912, 1.2641, 1.2662, 1.1538,-1.1847,-1.9113]
[-1.9579, 0.7569,-3.6062, 2.5478, 1.8582, 0.9648,-0.3192, 1.1287, 2.5355,-1.1369,-1.7979,-0.4564, 2.1675,-2.9605,-0.6812,-1.0625,-0.0142,-2.7696]
[ 2.6424, 4.9795,-3.2956, 1.7552, 2.871 ,-0.9802, 2.8313,-0.1317,-0.6763,-0.6386,-0.1043,-2.4836,-0.9275,-0.6074, 1.0266, 3.0039,-0.8015, 0.9046]
[-2.1841,-5.4823,-5.2497,-2.027 , 2.3511, 1.2424, 1.1711,-1.398 , 0.6237, 1.3867, 1.6551,-3.1368,-0.861 ,-1.1396,-1.3437, 1.2992, 2.9664, 3.0751]
[ 1.147 ,-0.8864,-5.4329,-0.5712,-2.8181, 1.4139, 0.7668, 1.1803,-0.2859, 0.9412, 0.2838, 1.7929, 1.0764,-0.2079, 2.7171,-0.2101, 0.0119,-0.8024]
[-2.4898,-1.6005,-3.3172,-2.5545, 1.0124, 2.3664,-1.43  ,-2.3075,-0.8578,-2.2724, 1.9037, 1.4666, 2.0214,-3.0216,-0.598 , 0.9551,-0.7984, 0.8452]
[ 4.2473, 3.0283,-2.543 , 2.9193, 0.3375,-2.1119,-0.4205,-1.3964,-0.4234,-1.49  , 1.505 ,-0.0588,-1.5364,-0.8413, 2.1453, 0.8947,-2.2305, 1.418 ]
[ 3.45  , 0.2221,-1.6033,-1.8707, 2.0284, 2.332 , 1.3782,-0.7078, 0.2192,-1.6205,-0.1538,-1.7888, 1.4791, 1.2419,-2.9441,-2.0226, 3.0129, 0.2707]
[-5.0475,-2.8037, 0.7125, 2.7737,-1.4372,-1.61  ,-2.2748,-1.4185, 2.7583,-2.3656,-0.6464,-1.5292,-2.8271,-1.7512, 0.9768, 2.9589,-0.4187, 2.866 ]
[-3.2917, 0.2607,-0.3372,-2.2095, 1.1484, 2.8317,-0.5636, 1.971 ,-1.0727, 2.4041,-1.07  ,-2.2885, 1.7537,-1.5987, 2.4549,-2.2184,-0.7866,-2.6606]
[ 2.3648, 1.2934,-4.7815, 2.4971, 0.0053, 1.0056, 0.3215,-0.0488,-2.0169,-1.2253,-1.2215, 1.2303, 0.3644,-3.1151,-0.7564, 2.62  , 0.2419,-1.8059]
[-1.3412e+00,-4.1447e+00,-1.3038e-01,-2.3835e+00,-2.3134e+00,-1.3807e-01, 2.1205e+00, 4.4105e-01, 5.6297e-01, 2.8553e+00, 3.7575e-01,-2.2488e+00, 1.9723e+00,-8.1691e-01, 8.7791e-01,-2.8695e+00,-2.1408e+00,-2.2802e-04]
[-2.2606,-1.3163, 1.5549, 0.8506,-2.9312,-0.5987, 1.2474, 2.9124,-0.7743, 1.8077, 0.6879, 0.6218,-1.104 , 0.639 ,-0.2143, 2.2431, 0.7525, 1.1067]
[ 2.0611, 4.8514, 1.618 ,-0.2909,-0.0078,-1.7255, 0.9223, 2.9997, 0.9379, 2.0345, 1.0048,-0.123 ,-1.4832,-1.4046,-2.9783, 2.1395,-1.2111,-2.7327]
[ 3.2638,-2.4615,-2.4796, 1.9049, 2.0275, 1.7911,-2.6296,-2.0699,-0.3862,-1.4256,-1.8866, 2.5787, 1.9021,-1.8912,-3.0992, 1.9408, 1.0864, 1.1422]
[ 0.6118,-4.6183, 1.0462,-2.2451,-2.9633,-2.4266, 1.4909,-2.0743,-1.7646, 2.262 , 0.2462,-1.262 , 0.5971,-1.0594, 1.8501, 0.1008,-1.1982, 0.823 ]
[ 2.7081e+00,-1.0538e+00, 4.1488e+00,-1.0536e+00,-2.1795e+00,-9.7718e-01, 2.7763e+00, 6.9701e-01,-1.0116e-01, 9.3152e-02, 5.4407e-01, 1.1423e+00, 1.4945e+00, 2.7706e-01,-1.4205e-03,-1.0607e+00, 6.8607e-01,-3.0832e+00]
[-5.166 , 2.0603, 5.1062, 1.8736, 0.8574, 1.3137, 2.3678,-1.4742,-1.0804,-2.9385,-1.6021, 2.5732,-1.385 , 1.1026,-0.2756,-1.011 ,-1.3391, 1.6959]
[ 3.8575, 3.5417,-1.975 ,-0.0858,-2.8258, 0.4739, 2.4981,-1.3731, 2.234 ,-2.2455, 3.0356,-1.4374,-2.4508,-1.2844,-2.4179,-0.17  , 1.7131, 1.7374]
[-4.6635, 3.336 ,-1.9966, 0.7421, 2.4467, 3.14  , 2.1985,-1.098 , 0.3416,-1.1256,-0.6494, 3.1137, 1.9731,-0.2496,-1.3249,-0.8326,-0.3985,-0.555 ]
[-4.3936, 5.0839,-2.0169,-1.4831, 1.1961,-2.6322, 2.7736, 0.5823,-2.595 , 0.1004, 1.6487,-0.5131,-0.6338,-0.9942, 1.2486,-0.2103, 1.3671,-2.9201]
[-3.9674, 1.1981,-5.1137,-2.4856, 0.0905, 2.1693,-0.1269,-0.2158, 0.0183,-1.453 , 2.6615, 0.3722, 0.4732,-1.7152,-0.3532,-1.1602,-2.5728, 0.9933]
[-3.4286, 3.8579,-3.1812, 1.7996,-2.258 , 2.9971, 2.4801, 0.6382, 2.0698, 1.1199, 1.462 ,-2.9144,-2.8551, 2.3348, 1.9321,-2.3839, 0.7657,-1.4261]
[-1.159 ,-4.1333,-4.623 ,-0.3052, 2.4045,-0.7639, 0.7255,-2.3628, 1.0695, 2.5612,-2.7791,-1.3604,-1.2393,-1.3766, 0.2963,-0.5064,-1.957 ,-0.6323]
[-0.9502,-5.3955, 2.735 , 0.0658, 0.4775,-1.1343, 2.395 , 0.4294,-0.4989, 1.6825,-1.2226, 2.9013,-2.7827,-2.5656, 1.1651,-2.0637, 1.3962, 1.5656]
[-4.6839, 1.1632,-1.6801, 2.1141,-1.7965, 2.5658,-0.8457, 0.7562, 0.9251,-1.2952,-2.5094,-1.1839, 1.7301, 1.485 , 0.1333, 0.5636,-2.9602, 1.9671]
[-3.5616,-4.2824,-1.9048, 1.4846, 1.3291, 1.7771,-2.6212, 0.9811, 2.466 ,-1.7622,-0.249 ,-1.7974,-0.3384,-0.9608, 1.748 , 2.418 , 2.7426, 0.861 ]
[-1.3974, 0.3633,-2.4039, 0.6251, 1.5294,-0.688 , 0.4973, 1.2441, 2.303 ,-1.5723, 2.7653,-0.0489, 0.0617, 3.0268,-2.6568, 2.345 , 2.9226,-0.1645]
[ 0.7971, 2.349 ,-2.8331, 0.8512, 2.9119,-2.2146,-0.4462,-0.2946,-1.874 ,-1.9526, 2.6117,-1.7046, 0.6114, 1.3311,-1.8568, 1.5542,-0.0699, 2.4124]
[-3.671 ,-1.8386,-2.9629, 0.7265, 2.6344,-2.0861, 2.7965,-2.4705, 0.5876, 0.9594, 1.6895, 2.7245, 2.4445, 1.1345, 2.8972,-1.0918, 2.1906, 2.3336]
[-0.3285, 5.2451, 1.6035,-1.6075, 3.0998,-0.6903,-3.0109,-2.7445, 3.1346,-0.4441,-1.3586, 1.3482,-2.2596, 1.6113,-1.7062, 1.1625,-0.3031,-3.0332]
[-4.6816,-3.7622, 0.7121, 0.9025, 0.5239,-0.5665,-0.6589,-1.734 , 2.1288, 0.8371, 0.1316, 0.8039,-1.8192,-1.0347,-1.3412,-0.9286, 1.6892,-0.9465]
[ 2.2711,-2.9213, 1.3345,-2.0519,-2.8399,-1.6227,-2.7673,-2.1914,-2.4057, 1.7388,-2.3204, 2.0469, 0.328 , 2.257 ,-2.029 , 1.2024, 2.9637,-2.7977]
[ 2.5892,-5.0784,-2.1376, 1.6662,-3.1241, 0.0575, 0.9794, 0.6993, 0.8455, 2.4136, 1.466 ,-0.4351, 0.0865,-0.7427, 0.9889,-0.0361, 0.5935,-0.7391]
[-4.8115, 3.307 , 2.3052, 2.1633, 2.7998,-1.2069,-2.8664, 1.1212, 0.3845, 3.0104,-2.1382, 1.8701,-0.6422, 0.0162, 1.408 ,-1.3484, 1.9275, 1.8052]
[-3.6448, 1.8459,-5.0151,-2.5155, 2.4357,-1.774 , 1.3357,-2.6453,-2.3893, 1.6456,-2.9167, 1.0421,-1.0966,-2.7637, 2.6651, 2.0427, 1.4317, 0.6341]
[ 3.0883,-0.6959,-4.118 ,-2.996 , 2.3591, 0.6383,-0.6957, 1.7016, 1.094 , 0.6365,-0.8024,-2.0903, 2.2001, 2.5509,-1.377 ,-1.5872, 0.8776, 2.5223]
[ 1.8525e+00, 1.4345e+00,-4.9725e+00,-8.4203e-01, 2.5847e+00, 1.1692e-03, 1.4407e+00, 2.1246e+00, 1.9541e+00,-8.4258e-01,-8.6304e-01,-1.2700e+00,-9.9384e-01,-1.8532e+00,-9.3118e-01, 2.7235e+00, 5.4735e-01,-2.7019e+00]
[-1.7678, 5.4111,-3.4286, 1.1362, 0.1094,-1.3487,-1.9085,-0.5711,-0.3394, 1.0688,-0.4714,-1.4508,-0.2155,-1.2097, 0.2429, 1.8622, 2.3001,-0.8492]
[ 2.795 ,-4.7906,-5.1278, 0.9256,-3.0274, 1.892 , 1.8266,-1.1402, 0.189 ,-1.9498,-1.8571,-2.2939,-0.4121, 2.3313, 2.2382,-0.014 ,-2.3629,-1.8528]
[-4.9108e+00, 4.4661e+00, 2.0006e+00,-2.9178e+00, 2.6834e+00, 1.4076e+00,-1.0071e-04, 2.0215e+00, 1.6171e+00, 2.4415e+00, 8.8388e-01, 2.5656e+00,-2.3628e+00,-1.3265e+00,-4.2247e-01, 3.1380e+00, 2.8093e+00, 2.7068e+00]
[-5.4538,-1.1553,-3.1009, 0.973 , 1.819 , 0.6392, 1.1117,-0.2244,-2.6816, 2.5168,-0.6137, 2.1648, 2.8645,-1.397 ,-3.0013,-1.614 , 1.7744,-1.5694]
[ 2.4196, 1.6687,-0.4502,-2.4583, 2.6654, 2.762 , 1.9778, 1.9011, 1.6621,-0.888 , 0.5229, 1.2561, 0.651 ,-0.8118,-1.0302,-3.0683,-0.0148, 0.8074]
[ 1.1756, 1.9146,-3.3696,-2.2538,-0.3366, 2.8594, 0.4252, 2.0032, 0.2712, 2.5654, 3.1155, 1.2932,-0.789 ,-0.5462, 1.0136, 2.1448, 1.4322, 0.4009]
[ 4.8849,-0.4524,-4.0801, 1.8576, 1.4556, 2.155 ,-0.9112, 2.0002,-2.8078,-0.0795, 1.8185, 2.4244, 0.4774, 2.2339, 0.0102, 1.4975,-2.69  ,-2.1186]
[ 2.9506,-4.5511,-1.7887,-1.3558,-1.8607,-0.4242, 2.9391, 2.9575,-3.1322, 2.4232, 2.9435,-2.517 ,-2.8398, 0.2206,-3.1321, 2.1201,-1.8733,-2.6439]
[ 5.4553, 0.7249,-1.0684,-2.69  ,-0.6186, 1.206 ,-0.9619, 1.1916, 2.1673,-0.769 , 1.4827, 0.2145, 0.2192, 2.3982,-0.6925,-0.0797,-2.5532,-2.4468]
[ 3.5189, 5.3808,-1.6969, 0.0453,-1.3958,-1.8931, 1.0183,-1.3881,-1.5411, 0.8037,-2.3098,-2.6655,-1.3065, 1.0243,-2.3064, 2.4706, 0.896 , 2.6305]
[ 3.2104, 4.4423, 1.4191,-0.0107, 0.6581,-2.0152,-2.2064,-0.0659,-1.196 ,-2.4279,-2.7142, 0.3019,-2.5424,-0.5318,-1.0327,-1.489 ,-0.4497,-2.2794]
[ 1.319 , 1.0965,-2.1086,-0.1107, 2.7728,-1.2208,-2.6457,-0.4675, 0.6399, 2.1847, 0.0364,-0.7779, 1.4878,-1.7208, 1.1109,-0.6689, 2.096 , 3.1148]
[ 5.1881, 4.8984,-4.6476,-1.4049,-2.9862, 1.8582,-1.7107, 2.2649, 1.9076, 1.4812, 1.5286,-2.016 , 2.2474,-1.1442, 0.9319, 1.9509, 0.4263,-0.8509]
[-3.822 , 1.8338, 2.4561,-0.4472,-2.8591, 2.1776, 0.8386, 2.3785,-1.1814,-1.947 ,-0.0701,-1.3104,-2.3443, 2.4585, 0.3943,-0.3632,-1.2541,-1.6821]
[ 4.3264,-4.8325,-5.4937, 0.7855, 1.4832,-1.6427, 0.0915,-1.1052,-1.7961,-0.1659, 3.0617,-0.8173, 1.5713, 2.6516,-0.0818,-2.3728, 1.3774,-0.7282]
[-3.1501, 3.2255, 5.2303,-1.5465, 2.6079,-1.7256,-1.6972, 1.0408, 0.4164, 1.5262,-3.0137,-2.2466, 2.6877, 2.1006,-2.2635,-1.1893, 1.6579,-1.093 ]
[ 2.0825,-3.6457,-2.1723,-1.7694,-2.1668, 2.8247, 3.0704,-0.8583, 1.0611,-2.875 , 0.5139,-2.6602,-2.381 , 2.6864, 2.3777,-0.6842,-2.3123, 2.6132]
[-3.7841, 1.7943,-0.386 ,-1.8404,-2.9444, 0.8532,-0.0735,-2.3652, 2.9095, 2.526 ,-2.1085, 2.8254,-3.0773, 2.4407,-2.6565, 0.2906, 3.1354, 1.2126]
[ 2.0071,-3.938 , 2.4603, 2.2695, 0.0424,-2.0558, 1.0592,-3.091 ,-0.9676, 1.3927, 1.376 , 2.2442, 1.2323,-1.7139, 1.3152,-1.274 ,-2.4315, 1.9282]
[-1.8279,-4.2332, 3.8484, 0.5209,-0.0095, 2.2309, 2.3579,-1.8006, 1.5627,-3.049 , 0.5569,-2.1309,-2.3706, 0.2486, 0.3405,-2.0188, 1.6775,-1.6972]
[-4.1143, 2.2858, 4.6076, 2.1174, 0.6898,-1.3314, 0.4086,-2.7147,-1.2473, 1.06  , 1.7452,-0.4772, 0.5385, 1.0864,-1.0448, 2.9221,-2.9748,-1.3325]
[ 1.5418, 0.4164,-1.7773,-0.7241, 0.2681,-0.2551,-1.8996,-1.007 , 0.1269,-2.6597, 2.3309, 2.4643, 0.9431,-1.0437,-2.9652,-0.0818, 2.2781, 2.1626]
[ 4.5938, 3.3135,-3.3847, 1.1428, 1.7157, 0.3109, 2.3141,-2.12  ,-1.7873,-0.8757,-2.4815, 2.0205,-2.7992,-1.7978,-1.0779, 1.1216, 1.5109, 2.3356]
