[-0.9618,-0.2469, 2.2475, 1.8561, 3.0667, 0.7749,-1.8905, 1.28  , 1.7637,-2.563 , 2.6981,-0.8767,-2.3881, 0.2539,-2.2814, 2.6154, 1.4832, 1.7335,-2.0972,-1.8852,-1.695 , 2.1105, 1.286 , 1.643 , 2.6618]
[-4.3438,-5.2177,-4.6676, 1.6536, 0.5169, 1.1357, 0.1273, 2.2519,-2.427 ,-1.3944,-0.9228, 1.8175, 2.3207,-1.3255, 2.6684,-0.3503,-1.8303, 0.3007, 2.9266, 3.0448,-1.6364,-0.3038,-0.2103, 0.5873,-0.9077]
[-3.2887, 0.7912, 4.3356, 1.9403, 0.1444, 1.0303,-0.6001, 0.5741,-2.6272,-2.1154, 0.1782,-0.369 , 0.1547, 2.9413, 1.2923, 2.597 , 1.8309,-2.7014, 0.4381,-2.8008,-1.4172, 0.5445, 0.4332, 0.836 , 0.3715]
[ 0.8345, 4.5941, 5.0454, 0.6082,-2.5744,-2.659 , 0.4808,-2.489 ,-2.0611,-0.5811, 0.5732, 0.67  ,-1.5685,-1.4072, 0.9425, 1.4378, 3.1282, 2.5532, 0.5511, 2.0959, 0.4276, 2.7387,-1.7977,-1.0055, 0.1238]
[-0.6266,-2.8007,-3.5411,-0.2445,-1.9895,-0.5877, 2.1126,-1.0112, 0.0663, 0.5823,-0.5614,-2.0443, 2.8755, 1.9762, 2.9116,-0.9933, 0.3374,-1.1258, 2.3532,-0.4029,-3.1306,-1.5746,-1.7256,-2.4771, 2.8891]
[-5.2588, 3.8533,-0.7362, 1.2211,-1.2136,-0.6225,-1.2458, 2.6584,-2.054 , 2.3345, 2.131 ,-1.172 , 2.4745,-1.6701, 2.2477, 2.017 , 0.1525,-0.8463, 2.2203, 0.3165, 3.1004,-2.6502, 3.0423,-0.8988, 0.3067]
[-0.3854,-0.7038,-0.8551,-2.0864,-1.3726, 1.4261, 0.7121,-0.9684,-3.0168,-0.1455,-1.6935, 1.4174,-2.888 , 0.3098, 1.9984, 2.8095,-2.8208,-0.9489,-2.8328,-1.3077, 3.114 ,-1.948 ,-1.9227, 3.1004, 1.3926]
[-0.2959,-0.5306, 1.1254,-3.0404,-0.5118, 2.4691,-3.0374, 1.3533, 2.7502,-2.064 ,-0.2966,-0.3545,-0.6944,-2.9789, 1.3542, 0.4649,-0.7341,-1.5874, 1.3412, 0.0098,-0.8161, 3.0519, 2.7026, 2.1499,-1.3817]
[ 2.2764, 3.2989, 4.8129, 3.0318,-1.1723,-2.5802, 2.2222,-0.4267, 3.0491, 1.929 ,-0.5613,-0.6685,-2.6623, 2.4058,-1.3589, 0.7088,-0.201 ,-0.8682, 3.0147, 1.8574, 1.5685, 0.9543, 1.8127, 1.1446, 2.3258]
[ 3.6   , 2.5154, 3.0871, 2.5161,-1.2654, 0.3702, 2.8596,-0.4076, 2.7129, 2.4386, 3.0379,-2.7492,-1.138 ,-1.5346,-2.5003, 0.8221, 2.6139,-2.4312,-1.3098, 0.9492, 1.535 ,-1.1598, 0.0418, 1.1549,-1.885 ]
[ 0.1436, 3.1918,-1.1542, 2.1657,-0.2896, 0.8061,-2.5963,-2.4664,-1.5495, 0.3081, 2.271 ,-0.8698, 1.181 , 1.7188, 0.4022, 3.1059,-0.3077, 1.7071, 2.9631,-3.1034,-3.0536,-0.5869, 2.9178,-1.4492, 2.4622]
[ 4.9525,-5.363 , 5.2156, 3.0305, 1.2814, 1.3924, 0.967 , 1.3638, 1.2453, 3.0908, 2.0451,-2.6641,-0.1529, 2.7419,-0.9645,-0.1236, 1.8431,-0.5875, 0.7663, 2.2654, 0.9262, 1.483 , 1.2561,-0.5944, 0.1132]
[ 3.535 ,-2.8669, 4.5445, 0.8259, 0.3814,-2.6599, 1.4225, 2.9095, 2.8652,-1.6284,-1.4424,-2.7413,-1.223 , 1.8575,-0.1354, 0.271 , 0.1379, 2.4663, 0.3599,-2.4631, 2.0731, 2.4313, 0.6933,-2.9746,-2.4087]
[-1.8461, 5.0007, 0.7488,-0.2821, 2.0041,-1.3415,-1.1053, 1.5278, 3.1011, 0.2193, 0.2322,-1.879 , 3.109 , 2.2264, 1.4809, 0.8682,-0.7087,-2.5096, 1.2871,-1.2599, 2.2682,-0.9156, 1.1097, 2.0741,-1.7236]
[-3.2906,-5.3543,-1.1045, 0.287 ,-1.9477,-1.6371,-2.8316,-1.2376, 2.021 , 1.3484,-1.3663,-1.244 , 1.19  , 0.8804,-0.0426,-1.7627, 0.1399,-2.9316, 0.2284,-1.964 ,-0.7301, 0.6888, 1.3442, 2.1401,-2.4351]
[ 3.2959,-3.1733,-5.0462, 0.3684, 1.9544, 0.7974, 2.3794,-2.4585,-0.2296,-0.2245,-1.9677,-2.1912,-1.1729,-0.9456,-2.4118, 1.7428, 3.0046,-1.1116, 2.0582, 2.4722,-1.5416, 2.6206, 1.7691, 2.7646,-0.013 ]
[ 0.7106, 1.1153, 5.2697, 1.4454,-0.4479,-0.8735, 1.3035,-1.8437,-0.8534, 2.3799,-2.0393,-0.1385,-0.0276, 0.7745, 1.0986,-0.3601,-0.6103,-1.3286, 1.2068, 0.3653, 1.9048, 1.3446, 2.3418, 0.7862, 0.1067]
[-0.5163,-1.8493, 0.9797, 0.5165,-0.5326,-2.6556, 1.2087,-3.0642,-2.3433,-0.5597,-1.3966,-0.0404, 1.8729,-2.9682, 2.4063,-0.7698, 0.9079,-1.5588,-1.7286,-2.9874,-0.6361, 1.595 ,-2.814 ,-1.992 ,-0.5762]
[-0.1571,-4.4999, 0.5504,-3.0546, 1.7063, 0.358 ,-0.8258, 0.7429,-2.4502,-0.1731,-0.0057,-0.0787,-1.2967, 1.5787,-2.1249, 2.7661, 2.3858,-1.975 ,-2.8314,-1.7097,-1.8821, 2.9207, 2.3098, 2.5972, 0.4889]
[ 0.331 ,-5.068 ,-4.0868,-1.1684,-1.9684,-1.4473, 1.1814, 2.4093, 2.6151, 3.0795,-0.9566,-2.971 , 1.4965, 0.2385, 1.9764,-2.2994,-0.9877,-1.4749, 0.6592,-0.1148,-0.9895,-3.092 , 1.3719,-0.0574,-0.3679]
[-0.7138, 2.3869, 4.1707,-0.3418, 2.5462,-3.1183, 1.8447, 0.0161, 1.8863, 1.504 ,-0.1954, 1.4248,-0.615 ,-1.651 , 0.6756,-0.774 ,-1.9149,-3.0295,-0.3152, 1.9066, 0.9504, 0.4052, 0.5918, 2.5748,-1.5119]
[-5.0602, 0.9976, 0.0579,-2.3913, 2.2128,-0.8181,-0.0298, 0.4996, 0.977 , 0.0094, 2.5373, 1.7869,-2.2968,-0.0565,-1.8714, 2.5399, 0.4563,-0.1686, 1.66  ,-2.0518,-0.014 , 2.9777,-1.9753,-0.5208, 0.2079]
[ 4.059 , 4.9258, 1.5287,-2.2437, 0.9795, 1.98  , 0.1452, 2.5038,-1.9373, 2.6283,-0.9846,-1.1425,-2.6791, 2.4447,-0.9465,-2.6971, 3.0136,-2.7001, 3.0269, 2.3115,-0.4862, 0.0068, 0.8116, 0.8159,-0.448 ]
[ 3.4736,-5.3179, 0.3602, 2.6895,-1.8985, 0.9133, 0.1485,-1.2626, 2.1494,-0.5587, 0.7725, 2.5724, 1.8811, 2.0207,-2.0626, 2.4769, 2.9334,-0.0514, 2.3639,-2.7617,-0.1537,-0.689 ,-0.8045,-0.2151, 2.5394]
[ 2.3154, 2.4648,-3.8087,-0.121 , 2.8962,-0.0458,-1.6292, 1.584 , 2.9235, 2.9792, 0.2645, 0.4736,-0.985 , 0.3098, 1.8605, 1.7827, 1.7558,-2.7374,-2.8785,-2.5566,-1.0483, 0.7153,-0.4516,-1.6785,-1.1204]
[ 6.6712e-01, 4.7895e+00, 4.6911e+00,-2.1778e+00,-1.8549e+00, 3.1224e+00, 4.1707e-01,-4.5912e-01, 1.5923e+00,-2.2399e-02,-1.1978e-01, 2.1099e+00, 9.6091e-01, 5.1427e-01,-2.2563e+00, 2.3506e+00,-1.3418e-04,-1.7965e+00,-2.7407e+00, 2.4676e+00,-3.3868e-01, 1.7544e+00, 2.9278e-01, 7.2651e-01, 2.5682e+00]
[ 5.4384,-1.8812,-1.972 , 0.5218, 0.3183,-2.7391,-2.743 , 1.9448,-2.9731, 0.4882, 1.7439,-1.3654,-2.068 , 2.9197, 2.982 , 0.7241,-2.6331, 2.6242,-2.9905, 0.5289, 0.8185,-1.206 ,-2.8468, 2.5068,-0.3823]
[-3.7432, 5.4742, 3.7674, 1.7835, 1.1679,-2.2605,-1.7592,-1.3998, 1.911 , 3.0634, 1.2359,-2.7315, 1.968 ,-2.1967, 2.2618,-0.3749,-0.0844, 0.4257,-2.6273, 0.048 , 2.5274, 1.5565,-2.3454,-1.6786, 0.4506]
[ 1.7409, 5.4384,-0.697 ,-0.5275,-1.5863, 0.1179, 2.6562, 0.2099, 0.5352,-0.2817,-2.4041,-2.6314, 1.8028,-0.8199,-0.0849, 0.5789, 2.2824,-0.1619,-1.1915, 2.4016, 0.9622,-2.5952,-2.5832, 0.1254,-0.2641]
[-5.1814,-3.774 ,-2.9063,-1.7362,-1.0835, 3.1295, 1.6646,-3.0194,-1.3348,-1.3055, 1.7578,-3.0939,-1.624 , 2.0432,-2.6   ,-1.9286,-2.9294,-0.5097, 2.1474, 2.1573,-2.2101, 1.2138, 2.0816, 0.1082, 0.3033]
[ 3.9507,-1.6584, 4.4641,-0.2256,-2.7072,-0.7838,-2.0376,-1.3281, 0.4716,-1.5009,-2.728 , 0.8398, 0.1572,-0.112 ,-1.188 , 1.6914,-2.291 , 0.9384,-0.845 ,-2.5599,-2.1764, 2.3765, 2.5062,-0.2185, 2.6808]
[ 3.8218,-2.9047,-0.2926, 2.7641,-2.5842,-2.3807, 1.9074,-1.9393,-2.8925, 2.4174,-0.219 ,-0.1058,-0.5914,-2.3007,-1.5316,-0.1867,-0.7117,-0.4005, 2.6225,-0.9845,-0.8767,-0.577 , 3.1271, 1.7045,-2.36  ]
[-3.4857,-3.399 ,-1.4946,-0.6156, 0.2895,-2.383 ,-1.0712, 2.7841,-1.4427,-2.0897, 0.9431, 2.7989, 1.1572, 2.3259, 2.674 , 0.2655, 2.2583,-1.6912, 2.8751, 0.2724,-2.916 , 1.0858, 3.1071, 2.7316,-2.18  ]
[ 3.6321e+00, 1.6182e+00, 1.4786e+00,-1.2807e+00,-2.4265e+00, 1.5630e+00, 2.2613e+00, 1.8411e+00, 7.1911e-01, 2.7690e+00, 1.4024e+00, 3.0847e-04, 1.9994e+00, 9.0579e-01, 1.5746e+00, 2.4487e+00,-1.5090e+00,-1.0326e-01, 8.3712e-01, 1.5546e+00,-1.4754e+00,-1.2678e+00, 2.6988e+00,-1.9319e-01,-2.9071e+00]
[-0.9152,-2.3537,-5.2287,-1.4043, 0.5713, 2.083 ,-2.5307,-1.0129, 2.1678, 2.4236,-0.8991, 2.5325, 1.4532, 0.5837, 1.5977, 0.3775, 0.6544,-0.0798, 2.9442, 2.9302, 2.104 ,-2.8466,-1.8038, 1.8078,-2.9834]
[-2.9685, 1.6689,-5.2556,-2.4769,-1.8624, 1.6942,-0.9146, 0.8965, 2.6886, 2.6584,-2.7556, 1.731 , 0.2299,-2.3197,-1.6933,-1.6064, 2.6367, 1.5969, 3.05  ,-0.8295, 0.8098,-3.0147, 0.1596, 1.2688, 2.2705]
[ 4.2797, 0.0196,-4.2018, 2.9882, 3.0681,-2.5011, 2.4201, 2.2151, 0.7109, 1.7565,-1.4888,-2.7934, 0.0385,-1.8314, 0.5597,-0.2738, 2.5482, 2.4353,-1.2215,-2.3313,-0.5341, 1.8619,-2.2734, 0.2893,-2.6771]
[-3.7754, 5.0618,-3.0498,-2.6779,-2.6718, 1.9561, 0.1893,-0.5386,-0.0966, 1.109 ,-0.3207,-2.0197,-2.3342, 3.0827, 2.4886,-1.0871,-2.5495, 0.0489, 1.4409, 1.827 ,-1.8099, 1.5187, 2.7569, 2.1989, 0.9746]
[-2.5797,-0.233 , 4.412 , 2.4267, 1.4535,-2.1509, 0.7927, 0.3138,-1.7362,-0.5804,-1.4458, 2.21  ,-2.1719, 3.0701,-0.7335, 2.3136, 2.4891, 1.2097, 1.0445, 3.0491, 1.4842, 2.2847, 2.607 ,-2.177 , 2.3305]
[-0.5591,-3.701 ,-4.429 , 1.4112,-2.9595, 0.7605, 2.5684,-1.5608,-2.278 , 0.3686, 0.6796,-2.4557,-1.2711,-2.6219,-0.98  ,-1.3755, 0.297 ,-1.6651, 0.0632,-1.801 ,-0.3716,-0.3532,-3.0559,-0.7681, 2.3032]
[-1.9038,-0.0125, 1.4289,-2.0079,-0.5061,-1.9123, 0.2229, 2.1799, 3.1401, 0.4053, 0.9014,-0.1709,-2.959 , 2.824 ,-0.5786, 2.5762,-2.0333,-1.1717, 2.0743,-0.1205, 0.2228, 0.9725, 0.0286, 0.8934,-2.9293]
[ 1.8829,-5.3576,-2.8047, 1.5462, 3.008 , 1.5192,-2.3083, 2.4915, 1.3071, 1.0656,-3.0916,-2.5502, 2.6418,-0.4077, 0.735 ,-1.9367, 1.6064,-0.7359,-1.4925,-2.1224, 0.3237, 2.5367, 0.3607, 0.5706, 0.792 ]
[-4.1665, 2.7225,-5.0591,-0.4085,-1.8875,-2.4949, 0.4296, 2.1653,-1.3787, 1.4291,-2.3207, 3.1173,-1.521 ,-2.7042,-1.7902,-0.0493, 3.1173, 0.0289, 0.2374, 2.1321,-1.6474, 2.2091, 2.6142,-2.5054,-0.9967]
[-0.6394, 3.7413,-4.0204, 2.2139,-0.6694, 2.8696, 1.4467, 1.0184, 1.7613, 1.4135, 0.0136, 0.5635, 1.0534,-3.023 ,-0.5728, 1.9362,-0.2671, 1.6733,-1.6451,-1.8077,-1.0198, 2.8248, 0.1398,-1.8593,-1.1771]
[ 0.3573, 3.5807,-1.353 , 2.1338,-3.0057,-2.4968,-0.3066,-0.2707, 1.0761,-0.9335,-1.3019, 0.8912,-2.7482, 2.5004, 0.7324, 1.7668,-2.472 , 1.9471,-2.772 ,-3.102 ,-0.0278, 0.7304,-2.8387,-2.865 ,-0.0816]
[ 1.101 , 0.6801,-2.7573,-0.8553,-0.3403, 1.4252, 0.4627,-1.422 , 0.0469, 3.0187,-2.9168,-0.5557, 1.0232,-1.1937, 1.555 , 2.1429, 0.0579, 1.8726, 2.5979,-2.8426, 0.1025,-2.3102, 2.635 ,-2.3276, 0.2622]
[-1.9405e+00, 4.4770e+00,-5.3400e+00, 4.7631e-01, 2.5045e+00,-1.1584e+00, 1.3177e-01,-1.5632e+00, 8.8810e-01,-5.6339e-01,-3.0103e+00, 2.1328e+00, 1.1659e+00, 1.8655e+00,-2.4811e-01, 1.4237e+00, 1.5090e+00, 3.9945e-04, 2.2484e+00, 2.7594e+00, 2.3165e+00, 5.2397e-01,-1.0552e+00,-2.8496e+00, 2.6870e+00]
[-4.2461,-3.2094, 0.6698,-0.339 , 2.4313,-1.0085,-3.0015,-2.3081,-2.4956, 1.6433,-0.1222,-2.8487, 1.3776, 0.1402,-1.0187,-1.9477,-2.6006, 2.5115, 1.5504,-0.4635,-1.2256, 0.0478,-2.9914, 0.8353,-1.2241]
[-0.6269,-1.2863, 0.4056,-0.4878, 2.9796,-2.5132,-2.1985, 2.9485, 2.8808,-1.6869,-0.5443, 2.9175, 1.9431,-1.0002,-1.3609, 3.0259,-2.6212,-0.6605,-0.9161,-0.6472, 2.0272, 2.7931,-2.0531,-0.8996, 1.3318]
[-5.2143,-4.2429, 1.8992, 2.6053, 2.6942,-2.3373, 1.255 ,-0.5312, 0.6367,-2.0588,-1.7568,-0.8082, 1.0431,-1.8101,-0.9343,-1.539 ,-1.6374,-1.4133,-1.4432, 3.1195, 1.7446, 2.4659,-0.1947, 1.4302, 0.825 ]
[-4.5823, 2.6479, 0.6662,-0.5259,-1.5493, 1.3122,-0.0267, 2.666 ,-1.821 ,-1.4634, 2.5772,-2.0181, 0.0789, 1.4225, 3.0365, 0.4893,-0.1111,-1.3299,-1.2615,-1.4407,-1.8807, 1.9001, 2.0031,-1.4631,-3.1127]
[ 2.5569,-0.6796, 3.6023, 1.6642,-2.4419,-0.8908, 2.0183,-2.3565,-2.3096, 2.9403, 1.0553, 1.7566,-1.3176, 2.7006,-0.2484, 1.134 ,-0.6898,-2.4925, 2.0785, 0.55  , 0.7993,-0.5469, 1.1858,-0.5224, 1.1033]
[ 0.4045, 4.6917,-1.1684,-2.9753, 3.0681,-1.8647, 1.0345, 1.1765, 1.6434,-0.8959,-0.5534, 0.78  ,-1.0669, 2.0378,-2.5953,-1.3709, 1.0187, 2.3107, 0.4056,-1.5442, 2.2035,-2.3784, 2.9348,-1.2832,-0.2513]
[-5.2025,-0.5386,-0.0161, 2.9802, 2.2368, 2.569 ,-2.516 , 0.7891,-0.6983, 1.975 , 0.5475,-3.0548,-1.8942, 2.4524,-0.7412, 1.5644,-0.6675, 0.848 ,-2.2421, 1.9593, 0.5027,-0.4468, 2.7856,-2.695 , 2.8128]
[-1.9066, 2.5703, 3.19  , 1.6037, 1.5297,-0.3566, 2.0288, 1.7283, 2.2864, 0.978 , 2.4355,-0.955 ,-2.2595, 2.21  , 2.0398,-1.3436, 2.0657,-1.6751, 0.5349, 0.7514, 0.7779,-3.09  , 0.9271,-3.0602, 1.0639]
[-3.83  , 3.8337,-1.6528, 0.005 , 2.5645,-1.4039, 2.2636, 2.9086, 0.8157,-0.1595, 0.9151,-1.5901,-1.544 , 1.2863, 1.7976,-2.1298,-0.2018,-0.4595, 1.9148,-2.2037, 1.3335,-1.5038,-2.7687, 3.0258,-3.1116]
[ 2.4361,-5.194 , 4.3485, 2.2136, 1.2714,-1.9276,-0.1845,-1.1026,-1.2655, 2.6926, 1.7301, 1.505 ,-1.2885,-0.4541, 2.2444,-0.785 ,-1.9894,-2.9184, 2.4219, 2.7711, 0.5469, 2.668 , 0.0892,-2.5133,-0.1597]
[-4.8297, 3.2566,-0.4598, 1.4366, 1.0081,-1.9252,-0.9418,-1.5108, 0.8522,-2.4394, 1.4748, 1.9848, 2.5236, 0.0241, 0.6263,-2.662 ,-2.3731,-0.256 ,-1.9274,-1.4681, 2.0383, 2.5753, 0.7412,-1.5456, 2.2369]
[ 2.5048, 2.7014, 4.0474,-2.5948, 2.671 ,-2.1154,-2.7003,-1.4117, 1.7957,-1.0061, 2.3574, 1.8411, 2.9231,-2.2427, 0.9658, 2.0444, 0.4579, 1.7549, 1.2543, 2.1354,-1.2983, 2.9677, 2.5455,-1.256 ,-0.1749]
[ 4.5882,-2.8234,-3.5101, 3.0212, 1.7206, 1.8837, 0.2655, 0.5197,-2.7376,-1.1921, 2.502 ,-1.8241,-2.2739, 1.9842, 2.0759,-0.3074, 0.141 ,-2.42  , 2.8047, 1.0216,-2.4009, 0.7891, 2.8491,-1.9741,-2.2053]
[ 0.4604,-4.7151,-3.3603,-2.436 , 1.6102, 0.2949, 1.8954, 0.3315,-1.6225,-0.5768, 0.0557,-0.356 , 2.7254, 2.1489, 1.3455,-2.135 , 2.2004,-0.3997,-0.2276, 0.448 , 1.8981, 1.5507,-1.3463,-2.8524,-1.1188]
[-2.5655, 3.7054,-0.1244,-0.486 ,-2.3711, 2.5099,-1.7771, 0.6859, 2.6   ,-2.6231,-1.6377, 0.1098,-1.8284,-1.0171,-1.7454,-0.2531,-0.5648,-0.5588,-1.2191,-2.336 , 1.8263,-2.4755, 3.0164,-0.7942, 0.4736]
[ 3.9807,-1.772 ,-5.3647,-1.0554, 2.4081,-1.545 ,-2.3852, 2.7355, 2.1827, 0.1248,-0.6597, 2.0281,-1.0932, 1.8823,-2.9794, 1.3104, 2.3672,-1.5701,-1.8973,-2.8458, 0.0235, 0.3402, 0.4734,-2.7348,-3.0674]
[-5.141 ,-1.9814,-1.4597, 0.7224, 2.7411, 1.766 , 0.558 ,-0.8623, 1.3975,-2.2872, 2.1359, 1.9678, 0.974 , 1.9104, 1.612 , 0.4244,-0.0782,-1.9416,-2.7698, 0.5096,-0.618 , 0.6969, 1.9648,-3.0739,-2.6486]
[-0.8572, 0.9285, 4.414 ,-2.4704, 1.1442,-0.3659,-2.7011,-0.5189, 0.1176,-1.8424,-2.4386, 2.052 , 1.6356, 2.5878,-1.8114,-3.1032, 2.0991, 0.0545,-1.4213,-1.8712, 0.4781, 2.3787,-2.7409, 2.747 , 2.8764]
[ 4.9266,-2.684 ,-4.6268,-0.0191,-2.6491, 1.6141, 2.4471,-0.28  ,-1.2481, 0.0192, 1.7134,-2.2891, 0.1109, 1.7272,-0.8446,-0.927 , 2.2113,-0.0364, 0.0215, 1.0255, 2.1774,-0.2805,-0.662 ,-1.9427, 0.4059]
[-2.7551,-3.6357, 1.5778, 0.1114, 0.5511, 2.8288,-2.7312,-0.4293,-1.3844, 2.661 , 0.2022, 1.5911, 0.5912,-1.6261, 2.9103,-1.3952,-0.9412, 0.9257,-2.3006, 2.5787, 2.5029, 0.9401, 2.663 , 2.9486,-1.9545]
[ 2.1108,-5.2565, 4.2127, 1.9107,-1.0574, 0.0254, 0.4486, 2.1451, 0.1236,-1.7461, 0.5633, 0.181 , 2.8249, 1.0975, 1.4137, 0.28  ,-3.0316,-0.5342, 3.0195,-1.8471, 2.115 , 3.1162, 3.0123,-0.8284,-1.5167]
[ 3.0941e+00,-2.3217e+00,-4.6657e+00, 1.1591e+00,-6.7370e-01, 2.6367e+00,-2.5834e+00,-1.4178e+00, 9.4636e-01, 2.7957e+00,-1.0122e+00,-2.5115e+00,-5.5848e-01, 3.0678e+00, 4.2548e-03,-1.8333e-01,-6.2578e-01,-2.1366e+00,-2.0550e+00,-1.6367e+00,-1.3592e+00,-1.2569e+00,-2.8191e+00, 9.9387e-01,-2.1882e+00]
[-0.1977,-3.5407, 4.0427, 1.2621,-2.9529,-2.5363, 0.0435, 1.7117,-1.8915,-2.6038, 0.5115,-0.4356,-0.1117,-2.1124, 1.8686,-3.0311, 2.049 , 0.1496,-1.4015,-1.4389, 1.7363, 2.2817, 2.1783,-2.1726, 2.5989]
[-0.8651,-5.4551, 0.7872, 0.6469, 0.3219,-1.9597, 2.2621, 0.9007, 1.6558,-1.455 , 1.7503,-2.3917,-0.9155,-2.7541, 0.6163,-0.123 , 2.1429,-0.413 ,-1.256 ,-2.7156, 1.5262, 1.0573, 1.2541,-1.7116, 2.1143]
[-1.9767, 4.5748,-1.7933, 1.9981, 2.0291, 3.1361, 2.2233,-1.0474,-0.4704,-2.158 , 2.8939, 0.2528, 0.3736,-0.249 , 0.9362, 0.8898, 1.811 ,-0.4343,-0.2281,-1.6385,-2.732 ,-2.0059, 1.7277, 2.4823,-0.6446]
[ 1.757 , 0.3774, 1.7125,-1.3625, 0.7593, 0.9333, 1.6402,-0.5609,-0.0224, 0.8442,-0.258 ,-2.2354, 1.9134, 2.5309, 1.3688,-1.5253, 2.4113,-2.7407, 2.5587, 1.3008,-1.0525,-1.4206, 2.2654,-1.6179, 2.8408]
[ 4.6219,-0.4828,-3.3662, 1.1356,-0.0319, 0.8761,-0.4869, 2.1017, 0.9516,-2.5393, 2.5129,-1.4651, 1.8227,-0.8318, 0.4391,-0.4497, 1.7707, 2.6473,-1.9104, 2.3218,-0.6833,-2.5544,-2.047 ,-2.8937,-0.8464]
[-3.7705, 4.2339,-0.2398, 0.0046, 1.2191,-0.9286, 1.4091,-2.3916, 0.6957, 0.0458,-0.4057, 1.6923,-3.0117,-2.015 , 0.5754, 1.2356,-2.9336,-1.5384,-1.9142, 1.4712, 0.0537,-0.9876,-0.0785, 0.8334, 2.3621]
[-1.5773,-0.3156, 2.8457,-0.0286, 1.7065, 0.8392, 1.9627,-0.1849, 2.0988,-0.1982,-0.0336,-3.1285, 1.5536, 2.6768,-1.8908, 2.4606,-0.8342,-0.9217, 1.6179,-0.459 ,-2.6137,-2.2075,-1.5218,-2.828 ,-1.9978]
[ 2.0768, 3.0561,-2.6251, 3.0551, 0.4186,-0.2194, 1.3515,-0.6084,-1.2819, 1.3017,-1.5154, 3.0803,-1.5277, 1.7832, 0.0464, 1.5742, 0.603 , 1.7712,-1.7346, 2.661 , 2.6687,-2.8879, 1.2237, 2.6137,-0.2612]
[ 0.3382,-5.1125, 2.8431,-0.8311, 0.5236, 1.504 ,-0.7791, 1.1353,-1.7031,-1.33  ,-2.9335, 1.1716, 1.4224, 2.4908, 2.6671,-2.1894, 0.3092,-2.5113,-2.0249,-1.2096, 1.9742,-1.8432, 2.5803,-2.9863,-1.5124]
[ 1.9019, 5.1873, 5.0536,-0.088 ,-1.1398,-1.8788,-1.6974, 1.4123, 2.7229,-2.195 ,-1.7547, 0.7245, 0.7639, 2.7108, 1.3245, 0.8962,-2.5676,-2.8356,-1.3026,-1.9819, 1.9748, 1.4901, 2.3606,-2.2456, 2.2969]
[ 4.9843, 5.4091, 0.3365,-3.0723, 0.5145,-1.9405,-2.8326,-2.0848, 2.1201,-0.5418,-0.0749, 0.7031, 1.8306,-0.3192, 2.2944, 0.8878, 2.5137, 2.8729,-0.9549, 1.7548, 0.9465, 1.5314,-0.5746, 3.1171,-1.4329]
[-3.6844, 0.5798, 5.0289,-1.4571, 1.9771,-1.7674,-3.0343, 2.1929, 3.0535, 2.7982,-2.2106, 1.3962, 0.7782, 2.7805,-2.8732, 2.9128, 0.6156, 2.8456, 1.7619,-0.052 , 0.877 , 0.3954, 2.7905,-0.5529, 0.4217]
[ 3.7041, 3.2247, 3.8557, 2.3719,-1.7497, 1.3948,-2.0391, 0.4906,-3.1266,-0.5567, 2.9506,-2.2888,-1.9095, 2.0941, 0.4902,-0.5729, 2.2073,-2.0163, 1.7656,-3.1166,-2.9335, 2.4862,-0.739 ,-1.6218,-2.9733]
[-1.6738, 1.9333,-3.1378,-2.719 , 2.6686,-1.1756,-1.05  , 0.716 ,-0.0782, 0.367 ,-0.1256,-2.8335, 2.8571, 1.3661, 2.7599,-2.1339,-1.8565,-0.1132,-1.1201,-1.1703, 0.7175,-0.3887, 0.5873, 2.7547, 0.6325]
[-3.1357, 4.9764,-3.336 ,-1.1611, 0.7401, 0.6636, 0.3159,-2.0544, 0.9373,-2.0147, 2.1067, 1.7466,-0.7551, 0.5333, 0.4456, 0.6167, 2.7264,-2.3835,-2.4914,-0.3278,-2.6267,-3.126 ,-3.0577, 0.827 ,-2.5229]
[ 2.5757,-4.8394,-2.4507, 2.3639, 1.8691,-1.209 ,-2.6193,-1.535 ,-1.322 , 0.9325,-1.7703,-0.0933,-0.4661,-2.3301,-0.7872,-2.8643,-2.6432,-1.2294, 2.1884,-1.9962,-2.7073, 2.996 ,-1.0866, 0.5318,-0.7308]
[-0.2654,-0.5637, 2.872 , 2.2987,-1.7759, 2.2873,-2.9865,-0.3948, 2.271 ,-2.2514,-0.687 , 1.3766, 2.2371,-2.1775, 0.9998,-0.0647, 0.159 , 1.8898, 1.417 , 0.6162,-2.9898,-0.0112,-2.579 , 3.0241,-2.8368]
[-3.4962, 4.7347,-1.1894, 1.1219,-0.6301, 2.6546,-2.2176, 1.038 ,-0.8645, 1.1299,-0.1428, 2.9017,-1.9841, 0.9743,-0.4498, 1.7131,-3.0722,-1.3817, 0.2168,-3.0928,-2.533 ,-0.4576, 2.4924,-0.9968,-1.1985]
[-2.174 ,-1.2722,-1.5647,-0.9576,-0.0695,-2.6897, 0.1881, 1.2904, 0.1348, 3.0841, 1.9564, 2.5536,-2.1587, 3.0155,-1.1725,-0.915 ,-1.5744,-3.1077,-1.6945,-2.724 , 0.589 ,-2.1397,-1.0432,-2.8109, 2.3122]
[-3.4137, 1.351 ,-0.9408, 1.3549,-0.0484,-2.6968, 0.1856, 1.3752,-0.5719,-2.5556, 0.8761,-0.8244,-1.7902, 2.4161, 1.0067, 2.9972,-2.6256,-1.5027, 1.8595, 0.8408, 0.6102,-2.5275,-3.1394,-0.0719, 0.2235]
[ 1.8665, 4.3122, 0.6009,-1.3183, 1.539 ,-1.4311, 0.488 ,-1.104 , 2.9621, 2.8628,-0.1192, 0.237 , 0.2367, 0.919 , 2.5549,-2.4986,-2.6362,-3.0097, 0.2625, 0.8174, 0.399 ,-2.7058,-0.2292, 1.8978,-2.964 ]
[ 2.1505,-0.6787,-0.2245, 2.6123, 1.7704,-1.074 ,-0.3272, 0.4886,-0.5694,-0.7144,-2.3806, 3.0268,-0.8972,-0.9816,-2.9893,-2.2419, 1.5256, 2.4642,-0.3745,-2.2256,-0.5829,-1.2393,-0.9757, 2.8949, 0.1093]
[-3.8648,-0.592 ,-4.5723, 2.5004, 2.7339,-2.346 ,-2.4856,-1.8976, 1.0076, 1.1148,-1.4318, 1.3751, 0.863 , 0.1859, 2.4455,-0.0582,-0.6657, 0.2782,-3.0728,-1.8558, 1.8639, 1.6233,-2.3075, 1.8941,-0.8163]
[ 5.1477,-0.4845, 3.3352,-1.0169, 0.4753,-0.4284, 0.49  , 2.6686,-1.738 , 1.7927, 1.1632,-0.4362,-2.2877,-0.3738, 2.9131, 0.9464,-1.4337, 0.5564,-0.6122, 2.8237, 0.6637,-2.9269, 1.7232,-1.8702, 0.8414]
[-1.4926,-4.2142, 0.6461,-1.4097,-2.8645, 0.0336, 2.313 , 1.9723,-2.7565,-0.0356, 2.6502,-1.0118, 0.1222, 3.0496,-2.589 , 1.1412,-1.5053, 1.0939,-2.3942,-0.5295, 2.243 , 0.4025, 1.0949, 1.0104,-2.0597]
[ 4.3897, 1.1011, 2.3003,-0.3677, 2.8344,-1.1837,-0.1189, 2.1651,-2.9827,-0.7571, 0.3803, 1.8323, 0.0648,-0.4675,-1.3159, 1.5608,-1.9633,-2.297 , 1.9152,-0.6811,-1.3663,-0.9563,-0.3203,-1.0339, 2.2027]
[-3.5261,-3.1977,-2.163 ,-1.7506,-2.472 , 1.4979, 2.571 , 1.3845, 1.0976, 0.9824, 2.6354, 2.1282, 0.1555, 1.027 , 3.0437, 1.6975, 1.4615,-2.0968, 1.6874, 1.3622,-1.004 ,-2.6198,-0.7003, 0.6991,-0.5698]
[-4.7529, 2.7039,-3.9387, 3.1018,-1.1767,-1.9041, 1.4466,-2.9702, 1.9178, 0.0204,-0.1066, 1.6851,-0.2988, 2.5552, 0.4353,-2.3356, 0.7634, 2.0277,-2.9253,-2.2647, 2.0038,-1.3735,-0.6657,-2.1846, 1.591 ]
[ 4.6205e+00,-4.6621e+00, 3.1994e+00, 2.3178e+00,-2.1385e+00,-7.5645e-01, 1.9071e+00, 2.9665e+00, 2.4500e+00,-2.7739e+00, 6.1920e-01, 4.3682e-03, 1.7654e+00, 2.0764e+00,-4.4441e-01,-1.8083e+00,-3.4530e-01,-2.5521e+00,-1.4845e+00, 1.9353e+00,-2.4695e+00,-5.1766e-02, 2.0601e-01,-2.5413e+00,-1.5546e+00]
[-5.1115,-1.3269,-0.8106,-0.9274, 2.0086,-2.8798, 0.1931,-2.6762, 1.1566, 2.1422, 1.9402, 1.2982, 2.073 , 0.3302,-2.0509,-0.8991, 2.7162,-0.1914,-0.3771,-0.6667,-1.2632, 2.7052,-3.1006,-2.4468, 2.0608]
[ 0.3446,-0.6185, 4.0826, 2.9956,-2.7924,-0.8731,-0.2825, 0.6393, 1.9281, 2.0589, 2.5524,-1.4952,-2.9669,-1.9064,-2.8479,-0.3203,-1.8159, 1.4981, 0.0519, 1.3927,-2.5612,-0.0713,-1.8912, 0.1809,-0.4845]
