[-4.6909, 2.7993, 1.2352, 2.1281,-2.2333, 1.8025, 2.3145, 1.2538, 0.1869,-1.6187, 1.0648, 1.1395, 0.2978, 1.7426,-3.0944, 1.1792,-2.7244,-1.0725, 0.1561, 1.555 ,-1.2896, 2.1809, 0.6742,-2.4202,-1.0013]
[-4.5796, 1.9041,-4.4829, 1.2291, 1.3784,-0.7375, 1.6917, 0.745 ,-1.6728,-2.9977,-0.1177,-2.4552,-0.4637,-1.204 ,-0.7599, 0.6741, 1.984 , 0.4911, 0.6569, 0.5419,-1.2753, 0.1357, 0.2676, 0.7997, 0.5546]
[-3.3003, 0.3168,-5.4567, 1.217 , 0.3575, 2.7024, 1.0112,-0.4187,-2.6613,-2.9221, 0.7764,-1.4395, 2.438 , 0.7598, 1.4688,-1.7831,-0.2164, 1.1336,-1.873 , 1.0355,-1.5159,-2.3582,-2.7228,-1.7096,-3.0648]
[-2.0379, 3.4036, 2.4354, 0.2718,-2.2472,-0.0561, 0.4549, 0.6709,-3.0458, 1.0128, 2.9887, 1.0388, 0.1182,-0.5247, 0.8633, 3.1213,-2.2827, 0.1555, 3.0044, 0.2264,-0.6648,-0.0778, 1.0575, 1.8913,-0.9855]
[ 1.4164, 3.5894,-2.09  , 0.2246, 0.7482,-2.8533, 2.8354,-0.6004, 0.9126,-1.3303,-1.2379, 0.3566, 2.6635, 1.1204, 0.58  ,-3.0211,-0.9441, 2.5774, 2.3935, 2.0643, 2.1278, 1.0333, 1.1965, 1.2405, 1.7921]
[ 0.7458, 5.49  , 2.6988, 0.5164, 3.0622, 1.9002, 2.8847,-1.7521, 3.1006, 0.4227, 0.2296, 0.3908, 1.4662,-3.0379, 1.6574, 2.082 ,-0.7499,-1.7626,-0.3914, 2.8126, 1.3537, 1.7808,-0.1159,-1.9828,-1.7319]
[-2.5186, 0.419 ,-4.6645,-0.937 ,-2.0584, 1.9218,-1.0823,-2.2726, 0.2135, 2.0351,-1.4687,-2.0245, 1.2183,-0.9731,-0.8955, 2.7166, 0.5363,-0.0919, 3.1182,-2.5227, 2.56  ,-1.0364,-0.0676,-1.7678,-1.3085]
[ 3.3456, 1.9018,-0.3999,-3.0872, 1.3968, 1.6621, 0.2852, 2.1046,-2.4048, 1.0306,-1.0587,-2.3549,-1.5861,-0.6702,-1.8106,-1.1454, 2.7024, 1.0237, 1.7518, 2.6888,-0.3214, 0.9469, 3.1227, 1.1062, 2.9094]
[ 4.5827,-3.4643,-2.6052, 2.6472,-1.1355, 1.6747, 2.7824, 0.4679, 2.8187, 2.9744,-2.2775, 1.7184, 2.2026, 0.2195,-0.0711,-1.1597,-2.8814,-0.9429,-2.7287,-2.2122, 0.0584, 2.7428, 2.892 ,-0.0854,-0.9141]
[-4.8539,-3.1087, 2.7055, 0.3383, 1.9963, 2.7775, 1.5997, 1.1844,-1.0637, 2.3415, 1.9977,-1.2721,-0.5914,-3.0742,-2.9688, 0.0494, 1.2794,-0.2216, 2.4911, 0.133 , 1.7215, 1.6622,-3.0875,-1.9185, 1.9891]
[-2.1751, 3.4864,-3.4608,-1.6771,-1.7445, 0.1053, 2.5968,-2.812 ,-1.4251, 1.8293, 0.9883, 0.5141, 0.685 ,-0.5646,-2.3039, 2.614 ,-1.7665, 2.8761, 1.3828,-0.1553,-2.4658, 0.0291,-2.0814,-0.4965,-0.0471]
[-1.6285,-2.7346, 3.6226,-0.5588, 2.4796,-0.7161,-2.891 ,-0.2729, 1.7453,-1.1182,-3.0654, 1.8506,-1.5156, 0.5438,-1.2957,-1.9091,-2.7658, 1.3663,-2.5862,-0.1235,-2.6768, 1.997 ,-1.9349,-1.4243, 2.6033]
[-2.4399,-0.4515,-1.3642,-3.0007,-0.778 ,-2.004 ,-2.8297, 0.1799,-0.7394,-2.1905, 1.3409, 0.6399, 2.2403, 0.784 , 1.1332,-0.7773, 2.3604,-2.4223,-0.7684,-0.6966, 1.0794, 3.1199,-1.9667,-0.4589,-0.2851]
[-2.0991,-1.8581, 4.5996,-2.8187,-2.8295, 0.3201, 2.4163,-1.6743,-0.0492,-0.3249,-1.8399,-2.2491,-2.609 , 0.8533,-3.137 , 0.2515,-0.9819,-2.1426, 0.2976, 0.4938, 2.7012, 1.9188, 0.9158,-1.7172,-2.8506]
[-4.3525, 1.768 ,-3.9093,-2.5241,-0.1181, 3.0021,-2.8988, 0.94  ,-2.1415,-2.8431, 1.0855,-1.8744, 2.832 , 0.8439, 2.1205, 2.5488, 2.1027, 0.2158, 2.9694,-2.7641, 3.0399, 1.6905, 0.8865,-2.2499, 0.2939]
[ 0.8022, 1.8607,-1.2548, 0.5713,-2.83  , 2.7883, 0.7171,-0.3473, 2.3481,-2.2692,-1.522 , 0.0474,-1.5263, 2.3896,-2.3096, 1.987 , 2.5937, 1.1247,-1.8239, 0.0774,-1.832 ,-0.0115,-2.5982, 0.531 , 1.1318]
[ 4.2402,-3.1463, 3.3119,-0.5716, 0.2638, 1.1765, 1.2887,-2.826 , 1.7259, 0.6848, 1.5   ,-3.1205, 2.5805,-1.7843,-2.1922,-1.3958, 2.9408,-1.4064, 1.2601,-2.7964, 0.7134,-2.0407, 1.0387, 2.9496,-2.4258]
[-1.0288, 3.5325, 2.1289,-2.7771,-0.7274, 0.7203,-0.3381, 0.2491,-2.3913,-2.2008, 0.1266,-2.8517, 1.9492,-1.5781, 3.0107, 2.1871, 1.8039,-1.4219,-2.4265,-0.8947,-1.9504,-2.9819, 1.0218,-2.8084, 2.5914]
[-4.7686, 2.5467, 0.4475, 1.3923, 2.7281,-1.2955,-0.7202, 2.4935, 1.4574,-2.4385, 2.4138, 0.9502, 2.8167, 1.239 ,-0.0556,-0.9979,-1.2141,-0.9004, 1.8671, 0.8098,-1.7406,-0.8575,-0.492 , 3.139 , 1.3745]
[-4.1863, 1.846 , 0.2149,-2.1368,-0.0207,-2.9824,-1.8768,-1.951 , 1.2107,-3.1244,-0.5734, 1.7044,-0.6203, 0.4393, 1.1862, 2.3045,-1.2763, 2.4394,-2.8993, 0.7213, 1.9233,-0.1296,-0.9327, 0.609 , 0.9813]
[-5.3405, 5.3606,-4.7516, 2.8662, 2.6468, 0.2779,-1.1136, 2.0782, 1.7575,-3.1042,-0.3086,-0.409 , 2.3464,-0.5949, 2.1932, 0.6353, 2.0512,-0.5919, 1.3933, 2.7042, 0.3064,-0.4949, 0.5112, 1.123 , 2.8315]
[-0.7078,-3.3073,-4.286 , 1.2033, 3.0455,-2.8012, 0.8004,-0.646 , 2.5275,-2.3376,-0.1675,-0.8408,-1.0066,-1.2133,-0.7407,-0.4138, 2.2863,-0.1203,-2.8018,-0.8764, 2.6094,-1.9911,-0.6943,-2.7152,-2.7062]
[-0.9072, 0.2436,-3.3664,-1.1383, 1.0286,-1.1006, 1.3604, 2.7934, 3.0916,-0.0514, 1.8112,-0.4751, 0.982 ,-0.6166,-2.6252,-2.1585, 2.3623,-2.442 ,-2.554 ,-2.3279, 3.0493, 2.8358, 1.3648,-0.9165, 2.2625]
[ 1.4385, 0.0698, 1.2623, 2.7994, 0.0325, 1.6081, 2.4559,-1.444 , 0.9059, 1.9343, 0.339 ,-3.0598,-2.1412, 2.2103,-1.5564, 2.1572,-0.7608,-2.6986,-2.7299, 1.5942, 0.6795,-0.0517, 1.8106,-0.0841, 2.8413]
[-0.4951, 4.9676,-3.9736,-1.2937,-1.4978,-0.26  ,-1.4962,-0.7992,-2.3053, 2.0474, 2.3922,-1.8824,-0.2265, 1.4394, 0.2185, 1.745 ,-1.4979,-3.1   ,-2.0661,-0.7864,-0.7093,-0.2861, 1.3257,-0.8522, 2.1649]
[ 3.1237,-5.1318, 2.3339, 2.3699, 1.0822, 1.8177, 1.1718, 0.2633, 0.5337, 0.4896,-0.2486,-0.7706, 2.4034,-1.4202,-1.9186,-0.4058, 1.9595,-1.4336, 1.7176,-1.7771, 0.4166,-1.8678,-2.495 , 2.1779,-0.6447]
[-1.356 ,-4.6456, 5.3271, 1.6818, 0.1567, 2.1018, 0.0433,-0.1731,-1.2947, 0.7613, 0.3293,-0.8985, 1.7197,-1.2822, 0.5785, 0.5075,-2.2437, 0.6625, 1.9191, 1.3998, 0.6571, 2.948 ,-0.8255,-1.7395, 2.9637]
[ 4.7957, 5.1548,-2.6687,-0.0986,-1.6815,-1.5478,-0.9849,-1.0049, 2.5639, 0.9914, 2.5104,-1.1611, 0.2165, 0.7748,-2.4323,-0.3391,-1.7797, 0.0158,-1.434 , 2.4457, 2.9401, 2.9601, 2.5826, 0.9825,-1.3073]
[ 4.5363,-4.5245,-4.205 , 2.4012,-1.5272, 1.7947, 1.9585,-3.1073,-2.8924, 0.2767,-2.8619,-1.4435,-2.0718,-1.7226, 0.2019,-0.769 , 0.5506,-0.0643,-2.4504, 1.3552, 2.6786, 0.4964,-1.7462,-1.9022, 2.1576]
[ 3.4324,-2.953 ,-1.3175,-2.6336, 2.333 ,-2.1279, 2.3653, 2.1903, 1.5815,-0.7818, 1.9773,-2.3385, 0.6923,-2.8902, 0.5717, 1.8328,-0.5601, 1.1902,-1.687 ,-2.9827,-0.1665, 0.51  , 2.5383, 0.6798,-2.4243]
[-1.3517,-2.8553,-0.7954,-0.7514, 2.3847, 2.2993, 1.1323, 0.12  , 1.9373,-1.8034, 2.4183, 2.4005, 1.3034, 0.702 , 2.0141,-3.069 , 0.9517, 0.6125,-1.4282,-0.9035,-0.292 , 2.6844,-1.8203, 0.0816,-1.891 ]
[-0.549 , 5.2482,-0.5033,-1.0306,-1.0183,-0.9735, 2.0789,-0.501 , 0.5685,-0.5188,-0.5297,-2.1134,-1.8689,-0.85  ,-2.2562, 2.2127, 0.423 ,-2.1969, 1.0856,-0.3563,-2.4372,-2.8063,-0.2813, 0.3669,-1.9833]
[-3.5149, 5.1561,-4.926 , 2.794 , 0.5826, 1.8279,-0.3779, 1.7288,-0.4601, 2.9083,-0.8057, 1.082 ,-1.142 , 3.0017, 1.469 , 3.018 ,-2.6731, 0.0511,-3.0649,-1.4151, 0.4036, 3.0093, 0.1816,-1.6974, 2.7719]
[ 2.0699,-4.6035, 2.0831,-2.8739,-0.9713,-0.8772,-0.847 ,-0.5962,-1.4579, 2.259 ,-2.9486, 1.8517,-3.098 , 0.0308,-0.8749, 1.8511,-0.4813, 0.8022, 2.2377, 1.8303, 3.1369,-2.1223,-0.6089, 2.3331,-0.6699]
[ 0.3139,-4.8682, 4.6442, 0.4741,-2.2795,-0.0599,-2.5223,-2.8983, 2.1234,-2.2356, 1.2641, 0.2646, 0.5849,-0.6815,-1.2904, 0.4165,-2.7119, 1.3982, 0.9115, 1.047 , 1.1086, 0.0101,-2.1258, 0.597 ,-3.0214]
[ 1.1832, 4.5592,-1.2243,-3.021 , 1.918 , 0.5712,-0.6348,-1.7855, 0.0766,-0.3033, 2.7986, 0.5154, 1.2345,-2.6867, 2.2202, 0.7694, 2.7892, 2.4385, 2.5296, 0.5557,-0.9564,-0.1168,-0.6962,-3.0946,-2.0039]
[ 3.379 , 2.4214, 3.9323,-2.5919, 0.0378, 1.4127,-2.9129,-2.0975, 0.7976,-0.5783, 0.9459, 3.0479,-1.1468,-3.0368, 0.9121,-2.3055, 0.6597, 2.7402,-1.0354,-1.1614,-2.6555, 0.9213, 1.2785,-1.92  ,-0.4557]
[-0.8015,-3.8647, 5.3684,-2.2198, 2.8704, 0.7744, 1.7888,-2.5712, 2.419 ,-2.8114, 0.8462,-1.5286,-0.808 ,-3.1307, 0.9527, 1.4098,-2.0119, 2.7885,-0.7063, 0.1844, 2.8232,-2.4004,-2.6474, 2.147 ,-3.0758]
[-0.7958, 1.3564, 4.5824, 0.6138, 1.8646,-0.4126, 3.009 ,-2.6506, 1.807 , 1.4266,-3.0615,-3.1213, 1.4658, 0.8792,-2.9096,-1.3546,-0.8109,-1.0473,-0.211 , 0.7673, 1.7212,-1.8406, 0.1261, 1.2557, 2.7611]
[-5.1857,-4.1973,-0.9706, 3.0644, 1.1467,-0.7242,-2.5631, 0.7097, 1.4629, 2.1311,-1.2562, 1.0041,-3.0728,-2.2776,-1.4361, 0.3707,-0.9408, 0.42  , 2.0858, 0.396 ,-1.4696, 0.7881, 1.458 ,-2.409 ,-0.4142]
[-3.7863, 1.6968,-2.1834, 1.9232,-2.8872,-0.0483, 1.2211, 0.1525, 1.6011,-1.8094,-2.1182, 0.9893, 1.8832,-1.4125,-2.6588, 2.0939, 1.0022,-0.4288, 1.3356,-2.291 , 1.0085,-0.2223,-2.9417, 2.6905,-3.0894]
[ 3.9033,-1.3782,-3.0632, 2.617 ,-1.1029, 1.5855, 0.6304, 2.3808, 2.7932, 1.4886,-2.7716, 2.9968, 0.0957, 1.3715, 0.748 , 0.5897, 2.1605,-3.07  , 2.8553,-1.2162, 0.9636,-0.0313,-0.7275, 0.4621,-2.7704]
[-3.095 , 4.1384, 5.2909,-2.015 , 2.3216, 1.9091,-0.7643, 0.1392,-0.8073,-0.8243,-0.4712, 0.7886,-2.5446, 1.3263,-2.3519,-0.5813,-1.3232,-2.0033, 1.3472, 0.7984,-0.501 ,-2.6771,-2.6217,-1.6592,-0.2084]
[ 3.6551, 1.2622,-0.3988,-1.4781,-3.1175, 2.9758,-1.9346, 0.7245, 1.2236, 1.4013,-1.5438,-1.7979, 0.3876,-2.5247,-1.9054,-0.8331,-2.1661, 0.6705,-2.904 ,-2.9426,-2.7031, 2.5947,-3.0512, 1.6359,-0.5069]
[ 3.1887,-0.8359, 4.8566,-0.0935, 3.0781,-0.1919,-0.5101,-0.1536,-3.0142, 0.4824, 1.116 , 1.9943,-0.675 ,-1.0245,-1.5865, 0.9479,-0.2016, 2.2076,-1.5935, 2.994 , 2.822 , 2.6108, 2.61  , 2.6191, 1.4768]
[-1.6237,-1.3542,-0.5471, 0.151 , 1.7988,-0.5946,-0.2504,-1.7196,-2.9679, 1.8517,-2.5684, 0.3375, 3.0519,-1.0102,-1.3202,-0.2773, 0.6391,-2.3692,-1.8506, 3.1128, 3.0872, 1.2907, 2.3683,-3.0503,-0.3301]
[-3.492 , 2.5706,-1.0699, 2.6801,-0.0276,-3.011 , 0.9794,-1.549 , 1.4409,-2.8   ,-0.1628,-0.1417, 1.6816,-1.6727, 2.3758, 0.2725, 1.5371, 0.581 ,-2.2667, 0.6104,-2.8301, 2.229 ,-1.8124, 1.0989,-2.7709]
[ 1.078 ,-3.9136, 1.1087,-0.5559, 1.2438,-2.3338,-0.3476,-0.4042,-0.7454, 1.9343,-3.1092,-0.8048,-1.4623,-2.4676,-1.8939, 2.868 , 2.9434,-1.1465, 0.8404,-0.3926,-0.0758,-2.6972,-0.9705, 1.0007, 1.5539]
[ 4.8896,-5.2987,-5.3031,-3.0057,-1.369 ,-1.1003,-1.136 ,-1.5878, 1.3027,-0.9199,-2.5485,-0.9977,-1.4223,-0.0794, 2.9132, 0.0946, 2.0603,-2.647 , 0.4108, 2.9564, 2.7337, 2.7721, 0.8347,-3.0246,-1.8123]
[ 0.377 ,-5.1656,-2.836 , 1.5085,-1.0682,-2.4743, 0.6548, 1.3781, 1.8083,-1.4661, 1.5965, 1.5559,-2.8018, 0.4928, 0.3434, 1.27  , 2.3807, 0.7068, 2.361 ,-2.6597, 1.7744, 0.1076,-0.497 ,-2.6461, 0.5274]
[ 3.2457,-3.3598, 0.4573,-0.3807, 1.0901, 2.0012,-0.6203, 0.0701,-0.8194, 1.7835,-2.3775,-1.223 , 3.0752,-0.213 ,-1.4221, 2.9088, 1.7498,-2.9724, 2.6979,-2.958 ,-1.5281, 1.8886,-0.6269,-2.8488, 1.2879]
[ 3.9526,-0.9532,-2.6719,-2.5418, 2.5268, 3.0613,-0.0253, 0.9863,-1.6496,-1.5776, 2.3457, 0.0048,-3.1355, 1.7811, 2.2217, 2.8047, 2.9   , 2.6914, 1.8948, 1.231 , 0.2657,-1.739 , 2.9046,-1.2901,-1.2146]
[ 1.5882,-0.1549, 1.7451,-0.0654,-2.5365, 2.9479,-1.1379, 1.8821, 2.3924,-0.1153, 1.8605, 1.2593, 1.4027,-1.512 , 2.6004, 0.061 ,-2.8217,-0.6093,-1.7061,-1.5194, 2.4864,-0.679 , 1.5136, 0.8146,-1.3685]
[ 2.2298, 2.1799, 4.038 ,-2.3117,-2.1367, 0.1114, 1.8811,-0.9351, 1.2979,-0.501 ,-1.5901,-1.037 , 0.3146, 0.9013, 1.2813,-1.4522,-2.1275, 0.5554,-1.3465,-1.8213, 2.5968, 2.7428, 1.732 ,-2.2788, 2.9558]
[ 4.0946, 2.8623, 4.2759, 1.15  ,-2.6244, 1.1034,-0.609 , 0.6114,-1.8861,-2.3817, 1.9905,-0.276 , 2.4506, 2.1433, 1.9615,-1.6513,-0.5049, 1.1662, 1.2889, 2.8628,-0.3857, 2.8238,-0.4352, 0.4296, 0.8162]
[-2.0439,-2.514 ,-5.4141,-1.3358,-0.537 ,-2.4889,-1.5111, 2.186 ,-1.9246, 2.4162,-2.9231, 2.8916, 1.3768,-1.0424, 1.6808,-1.5058, 2.8882,-2.1051, 0.3331,-1.69  ,-0.3987,-0.4635,-0.8028, 1.5857, 0.3594]
[-3.0522,-0.4561, 4.4005,-2.4828,-2.4175,-0.8884, 1.8885, 0.7378,-3.0708, 1.7556, 0.5614,-1.5826,-2.1141, 1.2256,-1.4292,-1.6959, 1.1709, 0.0986,-0.8347,-2.6434,-0.2813, 0.0228, 0.9726,-0.2625, 2.0827]
[ 0.516 , 3.7629, 1.5327,-2.1997, 2.4221, 2.7422, 2.652 , 1.5319, 3.1246,-0.8072,-2.6637, 0.0932, 2.4276,-2.2018,-1.1945,-1.1838,-0.8975, 1.7325, 1.1113, 2.3195, 1.597 ,-0.0575,-2.2634,-2.2511,-1.7728]
[-4.3702, 1.4578,-2.4823, 1.6269, 0.5067, 3.0417,-0.56  , 2.3694, 3.0722, 1.2171,-0.4541,-0.4025, 2.2111,-0.0635,-2.8917, 1.9986,-2.5889,-2.1161, 0.8418,-2.7834,-1.234 ,-0.9525, 2.8543, 1.389 , 1.6122]
[ 3.9853, 4.1165,-1.0273,-0.9923, 0.1641, 0.2161, 1.0994,-1.3591,-1.8651,-0.9474,-2.6292, 2.8418,-1.5763,-1.6435,-2.8621,-1.9441,-2.3772, 2.8189,-0.4405,-1.4653,-3.0361,-0.8802,-2.9407,-1.7282,-0.1169]
[-4.5798, 1.4226,-2.1561,-2.0108,-2.8546, 0.0385, 0.618 , 3.0958,-1.5501,-0.56  ,-1.4588, 3.0188, 0.0435, 0.8156, 0.782 ,-1.8932, 0.5035, 3.1097, 1.7848,-2.4282,-2.3612,-0.6035,-1.0351, 0.6423, 0.766 ]
[-4.5732, 3.9123, 2.0712, 2.7777, 1.561 ,-2.9265,-1.8978,-2.0307, 2.7065, 0.6441,-0.6879,-2.7635, 0.6063,-0.2833, 2.5932, 2.3201,-0.3885,-0.9256,-1.2747,-0.4926,-2.9619, 1.045 , 2.9549, 0.0592, 0.6037]
[-0.5047,-3.2295, 1.6113,-1.739 , 0.4974, 0.9477,-2.5531, 3.0245, 2.3813, 0.9377, 1.8738, 1.4289,-1.3847, 1.1094, 2.2243, 2.1205,-3.0921,-2.9677,-3.0624,-2.5727,-0.2522, 2.3883, 2.4626,-2.517 , 2.1467]
[ 0.4109,-2.0199,-0.0961,-0.5218, 0.3781, 1.441 , 2.0604, 2.5527, 1.3935,-0.0785, 2.0879,-1.8875,-1.1304, 1.7812,-1.9934,-0.7008, 0.5191, 0.2116,-2.0455,-0.2509, 1.6642, 2.9983, 0.7884,-2.5466,-1.3088]
[ 2.082 , 3.6305,-3.1658, 0.2598,-3.1363, 1.654 ,-0.6792,-2.7496,-0.5562, 1.1486, 0.1868, 0.9611, 1.1145,-2.7412, 2.032 ,-0.7384,-1.5919,-0.4889,-1.1675,-2.4256,-2.4502,-2.895 ,-2.4613, 3.0139, 0.6766]
[-2.5948,-3.5768, 0.9509, 2.6539,-2.1971,-1.1906,-2.8683,-2.1264, 2.1639,-1.9044,-2.957 , 1.5145,-1.0157, 0.9067, 3.0721,-0.966 ,-1.4736, 1.6795,-1.8605, 0.9289,-1.4141,-1.1763,-1.6967, 1.7655,-0.6922]
[ 5.0321, 1.5849, 5.0628,-1.8298,-3.0179,-0.4037,-1.7352, 2.2379, 0.5667, 1.0521, 2.9831, 0.7253, 0.2495, 3.003 ,-1.5123, 1.8837, 0.6758, 2.1317,-0.2071, 0.3648,-1.5803, 1.6621,-1.7446,-0.6249, 2.7818]
[ 2.0489,-0.666 ,-4.4517, 2.8728, 2.5849,-2.0807, 1.3924, 2.6576, 2.6128, 0.9447, 2.9106,-1.7875,-2.7673,-0.6968, 0.8992, 1.1105, 1.021 , 1.7677, 1.2932,-1.6006,-2.6594, 0.5578, 0.947 , 0.7534, 1.4868]
[-4.275 ,-4.0801, 3.6693, 0.0195,-3.0327, 3.1245,-2.2665, 0.2664, 2.2922, 2.7766, 0.6155,-1.5953, 1.4669, 1.7059,-0.7821, 0.2087,-0.7364, 1.4438,-2.3413, 2.4553, 2.3981, 1.9766, 1.0658,-0.6265,-2.659 ]
[-1.3106,-5.0325,-4.3487, 0.3183, 1.9549, 0.6658,-0.5411,-2.1941,-2.1295, 3.0872, 0.6133,-0.4526,-2.5561,-1.6223, 1.148 , 1.729 ,-1.994 , 2.152 , 1.9272, 2.3672,-1.3006, 2.7977, 1.043 , 3.08  ,-2.7956]
[ 2.3004, 0.9839, 1.8763,-0.4054,-3.1282,-0.6077, 2.5756, 0.9716,-1.3954,-2.7259, 0.2472,-2.894 ,-2.067 ,-2.5282, 0.0311, 2.9829,-2.2204, 1.6142, 2.0145,-2.8112,-1.6735,-0.8861, 2.8051,-2.6852,-2.9815]
[-1.1388,-4.8859,-4.4852,-2.3384, 1.7753,-2.358 , 0.8309, 0.9467, 2.1508,-0.0886,-1.5601,-2.6689,-2.0141, 1.2981, 0.0627, 2.7651,-1.2796, 1.5203, 1.2527, 0.225 ,-1.5121,-1.3589,-1.6933,-2.9281,-1.3601]
[-2.6883,-0.2808,-2.1809,-1.4869, 1.9193,-1.1934, 0.5833, 2.2604, 2.6514, 0.9234,-2.6047,-0.7933,-2.9847,-0.9299, 2.4675,-2.4057,-1.7246,-0.8234, 1.0446,-0.9464,-0.3725,-0.8608,-2.8615, 0.5462, 1.903 ]
[ 2.187 ,-1.3708,-0.9181, 0.7908, 2.4533,-0.6147,-2.1804,-1.6784, 0.1243,-0.7752,-1.886 , 0.7362,-2.1709,-2.516 , 0.3382, 1.7117, 2.4709,-2.8648, 1.8621, 1.522 ,-0.8183,-1.1263,-0.1757,-0.7769,-1.4168]
[-5.2798,-0.9214, 2.9955,-1.6129,-1.5606, 0.7917,-2.5955, 2.2175, 2.2244,-1.7411, 2.0204,-0.903 , 1.1501, 2.4112,-0.065 , 0.8373, 2.2659, 1.5218, 2.3792,-2.1333,-3.0212,-0.5025,-2.1424,-2.4806,-1.1753]
[ 2.892 ,-1.5888,-3.6593, 2.9758, 1.1616,-0.2281,-2.4768, 2.7732, 0.5607,-0.8864,-2.0466, 2.5777, 2.3619, 3.0727, 0.8712, 1.353 , 0.9595,-2.6715, 0.4326, 1.2015, 2.5   , 0.711 ,-1.784 , 1.152 ,-1.6541]
[ 3.7404,-1.1296, 4.4312,-2.96  ,-1.9733, 1.5978,-0.752 ,-1.349 ,-1.8285,-2.6488,-1.8091, 1.5592,-0.9883, 2.0768,-2.6082, 1.3568,-2.3312, 2.2531, 1.2342, 2.6039,-2.5222, 0.7826,-0.9671, 2.8962,-2.7492]
[ 5.1055,-0.3506,-1.3121, 2.8804, 2.0595, 2.5796, 2.5763, 0.2136, 0.5871,-0.0299, 1.9827, 1.1565, 1.2075,-0.3716,-2.7346, 2.4629,-1.1027,-2.4533,-1.7531, 1.3551, 2.2733, 0.2854,-0.7189, 2.7671, 2.1239]
[ 2.0429,-2.5089,-0.1582,-0.4381,-2.3448,-3.0913,-0.6005, 1.2837, 1.8906,-1.157 ,-1.7724, 0.2695,-0.438 ,-0.3684,-2.2662,-2.1885, 1.486 ,-2.5672, 2.6003,-1.4891,-0.8001,-0.6375, 2.266 ,-0.6273,-0.5813]
[-2.1089,-3.7804, 4.4423,-1.9846, 1.9348, 0.6891,-0.3786, 1.2632,-1.85  , 1.0297, 0.6519,-0.3537,-2.3492,-2.3477, 2.7386, 0.3943, 3.0319,-3.1007, 3.032 , 0.4201,-0.7449, 2.8056, 0.6272,-1.6685, 1.1433]
[-3.4327,-3.8977,-4.3855, 3.0807,-2.8404,-2.1402, 3.0724, 2.2363, 1.3309,-2.2118,-0.6795,-0.3322,-1.2245,-2.0139,-0.3958, 2.389 ,-1.3479,-1.0465, 1.9151, 2.0798,-0.2229,-1.5285, 1.5832, 2.121 ,-2.9183]
[ 2.0372, 1.6605,-0.1688, 2.5583,-0.1544,-2.0288, 2.2242,-0.3535, 1.9448,-0.892 ,-2.0321,-1.6028,-1.8904,-2.6316, 2.8222, 0.5341,-1.5577,-2.726 , 1.9577, 1.8836, 1.9162,-2.7788, 0.5984,-2.4869, 0.919 ]
[ 5.47  , 0.5782, 5.3411, 1.7308, 1.4067, 1.4284, 2.0869,-2.0616,-1.2642, 1.6331,-1.5958, 2.4635, 2.677 , 1.2103, 0.6625, 0.1114,-1.5484, 0.4505, 2.1262, 1.7367, 2.821 , 0.3456,-2.0249,-0.7705, 1.1704]
[-4.7598e+00,-3.6227e+00, 2.1219e+00, 3.1166e+00, 1.1887e+00, 2.3038e+00, 2.1200e-01,-2.7006e+00,-8.8068e-01,-1.1895e+00,-1.5648e+00,-2.5920e+00, 5.3961e-02, 1.0608e+00,-3.0941e-01,-2.8183e-01,-1.3495e+00,-1.1667e+00,-1.1437e+00,-3.0803e+00,-1.4940e+00, 3.8972e-02,-4.7465e-04, 1.1734e+00,-6.1520e-01]
[-4.8472,-1.7795,-3.3601, 1.4819, 0.5392, 2.0282, 1.8446, 2.29  , 1.3235, 2.8661,-1.7559,-0.6284,-0.3796, 0.0619,-2.816 ,-3.0139,-1.8803, 2.8114,-1.0998, 1.4172, 1.3875,-2.7138,-2.2966, 2.5039,-1.7554]
[ 0.5981,-0.766 , 4.1899,-0.7683, 1.4804,-2.6368, 1.2306,-0.2747,-0.6028, 1.4074,-0.5376, 1.7964,-0.0071,-2.9363,-2.9115, 2.8361, 1.6441,-1.0764,-2.7262, 2.2301, 3.1408,-0.7515, 2.6013, 2.8278, 1.4716]
[-1.5354,-0.1164, 0.9834,-1.7425,-1.1312,-2.6409, 3.0158, 2.8361, 2.818 , 2.452 , 2.0158,-0.7889,-2.027 ,-0.6769,-2.8693,-1.8323, 0.8831,-2.5004, 1.6441, 1.9641, 1.9867, 0.9076, 0.7204,-0.8115,-0.1291]
[-2.5285,-0.746 ,-1.209 ,-0.9303,-2.8789,-1.1766,-1.7824, 0.3048,-1.5603, 0.5888,-2.6212,-0.4519,-1.3622,-0.5906,-1.9271,-3.0197,-0.8591, 2.6212,-2.2782, 1.7107, 2.8517, 2.6786,-3.0868,-1.913 , 2.7143]
[-1.5916, 1.3597, 5.3341,-1.0147, 2.3369,-1.2101,-0.0174, 2.3357, 2.0554, 2.8512,-0.7749, 2.8075,-1.2429, 2.823 , 3.1095, 2.6331, 0.8371, 0.8074,-2.5955, 1.1418, 2.7867, 3.0043, 1.8058,-0.3872, 2.8377]
[-3.578 , 1.4558, 0.8589,-2.0712,-1.0622, 1.1519,-2.5011, 2.8197, 1.4979, 1.391 , 2.9542, 0.6656, 2.6267,-1.3656,-0.1067,-0.5735, 0.3856,-2.1502,-0.0841,-1.8667, 2.1372, 2.4736,-1.134 , 2.9416,-1.346 ]
[ 2.2462,-1.3282,-2.2259,-1.6936,-2.0251,-1.2606,-0.0463, 2.9514,-2.5009, 1.4264,-2.9685, 0.2349, 0.9468, 1.3287,-2.4942,-2.7868,-2.093 ,-0.9446,-2.9542, 0.1021,-0.8931, 1.6697, 2.9234,-2.7893,-2.6284]
[-3.5722, 5.1407,-1.8695,-2.1705,-2.7523,-2.8822, 2.2518, 1.6093,-1.2411,-0.8272,-1.1949,-2.5267,-2.6377, 2.8676, 0.5683,-1.9113,-0.8526, 0.1445,-2.5619,-1.0168, 2.2194, 2.4931, 2.2725,-2.5124,-0.7156]
[ 3.932 ,-2.8117,-3.1562,-1.2568,-0.5669, 1.6901,-0.8984,-1.7663, 0.2912, 1.2741, 1.8332,-0.9551,-1.3449, 2.5865, 0.4553, 0.139 , 1.4555,-1.531 ,-3.0593,-0.5458,-3.0284, 1.0222,-2.8345,-0.5931, 2.4562]
[ 2.8407e+00, 2.5611e+00,-5.4833e+00, 9.5688e-02, 1.3433e+00,-2.3136e+00, 1.2574e+00, 2.8026e+00, 1.9551e+00,-3.9804e-03, 6.8114e-01, 6.9505e-01,-1.3732e+00, 2.5036e+00,-2.2703e+00,-2.3038e-01,-1.2219e+00, 2.9531e+00,-1.7388e+00, 2.5390e-01,-5.4735e-01,-1.7647e-01,-1.2756e+00, 8.3341e-01,-6.6259e-01]
[ 1.6337, 4.7082,-3.5763,-2.9737,-1.176 , 0.8532,-1.3371, 1.3418, 1.7375, 2.67  , 1.6001,-3.0569, 2.9832,-1.2125,-1.3879,-0.198 , 2.8464,-0.59  ,-0.6361, 2.2531, 1.9577,-2.5204, 1.0826,-0.6576,-0.2328]
[-4.2703,-2.8064, 0.1269,-2.3694,-1.2844,-1.698 ,-2.6523,-2.4184,-1.6376, 1.9593,-0.8039, 0.9639, 2.997 ,-0.9079,-1.9917,-0.9238, 1.7975,-1.4092, 0.1783, 2.4435,-1.4718, 0.1176, 3.0347, 2.5545,-2.2818]
[-3.4357,-3.2934, 3.2963,-1.2946, 0.6381, 0.0571,-0.5969,-1.3607, 3.1354, 1.6434, 0.5725, 2.2812,-2.3197, 0.5672,-0.0402, 2.2489,-0.2974,-2.2888, 1.7553, 1.8817, 1.8634, 1.9273, 0.3233,-0.7738,-1.7649]
[-1.4398, 3.8294,-1.9963, 1.6891,-1.2596,-0.004 , 2.7405, 2.1495,-1.672 ,-1.8788, 2.9131,-2.5163, 2.2587,-1.1558,-0.7302, 0.9021, 2.9437, 0.274 , 1.3355,-2.2173,-0.4111, 2.0786,-0.415 , 0.0432, 0.1435]
[-5.0082, 5.1211, 2.8608, 1.6401, 0.2945, 1.1233,-0.9774, 1.2559,-0.8221,-0.1876,-0.0337,-1.0033, 1.5305, 0.0131, 1.1103,-0.4419,-2.688 , 0.2637,-0.7851,-2.8548, 0.0911, 3.095 , 1.6413, 1.0517,-2.203 ]
[ 2.8623, 2.0399,-4.6453,-2.1486,-2.7521, 2.9661,-2.6474, 2.0316,-0.321 , 0.2739,-0.5507, 0.865 ,-2.2555, 0.4989, 0.6854, 0.7494, 2.5726,-0.5058, 0.3298,-1.5907,-2.7159,-2.8111, 0.5707,-0.0382, 1.3673]
