[ 0.9153, 2.8362,-3.431 , 2.142 ,-0.7541, 1.8136,-0.3212, 3.0542, 2.0491, 0.5349,-0.6774,-0.2916,-2.5831, 1.9412,-0.2809,-0.0122, 2.9831,-3.1138,-0.8661,-0.9379,-1.0171]
[-3.5984,-1.4456, 4.4032,-1.1389, 1.0475, 1.277 ,-0.2191, 0.4492, 2.514 , 2.1611, 0.3497, 1.5887,-1.596 ,-0.8158,-0.4719, 0.1307, 2.7474,-0.7693, 2.7957,-2.5654, 1.4323]
[ 1.8645,-3.0232,-0.9653, 2.3553, 2.1689, 3.0957, 2.4738,-2.852 ,-0.1344,-2.0909,-2.5631,-2.2396, 0.066 , 1.7755, 0.5548,-0.412 , 0.2651, 2.9135, 2.3093, 2.0115, 0.9349]
[ 2.195 ,-0.3385,-1.7014, 1.0504,-2.7533, 0.8608,-0.8434, 2.2004,-2.6247, 1.9446, 1.196 ,-2.7358, 1.1296, 2.059 , 0.4969,-2.4207, 1.1527, 0.1568, 2.8139, 2.8543,-2.387 ]
[ 0.3225,-3.7247, 4.0429, 2.4504, 2.6311, 2.5964,-1.2743, 0.6832, 0.8766, 1.0083,-0.0597, 0.1821,-1.7578,-1.1236,-1.1112,-1.3925, 3.0657, 1.7493, 2.3239,-3.1079, 1.017 ]
[ 3.6105,-1.7502, 2.0783, 3.1296, 0.7656,-2.4562,-0.1783,-1.9229,-1.4129, 1.7102,-1.7223,-2.9297,-0.2326,-0.3189,-1.9554, 1.7107, 1.6373, 2.0558, 0.5438, 2.3326,-1.1257]
[-5.2337, 1.3412, 4.8114, 0.516 , 0.4355,-2.9816, 0.7832, 2.9862,-2.9925,-1.3909, 0.4875, 2.807 , 0.4442,-0.3867, 1.9294, 0.8387,-1.1814, 2.3192, 1.3291, 2.6542,-0.8717]
[-5.268 , 1.9092,-0.8361, 0.6528, 3.1024,-1.3728,-0.788 ,-1.4131, 1.5991,-0.9869,-1.8397,-1.7508,-1.8637,-0.3616, 0.1783, 0.0174, 2.9336, 1.8579, 2.7611,-1.246 ,-0.5203]
[-3.6598,-4.3589, 4.7609,-1.8476, 2.8078, 2.8607, 1.7293,-0.5957,-2.8693, 0.341 , 1.9469, 1.8429,-1.2015, 0.5883, 2.0977, 0.4466, 1.1724,-2.3908, 0.9913, 1.5244,-2.5985]
[-1.3082, 5.1427,-5.1787, 2.5961, 2.9539, 1.0114,-0.9505,-1.7669,-2.6755, 1.9487, 1.7061, 3.0394,-2.4381, 0.4045, 2.9299, 2.5211, 2.3264, 0.3068, 1.3081,-0.1914,-1.3186]
[-4.9064,-1.1041, 0.1893,-2.8255, 0.9651,-0.9886, 2.9043,-2.284 , 1.3585,-1.4343,-0.6246,-1.2016,-1.9801, 0.0884,-1.6319,-0.0233,-2.5842,-2.7788, 3.0373, 1.5689, 2.0807]
[ 3.5952, 3.4955, 5.2104, 2.8359,-1.9291, 1.6473,-0.6382, 1.6889,-0.0698,-0.9552,-1.1479, 1.6602, 0.8965,-1.1585, 0.3796,-0.5518,-2.1884, 2.1367, 2.9688,-1.4364,-0.5513]
[ 3.6664, 0.6292, 2.8293,-1.5762, 0.1738,-1.5413,-2.2002,-2.9735,-0.6006, 0.8842, 0.9421,-1.9578, 2.2367,-0.6517, 1.8997, 0.9654,-1.0062,-2.3651, 0.2463,-1.6648,-1.6181]
[ 2.5795,-4.5635,-4.3613, 0.2482, 2.8661, 2.3404, 0.8834, 2.4256, 1.1118,-0.4484,-1.411 , 0.4615, 0.4884,-1.9978, 1.4441,-3.1309,-2.5636,-2.7327, 2.561 ,-2.0052,-2.9382]
[-1.6659,-3.3815, 3.0393,-1.102 ,-3.0676, 2.6984, 2.5047,-2.6694, 0.6805,-1.0517,-2.8118,-2.5683, 1.1978, 2.4875,-0.4782, 0.7344,-0.919 ,-1.0939,-2.066 , 2.2146,-1.7347]
[ 1.5517e+00, 4.2938e+00, 2.5173e+00,-2.1218e+00,-1.7759e+00,-1.8691e+00, 1.1358e+00,-2.0640e-01,-6.9953e-02, 1.2992e+00,-2.3791e+00,-2.8566e+00, 1.5880e+00, 1.4112e+00,-3.3708e-03, 1.0483e-01, 2.8745e+00,-2.8267e+00,-6.2344e-01, 1.7408e-01,-2.0623e-01]
[ 4.0672,-3.6301,-2.284 , 2.6122, 1.9425,-2.0135,-1.7616,-0.6503,-1.3099, 2.1161, 2.3164,-0.7924, 0.4922, 2.257 , 2.3   ,-3.0323,-0.5015, 1.5698,-1.6995, 1.2676,-1.7741]
[-3.5739, 2.1179,-2.8545, 1.0714,-1.6522,-0.808 , 0.1773, 0.0151, 0.9052, 0.5576,-0.6621, 2.5179, 0.6147, 0.535 , 1.862 , 2.8953, 0.9886, 2.5689,-0.1152,-1.9998, 1.8288]
[ 5.3733, 3.898 , 3.5178,-0.1514,-1.4697,-0.1771, 2.6539,-0.2645,-1.4113,-1.9104, 3.1099, 2.0966,-1.405 ,-1.0075,-1.7196,-0.8292, 0.0162,-0.6085, 3.1199, 2.0271,-0.3079]
[ 0.0961, 4.5501,-4.0288,-2.7416, 0.1044, 2.9841, 3.0105, 2.2057,-1.6818, 1.0552, 0.8993, 0.1718, 0.2574, 0.6729, 2.254 , 1.5019,-2.1552,-1.369 ,-0.6566, 0.0174,-3.0634]
[-1.7032,-3.739 ,-3.9961,-0.5964,-0.6335, 2.7456, 1.0639,-2.7473,-1.203 , 2.246 ,-1.5715,-0.6397, 1.2638, 1.5163,-0.1675, 0.1729, 2.9692,-1.0246, 0.5661,-2.3546,-2.1683]
[-4.8891, 0.5681,-0.141 , 0.5787,-2.0918,-2.4205,-0.638 , 1.8535, 0.5159,-2.5007, 1.9592,-0.6566,-3.0614, 0.4332,-2.0566,-0.928 ,-0.0094, 0.49  , 0.6419, 3.1198,-2.0793]
[-1.8984, 3.0114, 1.8356,-2.1385, 3.1136, 2.7836,-3.1222,-1.3217,-1.8126, 1.8229, 2.0194,-2.5198,-0.9203, 0.1705,-0.4549,-0.9453, 0.3385,-2.7378,-2.0674,-0.1467, 2.5573]
[ 4.7523, 4.9178, 2.9133, 0.2458, 0.1459,-0.0509, 0.9475,-1.3549, 1.4732, 1.1989, 2.8439, 1.6546,-2.1831, 1.0191, 3.0321, 3.1297,-0.387 ,-0.4149,-1.1079, 0.8777, 2.0068]
[-1.8513,-4.6061, 4.5415,-0.2554,-2.2945, 1.6742, 2.8902,-0.5042,-1.2227, 1.9264,-0.6986, 1.388 ,-1.9743,-2.972 ,-1.314 ,-1.443 , 2.3181,-2.1546, 2.0969,-0.2131, 0.3025]
[ 3.9976, 4.8857,-4.6184, 1.6547, 2.8582,-0.2746,-1.8514,-1.5939,-0.8475,-2.2015, 2.3552, 2.9903,-0.5532, 1.0191, 0.8561,-1.9083, 2.5366, 2.3424, 0.0804, 1.6592,-2.8127]
[ 0.7835,-3.9845,-5.0074,-1.6411, 2.5538,-0.5255,-0.9677,-3.0967,-0.9641, 1.9692,-0.8582,-3.0694, 2.8873, 3.0362, 1.8544,-0.1956, 2.1309, 2.3188, 2.5977, 1.2604,-1.661 ]
[ 5.0461e+00,-8.2404e-01,-3.3341e+00,-2.9408e+00,-2.1131e-01,-1.4336e+00,-2.7061e+00, 2.2280e+00, 1.0702e+00,-2.1399e-01, 2.3728e+00,-2.8970e+00, 2.0807e-01, 5.8638e-03, 4.1349e-01, 2.5393e+00, 2.0596e+00,-4.9321e-01,-4.3894e-03,-1.8057e+00,-3.0516e+00]
[-1.3908,-4.1927, 4.8285,-1.732 ,-1.256 , 1.1356, 1.143 ,-2.5193,-1.615 ,-0.6557,-0.1799,-1.7368, 0.5532,-2.4649,-2.7358, 1.0006,-2.7769,-1.7699, 0.4128,-1.6895,-1.3545]
[-3.1203,-1.0422,-1.0763,-3.0507,-1.4722, 1.5798,-1.2708,-0.1632,-0.6312,-1.4272, 1.9062,-2.882 , 0.0962, 0.5923, 0.0905,-2.144 , 0.0283,-1.7485, 1.212 , 0.347 ,-1.6254]
[-3.3516, 3.9135, 1.3126, 1.5626,-2.6172,-2.0693,-0.79  ,-1.7693, 1.8352, 1.7881, 0.4148, 0.977 , 1.7731,-2.736 ,-3.0855,-2.2527, 1.2598, 2.6415, 0.7373, 0.7025,-1.2734]
[-0.8746,-0.326 , 0.7154, 0.2485, 1.082 ,-2.1739,-1.3883, 3.08  ,-2.3455,-2.4243,-0.7604,-0.4531, 0.7841,-2.2184,-0.3399,-0.7144, 0.2954,-0.1724,-0.2267,-0.3776, 2.3808]
[ 2.189 ,-3.4978, 4.8211,-1.8385, 1.798 , 0.6681,-1.8091,-2.7753, 3.0689,-0.9699, 2.6488,-1.6397,-0.8258, 3.0643, 3.0487, 2.491 ,-0.5239, 0.4853,-0.0451,-0.6479,-1.4045]
[-3.1791,-1.1276,-0.6543, 1.5643,-2.8547, 1.2796,-1.1584,-2.9664,-2.3292,-0.0738,-0.0595,-2.1692, 1.9136, 1.9548, 2.3702, 1.5745, 1.3599, 0.7395, 1.2624, 2.7152, 2.5929]
[ 3.2282,-1.6436,-4.5364,-1.7257,-1.001 , 1.9698, 2.8438,-2.3972, 1.5551,-3.1381,-2.246 ,-1.8874,-1.8635,-1.7083,-3.0842,-1.252 , 0.3511, 0.6148,-2.312 , 0.3463, 3.0669]
[-4.7337e+00, 1.5398e+00,-2.0256e-04,-2.8468e+00, 2.5362e+00, 3.1393e+00,-9.3556e-01, 2.0130e+00, 2.0523e+00,-2.1737e+00, 1.0791e+00, 2.1043e+00,-8.3799e-01, 4.1472e-01, 7.5755e-01, 5.7884e-01, 7.4907e-01,-2.4529e+00,-3.8711e-01, 1.4292e+00,-1.1005e+00]
[-5.304 ,-0.6837,-5.2554,-3.0171,-1.4118, 0.9118, 2.7041, 1.7977, 2.0204, 2.463 , 2.099 ,-0.6399, 0.9962,-1.755 ,-0.3401, 0.6435,-2.1143,-2.3387,-1.2544,-2.996 , 2.0119]
[-2.7960e+00,-2.5478e-01,-2.9393e+00, 1.0056e+00, 2.5713e+00, 6.4311e-01, 1.3479e+00, 1.0659e+00, 5.0711e-01, 1.2210e+00, 7.5874e-01,-1.9287e+00,-2.0331e+00,-1.3964e+00, 2.7153e+00,-1.9129e-03, 1.5531e+00,-1.2537e+00,-2.5720e+00, 1.4106e-01, 4.6582e-01]
[ 2.8286,-4.62  ,-3.6138, 2.058 ,-2.434 , 1.2372, 1.9446,-0.448 , 2.4084, 0.2199,-2.077 ,-1.6457, 2.8528, 0.1501, 1.7734, 1.176 , 1.1379,-0.2454,-1.2713, 2.0536, 0.6044]
[-3.4119,-4.9073,-2.4967,-0.3892, 0.8652, 1.9951,-0.0725, 0.4632, 1.0832,-2.1991,-2.6403, 1.2282, 0.0889,-0.6622,-1.2352,-2.4249,-0.7458, 1.8   , 1.5389, 1.1802, 1.1216]
[-0.0788,-0.1138,-1.8081, 0.7216,-2.9117,-0.9838, 0.0389, 0.2653,-1.2731, 0.0459,-1.7814,-1.6731,-1.8971, 1.2359,-2.4151, 2.7284, 1.8949,-1.7842, 2.1854,-1.768 ,-1.3605]
[ 1.0964, 3.2724,-4.3566,-1.342 ,-1.9724, 1.1638, 3.1405, 0.7819,-2.0676, 1.7178, 1.1219,-2.6096, 1.226 , 2.633 , 2.7402,-3.0729, 2.1183, 3.0789,-2.8489,-2.765 , 2.1237]
[-3.983 , 2.4286,-4.4468,-1.7296, 2.4645,-2.0448,-2.3264, 0.6452,-2.3671,-1.2575, 2.5325, 3.0328, 1.5307,-2.9384,-2.2922,-2.6883,-0.894 ,-0.1831, 1.473 ,-2.9742, 0.659 ]
[ 0.7038, 4.2532,-3.0428,-1.1446, 1.5196, 0.0991,-1.3865, 1.9994, 2.1935,-0.4249, 0.8942,-0.6289, 0.2717,-0.9876,-0.4197,-2.6498,-1.323 ,-0.8164,-1.642 , 1.7351,-2.7642]
[ 3.014 , 5.1972, 0.9949,-2.5191,-0.3229,-0.9159,-1.9969,-3.1102,-0.4024, 0.6573,-2.0398, 1.922 , 0.0654,-0.3243, 1.1603,-0.1178,-1.0696, 1.0608, 2.3545, 1.1863,-0.3953]
[ 0.9694,-3.6299,-4.9525,-2.525 ,-2.835 , 1.8801,-1.8927, 1.9863, 1.6249, 0.2935,-2.4627, 2.7912, 1.2915,-1.3799, 2.1782,-2.7368, 3.0489, 2.8021, 0.5354,-2.7402,-0.056 ]
[ 2.9328, 4.8033,-1.4802, 1.8334, 1.8451, 1.6332, 0.7855, 2.3708,-0.4265,-2.9619,-1.8725, 1.9229,-0.3854, 2.576 , 0.4549,-2.5684,-0.4068,-0.8216,-2.5575, 3.0658,-1.3546]
[-4.6687,-3.0076,-1.4915, 0.2219,-0.0107,-1.6259, 1.9232, 0.0374,-0.9536, 2.1284,-0.3974,-0.5953,-2.8302, 2.4051, 1.5448, 2.1491, 2.6115, 1.6087,-2.9305, 2.0666,-0.0793]
[ 3.9362,-5.1765, 1.712 , 2.0476, 0.7318,-1.3085,-1.4365, 2.4879,-1.1198,-2.6764,-1.2243, 0.6523,-3.008 ,-2.805 ,-0.9663,-2.4022,-0.2142,-0.8402, 0.2192,-1.2802,-1.9264]
[ 5.4996, 3.2606,-4.7873,-1.1642, 2.7529, 0.2137,-0.6934, 1.3444,-2.7531, 0.5841,-1.362 , 2.848 ,-0.1916,-3.006 ,-1.5239,-2.1197,-0.9393, 0.9993, 2.6186,-0.1094, 2.1696]
[ 3.842 , 1.6118,-4.5229,-0.8112,-1.2194,-1.4676, 0.1034,-3.0631, 0.6021,-2.2648, 1.1995, 0.5036, 0.5998, 1.0804,-0.9368,-0.4386,-0.4936,-2.8558, 2.4173, 0.696 ,-1.8825]
[ 4.0914,-5.2737,-4.9191, 2.9378,-2.7626,-0.7283,-0.8719, 0.7615, 0.6813,-0.5865, 2.1712,-0.4801, 1.5435,-1.319 , 2.7247,-2.6428,-0.0694,-1.8927, 0.5564, 1.5526,-0.3329]
[-4.3386,-4.1121,-5.0381,-1.3503, 2.1002,-1.9063,-1.3346, 0.6911, 2.091 ,-1.0962,-0.1033, 0.8982,-2.6509,-0.9619,-2.2627, 1.9969, 1.5337, 0.3431,-2.0553, 2.6838, 1.9255]
[-4.0550e+00, 5.2262e+00, 4.1686e+00,-4.3631e-01, 3.1715e-01, 8.0182e-04, 2.5598e+00,-2.6641e+00,-1.0501e+00, 1.5026e+00,-2.7489e+00,-2.9493e+00,-2.7786e+00, 1.6123e+00, 3.2587e-01,-6.6355e-01, 4.2557e-01, 2.3233e+00, 1.6825e+00,-1.2087e+00, 7.2049e-01]
[-1.4569,-4.6242, 4.4895,-2.3719,-0.4417,-0.5512,-0.4701, 1.2919, 0.0375, 2.2787, 2.3058, 1.3693,-2.7728,-2.4342, 1.5932,-1.7061, 0.932 , 1.9387, 0.438 ,-1.2474,-0.4562]
[ 4.8564,-5.1622, 3.399 ,-1.0521, 2.0672, 0.1542, 1.1999,-2.7078, 2.4261, 2.1853,-2.4573, 2.5502, 0.8071, 1.1408, 2.5122,-2.2636,-1.9777,-2.8712, 0.1087,-3.0835, 0.4696]
[ 1.6617, 1.5856,-3.1683, 1.3197,-1.0216,-2.499 ,-2.0529,-0.9653, 0.9635,-3.0977,-0.8163, 2.7475,-2.7319, 1.4917,-1.052 ,-2.1113, 1.9119,-1.755 , 1.1162,-2.5869,-2.5546]
[-2.8335,-4.2483, 2.5798, 0.5646,-2.1366, 1.9998,-1.0814, 0.7819,-2.2593, 2.9759, 1.6527, 1.3293,-1.2901, 0.3479,-0.114 , 0.6416,-0.047 , 0.4155, 0.4251,-2.3906, 2.752 ]
[-4.1136,-3.1082, 4.2731,-0.7311, 0.0466,-0.1894,-2.9677,-0.8916, 2.2231,-0.1162,-1.3612, 2.1336,-2.0197,-1.4726, 0.0078, 2.3852,-2.4608, 0.5496,-0.7479, 0.277 , 0.0134]
[-3.7885,-1.0277, 3.3093,-1.6443, 1.5763, 2.4198, 1.9833,-2.5787, 0.7451, 2.2022,-0.8657, 1.2574,-1.2248, 2.1   , 1.043 , 2.0872, 2.73  ,-2.98  , 1.8658,-0.0951,-0.9654]
[ 0.7294, 1.2384, 2.9638,-1.4251,-0.0855,-0.8991, 0.401 ,-0.8258, 2.3288,-1.0065,-3.0141,-0.6323, 2.1868, 1.3319,-2.9857, 1.3982, 2.8558,-1.3789, 3.0348,-1.2837, 2.2324]
[ 0.1502,-2.9829,-3.5867, 2.6157, 2.7325, 2.5301, 0.1176, 1.066 , 3.1396, 1.2661, 1.2998,-3.1133, 0.5497, 1.7187, 1.5454, 0.3193, 0.7062, 3.0476, 1.7248,-1.9514, 0.7856]
[-5.1707, 2.8691, 0.4076, 1.9824, 0.8409, 0.4679, 1.5166,-2.18  , 1.7845, 0.0686, 1.6402, 0.5874, 1.292 ,-2.978 , 1.2453,-3.1075,-1.5733, 1.3503,-0.5413, 2.298 ,-0.0341]
[ 5.1744, 0.2819, 2.8408, 0.9085, 1.3629,-2.7947, 2.8181,-2.3217,-2.81  ,-1.9225, 1.9884,-2.232 , 0.8395, 3.0111,-1.3336, 2.8666,-1.5698, 1.1512,-0.2643,-0.9428,-2.8517]
[-0.0087,-2.4068,-4.4714,-3.0831,-1.2126, 0.5208, 1.9364,-2.1407, 0.1744,-2.9644, 0.0543, 1.3729,-3.0878,-0.9183,-1.2282, 2.7302, 1.5285,-2.4789,-0.2528, 0.3168, 1.6446]
[-4.9285,-1.4334,-1.7208, 0.5961,-3.0888,-0.5075,-1.25  , 2.8749, 1.1391, 1.0613,-1.0392,-0.8895,-1.162 , 0.8631, 1.285 ,-1.7967, 2.2283, 2.2114, 3.0252, 2.4406,-1.8353]
[-4.8873,-0.1993, 4.4554,-1.7028, 0.1763, 1.342 ,-1.5603, 0.3071, 2.4804, 1.2782,-2.4639,-2.504 , 1.7205, 1.4188,-0.846 , 0.8109,-1.5131, 1.2567, 1.7543,-1.5   ,-2.9981]
[-5.4547,-5.3629,-2.2066, 3.0264, 1.7296, 1.2876,-0.5523,-1.2537,-1.143 ,-3.1194,-0.1846, 0.7355,-0.2341, 2.8851, 1.2433, 2.5538,-0.3696,-0.3317, 1.5625,-1.7783, 0.0219]
[ 1.1723, 3.168 ,-1.5352, 2.9515, 2.4464,-1.409 , 2.359 , 0.6403, 0.7624,-3.071 , 0.3569,-2.0545,-0.1384,-2.924 , 2.9309, 0.544 ,-1.012 ,-1.2903,-0.95  , 1.0137, 2.2732]
[-4.9385, 0.7861, 4.4219, 0.508 , 1.3333,-1.2087,-1.1375, 2.6963,-1.0968, 1.8687,-1.4703,-3.0435, 2.9266,-0.7799, 1.8109, 1.6946,-0.3024,-2.4016,-0.708 ,-1.1446, 1.4246]
[-2.2119, 3.0497,-0.9091, 3.0351, 1.8265,-3.0172,-2.383 ,-0.2304,-0.6261, 2.8969,-1.3898,-2.6616, 2.9257,-3.0834,-0.7609,-2.5382, 2.1125,-2.0706, 1.2476, 2.0752, 0.6505]
[ 1.2216,-4.8173,-3.9323,-3.0382, 2.773 ,-1.7915,-0.9389, 2.1307,-2.7954, 0.8437, 2.5198, 0.4984, 2.4222, 3.0714,-0.2873,-0.7127,-2.8727,-1.4289, 1.192 , 0.5093, 2.9111]
[-0.3949,-3.316 , 3.5738, 1.0088,-0.0597, 1.8311, 2.0672, 1.5951,-1.6639, 2.5294,-0.2346, 0.8901, 2.2743, 1.9368,-1.5141, 2.564 ,-1.7144,-1.0239,-1.3368, 1.8278, 2.8913]
[ 4.5107, 5.1515, 0.4883, 0.3375, 0.0293,-0.1485,-0.79  ,-2.5778, 2.2142, 1.5019,-0.4073, 1.6497,-2.8864,-2.7387,-2.9306, 0.1661, 2.4859, 2.7546, 2.2736,-1.1394, 1.0618]
[ 0.9085,-1.2448,-3.3372,-2.8124,-0.3113, 0.7723,-1.2656, 0.4471,-1.4876,-3.1053, 0.739 , 0.3796, 2.1289, 2.7928,-1.8412, 2.3731,-0.6015, 2.5431,-2.5725, 0.426 ,-2.7855]
[-3.8130e+00,-4.4468e+00, 5.1271e-01, 1.0477e+00,-8.0698e-01,-1.3193e+00,-2.7470e+00, 1.6946e-01, 2.7358e-03,-1.1090e+00, 6.4186e-01,-3.2504e-01, 2.3259e+00,-7.6434e-01,-1.8327e+00, 2.7118e+00, 3.0274e+00,-8.8045e-02, 1.8231e+00, 2.5458e+00, 1.3299e-01]
[ 0.4258, 1.5563,-1.0844, 0.332 , 1.4237,-0.6603,-0.536 , 2.3976,-0.8567, 1.4513, 1.1571,-2.7049, 2.0598,-2.4335,-1.3998, 1.0513,-2.8377,-0.8027, 1.384 ,-2.346 , 1.5417]
[-0.3749, 2.8329, 4.9969,-1.4292,-1.4308,-0.3745, 0.7252,-2.7783,-2.0026, 1.4505, 2.5093, 1.0054, 0.5822, 0.0125, 2.548 , 2.2262,-1.7871,-0.3821,-2.6764, 1.1266, 1.8075]
[-2.1809, 2.093 , 3.4209,-2.2275,-2.4823, 1.3045, 1.3828, 2.3567, 2.9233, 0.4804, 0.896 , 1.6342,-1.7657, 0.943 , 2.717 , 2.7478, 2.7504, 0.0049,-0.1409,-0.1493,-2.4743]
[-2.132 ,-0.7193,-2.595 ,-1.8579, 0.841 ,-1.1513, 1.7104, 2.9132,-1.5884, 3.0361, 2.7129, 0.3472, 1.1292, 3.0291, 0.4648,-2.1812,-0.6709, 1.0909,-0.4917,-0.1356,-2.4623]
[ 3.4232, 4.9016,-4.27  ,-0.1314, 2.7088,-2.2166,-0.2266, 0.426 ,-1.4719,-2.1893,-0.2864,-1.2477,-3.0299,-2.6473,-2.4089, 0.3389,-1.2326,-2.2782, 2.354 , 0.9922, 2.4511]
[-1.4604, 4.5284,-2.8689,-2.0726,-0.2259,-1.1798,-0.8709,-1.455 , 0.0979,-2.5853, 2.3655, 1.9538, 2.9186,-2.5409,-2.9981,-2.979 ,-2.725 ,-1.0314, 1.4852,-2.6291, 0.4077]
[ 2.6158,-2.9071, 4.0157,-1.6842,-0.0581, 2.5346,-2.1082,-2.393 ,-2.9618, 0.3762,-1.555 ,-2.6657, 1.7608, 3.024 , 2.7296, 0.2743, 0.7668,-0.4467, 1.2784, 2.4034,-0.5051]
[ 3.801 ,-3.4366,-1.9212, 2.429 , 0.3618, 2.0928, 1.4091, 0.6127,-0.9671, 1.428 ,-2.8138, 1.5214,-2.0115,-3.0002, 0.621 , 0.1477, 0.0244,-2.8607,-1.9958,-0.9539, 2.212 ]
[-3.4646, 5.2774,-3.4126,-2.4908, 0.1011, 2.7901,-0.8364, 2.3894, 2.7449, 0.3235,-0.3404,-1.2526, 1.6234,-2.7933, 1.609 , 2.7538,-1.5219,-0.1138, 0.8912, 3.1325, 2.4311]
[-1.416 , 4.7375,-4.5455,-2.1592, 2.8405, 1.8824, 2.9774, 1.5415, 0.9793,-2.8549, 2.4266, 1.7738,-2.2932, 2.7907, 1.9315,-1.2619,-2.8265,-1.2294, 0.3629, 0.313 ,-0.2105]
[-4.8526, 0.0428, 5.1174,-2.7741, 0.0808, 0.1063, 0.6275,-0.9026,-2.458 , 2.0335, 1.3043,-1.9421, 0.4614,-1.5846, 1.6878,-2.1154,-3.097 ,-0.9345,-1.2917,-2.321 ,-0.7765]
[-5.42  , 2.1969,-2.6678, 2.5146, 2.9546, 0.2032,-1.1211,-1.6706,-2.7389,-1.2752, 1.4798,-0.9937, 0.5115,-2.1686, 2.3636,-1.3527, 1.8653, 0.8521, 0.97  , 0.4598, 2.5311]
[ 5.1431, 3.8265, 0.8005, 1.8048, 0.6486,-2.5053,-0.521 , 0.1353, 1.698 ,-1.1348,-1.3431, 1.5416, 0.1484, 0.5195, 2.2607,-2.0841, 1.674 ,-0.6695,-0.7274, 0.1349,-1.8687]
[ 3.3007,-0.8602,-0.7542, 2.1834,-2.2025, 0.2098,-1.0054,-2.6598, 1.5816, 0.9112, 1.3535,-2.6831,-1.4184,-0.7581, 0.6632,-0.425 ,-2.36  ,-2.6357, 1.8649,-0.372 , 2.4244]
[ 2.0965, 0.5004, 2.2066, 1.7826, 2.0938,-2.1737, 1.1343,-0.5293,-0.0989,-2.1892,-2.609 ,-0.3262, 0.0706,-1.6514,-2.7952, 1.175 , 1.3535,-1.9111,-2.0506,-1.4898,-1.9689]
[-3.6131, 5.3963,-1.1566,-2.4612,-1.8087, 1.1522, 2.8898,-0.9359,-0.2045, 1.7275, 2.5279, 2.8501,-2.8966,-1.5312, 0.1028,-2.8313, 1.0691, 1.437 , 0.8009, 2.1903,-2.5138]
[-4.1092, 4.4567,-3.4464, 1.7179,-1.8071, 1.367 ,-2.4792, 1.7747,-1.3439, 1.8383, 2.6318, 1.3717,-0.9039, 0.9801, 2.4159, 1.1279,-2.354 ,-2.4553, 1.5286,-0.7758,-2.3034]
[-2.9399, 0.6811,-1.155 , 2.2646, 1.6084,-0.3293, 0.5262,-0.1173, 2.0772,-2.4282,-1.841 ,-1.3572,-0.8571, 0.5612,-0.8942,-3.0547,-1.2842,-2.2821, 1.0391,-2.6194,-2.0358]
[-4.3265, 0.2748, 1.0544,-2.6844,-2.444 , 2.132 ,-2.105 ,-1.3761,-2.5227,-3.002 ,-2.9736, 2.2987,-1.4402, 2.0619, 2.0031, 2.9192, 0.3365,-1.4846,-0.1886,-2.7272, 0.6425]
[-3.5517, 4.4245,-4.6493, 2.7907,-2.4736, 1.3338,-2.2713, 1.8936,-2.0462, 1.8885, 2.3189,-1.0429,-0.8993,-2.7728, 2.2723, 0.4393,-0.4096, 2.5075, 1.0075,-2.9481, 0.1128]
[ 3.6445,-2.5216,-0.6638, 0.2861, 2.4676, 1.8109, 2.6906,-1.6154,-1.0306, 3.0694,-0.3162,-1.0181,-0.3402, 2.9235,-0.305 ,-3.0841,-2.5353,-1.2485, 0.8238,-0.7452,-1.7259]
[ 5.4452, 2.6701,-0.8346,-1.6565, 1.5992, 1.6301, 0.1214,-2.3094,-0.2156,-0.842 , 0.9804, 0.1875, 1.5664, 1.6838,-2.3311,-2.035 , 0.5423, 0.0062, 1.3461, 2.5917,-0.9488]
[ 3.9225, 0.5449, 5.0677, 3.0172,-2.6982,-0.9987, 1.3607,-2.435 ,-0.6873, 1.1529, 2.0569,-1.8567, 0.537 ,-2.1503,-0.4549, 0.2916, 1.0383, 0.2921, 1.7642,-0.3917, 1.1355]
[-2.8159,-1.2358,-4.5179, 2.634 ,-1.6149, 0.1159,-0.1015, 1.1862, 0.6404, 1.8575, 3.0306, 2.2067,-0.9018,-0.077 ,-2.9459,-1.517 , 0.6246,-2.8059, 1.1315, 1.8866,-2.2233]
