[-0.5847,-3.8836,-1.001 ,-0.3212,-1.6582, 0.0692, 1.8195,-0.7496, 2.7755, 2.0233, 2.9256, 2.7678, 1.8598,-1.8676,-2.6204,-1.088 , 1.3682, 1.6559,-0.6365,-0.2947,-0.2554, 0.414 , 2.5602,-2.0197, 1.4066]
[ 1.4613,-1.1055,-3.5572, 0.6901,-2.4898, 1.8426, 0.3001,-1.0269,-2.1801, 1.5092,-0.4478, 0.8657, 0.8142,-1.0963,-2.8888,-0.4489, 0.7022,-1.651 , 0.3983, 1.6699,-2.7788,-0.06  , 1.0994, 1.2936, 3.079 ]
[-3.5702, 1.8175, 1.9582,-1.7289, 0.3566,-0.3505,-1.1046, 1.8649,-0.226 ,-0.7418, 2.8098, 2.0325,-0.092 ,-1.1044, 2.0529,-1.2587, 1.4037,-0.9482,-2.3617,-1.011 ,-2.7314,-1.2612,-0.134 , 1.6591,-0.1855]
[-1.9105,-4.1035,-3.8293,-2.9853,-0.0179, 1.3086,-2.6816,-1.3787,-1.1167, 1.7358,-0.9933,-2.997 ,-1.3877,-1.2873,-1.014 ,-1.1065, 2.9052, 1.6488, 0.6364, 2.1175,-0.1327,-1.9593, 0.1326,-1.8011, 1.8447]
[-2.6692, 1.8683, 3.5779, 1.6367, 2.9655, 0.6055,-1.9417, 1.0611,-2.9233, 0.7678,-2.9097,-0.2156, 2.6167, 2.5188,-2.7221,-0.3189,-1.4692,-2.2364, 2.8815,-1.6279,-0.6614, 1.3912, 0.3953, 1.6383, 3.0087]
[ 1.4127, 3.9543,-1.7624,-2.1511, 2.8352, 1.8006, 0.9755,-0.2455, 0.4544,-0.5321, 1.6676,-2.9578,-1.3957,-0.1636,-1.6454, 0.5415,-3.1222, 1.6757, 0.0662,-1.738 , 1.411 ,-1.6869,-0.8636,-2.3145, 2.1583]
[ 3.9000e+00, 2.3259e+00,-2.6712e+00, 2.3431e+00, 1.4842e+00,-2.2077e+00, 1.3638e+00,-1.1608e+00, 7.1089e-01, 1.7174e+00, 2.9288e+00,-1.3674e+00, 8.7013e-02, 1.6458e+00, 2.1336e+00,-3.0577e+00, 9.4875e-01, 2.6636e+00,-2.7132e+00, 2.4633e-01, 7.0638e-05,-1.2921e+00,-7.5410e-01, 1.8308e+00, 8.5374e-02]
[ 2.5232, 3.7725, 3.3878,-2.041 ,-1.181 , 1.7089,-0.7178,-2.1108,-1.3893, 0.8014,-1.5999, 0.9697,-0.0764, 2.3915, 2.6979,-1.6067, 0.505 ,-0.9347, 2.1883, 1.0727,-1.5609,-1.6163,-2.0855,-1.96  , 2.3109]
[ 4.7682, 3.4406, 1.6813,-0.4738,-1.5895,-2.4645,-0.5171, 1.0899,-0.9749, 1.8058,-1.8485, 2.0007,-0.7907,-0.3619,-2.1669, 1.8474,-1.293 , 0.0856,-0.7447,-2.6539, 1.4802,-2.4332,-2.6653,-2.5571, 1.4483]
[-4.0048, 3.16  , 0.3941,-1.4496,-0.6369,-2.142 ,-1.8382, 2.3334,-2.6403,-1.1446,-0.8979,-0.3808, 2.0436,-0.1831, 2.4056,-1.4429, 0.6517,-1.0862,-0.3869,-0.8425,-0.9208, 0.7638,-2.1328, 0.6358,-0.3444]
[ 1.9919,-0.2188, 4.1099, 1.5425,-0.4426,-2.9371,-0.7175, 0.8427,-0.6404,-2.3238, 0.8466, 0.6795, 1.6045, 0.3547,-0.4053,-0.9643,-2.1909,-2.8969, 2.1019, 0.3235, 2.364 , 0.2586, 2.932 ,-1.2923, 0.9888]
[ 2.4604,-2.4731,-4.8624, 0.8628,-0.8581, 2.4374,-2.0778,-0.5605, 0.0478, 1.1126,-1.0861, 1.5677, 3.0289,-2.2858,-0.8898,-1.3089, 2.3269, 3.061 ,-3.0916, 2.5461,-0.4591,-0.8726,-1.3436, 1.4907,-0.8498]
[-0.0296, 2.3651,-5.3036,-0.0274,-2.1708, 2.367 , 1.2699, 1.5524,-0.9805, 2.4304, 0.4495,-1.1347,-0.0095, 0.3512,-0.7495, 2.244 , 1.8795, 2.3122,-0.3235, 2.8789, 0.3437,-2.2707, 2.6283, 0.1021,-0.7186]
[ 1.8513,-1.4915, 5.4936, 1.4751,-2.5067, 2.7274, 2.6858,-2.3174, 2.2668,-1.5173, 0.6046,-1.9269, 2.2323, 2.2893,-0.9641, 1.6781, 0.8458,-1.0711,-1.4571,-2.1866,-2.4059, 0.8984, 1.7619, 1.0006, 1.8771]
[-4.8467,-4.6288, 1.914 ,-1.3393,-0.416 ,-1.0899, 0.2952, 2.5246,-2.106 , 2.3096, 0.7777, 1.8141, 2.6711,-1.3639, 0.8842, 2.0202, 1.7749,-2.6826,-2.9401, 2.2577,-0.9898,-0.1902, 2.1349,-0.7824, 0.2568]
[ 3.568 , 3.6406,-2.0245, 2.1603, 1.8034, 1.5008,-0.1572,-1.663 , 2.5455,-1.9232, 2.9435,-0.2016, 0.6201, 2.6787, 0.1144, 1.0686,-1.6335, 1.587 ,-2.1941,-0.1342,-2.8529,-2.5121, 0.2337, 0.3674, 2.3938]
[-4.6625,-4.5599, 1.9754, 0.4576, 0.2735,-0.0544,-1.6552, 2.7127,-2.4862, 2.5169,-1.906 ,-3.0326,-1.7806, 0.856 ,-1.7409,-2.424 ,-0.5614, 1.7162, 1.354 ,-0.54  , 0.6887, 0.6985, 2.1193, 2.9291,-0.2216]
[ 1.6439, 4.8663,-4.1224,-2.0829,-1.0598,-3.1176, 0.4701, 3.1405, 2.3177,-0.3191, 2.368 , 0.4455, 1.2932, 1.6767, 2.8095,-1.9413, 0.3078, 1.8142,-2.4112, 1.5588, 0.3053,-0.0096,-0.7412,-1.5098, 1.4543]
[-4.3746, 0.3262, 0.0384, 0.8271, 0.2989, 1.604 , 1.6043, 1.0432,-1.5275, 0.5047,-0.1365,-1.9311, 2.2756,-1.6238, 1.2292,-0.1189, 1.4755,-1.0629, 3.0033, 1.8173, 2.0619,-0.9522,-1.1551,-2.9766, 0.4226]
[-4.8822, 4.5849,-5.0145, 2.0102,-2.8454, 1.2501, 0.3837, 3.0448,-1.6781,-2.4877,-1.2101,-0.1443,-1.6879,-1.0698, 2.322 ,-1.0463,-2.7207,-0.357 , 0.6547,-1.4524,-1.0077, 0.7602,-1.0626,-0.2903,-1.8005]
[ 4.6332, 3.3062, 3.3849, 2.4511,-2.037 , 1.2676, 3.0113,-0.162 , 0.9633,-1.4062, 2.7589, 2.4559,-2.6562, 1.7811, 2.9743,-0.7323,-2.9059, 2.2181, 2.485 ,-0.5502, 1.6914,-0.5109, 1.0477,-1.8957,-0.9822]
[ 3.3712,-2.0205,-0.7702,-2.2662, 2.3237, 2.5954, 1.8991, 3.0156, 1.3403, 2.8877, 2.048 ,-0.675 ,-3.0138, 2.3551, 0.5067,-1.6099, 2.719 ,-0.9513,-2.5592,-1.3902,-0.2115, 1.0416,-2.2038,-0.7707,-1.4035]
[-1.3157, 4.8478,-2.1872,-1.9292, 0.608 ,-1.959 , 0.3603, 1.0383, 0.3861,-1.1612,-0.5435, 2.3025,-2.478 , 2.7263,-2.9585,-2.2871,-1.2276,-1.11  ,-1.5189,-2.7476, 0.3694, 0.4261, 2.6325,-1.0505,-0.4491]
[-2.8041,-0.9273, 0.8748,-1.079 ,-0.3486,-0.9276, 0.6405,-0.8279,-1.7246, 1.8253,-0.9181,-2.4479,-2.0472,-1.8236,-0.3356,-1.6609, 1.0183,-0.821 , 2.9233,-0.0873,-0.4172, 2.0464,-2.83  , 2.9135, 2.7428]
[-0.2948, 4.1819,-2.2536,-2.5203,-1.5619, 0.3419,-1.8708,-1.1749, 0.6998, 1.501 , 1.2422,-3.0796,-2.39  , 0.4155, 2.6782, 2.032 ,-2.3353,-2.1546, 0.3091,-1.0245, 2.0129, 2.7945, 1.4646,-1.0451, 0.9065]
[-5.0413, 2.3181, 2.4017, 0.6584, 0.4459, 0.4345, 1.336 , 1.3582, 0.8519,-2.4883,-2.3371,-1.4861,-2.815 ,-2.0948,-2.1517, 0.6284, 1.4389, 2.5962,-2.9026, 2.7209,-2.6092, 2.5723, 1.6238,-1.4125,-3.126 ]
[-1.3777,-5.0786, 2.631 ,-0.8414,-1.4896, 2.1788, 2.888 , 2.7529,-0.4469,-1.8844, 2.8783, 2.5814, 1.3488, 0.2529, 2.822 , 2.4436, 1.4371, 1.5554,-2.0918,-0.1241,-2.4427,-2.6075,-0.8559, 2.5429, 2.2312]
[ 2.6096,-3.1729, 0.2056, 2.4712,-1.4531,-2.9833,-3.1282,-0.1265,-1.1308, 2.1069,-2.5724, 1.4085, 0.8141, 0.6394,-1.0199,-0.5833,-2.6613, 1.9372,-1.7556, 0.7394, 0.3788, 0.889 , 0.0569, 0.5101, 3.1068]
[ 0.5998, 0.7288,-2.9137, 2.9081,-0.6229, 2.6866,-0.8479,-1.2159,-2.2065, 2.3445,-1.2809, 2.3683, 2.903 ,-1.5143, 1.3398, 2.1485, 1.6016,-0.4684,-2.2342, 0.6398, 3.1207, 1.6245,-1.0805, 3.1403, 0.022 ]
[ 3.605 , 3.7178, 1.0476, 0.6861, 1.4628, 1.8806, 1.4424,-1.2518, 3.0856,-2.5913, 2.2573,-0.1911, 0.6226, 1.9875,-2.1715,-3.0899, 2.7114, 1.2267,-2.2747, 1.784 ,-1.8293,-2.415 , 1.4364, 2.8634,-2.9316]
[-1.0408e-03,-3.9892e+00,-1.5550e+00, 1.6731e-01,-2.8034e+00, 4.5028e-01,-1.8659e+00,-1.3184e+00, 1.3616e+00,-1.0673e+00,-1.7012e+00, 6.4498e-01, 1.8768e+00, 2.9917e+00,-3.0688e+00,-1.3542e-02, 4.6081e-01,-3.9308e-01,-6.6493e-01, 2.2528e+00,-2.0946e+00,-1.1430e+00,-1.9956e+00,-1.5744e+00,-1.6202e+00]
[ 4.5189,-2.038 ,-2.4228,-0.0197, 0.9917, 0.3679, 1.4758,-2.6433,-2.0409,-1.7266,-0.8902,-0.2794,-3.1261, 1.3079,-2.5767, 0.7682,-0.5933,-2.7634,-2.7712,-2.3029, 1.366 , 1.8033, 2.8491, 0.9729, 2.2338]
[-3.7734, 3.6557,-1.4347,-2.7695,-0.1853, 1.8665, 1.2161,-1.1641,-2.7515, 0.9708,-0.3407,-0.8091,-0.9443, 1.8855,-3.1078, 2.8489,-1.0094,-0.771 , 2.6628, 2.1019,-1.0909, 1.7627,-1.3898, 1.6218,-0.3093]
[ 1.7993,-1.7396, 4.0713, 0.3713, 2.5817,-0.9858,-3.0622, 1.0038,-0.9953, 0.6345,-0.6293, 0.1075, 2.7236, 2.9938,-0.869 ,-0.2696,-1.4549,-2.1869,-1.1311,-2.8639,-2.8882, 1.8311, 0.4047, 0.6645, 1.7984]
[ 4.3568, 0.6748, 2.6246, 2.0681,-2.6971,-2.065 ,-1.6213,-0.831 , 2.2076,-0.8354, 2.4604, 1.3812,-1.4033,-2.3713,-1.8933,-1.7424, 1.1837, 1.1886, 1.4764,-1.0782, 2.9446, 0.3895, 3.1073, 0.3575, 2.4565]
[-4.7539, 3.0236,-3.9752,-0.2464,-0.5109, 0.2516,-0.9473, 0.1567,-0.2884,-3.1229,-1.952 , 1.2356, 0.6118,-1.4588,-1.0388, 0.8085, 1.2235, 1.7459,-2.3844, 2.1625, 2.9219, 1.4718,-1.9966,-1.8723, 2.4788]
[ 0.171 ,-1.7395, 1.1478,-1.6982,-2.9109,-2.2255, 2.2762,-0.7747, 2.3332,-1.1328, 0.0243, 2.3029,-2.5186,-1.981 , 2.1428, 2.3691, 1.3551, 2.4789, 0.0565,-1.4639, 0.2415,-1.6359, 0.3197, 1.1462, 1.3893]
[-3.3234, 3.6628, 0.6903, 0.3524, 1.0683, 2.9121, 1.3183, 1.3675, 2.4188,-1.2585, 1.6507, 3.016 ,-0.8382,-3.0443,-0.9431,-0.3338,-1.1521,-0.3746, 2.6093, 0.9339, 2.8909,-0.3762,-2.6069, 2.0249, 2.4936]
[-1.4921, 3.9386, 3.3013, 0.6145, 2.6108,-2.0366, 1.5369, 1.5781,-2.552 , 0.8768,-2.1324,-0.1173, 2.7028, 1.2556, 2.3476,-0.629 , 1.1887, 0.7201, 1.5639,-1.3255,-0.759 , 1.856 ,-2.4512,-2.644 , 1.981 ]
[ 3.4324, 3.8143, 4.6431, 2.7084, 1.8691, 0.3893,-1.9799, 1.7677,-0.0914, 1.9058,-1.0023,-0.8897, 1.5545,-1.8415,-0.5864, 0.3504, 1.9656, 0.8262, 1.6998, 2.7784,-2.7474,-1.0643,-0.5142,-2.0711, 0.9643]
[-1.017 ,-2.4904, 4.1665,-1.0732,-2.9031,-1.9022, 0.2822,-2.6702,-0.5811,-1.5758,-2.8257,-1.5955, 1.4313,-0.4551,-0.1531,-0.8285,-1.8048, 0.2207,-0.9538,-2.0888,-1.2092,-3.0421,-1.8109,-1.2459,-1.5687]
[-5.2116, 3.1274,-5.1281, 2.4116,-2.8616, 2.5913,-2.0617,-2.2027, 0.4341, 1.1571,-1.036 ,-0.3688,-2.2909, 1.2603,-0.7718, 2.2329,-0.8092, 2.4917,-2.7041, 1.8785,-0.5349, 0.4755,-0.0353, 2.272 ,-0.4523]
[ 4.091 ,-4.8222, 2.9865,-0.3431,-0.442 ,-2.1121, 1.7969, 0.5321, 1.386 ,-3.1295, 1.1227,-2.2052, 0.7841,-2.9713, 0.0745, 0.7081, 1.5583,-2.1001, 1.1393, 2.3927,-2.4293, 0.1234,-2.7404,-0.8843,-2.0542]
[-3.7081, 1.4954, 2.9889, 2.7563,-0.1056, 1.4709, 2.459 ,-0.5685,-0.1348,-1.7851,-3.1071, 2.4879,-2.3785,-0.2086,-2.6927, 0.7744,-2.1242,-0.9717, 0.8761, 2.5586,-2.5566, 1.8781, 1.9521, 1.1532, 1.6872]
[-3.2811, 5.4518, 5.1888,-3.1162, 0.5929,-1.2591, 2.3699, 0.1827,-0.7592,-1.4094,-1.7335, 0.3791, 2.9358, 0.7368,-2.396 , 0.3278,-1.0417, 0.2868,-1.0321, 0.3269, 0.7748, 2.615 ,-0.5481, 2.4563, 2.2835]
[-4.1301, 3.8861,-5.0491,-0.1748, 2.3514, 3.0152,-1.1595,-2.6912,-1.6198,-1.8572, 3.0266,-0.6058, 2.3717, 2.8127,-0.4167,-2.9857,-2.9769, 2.1253,-1.9961,-2.3406,-0.3358, 0.1632, 0.4826,-2.7447,-0.5275]
[-5.4901, 1.6094, 5.3584,-0.6306, 2.9407,-1.4587,-2.0014, 1.0372, 2.2503,-1.1584, 0.0654,-2.0835, 1.7032,-0.3822,-2.4541, 2.2033, 1.6756,-1.7724,-2.1612, 2.8694,-2.0947, 2.5999, 0.5261, 1.5229, 3.0435]
[ 2.5571,-4.7852,-0.6727,-1.9132,-0.9155,-1.5839,-1.554 ,-2.6391, 0.8302,-0.3585, 2.7226, 1.1826, 0.4001,-0.6333, 0.6371,-2.8724, 0.2345,-0.4348,-0.711 , 0.918 ,-3.0869,-1.7305, 2.3152, 2.4102, 1.7433]
[-4.2819, 3.4523, 1.4026,-2.1343, 2.6294, 0.65  , 0.5039, 1.3413, 1.898 , 0.2   , 1.1853, 1.4935,-2.6364, 1.9525, 0.9079,-2.2933,-1.4276, 2.019 , 2.55  , 0.835 ,-0.1631,-0.8628, 0.3236, 1.5528, 2.7742]
[-4.9476, 0.3085, 3.1394, 1.4235,-1.8707,-0.6003,-1.2036, 2.1455,-2.9884,-2.3113,-1.3351, 1.0064, 3.0877,-2.2542, 2.4663,-1.1987, 3.0104, 2.6926, 1.452 ,-1.879 , 2.7674,-3.002 , 0.9889, 1.3198,-1.0239]
[-1.1145, 1.2954, 4.9897, 0.0913, 2.6497, 0.6732,-0.4954, 1.1191,-1.8473, 2.5201,-2.1371, 2.9664, 2.3684, 2.3958,-1.5196, 1.7396,-0.7331,-1.452 , 0.5793,-2.259 , 2.2494,-2.2797,-0.4578, 0.4163, 1.0311]
[-3.5648e+00, 2.7511e+00,-3.3830e+00,-5.5385e-01,-1.3739e+00, 1.8076e+00, 2.7336e+00, 1.4148e+00,-2.0364e+00,-1.6220e+00, 1.7300e+00,-2.6203e-03, 4.4378e-01, 2.0921e+00, 4.7849e-01,-8.1950e-01, 2.9798e+00,-8.4838e-01,-2.9638e-01,-1.1506e+00, 2.7995e+00,-2.3097e+00,-2.6146e+00, 1.3366e-01, 4.2167e-01]
[ 1.5333,-3.0155, 2.0126,-1.0883, 2.2422,-1.5036,-2.9567,-2.0785, 0.4259, 0.4803, 0.4053, 3.1199, 1.407 , 2.4087,-1.5079,-1.8653,-0.5605, 1.6656,-1.6169, 0.7848,-0.2761,-2.6475, 2.5921,-0.7365,-0.1647]
[ 0.6341,-1.0519,-4.6738, 0.3484, 1.0192, 1.908 ,-1.1036,-0.108 ,-0.7112,-2.0354,-0.479 , 0.9011,-0.582 , 0.3182, 2.3323,-2.1395, 2.5195,-2.5732, 1.1263,-1.9434, 0.7306, 1.5591,-2.1333, 0.5816, 2.6335]
[-1.0127,-0.6308,-0.4457,-0.3703,-2.7516, 2.3649,-2.6009, 0.0648, 2.4976,-0.0957, 0.7152, 1.0194,-2.41  , 3.0871,-2.5176,-3.1164,-0.5864, 2.5363, 2.2663, 0.6387, 0.1393,-1.7802, 2.9082,-3.0684,-1.2543]
[ 4.0328,-1.1119,-3.9711, 0.5724,-0.8428, 1.4377, 2.7673,-2.5629,-2.6019, 0.1095, 0.66  , 1.9788, 2.5438, 1.9904,-2.6438,-1.8227,-2.297 ,-2.3672,-1.8939, 2.1276,-0.4268,-0.9098,-2.1446,-2.2354, 3.0269]
[-4.7077,-0.8125, 4.8901,-2.1687, 2.6557,-0.6253, 2.1094, 2.9166,-2.0956, 0.3299, 2.9835, 0.7059, 2.1637,-2.427 , 1.5047, 0.4685, 0.739 ,-0.3543,-1.3146,-2.5687, 0.623 ,-2.1971,-0.4194,-2.8917, 1.3259]
[-5.228 ,-2.5831, 1.6364,-1.7961,-2.1162, 2.788 ,-1.4389, 1.017 , 0.5054, 1.8369,-2.4492, 0.6421,-1.3834, 1.8072,-1.099 , 1.9677, 2.2697, 1.6006, 0.3324,-0.3893,-1.8671,-0.6494, 1.5249,-1.7959,-1.6286]
[-3.0172, 1.4244, 4.2579,-1.762 ,-1.6117, 0.7825, 0.2853, 0.3669,-0.1997, 0.0045,-2.4984, 2.6646,-1.0815,-1.1463, 0.2009,-2.6694, 2.2522, 2.2192, 2.241 ,-2.2596, 1.8638,-3.0404,-1.9196, 1.6275, 1.9067]
[-1.8556, 0.8057, 5.3409, 2.5609, 0.949 ,-1.2046,-2.7771, 1.1859,-1.2943,-1.1873,-1.774 , 1.8028,-3.1348,-1.4673, 1.0209, 1.8523, 0.779 ,-2.8563,-0.2491,-2.9439, 2.821 ,-3.0625,-1.8951, 2.0117, 1.63  ]
[ 4.8144, 5.3473,-4.9163,-0.9907,-0.0315, 0.4843,-1.4926, 2.4907, 2.2518,-2.2114,-0.3903, 2.8643,-0.9602, 2.9373,-0.7921,-1.1022,-1.8299,-2.6043, 1.2225, 2.8045, 1.115 , 2.0034, 1.9947, 1.9559, 3.1303]
[-0.0159,-1.7744,-2.0643, 2.7697, 1.6334,-2.2593,-1.6813, 2.5459, 2.2139, 2.4696, 1.066 ,-0.3521, 0.7749,-1.2965, 0.0264,-2.9494, 0.6434,-1.0946, 2.7409, 1.3921,-1.3419, 0.0087,-1.1741,-2.24  ,-2.2269]
[ 4.1347,-4.4026,-1.7609,-2.7254, 2.4122,-1.3181, 1.9385,-2.0011,-0.5284, 1.4238,-1.5672,-1.9983,-2.3339,-2.8392,-1.5892,-2.4381,-2.9779, 0.4349,-1.3492, 0.459 , 0.8825,-1.0127,-0.3528,-2.8614, 0.9877]
[-0.7448, 1.5933,-4.0162, 0.2999, 3.1211, 0.6796,-2.1726, 0.7332, 1.7661,-2.852 , 2.9078, 0.7345,-0.1617, 0.7977,-1.5938,-1.6198, 0.0654,-1.0025,-2.7154,-0.3597, 1.7947, 1.3038,-0.5376,-1.9937,-1.3245]
[-1.2005,-4.7351, 1.0413, 1.8695,-0.5012,-2.2584,-2.3394, 1.4966, 0.8439, 1.7627,-2.1962,-1.8131, 1.7946,-1.0158,-1.175 ,-0.3281, 3.1158,-0.2534,-0.1695, 0.6966, 0.4552, 2.8828, 0.3868, 2.8938,-2.9873]
[-4.9623,-4.2436, 1.1242, 2.801 ,-0.8879, 3.0183,-2.5116, 0.1952, 0.4014,-0.8604,-2.5564, 2.1827, 1.7308,-1.6964,-0.2594, 1.0916,-2.2552, 1.7346,-0.8379,-1.1018,-1.071 ,-0.9356,-3.0139, 0.5886,-0.7467]
[ 1.876 ,-3.859 , 0.8906, 1.8696, 3.0673, 0.9083,-0.6449,-0.0093, 0.1034, 0.437 ,-1.3656, 1.5848, 0.3194,-2.7696, 2.078 , 1.3083, 0.7936, 2.7054, 2.1011, 0.5959,-1.4865,-1.827 ,-1.2241,-0.2381, 0.0237]
[-3.517 , 0.0278,-1.6761, 2.649 ,-0.0798, 2.7016,-1.1485, 2.7725, 2.1405, 0.959 ,-2.8435,-0.1874,-2.7333, 2.5768, 1.6462, 2.0524,-2.577 , 0.7778,-1.9028, 1.2513,-2.4164,-1.831 ,-1.0909, 2.7742, 1.2577]
[ 3.1516,-1.1315, 3.51  ,-1.8726, 1.596 , 3.1083,-1.0108,-1.3409,-1.2398,-1.259 , 2.3416, 2.084 ,-2.8465,-2.2813,-0.6302,-0.478 ,-2.2746,-0.9921, 0.6686, 2.9148,-0.957 ,-1.4265,-1.9799,-2.1628,-2.8283]
[-1.3626, 3.7846,-0.4613,-0.0595,-2.8774,-0.3971,-0.7617,-0.2956, 1.8168, 0.8489, 0.1682,-0.8995,-0.3229, 1.5132,-1.1571,-2.2784,-2.8935, 0.2857, 0.1312,-0.4168, 1.1541,-0.0569,-1.2452,-1.2003, 0.5402]
[-2.5774,-0.951 , 1.247 ,-2.4706,-1.0692, 0.1004,-0.1679, 1.0946,-2.3591,-0.2912,-2.1468, 1.8673,-1.15  , 1.1062,-0.9329,-0.831 , 2.6435,-1.935 ,-0.7703, 1.1097,-1.6095, 0.5743, 1.0437,-2.3591, 1.799 ]
[ 1.1046,-4.6259, 4.9421, 0.2978,-0.5386,-2.3572, 0.0123, 1.1512,-0.7534,-0.9755,-0.1142, 2.931 , 2.0931, 2.1091,-0.3089, 0.3502,-0.565 ,-2.985 ,-0.6359,-0.7387, 2.6607,-2.6932,-1.8919,-2.7594,-0.6035]
[ 0.9152, 1.9666,-0.3612, 2.4422, 2.5472,-1.3762,-3.0486, 1.919 ,-1.8795,-2.6154, 0.2371,-2.6411,-2.5904,-0.3288,-1.0866, 2.2185, 1.4833, 2.1989,-2.2813, 2.4691,-1.8912, 1.335 , 0.7656,-2.0234,-0.1107]
[-0.1955, 3.4045,-2.8673, 2.3303, 0.3681,-2.87  , 2.133 ,-0.2098,-1.5798,-1.7083,-1.4903, 0.2922, 2.9611,-2.7569,-2.9757, 1.7923, 2.3701,-1.1628, 1.2424,-1.459 , 1.1562,-0.7484, 0.7804,-1.9033, 2.7   ]
[ 0.9412,-1.6359, 3.2368,-1.656 ,-0.5358,-2.6859,-1.1499,-0.1895,-1.0133, 2.3439, 0.8077,-0.8085, 0.7422, 0.2744, 1.7634,-1.4589, 0.4723,-0.3751, 1.0883,-1.5063,-0.5754, 2.4585,-1.9403,-2.7862, 0.2407]
[-3.425 ,-5.1345, 0.9078, 2.3354,-1.7219,-3.1038, 0.9664, 0.6575, 0.2847,-1.3429,-0.1052,-1.6157, 1.8185, 2.4442,-1.4375,-2.609 ,-0.4706,-2.9485, 1.0013,-0.1932,-0.3853,-0.8467, 3.1267, 0.4253,-2.9766]
[-5.0099, 0.8065,-4.1609, 2.9869, 0.8215, 0.4338,-2.6315,-2.4376,-1.0343,-2.6223, 2.0758,-1.5199, 1.8727, 2.7204, 1.532 , 0.1569,-2.4609, 0.3876,-0.9653, 0.7089, 3.0295, 3.0443, 2.5561, 2.6702,-2.2712]
[ 3.5169, 2.4463, 4.1636, 0.4556, 0.3271, 0.3271,-2.2669,-0.5298,-1.2018,-1.1902,-0.6481,-3.0866,-1.1026, 1.751 ,-2.1989, 2.0097, 2.5202,-3.0968, 0.3617,-0.1687,-1.4207, 3.0925, 0.3002, 1.7129,-2.1723]
[-3.2687, 2.697 , 1.4285,-0.0307,-2.6525, 2.7888,-0.8544,-2.5593,-3.113 , 0.8541,-0.8233,-1.9835,-2.4018,-2.9103,-2.5794, 2.3177,-1.6856,-0.2491, 1.5777,-0.7694,-1.6148, 0.8946,-0.6197, 2.2883,-3.0613]
[-0.0244, 4.5734,-4.8795, 0.3744,-0.9434, 2.1989, 0.797 , 1.335 ,-3.001 , 1.6433, 0.6171,-0.1042,-2.6338,-0.5531,-1.4582, 0.3475,-2.5579,-0.4008, 2.9308, 0.8921, 2.6989,-0.8722, 0.0978, 0.5045, 0.9635]
[ 1.5064,-1.6541, 3.2366,-2.5698,-2.4265, 0.4501,-0.5882, 2.7483,-1.8548,-0.2704,-0.8208, 1.5312, 1.5088, 2.3951,-2.5304,-1.8463, 2.6183,-0.5956,-2.4108,-1.9798, 2.9506, 1.7416,-1.1526,-1.8548, 0.2516]
[ 4.643 , 2.0655, 4.4026, 1.6608,-2.8217, 0.1594, 2.5834, 2.9602, 1.4766,-1.6014,-2.8318,-3.0259,-2.4366,-2.7326,-1.6747,-2.6806,-0.5365,-0.2857,-0.006 ,-2.3681, 2.6299, 1.5379,-0.594 , 2.9345, 0.597 ]
[-2.8919,-4.9823, 4.0676,-1.3934,-0.7715, 3.017 , 2.8448,-2.5134,-2.0101,-2.7062,-0.5143,-1.8473,-0.644 ,-0.125 ,-0.7874,-2.293 , 2.3724, 0.352 , 1.4782, 0.1667, 1.0208,-2.5872, 2.7659,-0.8363, 2.0191]
[ 2.9136,-1.8849,-0.6629,-1.3775,-2.919 ,-0.4464, 0.081 , 1.1474,-0.7515, 3.0883,-2.5123, 1.744 ,-2.2814,-1.5432,-0.5584, 2.4388,-2.2406, 0.7875, 0.7062, 2.874 , 2.6018,-0.3065,-2.8286, 2.6801, 2.864 ]
[ 4.5611, 2.9183,-0.4567,-0.9198, 0.1662,-2.4702,-2.3192,-0.0623, 2.3088,-0.5929,-0.8388,-1.0591, 1.519 ,-1.6463, 0.3865,-0.1335, 1.9429,-2.4566, 2.0548, 1.6804,-0.8407, 1.5625,-0.4981, 0.6522, 2.729 ]
[-2.0777e+00, 3.0598e+00, 4.9474e+00,-1.4489e-01,-4.8434e-01, 1.3151e+00,-2.6263e+00, 1.7657e+00,-2.7698e-03, 1.5428e-01, 6.0883e-02, 6.8559e-01,-1.5566e+00, 3.0567e+00, 9.5865e-01,-1.4567e+00,-2.0046e+00, 1.6242e-01,-2.3775e+00, 2.9413e+00, 2.3802e+00, 1.6405e+00, 1.2365e+00,-1.8950e+00,-1.2759e+00]
[-0.1281,-2.7378,-0.0352, 1.2899, 0.3415,-2.3978,-2.7676,-0.0724,-2.5397, 1.4628,-2.1561,-2.2553,-1.8414,-0.0999,-2.8003,-0.329 ,-0.8064, 0.6577,-2.6987, 0.2279,-0.8748, 2.9784,-0.4002,-0.2016, 0.7602]
[-4.2714, 3.0553, 3.0436, 1.352 ,-0.3318, 2.4224,-2.8553,-2.4486, 0.569 ,-3.1042, 1.535 , 1.0828,-1.838 , 1.9067, 0.7872, 0.1558, 2.7026, 0.4929, 2.7628, 2.6275, 0.6671, 1.932 ,-0.4342,-2.1619,-2.4132]
[-2.5214, 3.5613, 4.3463, 1.9817,-1.9457, 1.0378, 3.0874, 1.5603, 0.433 ,-1.4785,-3.0614,-2.7272, 1.5118, 0.9543,-2.052 , 0.6153,-1.3068,-1.7427,-0.5108,-2.3037, 1.8054,-0.6042, 2.6897, 3.0017,-2.7638]
[ 1.5063, 0.5399, 2.1911,-2.2259,-2.5449, 1.9461,-2.6292, 0.9596,-2.3752, 1.0713, 0.3802,-0.3419,-2.9051,-1.9448, 2.7252, 1.8863, 0.3061,-0.6093, 1.3301,-2.5972,-2.9443,-0.3627,-2.0755,-1.966 , 1.1525]
[ 4.3132, 4.9307,-4.7226, 0.5217,-0.9649,-2.9653, 2.6177,-0.4223, 2.0456,-0.1388, 0.5211, 2.7899, 0.3951,-0.9364,-2.5624,-2.669 , 1.2537,-0.7605, 1.83  ,-1.3309, 0.0814, 2.971 , 2.2608,-0.7949, 1.7082]
[-3.7709, 4.2218, 4.0241,-0.5309, 1.0367, 0.7858, 0.1036,-0.4075,-0.1109, 0.6582,-0.343 , 2.289 , 0.2793, 0.3931, 1.9095, 1.8313,-1.7802,-1.5315, 1.277 ,-0.7284,-1.0214, 0.6075,-0.3671, 2.5644, 2.9201]
[ 4.9894, 3.7196,-1.9408, 1.3616,-0.3724,-0.0924,-0.3251,-1.1553, 0.3455, 0.2324, 0.1697, 1.7108,-2.8121, 1.1528, 1.9322, 2.2286, 0.7405,-0.1084,-0.753 ,-2.6807,-1.0593,-2.2269,-1.3175,-1.2344,-0.2111]
[ 4.6445,-3.2754, 1.7129, 0.5395,-1.6895, 2.1725,-2.833 ,-2.0065,-0.038 ,-3.0025, 1.9567,-3.1168, 1.7606, 1.2439,-2.9629, 1.2778, 0.6132,-1.5703, 2.6428, 2.395 , 3.0401, 0.5689, 2.2788,-2.6352, 1.9599]
[-4.8175,-0.6198,-1.8813,-1.2278, 2.2314,-2.6645,-0.895 ,-0.6499,-2.3578,-1.7803,-0.1355,-1.0286, 2.1887,-3.0371,-0.1562, 2.4785,-2.5477, 1.8503,-2.6298, 0.0739, 1.5038,-1.2073,-1.7574, 1.5066,-1.9124]
[ 5.5655e-01,-3.5753e+00,-4.2966e+00, 1.4540e+00,-2.6313e+00, 7.7087e-01, 1.3119e+00, 5.9128e-01,-2.7662e+00, 2.7319e+00,-2.9805e-01,-8.4836e-01,-2.5208e+00, 1.3091e+00,-1.9766e+00,-1.0084e+00, 3.8641e-01, 2.7615e+00, 4.7565e-01, 1.5216e-01, 2.7026e-03,-2.6359e+00, 1.0768e+00,-2.1993e-01,-1.0241e+00]
[-4.9604, 3.5777, 2.735 , 2.5931,-1.1928,-1.1197,-1.6885, 0.0272, 2.0722,-1.7021,-0.5748,-0.7358, 1.2556, 1.5573, 1.9161,-1.9575,-2.6011,-2.715 , 1.279 , 0.4191, 0.5833,-0.5297,-1.1717, 1.6542, 1.746 ]
[-1.0035,-1.3212, 5.1649,-1.2402, 1.1443,-2.0393, 0.6473,-1.4278, 2.2317,-2.7955, 1.8429,-2.8029,-1.8645, 2.0868,-3.0873,-1.2745,-1.9505, 1.5723,-0.1664,-2.0483, 2.0445, 0.3688,-2.5284,-2.3611, 1.1843]
[-3.9632, 3.5544, 2.9112, 0.0991, 0.0918, 2.1824,-0.3676,-2.5105,-3.1292, 1.6192, 2.4386, 0.1275,-1.353 ,-0.5582, 2.162 ,-1.5752,-1.1441, 1.5742, 2.606 ,-0.5794, 2.8308,-3.1049, 1.9699, 1.3782, 3.0303]
[ 3.5864, 1.4325, 0.613 ,-1.898 , 0.3232, 0.231 ,-2.1064, 1.8031, 1.0981,-0.9319,-2.719 , 0.7107,-1.885 ,-1.4506,-1.1991,-1.1805,-1.9979,-1.2466,-1.3545,-1.7985,-2.829 ,-2.691 , 2.4418,-0.5137, 0.5973]
