[ 2.8658, 3.6419,-3.903 ,-1.0111,-1.8554,-0.8562, 1.0954, 0.2321,-2.0549,-1.1037, 3.0528,-2.3335,-2.4661, 0.1325,-0.6109,-2.4978,-0.3274,-1.4344]
[-3.2734, 3.7891,-3.4905,-3.0516, 0.4563, 0.3388, 2.9117, 1.8958,-2.7599, 1.5761, 2.0516, 0.832 ,-1.7733,-2.7741, 0.4808, 2.2172, 2.1121, 1.7008]
[-1.4859, 5.2089,-3.5818,-2.451 ,-2.4808,-2.3519, 0.3947, 2.1688,-1.8406, 0.5245, 0.0995, 2.7826,-0.2127, 1.6459, 2.3109,-1.3386, 1.0183,-2.0636]
[-1.4365, 5.4   , 3.8391,-2.7515, 1.8424,-2.3675, 0.8474,-1.4184, 0.987 ,-0.3291,-0.5974,-1.2227,-2.6743, 0.932 , 3.0166, 2.2162,-3.0391,-0.4181]
[ 1.2285, 3.3692,-5.3206,-0.6462,-0.2949, 0.6078, 1.5047,-1.2389, 2.5482,-0.8691, 1.4322, 1.8489, 0.0822,-1.0812,-1.306 , 2.5873, 1.6776, 2.5599]
[-1.5902,-1.5896,-1.224 , 1.384 ,-0.6441,-0.9194, 1.8835,-1.2274,-1.9998,-0.5888, 2.25  , 0.6528, 1.3287, 2.607 ,-2.8177,-1.1229,-2.2856, 2.9345]
[ 2.7156,-0.0797, 4.3073,-0.9376, 0.7391,-0.4414,-2.345 ,-3.1335, 0.3998,-2.9736,-2.5764,-0.3125,-2.9226, 0.1062, 1.1401,-2.2734, 1.0867,-1.7507]
[-3.4303, 0.3251, 2.3569, 2.0525,-2.897 ,-1.0447, 3.1118,-1.6203,-1.3145, 3.1116,-0.3906,-0.0556, 2.0219,-0.0702, 0.4513, 2.0909,-0.0514, 2.8673]
[-0.8543, 1.6761, 0.717 ,-1.3361,-1.1282, 1.5492,-3.0458,-2.6056, 0.5451, 2.6763,-2.6056,-2.4171, 0.8605,-2.3414, 0.5787,-0.9958,-1.4867,-1.9417]
[ 1.2847,-5.2833, 1.7257,-0.7317, 0.5237, 0.521 ,-2.3485, 3.1294,-1.5538, 2.4717, 1.3933, 1.9589, 0.511 , 0.2666, 1.2629,-0.3707, 2.8288,-3.0851]
[-3.9544,-4.3034, 1.4048,-1.8993,-1.616 ,-2.3999,-2.4011,-2.4161,-2.0257, 2.7484, 1.5688, 0.895 ,-1.6264,-2.1809,-1.0747, 1.7091, 0.4133, 1.274 ]
[ 1.0311, 3.4862, 1.7172,-0.1847, 0.3877, 1.8213,-0.4884, 0.1998, 0.9552, 1.1394, 2.7438,-0.6322, 0.0442,-1.466 ,-3.0526, 2.3328, 1.0602, 0.2841]
[-3.104 ,-0.9547,-2.6239,-2.9725, 2.6074, 1.4619,-0.3473,-1.0452,-0.1733, 1.7944, 2.1156, 1.9021, 1.3876, 2.2668,-0.8145, 2.8201,-2.5767, 0.252 ]
[-2.0198, 3.4063,-0.3653,-0.2822,-2.4307, 3.0183,-0.7622, 2.4573, 0.0219, 3.1065,-2.9279, 2.9017, 0.637 , 1.7436, 1.0066,-1.4088, 2.7509, 2.7312]
[-0.6686, 5.0129,-4.6942, 1.2142, 1.6805, 0.9264,-2.0778, 1.6103, 0.9256,-0.3521, 0.1148,-0.0898, 1.7029,-0.4044,-1.1489, 0.1244,-0.524 , 2.4354]
[-2.4434,-5.0578,-0.3356,-2.4083, 2.0514, 2.9597,-0.4204, 0.778 , 0.8265,-2.3236,-1.3911, 1.7278,-0.2492, 1.5706,-2.4749,-2.6983,-0.2437,-0.9409]
[-0.8338, 5.3851,-4.3422, 0.0324,-2.4894, 2.9458,-1.9805,-0.6633, 3.0716, 2.5345,-2.167 , 1.7607,-0.2903,-0.5917,-0.8969, 1.1125,-1.3387, 1.6193]
[-3.6687,-0.9937,-5.2033,-0.0359, 1.3966,-2.2027, 2.0829,-1.7726,-2.7698,-2.268 , 2.7944, 0.6304,-0.0813, 2.4676,-3.065 ,-1.2411, 0.3675, 2.9573]
[-3.8057,-0.6404, 1.7349,-0.567 ,-1.681 , 0.1484,-1.6968, 2.9058, 1.1477, 2.2116, 0.902 ,-1.5101, 2.7878, 0.6302, 2.2576,-3.1243,-0.1433,-0.1988]
[ 0.0768,-3.5247,-3.5339,-1.8152,-2.1932, 1.5755,-2.8819, 0.221 ,-1.0436, 1.261 ,-2.7742, 1.8684,-1.9717, 0.1201,-0.4112,-1.193 , 1.6062, 0.2324]
[ 2.1179, 1.258 , 4.4658,-0.7073,-1.4474, 1.977 , 1.3839,-1.4712, 1.8465, 0.3931,-2.615 , 3.068 ,-0.4827,-0.4393, 0.722 , 2.7366, 1.8104, 1.6396]
[ 0.4   , 1.6363, 4.6457,-0.2996, 0.697 ,-1.5668, 0.5658, 1.9306,-0.4615,-0.8647,-1.2678,-0.4524, 1.5994,-0.8439,-2.7627, 1.7367, 2.5817,-2.7456]
[ 1.9793, 1.0551, 1.6889,-1.6022,-2.3509,-2.2769,-1.1041, 0.0972, 2.735 , 1.6656, 2.3669,-1.9363, 0.535 , 0.9209, 0.9441, 2.7687,-1.3884, 1.661 ]
[-3.3762, 3.5898, 5.4434, 2.0297, 1.1881, 1.6911, 1.0166, 1.8138,-2.4497,-1.3975, 0.7708, 0.8617, 0.8991,-2.0911, 0.6236,-2.3897, 1.5072,-2.7277]
[ 5.1712, 0.8706, 0.7519, 2.5237, 1.6856, 1.8165,-1.2408, 1.6576, 2.093 , 1.7251, 0.9522, 1.1929,-1.528 , 0.5057,-0.8726,-2.5312,-0.9807,-2.8844]
[-2.1487, 2.199 , 2.553 ,-2.864 , 0.6924, 1.2701, 2.3727, 0.7089, 2.1335, 0.401 ,-2.6469, 2.6221, 0.7412, 1.6047, 0.3057,-1.0817, 0.3032, 0.9265]
[ 3.7209, 0.6327,-5.2977, 1.9792, 1.6067, 1.6922,-1.9102, 1.3881,-0.1272,-2.4123, 0.5704, 0.0629, 2.1682, 1.419 ,-0.7019,-1.5255,-0.1521, 1.2429]
[-0.0241,-3.7925,-4.9206, 2.8586, 3.0244,-1.1316, 0.9283, 0.7753, 1.1267, 2.5312, 2.5764,-1.759 , 0.7323,-0.842 ,-2.7979,-0.6175, 0.8423,-2.9902]
[ 3.6551,-4.4938, 4.726 , 2.2638,-2.1111,-1.4074, 1.6973, 0.0425, 1.5626, 1.6651, 0.8349, 0.7502, 1.1486,-2.1276,-2.6055, 0.8863,-2.1588, 0.1618]
[ 2.6937, 4.2705,-3.598 , 1.646 , 0.9453,-2.1702, 1.802 ,-0.8839, 1.8251,-1.3117, 1.6981,-1.9535,-2.6251, 0.7517, 1.6481,-1.6568,-2.2444, 0.1952]
[ 1.1441,-1.7084, 1.5697,-3.0519,-2.469 , 0.514 ,-2.3077,-2.2846,-2.1902, 0.2271,-2.3802,-0.0788, 1.8345, 0.8314,-0.2675, 1.9553,-1.0794, 1.044 ]
[ 4.0015,-1.2683,-0.3013, 0.6055,-0.6014, 2.0111, 0.8044,-1.7688,-0.6971, 0.5797,-0.4001,-2.8806, 1.2321, 2.7792,-2.7678, 1.3356, 2.4422, 1.4274]
[-4.3108,-2.7177, 2.4411,-0.1053, 1.6832,-2.6658, 1.7414,-3.0874, 1.3505,-1.5954,-2.0458, 2.0251,-1.1781,-0.8153,-0.8716,-0.5468, 3.1352, 0.3585]
[-0.2659, 3.0485,-0.2542, 0.9312, 1.1023,-2.1432,-1.1294,-2.9173,-2.0576,-0.335 , 0.3663,-2.6122, 1.1896,-0.109 , 0.6789, 1.2937,-1.3331, 2.0374]
[-3.2994,-0.3401,-4.2918,-0.1789, 0.1377, 0.9968,-0.3624,-1.7157, 2.1155, 1.9694,-1.2651,-2.1571, 0.2182,-0.1134,-1.8184, 2.3665,-2.9853,-0.6364]
[ 2.6554,-3.0157, 2.915 , 2.8612,-1.6602,-2.1476,-2.5475,-0.8229,-0.8603,-0.3686,-1.3598, 2.1525,-2.897 ,-0.0832,-2.8193, 1.1823,-2.7557, 0.829 ]
[ 3.6085,-0.8817, 3.9199, 0.648 , 0.1761, 2.5146,-1.4797, 0.6449,-0.6732,-2.6122, 0.6756, 2.1084, 3.0938,-1.2405,-0.6021,-0.6921, 0.0564, 1.8486]
[ 0.9196, 5.4213, 0.579 , 1.3534, 3.0604, 1.6515,-2.6419, 1.9974, 1.889 ,-2.2263,-2.2591,-3.0698,-0.4251, 0.9226,-1.6892, 1.2164, 0.6795,-2.6336]
[-3.1962, 1.7951,-0.6701,-2.6457,-2.6892, 2.7831, 2.8334,-0.1288,-1.8739, 2.9216, 2.78  , 1.6167, 2.1777,-1.5879,-1.7288, 0.3802, 0.3443,-2.7345]
[-2.8462, 4.636 , 1.8739, 0.5807,-0.217 ,-0.1177,-2.6105, 2.1029, 0.7209, 1.4398, 0.4262, 2.1477, 0.7672, 1.7362, 2.9942, 1.6653, 2.8266, 2.5812]
[ 2.2094,-3.7301, 3.9718,-1.2886, 0.0066, 1.4328, 3.0571,-2.4841, 0.0975,-0.9521, 1.3487,-0.6646, 2.3452,-2.076 , 2.0781,-2.795 , 1.4549, 2.7703]
[-0.604 ,-4.5555, 4.4851, 0.6891,-1.053 , 0.3562, 0.189 ,-0.1565, 0.077 , 0.2231,-2.7765, 0.8149, 0.5653,-1.6641, 0.0603,-1.2745, 2.4636, 0.3399]
[ 3.4784e+00, 3.0530e+00, 9.2441e-01, 7.6131e-01,-9.9519e-01,-9.9557e-01, 2.2661e+00,-2.1686e+00,-8.6958e-04,-4.0134e-01, 2.7393e+00,-5.9729e-01,-9.7446e-01, 1.5995e+00, 2.4777e-01,-1.9988e-01,-2.4458e+00,-3.0962e+00]
[ 4.9703,-4.0216, 4.24  ,-2.8887,-2.8057, 0.7244, 0.5329, 1.7321, 1.2637, 1.3051, 1.407 ,-1.9659,-1.7993, 0.545 ,-1.3501,-2.6818, 0.5263,-1.1181]
[-2.1195, 2.8501,-2.5243,-0.4752, 2.9835,-1.4699, 0.8369,-2.3647,-2.3321,-0.2218, 2.5541, 2.839 , 0.7073, 0.4795,-1.9721,-0.3801, 0.5436, 1.6595]
[ 3.4061e+00,-3.6896e+00, 1.4014e+00, 2.0190e+00,-2.7544e+00, 1.6934e+00, 5.5774e-02,-3.0338e+00,-2.0838e+00, 8.1013e-01, 2.6297e-02, 2.1526e+00, 2.5193e-03,-1.1873e-01,-4.7591e-01, 2.2562e+00, 8.8839e-01, 2.7148e+00]
[ 5.2768, 2.9813, 0.5795,-1.6386,-1.061 ,-0.9661,-1.9055, 2.2212, 1.9909, 1.3441,-0.5598,-1.372 ,-2.2502,-3.0401, 0.7693, 3.134 ,-2.8221,-1.9263]
[ 2.837 , 2.1437, 0.0534,-0.526 , 2.5413, 1.9233, 0.8124, 0.34  , 1.6008,-2.6888,-3.0936, 1.5472,-2.3309, 0.6224,-2.3066, 0.8717,-2.7506,-1.8668]
[ 1.9893, 0.2532, 5.2772,-0.2788,-1.3237,-0.8023,-1.8769, 0.1137,-0.6655,-2.7855, 2.5873, 0.6458,-0.0203,-2.5374,-0.4113, 1.9888,-1.7783, 0.5475]
[-5.4152, 3.7656, 1.7831,-1.9087,-1.022 ,-0.2375,-3.0097, 0.4867,-1.2033, 2.7575,-0.8614, 0.8971,-2.4541, 0.6883,-1.8497, 2.5468,-2.8675, 2.418 ]
[ 2.6629,-5.2913,-4.9413, 1.1896,-1.4535,-2.1239, 2.8301,-0.0734,-2.7149,-0.0616, 1.7264,-1.5932,-3.024 , 2.8239,-1.7016,-0.3246,-1.3372, 2.3071]
[-5.2141,-3.6835, 5.3069,-1.8569,-1.3218,-1.3584,-0.4522,-0.7305,-2.0642, 0.7038, 0.441 , 0.5874,-1.3824, 2.0966,-2.8211,-3.0662,-1.798 ,-2.6169]
[-3.3962,-3.3867,-0.983 , 1.3349,-2.9872,-1.9512,-2.8664, 1.8397,-0.0755,-0.0228,-1.314 ,-2.8987,-2.7195, 1.809 ,-0.3654, 2.6116,-1.5006, 2.3938]
[-1.5687,-3.9091,-1.4794, 1.3666,-2.8168, 2.9783, 1.0592,-1.0846, 2.4831,-1.4509,-1.7006,-1.6349,-1.9011, 1.8577,-0.2434,-1.2625,-0.4073, 1.4863]
[ 2.945 , 1.9427, 1.8861, 0.8296, 1.6993,-2.4175,-1.1002, 2.6901, 2.9117, 1.3576,-1.3636, 0.115 , 0.406 ,-2.2798,-2.4546, 2.9106, 1.9824,-2.9297]
[-4.2649,-2.1437, 1.1189,-1.6204,-0.9814,-2.1898, 1.7956, 0.5945,-2.1836, 0.5835, 2.32  ,-2.1205,-1.7387, 3.0965, 1.9287,-0.9159,-1.5828, 2.6423]
[-1.6953, 3.6368,-1.8187, 2.2327, 0.5045, 1.8542, 0.9557,-2.5475, 2.2989, 1.3021,-2.6052, 0.9403, 2.2594,-2.3859, 1.8216,-2.6407,-0.8231, 0.7557]
[-4.5983, 2.508 , 0.0688, 1.4928,-1.1327,-1.889 ,-0.7252,-1.1913, 1.8657, 2.6073,-1.109 ,-2.8819,-1.1725,-2.6341, 1.0479, 2.3374, 1.3778, 2.0605]
[ 4.6671,-0.78  ,-1.4297,-1.455 ,-2.626 , 0.6222, 2.7896,-2.9721,-3.014 , 2.8111,-1.4347, 2.7209,-2.8964,-1.4322,-2.0216, 2.0348, 0.1225, 0.5058]
[-0.2553,-3.279 , 4.6549, 1.1841,-1.2913, 3.0654,-0.6673,-0.7202, 2.2689,-2.9139, 2.2481, 2.5923,-0.6727, 2.8329,-2.139 , 3.1222, 0.8944,-2.2637]
[-1.3582,-2.9103, 4.8209,-0.9599,-1.1221,-1.149 ,-1.8711, 1.2799,-2.3344, 1.7778, 0.4023,-0.3866, 0.233 , 0.8109, 0.0779, 2.1614,-0.1324, 2.3017]
[ 3.5596, 1.5142,-2.2972,-2.8098, 0.0315, 2.293 , 1.7196, 0.6785,-2.4085, 1.5004, 1.7197, 0.0954,-3.1388,-2.7044, 0.7541, 1.3984,-0.0758,-1.4682]
[-2.3568, 4.6892,-5.1597,-1.4528,-2.361 ,-0.2526, 2.2584, 2.8699,-0.3693,-0.7479, 0.9453,-0.7287, 0.6359, 2.9213, 2.8613,-0.4747, 3.0737,-1.0109]
[ 1.9516, 3.3577, 0.9574,-0.0863,-0.6676, 0.0206,-1.5107,-1.7355, 1.4402, 1.75  ,-2.7705,-2.5537,-1.1771,-0.2821,-2.9524, 2.6285,-0.5842,-3.1221]
[-4.1616, 0.3267, 3.0882, 0.3079,-0.8455,-1.2409,-2.9096, 2.4449,-0.0196,-2.06  , 1.1349, 1.804 , 2.7137,-1.5348,-2.5229,-0.7138, 0.5861,-2.6671]
[-2.5307,-2.641 ,-4.7944,-1.8639, 0.303 , 1.8115, 2.5724, 0.8439, 0.2553, 0.9558, 1.7866,-1.4285,-0.6601, 2.9498, 1.6201,-1.8238,-1.803 , 0.6891]
[-1.3056,-3.8196,-2.1653,-0.6628, 1.4236,-0.6205, 0.6301, 0.5967, 1.6925, 3.0032, 3.1035,-2.9838,-0.5281,-0.8194, 0.8671,-2.5236,-0.588 ,-1.1378]
[-4.987 ,-2.1155,-5.4453, 1.1146,-2.3966,-2.0619,-2.5873,-0.3883,-0.1107, 1.2548,-2.3439,-1.4338,-0.1597,-0.233 , 2.0052,-1.6794, 2.9236,-2.6856]
[-1.2337,-1.8158, 2.9109,-3.1174, 2.4546,-0.0341,-1.945 ,-0.9397,-2.9303, 2.2215,-1.5507, 2.0171,-0.7439,-1.0026,-0.8345, 2.0588,-0.3176,-0.2197]
[ 3.3164, 2.2707, 1.4567,-2.2037,-0.813 ,-2.4996,-1.6087, 1.6221, 1.205 , 1.0366,-1.6022,-2.7899, 0.9818,-2.633 ,-1.7473, 2.2291, 0.9786,-1.2882]
[-4.9599,-0.1118, 4.3   ,-1.364 , 0.3792,-0.0698,-3.0357, 1.4348, 0.8343, 2.6266, 1.5366,-0.1021,-2.29  ,-0.9299, 0.1009,-0.3035,-2.1764, 1.0646]
[ 3.8914, 2.7281, 5.408 ,-2.9757, 0.6258, 0.7466,-0.4548,-2.0896,-1.4732, 2.2035,-1.5528,-1.5249,-2.0348,-2.5067,-1.4221,-2.5473,-2.3653, 2.0132]
[ 4.0745,-0.2801,-4.2667, 2.3617,-2.513 ,-2.6218, 0.4595, 0.561 , 1.9158, 1.8511,-0.958 , 2.4941,-1.5234, 2.9961, 0.5996, 1.74  , 2.9514, 2.4878]
[-2.466 , 3.6399,-1.1525, 0.8547,-2.3592,-0.7382,-2.2736,-0.2741,-2.4216, 2.2456, 1.1573, 0.4541, 1.0766,-2.2231, 1.8051, 3.0384, 2.3717, 0.4259]
[ 3.7644,-0.2591, 0.0058,-0.6329,-1.8219,-2.0088, 2.5677, 1.0219, 2.3727, 0.3553, 2.5237, 2.2487, 1.5988,-2.9538, 1.824 ,-2.6785,-1.3261,-2.6476]
[ 1.2498,-2.0203,-2.5346,-1.5102,-2.2073,-2.8894,-0.0396, 1.4091, 0.5926,-2.0854, 3.1338, 1.4568,-2.453 , 2.5307,-0.6557, 0.0564,-0.9564, 0.0917]
[ 2.316 ,-3.5605, 0.0452, 1.2181,-1.7242,-1.8271,-0.7426,-1.2787, 2.3334, 2.2009,-1.2954, 0.3199, 0.654 ,-0.694 , 2.4533,-1.7827,-0.5105,-0.0414]
[ 3.1243, 0.3614, 3.6123, 2.1137,-1.1874, 1.4529, 1.4854, 0.6587, 1.2476, 0.0712, 0.7408,-2.5673,-0.7432,-0.6662,-1.6857, 0.1549,-0.9571, 0.0889]
[ 4.3672,-3.3299,-2.7205,-1.1165,-0.9563,-0.7636,-2.5621,-0.452 , 1.318 ,-1.9414,-0.2299,-1.2901, 0.9784,-0.4491, 1.5172, 0.4336,-2.4021, 1.5997]
[ 1.8106, 3.3193, 2.7457,-2.9012,-2.9953,-1.1497,-1.2225,-1.3947, 0.1992,-2.9556, 1.9984, 1.7584, 0.3483, 1.5767,-1.4545, 0.6643, 0.936 , 2.3416]
[ 5.0124,-4.5299,-3.1575,-1.044 ,-2.992 , 2.7501, 2.8523, 1.9467,-1.6204,-0.0259,-0.202 ,-0.9881,-3.1085,-2.5724,-1.3204,-0.99  ,-0.7142, 1.4884]
[ 2.8799,-4.559 ,-2.8258, 2.9405,-1.1466,-2.4953,-1.9913, 2.1191,-0.6325, 0.3605, 0.6789, 0.3171,-2.7364,-1.2341, 1.6297, 1.6545,-2.7223, 1.5598]
[ 3.4327,-2.1965, 4.7563, 2.6012, 1.7711, 0.2816, 0.8027,-1.2583, 0.2798,-1.4548, 1.4689,-2.3807, 2.1252, 2.3594, 0.3363, 2.8298,-2.3608,-1.4778]
[ 3.3174,-2.8322,-1.908 , 3.0039, 0.6403, 0.0986,-0.0742, 1.286 , 1.8399,-0.8075,-1.1583, 2.004 , 2.9714, 1.9849,-0.1901,-2.7737, 2.171 ,-1.1157]
[ 0.8927, 2.0721,-2.6401, 2.1099,-2.799 ,-2.3656,-1.0601,-0.7101, 0.5936, 2.5493, 1.322 ,-0.6234, 1.5274, 2.0099, 1.1372,-1.8399, 1.0538,-0.8196]
[ 1.8411,-0.8856, 0.1242, 2.8238, 2.4821,-1.1191, 0.59  , 2.7418, 1.4486,-1.9959,-3.1235, 0.4844,-0.4852,-2.4627, 2.6773,-2.0725, 2.6492, 1.3441]
[-5.2402,-1.1344,-3.9468, 2.2869,-2.2749,-2.3253, 2.1423, 1.9994, 2.1692, 0.1184, 2.8368,-0.1672, 2.2134, 2.62  , 2.6891,-2.8413,-0.5651,-0.9989]
[-1.1067,-0.7396,-3.9823,-2.1067, 2.6139, 2.3244, 0.1913, 0.1407, 2.732 , 0.2564, 1.8259, 0.1205,-2.3338, 0.0106,-0.2698, 2.6913,-1.3656, 2.2781]
[-1.9201, 3.8389,-1.658 ,-1.5577, 0.2918, 2.0386,-0.868 , 0.1368,-1.5051,-1.7689, 2.5614, 0.3456, 1.0663,-1.4064, 1.5851,-1.4318,-0.7052,-0.4721]
[-3.2852, 0.6671, 4.0977,-1.8497, 2.364 , 2.9231, 1.9954,-1.4581,-0.817 ,-2.1051,-1.4221, 0.8684,-1.5476, 0.8307,-1.3323, 1.2367,-0.3566,-2.3802]
[ 0.4056,-0.792 , 2.3766,-2.3453, 1.4948, 2.4392, 0.8506, 0.5284, 2.6045,-0.2047, 0.5523, 1.8301, 3.1011, 2.5801, 0.1203,-0.0363, 1.0059, 1.046 ]
[-4.5261, 3.83  , 1.6592, 1.9634, 0.5658,-2.998 , 0.3636, 1.2557, 1.0789,-1.5682,-0.695 , 2.6084,-1.288 ,-2.5659, 1.8802, 2.7336, 2.5089, 3.0502]
[ 1.0511,-3.9183, 2.4486,-0.6587, 2.0098, 1.3982, 1.129 , 2.0623,-3.1376, 0.663 ,-2.9134, 2.9923, 0.2635, 3.0065,-1.5626, 2.2654,-0.6932,-0.3341]
[ 3.1036, 5.3489, 0.8793, 2.0903,-0.64  ,-2.2646, 0.1495,-2.5653,-1.6446,-0.0932,-0.7179, 1.2845,-2.2919,-0.2792, 0.6239,-0.8385,-0.0967, 0.0354]
[ 1.6021,-3.295 ,-3.8815,-0.8918, 2.0844, 2.2735,-0.0845,-0.5178,-0.2711,-1.156 ,-2.0038,-0.1487, 0.0191, 0.0941,-2.9594, 2.3919, 1.3923, 2.3663]
[-2.7916, 3.8392, 5.3189,-0.4427,-0.6674, 1.5074,-2.1348, 2.3216, 2.7749, 2.4822, 2.5283,-0.5861, 2.3177, 2.2029, 2.5092,-2.437 ,-1.8058,-2.8134]
[-3.2047,-0.6009,-3.5064,-1.9978, 0.2385, 2.7173,-0.4342,-0.1686, 2.9944,-1.5406,-2.0872, 0.5658,-1.3511,-0.5503,-2.5867, 1.1533,-1.7455,-1.853 ]
[ 2.2938,-4.3191,-1.2871, 1.061 , 1.5746, 2.1621,-1.9555,-0.8944,-1.9456, 1.9594,-2.6963,-1.1832, 0.1613, 1.9011,-1.3459,-1.498 , 2.5434,-0.0235]
[-5.1801, 5.3586, 0.0836,-0.7828,-0.2223,-0.0158, 1.2154, 2.9812,-2.0288,-2.237 ,-1.0059,-1.4689,-2.4291,-1.3631,-2.3051, 2.5573,-2.2389,-2.8301]
[ 0.513 ,-4.9328, 5.1366, 0.3002,-0.3609, 2.8915,-0.8858,-1.6365,-0.6239,-0.534 ,-2.6658,-1.0101,-1.7048,-2.1559, 2.5583, 1.7696,-1.4686, 2.3347]
