[-5.4238, 0.3333,-3.5833, 2.4624, 1.1016, 1.6951,-1.2105,-2.8681,-2.7069,-2.3339,-2.6126,-2.224 ,-2.613 , 2.7515,-0.8978, 2.5328, 1.994 ,-3.1018,-2.9701, 0.8123, 1.9656,-1.6701, 2.0539]
[ 2.2997e+00,-4.9883e+00,-5.4080e+00, 9.6433e-01,-2.1668e+00,-1.3049e+00, 1.5348e+00, 4.2518e-03,-1.7415e-01, 1.2413e+00, 3.1019e+00,-1.1560e+00, 1.6929e+00, 1.7614e+00, 2.2278e+00, 2.9006e+00, 1.0124e-01,-1.3327e+00, 5.8275e-01, 1.6057e-01, 2.7366e+00, 2.3884e+00,-1.1113e+00]
[-3.7275,-4.3213, 4.7936, 0.1719,-2.047 , 1.7473, 1.3121, 2.2173,-2.1578,-2.9848, 2.8011, 1.5882, 2.7741,-0.7373, 0.2835,-2.9483, 0.5609, 2.1918,-0.2851,-3.081 , 2.0281, 1.2918,-1.8956]
[-4.8485,-2.0124, 1.8093, 0.3921,-0.4955,-1.4793,-2.0635, 1.5103, 0.7758,-0.2444,-1.3113, 1.5482, 0.3329,-1.0184,-2.704 ,-0.9354, 2.086 ,-2.7083, 0.8078, 0.8833,-2.4105, 2.2896, 2.2824]
[-4.2247,-5.4214, 2.5519, 2.9616, 0.5152,-1.7212,-1.2425, 2.1046, 1.2117,-2.0212, 1.364 , 0.8023, 2.5182,-0.9767, 0.4225, 0.2024,-2.8352,-2.6757, 0.2069, 1.2822,-0.7344,-2.5366, 0.5153]
[-5.1499, 3.0778,-0.1622, 0.3122, 1.3928, 0.2981,-3.0135,-0.1973, 2.8845, 3.0375, 2.4266, 0.6475,-2.8187,-1.8369,-3.0554,-0.6173,-0.659 ,-0.3517, 2.9191,-2.2776, 1.8616, 1.2202, 1.7913]
[ 2.3768,-5.4564, 2.9211,-1.9297, 2.0031, 1.9317, 2.9941,-1.192 , 1.9173,-0.5751, 2.8542, 1.0243, 0.8061,-0.6801,-1.0805,-1.7163, 1.8086, 0.9668, 1.8598,-0.9938,-0.9269,-0.0082,-2.1726]
[ 3.7594, 4.565 , 2.209 , 1.2976,-0.8001, 0.7349,-0.9574,-2.5621, 0.7627, 0.3996, 1.1722, 1.1618,-0.2775,-0.0107,-2.1516,-1.3571, 0.1601,-0.1909,-0.062 , 1.0659, 1.2911, 2.9841,-2.7941]
[-2.636 ,-3.7411,-1.3753,-0.6793, 0.2486, 1.9801, 1.8555,-2.4057,-0.7764, 1.6075, 1.1348, 0.964 , 0.6315, 2.5849,-2.1625,-1.7212,-0.2023,-1.1225, 0.4096,-0.57  , 1.6143,-0.4061,-2.6469]
[-0.6164,-3.4124,-4.2586,-2.6185,-0.1966,-1.128 , 0.9513, 0.2807, 1.3942, 1.5813, 0.6415, 2.7706,-2.9849,-0.0775, 0.9847, 3.0992,-1.9158,-2.2355, 2.1103,-0.291 , 1.1724,-0.9461,-0.1104]
[ 2.9628,-2.3005,-4.4246,-2.0693, 0.8897, 0.6193, 1.2331, 0.8997, 0.408 ,-0.5677,-2.9511,-2.6174, 1.0844,-2.5284, 0.7927,-1.2281, 0.0067,-1.9802,-2.3901, 1.5587,-0.5311, 1.6581, 0.0908]
[-5.3129,-2.4918, 3.0987,-1.9034,-2.465 , 2.9378, 0.4667, 0.5227, 0.4001,-2.7993, 3.0336,-1.9849, 0.0886, 2.9274,-0.7054, 0.175 ,-0.366 ,-1.1361,-0.5471,-0.3586,-2.7655, 2.1394,-0.3616]
[ 2.059 ,-4.113 ,-1.9734,-0.7455,-0.2424, 1.4504, 2.5835, 1.3101, 1.5502,-1.311 ,-2.8669,-2.9607, 1.1182,-0.0573,-2.5288, 1.769 ,-0.6217,-0.0735,-2.9833,-0.839 , 1.101 ,-0.511 , 0.3776]
[ 0.7069, 4.6951, 2.5341, 1.3159,-1.9062,-1.2446,-1.5216,-1.9493, 0.7042, 2.2632,-2.2611,-1.7095,-0.5083,-1.1951,-2.3255, 1.3703,-0.989 ,-2.8608, 0.9958,-3.0465,-1.4824,-1.1063,-2.3588]
[ 2.2277,-3.9294,-5.3062, 2.2376,-3.0806, 2.1004,-2.9278,-0.0197,-0.4949,-2.6231, 0.6088, 2.2996, 1.2038,-0.9341, 2.9346, 1.5942,-3.0468, 1.48  , 0.0235, 0.7653, 2.7195, 0.6761, 1.5846]
[ 4.1957e-01,-1.7737e-01, 2.6772e+00,-4.7142e-01, 4.7360e-01, 1.6382e-01, 2.3879e+00, 2.6025e+00, 2.2830e-01, 4.5327e-01, 1.0850e+00, 2.0204e+00, 1.4570e-01, 1.5323e+00,-1.8935e-03, 2.9979e+00,-9.3312e-02,-1.3314e+00,-3.0817e+00, 1.9867e-01, 2.1664e+00,-2.9386e+00, 1.2183e+00]
[ 3.2422, 4.9079, 1.2536, 2.8595, 1.6551,-2.184 , 2.2256,-0.6924, 0.2744,-0.5644, 0.1434, 1.2057, 2.0984,-1.8784, 2.6982,-1.3114,-0.4427, 1.4185,-0.5558, 0.399 , 2.2964, 2.8465, 1.0001]
[ 5.1649, 0.1538, 5.0077, 2.1638, 1.0677, 3.102 , 0.3995, 1.5018, 0.7689,-1.8081, 0.3532, 1.476 , 0.8675,-0.1709,-2.2473, 2.3995,-3.1189, 1.0504,-2.6321,-1.089 ,-2.9583,-1.122 ,-0.176 ]
[ 1.4305, 4.2104, 5.3897,-2.5021, 2.5284, 0.6333,-2.3444,-2.0407, 0.8043,-0.4187,-0.0522, 1.6236, 0.9195, 0.5388,-2.4539, 1.3302, 0.3136,-1.5275, 0.5545, 2.6662, 1.2917, 1.4803, 0.6749]
[-3.0941, 4.4469,-3.5034, 1.7061,-1.0013, 0.6967, 2.6445,-0.2243, 2.4571, 0.6977,-0.9965, 2.5903,-2.3223, 2.5121, 0.3108, 0.8868,-2.0961,-1.5939, 1.4498, 0.5244, 1.9301, 1.2207, 2.3956]
[-4.1069,-2.1256, 2.26  , 2.0362,-1.1684,-0.1988,-0.1309,-0.7238,-2.643 ,-0.9334, 0.0865, 2.1443, 2.3467, 1.7525,-2.9591, 2.5919, 0.27  ,-0.2967, 2.82  ,-2.3845,-2.2967, 1.526 ,-2.6026]
[-4.369 ,-0.4565, 2.4445,-2.7507,-2.8121, 0.8828,-2.5444,-2.4973,-3.0456,-3.1222, 2.6406, 0.1166,-0.8955,-1.0057, 2.2819, 2.5895, 1.284 , 1.9099,-1.239 , 1.1259,-2.6282,-1.1918,-2.1799]
[-2.1102,-3.5271, 0.3042, 0.399 ,-0.4903, 1.0213, 0.3608,-2.3111,-1.4033,-3.1024, 1.0091, 1.5438, 1.2542,-0.946 ,-1.406 , 0.9652, 2.8593,-2.8135,-1.8803,-1.7989, 2.4363, 1.6085, 0.858 ]
[ 0.784 , 0.2727, 1.6539, 2.9863, 0.469 ,-2.7476,-2.1841, 0.2308,-2.2871,-1.81  ,-0.3472,-2.8743,-0.4747,-2.3671, 0.8708, 0.4546,-1.1332, 2.795 , 1.1411,-2.289 , 1.8555,-1.6754,-1.5785]
[-5.1966,-2.7091, 0.5356,-1.275 ,-0.0859, 0.2065, 2.3295, 0.2928,-1.7574, 1.2054, 0.3248,-2.663 ,-3.0706, 0.8558, 0.7843, 1.3233,-1.5388,-1.3662, 3.0508,-2.3907, 1.9192,-0.0889,-0.4527]
[-0.7018,-5.3647,-0.2762, 2.1552, 1.5733, 0.077 , 0.3306, 0.5888,-2.7033, 1.4105,-0.6883, 1.8551, 1.9075,-2.4958, 1.8895,-3.1184, 2.1284,-2.7013,-1.0625,-3.0005,-2.3831,-1.5322, 2.5303]
[-1.0457,-0.1265,-1.7957,-2.7783,-0.2978, 3.0849, 0.862 , 3.0041, 1.3473, 0.9022, 3.0089,-1.4945,-2.4828,-0.4106, 0.4367,-1.3619, 2.4132,-2.6727, 0.9952,-0.9258,-0.3292, 2.5831, 1.19  ]
[ 4.2131, 3.9149,-0.0088,-0.4586, 1.7569, 1.3212,-2.2022, 1.848 , 2.6604, 1.0442,-2.0234,-1.7287,-2.7989,-1.9274,-3.0958,-2.685 , 0.0962,-2.9943, 1.1071, 0.0921,-0.7329,-1.107 ,-2.1909]
[ 2.7001, 1.1485,-4.3743, 1.8936, 0.5371,-1.0348, 1.6441, 2.229 , 2.317 , 2.6017,-2.2173,-2.8944, 2.5913,-1.0997, 3.0033,-2.2836, 0.8374, 0.9284, 1.1266,-1.6177, 0.0694, 1.7767,-0.7529]
[-0.9982,-2.2812,-1.8562,-1.2317,-1.1348, 1.1417,-1.4938, 2.9121,-1.0825, 0.6503, 0.0898,-3.0382, 0.764 , 0.7839,-2.8601,-2.0943,-1.9337,-1.4094, 1.4303, 0.8546, 2.6232,-2.7628,-2.4778]
[ 4.245 ,-2.5787,-0.686 ,-1.376 ,-0.8739,-2.4565,-1.6411, 2.8882, 2.1489,-0.685 ,-0.5462,-2.8185, 2.5584, 1.5199,-2.9784, 1.5026, 1.6244, 0.9582, 2.342 ,-1.184 ,-1.4459,-1.7454,-2.0571]
[ 0.5175, 1.7686,-4.6958, 2.4547,-2.8143, 0.3076, 1.645 ,-2.643 , 0.6559,-0.0114, 2.0546, 1.8819, 2.622 , 1.5031, 0.1311, 2.8674, 0.9524, 2.4982, 1.0114,-2.3243,-2.7754, 0.5014,-1.2557]
[ 3.5021,-2.5139,-2.7321,-3.0954,-1.1402, 0.8275,-2.5609,-1.25  ,-0.2218, 1.9224, 1.7361, 1.7978, 1.0142,-2.2616, 2.1203,-0.7407, 1.4245,-1.7139,-2.0144,-0.8939,-1.9955, 1.7971,-1.0871]
[-1.4741, 0.0197, 0.5228,-0.9907,-2.5907, 0.1109, 2.96  ,-0.2122, 2.7167,-1.7538,-0.2915, 1.5936, 0.2343,-2.2477,-2.9805,-1.0658, 0.9502,-1.4465, 1.7779, 2.0906, 1.5693,-1.5851, 0.2138]
[-0.7477,-1.6621,-2.2749,-1.6082,-1.9831,-1.6172,-1.9664, 1.7693,-1.894 , 0.958 , 0.2432,-0.8755,-0.9221,-1.2786,-2.0853,-0.2689,-2.639 , 0.0188, 3.0317, 0.97  ,-2.0691, 0.5368,-0.3072]
[-2.4133,-3.4784,-2.8009, 1.5938, 1.9606,-1.0826, 1.3008,-0.2246, 3.0579,-2.6657,-2.7652, 0.8227, 2.7528, 0.504 ,-1.2415,-2.9726,-0.2871, 2.7323, 0.7472, 1.9842, 1.4752, 2.1519,-3.0128]
[-3.881 ,-0.5969,-3.4889, 0.6836, 1.7575, 1.7701, 1.1602, 2.6287, 0.5093,-1.0147, 2.1802, 1.2399, 2.9485,-0.9587,-2.5215,-0.0565, 1.8038,-1.8671,-0.2801, 0.9728, 2.1145,-0.0695,-0.4758]
[ 4.8146,-0.4348,-1.0861, 1.9419,-0.4995, 2.0568, 1.9081, 1.7147, 2.8222,-0.5508, 3.0251, 2.2075,-1.6345, 1.3075,-2.4787,-0.4   , 2.1043,-2.5503, 2.0593, 0.3028,-0.078 ,-0.3015,-2.5216]
[ 1.6059,-4.006 , 1.2693,-2.4222, 1.6385, 0.5999,-1.6195,-2.614 ,-2.3555,-0.8292, 1.7894, 0.8755, 1.3573, 1.5149, 0.7283,-1.0112, 1.9215,-2.8343,-1.6729,-3.1337,-1.1782, 0.4247,-2.4887]
[ 2.2625,-0.7894,-1.3297,-2.7194, 2.5131, 2.5304, 0.3195, 1.464 ,-1.7   ,-2.6375,-2.7826,-1.5031, 1.4427,-1.0099,-0.8911, 1.0246,-2.1701, 3.0159, 3.0029, 0.942 , 1.9628,-0.8891,-3.1002]
[-0.1245,-1.6251, 3.1002, 3.1041,-0.5954, 0.3631, 0.2964,-2.7237,-0.7611, 0.1807, 1.9903,-1.8801, 0.0179,-1.9777, 0.8927,-1.594 , 1.2648, 0.3767, 1.7324,-0.7643, 1.709 , 2.5556, 2.6634]
[-2.7742,-1.899 ,-3.6278,-2.0975,-2.9856, 0.3247, 1.9127,-0.1705,-2.0452,-2.1669, 0.2309, 1.334 , 1.5494, 0.9965, 1.8721,-2.5354, 2.7912, 0.8391,-1.1683,-2.9022,-0.7076, 0.8458, 3.0222]
[-3.6042, 0.3391, 1.68  ,-2.8519,-1.3124, 1.244 ,-2.5949,-2.8271,-0.8208,-1.5647, 0.5019,-2.0508, 2.4484,-0.1411,-0.398 , 0.3515,-0.7164, 1.5656,-2.818 , 1.9866, 0.5594,-3.0937, 1.4022]
[ 2.6532,-0.1408, 5.4127, 2.4223, 3.0563,-0.7242, 0.2099, 1.0089, 3.1322, 1.0789, 3.0821, 0.5253, 0.9714,-1.3501,-2.0887,-1.1112,-0.8126,-1.5542, 1.1656,-2.454 ,-0.9918, 2.9723, 2.2957]
[-4.7005,-4.284 , 3.2036, 1.8911,-1.279 , 2.815 , 1.6105, 0.8867, 2.3188, 2.5671,-2.977 ,-2.415 , 0.5259,-2.5262,-0.5731,-2.3028, 2.5032,-2.883 , 0.828 , 0.7199,-1.8227, 2.1093,-1.0552]
[-3.6351,-0.6439,-0.1925, 1.0126, 2.4519,-0.3116, 1.0161, 3.0975, 0.231 , 1.0139, 1.2538,-2.223 ,-1.3842,-1.135 , 0.3195, 1.986 , 1.5624, 0.7711,-0.8598, 1.3149, 0.7545, 2.0897, 0.9586]
[ 0.5813,-1.7129,-2.8927,-0.7606,-0.877 ,-0.1541,-1.8282,-2.3369,-2.4448,-2.6133, 0.2988,-0.7439, 0.5127, 2.1344, 0.1893,-2.2024,-2.8412,-1.5162, 0.4057, 1.68  ,-0.5016, 0.3242, 1.2357]
[-1.1284,-2.9134,-1.043 , 2.6994,-2.5921,-0.0796,-2.2068, 1.1381, 0.2212,-2.7805, 2.183 ,-2.8834,-1.4409,-1.1598,-0.9799, 0.1321,-2.0777,-0.9691,-1.1862, 3.0122, 1.7089, 1.8423,-0.7112]
[-4.2335, 1.6661, 5.3366, 0.0412, 1.6274,-0.5918,-0.204 ,-0.7416,-1.3441, 3.0205,-1.7434, 0.576 ,-2.2584,-0.7406,-1.6189, 0.665 ,-1.7636,-1.8536, 0.868 , 1.4476, 0.1016,-0.2634, 1.2951]
[-1.3612,-4.7982,-4.7063,-3.1321,-1.4735,-0.2727,-2.4721, 2.8083, 2.2787, 1.4231, 1.4003,-1.7495, 0.0419, 1.4143,-2.7026, 0.4512, 0.6708,-1.0772, 0.0741,-1.3669, 0.1969, 2.1517,-2.8208]
[ 5.4623,-5.2999, 3.8957, 2.1652,-2.3141, 0.5137,-1.7924, 2.6356,-1.1607, 1.8106,-1.7252, 1.7462, 1.6234,-3.021 , 1.2482, 0.533 ,-0.2759,-2.0167,-2.6789,-2.0075, 2.3358,-2.6177, 2.0625]
[ 1.2113, 0.3858,-0.1723, 1.284 , 0.627 ,-2.8739,-1.9767, 2.4935, 1.3882,-1.245 ,-0.1808, 1.9703,-2.0595, 2.509 ,-1.9837, 2.1531, 2.1503,-1.4766, 1.9188,-0.0122, 2.4314,-0.4704,-2.6759]
[ 4.1226, 2.4365, 4.9881,-2.5727, 2.0741,-0.5725,-2.6453, 3.0106,-2.3065, 1.5215, 2.204 , 1.4536, 0.4006,-0.4995,-2.8835,-2.9672,-0.3811, 1.6632,-0.225 ,-2.6731,-1.6388, 0.2597, 2.0323]
[-2.542 ,-0.5846, 1.7706,-2.3594, 3.0642, 1.6734,-2.3832, 0.1164,-0.3132,-1.9625,-1.01  ,-1.9477, 1.4446, 2.3614, 0.0032,-1.1419, 2.56  ,-2.8767, 0.7678, 1.9391, 1.8087, 1.5972, 0.9457]
[-0.5361,-1.3574,-4.8942,-0.7489, 0.2158, 1.4001,-2.805 , 0.8693, 1.2053,-1.1187,-1.313 , 0.8943,-2.0727, 0.2378,-2.1352, 1.9048, 2.1769,-2.5208,-0.6764,-0.0567, 2.867 ,-0.7892, 1.438 ]
[-1.1338, 4.9086,-1.6894,-1.6136, 0.7629, 2.1948,-2.4415, 0.3356,-1.198 , 3.0357,-1.785 ,-1.9021, 0.0756,-0.1189, 0.1013, 0.467 ,-0.7886, 0.3291,-0.8029,-2.4101,-0.0097, 2.7889, 0.8856]
[-1.3625,-3.926 , 2.6592, 0.6343, 2.4953,-3.1397,-2.4582,-2.7708,-0.9039,-2.1909,-2.2036, 1.3247, 2.2176,-0.8595, 0.7499, 1.4414,-1.5229,-2.2146, 1.1959,-2.1161,-2.5469,-2.1632,-3.0644]
[-5.1525,-0.8112,-4.9259,-1.3821, 0.9656, 0.9713, 2.2057,-0.4364, 1.1942, 0.0302, 2.6978, 0.2739,-1.2442,-1.8581,-2.5675,-0.8686,-1.5271,-1.7674, 2.5098, 2.1192, 2.4237, 0.5033,-0.0408]
[ 0.2501, 4.9293, 0.0183,-2.9202,-1.7592,-1.0192, 0.5318, 0.0623,-2.0118,-1.1631,-2.3359, 1.0757, 1.8584, 0.7945,-0.8531, 0.9574, 1.4281,-2.0483, 1.083 , 2.3228,-0.7845,-1.5924,-2.4964]
[-0.921 , 0.7282,-2.5074,-0.6304, 1.4191,-1.7902, 2.2671,-0.0746, 1.9231,-1.418 ,-2.761 , 0.5194,-3.1041,-0.5411, 2.313 ,-2.6789, 2.101 ,-0.3364, 1.1754, 1.8477,-0.7224,-1.2869, 2.3281]
[ 5.4974, 5.3025, 3.0853, 0.24  , 0.9015, 2.8058, 0.1995, 0.5157, 0.2644,-3.0071, 2.6753,-2.6033, 2.8266, 0.8447, 1.7964,-1.605 , 0.4462, 1.1452,-2.1353, 0.8385,-2.5465,-0.1757,-0.3845]
[-1.8238, 4.839 ,-4.6667, 2.2443, 2.8554,-0.8444, 2.6506, 1.7935, 1.576 ,-2.0679,-1.2062, 2.5888,-2.4845,-2.2252,-0.4353, 1.1697, 0.6993, 0.3373, 1.3564, 2.3508, 2.698 , 1.5593,-2.6492]
[-4.4484, 3.1984, 4.7919, 0.8194, 1.824 ,-2.4515, 0.0719,-2.9951, 0.9375, 3.0311, 1.3984,-1.434 , 1.4178, 0.0229,-1.148 , 1.0965,-1.9251,-3.1192, 0.6729,-0.0059, 1.2205, 2.1428, 2.1493]
[-3.5029,-5.0232, 2.4246, 0.6073, 1.4108,-2.5206,-1.2001,-0.1193, 2.006 ,-1.891 , 0.7399, 0.7918,-2.1105, 0.5096,-2.9025,-0.3727,-2.7225,-2.126 , 2.3505, 2.0392, 0.3663,-0.8832, 2.1966]
[ 1.255 ,-1.4246, 1.8346,-2.2162, 2.8523, 1.6221, 2.7183,-0.1928,-2.8297, 1.5857, 0.4446, 2.6502,-1.208 , 1.4017, 2.5046, 1.0952,-0.8284, 0.0975,-0.5652, 0.9484, 0.9629,-0.9862, 2.7674]
[ 0.3482, 4.1077,-4.7797, 1.6674, 0.6482, 2.7705, 1.7414,-1.5986,-1.1988,-2.0301,-2.1904, 0.5338,-2.4549,-0.8792, 2.6747,-1.9387, 0.1807, 1.0518, 1.533 , 1.7023,-1.1333, 1.357 , 1.2824]
[-2.95  ,-4.4107,-1.6766,-0.9411, 0.8123, 0.1584, 3.0484, 1.3259,-0.5756, 2.2931, 0.9776, 1.2878, 0.8779, 1.5859,-0.9044, 0.6241, 0.0938,-0.1975,-2.601 ,-0.3781, 1.8483, 2.3166,-1.0389]
[-3.6408,-4.8911, 2.0897,-0.0866, 2.1543, 0.0151,-3.1191, 0.5994, 2.9797,-1.3899,-2.6603,-0.3243, 2.3117,-0.8741, 2.1437,-0.5581,-2.3972, 2.4449, 0.0328,-0.8912,-1.8514, 1.7645, 1.4589]
[ 0.5952, 1.2247,-2.6362, 2.724 ,-3.0755,-2.4005, 0.454 ,-2.5846,-0.9731, 0.1249,-0.2451, 2.7136,-0.3211, 1.1382,-2.1711,-2.2641,-2.1036,-1.8795, 2.8736,-0.0689, 0.6433, 0.2249, 0.2376]
[-2.9864,-4.3278,-4.2966,-2.8322,-2.8978, 3.101 , 1.3282, 1.1093,-1.298 ,-1.3048, 0.3797,-1.1378,-0.4752,-1.3946,-1.4942,-1.2347,-1.7945,-2.6672, 0.6483,-1.1869, 1.2155,-1.8384,-2.6192]
[ 0.0155, 2.7327,-1.4515, 0.4334, 1.8412, 2.9561, 0.1478,-2.0937,-1.0606,-3.0167, 3.0098,-2.491 ,-0.0735,-2.2298, 2.2637,-2.0619, 0.165 ,-0.8625,-2.2934, 0.2343, 0.4929,-1.5188, 1.1737]
[-3.961 , 1.6585, 3.5614, 2.4648, 0.2563, 1.1363, 2.5255, 1.1148, 1.5608,-1.9859, 0.4446,-0.2662,-2.006 ,-0.3096, 1.2428, 2.3066,-2.9054, 2.9239,-0.3237, 1.506 , 1.5033,-1.0314, 1.5179]
[ 2.4641,-0.6587,-3.214 ,-1.9786, 2.5667, 0.8376, 0.1497, 0.1807, 0.3313, 0.894 ,-2.5467, 2.276 , 0.0993,-0.1053, 0.8962,-0.7345,-2.3898, 2.8799,-2.4839, 0.4352,-0.5533, 1.1121,-0.4563]
[-0.7918,-3.592 ,-3.5391,-0.322 ,-0.6312,-0.1579,-1.3303,-2.0189,-2.4384,-2.8075, 1.6512,-1.5147, 1.09  ,-1.4569, 2.1886, 0.1807, 0.661 ,-1.599 , 2.8649,-1.8741, 0.428 ,-1.2796, 1.0753]
[ 4.6321,-4.1758,-0.6225,-1.0784, 1.1853, 1.2079,-2.7788,-2.7736,-1.3066,-2.1623,-2.607 , 0.3741,-1.5772,-1.2562, 1.1671,-0.7604, 2.6374,-3.1326,-1.9924,-2.5643, 0.3154,-0.8525, 2.6223]
[-4.8398,-1.1105,-3.3609, 1.2122,-1.6214, 1.2331,-1.053 , 2.6671,-2.5717,-1.43  ,-1.8292,-1.4297, 3.0465, 2.7669,-1.8266, 0.2035,-1.855 ,-2.1291, 1.4741,-1.9019,-2.8929, 0.6303,-0.2381]
[-3.2954,-2.7436, 3.3654,-2.4088,-1.3822,-0.4131,-2.8776,-1.9141, 1.8749, 1.795 ,-1.6894, 1.5418, 2.3751, 0.6928,-0.617 ,-2.4224, 1.3395, 1.2294, 0.5992, 0.8161, 2.6634,-2.6512, 0.8849]
[-2.6193, 4.0545, 1.5594,-1.0949, 1.7084, 2.9923, 0.6677,-2.4235, 2.1496,-2.8928,-2.6268, 0.0575, 2.075 ,-0.8872, 2.4142, 1.8409, 2.4481, 2.8808, 2.2582,-1.5849, 0.0099, 1.8792,-2.2114]
[ 4.7187,-4.8763, 4.7297,-0.9652,-2.2569, 1.6561, 2.9467, 1.7855, 3.0423,-1.2853, 1.1966,-0.9184, 2.3075,-0.6607, 2.6542,-1.3857,-0.5241, 2.4528,-2.4328, 1.3618, 2.7861,-1.0337,-1.1166]
[-0.6073,-4.204 , 1.9587, 0.1076,-0.2063, 0.3059,-1.8312, 2.2308, 0.9574,-0.8932, 0.2178,-1.9957, 1.6361,-0.5727,-1.0861,-2.248 , 1.4206,-0.0279,-1.5308,-1.3951, 2.6223,-1.8337, 0.5662]
[ 5.0815, 3.2238, 5.1208,-1.26  , 2.0095,-2.0045, 0.4458,-3.0281, 0.3838, 2.6028, 1.1858,-1.3405,-2.5435,-0.0687,-1.7382,-1.528 , 1.9271, 0.8585,-2.5948, 0.0286,-0.9529, 2.4869,-2.7559]
[ 4.2177,-3.7885,-4.4653, 1.7665,-0.9808, 1.6317, 1.1402,-0.5068,-0.9124, 0.3089, 2.911 , 0.8322, 2.1212, 1.7517,-1.8603,-0.233 ,-1.1865,-2.9173,-0.8217, 2.7619,-0.1921, 1.8479, 1.7855]
[-1.7846,-5.1745,-4.7052,-2.3117, 1.0229,-2.1106, 0.0136, 2.319 , 1.5959, 1.3592, 1.8337, 1.7867, 0.4765,-2.3427,-0.1032, 1.8332,-0.0637, 2.8722, 1.3121,-0.1123, 1.2776,-0.2251,-0.7781]
[ 1.5246, 2.3085,-3.83  , 1.2127,-2.3043, 1.6594,-2.0915, 1.6877,-0.0866, 0.8643,-1.3421, 1.1283, 1.1558, 3.0975,-0.9487,-1.7054, 1.299 ,-1.0892, 2.1569,-2.0446,-1.4344,-2.4104, 1.6232]
[-3.1931,-4.2878, 1.053 ,-0.7046,-0.9336,-1.4951, 0.5876,-0.5571, 2.0896, 1.5109,-2.648 , 2.9359, 2.4262,-0.6463,-0.3101, 1.0041,-1.2193,-0.9274,-0.0152, 2.1369, 0.6969, 3.0027, 1.43  ]
[ 4.9909, 2.8098,-5.4697,-2.0927,-0.3663,-1.1364,-0.2231, 0.6392, 2.3443,-1.3064,-2.3547,-2.2709,-0.8997,-1.5374, 2.0758,-2.4155, 1.6292, 2.6586,-0.2935,-2.7287,-0.1685, 1.1825, 2.9523]
[-3.3625, 3.7568, 3.503 , 1.1274, 2.4861,-3.085 ,-2.8565, 0.9523, 0.8387,-2.2986, 2.0437,-2.3617, 1.8409, 0.3382, 2.7467,-1.9647,-2.3462, 1.1512, 2.738 ,-0.3289, 2.2642,-2.1957,-2.7134]
[-3.563 ,-2.8788, 2.3384,-1.473 , 0.2521,-0.8828, 1.5176,-1.3323,-0.1216,-2.7933, 0.3856, 1.8974,-2.3699,-2.3826,-0.5502, 1.6571,-2.3203, 0.4164, 0.8229,-1.1175,-1.5563,-2.1683,-0.933 ]
[-1.1577,-3.4417, 2.5954, 2.291 , 0.3741, 1.3927,-1.8463,-0.1639, 0.5369,-2.9288, 2.7753,-0.3268,-2.3221, 2.2205, 2.6715,-0.7049, 0.5137, 2.5744,-1.8609, 1.268 ,-2.6381, 2.3672,-1.9058]
[ 2.1735,-3.5805,-1.2337,-2.0896,-0.3802, 2.2472, 2.508 ,-2.0789,-0.1727,-2.9931, 1.3887,-1.1915,-0.0056, 2.0208, 3.0294,-2.4639,-2.1677,-1.0314,-0.7548, 1.9994, 0.2727,-2.409 , 2.5838]
[-1.6786,-5.0425,-4.6093, 0.1988,-0.6197, 0.2067,-0.8015, 0.0302,-2.1162, 1.2226,-1.3164, 1.9672, 2.9207, 0.023 ,-0.0252,-2.2232,-2.4579,-2.5251,-0.4444,-2.4013,-0.1391, 2.4421, 2.1232]
[ 1.8479,-2.8788, 3.0932, 2.6065,-1.9057, 2.4942, 2.0086,-0.3138, 2.3136,-2.4723, 0.066 , 2.1382, 1.8003,-1.268 ,-0.0855, 1.0293, 2.4962, 0.9181,-2.5428, 2.4269,-1.575 ,-2.7901, 3.0942]
[ 4.1854, 5.1466, 4.5776, 0.4824, 0.2349,-0.7577, 1.0027,-1.6557, 0.2683,-2.1972,-1.7304, 1.1043,-0.107 , 2.8129,-1.9037,-0.969 ,-2.6964, 2.6208, 0.2991,-3.1212,-0.6988,-1.5622,-2.2129]
[-3.3585,-4.0426,-4.8237,-0.0764, 1.4474, 1.6444,-0.3373,-1.963 , 0.3165, 1.0003,-0.9265, 1.8734,-0.5436,-1.4646, 2.8054,-1.9604,-2.2873, 0.9554, 3.0846,-2.8158,-0.0267,-1.4156, 0.8667]
[-4.8197, 0.6634, 2.0078, 1.7686, 1.53  , 1.2541,-2.2435,-0.0571,-2.0974,-1.7716,-1.0681,-3.1246, 1.3901, 0.8059, 1.5578, 2.3534, 2.8347, 3.089 , 1.3504,-0.9706, 0.6497, 2.2265,-2.1324]
[-4.2458,-1.7807, 4.3383,-1.6848, 1.6931, 0.7482,-1.8572, 1.1135,-2.408 ,-1.7164, 1.2441, 2.9288, 0.1071,-2.4472, 0.1972,-2.8652,-1.1682,-0.1535,-2.6212,-0.4647,-1.0671,-1.6868, 0.7262]
[ 3.4108, 0.47  ,-1.2304, 1.129 , 2.9931, 2.9483, 2.7032, 0.3253,-1.4477, 1.2487, 1.3777, 2.1784, 1.5871, 2.7456,-1.1284, 1.1413, 1.1931,-0.6115,-0.7678,-2.5429,-0.6863,-2.5559, 0.6725]
[ 2.6208,-3.5374, 2.1687,-2.9947, 0.7844, 1.1988,-0.888 ,-2.2533, 1.1487, 1.7385,-1.7609, 0.0343,-1.6534,-0.9203, 3.0983, 1.5653,-0.4721,-2.927 , 1.6202, 1.5032,-2.0179, 0.3445, 0.7274]
[-4.7567,-0.0577, 4.8642, 1.4404,-1.2807, 0.232 ,-1.9904, 1.6875,-1.598 ,-0.8851, 0.4658, 0.5636,-2.0129,-0.2794, 0.6796, 2.8591, 0.6273, 0.3067, 2.6061, 0.6714, 0.1916, 2.2205, 0.3297]
[ 5.4437,-2.7183,-5.2401, 0.2674, 2.1334,-2.5213, 2.0643,-0.098 , 2.1803,-1.0677,-0.2301, 2.4338, 0.5841, 0.1916, 1.1733, 1.2284, 2.4854,-0.9572,-0.9204, 0.9905, 0.3263, 1.5559, 2.875 ]
