[-3.4437,-3.201 ,-0.2493, 1.8572, 1.0052, 2.7258,-0.5352,-2.5854, 0.9658, 0.1217,-1.0481,-1.199 ,-1.1604,-1.6062, 1.8373, 2.5241, 2.2885, 2.8459,-0.2954,-1.1693]
[ 4.6397, 2.3286,-4.6086, 3.0281, 1.2676,-0.9727, 1.8281,-1.4812,-2.2527, 1.3496, 0.882 , 0.3884, 2.9824, 1.5923,-1.5815, 1.3174, 1.5563,-1.1982, 1.0154, 1.3933]
[ 0.7489, 2.7206,-4.0232,-3.0729,-0.2083, 0.2795, 2.0421,-1.1787, 0.5128,-1.8317, 1.0988,-0.6366,-2.3337,-0.2082,-1.1441, 0.9496, 2.4118, 0.9605,-0.3964, 1.0164]
[-4.6584,-3.3188,-0.731 , 2.9598, 0.0702,-2.959 ,-1.6192,-0.4902,-0.7029,-2.2716,-2.8899,-0.7508,-1.9871, 2.7771, 1.1716, 0.8815, 1.0211, 1.7526, 1.3009,-0.3608]
[ 1.9044,-0.0798, 0.496 , 2.5428, 0.2389,-0.0415,-2.1267, 0.8851,-1.1086, 1.9016, 2.4171,-1.1762,-1.3531, 3.0859,-2.8554,-2.4619,-2.8798,-3.1005, 0.2347,-0.9844]
[ 1.7739, 3.1019,-2.5426, 0.0525,-1.0219, 1.2876, 0.9732, 3.0878, 1.6162, 2.9973, 0.3181, 2.4053,-1.2395,-1.8506, 0.4211,-1.6463, 0.3764,-0.6239,-0.5676, 2.5154]
[-2.3714,-4.7069,-1.7496, 0.5387,-0.3095, 2.5947, 3.0197, 2.9952,-3.1397,-1.5077,-0.4031,-1.5461,-0.4303,-1.375 , 1.5108, 0.0545, 2.3057, 1.7011, 2.6723, 0.7951]
[ 1.4233,-0.4113, 1.3821,-2.6605, 1.4979, 2.7368, 0.7472,-2.8878, 2.4159, 2.9864, 0.5239, 2.3899, 0.3683, 1.3586, 3.1327,-1.06  , 0.5603, 0.8948,-2.5457, 0.642 ]
[ 1.9273, 3.9526,-5.3368, 0.4169,-0.705 ,-1.346 , 1.0441, 0.5549, 1.8532, 0.3939,-0.1959, 1.7484, 0.9524,-0.1665, 1.9662,-0.657 , 1.0828,-3.1308,-2.794 ,-1.7342]
[-2.2137,-2.2403, 3.6607, 1.8734, 1.1783,-2.7111,-1.6408, 2.9987, 0.3229, 0.9275,-1.5608,-0.4383,-1.1258, 1.6147, 0.7591,-0.1555,-0.8778, 1.382 ,-1.8814,-2.9972]
[-2.5612, 1.8071, 0.8139,-1.3915, 1.2296,-0.7627,-1.0785,-0.038 ,-2.0496,-2.7083, 3.1348, 1.8217, 2.7082,-2.0977,-2.941 ,-0.2   ,-2.3174, 2.1044, 0.1408, 1.69  ]
[ 0.124 ,-2.1804,-5.2244, 0.0197,-3.038 ,-1.25  , 1.3148, 0.544 ,-2.8862,-0.1686,-0.6778, 2.8738, 1.9568,-1.963 ,-0.7523,-2.7876, 1.7468,-0.5414, 2.9431,-1.7428]
[-4.9173,-2.0484,-2.5938,-2.6966,-1.8307,-2.5169, 2.4876, 0.8236,-2.8447,-2.4243, 1.7519, 0.5032,-1.9685, 1.4406,-0.1602,-0.0485,-2.6873,-2.3327, 0.0738, 2.019 ]
[-3.6005, 1.376 ,-1.2956, 2.3933, 2.483 , 1.8894,-0.7208,-1.0822,-1.6384, 1.1232, 0.319 , 1.3313,-0.5496,-1.8298,-1.1467, 3.1108, 2.9735, 1.5886,-0.9945,-2.687 ]
[ 0.5275, 2.83  ,-0.1832, 0.6864,-2.3329,-1.8316,-2.2386,-1.3912, 1.1735, 1.8736, 1.1105,-2.8662,-0.4887,-2.4893,-2.6599, 1.0326,-1.0874, 2.6051,-1.2376,-2.6995]
[ 3.5082, 1.9901, 2.6694,-0.0443,-2.9084, 0.6619,-1.8634, 0.8743, 1.9581, 3.0596,-0.3431, 1.4805,-2.3967, 2.2478,-1.6441,-2.15  , 2.4065, 0.998 , 1.1202,-2.6859]
[ 0.3585, 0.2364,-3.5827,-0.6058, 0.6608, 0.7968, 2.6345,-0.9288,-0.0181, 0.9087,-0.0994, 1.7517,-1.2701, 0.9011,-2.6113, 0.5923,-0.4461,-0.3058,-0.7553, 1.0738]
[ 3.3488, 0.625 ,-3.0837,-2.3789, 0.5993,-0.387 ,-1.3753, 1.0161,-1.2108, 0.866 ,-1.7047,-2.7627,-2.3499,-3.0656,-3.0316, 1.5741,-1.3159,-2.0536,-0.8914,-1.6167]
[-0.2948,-0.6759, 3.6259,-1.952 , 2.3863,-0.8124,-1.3134,-2.4059, 2.5474,-1.8138, 1.0063, 2.1893, 0.3674, 1.3647,-1.5192, 1.5169, 1.5116, 1.2818,-1.291 ,-2.2908]
[-4.357 ,-4.9302, 2.3368, 1.127 , 0.2483, 1.1731,-0.6391,-2.0221,-0.2702, 2.2921,-0.4783, 2.3296,-2.676 , 0.0849, 2.0345,-1.4906,-1.8932, 2.1039,-1.6323, 3.1031]
[ 1.8543, 1.8536,-3.4134,-2.2613,-3.024 ,-0.1567,-2.296 , 2.0221,-1.7407, 1.3963,-1.9373,-2.8917, 2.6524, 1.9632,-1.612 ,-3.0882, 1.0616,-0.1995, 0.7959,-2.4702]
[ 4.4899,-1.6947,-0.6723,-1.2062, 2.4737, 1.1744, 0.3113,-1.8417, 0.0319, 0.2978,-1.7599, 2.6471,-0.0139, 2.5346,-1.2009, 0.3501,-0.5598,-1.4533,-1.2273,-2.4361]
[ 1.0487,-4.6509, 0.4908,-2.3713, 0.8101,-2.4205, 0.9653,-2.9922, 2.6632, 2.7729, 2.2129, 2.2623,-2.2525, 0.5518, 2.4876,-3.0674,-1.3624, 2.044 ,-0.2458,-0.614 ]
[ 3.1925,-4.0462, 3.3652, 1.9757,-0.2113,-2.6809, 2.6571, 0.151 , 1.8552,-0.8503, 0.8641, 0.3371, 0.8196, 0.9688, 1.0266,-0.8529,-0.6667,-1.2927,-0.0939, 2.2079]
[ 1.2166, 2.5074,-2.3876, 1.8094,-0.6483, 1.5815,-0.3847, 2.4062, 1.6685,-2.5112, 0.5897, 0.7918, 2.9786,-3.1001,-0.7025,-2.8842,-2.9793, 0.136 ,-0.6146,-2.6955]
[ 3.9131,-4.8489,-3.1   ,-0.221 ,-0.4871,-0.4818, 0.6597, 3.0828,-2.6636,-3.1211, 0.4209, 1.1393, 2.0561, 3.1034,-2.9322, 1.1533,-0.3979, 0.9674, 2.6689,-0.6419]
[ 1.6385, 2.2405, 2.2923, 2.3612,-1.3183,-0.2567,-3.0602,-2.7434, 0.3108, 1.6171, 3.1002,-0.9303, 2.1222, 2.8952, 1.8884,-1.2311, 0.3717, 0.7124,-2.8009,-0.5334]
[-0.4523,-3.1892, 2.8081,-2.5914,-1.0076, 0.5071,-1.4373,-0.229 ,-0.4952,-2.5683, 0.4062, 2.3915,-0.9058,-1.7585,-0.0878,-1.5168,-0.2369,-2.7204,-0.6887, 0.874 ]
[ 1.217 , 1.4358,-1.8199, 2.7734, 0.9711,-0.3666, 0.8212, 3.0224,-2.9248,-2.4586,-2.9311, 2.4275, 0.4239, 1.9987, 1.3547, 2.4252,-1.5469,-1.9557,-1.1836, 0.2412]
[-5.135 , 0.7078, 0.7635, 1.282 ,-1.0872,-1.3783, 2.6271, 2.8101, 0.6976, 3.11  ,-2.8025,-3.1197, 2.824 ,-0.7423,-2.9788,-2.6237, 3.1202,-2.6116,-0.633 , 0.4847]
[ 0.7821,-2.1327, 4.8303,-2.2216, 0.7513, 1.4035, 2.0975,-3.0632, 2.9946, 2.3092, 1.398 , 1.6752,-2.1063,-2.5022, 1.3836, 1.5617, 0.272 ,-2.8808,-2.6313,-2.9822]
[ 0.369 , 4.8209,-4.6675,-2.8422, 1.1919,-2.8038, 1.9053,-1.6784, 0.8469, 0.4994, 2.0919, 0.1953, 2.8659,-0.9913, 2.3944,-0.0801,-2.519 , 1.4647, 0.4862, 0.7019]
[ 4.8023, 1.7262,-0.4981, 1.2838,-0.7205,-2.5826,-2.983 ,-2.3083,-0.1125,-2.2563, 1.821 , 0.9498, 0.4963,-0.0934, 1.17  ,-1.4616, 1.6402,-2.4948,-0.0051, 1.0729]
[ 1.0113, 2.9461, 0.0295,-1.6918, 2.4991, 1.9935,-1.3857, 0.665 , 1.3657,-0.9128,-0.5604, 2.2965, 1.983 , 1.7312, 2.9244, 2.1955, 0.9791,-0.2493, 2.693 , 1.1775]
[-2.2193, 3.0907, 2.8191,-2.1019, 2.7734, 2.0127, 0.5315,-3.1113, 2.5119,-2.7883, 2.1143, 2.0273, 2.1135, 2.4909, 2.1382, 0.1557, 2.0633,-2.9095, 2.3701, 0.9506]
[-3.8642,-2.0775,-0.0045, 0.3066,-0.149 , 0.9772, 3.0047, 1.9368, 1.1725,-1.354 ,-2.6515, 2.1067, 1.4252, 0.6529, 0.3364,-0.9203,-0.1171,-2.9234, 1.9227, 0.6247]
[-5.0314, 4.6491, 1.392 , 2.5831,-1.369 ,-2.0177, 0.8597, 1.2277,-2.4514,-0.2444, 0.9865, 1.6223,-2.3205, 0.6729,-0.5725,-0.5485, 2.79  ,-0.5346,-1.663 , 0.1781]
[-1.5562, 3.1892, 5.3462,-0.3809, 1.107 ,-0.814 ,-0.5482,-0.4837, 1.6284, 1.1883, 2.0837,-0.2773, 0.3528,-2.625 ,-0.4846,-1.0972,-1.6849, 1.9475,-0.9483,-3.1235]
[-1.5028,-4.0288, 5.2388, 1.1497,-1.719 ,-2.1928,-0.3631, 0.8418,-1.6125,-0.0726, 2.5737,-2.4154, 0.3137, 0.5877, 1.8019, 0.6467,-0.4924, 0.1004, 0.203 , 0.2142]
[ 2.9794,-2.6001,-3.4511,-2.69  , 1.0399, 1.5626,-2.4226,-0.0761, 0.3969, 0.7402,-2.8869,-0.1338,-1.4156,-0.7389,-1.8044, 2.5428, 0.7498, 0.4696, 2.1918, 1.5157]
[-1.781 ,-3.2092,-4.9964, 0.1743, 2.8706, 1.5915, 0.1023,-0.9098, 1.2872,-1.2694, 1.4726,-1.4889,-2.0528,-0.4312, 0.0246, 0.852 ,-1.5809,-0.2839,-0.9254, 0.1639]
[ 1.8004, 4.0985, 2.1463,-2.4807,-1.0029,-1.2475, 0.9588, 1.2457, 1.5033,-0.0495,-0.8967,-1.6742, 1.6679, 0.5383,-0.5795, 2.7986, 1.5373,-2.4575, 1.5437, 1.584 ]
[-4.2158, 3.7194,-2.1204,-0.2382, 2.9316, 2.2572, 1.7022, 0.7926,-0.6695, 0.5292, 2.6681,-1.6418, 0.7929,-2.2854,-0.9097,-2.4121, 1.6668, 0.3589, 1.8567, 2.3779]
[ 1.4076,-1.8495,-1.0552,-1.3206,-0.8678, 2.7181, 0.8323,-1.3448,-2.0856, 1.6502, 0.2612,-2.3527,-1.6876,-0.3451,-0.4754,-2.0924, 0.7846,-2.2835,-1.5664, 2.2773]
[ 1.2956, 4.6054, 0.5643,-1.234 ,-1.2178,-1.9316, 2.6491, 1.1387, 2.1065, 1.4616, 2.7422, 1.3861,-2.2174,-1.8209, 1.7322,-1.8787, 0.7538,-1.2993,-0.6421,-2.8829]
[-2.7682, 2.0498,-2.6366,-2.841 , 2.2187, 2.1908, 0.4613,-2.7782,-2.4261,-0.248 , 1.6331, 0.069 ,-1.97  , 1.0186,-2.9732, 0.2382,-2.0112,-1.4745,-3.0396, 1.8085]
[-3.9505,-4.8814, 5.0415,-3.0007, 0.8005,-1.2552, 2.7325,-2.9579,-0.4128, 1.185 , 1.4277, 2.8339,-1.2369,-0.367 , 1.7783, 1.8534, 2.9789, 0.7167, 1.9009,-2.1967]
[-2.3681,-4.8711,-1.9771,-2.8148, 1.6803,-0.9107, 2.0826, 0.5398,-0.737 , 1.3969, 0.0403,-2.0062,-2.9429,-1.3211,-2.3099,-2.6813, 2.8035, 2.8258,-0.1096, 1.1183]
[-1.18  , 0.0077,-2.3014,-1.9669, 1.0883,-1.7351,-1.5551, 2.7763, 1.1605, 3.005 ,-2.9878,-3.0055, 0.5362,-3.0825,-1.61  ,-1.2249, 2.9187, 3.0513,-1.8534, 1.2348]
[-4.3559,-0.3884,-3.831 ,-0.357 , 2.4897, 0.3496, 2.8074,-1.1788, 0.3351, 0.9198, 0.1169, 2.9325, 1.0657,-1.0143, 2.3375, 0.7551,-2.1622,-1.8302, 3.005 , 1.2618]
[ 3.8125,-3.3906,-2.4405, 1.2623,-1.3307, 1.6669, 1.0064, 2.4043,-0.5861,-1.5152,-2.0002,-1.7952,-2.3579, 1.6884, 1.3361,-1.0858, 2.3538,-0.9659,-3.0168,-2.1779]
[ 2.5285, 4.4842,-4.4835, 2.8505, 1.3815,-0.8748,-0.0897,-0.9213,-0.9061,-2.401 , 1.8331, 1.2249, 1.2007,-1.7021, 2.7569, 0.2751, 1.6286, 2.9952, 0.2037, 2.8771]
[-0.4925,-2.0977,-3.5392,-2.6364, 2.956 ,-1.5174,-3.0861,-1.9467,-0.2048, 1.3552, 2.9098,-1.033 , 0.84  ,-1.7625,-2.9612,-0.7839,-0.4744, 1.6908, 1.9964,-1.6081]
[-4.0543, 1.4167, 4.5205,-0.0613,-1.7653,-2.5146, 0.0339,-0.3405,-2.6563,-1.7187, 2.8627,-0.2933,-0.3683, 2.5181, 0.3036,-2.7982,-0.7575, 0.2856, 2.0712,-0.2194]
[-4.1901,-2.3603, 5.1112, 1.1707, 1.3782, 2.4605,-0.7168,-1.5974, 1.5766, 1.6395,-1.2041, 2.5246,-0.9278,-2.9892, 2.1019,-2.8363, 0.7597, 1.7622, 2.3818,-1.5465]
[-2.1849, 0.0334,-2.7268,-2.321 ,-2.7415,-2.9244,-2.8517,-2.0187, 2.6968, 0.8592, 0.7342,-1.7681, 0.7728,-2.2253,-2.6309,-0.634 ,-0.1978,-1.9483, 0.232 ,-1.8091]
[ 5.428 , 4.933 ,-4.7763,-0.1485, 0.7065,-0.1539, 0.6064,-0.0396, 1.5223,-3.0912,-0.209 , 2.4225, 0.5664,-1.4841,-0.6   ,-1.3122, 0.7401, 2.7334,-1.4396, 1.7712]
[-1.8672,-4.1974, 2.7362, 0.568 , 1.7798, 2.5065,-3.1168,-2.7587,-2.5222,-0.7621,-2.7538,-0.8089, 1.0519, 0.042 , 0.4408,-1.9333,-2.9826, 1.0194, 2.8653, 1.8672]
[ 1.0828, 0.023 , 3.6048, 0.1244, 0.7468, 0.8532,-0.4192,-2.3959,-1.3006, 1.9115, 2.5493, 2.4618,-0.7039,-1.3492, 0.5969, 1.3995, 1.5801, 0.8545,-0.3872, 2.7193]
[ 1.7255,-2.3731, 0.0848,-2.2347, 1.7083, 2.2348,-0.7585,-2.6022, 2.3859,-1.3433,-0.4347,-1.5585,-0.6606, 2.9129,-0.2415,-2.3105,-0.0384,-2.3362,-2.7029,-0.2333]
[ 5.4202,-5.1735,-3.3295, 1.8188,-0.2136, 1.1889,-1.2637,-1.2973, 0.6754, 0.5282,-0.839 , 0.2521,-1.3428, 1.3299, 2.5325, 1.2982, 1.6241, 1.617 , 0.6396,-1.7097]
[ 0.3532,-0.3165, 2.6022, 1.0667, 2.6617, 3.03  , 1.6652,-2.9185,-1.1463, 2.3898,-1.1643,-1.4719, 0.569 ,-2.4464,-1.4977,-0.1796,-2.909 , 1.9255,-0.0106, 2.32  ]
[ 4.4995, 0.0242,-5.4495,-0.4839, 1.0882,-2.9834,-2.3251,-1.5445, 0.4213,-1.7157,-2.5331,-0.4801, 2.5356,-0.3547,-1.4744, 0.2496,-0.4259, 1.828 , 2.9417,-0.3145]
[-5.1194e+00,-3.7994e+00, 2.1543e+00,-3.3939e-03,-5.6456e-01,-3.4231e-01,-2.8210e+00, 9.3794e-01, 1.6309e+00, 2.2246e+00,-2.6216e+00, 1.0892e-02, 2.4069e+00,-1.9292e+00, 1.7572e+00,-2.8636e+00, 8.3292e-01,-8.3110e-01,-2.6493e+00,-3.0161e+00]
[ 3.2093, 2.2095, 2.6712,-1.1661,-1.7243,-1.9053, 1.5915, 1.3732,-0.0056, 1.051 ,-2.0267,-0.0914,-1.8634,-0.0295,-2.9574, 2.5038, 1.5541,-0.7214,-2.5162, 2.5012]
[ 5.3161, 3.7198, 2.6872,-1.9254, 1.248 , 2.2976, 1.5133,-2.2254,-1.1878,-2.7288,-3.0976, 0.7453,-0.2551, 2.6046,-0.9435,-3.0252,-1.3755, 0.0897, 1.498 ,-3.0607]
[ 4.0562, 2.136 , 3.8037,-0.1285, 0.8162,-1.2634,-2.3711,-2.7206,-2.2773,-1.0046, 1.5366,-0.7876, 0.6959,-2.2962, 0.2816, 2.3028, 0.2719, 1.9176, 2.8374,-0.8636]
[ 5.3618, 5.3094,-1.7098,-2.9457, 0.7445,-0.4291, 1.431 ,-2.0802, 0.1069, 0.4586,-1.0445,-0.8889, 1.3405,-0.0582, 1.2146, 3.064 , 2.5416,-2.2174, 0.6902, 1.3658]
[-1.9465,-2.1418, 1.9613, 0.7909, 1.8243, 0.1937, 1.7554, 2.1705,-0.921 ,-2.369 ,-0.165 , 2.7788, 2.2176,-1.8127, 1.2509,-1.7938, 1.79  , 0.8942, 2.2032, 1.4118]
[ 4.6583, 1.1245,-5.0698, 2.2709,-1.6082,-3.0919, 1.0504, 0.3191,-2.2561,-1.5887, 0.0873, 2.9996, 0.1552,-2.8931, 0.4536,-1.334 ,-0.836 , 2.6577, 2.8629,-0.1045]
[-2.0144,-3.244 ,-2.6382, 1.0151,-2.3288, 1.2467,-2.7536, 1.6968, 0.4217, 2.3591, 0.2791,-2.9987,-1.1929,-2.0489,-0.8231, 2.9379,-3.0789, 3.0115, 0.9911,-0.941 ]
[ 4.3908,-4.3747, 2.5333, 0.3348, 1.1535,-1.199 ,-0.4443, 1.2581,-1.0987,-2.6622,-1.0124,-2.2841,-1.8789, 2.486 , 2.3714, 2.2416, 2.2839,-2.3429,-2.2543,-1.3346]
[ 1.3591, 1.8787,-2.5393,-0.1587, 0.9932,-1.1621, 1.0851, 0.9874,-0.3075, 1.3822,-0.9133, 0.546 , 1.0812,-1.6184,-0.2432,-1.9943, 2.9858,-0.0796, 2.1532,-1.7888]
[ 2.8372,-3.1719,-0.1479, 1.0424,-1.0247,-0.7045, 0.2297,-1.7016,-2.964 , 2.9028,-0.8502, 1.0341,-0.8396, 1.1274, 0.5315,-0.8709, 1.3755,-0.8529,-1.5141, 1.5802]
[-3.6693, 1.0662, 2.7159, 1.1905, 2.9311,-1.216 ,-1.0787, 1.1523, 2.7335,-1.2084,-2.3332, 2.7252,-2.1835, 2.7262,-0.798 ,-1.3409,-2.2445,-0.5613,-2.5882,-2.5992]
[ 0.0688, 1.3482,-1.6018, 1.5846, 0.5553, 3.0064, 2.6911, 3.0618, 1.4489,-1.5207, 1.7559,-3.1408,-0.3272, 1.5019,-1.8126, 2.0506, 0.03  ,-3.0809,-0.8472, 2.8518]
[-4.3498,-2.3839, 0.313 ,-1.6041, 2.5979, 0.7537,-1.2006,-2.604 ,-2.8436, 1.9962,-2.0098,-2.8152, 0.5706, 2.9358, 0.9538, 1.9997, 0.1573, 2.2946,-1.0428,-0.294 ]
[ 3.5409,-2.3039,-4.4415, 1.0174, 2.3838,-1.515 , 1.2488, 0.5308,-2.1592,-1.7461,-0.4347, 0.7378,-0.0931,-2.1453, 0.3786,-0.7317, 2.1839, 1.0726,-0.5966,-0.9694]
[-2.037 ,-3.5622, 3.5217, 0.8572,-2.4265, 2.4227, 0.207 , 0.7914, 0.1571,-1.6172, 2.2369,-2.2222,-0.7512, 0.7968,-2.0021,-1.9841,-0.7755, 2.6565, 0.2517,-1.9282]
[-4.3521,-2.8425, 2.3417,-0.5515,-1.899 , 0.4088, 2.5566,-1.8337, 0.8991,-1.0313,-1.8003,-0.536 , 0.8581,-1.6048, 3.0926,-2.5705,-1.1218,-0.6312,-2.9621, 0.3634]
[-5.4522,-4.8365, 2.83  , 1.0963, 2.3864,-0.6526, 1.5153, 2.7531, 2.7782,-0.3999,-3.0993, 1.9233,-1.5351, 0.8281,-0.7505, 0.7381, 1.3642, 1.2367,-2.199 , 2.111 ]
[ 1.0291, 4.8685, 0.0597,-2.9615,-0.5556,-1.1404, 1.544 , 1.1668, 0.708 , 1.0982,-1.8592, 0.9676,-2.1327,-0.6006, 2.8436, 0.281 ,-2.0111, 2.2253,-1.2884,-1.5476]
[-2.6882,-1.4613,-4.5645, 0.5362,-2.9298, 2.3383,-1.9017, 0.4957, 0.3698, 2.3674,-1.8572, 0.3517,-0.8791, 1.8355,-3.1368,-1.308 ,-0.8673, 2.3321,-2.955 ,-1.1759]
[-0.7547,-3.0709,-0.4048, 1.4317, 1.2223, 1.9722,-2.1738, 2.3334,-2.4769,-1.2586, 0.1322,-0.5856,-0.2713,-0.1471,-1.1433, 1.7122, 0.7432,-2.9551, 1.4078,-0.0342]
[-5.3462,-2.6427,-2.1941,-0.5837, 1.8884, 0.7577, 2.8014,-2.8824, 1.5613, 1.0322,-2.7816,-1.8124,-0.0916,-1.5569, 1.4384,-2.5918,-2.9174,-1.4256,-3.0079, 0.1992]
[-1.3287, 3.0745,-3.8376, 1.4576,-0.134 , 2.9081,-1.5599, 3.1245,-0.388 ,-2.593 , 1.3406,-2.0196, 2.3376,-0.1542, 1.2845,-2.2603,-0.6631, 2.4675, 1.4118,-0.3523]
[-2.4587, 2.686 ,-1.2077,-2.3697,-2.9583, 0.686 ,-0.7979, 3.1233, 0.4565, 0.9267,-2.4196, 1.4828, 0.3322, 0.2832, 0.2454, 0.9254, 0.9499, 0.7355,-0.0793,-1.7087]
[ 0.2076, 5.199 ,-4.8027,-0.3055,-2.1985, 1.5996, 1.2395,-2.1287,-0.9644, 0.2508,-0.4238, 1.1171, 0.3729,-2.1376,-2.4206, 2.2159,-2.7508, 2.0524, 1.6006,-2.4871]
[-4.1706,-3.3679,-2.4393, 1.048 , 0.5438, 2.4009, 2.3036,-2.23  ,-2.6403, 0.8177, 1.9441,-0.6213,-0.0875,-2.9432, 2.5762, 2.285 , 0.7483,-1.869 , 2.4578,-2.8909]
[ 0.836 ,-5.2082, 1.3065, 1.2771,-2.4825, 1.8106, 2.9043,-0.9752, 1.3121,-0.376 ,-2.7057,-0.3318,-1.3639,-1.8548, 1.9016, 1.3904, 1.1218, 1.517 , 1.4621,-2.2842]
[-5.1255, 4.5106,-4.8527, 2.8919,-1.2861, 0.9785, 1.0135, 1.3021, 0.1984,-3.1374,-0.8454, 0.2364, 1.0613,-0.3771,-0.5468,-2.1009,-1.7103, 0.9479,-2.7444,-2.3455]
[-3.7646, 1.8162,-0.7087,-2.3588, 0.3516,-2.2357, 2.1   ,-1.9478, 1.9391,-0.057 , 0.4499, 2.203 , 3.049 ,-0.2294, 0.2359,-1.3276,-2.1795, 1.7004, 0.4076, 1.7988]
[ 1.5604,-4.8121, 2.85  , 0.5675,-3.0136, 0.2124, 1.6964,-2.656 ,-2.8712, 0.2816, 0.249 ,-0.1512,-1.7267,-0.9042, 0.5429, 0.4585, 1.1033, 1.8298, 1.9364, 0.0308]
[ 1.1758,-3.1612,-2.5975, 2.594 ,-2.725 ,-2.1013,-2.1935,-0.0654,-1.6177, 0.8703,-3.0843,-1.1799,-2.884 ,-0.6034, 3.0002, 2.1889, 3.0054,-2.2737, 0.3859, 0.1296]
[ 0.8906,-4.4475, 2.3983, 1.8195,-3.0664, 0.3177,-3.134 , 1.8363,-1.7344, 2.4875, 1.1389,-2.2457, 2.9646, 0.8749,-2.8967,-0.7742, 2.1099,-2.1367,-3.1277, 2.3486]
[ 0.4803, 3.3023, 4.0314, 1.0382, 0.4981, 1.3058,-0.1671,-0.4451,-0.4739, 2.9172,-3.0014,-2.0462, 1.1761,-2.2804,-2.1242, 3.0469, 0.5559,-2.7092, 3.1177,-2.8076]
[-5.0227, 4.7945,-5.2283,-0.5831, 1.7496, 1.7533,-1.2048,-2.7167, 2.7115,-0.1374,-1.3593, 0.3444, 0.1288, 1.1359,-1.9909,-0.4116,-1.1844, 2.9671,-1.119 , 1.7731]
[ 1.4198, 2.3067, 0.92  ,-2.6477,-3.0075,-0.8732,-2.4417,-1.6219,-1.281 , 2.6501,-0.6709,-0.8725, 2.0565, 2.6456,-2.6639,-1.8322,-0.4226,-0.1004, 0.2986,-1.01  ]
[ 3.3796, 4.7531,-0.8406, 2.4712,-3.1119,-2.6233, 1.0128,-1.2659, 2.2711, 1.0303, 0.1165, 1.051 , 2.1399,-1.0369, 0.8642,-2.2748, 1.504 ,-1.9088,-2.7362,-2.9449]
[ 4.0324,-2.1033, 1.7613,-2.6789, 0.843 , 1.2868, 1.2838, 2.7833,-1.1806,-0.7372, 0.0258, 1.9135, 2.6794, 2.6203, 0.4321,-1.4712, 2.8632,-2.5937, 1.5889,-0.666 ]
