[-1.7195,-0.2529,-1.3268,-1.4041, 2.3279,-0.1096,-3.1149,-0.7299,-2.0015,-0.2949, 0.703 ,-2.4019, 1.1556,-0.1746, 0.7847, 1.8419]
[-4.2275, 3.928 , 1.9781,-2.9622, 1.2063, 2.0756,-0.9885,-2.7135, 2.2929, 1.5685,-2.6246, 2.777 ,-2.365 , 1.0868, 0.7849,-2.9507]
[ 0.5852,-4.1443,-4.0576, 2.7123,-0.4865,-2.2051,-1.5913,-3.05  , 1.7274,-2.7252, 0.1731, 1.8243, 0.5384, 0.2316,-0.5821,-2.4614]
[ 2.8243, 1.8529, 0.2628,-1.2176, 1.5937, 2.2509,-0.7095, 0.8175,-0.3047, 2.1002, 2.2598, 0.7939, 0.4573,-0.3131,-0.8365,-2.2134]
[ 1.2382, 1.594 ,-2.2058,-0.6676, 0.7583, 1.8383, 2.5325,-2.0167,-1.3803, 2.2515,-1.3681,-1.9189,-2.9979,-3.0023, 0.4761, 2.1782]
[ 2.4017, 0.4681, 3.9485, 1.9903, 2.2237, 2.3238, 2.5208, 0.6819,-2.4184,-2.1603, 1.5271, 2.9291,-0.1089,-2.4987,-1.9632, 0.122 ]
[ 4.1508,-3.7785,-1.7339, 2.3405,-1.0018, 1.2825, 1.7791, 2.8598,-0.9376,-1.9798,-1.8545,-1.5508,-0.462 , 1.0114, 1.2579,-0.2378]
[ 5.3856, 3.5806, 2.6034,-0.9834,-0.6537, 0.9742, 2.7435, 0.4192, 2.876 ,-1.1056, 2.9003, 1.327 , 1.5362,-0.2598,-1.6511,-0.4197]
[ 5.2584, 3.2815,-2.3262,-0.8725, 0.5463,-2.126 ,-1.5476, 3.0479,-1.0626, 2.3734,-1.5503,-0.6295, 0.3293,-1.0904, 1.3753, 3.0114]
[ 4.0272,-5.0345, 1.2044,-0.8707, 2.0251,-2.9944,-0.6882,-0.1099, 1.759 , 1.406 ,-2.4579, 1.6094, 2.6453,-2.4155, 2.7072,-0.0927]
[-1.5206,-0.0396,-0.1443, 1.0242,-1.0356, 0.267 , 1.1414,-1.9627,-0.7553, 0.0555,-1.5589, 0.9632,-1.0439, 3.0097, 0.3052, 1.294 ]
[ 2.5175, 3.5238, 2.5621, 2.6951, 2.3866, 0.9814,-1.9942, 0.0992,-2.8728,-1.1548, 1.7416,-2.4816,-2.5438, 1.7629, 1.5369, 2.6881]
[-2.1011,-0.4336, 0.5159,-2.9598,-2.4235, 0.1655, 1.3391, 1.3048,-1.8704,-1.4336,-2.3278,-2.3135, 1.3407,-0.4665, 0.2029, 0.5833]
[ 5.4098, 1.3471, 3.3736, 2.4819, 2.1956,-2.2204, 1.7934,-2.6328,-2.4154, 1.971 ,-2.9513, 2.6836, 1.8679, 0.5447,-0.9852, 1.9388]
[ 3.2442,-4.9009, 2.7025, 2.8948,-2.2195, 1.373 , 0.8966, 0.9638,-2.6294,-0.3127, 1.9203, 1.5942, 2.2039,-3.0763,-0.6131,-0.9896]
[-1.7216, 3.2954,-5.4123, 0.3438,-0.1858, 0.4546, 2.2878,-2.9005,-1.9125,-2.2153, 1.3013,-1.8618, 1.4228, 0.4032, 0.3527, 1.8153]
[-4.9369,-1.0561,-4.8339,-3.0758,-2.3106, 2.4812, 0.5552,-0.0564,-0.2251, 1.4111, 1.0814, 1.6178,-0.9608,-0.9277,-1.3611,-3.0321]
[ 2.7762, 1.7446, 4.1856, 1.7103,-1.7681,-0.8051,-1.8251, 1.4073,-0.7565,-2.5525, 0.0795, 2.1597,-0.9424, 1.3924, 1.7332,-1.0607]
[-3.1919, 4.6207,-2.4258, 2.8055, 1.0187,-1.8271, 2.9139,-1.5398,-1.8562, 2.0492,-0.0475, 0.3893, 1.3168, 0.4429,-1.7244,-1.1033]
[-0.5513,-0.2096,-2.1148,-0.9179,-1.876 ,-0.0114,-1.9601, 1.3821,-0.7182, 0.8375, 2.2296, 0.5347,-0.9031, 1.2741,-2.2347,-0.4074]
[-1.9984,-1.172 ,-2.8095, 1.5806, 2.9664,-2.8476, 2.6553,-3.0926,-0.8449, 1.2536, 0.9729,-2.7852,-2.1047, 2.0573,-2.2927,-0.8145]
[-2.4183,-4.4609, 0.6641,-3.0644,-2.8648,-0.2899, 2.7394,-1.9715, 0.1184,-1.9632,-1.3768, 2.5018,-2.4808,-2.092 ,-2.9576,-3.0822]
[-3.8897,-4.9644, 2.2083,-2.8417,-0.5585, 3.052 , 1.9904, 0.1158,-1.0215,-1.0742, 2.2433, 0.4341, 1.8661,-1.3802, 0.9889,-1.3863]
[ 3.0846,-1.6835,-0.2075, 2.3275, 0.0502, 3.0937, 1.2709, 2.5013,-0.0248,-0.1361,-3.0992, 1.5995,-1.7469,-2.8763, 1.1798, 1.8698]
[ 3.8874,-3.6095,-1.9545, 1.7193,-2.1105, 0.1913,-2.2598, 0.2405,-0.246 ,-1.0458,-1.8927,-0.5217,-1.3567, 1.5444,-2.0792,-0.9161]
[ 2.7566,-0.4256,-4.7572,-0.3331,-2.8351, 0.3642,-2.4391,-1.4516,-0.5194,-0.1208, 2.4325,-1.1477,-2.9953, 1.6164,-1.2463,-1.325 ]
[ 0.2296, 1.5272, 2.8289, 2.2248,-1.5219, 2.9315, 0.618 ,-1.6677,-1.8678,-0.2994, 1.2086, 1.9255,-2.4376, 2.2957,-2.2612,-0.5055]
[-4.6932, 3.5033, 1.1053,-1.7164,-3.0008, 0.5263, 0.087 , 0.7277,-1.425 ,-1.2367,-1.8619,-2.6628,-0.8651, 2.066 , 1.5982, 1.7193]
[ 3.8581, 3.9803,-1.4125, 0.2214, 2.0249,-2.6063, 1.5665,-3.1123, 1.968 , 2.7517, 2.0096,-1.659 , 1.715 , 1.8376,-0.4422, 0.5185]
[-5.175 , 1.2679,-1.0232, 0.2924,-1.5921,-2.5083, 0.1327,-0.8935,-2.6707,-0.821 ,-1.9574, 0.6976,-2.5109,-2.3323,-0.1906, 1.7207]
[ 1.7187,-0.529 , 2.4267,-1.514 ,-2.9814, 3.0701, 2.3308,-2.9149, 3.0741, 1.6685, 0.554 ,-0.4573, 1.8131, 0.9293, 1.8742, 0.0163]
[ 4.5503,-0.0968,-4.7032,-2.5979,-1.376 , 2.5484, 0.9201,-2.2163, 0.2998,-1.0593,-0.7185,-0.9618,-0.6501, 1.4575, 0.5371, 0.9771]
[ 0.9473,-4.0002,-3.1563, 1.2777, 0.7303, 3.0105, 2.0909,-2.4641, 2.57  ,-0.659 , 2.0576, 0.3332, 1.607 ,-0.5092, 2.7266, 0.7718]
[ 0.5493,-2.7483, 1.9372, 0.9297,-0.9673,-2.7408,-1.9223, 2.1663,-0.1768, 1.8797,-2.5793,-1.5536, 0.9135, 0.8837,-0.074 ,-1.8485]
[-0.7727, 4.2301,-4.6371,-0.9834,-0.013 , 2.4591, 0.0211, 1.4096, 2.3319,-0.8938,-2.5859,-1.0907,-2.7109,-1.2051, 0.3102,-0.7152]
[ 0.3484, 4.0524, 1.5416,-3.1104, 1.4769,-1.3926, 2.1979, 1.5337,-2.9858, 1.6222, 0.0936, 2.0863,-1.1945, 2.1122, 1.5456, 0.5432]
[ 1.1152,-0.6248,-5.2894, 1.7227,-0.6748,-0.7652, 2.2007,-2.2131,-0.4575, 2.746 , 0.5632, 2.3855, 1.1802,-1.4706, 1.4767,-1.0608]
[ 4.1128,-5.3037,-1.7478, 2.4975, 2.9257,-0.7574,-0.2594,-1.1219,-2.7033,-0.5765,-1.2937,-0.4675,-3.1329, 0.923 ,-0.9003,-3.0089]
[-1.7416, 0.5606,-3.4571,-1.3059,-0.4763,-0.9461, 2.915 , 0.3128, 0.6515, 0.6723,-3.0207, 2.5535,-0.8007,-0.9407, 2.6155, 2.4122]
[ 2.9275, 2.3332, 3.0823, 0.3644, 0.4737, 0.7442,-2.673 ,-0.6611,-0.5057, 2.7422,-1.3065, 2.094 ,-1.6157, 1.1413,-0.3072,-1.4922]
[ 3.4686,-0.4155,-2.3232,-2.2412, 2.3223,-2.6205, 2.9459,-1.0955,-1.8546,-2.6206,-0.1028, 0.2662,-0.7162,-2.036 , 0.1088,-3.0691]
[ 5.0596, 1.7724,-1.9365, 2.6888,-0.9568, 1.8662, 2.5311, 1.2049, 0.8391,-2.8324, 0.1656, 1.6465,-0.3892, 1.8905, 1.8898, 1.264 ]
[ 4.9083,-3.9922,-1.6674,-2.1316, 0.4434,-0.0627, 1.0173,-0.3314,-0.2452, 0.0652, 0.0064,-0.0933, 2.4484, 2.455 ,-2.1659,-2.2709]
[-3.8568e+00, 5.2567e-01,-3.2801e-03,-8.7097e-01,-1.6443e+00, 2.4920e+00,-1.3169e+00, 2.6551e+00, 4.8924e-02,-1.9798e+00,-2.1102e+00, 1.1130e+00,-2.0759e+00, 2.5388e+00, 1.4555e+00, 3.0721e+00]
[ 1.5981,-4.4333, 4.2372,-0.1184,-1.1754,-2.2956, 0.1005, 1.2894,-2.2868,-1.3679, 0.5905,-1.8487, 1.7709, 2.5734, 1.713 ,-1.16  ]
[ 1.1705, 3.2965, 4.4052,-0.8274,-2.439 ,-0.4665, 1.9457, 3.1096,-1.5062, 1.344 ,-1.1109, 2.531 , 1.3886, 1.1942,-2.3227, 2.2888]
[ 4.0075,-3.6466,-0.5784,-0.0335,-3.0036, 0.2516,-2.0312,-2.6771, 2.493 , 0.1207,-3.1111, 1.364 , 1.8504,-1.9193,-1.8562,-1.806 ]
[ 4.7227,-0.0599,-0.8889, 0.2436, 0.962 ,-1.5807, 0.8763,-1.6665,-1.2856, 2.714 , 1.2467,-0.307 , 0.845 ,-2.1014, 1.7408,-2.405 ]
[-2.4919,-3.6644,-2.0122,-2.5658,-2.3044, 2.0465,-0.3227,-1.5058,-1.0881, 1.9429,-3.0191,-2.647 , 1.6292,-1.346 , 2.3742,-1.6058]
[ 1.3927, 2.6362, 1.2667,-2.6958, 0.8099, 2.9073, 1.0589, 1.046 , 1.9955,-2.5593, 2.9712, 2.7672, 0.8782,-1.5389,-2.8961, 0.718 ]
[-1.8905, 2.153 ,-4.1054,-1.26  , 3.0457,-1.5506, 2.8274,-0.772 , 1.4852,-3.1273, 2.9289,-0.7023,-1.1572, 2.0526, 1.6971, 2.0519]
[-4.9852, 4.8043,-4.5582,-3.1221,-0.3571,-1.6579,-1.6063,-1.2218, 0.0407,-2.6977,-1.4153,-1.057 ,-1.1318, 3.0988,-0.327 ,-1.6082]
[-0.5861,-0.6635, 3.1983,-3.057 ,-1.0148,-2.402 ,-1.9963, 1.6513, 1.018 ,-2.2935, 1.7925, 0.2   , 2.974 , 0.0924,-1.4126,-0.8007]
[ 0.5808, 0.0298,-2.2049, 1.0075,-1.5471,-0.4766, 0.7002,-1.9892,-2.3899,-0.3687, 0.0853,-0.5931,-0.1783, 1.9851,-1.879 ,-2.1443]
[-0.2767,-0.8085,-0.2885, 1.7697,-1.2138, 2.4935, 1.1096,-2.7244, 2.876 ,-0.1016,-1.5959, 1.8998,-2.0176,-2.6196,-2.613 , 2.5781]
[ 0.0332, 3.7356, 3.9653,-0.412 , 0.4685, 0.5436,-0.8384, 2.7798, 1.5275, 0.3881,-0.8188,-0.9312,-1.0302,-1.1573, 1.4329, 1.593 ]
[ 4.9905, 2.8172, 2.5529,-0.2207, 1.58  , 1.6742, 0.1146,-2.5698, 1.2427, 1.765 ,-1.6559,-0.3093,-2.2276, 0.0473, 0.3645, 0.9976]
[-2.2603,-4.0121,-3.7842,-2.7237, 1.5652, 2.8848, 3.0381,-0.4919, 0.854 , 0.067 ,-1.3786,-2.4611,-3.0188, 0.5474,-2.9474, 0.3028]
[ 2.1982, 4.1293,-1.8493, 0.0405, 2.9439, 0.7419,-2.8506, 2.3436,-0.8416, 1.1693, 1.0235,-1.9496,-1.8959, 0.8266,-2.2646,-2.7032]
[ 2.2826, 3.1762,-2.9055,-0.2739,-0.2597, 1.1047,-1.6127, 2.048 ,-0.0207,-1.7493, 1.2743, 1.6222, 2.105 ,-1.0851,-2.899 , 1.929 ]
[ 5.0171e+00,-2.7449e+00,-1.8967e+00, 1.3282e+00,-2.6261e+00,-5.2542e-03, 1.3465e-03,-2.6196e-01, 6.7372e-01, 6.0047e-01, 1.5413e+00,-7.3387e-01,-4.4852e-02, 6.4229e-02, 2.7546e+00,-2.9811e+00]
[ 3.5259, 2.2202,-1.2116, 0.3218, 0.2859, 2.9569, 0.2465, 0.2981,-2.0448, 2.1402, 1.0539,-1.0112, 0.6503,-0.1472, 1.5793, 2.3656]
[ 4.7543,-1.2261, 3.1587,-0.9367, 1.3   ,-0.8763, 1.1096, 0.6499, 0.2213, 0.2773, 1.8711, 1.1416,-2.8494, 1.1587, 2.0473, 0.7291]
[ 4.4388,-4.0247, 3.3614,-2.584 ,-1.1343, 1.6686, 3.1098,-2.4704,-0.7063,-1.342 ,-0.2343,-2.8296,-0.6582,-2.6157,-2.2161, 2.5496]
[-4.7076,-1.7459, 4.4389,-2.0196,-0.0793, 0.4408, 2.1291,-2.5599, 0.2169, 2.8453, 1.9043, 1.7023, 2.3763, 1.4918, 1.2062, 1.6226]
[-4.3213, 2.751 , 4.3761, 2.3157, 1.9864,-2.3933, 1.3211,-2.9068,-2.767 , 2.7357, 2.0163, 1.5548, 1.0844, 2.1621, 3.108 , 0.516 ]
[ 4.5889,-2.6853,-3.0923, 0.9534, 1.8276,-1.1518, 0.3512, 2.186 ,-1.7449, 2.8693, 1.7625, 2.8143,-0.4887, 1.148 , 0.8498,-2.5453]
[-1.9327, 3.0234, 0.6633,-1.3875, 1.607 ,-0.5524,-0.5078,-1.6352, 1.3216,-1.5076,-2.0268,-2.5755,-3.0232,-1.8274,-2.3164,-0.3913]
[ 3.0293,-0.6704, 4.8164,-2.6769,-2.3225, 0.9983, 3.0798,-1.3639,-2.451 ,-2.5839, 1.3998, 1.1164, 1.8009, 2.0823,-1.8146, 0.7779]
[-2.1743, 1.876 ,-1.0247, 0.3582,-3.0378, 2.1885, 0.5564,-2.7151,-2.6228,-1.7964, 2.9924, 1.8948, 1.2161, 2.1228,-2.3299,-0.7738]
[-2.7371,-0.3993, 0.6475,-2.7616, 0.1873,-0.5443, 1.2841,-0.7673, 2.6727,-1.0126,-0.7779,-2.7638, 2.5597,-2.654 ,-2.9382,-0.3007]
[ 2.2878,-3.1909, 2.9552, 0.4627, 0.4406, 0.2883,-3.042 , 0.8718,-0.6211,-0.5118, 2.3405, 2.2814, 1.7069,-2.0802,-1.8734,-2.991 ]
[ 3.404 ,-1.492 , 0.9922, 3.0029, 1.6095, 2.7457,-0.2506, 0.0194,-3.0361, 2.0015, 0.6463,-2.4105, 1.6509,-0.5418, 1.3102,-2.5088]
[-5.3673, 1.2409, 3.2238,-0.3733, 0.8504, 0.1949, 0.3611,-0.6162, 1.811 ,-0.4043,-0.9005, 0.8977,-0.056 ,-1.1587,-2.671 ,-2.9598]
[-1.7935,-3.4087, 1.5369,-2.8551,-1.3423,-3.0384,-1.7401,-1.558 ,-0.1591, 1.2917, 2.534 ,-0.4668,-1.1105, 0.3513, 1.2296, 0.7913]
[-4.2183,-3.9807,-5.369 ,-0.5883,-0.7641,-1.4527,-1.4459,-0.8841,-1.2601, 1.9178, 0.1414,-0.1011, 1.1962, 1.8292, 2.4884,-3.0393]
[ 4.1495,-3.815 ,-3.5706, 0.3728, 3.0953,-0.7985,-0.2657,-3.1237, 0.9544,-2.79  , 0.5024,-0.3353,-2.9696, 0.6719, 1.6738, 2.9529]
[ 2.815 , 3.0381, 4.1227,-1.9116,-0.7584,-2.6583, 2.767 , 2.0999, 0.0856, 1.2373,-2.3514,-0.3349,-2.3495,-0.4702, 0.6365, 2.1929]
[-4.7707,-0.6415,-3.9031,-0.8123, 0.2949, 0.8774, 0.2982, 1.8915, 2.9814,-2.7813,-0.7715, 2.9732, 2.3824,-1.586 ,-2.442 ,-2.3176]
[ 0.5399, 4.9154,-2.9508,-0.6326,-2.9187, 2.3367,-3.0363,-2.812 , 0.578 , 1.5521,-0.671 ,-1.1584, 1.8971,-1.0019, 2.9029, 3.0545]
[ 3.1917, 4.1107, 1.7675,-2.4873,-0.4397, 1.4447, 1.5484, 0.8156, 0.2559, 1.3395,-0.4791,-2.3271, 1.5333,-1.469 , 1.375 , 2.5777]
[ 4.872 , 0.5594,-2.7931,-2.2999,-0.9236, 0.1047,-2.421 , 2.022 , 2.0805, 1.5348, 2.0755,-2.7175,-2.4333, 0.3993, 2.387 ,-2.7595]
[ 3.0733,-0.6878, 2.6093,-2.3833, 0.9189, 0.6201, 0.5021,-1.0897, 0.4911,-1.0139, 2.878 ,-0.4063,-0.5871, 2.1507,-1.8228,-0.3824]
[-1.0076,-1.8404, 0.4895, 1.0655, 2.6536,-1.5095, 1.7825, 3.1286,-0.7397, 1.5481,-2.9461,-2.5976,-3.0165,-3.0224,-1.8588,-1.1152]
[ 0.9696,-2.7114, 0.9988,-0.096 , 0.8378, 1.942 , 1.8055, 1.8891,-1.8633, 2.0829, 2.8934, 0.8103, 0.0104, 2.156 ,-3.0068,-0.9373]
[-3.7015, 1.4305, 4.656 , 2.5182,-1.9995,-1.9941, 1.7015, 1.1948,-1.9226,-1.5401, 2.9043, 1.7327, 1.1679, 1.9902,-1.1056, 2.8839]
[-3.0007, 1.3495,-2.1233, 0.0141, 0.034 , 1.5996,-0.9383, 2.216 ,-1.368 , 1.8899,-0.5391,-1.2082, 0.0145,-0.2593,-1.5013,-2.3222]
[-0.655 ,-2.9652, 4.0392, 0.9334, 2.734 ,-2.9836, 2.7709,-0.7109, 0.3787,-2.8199,-0.1421,-3.0896,-2.484 ,-1.4135, 2.8725, 1.1629]
[ 5.351 , 1.6622,-0.8711,-2.5482, 2.095 ,-0.0114, 1.5274, 2.6019,-1.6472, 1.33  , 2.9855,-0.9994,-0.9606,-2.2868,-0.0621, 2.6439]
[-3.0603, 1.0049,-4.2054,-0.4282, 0.8923, 2.6396,-2.1516,-3.0703, 2.2816, 0.9966,-1.2197, 0.959 , 1.5405,-0.2474, 1.4823, 2.8183]
[-0.8331,-3.9787, 4.1684,-1.3319,-1.9942,-2.931 ,-2.3027, 0.2145, 1.5993,-1.539 , 1.275 , 0.5978,-1.3091,-1.0397, 0.6652, 2.3888]
[ 5.4314, 1.4769,-4.2263, 1.8429,-1.625 ,-0.2153, 1.5137, 0.6496,-1.4962,-1.1834, 0.4055,-1.3039,-0.0956, 2.7913, 1.276 , 2.547 ]
[-3.6589,-1.3898, 0.7353, 2.5834,-0.0843,-0.1849,-0.5192, 2.9136, 2.883 ,-2.1133, 1.5463,-2.2675,-1.1985, 1.886 , 2.0843,-2.7619]
[-4.6928, 1.2933,-3.7679,-0.8022,-1.8023,-3.1205, 0.9692,-3.0387,-0.6822, 2.1217, 2.2857, 1.4024, 0.9025, 1.5713, 1.6712,-2.7307]
[ 2.1015, 5.0832,-4.3714,-1.0783, 2.475 , 1.0032,-0.6162,-1.7746,-3.061 , 1.8398, 1.7391, 2.7728,-0.6088, 1.6557,-2.1507,-2.0766]
[ 2.7631,-3.1404,-0.4112, 0.9698,-2.5084,-1.2796,-1.1401, 1.5972,-1.9292,-2.0858,-2.0792,-1.6192, 2.9294,-0.6893, 1.6095,-1.1462]
[ 3.6295,-0.543 ,-4.4823, 0.3813, 1.8596, 2.1383, 1.3762,-1.1679,-2.3824,-1.8974,-2.6982,-1.8344, 2.2869,-2.3624, 0.2236,-1.6929]
[-3.1768, 0.5878, 4.196 ,-2.5943,-0.0189,-0.8675,-3.0165,-0.61  , 0.7869,-2.2843, 2.5183,-0.7195, 2.6479, 1.2777,-2.7453,-1.4689]
[ 3.6348,-4.706 ,-4.1568,-0.5097,-2.6265,-1.4803,-1.2155,-0.2587,-0.0641, 1.9603, 2.6891, 0.0583,-1.4576,-1.5336, 0.5013, 1.915 ]
[ 0.9023, 1.5549,-3.8073, 2.5909, 1.4645, 0.7228,-0.7897, 0.2281,-0.752 ,-0.7862,-0.3867,-0.2308,-1.2802, 0.442 ,-3.109 , 0.2873]
