[-5.4709,-0.2687, 4.1911, 2.3629, 1.3251, 2.8854, 2.5295,-1.1583,-0.1743, 2.5   ,-1.7377, 1.751 , 0.4039, 2.6953, 2.0933,-2.4854, 2.4391,-1.5283]
[-0.9152,-1.8617,-1.5772, 2.8861,-2.9804,-1.0583,-1.5942,-0.7091,-0.1202,-1.6151, 2.5656,-0.6813, 0.4239, 1.1084, 2.9504, 3.0999,-0.259 , 0.8986]
[ 4.5081, 1.7014, 1.0821, 0.4784, 3.0527,-1.4388, 1.7564,-2.6532, 2.8035,-1.123 , 2.9045, 0.4282,-2.3706,-2.1049,-1.0918,-2.7087, 2.2961,-1.2061]
[-3.0129, 4.6897, 1.5769, 1.6054, 3.0493,-1.4155, 0.9017,-1.3046, 1.3173, 1.2016,-0.71  ,-2.511 ,-0.2352, 1.0453, 0.2114,-0.8943, 3.0601, 2.3073]
[ 4.9315, 2.5638,-4.4629,-0.8244,-0.9162, 2.7919, 2.1293,-1.421 ,-0.364 ,-3.1198, 0.759 ,-2.8302, 1.9877, 1.1275, 2.4685,-0.353 ,-2.0219, 1.4253]
[ 0.8841,-4.867 ,-1.9099,-0.1373, 1.9233,-1.5275, 2.1218,-1.7457,-1.0797,-2.185 , 3.0614,-1.2868,-2.3946, 0.1661, 0.4697, 2.2129, 2.012 , 2.1277]
[ 2.6622, 4.0069,-2.9805,-0.0377,-1.4881,-3.0559,-0.2682, 1.0634,-0.6432,-0.6976,-2.7476, 0.1288, 0.653 ,-0.4514, 0.7024, 0.6052,-2.851 , 0.6448]
[-4.0831,-1.8643, 3.3702, 2.7518,-0.3245,-0.9864, 0.74  ,-2.6347, 1.1393, 2.5914,-0.9923,-1.0011,-0.3803,-1.7196, 1.4868, 2.6811,-1.3047,-2.3202]
[-0.0086, 3.2492,-3.1359,-2.4844, 2.3989, 2.1034, 1.1561,-2.3543, 1.0454,-1.0411,-0.0635,-0.0931, 0.3467, 2.9742,-0.9997, 2.0877,-2.6251,-0.3294]
[-1.546 ,-2.8724,-5.1364, 2.7214,-1.2165,-0.4141,-2.9304, 2.9831, 0.3958, 2.0884,-1.7386, 1.3648, 1.0501, 3.0245,-0.7996, 2.014 , 2.81  ,-1.9298]
[ 3.8925,-3.2256, 5.3969,-0.5696, 2.9555,-2.8288, 0.0969, 1.4771,-2.1143, 0.2071,-1.0439,-2.1768, 0.8252,-0.3643,-1.7333, 0.3772,-3.1266, 1.0614]
[ 1.0269, 4.9691,-3.9834,-2.7176,-2.4088,-1.1088,-2.4329, 2.2683,-1.3291, 2.7259, 2.6846, 0.979 ,-1.82  ,-0.345 , 0.9781,-2.4362,-0.8075, 2.587 ]
[-5.1145, 5.315 ,-3.543 , 2.2183,-1.6769,-1.1207, 1.5861,-1.2676,-0.476 ,-2.8239,-0.6503, 2.6356, 2.1936,-2.7488, 1.3137,-0.5871, 2.4968, 1.8791]
[ 1.4716, 0.4109,-4.8032, 2.4947, 0.2041,-0.438 ,-0.9218,-1.3266,-0.5767,-2.2564,-1.8761, 0.1807,-2.397 , 2.1144,-1.8477,-2.2263,-0.9748,-2.2658]
[ 2.1817, 1.5377,-4.8314,-1.5854,-2.488 ,-0.0236,-2.1059, 2.0962,-2.9751, 2.4941, 0.8994, 0.8611,-0.8854, 0.6388, 3.0272,-2.8545,-2.1632, 1.1301]
[ 2.8544, 3.1948,-1.0207, 2.4839,-0.7275,-2.7546,-1.879 ,-1.2263,-0.6572, 3.0547, 3.0229,-2.3005, 2.361 , 2.3804, 0.9524,-2.133 , 2.7512, 0.4003]
[-2.7829, 5.3759, 2.3912, 0.0898, 2.0826,-0.2613, 1.4668, 1.7808,-0.3559, 0.7045,-0.2472,-0.1579, 2.4986,-2.1069,-1.9881, 2.6055,-0.2951, 0.8684]
[ 5.177 ,-2.4543,-3.2941, 0.3413, 0.0765, 0.0244,-2.4526, 3.02  , 1.6942,-0.8817, 0.2583,-3.1379, 2.3377,-0.6658,-0.5384,-3.1269,-1.6201,-1.7496]
[ 2.9853,-5.2749,-3.9147,-1.9395,-0.7602,-1.6456, 0.4319,-0.4157,-1.1266,-2.8068, 2.2113,-2.2994,-1.054 , 1.4663, 0.6843, 0.2429,-1.3059, 0.9693]
[-1.1452, 3.0766, 2.3197,-1.9934,-1.966 , 1.503 , 0.4413, 2.5236, 0.4517, 2.6528,-0.4417, 2.9985, 2.1238,-1.0171,-2.876 ,-1.9568,-1.7952, 1.0612]
[-2.2707, 3.9583, 0.053 , 0.4414, 0.7854, 3.1062,-1.626 , 1.6521, 2.3824, 2.8922,-0.0043,-1.9645, 2.2284, 0.9388,-1.5906,-1.9955,-0.979 , 1.188 ]
[ 2.7229, 0.4756,-3.8837, 0.0985, 0.5184,-3.1072, 2.3373, 2.1847,-1.6374,-0.742 , 1.2577,-2.9306, 1.4916, 0.1116, 0.2849, 0.4887, 2.0071, 3.0878]
[ 3.7701,-0.3198,-0.5119,-1.2737,-2.4878, 2.4672, 1.8391, 3.0485, 2.8817, 2.2   ,-1.5968, 1.5001,-3.0268,-2.0688, 1.5611, 2.7995,-1.2091, 2.895 ]
[ 1.0938, 4.0995, 5.1762, 2.2772, 1.6494, 2.2172, 1.0567,-0.0697, 2.0763, 0.4078, 1.7213, 2.051 , 0.6163, 1.3737, 0.7049, 1.7215, 3.0154,-0.414 ]
[ 1.1059, 3.791 , 0.3953, 3.0586,-3.1125, 0.5974, 0.0659,-0.7788, 2.726 ,-2.3978,-0.2887, 1.1485,-2.1865,-0.261 ,-2.8801,-0.8228, 2.0466, 0.5242]
[ 5.4358e+00, 4.3324e-03,-3.7366e+00,-4.0166e-01, 2.9613e+00,-2.2517e+00,-8.1881e-01,-1.6826e-01, 2.6290e+00, 5.7394e-01, 5.4066e-01,-2.9212e+00,-2.1725e+00,-1.9366e+00,-1.7713e+00,-2.0142e+00, 2.0400e+00,-2.6156e+00]
[-2.436 ,-1.1526,-0.8198, 0.3919,-0.9584, 1.8711,-2.2993, 2.6992, 0.1715, 0.7687,-1.4847,-1.5647,-0.6926, 1.7575,-3.0763, 0.6077,-1.2797, 2.907 ]
[ 1.8562, 4.5565,-3.0722,-2.5375,-1.6   , 0.069 , 2.4536,-1.5515,-2.722 , 0.731 , 1.9998,-0.2544,-1.3051,-2.4197, 2.2862, 2.4125,-3.1063, 3.0739]
[ 2.1302, 5.0551, 1.1725,-1.9941,-0.4487, 1.3571,-1.8821,-0.0948,-3.1054, 1.6851,-3.0073,-1.3015,-1.1219, 0.3996, 0.3141,-1.6279,-1.1292,-1.6235]
[ 2.6482,-1.8665, 1.2887,-1.7031, 2.6308,-1.6868,-2.3651,-1.0799, 1.715 ,-1.28  ,-0.7099, 2.1116, 0.4208,-1.9246, 1.565 , 0.5658, 2.1114,-2.3847]
[ 1.8471, 0.6204,-5.1584, 2.6409, 0.5582,-2.7688,-3.1077,-2.1616,-1.3396, 1.3402, 2.5568, 0.1405,-1.1235, 3.102 ,-1.1363, 1.9112, 0.9709,-1.8695]
[ 3.5802,-5.3259,-1.8097,-2.1344, 1.8911,-2.9042, 2.3133, 0.5027, 0.2367, 2.5558, 0.6754, 1.8557, 2.5518, 1.4517, 1.6307,-1.799 , 1.7971,-2.7471]
[-3.0565,-2.6892, 0.1682, 2.1708,-1.3642, 2.8396,-0.0339, 0.295 , 2.1286,-0.5917, 1.3524, 1.9486,-1.7537, 1.3433, 2.1487, 2.9808, 1.7515,-2.7597]
[ 1.3421, 3.6409, 1.4224,-0.5565,-3.1037,-1.8343,-1.4131, 2.0187, 1.3461, 1.6533, 1.6378,-0.1117,-2.6621, 0.9526,-1.1791,-1.0905, 0.0147, 1.7316]
[-1.3919, 2.2218, 4.4703, 1.6004,-2.7316, 1.1644,-1.4516,-2.6506,-1.1223, 0.3657, 1.257 ,-3.1085,-2.7652,-3.0088,-0.2281,-1.3883, 2.9417, 1.9536]
[-5.2895, 4.8549,-3.185 , 3.0381, 2.7475,-0.9328, 1.6372,-0.3428,-2.4883,-0.4506,-0.5422, 2.8622,-2.4996,-3.0209, 2.851 ,-0.5238, 0.4052, 1.4315]
[ 1.7561,-2.0947,-0.4115, 2.9264,-1.246 ,-3.0757, 1.6908, 1.735 , 1.8808, 2.3483,-3.0213,-1.1444, 3.005 , 1.7012,-2.9146,-1.9579,-0.3486,-0.3179]
[ 4.7998,-3.8405, 1.3884,-1.4756, 1.2329, 2.5042,-1.584 , 1.0136, 2.4086,-0.6246, 1.4301,-2.9815,-2.8725,-2.3001,-1.3818, 2.9314, 0.3332,-0.9463]
[-2.0378,-1.7478, 0.5288,-2.2981,-0.3091, 0.9616,-0.2912,-0.2495, 1.8748,-0.4025,-1.1499, 2.8984, 2.2611,-0.2803, 1.8766, 2.4493,-3.0539, 1.3153]
[-3.3398,-0.302 , 0.7868,-1.6974, 1.6376, 0.4761, 2.09  ,-0.058 , 2.8475, 1.9   , 0.3728,-2.6707,-2.6209,-1.5158, 2.9143, 3.0633, 2.3777, 1.9806]
[-1.3668,-2.1463, 5.2671,-1.5424, 1.8853, 2.0263,-2.6761,-0.0302, 3.0516, 1.2722,-1.1644,-2.6932,-1.4408, 0.1269,-2.5892,-2.1746, 1.7283, 2.9966]
[ 3.0572, 0.66  , 5.3778,-1.3577,-2.0939, 1.7973, 2.554 ,-2.3266,-0.9014, 2.3226, 0.7899, 0.2533, 2.9873, 1.734 , 1.1113, 1.088 , 0.9743,-1.754 ]
[ 2.6957,-3.8394,-4.3223,-0.8979,-2.4212, 0.6236,-2.4544,-1.3866, 0.691 , 1.0706, 0.4683,-1.9972,-1.2036, 0.5376, 1.2336,-2.2147,-1.2533,-0.7944]
[-0.0798, 2.8117, 0.1759,-2.0691,-1.7309,-1.5495, 0.839 , 2.9107,-1.8547, 1.574 ,-0.8691,-1.5096,-2.6767, 2.8841, 0.2593, 0.426 , 1.2583, 1.9024]
[-5.3057, 2.5314, 1.6485, 0.7359, 0.8766,-1.6487,-1.179 ,-0.3846, 0.2394,-1.2903,-2.1332, 0.4398, 3.0572, 1.5474, 1.3709, 1.4782,-2.207 , 2.9631]
[-3.4395,-3.9728, 4.4831,-0.5112, 2.1357, 0.167 , 2.5975, 0.8272, 0.0222,-1.6437, 2.3247,-0.2729, 0.4397, 1.3952, 1.3573,-1.9973, 2.4957, 1.3137]
[-4.0415, 1.7369, 4.8237, 1.8064, 2.645 , 1.3614, 2.4115,-2.7697,-0.764 ,-1.3938, 0.7156, 1.363 , 1.2125,-1.4261, 2.914 ,-2.644 ,-1.326 ,-1.2724]
[-4.2932, 4.9337, 1.8543,-2.3526, 2.2416,-0.2593, 2.8296, 0.9697,-2.284 , 2.5255,-0.433 , 0.8209,-2.7161, 1.1744,-2.136 , 1.7557, 0.3957,-0.6856]
[-1.975 ,-5.4643,-5.1047, 0.028 ,-1.2934,-1.811 ,-2.4673, 0.6089,-1.1716,-0.85  ,-0.1919,-2.8793, 1.2631,-1.9701,-1.8094, 0.8204,-1.7638,-1.7104]
[ 3.3852,-0.7286,-3.0839, 3.1053, 2.8024,-2.0003, 3.0064, 1.4278,-1.0655,-2.673 , 2.042 , 0.2163, 0.636 ,-0.6374,-1.7232,-2.9396,-2.4556,-0.5932]
[ 0.4352,-1.5822, 3.241 ,-0.3644, 0.4906,-2.1351, 0.4005, 2.9157,-0.2426,-1.3208,-1.53  ,-0.2697, 0.9058, 2.1903, 1.4916, 1.7439,-1.5261, 2.6395]
[ 4.3603, 3.1302,-3.9523, 0.2825, 0.9697,-0.4603, 2.739 , 2.2832,-0.2   , 2.2081,-1.3762,-0.0113, 2.2815, 2.2182, 0.3484,-2.4531,-1.1935,-3.0371]
[ 1.7662, 3.0081, 0.7891, 1.9105, 0.3149,-0.9627,-1.8069, 3.123 ,-0.0516, 0.3197, 0.3432, 1.1995,-1.8391, 2.1723,-1.2701, 0.0882, 1.625 ,-1.6992]
[ 0.7688, 3.7071,-3.4109, 3.0065,-2.4713, 0.0368,-0.3789,-2.1652, 2.4892,-0.4089,-1.4432,-1.2197,-1.0999,-2.2975, 2.7199, 0.3571, 0.6393, 1.6934]
[ 2.6937,-0.4624,-1.3672,-2.1439,-1.2934, 2.9597,-0.4052,-1.7578, 1.0004,-0.6958,-1.0176, 2.6125,-0.6314, 2.3297, 2.4782,-3.0173, 0.529 , 1.671 ]
[-3.4927, 2.1555,-5.2862, 2.6807,-0.2018, 2.9776,-1.597 ,-1.8719,-0.7498,-1.2583, 1.128 ,-2.6772,-1.2404,-1.2336, 0.6163,-0.6734,-0.8736, 1.3296]
[-2.4553,-5.1672, 3.9821, 0.7942, 0.4928, 1.1654,-2.2842,-0.3888,-0.9806, 1.2777,-0.9003,-0.869 ,-0.0836,-1.9314, 1.5842,-0.8896,-0.8154,-1.7763]
[-0.3278,-0.1034, 5.2445,-2.8162,-2.0309, 2.597 , 0.6804,-2.2607, 1.2516, 1.4115, 1.2941, 0.1516,-1.615 , 2.8251, 0.9751, 0.9329, 2.508 , 1.2975]
[-2.6092, 0.1456, 3.7635, 0.684 ,-2.8205, 2.7957, 2.377 , 1.8711,-2.9123, 1.3845, 1.5014, 2.4757, 2.1972, 0.0678, 0.5636, 0.6419, 2.4418, 3.0708]
[ 0.4672, 3.6381,-4.2153,-1.2887,-1.6041, 2.1783, 1.072 ,-2.9799, 1.1256,-0.1601, 1.1578, 1.6164, 1.4761, 1.457 ,-0.0509,-2.7064,-2.4016,-0.6584]
[-3.8891,-3.3987, 5.2474,-0.5708,-0.4192,-1.846 , 2.8431, 2.6638, 2.6489, 2.231 , 0.7908,-0.8873,-0.7991, 1.8638,-0.1572,-1.1536, 1.8699, 2.0145]
[ 2.5395, 4.682 , 5.2185, 0.1809, 0.6264,-0.0068,-2.0445, 2.5983, 0.8383, 2.1377,-2.1328,-0.5976,-2.5403,-0.5891,-0.8095,-1.1336, 2.119 , 1.4582]
[ 3.8793,-2.7742, 2.3359, 2.5995, 2.429 ,-1.4185,-1.5302,-0.1809,-2.3946, 2.2169, 1.6367,-0.0993,-2.6841, 0.9774, 1.5129, 3.1374, 2.8169, 1.5051]
[-2.0094, 4.8696, 2.2864, 0.9091, 2.7385, 2.1214, 2.075 ,-1.3904,-1.0621,-1.1836, 0.6006,-2.8452, 1.624 , 0.6412, 2.5073, 2.4626, 1.3431, 0.273 ]
[-1.8748, 2.5034,-2.2633, 2.0392,-0.0234,-0.1209,-2.7481, 0.1066, 2.9548,-2.6504,-0.5653,-0.7745,-1.2524, 1.531 ,-2.2226, 0.1172, 3.1327, 0.5038]
[-1.7178,-0.9118,-5.0676,-1.6134, 0.9883, 3.13  , 1.2216,-0.7128, 0.1998,-0.034 ,-1.7821,-2.3153, 1.0454,-2.9734,-3.0414, 2.1338,-0.9554,-0.5928]
[-5.4289, 3.1835, 2.1245, 2.4253, 0.2427, 1.6841,-2.4755, 2.5347,-1.6304, 0.4189,-2.3955, 2.9412,-2.259 ,-3.0617, 0.9468, 2.1092, 0.8618,-0.1651]
[-2.0827, 5.1012, 0.7394,-0.8153, 0.9273, 0.9973,-0.0352,-2.3986, 0.8965, 3.0642,-2.4379,-1.4599,-1.8213,-1.347 , 2.9983, 0.5281,-0.5696, 0.1126]
[-4.791 ,-3.9687, 2.2077, 0.8071,-2.8955, 3.1282,-2.9315,-0.9177, 1.4199,-0.4048, 1.1814,-0.5114, 0.2721,-0.1543, 1.7326,-1.7712,-0.8392, 2.8263]
[-1.5325, 4.3718, 3.5523, 1.1301,-2.6746, 2.9572, 1.0082,-1.7681, 1.7143, 1.2377, 0.5982, 1.587 , 2.6855,-1.1843, 1.6723, 2.7475, 0.7614, 2.6066]
[ 4.1733,-1.2004,-3.7768, 0.0984,-1.2057,-2.124 ,-0.0116,-1.8221,-2.9952, 2.6991,-0.4461, 1.8573, 2.6708, 1.0694,-1.2936,-0.9707, 0.6685,-2.2768]
[-3.0028, 1.1101, 1.963 , 0.602 ,-1.0625, 0.263 ,-0.7177,-1.4456, 2.3219,-2.9841, 0.5139, 2.4965, 1.025 , 2.1958,-2.6005, 2.1394,-2.2258, 2.0097]
[-4.9224, 3.639 ,-1.0333, 1.9985, 2.0206,-1.0557, 0.5888, 2.3763,-2.2599, 2.9915, 0.2604,-1.5219,-2.1809, 0.598 , 2.2833,-2.1115, 2.6515, 2.208 ]
[-3.8286e+00,-1.9129e+00,-2.1181e+00, 3.5665e-02, 2.3999e-01, 2.3936e+00, 2.0846e+00,-1.3623e+00, 2.5315e+00, 2.4342e-01, 1.5491e+00, 9.3769e-02, 2.7180e-03, 7.2559e-01, 1.3571e+00,-1.8411e+00, 2.1293e+00, 9.9621e-01]
[ 3.7206,-1.6693, 1.0709, 1.2772, 1.9012, 2.4827,-1.6409,-2.6285, 2.9784,-1.1468, 1.0534,-1.0817, 2.9741, 1.1461, 3.0785,-1.931 , 2.6729,-2.7271]
[-2.6692,-0.8712, 5.2339, 2.5471,-1.7009, 0.1334, 1.3815,-0.5758, 1.9458, 2.3627, 1.6123,-2.9381,-0.5264, 2.0869, 0.8568, 1.4584, 0.9209,-1.8686]
[ 4.9799, 1.7108, 1.861 , 0.8058, 3.1192,-1.0893, 0.7659,-2.3356,-0.9421,-0.8967, 2.0633,-2.3334, 2.8503, 1.0271, 1.8902, 0.7672, 0.4216, 1.8218]
[-4.7972, 1.1987, 3.3901,-2.1119, 1.0582,-1.2652, 1.9084, 0.5376, 0.9721,-0.6606,-0.5752, 2.5545, 2.0274,-1.8069, 2.8995, 2.1617, 0.502 , 1.3752]
[ 4.3417,-2.9399,-1.9334, 1.8527, 2.1842, 0.0859, 1.5022, 1.6842, 2.6758, 0.5756, 1.4422, 1.865 , 1.0322,-2.0474, 1.4464, 2.514 ,-2.6501, 0.8055]
[-1.3783, 5.4656, 0.954 , 1.2981,-2.6855,-2.0135, 0.3727,-1.6176,-2.9745,-0.434 ,-2.3691,-0.2636,-2.4245,-2.346 , 1.8116,-0.3678,-1.3097,-1.6595]
[-3.4985,-3.9297, 1.0481,-2.1194,-2.5988,-1.0082, 0.0265, 2.6808,-2.5087,-3.039 ,-0.7724,-2.6046,-2.0054, 1.0139, 0.3333, 2.0039, 2.6886,-0.2234]
[-4.7157, 3.1368,-4.43  ,-2.1206,-0.7362,-0.6205, 2.0963,-2.3373,-0.8524,-2.2618,-0.6565,-2.3904,-1.1129,-0.4771, 0.7576,-1.4592,-1.226 , 0.4354]
[ 3.1848,-4.1431, 0.1176,-2.5536,-1.6276, 1.1934, 0.4068,-1.7715, 2.7834,-0.8275, 0.8279,-1.8389,-1.7981,-3.0796, 0.5347, 2.5061, 1.2874,-1.1275]
[-5.0381, 2.6321, 2.6025, 1.4455,-3.0472, 0.2608, 0.6633,-2.8569,-1.2473,-0.5996, 2.8238, 3.0054, 1.3614, 0.7233,-1.6691, 0.9868, 2.3592,-2.3744]
[ 0.6276, 1.052 ,-5.419 ,-1.0319,-0.395 , 2.569 ,-2.1158,-1.5409,-2.4128,-1.0462, 2.8366, 1.0213,-2.2795, 0.9599,-0.8643, 0.1102, 0.7076, 2.3545]
[-3.35  , 4.8914, 2.9578, 0.2447, 2.2105, 2.049 ,-0.1936,-1.6304,-0.8897, 0.3265,-2.4992, 0.2131,-1.5504,-1.7517,-0.9413,-2.3661, 0.2806, 1.3282]
[ 2.1174, 4.6646,-1.1193, 0.8959, 1.0665, 0.9475,-2.4733, 2.9723,-0.6075, 0.3997,-2.9991, 0.7229,-3.0749, 0.3539, 1.7623,-0.7637,-2.6188, 1.2554]
[-3.0107,-0.1425,-4.6013, 0.978 , 0.1459,-1.0204,-1.6753, 0.3102, 1.671 ,-2.6794,-1.9461, 2.1652,-1.6916, 0.8325, 2.6821, 0.7989,-0.1026, 0.7657]
[ 4.515 ,-1.4886,-1.5566, 0.5052,-0.0324, 0.3252,-2.9013,-1.4735,-2.472 , 2.9303, 3.0379, 1.148 , 0.8662,-0.9117,-2.6875, 0.7667,-1.7641,-0.7308]
[-2.7008, 1.4319, 3.8785,-0.9589, 2.9264,-2.3021,-0.9548, 2.4672,-0.3016, 2.9277,-1.3511, 2.2969,-1.45  ,-2.0762, 0.3688, 2.0858,-0.3199, 3.0829]
[-1.514 , 3.435 ,-4.2197, 2.0305,-0.9937, 0.8432, 2.8539,-0.7299, 1.3462,-1.477 , 2.817 ,-0.961 ,-2.3124, 1.7998, 2.3952, 2.3162,-2.8858, 1.1138]
[ 3.9736, 2.5684,-2.6077,-2.4076, 1.8924, 0.5134, 2.4076,-0.4937, 1.7282, 0.5647, 1.0552, 1.6734,-1.5565, 0.0106,-0.3151,-2.3685, 2.1828,-0.5823]
[-3.646 ,-3.83  , 2.4394,-2.7342, 0.3302, 3.0838,-0.1953,-1.4087,-1.8072,-1.0829,-2.6533, 2.2081,-1.1406,-3.0595,-2.2778, 0.1128, 1.0835, 1.8466]
[-0.2387, 1.4381, 5.0901, 2.9978, 2.7099,-1.9058, 1.4491, 1.9078, 2.9301, 2.9999,-1.9712, 0.8809,-0.6295, 1.9338,-0.5043,-2.2588, 2.7764, 0.0638]
[ 2.5275, 1.8476, 0.6222,-2.7825, 1.0758, 0.3076,-2.5099,-0.7002,-2.9597, 0.4835, 1.0521, 1.6465,-0.4412,-0.6862,-2.7299, 3.0955,-2.0263,-0.078 ]
[-0.7742, 0.6842, 4.5668, 2.5576,-1.0661,-2.4142, 2.8232,-0.0201, 0.8179,-0.2609,-0.0426,-1.516 ,-1.7126, 0.3294, 2.0389,-1.702 ,-2.5322,-1.0388]
[ 3.1649,-2.07  , 1.7199, 2.3078,-2.1534,-0.0606, 2.6358, 0.282 ,-2.69  , 3.0992,-0.6627, 2.3036,-2.7907, 1.1423, 0.4391,-1.769 , 1.0957, 1.8288]
[ 1.6026,-5.4814, 0.2117,-3.0878, 2.0793,-0.3442, 0.8562, 0.5033,-1.5512, 0.2707,-0.4423,-1.307 ,-0.8656, 0.3578, 2.4288, 0.7217,-1.5622, 0.4848]
[ 4.9537, 0.4186, 1.7956,-0.4562, 0.2958,-2.4376,-2.4995,-2.9122,-0.8153, 1.0878,-2.207 , 2.066 ,-3.0889,-0.5331,-0.8081, 2.9644, 2.1987,-1.1092]
[ 1.331 , 1.8902, 1.3463, 1.1113, 2.2952, 0.3197,-1.8157, 0.0733, 1.3687, 2.3053,-2.9843, 0.8466, 1.806 , 0.4275,-0.6529,-2.4884, 0.8705,-2.5002]
