[-0.1513,-3.6771,-2.0502, 2.4719,-3.097 , 2.2682, 2.5129, 0.7219,-1.0286,-0.9216, 0.6805,-2.0097,-1.4188,-0.8635,-2.0827, 1.9506,-1.6902, 1.4054]
[-1.0368,-3.3915,-3.7221, 3.0159,-1.3037,-2.6521, 0.2732, 2.194 ,-2.1132,-2.1955, 1.0232, 1.3338, 1.7556, 2.7309, 1.5144, 0.2187, 2.8759, 3.1361]
[ 3.1323, 3.13  ,-1.1234, 0.2711, 2.5831,-2.5115, 1.9295,-1.2248,-2.9648,-0.7724, 3.0343, 0.0905,-0.3302, 1.6794, 0.3245, 2.8993, 1.2805, 2.361 ]
[ 0.0731, 0.7069,-1.6915, 1.3956, 0.6222, 2.713 , 0.6129,-2.8368, 2.775 ,-0.5109, 0.9344,-0.9938,-0.6624,-1.3543, 1.7671,-1.7323, 0.3112, 1.5016]
[ 0.4107,-4.4315, 3.1657,-2.0521,-2.4097,-2.5325, 0.7629,-2.3988, 2.4998, 2.9815,-0.8374, 0.9574, 0.7324, 0.5932,-1.2025,-2.1924,-0.459 ,-2.6863]
[ 0.0062,-5.4316, 5.3247,-0.9428,-0.7695, 0.6024,-2.2313,-2.3056,-0.696 , 1.4979, 2.6393,-0.1647, 0.6958,-0.8931,-3.0003,-0.3259, 1.706 , 0.6176]
[ 3.6623, 0.4859,-5.0842,-1.0176, 0.4496, 3.1148,-2.604 ,-0.045 , 2.2285,-1.5458,-0.9159,-0.4103, 1.2761, 0.8381, 0.2724, 1.1168, 0.7443,-0.9054]
[-2.9244,-2.3962, 4.474 ,-1.2869,-1.2549,-0.4651, 2.6551,-0.0174, 0.7999, 2.0173,-2.5974, 0.2456,-2.7253,-1.5133, 2.6253,-2.6756, 2.0622, 1.8742]
[-1.4136,-5.1404, 0.7388,-1.867 , 2.4175, 2.9634,-1.5144,-3.0954, 2.1519, 2.1318,-2.2059, 1.7232,-2.2094,-1.1306, 3.0902, 2.5496,-1.82  , 0.843 ]
[ 4.2679,-3.5084, 4.749 ,-1.6217, 1.1116,-0.2689,-2.3373, 1.794 , 1.8862, 1.6483, 2.7596, 1.9564,-1.4617,-1.26  , 0.7157, 0.769 ,-2.0139, 2.6861]
[-4.51  , 1.5953,-5.304 , 2.1776, 2.8844, 0.9545,-0.0298,-0.1417, 0.9186,-1.2647,-0.0943, 1.1238,-2.7316, 2.6208, 0.24  ,-0.434 , 0.7088, 2.758 ]
[ 2.3392, 1.0247,-2.02  ,-2.2392,-0.1895, 0.0747,-2.4744,-1.8811, 3.0409,-2.8656, 0.2161,-1.5722,-2.7328,-2.5546, 1.6613,-1.4338, 1.8078,-0.5336]
[-4.3162, 1.4907, 0.1199, 0.4196, 0.4463,-2.9802,-1.3705,-2.2543, 0.4931,-1.7505,-0.9869, 2.9809,-1.3651,-1.5176, 1.0533,-1.4627, 2.7076,-1.1681]
[-2.2176, 1.0501,-2.7124, 2.603 ,-2.6726,-1.1551,-2.2151,-2.9691,-2.5216, 0.1156, 0.0666,-1.009 , 1.3554,-1.4824,-0.2055, 0.0767,-1.5661,-2.3124]
[-3.5401,-1.3367, 4.0414, 2.824 , 2.6404, 2.0797,-1.5062, 2.2624,-2.0015, 0.1502, 1.3126, 0.1107,-0.1857,-1.638 ,-1.9959,-0.8549, 1.145 ,-0.2362]
[-0.1758,-0.5243, 2.8955,-0.0818,-1.7811,-1.638 ,-2.4788, 2.4576,-3.0203, 0.7967, 0.5907, 3.0257, 0.1087,-2.3573,-2.2976,-1.8701,-2.1535,-0.1411]
[ 0.952 , 0.7181,-4.3094,-1.1285, 2.5553,-1.0094, 0.135 ,-2.4209,-1.6609, 1.3924, 1.1875,-0.1555,-2.2956,-2.9599, 0.943 ,-1.8806,-1.6743, 1.4845]
[ 1.6914,-0.4155,-0.3047,-1.9186,-2.7585,-1.2956,-0.6602,-2.4163, 0.7535, 2.3996, 2.9984,-2.1641,-0.73  , 0.5352,-3.0958, 2.8831,-0.4257, 0.0342]
[ 3.7279, 4.1406,-2.8566, 1.7558,-2.826 , 2.7345, 2.7087,-1.2002,-2.3695, 0.2218,-2.0846, 2.5734, 1.724 , 2.3013, 1.3537,-0.0466,-1.5338,-2.7065]
[-1.5598, 4.5579, 0.0686, 0.1536,-0.5116,-1.3685,-1.6416,-2.5011,-2.4452, 1.8767, 1.8376, 0.872 ,-0.1033,-0.6312,-1.3523, 0.9821,-1.7086,-0.1957]
[ 0.713 , 1.9866,-5.251 ,-0.2708,-2.3911,-1.7648, 1.1402,-1.4117,-1.3243,-2.6384,-2.7391, 0.3923,-0.9104,-2.0066, 1.9213,-1.1446, 1.1564,-2.6208]
[ 2.7025, 3.8277, 3.6335,-2.7068,-2.516 , 1.6893,-2.8093, 2.6349, 1.4696,-1.873 , 1.9856, 0.2685, 1.0739, 1.0658,-0.2583, 0.1732,-1.803 , 0.7885]
[ 1.9399,-3.04  , 3.1997, 2.4753, 0.8127, 3.0863,-2.9107,-1.044 , 2.0135, 2.4187,-0.5039,-2.2076,-3.1317, 3.0038, 0.6357, 0.7795, 1.0788, 0.9053]
[ 3.4676, 0.1138, 3.04  ,-2.0845, 2.1182, 0.1813, 2.9084, 0.6721, 1.0034, 3.0443, 1.7271,-1.1211, 2.7126,-1.0785, 1.1545,-0.8188,-2.7013,-1.9855]
[ 2.7709,-3.53  , 2.6737, 0.3712,-0.214 ,-1.2067, 2.4455,-0.1764,-0.6625, 1.4898, 2.2962, 0.5436, 1.5174, 0.3713, 1.6787, 0.0959,-1.7429, 2.876 ]
[ 4.6691,-3.5425, 0.2384,-0.1312,-1.6146, 1.5148, 1.8248,-1.0039,-2.6996,-1.3146,-1.8586,-1.6737,-0.1922, 2.3294,-0.8693,-0.156 ,-1.0953,-2.2104]
[-0.6488,-4.9368, 3.7097, 2.3886,-0.3532,-3.0886, 0.0286, 2.4545, 1.7155, 1.4788, 2.9195, 0.6571,-3.0021,-1.1925,-0.3762, 0.4884, 1.6641, 1.8065]
[-0.4482,-4.2009, 5.4175, 1.5463, 0.7558,-2.1692, 2.9917,-1.9867,-0.5295, 0.2854, 1.5235,-0.5542,-1.1307,-0.6162, 0.252 , 2.3735,-1.9544,-1.264 ]
[ 1.1286, 5.4062, 4.3679, 3.0529,-0.072 , 1.2277,-2.0197, 0.7552,-0.4896, 0.8782, 2.7671, 0.8649,-0.9152,-1.082 , 0.4723,-2.9568,-1.2335,-0.7354]
[ 0.3952,-1.2475, 3.6558, 1.3811,-1.8533, 2.8104,-2.4241,-0.6431,-2.0165, 1.439 ,-0.3721,-1.5698,-2.8327, 0.4326, 0.1923, 0.9996, 2.5095, 2.03  ]
[ 0.752 , 3.4837,-2.4631, 0.6109, 1.6371,-1.002 , 1.657 , 0.5566,-1.984 , 1.0935,-0.1992,-0.5407,-2.2916, 1.8417,-1.3157,-2.3761,-0.2315,-3.131 ]
[ 0.8427,-2.2683,-2.2365, 0.9929, 1.3642, 2.8672,-0.4126,-2.2922, 1.5612,-2.4684, 1.7134,-2.7896, 3.0436, 0.0209,-2.2993, 1.9626,-0.9356,-2.103 ]
[ 1.4329, 1.6199, 3.0424, 3.0361,-0.8979, 0.7662, 0.9261, 0.7701,-3.0069, 0.4993, 2.2343,-0.4669,-2.9765,-1.0544,-1.924 ,-0.7297,-0.7135, 0.0049]
[-0.8673,-3.9378, 1.864 ,-1.8033, 1.4227, 2.8277, 0.038 ,-2.3616, 1.7067,-2.2649, 1.5006,-3.054 , 1.4165, 2.7084,-1.5699, 0.1608, 2.391 , 1.4898]
[-3.0082,-5.262 , 5.2887, 2.9177, 1.0848, 0.4587, 0.6476, 1.0675,-1.803 ,-1.8758,-0.7002,-1.2802,-1.0263, 2.2172,-1.052 ,-0.2736,-1.404 , 2.708 ]
[ 2.6826, 3.1686, 4.8723,-2.0107, 1.8746,-0.2291,-1.0656, 1.5748,-1.723 ,-0.0582, 0.718 ,-2.867 , 0.3438,-0.2784, 2.4079,-2.2381, 1.3533, 0.1682]
[-3.3754, 2.5616,-1.5899, 0.7482, 0.3884,-0.143 , 0.2498, 2.1306,-1.0353, 2.0746,-2.1612, 0.451 ,-0.2686,-2.9259, 3.1288,-1.3276,-0.3932, 1.4197]
[-1.0309, 4.3039, 5.3874,-1.7222, 2.5697,-2.7464, 2.7316,-2.4453,-1.5188, 1.9722,-0.2282,-0.8362,-0.5385, 2.9303,-2.3784,-1.0971, 2.4686, 0.8073]
[ 5.0524, 5.3789,-2.2092, 1.0137,-1.7016, 2.6468, 0.657 , 1.5058,-2.8903,-2.0701, 0.2759,-1.7495,-0.2164,-0.2621,-2.1354, 1.8113, 3.0236, 2.8847]
[-1.3298, 2.543 ,-0.2172,-0.4138,-1.3412, 0.3089, 0.1127, 2.1111, 2.3947, 1.3005, 0.1636, 2.8616,-0.2907, 2.167 , 1.3184,-0.8226, 0.5231, 1.3294]
[-2.3052, 1.2449, 0.732 ,-1.4771, 0.5373,-0.3373, 2.1112, 1.2179, 2.8508,-2.3052,-2.7514,-2.9319,-0.8778, 1.8582, 2.3988, 2.468 , 1.0227,-1.1009]
[-2.312 ,-1.8695, 1.5911,-1.9692, 1.1521,-2.3772, 0.3324, 0.1735,-2.8372, 0.0712,-0.2384,-0.9756,-3.0745, 2.1774, 0.046 , 1.5402, 0.3977,-1.8975]
[-0.8643,-3.6406,-2.2066, 2.1166, 3.0551,-0.0195,-1.1848,-1.8644,-1.1248,-0.947 , 1.7569, 0.6432, 2.2257,-1.5294,-2.1092, 1.3415, 1.9177,-1.8282]
[-4.5472,-3.7111, 3.9376,-0.7155, 2.9056, 2.9353,-0.1808,-0.7785, 0.7589, 2.3571,-0.5208, 2.5757,-0.5583, 0.1157,-2.3512,-2.8546,-2.4699,-2.3883]
[-3.2345, 1.0463, 4.0889,-0.1868,-1.7097,-0.0911, 2.0031, 1.6623, 2.0285,-3.0789, 1.3146,-2.7581, 0.2882,-3.0491,-2.5547, 0.1294,-1.3029,-2.845 ]
[ 3.7845, 4.7102,-1.784 ,-3.1198,-0.8802, 2.3197, 0.3686,-2.958 ,-2.6178,-2.4299,-1.7936, 1.0251,-2.1561,-0.1675, 1.5321, 0.7678, 2.6857, 0.7639]
[ 0.4594,-2.1518, 0.0674,-1.6675, 2.7327, 1.1947,-0.0035, 0.8411, 2.1115,-2.075 ,-1.8903, 3.0829,-1.8573,-2.9209,-3.0179, 3.0851,-3.0961,-2.5538]
[ 3.1604, 1.2662, 4.8682,-1.6594,-1.5853, 3.1408, 2.6192, 0.1281,-0.6602,-1.4618,-1.1938,-1.446 ,-2.8629, 0.5799,-0.5875,-2.399 ,-2.2935, 0.5107]
[ 0.0713, 3.0376, 4.0017, 2.4136,-2.1953,-0.9119, 0.0803,-1.4597, 1.135 , 0.6247,-2.0285, 0.4178, 0.0513,-2.95  ,-2.2315,-2.534 , 2.2225, 2.8859]
[-2.3741,-3.3385, 4.2013,-0.7626,-1.0897,-1.9303,-1.4901,-1.8819,-1.9613, 2.7468,-0.3683, 2.6987,-1.6277,-0.6638,-0.2956, 1.4822, 0.0866,-1.9298]
[-1.4315,-0.6928,-4.9004,-1.072 , 2.0988,-1.9612, 2.9819, 1.2325, 1.8808, 3.1286, 0.3021, 1.9427,-1.4427, 0.5945, 1.9961,-0.9278, 2.4212,-0.5231]
[ 0.9348,-4.4341,-1.8893, 2.4235,-2.0878, 2.3113, 2.9547, 2.6449,-1.2857,-2.1565, 1.5728, 2.7277,-2.7075,-1.3936,-0.9366, 2.6779, 1.9889, 0.3708]
[-2.0553,-2.6547, 1.8843,-1.7859, 0.6711,-1.535 ,-2.3794,-0.0517, 1.5289, 2.9126, 1.4469,-0.9086,-0.3951,-1.7022,-1.4024, 1.25  ,-2.7319, 1.5076]
[-5.3665,-2.6522,-3.9707, 2.1645, 1.9138, 1.2889, 3.1132,-1.3113, 2.1527, 3.0261, 1.7881, 1.6175,-0.5375, 0.5943,-1.8749, 2.3681,-0.9435,-2.437 ]
[ 4.0772,-3.4803,-1.1201, 1.9634, 1.1461,-1.5927, 1.8295,-3.0443,-2.5576, 1.4416,-1.0577, 2.0645, 0.4669, 1.817 , 3.1073,-0.8902,-2.6851, 0.8494]
[ 2.64  , 4.2451, 4.8495, 2.813 ,-0.2145, 2.1753,-2.4839,-2.3284, 2.2977,-2.957 , 0.1823,-2.371 , 1.9554,-0.7121,-0.816 ,-1.5479, 2.0914,-1.0867]
[ 0.6193, 3.7079,-2.3625,-1.3971,-2.3715,-0.4762, 1.4354, 3.07  ,-0.5037,-0.9622,-3.0928,-1.28  ,-2.7726,-0.4138,-0.8879, 2.1526, 1.8741,-1.8257]
[ 4.0825, 0.1367, 5.4962,-2.1268,-2.6124, 0.3895,-0.3022, 3.1042,-0.2022, 2.5505, 1.6554, 1.4876,-1.1105,-0.0262, 0.1529,-2.3653, 1.3252, 2.1116]
[ 5.457 ,-2.8809, 4.2681,-0.1263, 2.4192, 0.0064,-0.8067, 1.5836, 2.6367, 1.6131,-1.718 ,-1.6797, 0.2106, 0.9696,-2.4143, 0.3295,-1.9983, 2.1225]
[-4.4238,-4.2593,-3.5806, 0.4661,-2.9873,-1.7698, 1.204 , 2.3209, 2.2566,-2.2483, 3.0547,-0.1014, 2.336 ,-2.0684, 0.3772, 1.2314, 1.7869,-2.4585]
[-0.3042, 3.165 ,-2.4039,-0.5296, 1.7223,-1.2821, 0.97  ,-2.0213,-1.6242,-2.2334, 2.9263,-0.8852,-0.8252, 0.1195,-0.5126, 3.0623,-2.0382,-1.4681]
[-2.4059, 1.9332,-0.8093, 2.4011,-1.6966, 2.1072,-0.0125,-1.8641,-2.0665,-2.7887, 2.2217, 1.7839, 1.5215,-0.3198,-0.4105, 2.2619, 1.9009,-1.7663]
[-5.183 , 1.4452, 2.7876, 2.5079,-1.5724, 2.2734,-0.8878,-1.9301, 0.322 ,-1.1119,-0.7436, 2.4781,-0.4677, 1.8541, 0.8842, 0.9291,-2.0255, 1.3744]
[ 0.3502,-2.6296, 3.279 ,-0.2965, 2.0934, 3.0686,-0.4951, 1.8382,-1.2771, 1.6053, 1.6936, 1.402 , 3.0706,-0.8381,-1.2316, 1.6609,-1.9952, 0.8028]
[ 3.3664,-1.8759,-3.7912,-0.331 ,-0.5081,-1.6081,-0.5611, 0.321 , 0.3327, 1.0718,-3.1011,-0.3769, 0.7974,-0.7839,-1.1244, 1.5116,-1.523 ,-2.1796]
[-2.905 , 2.6026, 0.2185, 1.8913, 2.4777,-0.4173,-1.7988, 1.6965,-2.6752,-2.8023,-2.9016,-0.9007,-1.9595, 1.0778, 2.2338, 2.0273,-0.8179,-0.1565]
[-4.5839, 0.7037,-5.3886,-0.9959, 2.5852,-2.8584,-1.6766, 2.7527, 2.0576, 0.6056,-2.0615,-2.5579, 0.4945, 1.9345, 2.7793, 0.4051, 1.8494, 3.0973]
[-5.3405,-5.4029,-3.29  , 0.8438, 2.2596, 1.9448, 1.2663,-2.1723, 3.1022, 0.4701,-2.4437, 1.2044,-2.7064, 2.3122, 1.4194,-1.7832,-2.3008,-0.9922]
[ 2.9297,-1.6885, 1.4477,-1.2264, 2.5454, 2.8629, 3.0516,-0.9914, 1.4961,-1.1972,-2.981 ,-0.0895,-1.2777, 0.4983, 1.2041,-2.3389,-0.8358,-2.0221]
[-1.9619, 0.7332, 0.0498, 1.1944, 1.1498,-0.3594, 0.1897,-1.1191, 1.5988, 3.0764, 0.7504,-2.0752,-2.6657,-1.5773,-1.8012,-2.3914,-1.2544, 1.3739]
[-5.4716,-0.1855, 3.353 ,-3.0323, 2.3378, 0.793 , 1.8057,-2.774 ,-1.0725, 0.7259,-1.3419,-1.3076, 0.712 , 1.9425,-1.0854,-2.7787, 1.6953, 3.0189]
[ 2.9074,-1.2249, 2.2862, 0.7139, 1.655 , 0.5517,-2.7418,-0.6779,-2.002 , 2.9647,-0.572 ,-0.6255,-2.1084, 2.3526,-2.729 , 1.112 , 1.819 , 2.3055]
[ 1.9156,-1.3808, 3.8288,-0.3191, 2.1741,-0.7815, 0.6209,-1.4438, 1.3605,-3.0064, 2.8489, 1.649 ,-2.7643,-2.7399, 0.5034,-2.2779,-1.8117,-0.9307]
[-3.0794, 1.4781, 0.2255, 2.0548, 0.2238, 0.3857, 0.1297, 0.2792, 2.0696,-2.8404, 2.5117,-2.4122,-0.1379, 1.7816, 0.3128, 0.1905,-0.5519, 2.8843]
[-4.7628e+00,-1.0162e+00, 3.9985e-02,-2.9265e+00,-1.4051e+00, 1.5758e+00,-5.9859e-01,-2.5230e-04,-3.5701e-02,-7.2881e-01, 9.3900e-01, 5.4445e-04,-1.6483e+00,-4.7429e-01, 1.6611e+00,-4.3511e-01, 1.3600e+00, 2.2200e+00]
[-5.3376,-1.1895,-0.5992, 0.453 , 2.1969,-1.5583,-2.524 ,-1.2321,-1.0969,-0.4134,-1.4674, 0.7062, 2.3629,-0.628 , 0.4896, 1.1119,-0.4295,-0.8667]
[-4.5246,-5.1865, 4.2339, 0.4967, 2.4421,-1.8764,-0.5014,-1.0732, 2.2924, 3.0521, 2.4733, 0.7964,-0.194 ,-1.2922, 1.8884, 1.6362, 1.585 ,-0.497 ]
[ 4.2537, 2.819 , 0.2344,-1.7586, 0.3064, 2.6087, 1.9797,-0.8132,-2.2429, 1.5078, 0.7332, 0.6114,-2.8458,-2.9444,-2.7712, 1.2745, 2.0643,-2.7274]
[ 0.5734,-4.2619,-4.4522,-2.2047, 1.2645, 0.3137, 2.9139, 2.4528, 1.0034, 2.4694,-0.6975,-1.1339,-3.0452, 2.8826, 0.8222, 2.4775,-0.5769,-1.0121]
[-1.8989, 3.6937,-1.2265, 1.8833,-2.7416,-1.8834,-1.5897,-0.252 ,-2.1716, 0.4463, 0.3033, 0.6022, 1.5566, 0.9482, 1.7762,-0.2147, 0.2568, 0.7737]
[ 0.9015,-1.875 , 1.3421,-2.7769, 1.6828,-1.4354,-0.6659, 2.6979,-0.8558, 2.3113,-2.6061,-1.8861,-0.6489, 1.8446, 0.9995,-0.6868,-1.9031, 0.6918]
[-3.0244, 1.3737, 3.6831,-1.1081,-1.0717,-3.1203, 1.988 ,-2.087 , 0.2204,-1.7552, 0.6152,-0.5569,-0.342 , 1.8994,-0.8639, 2.3104, 1.6261,-1.1845]
[ 0.3907, 1.6965, 5.034 , 1.1164,-2.5825, 1.5554,-2.057 , 0.3821, 1.2408,-1.4746, 2.129 ,-1.5333,-0.6784, 0.0669,-1.5999,-2.7874,-2.4886,-0.6534]
[ 3.622 , 3.9072,-3.714 ,-1.4005, 0.9188, 0.9953,-3.1186,-0.9691, 2.53  , 2.1128, 0.421 , 0.2905, 2.324 , 1.4473,-1.4486,-1.9826,-1.0298,-1.3291]
[ 1.379 ,-1.9118,-3.0353,-1.5466, 0.5877, 2.8646,-0.7941,-0.7093, 1.5112,-0.8223,-0.241 ,-1.5896,-0.0911, 0.9517, 2.8375, 2.2607,-1.6647, 1.4346]
[-0.1337, 2.3905, 3.4128,-2.1598,-2.8055,-0.1603, 2.5844,-2.1263, 2.7517,-0.3594, 0.3221,-1.4011,-0.9931, 1.1235, 0.5374, 0.1282,-0.8074,-1.7957]
[-2.1062,-1.8446,-0.3279, 2.8863,-2.4717, 1.6555,-2.7743,-0.1382,-3.1333,-1.8694, 1.9633,-3.0976, 0.031 , 0.174 ,-0.4709, 2.1456,-2.1766, 1.7743]
[-4.2423,-0.499 , 4.4578,-1.2411,-1.2162,-0.1898,-2.1927,-1.1252, 2.8484, 2.1516,-2.7568, 1.843 ,-2.7597, 0.0329,-0.4322, 0.8709, 1.7576,-1.3381]
[-2.3032,-3.7896,-2.0952,-0.8802,-1.1296, 2.4873, 2.7681, 3.0334,-2.1079,-1.7711,-1.1685, 2.3579, 1.7205,-1.5852, 1.7708, 2.5963,-1.5853,-0.0039]
[ 5.0995,-1.0606,-1.8218,-2.4115,-2.485 ,-0.0713,-0.244 ,-3.0691, 2.5978,-3.0996,-1.4989, 2.4247,-2.0803, 0.331 ,-0.6664, 1.7778,-1.5197, 0.7816]
[-2.4708,-4.0034,-4.6206, 1.8578, 0.4908,-2.9169, 0.322 , 0.3159,-0.9392, 2.6361,-2.3524,-0.3154,-3.0178,-2.6237,-2.8513,-1.7335,-2.8289,-0.696 ]
[ 1.5336, 2.263 ,-0.8377,-1.9241, 0.2725, 1.1429, 3.0798, 1.7176, 1.2638,-0.6981, 2.119 , 0.5036,-0.5757, 1.8957, 1.2515,-1.6613,-2.957 ,-0.9913]
[ 4.6987, 4.5019, 2.3619,-1.2743,-2.1687,-2.0151,-2.16  , 2.6872,-1.5025, 1.4059, 0.4008, 0.8653, 0.1515,-2.1373,-0.2375, 0.4991, 2.1839,-0.5362]
[ 1.7124, 2.4745,-4.2414,-2.2142, 0.5202,-2.6154,-1.995 ,-2.696 , 2.5066, 1.8284, 0.5267,-1.9737,-1.0573,-1.03  ,-1.0319,-3.0017, 0.7259,-1.1022]
[-3.9791,-5.2351, 1.1997, 0.9016,-1.0419, 1.3116,-2.3245, 0.4649, 1.1308,-1.9405, 0.7889,-1.7542,-0.7496,-1.2252, 2.5659,-0.3893, 1.1747, 0.3836]
[-1.3954,-3.0829, 0.8406, 0.4852,-2.6476, 1.9098,-2.1008,-0.6485, 1.542 ,-0.2578, 0.4088, 2.826 , 0.4094, 1.1808, 0.365 ,-1.2198, 0.8711, 0.4361]
[ 1.1263, 4.6884, 5.0106, 0.0842, 2.6155, 0.6545,-1.8881, 2.863 , 0.8872, 0.802 , 2.1608,-1.3335,-2.992 , 1.6631,-2.1181, 0.7052, 0.6056,-2.2182]
[-1.5223,-1.5577, 4.1581,-0.5171, 1.3147,-1.4817, 2.5232,-2.9028, 0.7499,-2.1645,-2.9526,-2.2802, 1.3408, 2.1187,-1.0704, 2.9151,-2.0369, 1.7218]
[ 1.5473,-1.9685, 4.85  ,-1.5464, 1.3713,-2.3173,-0.7072, 2.2386, 1.0228,-1.8873, 2.2689,-0.6739,-2.125 , 2.9174,-1.9772, 0.7321, 2.5479, 1.1451]
[-1.4835,-1.6538,-1.223 , 1.6824, 1.0226, 0.0237, 1.125 , 1.2337,-2.3704,-1.0309, 0.1664,-1.197 ,-1.7445,-1.7076, 2.1845, 1.1234, 1.7226,-0.8825]
