[-3.1078,-4.6593,-4.3262, 0.2356, 1.8911,-0.5979, 1.0978, 0.2701,-0.667 , 0.7242, 2.6061, 1.1906, 1.9576, 1.4175,-1.5227, 2.661 ,-0.8191,-0.0788, 1.9441,-1.8724,-1.4125,-1.8164, 1.7902]
[ 5.3709, 0.726 , 4.3786,-1.7681,-2.0522, 1.0021, 0.553 ,-1.9729,-1.7095,-2.3977,-0.515 , 0.7886, 0.5692,-1.2247,-1.8485,-1.2314,-1.9144, 0.4799, 1.5762,-2.0759, 1.8666,-2.7418,-1.1219]
[-1.5362,-3.2037,-1.2277,-2.8484, 1.9007, 2.4186, 2.9046, 2.9518, 1.1256, 1.0343,-1.8429,-0.7169,-0.4973, 2.6893, 1.0075,-2.5416,-0.5763, 1.6863,-1.6403, 2.8929, 2.5203,-2.2724,-0.0759]
[ 2.1426, 2.698 , 4.4972, 1.2108,-1.6456,-2.8247, 1.0568,-2.8998, 2.7593, 1.7207, 2.7289, 0.7402,-1.1941,-1.5505, 2.685 , 2.978 , 0.9291,-2.4152,-1.9191,-1.7412,-1.8631,-1.2091,-0.196 ]
[-4.0924,-3.2681,-5.1159,-2.8514,-0.9414,-0.2354, 3.0225, 0.5574,-0.3177,-2.0705, 0.564 , 2.0978,-1.0663, 0.9535,-0.9666,-0.3969, 2.4243,-1.104 , 1.8953,-2.8721, 1.8642,-1.6015,-0.2898]
[ 0.8803,-1.0357, 1.417 , 0.6071, 2.5935,-0.6086, 0.6686,-0.4553,-0.633 ,-0.3803, 2.0818, 1.357 ,-2.8476,-0.8446, 1.9519,-2.0083, 2.027 ,-1.9118, 2.5213, 0.4442, 1.1209,-1.9292,-2.192 ]
[-1.6127, 0.7024, 3.3852,-1.7894, 0.5741, 0.7675,-0.679 , 1.679 , 0.5847, 2.4879,-2.6795,-1.5346, 2.39  , 3.0586,-0.1446, 0.4222, 3.0405, 2.2262, 1.5221,-1.9297, 1.3352,-0.9323,-0.7501]
[-2.3305, 1.8852,-5.1223, 0.5311, 2.7389,-1.3995, 1.158 ,-1.3597,-1.7026,-0.9812, 0.7688,-1.5618,-2.3053,-0.1847,-2.6175,-2.9051, 0.5275, 1.5975,-2.2241, 1.3349, 0.1992,-0.7987, 0.2519]
[-0.8204,-2.4928, 3.5731,-0.5867, 2.874 ,-2.3937,-1.2923,-1.2834, 0.5922,-0.0372, 1.7105,-3.1131, 0.6678, 0.938 , 1.8255,-2.9902,-2.9261, 1.2463,-0.4927,-1.1928,-2.6706, 0.5443,-0.8272]
[ 4.0602, 1.7664, 3.547 , 0.3553, 0.3074,-0.1147, 0.9633,-2.407 ,-2.6497,-0.1513,-1.6045,-1.6328,-1.1709, 2.9404, 1.5918, 1.9902,-2.6585, 0.3373, 1.6496, 1.5389,-2.9146, 2.1502,-0.2658]
[-2.2795, 2.4613, 0.5677,-1.6587,-0.9263, 0.0715, 1.6396,-1.9076, 1.8956,-0.5245, 1.5077, 1.055 ,-2.8358, 0.4265,-0.0708, 1.8718,-0.239 , 2.8465,-0.8263,-0.5495, 0.0841,-1.5753, 2.5491]
[ 4.0269,-0.01  ,-1.2384, 1.2905, 1.6851,-2.2557,-2.2484,-2.2856, 1.9614, 1.0838, 2.147 , 1.4344, 0.0974, 2.3537,-2.0888, 1.74  , 0.5352, 2.5303,-1.274 ,-1.8672, 3.0985, 0.7977,-0.521 ]
[-5.1758,-0.553 ,-1.4869,-2.8875, 2.7001, 0.471 , 1.383 , 2.7503, 1.9237,-1.1019,-0.0316,-1.8215, 1.4986, 1.0718, 0.3038,-1.142 ,-0.1993, 2.3233, 0.7987, 2.1293, 1.0356,-0.3906,-0.2604]
[ 3.7548e+00,-3.9069e-01,-2.1244e+00,-1.2766e+00,-3.0240e+00,-3.1212e+00, 7.1520e-01, 1.7973e+00, 2.4021e+00,-2.2030e-01, 7.1124e-01, 2.6068e+00, 2.8175e+00,-1.0737e-03,-4.8300e-01,-2.4911e+00,-2.5589e+00, 1.9379e-01, 3.0047e-01,-1.7443e+00, 1.6125e+00,-2.1154e+00, 2.7036e-01]
[-1.5543,-3.2047,-2.3049,-1.2147,-1.9344,-1.9861,-2.0792, 1.9903, 2.6662,-0.5216, 1.9574, 2.2454, 1.9237,-1.9196,-0.5894, 0.7642,-2.054 ,-0.4253,-0.9722, 1.2659,-2.2784,-1.8815,-1.6165]
[ 0.3421,-5.3714, 0.3099,-1.2442, 0.3803,-2.2206,-1.808 ,-1.3518,-3.0436,-1.6015,-0.8001, 0.1638,-2.5988,-1.4661, 2.6511,-1.4869,-1.4127, 0.9172,-1.774 ,-2.778 ,-0.7817, 1.2492,-3.0305]
[-2.9796, 1.3926, 2.9226, 0.7292, 1.3997,-1.9301, 1.367 ,-2.9746,-0.0628, 2.1342,-0.8082,-0.1274, 1.3092, 2.7155,-0.9102,-2.5221, 0.1981,-0.6735,-2.4624,-0.2651,-0.279 ,-2.2411,-2.2415]
[ 4.7655, 2.2797, 3.3952,-1.2251,-0.2233,-2.5983,-1.5648, 1.1216,-1.3199, 0.694 , 1.5971, 1.5027,-2.9615,-1.7505,-2.3696,-1.9427,-2.3645,-0.4581, 2.1942,-1.034 ,-0.408 ,-1.5657,-0.9331]
[-4.1235,-3.2074, 4.4451, 0.0582,-1.7626,-2.9413, 2.1611,-1.3099,-1.7366,-2.4981, 1.9101, 1.6825,-1.149 , 1.0551,-2.1847, 0.7486,-2.9105, 1.3379,-1.3983,-2.1786,-0.7084,-1.2472,-2.7131]
[-1.4   , 2.9775,-4.0578, 3.0884, 0.8036,-0.1704, 2.6149,-0.4688,-0.9629, 0.0806,-2.5622, 0.5944, 0.188 , 1.0227,-2.6023, 1.519 , 0.474 , 2.3898,-1.8935, 2.8588, 0.318 , 0.5991, 2.7597]
[-0.8601, 0.065 , 3.3567, 1.7225,-0.6632,-3.0179,-0.5451, 2.0369,-1.5395, 1.2328, 0.2133,-0.4308,-2.4961,-0.7355,-2.0976,-0.5385, 2.2585, 0.2558, 1.9631, 2.4342,-2.3465,-2.9402,-2.4055]
[ 3.0352, 2.321 ,-3.1723,-1.7378,-1.3415,-2.1235, 0.1843, 2.4436, 0.7377,-1.1565,-2.6187,-1.4209,-2.5579, 0.7804,-1.3879,-0.2176,-3.1021, 3.0213,-1.2016, 0.3536, 0.0781, 0.866 ,-3.0746]
[-1.4545,-4.7857,-3.231 , 0.3924, 2.7056,-1.9313,-2.6825,-0.529 ,-0.7805,-1.9441, 3.1355,-0.2957, 2.7176, 0.0147, 1.303 ,-2.3171,-1.2082,-1.3247, 1.3485, 1.1442, 0.7064, 0.4339, 0.0206]
[ 1.3284, 5.2689, 0.7456, 0.5603, 0.6636,-2.849 ,-1.879 ,-1.1177, 0.5964,-2.6264,-2.0307, 0.4492,-1.22  ,-2.0643, 0.4267,-2.4943,-1.0557,-2.6219, 1.5728, 0.2235,-0.6532, 1.4498, 0.5576]
[ 1.1189,-3.8405, 1.8509, 2.7869, 2.8598,-1.1845, 0.7803,-1.2336, 2.344 ,-1.5729,-2.5484,-2.7756, 0.3982,-2.2714, 0.8338,-0.2016, 1.3273,-0.8274,-0.0423, 1.7914, 2.0618, 2.4749,-1.2969]
[-4.8131,-1.191 ,-5.1353, 0.8663, 3.1356, 2.6642, 0.695 , 0.9807,-0.6463, 3.1201,-1.5357, 0.7987,-2.6421, 1.7516, 2.6459,-1.3412,-2.8485, 3.0275,-0.3478,-2.5832, 2.6704,-2.8312,-0.1829]
[-4.2763,-1.0731, 4.245 , 1.5367, 1.6785,-0.8467, 0.9608, 0.3136, 3.1361,-1.3987,-1.9789,-2.6868,-1.9811, 0.9843, 0.0719,-1.3381,-2.1133,-0.205 , 1.9005,-2.9252,-0.6754,-1.2061,-3.0771]
[-0.9558, 0.7577, 4.7869, 0.6907, 0.693 ,-1.98  ,-1.4035, 0.4423,-1.4644,-0.6788,-3.0065,-2.6474, 1.3009,-2.69  ,-0.8324, 3.1096,-0.4957,-1.6083,-0.7882,-1.1758,-2.102 , 0.327 ,-2.9165]
[-4.634 , 4.896 , 5.1189,-0.104 ,-1.5522,-2.4691,-2.6488,-2.3591, 1.818 ,-0.2101, 1.7952,-1.2024, 0.3456, 2.2147, 1.0082, 1.5997, 0.4304, 1.8613,-2.8319, 0.877 , 2.327 ,-1.5854,-0.6965]
[ 0.4822, 0.5818,-4.8638, 1.3955,-0.7761,-1.2666, 2.4827,-2.0281,-1.0875, 0.7058,-2.8417,-2.5919,-1.9231,-0.7285,-3.1321,-0.9493, 2.2239,-2.3284, 0.8378,-2.3474, 1.814 , 1.238 ,-0.9773]
[ 4.5178, 0.4178, 2.7349,-2.5761, 2.8638, 0.9652,-0.8192,-1.5644,-2.6055, 0.3721,-1.6287,-2.7461,-0.4204,-1.1054,-0.183 , 2.7394,-1.7856, 1.6992, 0.546 , 1.0245, 2.2378,-0.6662,-1.9486]
[-4.4061,-2.8763, 4.3719,-2.4417,-0.3242, 1.5109,-0.172 ,-1.2689, 2.7328,-1.8466, 1.5541,-2.5679, 0.111 , 1.9691,-0.0187, 2.671 ,-0.7998,-1.1961,-1.1838,-2.8492,-2.5618, 0.2436, 0.8082]
[-2.4123,-1.9453,-0.1903,-0.9176,-2.7255, 0.6141, 2.5112,-2.8137, 2.8128,-2.2226,-1.9672,-1.008 , 0.4872, 0.805 ,-0.4894, 1.2206,-2.1746,-0.9671, 2.8261,-0.8721,-0.8022,-0.8011, 2.4823]
[-1.9153, 0.514 , 2.5676, 2.8833, 2.692 , 1.0579, 0.84  , 1.8758, 1.1423,-1.7539, 2.9797, 2.8337,-1.6911, 2.9706, 2.6636, 0.6865, 1.1229, 3.0212, 0.305 , 1.2444,-0.7726, 0.0556,-2.5126]
[-2.6729, 0.3999,-4.4844,-0.6922,-2.68  ,-1.1725, 2.1898,-2.9267,-0.899 ,-1.8623,-0.2755, 0.7556,-1.5052,-2.4292,-1.5233,-1.3232, 0.4947,-0.491 , 0.4319, 0.3472, 1.1933,-1.7736, 2.7586]
[-3.4817, 0.0154, 0.7004, 2.428 , 2.6972,-0.3723,-2.6532, 1.6231,-2.674 , 0.5928,-0.7996,-1.7612,-2.3404, 1.9855, 3.0364,-2.951 , 1.2801, 2.1319, 0.7713, 0.8439,-0.8514,-2.906 ,-1.551 ]
[ 2.763 , 4.7044,-4.7922, 2.9223,-1.7455,-0.5393, 1.4496,-0.9168,-2.3869, 1.6036,-2.4645,-0.3653,-1.0623, 0.55  , 0.3493,-2.2261,-1.3016,-1.9059,-2.3214,-0.7049,-2.5341,-3.0992,-1.4889]
[ 5.0737,-2.444 ,-2.6674, 1.302 ,-0.254 , 0.8965,-0.5667, 3.0022, 1.4261, 0.017 , 0.9083, 1.7985,-2.5653,-2.9373,-0.8134,-2.8179, 2.227 , 2.3029, 0.1714, 1.3444,-1.1649, 1.8244, 1.2795]
[-3.766 , 3.8728,-5.4789, 0.2564, 2.4765,-2.4378,-1.3528,-1.0333,-2.0843,-1.9695,-1.8149,-0.9683,-0.2111,-2.0725, 2.0374, 0.5069,-3.0759, 0.9016,-1.8813, 0.3181, 0.5189, 1.7724, 0.8962]
[-3.5701,-2.2823, 3.1877, 0.8301,-2.6218,-0.8222,-2.0714, 1.7343,-1.4977, 1.3578,-1.9847,-0.8317, 2.8375, 1.3007,-2.5126,-2.439 , 0.5725,-0.7409,-0.7168,-0.5728, 0.019 ,-1.9068,-1.8123]
[-0.5607, 5.2487,-3.6505,-2.2718, 1.5585, 2.2981,-0.815 ,-0.8767, 2.5538, 0.1731,-1.3574,-1.5864,-0.0252,-2.8914, 3.1408, 2.787 ,-1.367 ,-0.1472, 0.1226, 1.2994, 2.9156, 1.3922,-1.4391]
[ 2.7948,-4.8719, 0.4145, 2.386 , 1.674 ,-0.1266, 1.6002, 1.928 , 2.8551,-0.4245,-1.9288, 2.7345, 3.1416,-2.7845,-2.627 ,-0.4825,-1.6784, 0.0358,-1.5052, 1.8361,-1.8837, 1.9706,-2.7347]
[-0.325 ,-1.4999, 3.3961,-0.196 , 0.7195, 0.4077, 0.1835, 0.453 , 0.9952, 1.6223,-2.5412,-0.2595,-1.9835,-0.7073,-1.3773, 2.096 , 2.6061,-2.2634, 1.8495,-0.8559, 1.8812,-3.1133,-2.7959]
[-3.8656,-3.955 , 5.4791,-1.4929, 0.6971, 1.884 ,-1.7367, 0.999 ,-1.9679, 1.8457, 2.498 , 1.6378,-1.9943, 1.6231,-2.6854, 1.0203,-1.6258, 1.4354,-2.5799,-1.9047, 2.3875,-0.0493, 1.0224]
[-4.1572, 4.1938,-3.8498, 1.9807, 2.8643,-0.3961, 2.0254, 3.1125,-1.4461,-0.7009, 0.5183, 0.303 , 0.6412,-1.9366,-2.261 ,-1.0216,-2.2809,-1.7154,-0.6383, 1.576 ,-2.4177, 2.6142, 1.2762]
[-4.9595, 1.8009, 2.8158, 2.8773,-0.3323, 0.8596, 1.6789,-2.3544,-1.8375, 1.079 ,-1.8015, 0.5624,-0.4615, 0.1351, 1.2112, 2.6069, 0.3621, 0.4477, 1.1214,-1.0556, 2.6402,-1.784 , 1.3915]
[-2.0763, 2.2182,-5.4905,-1.1216, 0.3333, 2.2115, 0.1639,-1.7077, 0.2112, 1.5125, 1.8546, 2.2057, 2.2297, 0.1077, 0.5113, 2.9443,-2.4091, 1.5216, 2.2196,-0.7603,-2.5644,-1.5361, 0.9458]
[-1.467 , 0.116 ,-4.9495, 1.8413,-0.1942, 2.7841, 0.2348,-0.6839,-2.8812,-1.665 , 3.0432,-2.6794,-2.5937, 1.2664,-1.6663,-0.6072,-0.2057, 2.9982,-0.9488, 2.2973, 1.079 ,-1.7459, 3.0337]
[-2.0189, 5.359 , 1.3962,-0.178 , 2.3897,-1.2515, 0.0879, 2.1096, 0.9193,-1.2301, 1.6433,-0.0381, 1.9346,-1.1191,-2.2962,-2.9439, 2.3057, 2.9545, 2.4337,-1.6628,-2.7724,-0.5786,-2.6056]
[-0.9963,-4.4772,-0.9718,-0.5946,-1.8654, 2.2619, 0.9247, 1.4964, 2.486 ,-0.2936, 2.4555, 0.7839, 2.0408,-0.6341,-0.9359, 2.3427, 2.0683,-2.9773, 1.3667, 1.7963,-1.188 , 2.2851,-0.4591]
[-1.6103,-4.8194,-1.6305, 1.8216, 2.7788, 1.3637,-2.5799, 1.4897,-0.7461, 2.5827,-2.9994, 0.2562, 2.2839,-0.0947,-0.02  ,-1.4529,-0.0582, 0.0583,-3.0798,-1.5691,-1.3355, 0.3275,-1.88  ]
[ 2.8974,-0.5447,-3.6811,-2.2783, 0.5685,-2.4061,-1.7737, 0.2686, 1.6566, 0.7358, 1.6716,-2.0958, 2.1181,-2.9239,-1.8688,-0.0602,-2.3568,-2.376 , 0.8403,-0.2927, 0.9671,-2.1459, 0.9955]
[ 4.0605,-1.862 , 4.8922, 1.1006, 2.1289,-0.8532, 1.7913, 1.955 , 0.1447,-1.8519, 1.9972,-0.8238,-1.905 ,-1.6082,-1.6642, 0.2534,-0.4023, 1.4849, 1.6519, 2.6797,-0.4012,-2.6797, 1.3693]
[-0.3581, 1.5061, 5.437 , 1.2598, 2.8797, 1.0135,-0.745 ,-1.6355, 2.3685,-1.1674, 0.289 , 0.5632, 1.7022, 1.7748, 1.6378,-1.9426, 1.3628,-0.9908,-2.0892, 0.4173,-2.8378, 2.2319,-1.1274]
[-6.4178e-01, 3.1272e+00, 1.2688e+00, 2.3903e+00, 1.0351e+00, 2.8612e+00, 1.7112e+00,-1.2370e+00, 1.4194e+00, 1.7621e+00,-1.8806e-03,-7.4882e-01, 2.1024e+00, 2.6091e+00, 9.9164e-01,-1.8316e-01,-2.6758e+00,-2.1800e-01,-2.6906e+00,-8.0526e-01,-2.3634e+00, 1.5079e-02,-2.3799e+00]
[ 1.7419, 2.3553,-4.2057, 1.7147,-0.2421, 1.7711,-0.3998,-0.3954, 1.5754, 2.7503,-1.1937, 0.1628, 1.9574,-2.3592,-0.2336, 2.5941, 1.982 ,-2.8325,-1.3811,-3.1006,-1.7924,-0.8165, 1.2883]
[-3.8785,-5.3444,-0.4808, 2.5161, 0.555 , 0.9019, 0.755 ,-0.717 ,-1.9024,-0.0513, 0.044 ,-2.6087, 1.2023,-2.0561, 2.617 , 1.2091,-3.0332,-2.7119, 0.3393, 0.0548,-2.0214, 2.8847, 0.2393]
[-3.4308,-3.0968, 3.7165, 2.9902, 0.6083, 2.57  ,-3.1193,-2.5276, 1.3335, 2.8274,-0.5891,-0.3516,-2.877 , 0.252 , 1.7689, 3.0403,-1.3757,-1.5793,-1.396 ,-2.7485, 1.9919, 2.4291, 2.4688]
[ 4.0982e+00,-2.6301e+00,-3.6728e+00,-1.1945e+00,-1.4933e+00, 2.7670e+00,-4.5515e-01, 2.1740e+00, 2.5493e+00,-1.2403e+00, 1.7932e+00,-2.5036e+00,-2.2233e+00, 2.0778e+00,-1.6808e-03, 7.1715e-01,-2.8233e+00, 2.3522e-01, 2.6386e+00,-1.5220e+00,-1.8281e+00, 2.7901e+00, 1.0002e-01]
[-3.0084, 1.1739, 3.544 , 3.0574,-1.3063, 2.1242,-2.5949,-0.473 ,-0.4932, 0.85  ,-0.1678, 2.1814, 1.1801, 0.2598,-1.8144,-0.9353, 2.6672,-1.582 , 0.4172,-0.5181, 2.2211, 1.9708, 0.3901]
[-4.6491, 2.8205, 4.615 , 2.6566, 2.3173, 0.3098,-2.8133, 2.7254,-1.5352,-2.7935,-2.4854,-2.4582, 2.9048, 2.4956,-1.9687,-0.5818,-2.2386,-1.7315,-1.6522,-2.0236, 1.8307,-2.0624, 1.7633]
[ 0.6936, 4.8686,-2.6079,-0.429 ,-2.6308,-1.8155, 1.9358, 0.1071, 0.7475,-2.7959,-0.7322, 0.6344, 0.3586,-2.264 , 1.9894, 2.2288, 1.5757,-0.2011, 1.7038,-2.1986, 2.1953, 2.3215, 0.4605]
[ 2.4405, 2.5244,-3.6401, 0.3159, 1.9548, 0.2246, 0.9749, 2.7291,-3.0046, 2.8074,-2.8053,-3.0156, 2.4647,-1.2326, 2.4151,-0.5195,-1.9509, 2.423 ,-2.8356,-1.0115, 2.4831, 2.0482,-1.9187]
[ 5.3285, 5.4754,-2.9533, 0.5888, 2.0874,-2.3291,-0.6298, 1.5302, 1.6938,-1.9751, 1.7088, 0.4132, 2.8378, 3.0966,-0.9335,-0.904 ,-0.3803, 0.4675, 2.5114, 1.9834,-0.7662, 1.7342,-0.7305]
[-4.5324, 0.4741,-4.6402,-0.858 ,-2.7705, 2.7099, 1.0739, 0.2082,-2.0191,-1.4281,-1.537 ,-2.1673,-1.5358,-2.6733, 0.0245,-1.9924, 1.8957,-2.2731,-0.8094, 1.5592, 1.2411, 0.1207, 0.2638]
[ 3.6772, 0.107 , 0.1309, 1.5417, 1.1805, 1.    ,-2.524 , 1.8457, 3.0121,-0.9895,-1.9016,-1.5399,-1.1982, 0.2414,-2.2461, 2.0937,-0.3398, 0.4565,-0.6129, 2.2424, 1.4479,-2.3579,-0.9576]
[-4.5803, 3.2215, 0.716 ,-1.6874,-0.7512,-2.5941, 2.7337,-3.1252, 0.6592, 1.0109, 0.8749, 1.6479, 1.9421,-2.5761,-0.3532, 0.6303,-0.4287,-1.0014,-0.8725,-0.5285, 0.5395,-2.5181,-1.3577]
[ 1.8329, 3.9568,-4.7594, 1.3098, 0.8358,-0.9549, 1.8373,-1.4915, 0.8624,-0.3442, 0.8624,-2.4609,-1.9541,-1.4816, 2.3026, 3.0926,-0.4601, 1.2379,-2.4383,-0.3545, 0.5761,-2.1763, 1.8271]
[-2.755 ,-1.8291, 4.4521,-2.8205,-0.4759, 1.146 ,-2.3531,-2.6617, 1.3449, 0.5678, 0.2492,-1.5585, 0.9163,-0.5176,-2.0214, 2.4933, 1.1322,-0.9074, 0.265 ,-1.4913,-0.1821,-0.0344,-1.0881]
[ 2.9123,-0.1926,-2.4138,-1.1282,-0.9993, 2.6868, 2.4277, 1.3063, 1.1107,-2.3267, 0.5891,-3.133 ,-1.9129,-0.9959,-2.2327, 0.9763,-0.6575,-0.1487, 1.4308,-0.6933,-0.5133, 0.5186,-2.9925]
[-0.4649,-0.9114,-1.5951,-0.4086,-3.0554,-0.908 , 0.6757,-2.5819,-2.2191, 2.3665, 2.9528,-1.5728, 1.1788,-0.4677, 0.2768, 0.56  ,-1.2971,-2.8925,-1.3307, 2.617 , 1.3506, 1.2748, 1.1572]
[ 5.4823, 4.3122, 3.0241, 0.6907,-1.0797, 0.0125, 3.044 ,-2.6763, 1.5418,-2.2749,-1.003 , 1.424 ,-2.7279,-0.6757,-1.9104, 0.4935,-2.0186, 2.0846, 2.9204, 2.3542,-2.1362, 1.533 ,-0.7835]
[-1.9079,-2.3476, 0.6736,-0.1994,-0.2629,-1.1653, 0.9443,-0.2251,-0.1236, 0.7548, 1.0486, 0.816 , 0.7531, 1.0795, 1.4906,-0.6964, 2.2676,-2.6879, 0.9533, 0.32  , 2.2787, 2.8673, 2.9006]
[ 3.1524,-0.545 ,-3.3327,-1.9571,-0.358 , 0.7897,-0.1312,-2.8274, 1.6867,-0.8471, 2.0088,-1.7988, 0.353 , 2.39  , 0.0832, 1.2199,-0.6008, 1.4275, 0.4634, 2.9222,-0.0042, 1.7642,-1.3627]
[ 0.8364,-0.4463,-0.2995,-0.2496, 1.6512, 1.1677, 0.7816,-1.5074,-1.0958, 2.414 , 2.4255,-1.1816,-1.3028,-0.7479,-1.4255, 0.2535, 2.307 ,-1.4871, 1.6774,-1.1029, 2.9794,-1.9787,-1.7766]
[-3.1692,-3.0733, 3.8757,-0.7391,-1.0651, 2.6642, 0.2096, 0.7662,-2.2938, 0.6114,-2.8917,-2.1553, 2.82  , 0.3906,-1.3526,-1.3948,-1.7084,-0.4369, 0.7216, 1.2178,-0.1309, 1.9657,-1.2954]
[-1.2669,-3.8069,-5.169 , 1.5941, 2.1039, 0.1313, 0.3242, 3.0057,-0.8581, 1.7886, 2.9262, 2.4126, 1.9172,-2.3452, 0.0942, 2.2376, 0.9763,-2.6146,-2.7006, 0.3902, 0.1138, 1.8005,-1.1385]
[-0.7567,-3.0233, 2.7834,-2.4068, 1.5166, 0.0375, 0.3828,-0.4076,-2.2292, 0.5672, 0.3019,-1.9836,-0.4403,-1.251 , 0.2862, 1.9503, 1.1177,-0.2989,-2.0591, 2.1551, 2.2463,-1.7185, 3.137 ]
[-0.6602,-2.2428, 3.6802, 1.3308, 0.7272,-2.2154,-1.5268,-1.5294,-1.1924, 1.2724, 0.5521, 0.3223,-0.7462, 2.3685, 1.7546, 1.9809, 0.2289, 3.1209,-1.781 , 2.0345,-1.2659, 3.0769,-1.8894]
[ 1.2955, 2.3572,-3.6865, 1.749 ,-2.5096,-0.3146,-0.2339,-0.2033, 1.0435, 0.1369,-0.9422, 0.9444, 2.4528,-2.361 , 1.85  , 0.7389,-3.0045,-0.6435,-1.5877,-1.758 , 1.8157,-2.5078, 2.8568]
[ 0.1884, 2.5001,-2.9004, 2.4914,-0.1865, 1.7552,-2.9196,-0.6592,-0.9455, 0.1458,-1.5507, 2.4629, 3.0195,-0.5458, 1.681 , 2.8394,-1.7966, 1.1548,-2.7593, 0.2925, 1.2852,-2.8271, 2.3915]
[-2.6602,-5.1104, 1.5554,-1.8135,-2.9882,-2.5989, 2.5506, 2.4449,-1.8288, 1.6307,-0.269 , 2.9007,-0.4277,-0.0623,-2.152 , 2.7495,-0.8752,-2.9299,-0.2421, 1.5549,-1.0904, 1.7592, 2.1814]
[ 0.5584,-4.2916, 4.6945, 1.4343,-0.3409,-2.6218,-1.2344,-2.674 ,-1.4836, 0.5681, 1.5524, 3.1142, 1.9376,-2.3503,-0.7363, 1.6043,-2.403 ,-0.2556, 0.8218, 1.9624, 2.8453, 0.3129,-1.8494]
[-4.4107, 0.5871,-2.44  ,-1.4113,-0.4513,-1.8118, 1.5294,-0.0258, 0.0883,-1.5645,-1.6409, 0.1564,-1.4083,-1.7091,-0.371 ,-2.1723, 0.0665,-1.8388, 3.1261, 1.868 ,-3.0251,-0.192 , 1.5613]
[ 2.7443, 2.8328,-3.311 , 1.589 , 3.0102, 1.5336, 0.3666,-0.226 ,-3.1194,-1.586 ,-1.0191, 1.112 ,-2.9321,-1.7364, 1.967 ,-0.4902,-1.934 ,-0.2288, 1.0465,-2.2362,-2.1284, 2.0159, 2.4183]
[ 2.9632, 2.9435, 1.3802, 2.0479,-3.0141,-0.8745,-2.1667, 1.7554,-0.7992, 1.7246, 1.8643,-0.2521, 1.9322,-2.7935,-0.5672, 0.6904,-2.7296,-0.1213,-2.0944,-1.4564, 1.7833,-1.2521,-0.0782]
[ 5.2128, 5.3469, 3.1344,-0.3526,-0.2873, 0.3402,-2.5311,-2.2375, 2.981 ,-2.8863,-2.171 ,-2.7525, 1.9317,-0.4854,-2.3148,-2.1103,-0.449 , 1.6631,-0.8681, 0.0499, 0.0577,-2.1024, 1.1102]
[-4.5907,-4.4451,-4.0386,-1.5694,-0.8869, 2.4775, 2.161 , 3.1055, 2.8489,-1.1159,-1.786 ,-0.2435,-0.5712,-1.7858, 0.2968, 0.9832,-1.3362, 0.9646, 1.6491,-0.8482,-3.0935,-0.3882,-0.3646]
[-3.9788,-3.4899, 4.6098,-0.1369, 0.6334, 0.3028,-0.5723,-2.0557, 1.7804, 1.5829, 1.3514,-2.1125, 1.3985,-0.1854,-1.6899,-2.9447, 2.6037, 2.8242, 2.9868,-1.6037,-1.2388, 2.9121, 3.1279]
[-4.9966,-4.5323,-4.6698, 1.1311, 2.2453,-0.6608, 0.83  ,-1.539 , 0.4706,-2.5276, 1.0961, 2.1049,-1.058 , 2.983 ,-1.0985, 1.4864, 0.8804, 0.2772,-1.1141, 2.7696,-2.8962, 0.0914,-0.948 ]
[-1.1371, 4.9753,-4.036 , 1.5929, 2.3854,-1.648 , 2.2062,-2.2546,-0.7856, 2.9659, 0.6235,-1.0262,-0.3504, 1.6091,-0.5444,-1.4031, 1.3424, 0.8917,-2.4368, 2.3943,-0.2041,-0.9115, 0.4174]
[ 3.7522, 4.1359, 3.8141,-0.7515,-2.5095, 2.4386, 0.3448,-2.5245,-1.4392, 1.3698, 0.2739, 2.0623, 1.3654, 0.4373, 2.7636, 1.7034, 1.7402, 0.0347, 2.4099,-0.6029, 1.9679,-0.9534,-2.1813]
[ 4.5954, 1.8124,-5.2958, 3.0802,-0.4389, 1.1084, 0.1828, 2.7756,-1.8318, 2.0556,-2.7114, 2.0702, 2.7492,-0.2205, 1.5627,-1.2632, 0.8585, 2.6752, 0.578 , 2.2294,-2.6759, 1.841 , 1.5865]
[-1.541 ,-2.9921,-4.5307, 0.1509, 1.9045,-0.7689,-0.7272, 1.4423,-1.5276,-0.339 ,-1.2927,-0.1862,-2.9626,-2.8923, 0.8706,-2.0898,-2.2531, 2.2066,-2.1058,-2.4188,-1.0487, 0.7404, 0.8894]
[-0.607 , 5.042 , 2.0376,-1.4395,-2.3464,-0.4505, 0.4673,-2.6428, 2.9051, 2.414 , 0.3681,-1.9689,-1.8432,-1.1898, 2.6416,-2.493 ,-0.9869,-0.8418,-2.6547,-1.9838,-0.9755,-0.6874, 2.2716]
[ 2.4116, 0.3668,-3.7474, 2.9834,-0.8241,-1.7654,-0.0905, 2.5986, 2.6194,-3.0882,-1.5572,-2.1372, 1.8665, 2.5801, 0.5005, 2.4208, 2.1382, 1.2408, 2.643 , 1.868 , 1.1501, 1.6369,-2.3984]
[ 1.0911, 4.4495, 2.0949, 2.4598,-2.1946, 1.8185,-0.384 , 0.4847,-0.0262, 1.9207,-2.4937,-2.8367,-0.2364, 0.8656,-2.7913, 0.125 ,-1.4428, 1.463 ,-0.0853, 1.6779,-3.1121,-2.1869, 0.0762]
[ 3.2699,-0.6869, 0.6711,-1.323 , 2.2216,-3.0761, 0.7086,-1.5854,-1.1508, 1.1132,-1.015 , 2.5093,-1.1351,-2.8118, 2.0328,-2.4393,-0.8291, 0.1971, 2.112 ,-1.2646,-3.126 , 0.9396, 1.1776]
[-4.9307, 5.0663, 3.7475, 2.1619, 1.5644, 0.1191, 2.3415,-1.1188,-0.6214, 1.9052,-2.0269, 2.9504,-3.0142,-0.6968, 1.2512,-1.2293,-2.5096,-2.0265,-0.046 , 2.7499, 2.688 , 0.9762, 2.1933]
[-4.2782,-4.9874, 0.3093, 2.5522, 2.0926,-1.1029, 0.3992,-3.0839, 2.3013,-1.8073, 2.1715,-2.6334,-2.1213, 2.8882,-2.958 , 3.0796,-1.0951, 1.9988,-1.3216,-1.358 ,-1.6129, 2.2021,-1.7263]
