[ 2.0644,-0.3853,-1.0557, 0.1284, 2.1954, 1.3898,-1.0603,-2.4789, 1.1855,-2.1159,-1.5325, 0.6142,-0.4588,-2.4172, 0.8979,-2.0062,-1.3997, 0.8363, 0.8605, 2.6501,-0.505 ]
[-1.9802, 3.3757,-0.8496,-2.1986,-1.4424,-1.5964,-0.2986, 2.9772,-2.6349,-1.436 ,-0.2493,-1.9773, 1.0603,-3.1149,-2.2359,-1.5859,-0.9868,-2.3684, 2.5498,-2.2478, 2.8809]
[-1.1774,-4.7324, 3.3934, 1.6441,-1.0733,-2.2948,-0.6525, 2.0721,-2.1106, 1.3906,-2.8245, 2.2192, 0.8336,-2.7014, 1.1236, 2.7533,-2.865 , 3.0437, 1.595 , 2.1234, 1.4727]
[-3.5112, 0.683 ,-1.2229, 2.975 , 2.3111, 0.1243, 0.6367, 2.794 , 1.8536,-3.0607, 0.5475, 0.243 ,-3.109 ,-2.7661, 2.4887, 2.1402,-2.8775,-2.3967, 1.15  , 1.5868, 2.9694]
[ 2.5202, 5.3053, 0.8173,-2.334 ,-2.032 ,-3.118 , 1.121 , 1.2779, 1.1883, 1.6359,-1.1435,-2.3594, 0.5934,-2.1513,-1.6505,-0.3119, 1.1072, 0.4048,-2.9293,-2.1691, 2.94  ]
[-2.2316,-2.4978,-0.2335, 1.9042, 2.971 ,-2.3111, 2.1463, 2.1835,-2.6884, 2.6492,-1.5369,-1.7885,-0.261 ,-2.7138,-0.4048,-0.3584,-0.3032, 2.9199,-1.3977,-2.26  ,-0.8867]
[ 0.5312,-4.4999,-3.4461, 3.1118,-0.4883, 2.4556,-1.5701,-2.4618,-2.4498, 0.0662,-0.8917,-0.2323,-1.3696,-0.9274,-0.7134,-0.3525,-2.9552, 1.7936,-1.2772,-1.9426,-2.963 ]
[ 1.3176,-3.0049,-2.0406,-1.2658, 2.8949,-0.9695,-1.3315, 1.013 , 1.0437, 0.852 ,-1.182 , 2.9622,-1.6152,-3.0132,-0.0701,-0.4869, 3.0671,-1.1403, 0.2782,-0.7041,-0.2257]
[-2.1055, 0.2264,-1.481 ,-1.2162, 0.3139,-1.8575,-1.5227,-2.6498,-0.6618,-0.8065, 2.7442, 2.8702,-0.3844, 2.0091, 0.3745,-0.6685,-2.6019, 0.9868, 0.2997, 0.4105,-1.8871]
[-1.4712,-1.8572,-3.3235, 2.2408,-2.8174,-2.6806, 2.8305, 2.4584,-0.8064, 1.368 , 2.656 ,-3.1325, 3.0405,-1.5471, 2.3139, 0.0511,-1.7141, 0.7233, 2.9794, 0.104 ,-2.9028]
[ 4.6021,-0.0288, 4.0674, 0.3449, 2.2936, 2.0352, 0.4277, 2.1361, 3.0596, 2.6984, 0.5709,-3.0803, 1.7038, 0.0371,-2.1882,-1.4623,-1.4214,-2.3166, 2.4158,-0.9246, 2.2665]
[-4.7313,-2.8267,-2.074 , 3.0927,-2.8643,-0.0666, 0.9512,-0.6742, 2.1243, 1.2312,-1.7469, 1.9595,-0.1815,-2.6754, 1.425 , 1.192 ,-2.5553,-0.265 ,-1.0521,-2.2668,-0.0569]
[ 1.5443,-0.3532,-0.7765,-2.3194,-1.0277,-1.2254, 0.8524,-0.2241, 0.4757, 1.3859, 2.2503,-2.2308, 2.6523, 0.0267,-1.0607, 1.3605,-1.3515,-0.4465,-3.0665, 0.2792,-0.3698]
[ 1.6479, 0.0558,-4.4692, 2.0561,-2.0477,-2.553 , 1.1842,-0.7227, 3.0406, 1.1792,-1.9101,-2.5231,-0.0973, 2.4502, 1.7934, 2.7074,-1.252 , 2.6598,-2.2066, 2.618 ,-2.6652]
[ 1.9897,-3.8181,-1.0613, 0.7746, 2.3612, 2.7336,-2.4762, 2.2613, 0.2001,-1.3056, 0.89  , 0.2692,-3.0642, 2.4541, 2.9154,-1.7102,-2.5147, 2.1989,-2.5125, 3.0562, 0.3575]
[-5.4425, 0.244 ,-5.3083,-2.5177,-2.7193,-1.5785,-0.4662, 0.5611,-0.5008, 2.2858,-1.8107,-2.2469, 1.7079, 1.2218, 0.8361, 1.376 ,-2.3566,-2.0667,-2.2155,-2.2501,-2.3688]
[ 1.1456, 1.724 , 0.7411,-2.0541, 1.3658,-2.7204, 2.7849,-0.8562, 2.0952, 2.4066,-1.6861,-0.0793, 0.944 , 1.2553, 2.9669,-1.9207, 1.3711,-1.2774, 2.5993,-2.7453,-2.1508]
[-2.3042,-1.817 ,-3.4598,-0.4544,-2.7579, 1.3776,-2.4798, 0.1127, 2.4468,-0.698 , 2.6266,-1.6044, 1.6881,-0.2175, 1.0908, 1.0436, 2.3065,-1.1231,-2.512 ,-2.4735, 1.2918]
[ 0.101 ,-1.9353,-4.1469,-0.6481,-1.0046,-2.0514, 0.4716, 0.1173, 2.9037, 0.3191,-1.196 ,-1.6897,-0.5336,-2.9684,-0.5281,-2.7096, 0.4276, 0.7339, 2.6474,-0.3552,-0.0188]
[-3.2377, 2.8433, 2.6994, 1.0703,-1.7545,-0.5532, 2.0438,-0.3471, 1.7758, 1.6978, 0.1764,-1.0312,-1.4465, 0.8938,-1.7312,-2.8073,-2.4905,-2.7784,-1.9618, 2.422 ,-0.9904]
[-2.0569,-0.9142, 1.2737, 2.7214, 2.0521,-0.7451,-2.6019, 1.0084,-1.3248, 2.1522, 0.6524, 1.7687,-2.3806,-1.7836,-0.6112,-1.8468,-1.7664,-0.3943, 2.1551,-0.9719,-2.6411]
[-1.3561, 1.3881, 5.4992,-0.5206,-2.1434, 2.498 , 2.4857,-1.4678, 0.8121,-2.2152, 0.1556,-3.1208,-2.2989,-1.7295,-2.4436, 2.9123,-1.4096,-0.6528, 2.6876,-2.2894,-0.107 ]
[-4.8991,-2.6766,-0.022 ,-2.4005,-3.1063,-1.2129,-0.1046,-0.362 , 0.1818,-2.1687, 2.7976,-1.5092,-0.3092, 1.6861,-3.0957,-0.7271,-0.9187, 1.8189, 0.6837,-0.7468, 1.1831]
[-3.3059, 4.1507, 0.5292,-0.9903, 2.0049, 2.2148, 2.633 , 0.1552, 0.517 ,-0.4465, 2.507 ,-1.4124,-2.5129, 2.6505,-0.6722, 1.0602, 1.8793,-1.5644, 0.6329,-0.7313, 1.6939]
[ 4.1225,-5.284 , 1.5966,-2.9615, 1.7487,-2.4195, 0.9569,-2.4135, 1.546 , 1.8245, 2.8589, 0.8733, 0.0231,-0.1267,-1.8143, 0.134 , 3.0771,-1.6057, 2.8865,-2.6884, 1.5128]
[ 3.4679,-2.6838, 4.8895, 1.1003,-2.6456,-1.5648,-3.1372, 2.4565, 2.7637,-0.4255,-2.0801,-2.1292, 0.8445, 1.9762,-1.3843, 1.5843,-2.3661, 1.9578,-2.2511,-2.8832, 0.839 ]
[-4.5432,-4.9876, 4.3375, 0.9192,-1.7391,-1.9203, 2.3395,-2.0717, 0.9388, 1.6887,-1.665 ,-1.87  , 0.2773, 0.426 ,-2.3085, 2.0519,-1.4894, 2.3284,-1.8757, 0.0222, 2.4429]
[-4.7386, 2.4856,-1.1549,-1.9638, 1.2298,-1.6148,-2.7792, 1.8182, 1.3184,-0.9161,-2.2258, 1.8305, 0.2331, 0.2382,-1.7543,-2.6084,-2.1591,-1.8271,-0.0461,-1.6725, 3.0133]
[ 3.05  ,-5.0098, 3.7935, 2.9367, 1.3392,-1.4051,-2.8318, 1.399 ,-1.3222, 0.4567, 0.3689, 0.4032, 2.7463,-2.8152, 1.4577, 2.4813,-1.4431,-1.561 ,-2.2681, 0.0058, 2.4253]
[-1.5435,-1.211 , 0.1142,-1.6388,-0.1684,-2.1169, 1.3919,-2.1498, 1.3387,-0.2567,-1.4439,-0.7512,-0.4689,-3.1191,-0.8774,-0.4866,-0.2526,-2.011 ,-1.5636,-2.1526,-0.0833]
[-2.6972, 3.7812, 1.8056, 2.6145,-1.7879, 0.4778, 1.2176,-1.0847,-0.603 ,-1.1907, 0.3226, 2.8219, 1.6149, 1.2768,-1.7016, 2.2479, 1.2054,-2.7401,-1.5419, 0.4641,-2.232 ]
[-1.3142, 3.6902, 1.8748,-1.3028, 1.1591,-0.5063, 1.9037, 1.1829, 0.4401,-2.2779,-2.5388, 1.6707, 1.9111,-1.1813,-0.6935, 0.024 ,-2.2384,-2.2675,-0.0404, 1.2331, 2.7266]
[-2.6716, 0.5124,-1.2969,-1.665 , 2.182 , 2.6065, 1.4402, 2.0202, 1.3141, 0.6732, 0.7098, 0.1174,-2.7969,-3.0805, 0.9963, 2.9581,-2.8477,-1.3556, 2.5602, 2.8176, 1.5548]
[ 4.2259, 3.4703,-3.2793,-1.2339, 0.2882,-2.3394,-0.4711, 0.5027,-0.4984, 0.5457, 0.87  ,-2.3949, 1.6213, 0.7067, 2.0022,-1.3856,-3.0657, 1.941 ,-2.0443, 2.4063,-1.0682]
[-4.8792, 4.2788, 1.9304,-1.6959, 0.3984,-0.564 ,-1.3432, 3.1292, 1.1579,-1.3246,-3.0195, 1.5049,-2.3287,-0.0703,-3.0195, 1.1669,-2.463 ,-0.1331, 2.3766, 1.0438,-1.4033]
[ 5.3124, 4.7128, 4.9005,-0.8584, 1.6281, 0.8589, 3.0074,-2.1688, 1.9953,-0.4711, 0.9552, 0.0456, 3.0837,-1.7304, 0.5797, 1.8691, 2.9242,-2.7775, 2.88  ,-1.4086,-1.5958]
[ 2.1479, 3.1487, 4.4893,-2.1441, 2.0098,-2.6518,-2.4663, 1.5841, 2.8891,-2.1739, 2.1229, 2.3747,-2.1222,-2.0854,-2.6038,-1.4596,-0.3643,-0.7332,-3.0461,-0.4283,-1.5161]
[ 1.0516, 0.9867,-4.2644,-1.1773, 1.9683,-1.5008,-1.8483,-0.5393, 0.9401, 2.1151,-2.9545, 1.4549, 1.6047,-2.7517,-1.9368,-0.9634,-0.6372, 1.6532, 1.2929, 1.2774, 0.0278]
[ 0.0848,-3.7596,-0.3678, 2.0392, 2.0322, 0.7135, 1.7096, 2.5607, 1.4147, 0.3305,-1.4566,-2.6761,-1.4122,-2.083 ,-1.1463, 1.3053, 1.497 , 2.2588, 2.0484,-1.6651, 1.0217]
[ 0.9478,-1.9862,-1.9249,-0.7896, 2.305 , 1.0147, 0.675 , 1.1557, 1.5891, 1.459 , 0.4292, 1.769 , 1.7146, 1.2494, 0.1056, 2.0659, 1.9685, 2.2354, 1.241 ,-1.7244,-1.0693]
[-2.3247,-3.9032,-3.9073,-0.1128, 0.9492, 1.913 , 1.3106,-1.9932, 1.1636, 2.2912,-1.3562,-1.5956,-1.6863,-2.2296, 2.4363,-0.677 , 1.1743,-2.3761, 0.5796,-0.1023, 0.535 ]
[-3.6392,-1.5454, 4.9253,-2.7247, 2.5823,-0.2891, 2.1692, 1.0913, 0.9725, 2.6537, 0.2751,-0.779 ,-0.3798,-0.8627,-2.1534,-2.3986, 0.6668, 0.0486,-0.7024, 2.1308, 0.4725]
[-4.7173,-3.6334,-5.3947,-1.2486, 1.8509,-1.7593, 2.4631, 0.5209,-0.3631,-0.7048,-2.5418, 1.0559,-0.2501, 2.3152, 1.7705, 0.0112, 2.8502, 2.1668, 1.4411, 0.0354,-1.4072]
[ 5.3324,-1.5948,-0.6115,-1.7868, 1.3658,-1.5394,-0.7291,-2.6217, 1.033 ,-2.073 , 1.6246,-0.1903,-0.3108, 1.05  , 2.0322, 1.5073, 1.4097, 0.137 ,-2.8653, 1.7608, 2.7961]
[-1.5108, 2.3975, 0.0306, 2.7832, 1.6264,-1.5648, 1.7222, 0.1627,-2.6908,-1.2666, 0.5758, 0.0076, 1.8374,-1.8765, 2.1623, 2.1837,-0.9189,-2.786 , 0.5767,-0.7607, 1.8927]
[ 0.5711, 2.9134,-5.0963, 2.9763,-2.3941, 2.2805,-1.1105, 1.7736, 0.7754, 1.3067,-0.8228,-0.0771,-0.2759, 2.7987,-0.1028,-0.3556,-0.3981,-0.7574, 1.1782, 2.7201, 1.6303]
[-1.8649,-0.6082, 3.9783, 1.421 ,-0.3979,-1.5548,-2.7978,-0.4277,-0.4245,-1.0041, 1.6189,-1.9677,-1.0331,-1.1243,-2.6489, 3.0101,-1.8351, 0.2634,-0.7215,-2.1756, 1.9847]
[ 0.8137, 5.0877,-1.271 , 0.9893, 1.0022,-0.1789, 0.2013,-2.4842, 0.4463,-1.6529, 1.3443,-1.6827,-1.3885, 2.2189, 2.4767,-1.316 , 2.8588, 0.1193, 0.1225,-0.7501, 2.641 ]
[-1.9452, 2.4429, 1.5019,-0.4815,-0.9507, 0.7907,-2.9773, 1.4139, 3.0978,-1.3057,-2.4114,-1.3931, 3.1174, 2.9085, 0.822 ,-0.6739, 2.3831, 0.3056, 2.2058, 1.9573, 2.138 ]
[ 3.3958, 1.2707, 3.7449, 1.9255,-0.8283,-2.1966, 0.3419, 2.0568, 0.9325, 0.3451, 2.7014,-0.2867, 1.2691,-0.2284,-0.4048, 1.4314,-1.1808,-2.6489,-0.1567,-2.1959, 1.7725]
[-4.0277, 1.7863,-4.8478, 0.6625,-2.8922,-0.1259, 0.1812,-0.5817,-2.0257, 0.3597,-2.4531,-2.1205,-1.4635, 1.816 , 2.7075,-1.8846, 0.9886,-2.8941,-2.2928, 0.9089,-2.4925]
[-3.6475, 0.3439, 5.0853, 1.3578,-1.7234,-0.372 , 2.6604,-2.5674, 0.6564,-0.1729, 2.0238,-0.2925, 2.2009, 1.3407,-1.9422,-1.8376,-0.5269,-2.1735, 0.8308,-1.3688, 1.7528]
[-2.1049, 0.8051,-3.9946,-2.1942, 2.5051,-1.9545, 2.1771,-2.5604,-1.8392,-2.6721, 1.2845,-1.2208,-0.2385,-1.1494, 0.4593, 2.2106, 2.4428, 0.5668, 2.0008,-2.0119, 2.9096]
[ 2.65  , 5.2895, 0.472 , 1.623 , 1.8421, 1.0517, 2.0204, 1.8001,-2.2949,-0.6551, 1.0465,-2.6274, 1.2082,-0.6693, 0.8692, 0.6878,-0.5933,-2.2301, 0.614 , 0.2785,-3.1126]
[-5.0661, 4.3827, 5.2883,-1.4946, 1.885 ,-2.4938,-0.3613, 1.1321,-1.5311, 0.0896, 0.2065,-2.2479,-3.1296, 1.417 ,-2.6943, 0.1949,-2.9975, 2.2033,-0.3426, 2.6243,-1.661 ]
[ 2.3082,-1.4886,-0.1015, 2.8838, 1.5307,-0.3343,-1.0097, 0.8636,-1.3011, 2.9376, 0.559 ,-0.4877,-2.8311,-0.0297,-2.7856, 1.3293,-2.6245, 2.0289,-0.3911,-2.6501, 2.0915]
[ 0.7445, 4.5152,-1.931 , 0.4152, 1.2486,-0.8366,-0.5782, 0.1348,-0.0779,-2.9964, 2.1786, 2.4837,-2.7434,-2.4261, 1.0882,-2.4102,-2.9765, 0.6682, 2.9658,-1.5439, 1.3148]
[ 3.992 , 0.0251, 4.318 ,-1.5254, 1.843 ,-1.2669,-2.7845,-2.6425, 2.6108,-2.6047, 1.0018, 0.2349,-2.7504, 2.809 ,-2.4713, 0.2981, 1.1995, 0.8765,-1.3154,-0.6773, 2.1195]
[ 5.4108,-5.4241, 1.2812, 2.2741,-2.1239,-0.7107,-1.614 , 2.1851, 2.1401, 0.7998, 1.9729,-1.5903,-1.3396, 0.0433, 1.4144, 0.0579, 2.032 , 0.7951,-1.9581,-1.1473,-2.4189]
[-4.2816, 4.6502,-5.2093,-0.1916,-1.4245,-1.9732, 0.8926, 1.9247, 2.4127, 0.8038,-2.1955, 1.7216,-0.8542,-2.1408,-1.2368,-0.6563, 0.1175, 1.8313, 2.1856, 1.8223,-0.1735]
[ 4.2029,-3.1759, 2.4832,-1.0982,-1.6977,-2.361 ,-3.0073,-2.2509,-0.9849, 2.05  ,-0.8037, 1.0304,-1.1753, 2.2535,-1.017 ,-0.2451, 1.0195,-1.1882, 1.5074,-0.2598,-1.7874]
[-2.4525,-0.2697,-3.5498,-1.5259, 2.2211,-2.2493, 1.7716,-2.4384, 0.4439,-1.2017,-1.5109, 0.3122,-1.4503,-0.3142, 3.0078, 0.2569,-0.5551,-1.4095, 0.7974,-1.5605, 0.1424]
[ 5.3127,-0.1251, 2.4603, 1.3232, 0.8687,-1.5338, 1.3119, 1.8948,-0.089 , 0.0999,-1.343 ,-0.5019,-0.0898,-1.0693, 2.6802, 0.7474,-0.021 ,-2.006 ,-1.6191,-0.7335,-2.4462]
[-4.8232, 5.0076,-2.3216,-0.9536, 0.414 , 2.6196, 1.4642, 2.3678, 2.8392,-1.6637,-0.0691,-2.012 , 2.7002,-0.8178,-1.944 , 0.3698, 1.9774, 1.5208, 2.3548, 0.7255, 2.3747]
[ 4.3401, 4.2956, 4.9656, 0.6458, 0.4884, 0.4905, 1.2492, 2.8161,-1.3072, 2.3802,-1.9243,-1.2119,-2.4085, 0.7864,-2.7267, 1.2298, 1.0898,-0.9087, 1.5096, 2.1612,-1.1254]
[ 2.5341, 1.7567, 3.9173, 2.1657,-1.7389, 0.4689,-1.9534,-1.5295,-2.4442,-2.0554, 1.4213,-0.631 , 0.6321, 0.5678,-0.5122, 3.1079,-2.1371, 0.0474, 2.4243, 2.2121, 0.8059]
[ 1.2512,-0.1751, 4.9759,-1.8333,-2.7672,-1.5922, 0.7406, 0.4906, 1.4424,-2.8686, 1.6236,-2.9753,-0.1665, 1.1103,-2.364 , 2.1802,-2.5088, 0.499 , 0.9969,-1.6482,-1.6534]
[-1.9491,-3.8185, 1.2773,-2.1067,-0.8096, 1.4295, 0.2706,-2.1451, 2.7195,-1.8095,-1.7004, 1.2395,-1.2004, 3.1042, 0.0687,-2.3845, 1.2771,-2.4295,-2.4538, 1.879 ,-0.1733]
[ 3.2288, 1.9532, 3.9646, 2.74  , 0.7011, 1.6916,-1.3997, 2.9058,-1.483 , 3.0276,-1.7542,-1.6256, 2.2757,-2.285 , 1.1241,-1.1502,-0.6968, 0.4816,-1.9766, 0.4995,-1.4365]
[-3.4634, 0.38  ,-0.3274,-2.4316,-2.4992,-1.7297, 1.6399,-2.1539, 2.4724, 1.5084, 1.8932,-1.5872, 1.7112,-0.863 ,-2.4262, 2.447 ,-1.9723, 0.2426,-2.8764, 0.9491,-1.2913]
[ 4.352 ,-4.864 ,-4.5714, 1.5538, 2.8832, 1.3625, 2.2644,-0.3718, 0.4346, 0.3279,-2.7211, 1.5899,-2.4998, 2.3626, 0.3034, 0.8636,-2.5473, 0.9686,-0.6676,-1.1686,-0.0813]
[ 0.9162, 4.9975, 4.2061, 1.8711,-2.3278, 0.765 , 2.484 , 2.2902,-3.0991,-2.5281,-2.7819,-0.7798, 0.5051, 0.1291, 0.6599,-0.8001, 1.8338, 0.6624, 2.8599,-1.4928,-2.2113]
[-5.2613,-2.8861, 5.241 ,-1.6093, 1.3802, 0.6858,-0.4966,-0.4973, 1.0266,-0.9089, 0.5671,-1.6524,-2.0884, 2.958 ,-1.7751,-2.8042,-1.2262, 1.7188, 1.7484, 0.6849,-1.6153]
[ 1.1645e-03,-3.0383e-01, 5.2615e+00,-3.0097e+00, 1.1581e+00, 3.7927e-01, 1.1439e+00, 3.0591e+00,-8.1790e-01, 9.9736e-01, 1.3225e+00,-3.1067e+00,-5.0868e-01, 2.1460e+00,-2.7570e+00, 2.9560e+00, 1.1500e+00,-1.5775e+00,-1.6234e+00,-1.7249e+00,-1.7461e-01]
[-2.6977, 4.0641,-4.6099, 0.472 ,-2.6464, 1.2765, 2.3223, 0.9043, 0.7561,-2.2495,-1.0951, 2.5503,-1.4993, 2.783 , 2.4364, 0.5298,-2.82  , 0.0667,-1.6557,-1.9988,-0.1636]
[-4.9485, 1.0204, 0.9666, 1.9695,-0.3542, 0.5914,-0.8591,-1.1109,-0.59  ,-2.6949, 0.0477, 2.6312, 2.8572,-2.1932,-1.7772,-0.9515, 1.0918,-2.2437, 1.5677, 2.892 ,-0.7384]
[-0.2654, 0.5411, 0.8497, 1.1622,-2.7766, 0.596 , 2.4443, 2.2289, 2.73  , 0.0171,-1.4858,-1.4099, 1.3865,-3.0924, 2.4733, 2.6646,-2.9401, 2.5056,-2.3726,-0.42  , 2.0772]
[ 3.5105,-1.8371,-4.3203, 2.1146,-2.0784, 1.6999, 1.923 ,-0.663 , 2.5612, 0.2398,-1.0932, 0.656 ,-1.2683, 2.2636, 1.4253, 2.2461, 1.7532, 1.8288,-3.0148,-0.7766,-1.4978]
[ 2.2044, 2.6376,-0.2178,-2.8443,-2.553 ,-0.2715, 1.9058,-0.3225,-1.7565, 0.0884, 0.9664, 3.0827,-2.434 ,-2.8155,-0.746 ,-1.5136, 2.6184, 1.7631,-3.0758, 2.8963,-1.0033]
[ 2.7993e+00, 5.1583e+00, 1.7187e+00, 3.0390e-01,-3.0452e+00, 1.9186e+00,-9.6653e-01, 7.1945e-01,-3.0069e+00, 1.6419e+00, 1.5795e+00, 2.7344e+00, 2.0135e+00,-2.7247e-02,-1.5437e+00, 2.9942e+00, 2.4225e+00,-2.3973e-01,-6.0374e-01, 2.3873e+00,-4.7866e-03]
[-3.7905,-3.3063,-1.0421,-0.4431,-2.9971, 2.0874, 1.309 , 2.6174,-1.9171, 0.1589,-3.0097, 0.2594, 1.4163, 2.4989, 2.1778,-3.132 , 0.2348,-1.8655, 1.5813,-2.5354,-1.146 ]
[ 4.9671, 5.03  ,-1.4257, 2.1967, 0.8164,-2.2666, 1.8261, 0.4591, 0.2786,-2.1531,-2.0053,-2.0726,-1.2831, 2.4265,-2.7443,-1.0184,-1.5129,-0.8513, 2.2126, 1.9206, 1.2194]
[ 0.9693,-4.9112, 4.3124, 1.0364,-1.8694,-3.0382,-2.4836, 0.0884, 1.8014,-0.7275,-0.1865, 1.6652, 1.6987, 0.2276,-2.0822,-1.0167,-0.083 , 0.248 , 0.263 , 2.5088,-1.732 ]
[ 0.9251,-5.0314,-1.3422,-2.7285, 2.8387, 1.8667,-0.3335,-0.2269, 0.746 ,-2.4486,-0.1221,-1.5085, 0.1954, 1.6694,-3.0377,-1.7794,-2.5733,-0.3997,-0.639 ,-0.2111, 2.8156]
[ 4.069 ,-2.743 ,-3.7565,-2.2343,-2.4026,-0.6136, 2.4045, 2.9067,-2.4991, 3.0885, 2.8224,-0.6393, 2.6702, 2.7034, 0.2558, 1.97  ,-1.4927,-0.3932,-1.1751,-0.9847,-1.0591]
[-1.7574, 0.7794, 4.5721,-1.0845, 0.4494,-1.4281,-0.8311,-0.3028, 0.4232, 2.8384, 2.2815,-3.1007,-2.5665, 0.7219, 1.4459,-0.8378, 1.7847,-2.981 , 0.0959,-2.7191,-2.022 ]
[ 1.3177,-5.0086, 1.5792,-2.5426,-2.7294, 1.1605, 1.2355, 1.0836, 1.9761, 1.4754, 2.7408, 2.2748, 1.7499,-0.2177,-2.1452,-0.9233,-2.7785,-2.3402, 2.5105,-0.2961,-2.0353]
[ 2.2562,-3.7074, 4.8699,-0.9572, 1.9512, 0.9478, 2.4669,-1.0294, 1.98  , 0.2585,-3.0685, 2.9623, 1.766 , 0.4441,-1.4734,-2.1731,-2.2354, 2.9559,-1.1682,-1.1519,-0.5429]
[-4.8124,-3.3618, 1.5029,-1.0836, 2.8989, 2.6572, 1.8718,-2.8132, 0.3149, 0.2602,-1.1457, 1.0113, 1.6918, 0.4624, 2.4308, 3.0088, 3.0534,-2.3176,-0.1896, 0.8713, 2.6269]
[-3.8154, 4.8995, 4.699 , 2.0198, 0.1927, 3.0222, 0.9015,-1.3626, 2.0338, 0.2977,-0.8215,-0.1186,-2.4621, 0.97  ,-1.7269,-2.255 ,-3.0338,-2.2077,-0.4758, 1.6828, 0.4069]
[-4.3821, 1.3712, 0.9853,-2.1982,-1.9507, 0.9616, 2.0698, 2.2555, 0.1524, 0.3122, 0.4627, 2.0611,-1.3011,-1.9294, 0.0986,-1.267 ,-1.9981,-3.1285, 0.1698, 1.5448, 3.0087]
[ 3.9299,-2.3102,-5.1962, 2.6883, 2.5977, 0.3226,-1.7492, 1.6965,-1.5958, 1.3327,-0.8237, 1.0752,-2.7767,-2.3141, 0.2916,-2.8213, 0.6697, 2.5171,-0.3051,-2.0351, 2.626 ]
[-4.0262, 3.4748, 2.2761, 2.5364, 2.4407, 0.1628, 1.4544,-2.0833, 2.7778,-1.964 ,-1.9619,-0.6916, 0.7228, 1.4313,-2.4967,-1.4932, 0.7479,-2.2874, 2.839 ,-0.4801,-1.9484]
[-3.8977,-5.2722,-0.2153,-1.7613, 2.8914,-0.6404, 0.7622, 2.7504,-1.8909,-2.3543, 1.4872,-0.4811, 1.9734,-2.9349, 1.6963,-2.3749,-1.4416,-2.2334,-1.0192, 0.792 ,-0.7957]
[-1.5512,-5.0212,-4.0518,-2.7906, 2.9206, 2.3189,-0.6376,-1.2129, 1.4598, 2.4879, 1.4759,-0.9192, 0.8534,-2.8973,-2.6014, 0.3811, 1.5219, 1.7469,-0.8246,-3.1346, 2.5408]
[ 0.962 , 2.8064,-0.082 ,-2.0857,-1.5842, 0.6305,-0.8188, 1.0171,-2.3397, 1.3137, 1.9183,-2.6122, 0.2624, 2.2704,-0.8984, 0.5427,-1.3316,-2.3606,-0.7351,-2.733 ,-2.9019]
[ 2.5496,-4.8618,-2.974 , 1.561 ,-1.2944, 1.915 , 0.7704,-2.0284, 3.0672,-2.2648, 2.0581, 0.8637,-2.7285,-0.0791, 1.2704,-2.9562,-0.148 , 1.8214,-1.9129, 2.9617, 2.1886]
[ 0.7088, 4.3569,-1.3521,-1.527 ,-0.1804, 1.3469,-1.1094, 1.1753, 0.9276, 1.5598, 2.5738,-3.0315, 2.5936,-1.8287, 2.3523,-2.2124,-1.1124, 1.4765, 2.3127,-1.8569, 3.0436]
[ 3.7056, 1.7076,-3.4422, 1.0009, 0.6844,-1.7506,-1.2252,-1.4735, 2.8157,-1.6388,-0.9622,-2.5922, 2.1091, 3.0572, 2.5841,-1.2534,-1.5924, 2.9282,-1.2245, 0.0863, 2.7336]
[-3.6424,-3.052 ,-4.0425,-2.8311, 0.7122,-1.6028, 2.2196,-0.4861,-1.8316, 0.244 , 1.1768, 0.7785,-2.1932,-0.2529, 2.2293,-0.928 , 2.3835, 2.7717, 2.484 , 1.3869,-2.1362]
