[-0.1477,-3.8482,-1.4141,-0.2861, 0.2686,-2.4974, 0.9441, 1.0821,-2.5756,-2.1814,-0.09  ,-2.0903, 1.3179, 2.748 ,-3.125 ,-0.005 ,-3.0849,-1.5514, 0.8787,-0.9942]
[ 0.4399,-4.8584,-3.5427, 3.0943, 3.0927, 1.2585,-2.8976,-2.3928,-0.5251,-1.6565, 1.5914,-0.521 , 2.2679,-0.2111,-1.2451,-0.3797,-2.1572,-2.9308,-0.5856,-0.1988]
[-4.1712, 4.5094, 5.0992,-2.5221, 1.811 , 0.6327, 2.5758, 2.2612,-3.039 , 0.6989, 2.5491,-2.7375,-1.9175, 0.3196, 0.9105,-0.4895, 1.9699,-0.0553, 0.97  , 1.7177]
[ 4.7766, 0.4765, 1.1823, 2.295 , 1.1868, 2.924 , 1.1451,-0.9164,-3.1317,-2.6566, 2.13  , 0.1005,-1.6953,-1.9848,-1.4284, 1.194 , 2.259 , 1.2899, 3.0178,-0.7157]
[-1.54  ,-4.3772, 4.5344, 1.923 ,-1.8954,-2.3862, 2.4222, 2.528 , 2.8047, 2.8781, 0.0526,-0.6042,-1.5667,-1.8739, 1.6873, 2.4068,-1.2193,-3.0527, 0.8946,-0.4886]
[ 3.9752,-1.77  , 3.6993,-0.1638, 2.9665, 0.7597,-2.6355,-0.8243, 2.4505, 1.3272, 1.529 , 2.852 ,-2.7948, 0.961 , 1.116 , 1.6732,-2.8033,-2.0302, 0.1308,-2.2642]
[ 5.1396, 4.6372,-4.082 , 1.2043,-2.4759, 2.3532,-1.5681,-0.7876, 1.7728, 2.6333,-1.5463,-0.4185,-1.1165, 0.9261, 0.7273, 0.509 ,-3.1116,-1.6045,-3.1111,-1.2173]
[ 4.1044,-5.382 ,-1.8876, 2.5034,-0.7091,-2.2144, 2.7613, 1.7172,-2.713 ,-0.2902,-1.9007, 0.8861,-0.587 ,-1.6267,-2.3532, 0.6368, 1.1756,-1.5457,-0.6432,-2.9182]
[ 2.2102, 0.6725,-1.5717, 2.5581, 2.423 ,-2.2345,-3.1324,-1.591 ,-0.9607,-2.4308, 1.466 ,-2.7982, 1.2148,-1.8994,-0.4522,-1.0975,-2.2342,-0.5256, 0.801 , 2.8615]
[-5.0338, 3.2693, 3.2618, 1.1337,-1.8855, 0.5039,-0.4852,-0.9035,-2.81  , 1.7214, 0.3505, 1.874 ,-0.3273,-0.401 ,-2.2833,-0.7719, 1.1706, 2.3963,-1.3986, 0.7398]
[ 1.7898,-5.4027, 2.4266,-2.0832,-2.2079, 2.6412,-0.5861,-2.1878, 0.2599, 1.0092,-0.4761, 0.3243, 0.961 ,-0.3842, 0.1343, 1.753 ,-2.5309,-1.6782,-1.5432,-0.7776]
[ 1.7771,-4.9236,-1.9828, 2.4676, 2.5775,-2.4324,-3.0738,-2.0296, 2.7155,-1.0627,-1.6152,-2.0435, 0.7761,-0.01  , 0.7366, 1.5744,-0.3362, 3.0136, 2.4601, 1.1909]
[ 0.5637, 4.5551,-1.034 , 2.4833, 1.8108,-1.5185, 2.3046, 3.0531, 1.7126,-0.8052, 1.687 , 1.7454,-1.5895, 0.9571,-3.084 , 0.826 , 2.9127, 0.5193, 1.022 , 0.3093]
[ 3.455 , 4.7301,-1.5411, 3.054 , 0.6644, 0.7012, 1.9285, 2.3135, 0.7669, 1.0765, 1.6288,-1.3567, 0.6261,-2.0536,-1.327 , 2.3832,-0.8837,-2.4815, 1.6141, 1.5729]
[-0.3848, 2.2766,-2.5506,-2.5038,-0.3309, 0.4825, 1.5961,-2.7637, 1.885 , 0.5599, 1.0977, 1.9046, 1.9432,-0.4359, 0.0772,-2.9063,-2.6291, 2.1458, 2.8688,-2.1024]
[ 2.9512,-1.2092, 1.3103, 2.6878, 2.6005,-1.1992,-1.9845,-1.7208, 2.8768,-1.4441,-2.5824,-0.0726,-0.598 , 2.9233, 3.0534,-0.9404,-1.1597,-0.574 ,-0.822 ,-1.49  ]
[-4.6173, 1.8027,-4.501 , 0.3484, 2.7933,-0.2668, 0.1588, 1.2086, 0.1337,-0.8451, 0.0128, 1.5053, 1.3732, 2.8392,-1.048 , 2.9238,-0.5165, 1.9875,-1.7369, 1.1105]
[-1.9147,-3.3442,-3.0028, 2.1843,-0.204 , 1.7979, 1.3453, 0.0665, 1.7473,-0.3419, 0.9923, 2.043 ,-1.5836, 1.3732, 0.6329,-2.9695, 1.1303, 2.3895,-1.9614, 1.9565]
[-2.6357,-3.6303,-3.7544, 0.7014, 1.6368,-0.3261,-2.2825,-0.847 , 2.3265, 3.0154,-2.1677,-1.3349, 0.0599, 2.3617, 2.4107, 2.0086,-0.7928, 1.7544,-1.6315,-3.0926]
[ 4.1659, 2.1979, 2.2408,-1.1394, 0.8182,-1.2395, 2.4682,-1.8367, 0.2584,-1.2466,-0.4278,-2.6002, 2.2567,-2.0318,-2.7263, 0.374 , 1.1294, 0.5141, 1.2553, 0.4145]
[ 3.7966, 1.514 ,-3.0567,-2.7954, 2.7421, 0.5732,-0.1433, 2.4156, 2.1329,-2.6931, 1.1889, 2.144 ,-0.7274,-1.8021, 1.9739, 2.9296, 0.3357, 2.5897, 2.568 ,-0.1502]
[ 1.6767,-4.8307,-0.4271, 2.033 , 2.8437,-2.9831, 0.9619,-2.1715,-0.4472, 2.986 , 0.1966, 1.2354, 1.5689, 0.0403, 1.5479, 1.0571, 0.5557, 0.4172, 2.6065,-1.8361]
[-2.4737, 5.1683,-1.8438, 1.8943,-0.7816,-2.0726, 1.9971, 2.2252,-2.6114, 1.9148, 0.9883, 3.1014,-2.2683,-2.0515, 2.7592, 1.6428, 2.4529, 3.0789,-2.3852, 2.6894]
[-0.8947,-4.1899, 3.9259, 3.0288, 1.4601, 0.9441,-0.2213,-3.0271, 2.1984, 0.2146, 1.844 ,-1.0139, 2.1875,-0.7922, 0.1466, 2.8058, 1.0794, 2.0672, 2.1318,-2.6844]
[ 0.8409, 5.0438, 0.7552,-1.873 , 0.4242,-0.7977, 1.5127, 2.5631, 1.4774, 0.7952, 1.1187, 1.8005,-0.1723, 2.0704, 0.287 , 2.9168,-2.0652, 0.5176, 1.6556,-1.7196]
[ 3.7793,-0.4763, 1.7961, 1.2364, 1.708 , 0.287 ,-1.5822,-1.5525, 0.0898,-1.0349,-1.0295,-1.1363,-1.6438, 0.0389, 2.4136,-1.3365,-0.7449,-0.3544,-1.9415,-2.2877]
[-5.2577, 1.9671, 2.0588,-0.3172, 1.205 ,-1.6629, 2.6907,-0.0743,-0.4825,-2.3923, 1.4627, 1.1216, 1.5121,-2.5385, 2.374 ,-1.6589,-2.7497, 2.0672, 0.0688, 0.4525]
[-0.3675,-2.8735,-1.5497,-0.8852, 2.7149,-1.0162,-0.0996,-1.4188, 0.2356, 2.703 ,-1.1391, 3.1147,-2.5844,-2.161 ,-1.5724,-0.8388, 2.1178, 0.0662, 0.6169, 3.0988]
[-2.1212,-0.4061,-2.672 ,-0.5554,-0.9165,-0.2935,-1.5922, 0.7542, 0.2866,-3.0799, 0.8984, 1.9289,-0.5773, 1.557 ,-0.8691, 0.8717, 2.6907,-1.6932, 1.9347, 2.9266]
[-3.1255, 1.8283, 4.8436,-0.21  , 0.3892, 0.7097,-1.0115,-1.9998,-0.8486,-2.4493,-0.1734, 2.0003,-2.1639,-0.6141,-0.3237,-3.01  ,-0.6271, 2.4196, 2.138 , 2.9748]
[-4.7589,-3.7384,-1.5836, 1.4063,-3.029 ,-0.5131,-1.5441,-0.4124, 0.1408,-1.1613,-2.5513,-1.7168, 0.0533, 0.1206, 1.6804, 2.0097, 3.1311, 2.1289, 0.8111,-1.3416]
[ 1.4834, 3.602 , 0.6845, 1.2772,-0.5556, 0.8227, 1.9963, 0.9584, 1.9876,-2.8548, 1.2422, 0.3184, 0.0737,-3.1252,-0.3844,-1.6008,-0.1099,-2.8866,-2.9756, 2.0116]
[-3.9054,-2.6272, 1.0186, 2.0145, 1.8109, 1.2249,-2.2358, 1.6654, 1.9496, 0.4949,-0.5273, 2.3436,-2.1362, 0.6294, 2.4993, 2.959 ,-1.6204, 0.1966, 1.7335, 1.6417]
[ 0.0656, 4.9609,-2.9151,-1.1035, 2.2487, 0.8129, 0.4381, 1.1812, 0.3844,-2.5231,-0.3314, 1.0511, 3.0282, 0.1579,-1.8073, 1.5673, 2.2619, 2.749 ,-1.2569,-2.9199]
[ 4.7468, 3.9907, 1.6762, 2.2077, 1.3576, 1.2993,-1.8186,-2.4526,-2.456 , 1.9788, 1.0006, 0.6652, 0.2529,-1.1452,-0.6252, 1.7109,-2.3712,-2.5626,-2.5982,-0.0936]
[ 1.2362,-1.4731,-4.2994,-1.7058, 0.2215, 1.3884,-0.8904,-3.0728, 1.2954, 2.4025, 1.5494,-1.6185, 0.2681, 2.4531,-2.5886,-2.337 , 0.1805,-2.6102, 1.2661,-1.0671]
[-3.2715, 0.8636,-4.3191, 2.1783, 3.1027, 2.4266,-1.9371, 3.132 ,-1.6016,-1.8503,-2.1944, 2.4515, 2.8363, 0.3676, 2.6534,-1.2919, 1.5091,-2.861 , 0.3601,-0.2835]
[-0.77  ,-4.8637,-4.5952,-1.6403,-1.1485,-1.3867, 3.0229,-1.8918, 0.8528, 1.7808, 0.7962,-2.1854, 3.0439,-0.2459, 1.7888,-0.9462,-0.3516, 1.574 ,-2.2329, 2.9933]
[ 5.1218, 1.5727, 2.2988,-0.3036,-0.7742,-1.1288,-1.1577,-1.195 , 1.4098, 1.2182,-0.8914, 2.9754, 1.2404, 1.0807, 2.5664,-0.8214,-2.674 , 0.321 ,-1.1665, 0.9762]
[-3.3312,-2.8213,-2.7108, 2.1791, 0.165 ,-3.1338, 0.9463,-2.3188, 1.6276, 2.4635, 2.5743, 0.3595, 2.172 ,-1.8468,-0.9277, 1.6083,-2.1008, 2.5068,-1.8369, 2.0734]
[ 5.1212,-3.2452,-0.7332,-1.7261,-1.2731, 2.6133, 3.0495,-3.06  , 1.9936, 1.1462,-0.904 ,-2.379 ,-3.0129, 3.0093, 0.4351,-1.1183, 0.7394, 1.7841, 1.2289, 1.3593]
[-3.5289, 4.0657, 5.0595,-2.007 ,-0.147 , 1.4163, 0.9506, 0.4308,-0.0734,-1.9408, 0.9999, 1.238 , 0.5108,-1.9627,-1.6573, 1.7128, 3.1183,-2.5401,-2.4745, 0.9029]
[-0.1113, 1.0192,-2.4175, 3.0158,-1.2882, 1.8487,-2.4967, 1.5188, 1.7387,-0.0877, 2.1589,-2.7377,-1.8026, 0.172 ,-1.3841,-2.1734, 1.7402, 2.9041,-3.0949,-1.4557]
[-0.2362, 0.2548, 2.1939, 0.4109,-1.3823, 1.9494,-1.4536,-0.6052, 0.2776, 0.1531, 1.4687, 0.6046,-0.6952, 2.4182,-2.7345, 2.9684, 0.911 , 0.6631, 0.1225, 3.1272]
[-0.8808,-1.7663,-0.6675, 0.8966, 0.4879,-0.1455,-2.4664, 0.687 , 1.4363,-0.1767, 2.7745,-1.5306,-2.0568,-2.484 ,-2.3638, 0.385 , 0.3073, 0.3441, 2.8826, 2.648 ]
[ 3.7063,-0.5052, 0.7271,-1.243 , 0.8084,-1.9785,-1.9655, 1.2974,-1.786 , 0.2658,-0.5625, 2.2636,-0.8874, 2.9519, 2.6751,-1.742 ,-2.5043,-0.4471,-0.232 , 1.1697]
[ 4.7545, 4.343 , 5.2468, 3.0536,-1.3359, 2.5409, 1.3987, 1.2495,-2.1925, 1.5065, 1.1169, 0.3249, 0.6008,-0.6675,-1.384 ,-2.1729,-1.3704,-0.5286,-0.5642,-0.6053]
[-2.8273, 0.9292, 1.6236, 0.152 , 3.0419,-1.7889,-2.4557, 0.8535,-1.4325, 2.177 , 0.5385, 1.7055,-1.2942,-0.774 , 0.2404, 3.097 ,-0.6319,-0.1318,-1.0077,-1.899 ]
[-4.3459,-3.9373,-4.9351, 0.2114, 0.3335,-0.4297, 1.8849, 0.0274, 0.6203, 0.5515, 1.8625, 3.0135, 2.8318, 2.2391,-2.5976, 0.3884, 0.1393,-1.6835, 2.1312, 0.8874]
[ 5.3045, 0.5683,-1.852 , 2.431 , 2.1672, 0.5756,-0.5309,-2.9461, 2.2173, 0.0934, 2.6684, 2.6181,-0.54  ,-0.2967, 1.9825, 1.9741, 0.3139, 1.9827, 0.7236, 3.0882]
[-3.4071,-3.9271,-1.1935, 0.0213, 0.546 ,-2.6621,-2.378 , 0.0434, 1.2064,-1.9215, 0.3397, 0.7437,-1.9896,-2.515 , 2.1304,-2.6477,-2.4239, 2.2952,-3.0504,-2.9616]
[ 4.6711,-0.4148,-1.0949,-2.3144,-1.8417, 0.2803, 1.5618, 1.1987,-2.3108,-2.4127, 0.7083, 1.0926,-1.9702, 0.968 ,-1.037 ,-2.0417, 0.7402,-2.0769,-1.4704, 1.0472]
[-2.8985, 0.9851,-3.9481, 1.8679, 0.6223, 1.7436,-0.0861, 2.9346, 1.8156, 1.1122, 0.2986, 1.1189,-0.5331,-2.0026,-2.9797, 0.0252,-1.6142,-1.1577, 1.5638, 1.1668]
[-2.3064,-0.7824,-0.6307,-2.1857, 2.8287, 0.4191, 1.2952,-0.6889, 0.5278, 2.1165,-0.5576,-1.909 ,-2.4888, 1.3382,-2.1115,-0.5377, 2.5702,-2.8813,-2.0143, 2.8252]
[-2.536 , 5.0808,-1.9437, 1.8817,-3.0382, 1.8302, 1.1523,-1.9531,-0.7873, 2.9764,-0.6513,-1.2434,-0.4372,-3.0243,-0.7967, 0.4412, 2.917 ,-1.9667, 0.1599, 0.8283]
[-3.9347, 4.2637, 4.6496, 1.2084, 2.9697,-1.841 ,-2.1802, 2.3166, 2.6629, 0.7351,-0.4963, 0.6886, 2.1431, 1.2682,-2.8783, 1.575 ,-2.8827, 1.2315, 1.3752, 1.3241]
[-3.8842,-3.4313, 2.1325,-2.8592, 1.2153,-0.29  , 0.3032,-0.3797, 0.5825,-0.3534, 0.1197, 2.6396,-2.8647,-2.9439,-0.1738,-2.5829,-1.3987, 0.5147,-2.1053, 1.4279]
[-2.0646,-0.6181, 4.4229, 2.0415, 2.2364,-0.6448, 2.278 ,-2.2784, 1.2405, 2.7437, 1.5965,-1.6276, 1.3722,-2.6397,-0.2579,-1.5731, 1.337 ,-0.1538, 1.6557,-2.5315]
[-2.171 ,-5.0088,-2.7813,-0.0863, 1.3003,-0.527 , 1.4522,-0.4373,-1.0882, 2.0215,-2.6907,-3.139 ,-3.0274,-2.5406,-2.4623,-2.5129,-0.2916, 1.0786,-0.1315,-1.7658]
[-2.8399e-01, 4.4144e+00, 3.1471e+00, 1.8441e-01, 2.1953e+00,-1.6859e+00, 2.3142e+00, 8.9322e-01, 2.8176e+00, 5.2191e-01, 5.5828e-04, 1.3050e+00,-1.3843e-01, 2.7237e+00,-2.7374e+00,-1.1441e+00, 8.3268e-01,-1.6092e+00,-9.4285e-01, 1.2147e+00]
[-3.3484, 0.1582,-0.2072,-2.5421,-1.0363,-0.4214,-0.6696,-0.8103, 0.3304, 0.2083, 0.2619, 3.1032,-1.2359,-2.9297, 2.0908,-0.828 , 0.8031, 1.2326, 2.9529,-3.0882]
[ 1.5994,-3.3933,-5.1333, 0.9857,-0.1034,-1.7788,-2.3742, 1.2017, 2.0682,-1.6718, 1.2008,-2.1726, 2.7895, 2.3812, 0.7793,-0.5374, 1.9152,-0.0287,-0.7591, 1.6172]
[ 0.9643,-5.1064,-2.3137, 2.8373, 1.7948, 1.8268, 1.042 ,-0.9074, 1.822 , 0.5067, 2.9306,-0.5733,-1.7547, 0.9735, 2.0418,-0.5178,-2.4309,-2.3358, 0.7202, 1.7511]
[ 9.5934e-01,-6.9091e-01, 1.6613e+00, 5.2579e-01,-2.8358e-03, 5.6052e-01,-2.4910e+00,-1.4822e+00, 3.5399e-01,-7.9604e-01,-1.3593e+00,-5.8401e-01, 2.9779e+00,-1.0670e-01,-1.9459e+00, 3.0723e+00,-2.6862e+00,-2.6626e+00, 1.4553e+00, 3.2189e-01]
[ 1.3493,-1.0812,-3.6747, 0.7853,-3.0094, 0.1858, 2.1033, 0.2176, 0.4019, 2.5565, 1.8223, 0.0352,-2.0421, 0.7555,-1.9613,-3.004 , 0.6329,-2.7653,-1.8613, 2.89  ]
[ 3.988 , 1.7491, 3.4808,-2.3104, 0.8354,-2.9843,-0.2956, 0.8354,-0.5688,-0.7678,-0.1403, 0.5645, 0.2876, 0.2099, 2.2721, 2.2097, 1.195 , 0.1609, 1.9536, 2.0147]
[-0.7318,-4.7131,-1.991 ,-1.7204, 2.2969,-1.3195,-3.1134, 1.1436,-0.2667, 2.7735, 2.5656,-0.3881,-0.9388,-0.8038,-2.2263,-2.4365,-1.1579, 0.768 , 2.2362,-2.5187]
[ 0.8718,-2.1589, 4.6191, 0.0652, 1.3446, 1.0869,-1.8667,-1.6843,-2.2306, 1.5381, 3.0431, 2.6634, 2.0236,-2.9199, 2.886 ,-1.8553,-0.4319, 1.3838, 2.1597, 2.3212]
[-3.4078,-0.6917,-1.1503, 3.1245,-1.0107, 1.6849, 1.6177, 2.9846,-0.5936,-1.3619, 3.0044,-2.131 , 2.0608,-2.2747, 1.4298,-0.2255, 0.4572, 0.8201, 0.0207, 1.6309]
[-0.6907, 1.4355,-1.3568, 0.3183,-2.8403,-2.1803, 1.9743, 2.6663,-1.0536, 3.0257,-0.1262,-1.9679,-1.3233, 0.4835, 1.5602,-2.188 , 1.9228, 2.2395,-0.4219,-2.7426]
[-2.149 , 4.8874, 0.1125, 3.0641,-2.1889,-0.833 , 2.9668,-0.1966,-2.9766, 1.9838,-2.0945, 0.4818,-1.0363, 0.9334, 0.6799, 0.2788,-0.923 ,-0.7505,-0.9838,-2.8098]
[-1.4817,-2.0649, 2.0604,-0.31  , 1.9413, 2.1798,-2.8545, 1.671 , 2.5034,-0.531 ,-1.3221, 2.3665,-1.8749,-2.9258,-2.641 , 1.2129,-1.51  , 0.2097,-2.2986, 3.0107]
[ 5.3558, 2.1601, 4.9967,-1.0704,-0.0171, 1.3044, 2.2346,-0.309 , 1.6036,-1.819 ,-0.289 ,-0.324 , 1.8049, 0.5974, 0.3371, 0.1723,-1.4412, 2.235 ,-2.7886,-2.8158]
[-0.4115, 1.9234, 3.4888,-0.2107,-2.3214, 0.7378, 3.0013,-1.2166, 1.4399, 2.7214, 2.6136, 0.5757,-0.7289,-2.8942, 0.6636, 1.2392, 2.6771,-2.7649,-0.4678,-1.4056]
[ 4.849 , 4.0513,-1.8825,-2.0974,-1.1448, 0.4721,-2.9944, 0.3197,-0.4965,-0.1451, 1.8606, 2.7536,-0.2067, 2.0599, 1.6709, 1.3505,-0.8974, 1.0763, 1.5102, 2.4937]
[-3.2735,-1.6197,-4.1644,-2.7126,-2.3402, 0.5529, 0.138 , 1.735 ,-2.4738, 1.4719,-3.0303,-2.8001, 2.4799,-0.9342, 1.4564,-2.4224,-2.3358, 2.1061, 1.3323, 1.5133]
[-3.3043, 0.9941,-1.8742, 3.0264,-0.3621,-0.601 ,-2.0347, 0.3097,-2.107 ,-2.9913, 2.3303,-1.7074,-2.0533,-1.9314, 0.7986,-0.5321, 0.9734, 2.9692, 3.0052,-0.5745]
[-0.7373, 3.0818,-4.8573, 2.273 ,-2.6334, 2.2071, 1.5327,-2.9846, 1.1679, 1.8973, 1.0366,-1.3338,-1.6744,-1.495 ,-2.0442,-2.4975, 1.3271,-2.2378, 2.924 , 1.673 ]
[ 2.464 , 0.6182,-5.2385, 0.1718, 2.3478, 0.7097, 2.7633,-1.4487, 0.0958,-2.3157,-2.4045, 0.7349, 0.3752, 1.2486, 1.7749, 1.2516, 2.2973, 1.0236,-2.7928,-2.5671]
[-2.0437, 1.2792,-3.6613,-0.8486,-0.1426,-0.1335,-1.4109, 0.9264,-1.1647, 1.5618, 1.5351,-2.7875, 3.1227, 0.5138,-2.6058,-0.8747, 0.8462,-1.0863, 0.7347,-0.5355]
[-0.3795, 4.4308,-4.9472,-2.5181,-2.4084, 0.9925, 2.2301, 2.9318,-3.0695, 2.4021,-2.3071, 2.0237,-2.2144,-2.2566, 1.9865,-2.0835,-1.3801, 2.9633,-2.2514, 2.0771]
[ 4.7557,-0.8757, 0.688 , 0.4075,-1.0954, 1.6268,-2.7623,-0.8901,-0.2221,-2.8283, 0.785 ,-1.5488, 1.1737, 0.3377, 1.0434,-2.8233,-0.9803,-2.0032, 1.0025, 1.5019]
[ 1.2663,-2.38  ,-4.649 , 1.1041,-2.0302,-0.837 ,-2.2394, 0.1201,-0.2513, 1.2173, 0.9247,-2.1289,-1.9404,-2.5821,-1.9946,-2.5101, 2.7541,-1.6278,-2.4019, 0.6427]
[ 0.9849,-5.0446, 4.2629, 1.8639,-1.3331,-1.4745,-1.2294,-0.87  ,-2.4065,-2.9516,-2.7192,-1.3874,-2.9192, 2.6611, 1.5793, 2.0011, 0.7307, 0.1164,-1.9955,-1.7938]
[ 5.3103, 1.6302, 2.1728,-0.0319, 1.457 , 1.6567,-1.2953, 1.6625, 2.4687,-2.5469, 1.9463,-1.9254,-0.4567,-1.1615, 2.007 , 2.3714, 2.7024,-1.0769, 3.107 ,-0.454 ]
[-5.4986,-0.4969, 3.3173, 0.5773,-1.0712,-2.8761, 2.8429,-0.4376,-2.0609,-0.1659,-2.1486,-2.9831,-2.6474, 2.3692, 0.8642, 0.6433, 1.392 , 1.2719,-2.8218, 2.0189]
[ 1.8873,-5.2717, 2.6558, 0.8597,-3.0417, 2.9097, 2.254 , 1.3383, 3.0207, 1.1928,-0.097 ,-2.1918,-3.0482, 2.1293, 0.2393,-1.7613,-1.2011,-1.0944,-2.0667, 1.4805]
[-1.4437,-0.1712, 4.8047, 1.1554,-0.2516,-1.8724, 0.4287,-0.4489, 1.1953, 1.2767, 1.0636,-0.4968, 2.0766,-1.2058, 0.2529, 0.1257, 0.3473,-2.7698,-1.8175, 2.7743]
[-2.5814, 0.9857,-5.4526, 2.948 ,-0.709 ,-3.0473, 1.0247,-1.5965, 0.1727,-0.2205, 2.7812, 0.5977,-0.9674, 2.6769, 2.6702,-1.4891, 2.899 ,-0.7803,-1.6883, 2.4425]
[-2.1019, 0.4667, 0.8489, 1.7574,-1.9062,-0.7243,-0.3203, 0.4311, 2.4893, 2.8513, 2.1436, 0.0477, 0.218 ,-0.0551,-2.8122,-0.2115, 1.8861, 2.0052, 0.1352,-2.9087]
[-4.4276,-5.4844,-1.8192, 2.141 ,-0.3944, 0.3821,-0.4829, 2.0346, 0.0189, 0.7944,-0.8812, 0.0999, 1.4758, 0.6861,-1.0426,-0.0363, 2.9898,-0.6082,-1.3426,-0.8915]
[ 3.4786,-4.2691, 0.5805,-1.304 ,-1.5798,-1.6628, 0.7588,-1.3473, 1.5579,-2.344 ,-1.0872,-0.8728, 0.113 , 0.724 ,-1.0669,-2.5849, 2.5599,-0.0749, 2.2405, 2.5684]
[ 4.167 ,-1.7409, 3.9956, 1.0351,-2.9142,-2.0199, 1.0346, 1.2399,-2.6794, 2.1623, 2.8939,-0.5925,-0.6659,-0.3753, 0.5703, 1.4806, 1.5805, 2.2536,-0.1587,-2.4093]
[ 2.7219,-1.1693, 3.7663,-1.0993, 1.0504, 2.4455, 2.2284,-2.162 ,-0.0776, 1.1798, 1.7067, 2.2131,-2.408 , 2.3415, 2.896 , 1.8327, 2.5294,-1.3475,-0.263 ,-0.0364]
[-1.3122, 3.0043, 5.2832,-2.8438,-0.4702,-1.9081,-3.0189, 0.2769,-2.3668,-0.2095,-2.0105, 1.6652, 2.3071,-1.3497, 3.0731, 0.7794, 0.7268,-2.4123,-0.7075,-2.2503]
[ 0.7029,-4.5424,-5.0168,-2.6574, 0.3312,-2.8436,-1.06  ,-2.2298,-1.6125,-0.7155, 2.7774,-2.3725, 2.2533, 0.5009, 0.5335,-0.8992,-0.2535, 2.3067,-3.0525, 0.2407]
[ 2.6529,-0.1761, 1.2562,-2.9536, 2.8543, 1.5935, 0.8267,-0.2399,-2.538 ,-0.165 , 2.6183,-0.5075,-0.2245,-1.6053, 2.5433,-2.4654, 1.5709, 2.8047,-1.8453,-2.8623]
[ 3.14  ,-2.7972,-4.1842, 2.1105, 2.4478,-0.1703,-1.0527, 2.9014,-1.4116,-1.1333,-2.9141,-1.4077, 0.9383,-0.5174, 1.6776,-1.2187, 0.6507, 2.0259, 2.7404,-2.1234]
[-5.2247, 3.4945,-4.9478, 1.3119, 0.6407,-0.5165, 1.9384, 1.816 ,-0.6565, 0.938 ,-2.4751,-1.2733, 2.0963, 1.4909, 0.5725,-2.8581, 0.5412,-0.3976,-1.8981, 2.2547]
[-4.0127,-1.6736,-1.735 , 0.3729,-2.8134, 1.7853,-1.7016, 2.9469,-1.4269, 1.4677,-1.3304,-0.8696, 2.033 , 0.311 , 2.7877, 0.3453,-1.0065,-0.6772, 0.6451, 0.4481]
