[ 0.1714, 1.5843,-0.4362,-0.3038, 1.0605, 1.7479, 2.6036, 0.886 ,-2.0222, 1.0361, 2.1503, 2.5145,-0.9199,-2.0429, 2.9143,-1.2487]
[ 3.3853,-0.7013,-3.7852,-2.9703, 2.5559,-0.1299,-1.2734,-0.4856,-2.9082, 0.9903, 1.7357,-0.7656,-0.4711, 2.5101,-1.0788, 0.9158]
[-6.6868e-01, 3.3380e+00,-3.5167e+00,-1.6260e+00,-8.4584e-01, 2.8764e+00,-2.4487e-01, 5.4769e-01, 3.1245e+00, 2.0427e-01,-6.9430e-02, 7.0473e-04, 7.1464e-01, 1.5954e+00,-2.6595e+00,-7.4998e-01]
[-1.844 ,-3.9943, 4.4089,-2.1897, 2.9853,-2.0049, 2.6133,-2.0538, 2.3934,-2.1822, 3.0461, 2.4384, 0.1021,-0.7841, 0.2474,-2.9423]
[-4.9405,-3.4945,-0.2667, 2.6816, 0.1415, 2.5378,-2.8382,-1.2078, 2.1132,-2.8321, 0.7484, 1.4089,-1.1125, 3.0118, 1.5696,-0.6648]
[ 2.7641,-1.2774, 3.896 ,-1.0228,-0.7509,-1.6754,-1.8668,-0.8585, 2.0016,-2.7554,-1.2393,-2.4114, 1.1308, 1.5686, 1.6699,-0.0055]
[-2.0271,-4.9949, 4.3895,-1.2985, 0.2368,-0.1054,-2.7421, 0.0459,-2.6151,-0.2393,-1.1545,-0.9657, 0.757 , 2.1383,-2.4497, 2.3044]
[-2.1584,-2.7065, 5.1661,-1.2581,-0.7892, 1.3316, 0.0381, 1.4729,-3.0977, 1.792 ,-2.5556, 0.9048,-0.466 ,-0.8428, 2.0283,-0.3648]
[ 1.8123, 4.6829,-4.5917,-3.122 , 1.6199, 0.8222, 2.6238,-2.2071,-2.3248,-1.5128, 0.9306, 1.6743,-0.6696, 1.533 , 1.2235,-1.577 ]
[-4.6568, 1.9499, 3.7343, 2.0279,-2.0247, 1.5788, 1.7561,-1.4737,-1.5167,-0.3924, 2.8946,-1.9945, 2.3188, 2.6218,-0.5198, 1.3852]
[ 3.2414, 2.125 ,-0.4049, 0.6133,-2.2929, 2.9429, 0.4176, 0.8127, 0.7842,-1.0957,-2.0995, 2.6373,-2.9867,-2.9701,-1.0389, 0.2989]
[ 3.624 ,-0.3211, 2.6084,-0.9849, 1.3414,-2.9329,-0.0411,-2.9522, 2.6533, 0.8557,-0.381 ,-0.6453, 1.7651,-2.6032, 1.5561, 0.0782]
[ 2.4686,-5.143 ,-2.0717, 3.1101, 0.9295,-1.6339,-2.843 ,-0.5455,-1.8844,-0.6714,-1.0619,-1.2892, 1.3552,-2.5236, 0.9683,-0.7996]
[-4.0313,-0.2791, 5.49  ,-1.3808,-1.1575, 1.966 , 2.4038,-2.3717,-0.3759,-0.8516, 0.5499, 2.3085,-1.9189, 0.7518, 0.2929, 1.6026]
[-3.9188, 2.7518,-1.1503,-0.8071, 0.8299,-1.4794,-1.37  ,-2.3999, 0.5462,-0.2193,-0.596 ,-0.7709,-2.9478, 0.6881,-1.1724,-0.1803]
[ 5.2747, 5.3489, 3.2014,-2.7894,-0.0446,-0.6386,-2.8277,-2.1029,-2.3569,-2.0509, 3.0697,-0.9219,-2.5601, 0.4598,-0.527 , 1.4088]
[ 3.9747, 4.2427,-0.1654,-3.1065, 0.1558,-0.0883, 0.4938,-1.6508,-2.4554, 2.3294, 0.102 , 2.9988, 1.4159,-1.7072,-0.7497, 0.9237]
[ 0.911 , 0.6823,-2.338 , 1.7677,-1.423 , 0.3713,-2.5543,-2.8218,-0.8468,-2.8683, 1.9514,-2.0208, 1.7562, 2.9413,-1.6919,-0.9618]
[-4.1468,-0.7065, 0.9353,-3.0011,-1.6201, 1.052 , 0.0443,-0.538 ,-2.5995,-1.5292,-1.0223,-0.8105, 0.5191,-2.4918,-0.2842,-1.4734]
[-5.2012,-4.5032,-3.1769,-2.0849, 0.1695, 1.4575,-1.1177, 0.1418, 0.6116, 1.7932, 2.9208, 0.9478,-3.1397,-1.9429, 1.4493, 2.4468]
[-4.5203, 0.1281,-0.8309, 2.6506,-2.8505,-2.3051, 1.4037,-0.7715,-0.8502,-2.8008,-2.354 , 1.5673,-1.899 ,-0.4225,-2.0558,-2.9826]
[ 0.3085, 1.1768,-0.453 ,-0.6754,-1.0692,-1.9884, 2.4959, 1.2425,-2.1059, 1.4957, 0.2976, 2.3881,-1.3529,-0.8993, 2.0138,-0.5287]
[ 5.2377,-5.2547,-0.9332, 2.5004,-2.9306,-2.9639, 0.3017, 1.0029, 0.0062,-2.4347, 1.4018, 0.5248,-2.7639,-1.2039, 1.2045,-2.7187]
[ 0.1111,-0.5289,-2.7682, 2.4973,-0.841 ,-0.5115,-2.5391, 0.4782, 1.8319,-0.9894, 1.4785, 2.6463, 0.3473, 0.7347,-2.2237, 3.0685]
[ 5.1448,-4.0008, 5.1556,-2.3884, 2.2603,-2.3371,-1.8697,-1.8343,-1.9721,-1.457 , 0.0176, 2.3788,-1.0537,-1.0667,-1.7454, 0.2186]
[ 2.0099,-4.351 ,-3.2216,-2.2312, 1.5975, 0.7283,-2.2865,-0.1351,-0.4128,-2.2813,-2.3401,-2.4718, 0.4188, 2.3269,-0.6979,-2.4974]
[-0.3571, 4.8423, 0.2225,-1.3433, 1.1141,-0.5225, 2.7466,-2.5485,-0.2797,-2.4339, 0.2671,-1.5107,-0.3808,-1.2099,-1.6176, 0.0421]
[-2.0702,-5.0162, 3.8729, 1.3257, 2.473 ,-1.4949,-2.1738,-0.997 , 0.0445,-2.4721,-2.908 , 2.5169, 2.27  ,-2.6248, 2.6943, 1.0818]
[-1.1152,-4.4716, 3.8353, 0.1444,-2.3307,-0.1938,-0.1341, 0.6885,-0.4146, 1.7175, 2.5333, 0.1953, 2.4576, 0.9272,-2.1559, 2.2403]
[-3.437 ,-3.8443,-2.7475,-1.3795, 0.5125,-0.4209,-0.9673, 1.2937,-3.0814, 0.6222,-0.4712, 2.6439, 1.5407,-0.4311, 2.2983, 1.5782]
[-2.1514, 3.94  ,-0.1215, 2.1856,-2.4553,-0.2162, 2.8069,-1.8592,-0.8349,-0.4322,-0.5231, 1.6965, 2.7843,-1.6434,-2.0544, 0.9478]
[ 0.176 , 2.8006, 0.5453, 0.3117,-2.1733,-3.0053, 0.7888,-2.8139,-0.1751, 1.7159, 0.4481,-0.5585,-1.2687,-1.9143, 0.3476,-2.3137]
[-4.4781, 0.1325,-3.1642,-2.4017,-0.7014,-2.2082,-1.3474,-2.413 , 0.7099,-0.3477,-2.6078,-0.6774, 0.5461, 1.1804,-0.0857,-1.2121]
[-1.3523, 2.4587,-3.3112,-0.2516, 1.9967,-0.1908,-0.9724, 0.6066, 0.6623, 0.6626,-0.2971,-1.4659, 0.5424, 1.6823, 1.6996,-0.0113]
[-1.4463, 0.543 , 5.0851,-0.0191,-0.1185, 3.0813,-0.8678,-0.0539, 1.7678,-1.3449,-0.243 ,-0.4774,-3.1107, 1.9173,-1.3069,-0.9488]
[ 3.4094,-4.0872,-0.3555,-1.7523,-2.502 ,-2.6634,-0.053 ,-0.585 ,-1.4135,-1.3217,-2.2325, 2.262 , 0.228 , 0.9728,-1.1469, 3.0609]
[ 2.9074, 5.2949, 2.5059, 0.7001, 1.8618, 0.2281,-0.6485, 0.2706, 0.2456,-1.8149, 1.5681, 2.1811,-2.2481, 1.5939,-2.6389,-1.9088]
[-1.503 ,-0.9592,-4.2566,-2.2467, 1.404 ,-1.4807,-1.8107, 2.109 ,-0.3926,-1.4779, 0.6852,-2.2865, 1.7634, 1.463 , 1.2515, 0.2903]
[-4.8881, 3.1758,-3.6316, 2.0216, 0.2623, 2.0106, 0.877 ,-0.8309,-1.0432,-2.7905, 1.9185,-2.1499,-0.9289,-2.3393, 2.7918, 0.9599]
[-3.1163, 2.5781, 2.0807,-2.3779, 2.0745,-1.8564,-0.6933,-0.5224, 0.9581, 1.7266, 2.4654,-0.5551, 1.1485,-1.3336, 2.6798, 0.0662]
[-5.3162,-1.3371, 5.1402, 3.107 ,-2.9038,-1.2624,-2.4985,-0.2221, 0.8341,-1.126 ,-1.543 , 0.6191,-2.1217, 3.0016, 1.1219,-3.0023]
[ 2.9924, 2.2857, 1.5697,-2.4274,-1.8989,-2.6228, 0.6708, 1.0496, 2.3472, 0.1802, 1.0725, 3.0223,-0.6056,-1.1079,-0.385 , 0.2386]
[-4.3712,-4.4987,-1.156 ,-2.609 ,-2.9349,-0.3647, 1.5293,-0.6548,-0.4221, 2.5892, 1.6263, 0.191 , 1.2747,-2.2491,-3.0444,-2.3883]
[-0.1763,-5.0401, 3.4048,-1.2621,-2.1369, 2.4405, 1.7642,-2.7653, 0.0982, 2.5552,-3.1403,-0.4373, 1.3551, 1.4406, 2.9494, 1.3303]
[-4.8722, 3.065 ,-3.2166,-0.3677,-0.1345,-1.3409, 0.0242,-2.9843,-2.7248,-1.8414,-2.3856, 2.9141,-0.4299,-0.6274,-1.7624, 0.5933]
[-5.2707,-4.9969, 5.4465, 0.5964, 1.72  , 1.703 ,-0.9086, 0.9378, 1.0132,-0.6617,-0.4727,-1.4225, 3.0022, 2.1836,-1.3142,-2.4632]
[-5.213 , 0.4452,-2.8946,-1.2889, 0.3731, 3.0142, 1.9443,-2.7272,-0.0463,-1.6274,-2.8297,-2.0627,-0.2653, 2.2454, 2.9914,-2.3939]
[ 3.8325,-5.0366, 1.2133,-1.3976,-2.0491, 1.4315, 2.0717, 0.769 , 1.8089,-1.1521,-2.1546,-2.4325,-1.0691,-3.0007, 0.3534,-0.2214]
[-1.8606,-3.4622, 0.7992, 0.0237, 0.4231, 0.658 , 1.4505, 0.2424, 0.5806,-1.302 ,-1.7102, 1.7324, 2.0738,-2.4792,-1.1156,-1.4564]
[ 2.9206, 0.6797,-4.8129,-0.8707,-0.2987,-0.9352,-2.8211, 1.9246,-1.4709, 2.7461, 0.5831,-0.2903,-0.7532,-2.4517, 2.3421, 1.5728]
[ 0.1425, 3.4739, 3.3783, 2.8126,-1.301 , 0.6046, 0.3837, 0.6818, 0.2111, 2.4985,-1.5642,-2.2614,-2.9362, 1.0428,-0.8902,-1.2656]
[ 5.3896,-3.1229,-1.5216,-0.4182,-2.9906,-0.8503,-0.1572, 1.1641, 1.6008, 2.6048, 2.4619,-2.976 ,-2.7933, 2.3939, 0.7434,-1.4016]
[-4.4131, 0.1829,-2.9656, 0.0497, 2.7815,-1.538 , 1.3091, 1.3646,-0.9997, 2.1462,-2.5234,-2.2876, 2.7631,-2.2643,-1.689 , 2.1512]
[ 1.1478, 0.2314, 2.9252, 2.842 ,-2.4369,-0.2936,-2.2848,-0.3675,-2.066 , 1.5737, 1.0009,-2.4025,-1.6281, 2.3711,-0.0779, 1.98  ]
[-4.3408, 2.8459,-5.2122, 2.3384, 2.0667,-2.9248, 1.2166, 1.8955,-1.3622,-2.8529, 2.6522, 2.7038, 0.6415,-0.5025,-2.1229,-2.3268]
[ 0.4769,-0.9982, 4.7799, 0.5743, 0.4978,-1.0672,-1.7512,-0.1323, 0.1733, 1.1275,-1.9645,-0.4636, 0.1147,-0.4747, 1.5144, 2.7723]
[-4.4401, 1.1508, 2.0457,-1.0996,-2.5974, 1.5983,-0.0913, 2.7345, 2.0528,-0.4158, 2.1861, 2.7064,-2.1289,-3.0219,-2.6902,-1.9416]
[-5.2456, 3.1648, 2.5984, 1.2592,-0.5515,-1.4416,-3.1339,-0.2459, 2.6499, 0.4154, 1.618 , 2.1263, 3.1225, 2.694 ,-2.7069,-1.1569]
[-3.5359,-2.5659, 2.4897, 0.3339, 2.7986, 0.1302,-0.8808, 0.7705,-1.5867, 2.5293, 3.0719,-3.0752, 0.2019,-0.5075, 0.8387, 2.0527]
[ 5.4218,-2.3832,-1.6937,-1.5788,-2.8548,-0.7899,-2.4434, 1.4983, 0.8593,-0.0732, 1.8579, 0.1813, 2.9982, 0.4871,-0.7177, 2.0259]
[ 4.9813, 4.4462,-3.3825,-1.7556, 1.0402, 1.5834,-2.3983, 1.3818, 2.6561, 2.9089,-1.0192, 2.462 , 1.0453,-1.5019,-2.6114,-1.3956]
[-4.1594,-0.9262, 5.4422,-2.9836,-2.3301, 0.4121,-2.6112,-2.2336,-2.4459,-2.1597, 1.8856, 1.6998, 1.5425, 0.3261, 1.2631,-2.0882]
[ 4.8850e+00, 3.8671e+00,-1.3048e+00,-1.4325e-01, 3.4475e-03,-2.8710e+00,-2.3230e+00,-1.2393e+00,-2.1635e+00,-6.1807e-01, 1.1134e+00, 2.4159e+00,-3.7639e-01,-2.8703e+00,-2.3004e+00,-2.7290e+00]
[ 0.2895,-4.8221, 3.9307,-1.4955, 2.9422, 1.071 , 0.8874,-2.1385, 2.9729, 0.0354,-0.4613,-0.1128, 2.6908, 2.2588,-0.1936, 1.9499]
[ 5.2402,-1.036 , 0.9584,-0.4167, 2.9377, 0.9171,-1.005 ,-2.5531,-2.1367,-2.0595, 0.8371,-1.3409, 1.4259,-0.6904, 1.0166, 1.6278]
[-0.9481,-0.029 ,-2.6771,-0.6189,-0.6373,-1.9269, 1.1197,-0.5675, 1.9501, 1.0268,-1.7894, 1.2613, 0.7487,-0.4104, 1.3276,-1.785 ]
[-1.4141,-2.8836,-3.1716,-1.2556,-2.5166, 0.2826,-1.8918, 0.968 ,-2.451 ,-1.6775,-0.6704, 0.1017,-1.3648,-1.8673, 0.0445,-0.73  ]
[ 0.5549,-1.029 , 1.9327,-1.8199,-0.3662, 2.9362, 2.2083,-0.1341, 2.6626,-2.0245, 2.7332, 0.7732, 0.7052,-1.286 ,-3.0151, 2.0742]
[ 3.0132,-1.836 ,-2.1878, 2.9281, 0.2446, 1.6223,-1.8741, 1.9554, 0.6032,-1.5553, 2.1608,-1.2314,-0.2325,-0.8834, 2.4932, 1.3488]
[-5.3037,-1.8505, 0.0152,-1.901 ,-1.654 , 2.8775,-2.6048, 0.208 , 1.5193, 1.4012, 1.6576, 2.6948,-2.0912, 1.5826,-0.0149, 2.9365]
[-2.2276, 0.8556,-0.8531,-1.1817, 3.0291, 1.5922,-2.5241,-1.4522, 0.3873, 2.6885, 1.7257,-2.011 ,-1.1309,-0.5194, 1.5925, 1.17  ]
[-0.4207,-5.3778,-3.0531, 1.4826,-0.6503,-2.2538,-2.4887,-0.6607,-2.6799, 2.9013, 2.0685,-1.859 , 2.6082, 0.5368,-0.2139,-2.8855]
[ 2.571 ,-5.0562,-4.6394,-1.9947,-2.6848,-0.3922,-2.0098,-0.3893,-0.3799, 1.6318, 2.703 , 0.9937,-2.0079, 2.9772,-0.2046, 2.2294]
[-3.6096, 0.5701,-5.223 , 2.78  ,-2.6006, 1.7967, 2.4028, 2.2398,-0.3798,-1.7545,-3.0634, 2.5351, 2.8561,-2.7642,-0.2236,-1.3312]
[ 0.4168,-0.2521,-1.4975, 1.536 ,-2.6112,-0.8063,-3.112 , 1.7992,-0.115 , 0.0404, 1.9219,-3.0674, 1.2699,-0.159 ,-0.963 ,-0.6596]
[-3.0006,-3.2054,-2.5012,-0.7721, 1.9882, 0.2783, 1.3946,-0.9346,-2.1066, 0.5284,-1.0191, 1.5132,-0.2191, 0.5033,-2.1641,-1.6543]
[-5.2243, 3.9803, 2.1672, 0.1953, 1.4287,-0.2706, 1.2877, 0.8821,-0.5456,-1.2967, 0.8386, 0.2399, 2.3193,-2.8794,-0.7918, 0.0717]
[-0.1156, 2.6118, 0.7164,-1.0007,-0.6997, 1.8628, 2.8189,-2.3732,-0.9099,-2.5553, 2.457 , 1.8758,-2.7746, 2.2714,-0.8264,-1.4659]
[-4.9166, 1.0979,-4.5707,-2.921 ,-2.6698, 2.1249, 0.3373,-0.7226,-0.6633,-1.6401,-2.468 ,-3.0411, 0.6428,-0.2391, 2.4342, 1.8306]
[ 1.7499,-0.9785,-4.3305, 0.9955,-1.8613,-0.2553,-0.6666, 0.9532, 1.8757,-2.1983,-0.8115, 2.9143,-1.6411, 0.0651, 0.1606,-1.3931]
[-2.863 ,-0.7534, 3.7759, 2.597 , 0.5764, 1.017 ,-1.0108, 0.3513, 1.4123, 2.2809,-0.2164, 1.0059,-1.5677,-1.9778, 0.5133,-1.5726]
[-0.9565, 3.3998, 3.5888, 2.9496, 2.2111, 2.1722, 2.4398,-2.9631, 3.029 ,-0.6623,-3.124 , 0.1309,-0.2078, 0.2286, 2.5421,-1.6838]
[-3.6054,-2.8704, 3.5202, 2.6764,-2.1564,-1.6109, 2.017 , 2.9125, 1.3537,-0.9397, 3.1348, 0.1649,-0.5673, 2.4372,-0.7222, 2.9367]
[ 3.293 , 5.3529,-2.4748, 1.6761, 3.1346,-1.2234, 0.6163,-1.5339,-1.7754,-1.5536, 1.8567, 0.9423,-1.8748,-2.0026,-0.5113, 1.2361]
[ 0.3168,-5.4445,-1.4741, 1.7827,-1.1343, 2.5588,-1.2267,-1.1132, 2.0253,-0.2906, 0.1221,-1.7625,-1.7361,-0.5008,-1.0338, 1.1442]
[-1.7382,-1.7581,-3.1389,-2.837 , 0.4796,-2.8787, 3.102 ,-2.45  , 2.9734, 1.3573,-1.2645, 0.8903, 2.979 , 2.3861, 0.7263,-0.7094]
[-4.5303,-4.5107, 1.4608, 0.6911,-1.9034, 2.6216, 0.2872, 2.6368, 2.1675, 0.2373,-1.5361,-1.3982,-1.9456, 2.2161,-1.9812,-1.983 ]
[ 3.6202,-5.3219,-3.3073, 2.0712,-2.2012,-2.8974,-0.9273,-1.9229, 2.9507, 0.8581,-0.3196, 1.6179, 0.5183, 0.5568,-0.5436,-0.7993]
[ 1.657 ,-0.023 , 3.9115,-1.4457,-2.3378, 0.1066, 2.1521, 1.3338, 0.4819,-1.3185, 1.7067, 2.9454,-2.7209,-2.3385,-0.3032,-1.4144]
[-3.732 ,-2.6118,-3.9495, 0.1683, 0.2147,-0.5781, 1.9894, 1.5985,-0.8126,-2.7355, 2.9338,-1.5225, 1.9242, 1.406 , 1.7564, 1.3898]
[ 2.0268, 1.0958, 3.7111,-0.6379,-0.551 ,-2.7882,-2.343 , 1.9949, 1.6725,-1.7471, 1.2782,-0.8608,-2.2081,-3.1231,-1.6033,-1.7749]
[-2.7448,-2.2433, 4.8313, 0.9089,-2.2217, 0.4111,-0.0645,-0.8894,-0.147 , 2.0705,-2.0465, 2.844 , 1.9725, 2.6592, 1.897 ,-0.9606]
[-0.9496, 2.359 , 3.7308, 2.6998,-0.5287,-0.3355,-2.6787,-1.6937, 0.5237, 2.5906,-0.8876,-1.4559, 1.3298, 0.6725,-2.1382, 2.3996]
[ 3.5519, 3.0196,-3.1719, 2.8542, 1.4937, 2.2896,-1.9184,-1.7155,-2.8984,-0.9841,-1.2961,-1.4004, 0.2371,-0.04  ,-1.2254, 2.9072]
[ 2.0275, 3.4734,-3.6675, 1.1007,-1.0518,-2.0737, 0.7661, 1.3729,-0.3707,-2.9624, 2.654 ,-2.1469, 1.6814,-2.04  ,-1.5007,-0.057 ]
[ 1.9837,-4.6211,-2.3026, 2.8022,-0.4695, 0.658 , 2.6926,-1.4319, 3.0422, 2.1983, 0.1215,-0.2448,-2.8455, 1.4768,-0.8809,-0.9765]
[ 2.6902, 4.6611, 1.4956,-0.1099, 2.4864, 1.3471,-0.3612,-0.8481, 0.9188, 0.7535,-2.5953, 2.3022, 1.2657,-2.013 ,-2.3764, 0.781 ]
[-3.7599, 5.1414,-0.6743, 2.3344, 3.0157,-2.1773,-2.4182,-0.8363,-1.2212,-3.0956, 0.2841,-2.5942,-0.8508, 2.2999, 3.1164, 2.9431]
[ 1.2194, 1.0976,-5.4176,-3.1247, 0.4861,-1.0632,-3.0679,-1.0595,-2.0251, 1.5003, 1.4266, 0.543 ,-1.0915,-1.3832,-1.5423,-0.1987]
[ 2.4457, 0.9493, 4.1927, 1.0986, 2.244 ,-0.895 ,-2.93  ,-0.6385, 2.6303,-2.1701,-0.0163,-0.807 , 2.7715,-1.5987, 2.8594, 1.7082]
