[-1.8844,-1.2416, 3.8738, 2.4901, 1.7455,-1.7506,-0.6376,-2.1602,-0.8546,-0.1505,-0.3985, 1.1815, 0.9047,-2.9188, 1.8296, 0.0059,-2.7654, 1.2784, 1.7417, 2.3882,-1.4957,-2.2842, 2.4449, 1.3852, 2.7926]
[-3.462 ,-2.3445,-0.9689, 0.7454,-0.7099, 1.2189,-0.1862, 2.0395,-3.0188, 1.5299,-1.2572, 0.3168, 0.3255, 0.0076,-0.9259, 2.8153, 0.6411, 1.379 , 0.1596,-1.9238, 1.2296, 2.1486,-2.5365,-0.3553,-1.0205]
[ 1.7071,-4.462 ,-4.9862, 0.835 , 1.9555, 0.4353,-0.3293, 0.1155,-0.4742, 3.033 , 0.7912, 2.1334, 2.3811,-2.902 , 1.6274, 1.2721,-1.2178,-1.1994,-2.9325,-2.4674, 2.9921, 2.4772, 1.4231, 2.8665, 1.2152]
[ 4.5121,-2.1951, 2.1251, 0.0909,-2.2551, 0.1574, 2.1095,-0.9724,-2.9788, 2.7947,-1.6621, 1.0483,-0.2668, 1.8874,-0.656 ,-1.6115,-2.1554, 2.7739, 1.9655,-2.3723, 0.304 , 1.208 ,-3.0417,-2.1648, 0.3901]
[ 2.2373,-2.2843, 2.4381, 0.3789,-2.0554, 0.6645, 0.1862,-1.6006, 1.2752, 2.2272,-0.9676,-1.1945,-0.6719, 0.0806, 0.559 ,-2.2401, 1.3312,-0.2972,-0.2855, 2.5927,-2.5212,-1.4923, 2.9237, 3.0264, 2.7927]
[ 0.7308, 1.9781, 1.6138, 2.0126, 2.0264,-0.4666,-2.4739, 0.8118,-0.7403,-2.3919, 2.5445, 1.3624,-0.4567,-2.2605, 1.2767, 1.0172, 0.2525,-0.5383,-1.1934,-1.6914,-2.2371, 0.6405,-1.5547, 0.2296,-0.0146]
[ 0.8805,-3.326 ,-1.5088,-2.6032, 1.9126,-1.9637,-1.5556, 1.3788,-0.9677,-1.9509,-0.1481,-1.9702, 1.6771, 1.458 ,-2.9606,-0.8589, 1.9516,-2.8271, 2.5412,-0.9873, 0.1038, 2.2036, 1.1926,-0.2532,-1.589 ]
[ 1.0636,-0.2996, 2.8626,-0.1299, 2.2105, 2.4307, 0.9958,-0.0523, 2.4246, 0.9484, 0.4617,-1.601 ,-0.8087, 2.9199,-0.678 ,-1.6872,-1.2838, 2.3902, 1.2592,-0.1305, 0.008 ,-2.7836,-2.1537,-3.0456, 1.8152]
[-3.9683, 1.822 ,-1.4962, 2.4525,-1.9245,-0.1261, 0.8592, 0.0594, 1.8811,-2.2162,-2.4677,-1.9385,-2.4439,-2.7138, 2.0455, 1.9327, 3.046 ,-2.8858,-2.1858, 2.3406, 1.9122,-1.7861,-2.9894,-0.4697,-1.6641]
[ 5.0116, 0.692 ,-4.2856, 1.6459, 2.3812, 0.0395,-0.5577,-0.5781,-0.5193, 1.9226, 2.3152,-2.884 , 2.6748,-0.0785,-3.0158, 2.8199, 0.4382,-1.2709, 0.1399,-0.6615,-2.5691,-1.88  , 2.3854, 2.6698,-1.6591]
[-0.0527, 5.0431,-5.19  ,-2.5513, 1.2341,-1.1651, 0.9105, 2.3048,-2.4352,-0.482 ,-2.4674,-1.0496,-2.5368, 3.038 ,-2.1967, 1.3527,-1.1897, 0.1677,-2.0753,-0.5519, 0.5528,-0.01  , 1.0671, 0.3736, 2.4275]
[-4.7763, 4.1881, 5.3613, 0.881 , 1.7838, 1.8656, 0.0839,-0.3695,-2.7262, 1.9512,-1.9683, 0.306 , 0.6562,-0.1017, 1.6951,-1.3041,-2.5292,-3.0879, 1.0445, 1.4875, 1.5567, 0.3284, 1.9337, 1.808 , 1.2445]
[ 1.509 , 1.3691, 3.3672, 1.843 , 0.0561, 2.2202, 3.1319,-2.8146, 2.8628,-0.0441, 0.5536, 1.0101, 1.4926, 2.1335, 2.4683,-0.3412,-2.4875, 2.063 , 2.0031,-0.4402,-2.6385,-0.337 , 1.5188, 1.9864, 0.4598]
[-5.3308, 5.0634,-4.9297,-1.0693,-2.4081,-0.5355,-0.1376,-3.1401,-2.7272, 2.0168, 2.4073,-2.9304,-2.567 ,-1.6168, 2.8109,-1.2428, 1.7296, 3.0756, 1.6731,-1.1134, 2.4074, 0.4111,-0.4732,-2.6462,-2.2097]
[-4.6749,-3.2092,-0.5755, 2.3695,-2.708 ,-2.5219, 0.007 ,-2.2805,-0.3038,-0.7012, 1.3264,-2.2784,-0.6772,-0.2656,-0.1661,-0.7149, 2.24  , 2.7518,-1.0124, 0.2801, 0.641 , 0.7192,-1.6058, 1.4236, 2.1863]
[-2.3479, 0.2816,-3.7913,-2.0966, 0.4625,-2.8143,-1.7751,-1.9898,-3.0154,-2.3115,-0.1962, 0.3384,-0.9123,-1.8045,-1.5004, 2.6337, 1.6175, 0.1304, 2.0471, 3.0982, 2.0638, 1.5323,-0.8725, 0.8289,-1.5254]
[ 1.0716,-2.3583,-4.2858,-0.7697, 2.0153,-1.241 ,-2.0556,-3.1122,-2.0027, 0.8374,-2.055 ,-1.8227, 2.8654, 1.1998, 1.9542, 2.759 ,-0.7553,-3.0565,-0.972 ,-2.582 , 2.1565, 0.1053, 0.7522,-1.0833, 0.8377]
[ 4.9243, 2.1444,-3.6067, 1.5402,-2.8986, 0.9582, 2.6683,-2.2656, 1.2626, 1.8593, 0.8741,-2.3618,-0.4019,-1.5261, 2.8831, 0.1851, 1.2421,-2.7804, 0.7633,-2.147 , 2.1159,-0.6595,-2.6242,-0.0161, 1.8925]
[ 2.1219, 4.0218, 0.2257,-1.2249,-0.0383,-1.6385,-0.2322,-3.0604, 2.5842,-0.0905, 2.8014,-2.1036, 2.8879, 0.3084, 0.3601, 1.9407, 0.7904, 1.4026,-2.3842, 1.2257,-1.5979,-0.016 , 0.8653, 1.9095, 2.1668]
[-2.9158,-3.599 , 3.1459, 1.9562, 2.267 , 0.2578,-2.6006,-2.7933,-0.9586,-0.1318,-2.8002,-0.0346, 2.6959,-2.8194,-0.5661, 2.6358,-2.5823, 2.8383,-0.5805, 1.1328,-2.8307, 1.8787, 1.7049,-0.7571, 2.2064]
[-4.8879,-4.3119,-5.2422,-2.303 , 1.5013,-1.8769,-1.1403,-3.1173,-1.0109, 0.0951,-0.5226, 1.7112, 0.0291, 0.7395, 1.625 ,-2.9099,-2.3362, 2.5847,-0.4948, 2.3482, 0.0747, 0.8496, 0.2782, 2.2132,-0.1675]
[-4.9468, 4.739 ,-0.8163,-2.9517, 2.9016,-2.5673,-2.0082,-1.6427,-0.1547,-2.1919,-1.8714,-2.5349,-1.3058,-1.8821, 2.2429,-2.0354, 2.5896,-0.1944, 0.0987,-0.7525,-0.0805, 0.0089, 0.5325, 0.377 ,-1.5482]
[ 1.0394,-3.1505,-1.5411,-2.7366,-0.6535,-0.3718, 2.2262, 0.4879, 2.7593,-0.5787,-0.6339,-1.2887, 2.7219,-2.8008, 2.8925, 1.725 , 2.4435,-0.3265,-3.0159,-2.1298,-1.2578,-1.1251, 2.6639, 2.2947, 0.9128]
[ 4.4626, 3.2947,-3.4134,-0.3671,-0.3495, 3.1127, 2.6638,-2.373 , 2.076 , 1.9744,-0.7222, 0.1036,-0.9951,-2.3271,-0.7762,-0.7106,-3.0357, 0.6229,-1.3158, 0.3893,-0.3087, 2.5552,-1.9292,-2.813 , 1.5476]
[-0.0647,-1.252 ,-4.8319,-1.8775, 2.0382, 1.8526,-2.4258,-0.5074, 0.9218, 1.2329, 2.7382,-1.6077,-1.5691,-2.1586, 2.5624,-2.3211, 2.2621, 2.2761, 0.9546, 1.268 ,-0.2166,-1.7712, 2.7698,-2.0675, 1.4065]
[ 0.6696,-3.723 ,-3.6652, 1.3484,-2.6165, 0.012 , 0.1775, 2.3262, 1.8573,-3.0144, 0.3145,-2.8008,-1.6585, 1.3037, 3.091 , 1.0523, 1.3726,-1.0998, 1.3807, 0.424 ,-0.5906, 2.5029, 3.0853,-1.4947,-1.1642]
[ 2.1814, 0.5296, 0.2004,-2.374 ,-2.7667, 1.9336,-0.4219,-1.6616,-2.4977, 2.3923, 2.609 ,-1.1981,-2.9042,-2.6103,-0.8379, 0.0318, 0.1497,-0.7218,-2.0842,-2.202 , 0.8965, 1.6296, 1.972 , 0.9724,-0.2069]
[ 0.4983, 4.3382, 5.0346,-0.2869,-1.022 , 2.924 ,-0.8643, 2.0114,-1.4305, 0.1852, 2.3159, 0.3757, 0.0676,-0.8165,-0.3153, 2.7444, 2.6947, 0.5012, 2.5411, 0.4216, 0.1285, 1.3053,-0.9   , 0.3263,-2.3973]
[-2.0246, 4.1398, 1.82  , 1.0584, 1.6478,-2.3607, 0.9547, 2.2083,-2.5629, 2.2494, 2.8498,-0.1999, 2.2822, 1.5126,-0.5085, 3.1401, 2.4169, 1.3706, 1.2217,-0.9862,-2.7169,-0.708 , 2.104 , 2.1367,-2.4604]
[-4.7007, 2.8507,-2.0039, 0.0364,-0.0638, 2.4165, 1.734 ,-0.6961, 1.5094, 2.7786, 1.0035, 3.0476, 0.2931,-2.0441,-0.2957,-1.3411,-2.4648, 2.5934,-2.9389,-0.1621,-0.3505, 1.0482, 1.4433,-2.1971, 0.5539]
[ 2.6034, 0.8104,-4.7676, 0.4023,-2.1756,-2.7237, 1.7915, 1.1073,-1.2096,-1.6834, 1.6154, 1.9542, 0.8116, 3.1325,-2.7973, 0.4278, 1.9614,-1.1487, 2.3784, 1.3506,-0.8167,-0.8247, 0.6148, 2.3386,-1.7439]
[ 4.5323,-2.5655,-0.9192, 2.0462,-2.034 ,-0.4193,-1.4418, 2.5165, 1.3458,-1.73  , 1.9287,-0.0656,-0.9365,-2.5355,-1.02  , 1.5383,-0.7693, 2.4978,-1.813 , 2.0849, 3.1341, 1.4771,-2.5586,-0.8993, 3.0085]
[ 2.8006, 1.6511, 2.882 , 1.8641, 2.0517, 1.7207, 0.6479,-1.1703,-1.3818, 0.9618,-2.8062,-0.2171, 2.6805,-0.6526, 3.0076, 0.7308, 1.8151,-0.1304,-1.18  ,-0.1219, 2.4454, 0.8418, 0.0468,-2.3104, 1.3464]
[-1.593 ,-1.6399, 2.8947,-1.812 ,-0.4091, 0.76  , 2.0556, 0.5265, 2.3927, 0.9254,-2.6009, 2.855 ,-0.0835,-2.5406,-1.1586,-0.4164, 2.2299, 2.5292, 2.3052,-3.1023,-2.4921, 0.1895, 3.1278,-3.1318,-2.7345]
[ 5.1059, 2.2818,-2.0526, 1.1493,-2.9038,-2.5252,-2.8732,-2.4573, 2.5688,-3.0478, 0.8079, 1.7356,-0.8664,-2.7952,-0.085 ,-0.1369, 1.2075,-1.5812, 0.3894,-2.6103, 1.3391,-0.0519,-1.4579,-2.9331, 1.2136]
[-4.9142,-4.9067,-0.35  ,-1.3606,-0.6703,-1.702 ,-0.7834,-0.4057,-1.4091,-2.4481, 2.1904,-0.9363,-2.4977, 2.1569,-0.6055,-2.6125, 3.1182, 1.3223,-2.1859, 0.3857, 2.9046, 1.1689, 2.6543,-0.0954, 2.3004]
[ 0.547 ,-0.2371,-0.6589, 0.1974, 0.3336,-2.8337,-0.0544, 3.067 , 1.1558,-0.545 ,-2.3765,-1.9432,-0.0277, 2.651 ,-0.1755, 0.0776,-0.2736, 1.3215, 0.4327,-0.6469, 0.8635,-2.7266, 2.9841, 2.9459, 0.2478]
[-4.923 , 0.231 , 3.6593, 2.7311, 2.6385, 2.9179, 0.8893, 3.0324, 1.9104,-0.4139, 0.2509, 2.8463, 1.1252, 0.229 ,-0.1021,-1.1897, 2.5026, 0.966 , 0.5705, 1.0337,-2.6389, 2.9008, 1.9948,-2.0685, 2.1235]
[ 2.6572, 0.9118, 0.6625,-0.7262,-0.0187,-0.6085,-1.7052,-2.4384,-1.4053, 2.0251, 0.0223, 2.7718,-1.6337,-1.4309, 1.7877,-0.4997,-2.0492, 2.3437,-2.5298, 2.3766,-0.0777,-0.7967, 0.7327,-0.3791,-2.9942]
[-1.8613, 0.2794, 1.3303, 1.9058, 1.3141, 2.7461,-2.0896, 2.1692, 1.2226, 1.7241,-3.0161, 2.582 , 2.5261,-2.8397,-2.9946,-1.182 , 1.2871,-1.0945,-1.026 , 0.9233, 0.1152,-1.2302, 2.4853, 1.2023, 1.0626]
[ 1.8785, 2.6594,-4.4167, 1.4316, 3.0375, 2.9728,-0.3696,-0.8652,-2.4564, 2.817 , 0.8743,-0.2176, 2.4698, 1.3181,-2.0417,-1.2924, 2.3379,-0.8072,-2.3808,-1.1871,-2.6535, 2.5373,-0.5691,-0.6084, 1.515 ]
[-1.3626,-4.9302,-3.1993,-2.0191,-2.2237,-0.8011, 0.4577,-1.7378, 0.7319, 3.128 , 2.523 ,-1.7532, 0.8773,-2.6582, 1.9149,-1.762 ,-0.8433,-0.3837, 1.3138,-0.0234, 0.3347, 0.2273,-1.5563, 2.0512, 2.2866]
[-2.1595,-2.7118, 3.2125, 0.193 ,-1.3226,-0.3201,-2.5693, 2.3572, 0.0982, 3.0839, 1.1038,-1.8053, 3.0926, 0.9107,-0.2524, 1.6079,-3.0401, 3.0032,-1.9533,-0.6357,-0.2828,-0.0831,-1.2774,-0.3365, 2.4355]
[-2.1178, 3.2726,-3.0302,-0.6367,-2.7119, 2.0895, 2.6011, 0.264 , 2.9403, 2.1118,-1.8117, 0.4382,-0.2725, 0.0237,-0.1005,-1.4861,-2.725 ,-2.0654,-0.0798, 0.6209,-1.8907, 1.3108, 1.0451,-0.9993,-2.6962]
[ 5.0704e+00, 2.2288e+00,-3.1229e+00,-1.1323e-01,-1.7802e+00,-3.0640e+00, 4.4154e-01,-2.9370e+00,-2.3267e+00, 1.4669e+00,-2.8443e+00, 2.8894e+00,-2.0459e+00,-7.0019e-01, 9.0322e-01,-1.5342e+00,-1.4838e+00, 2.9692e-03, 2.2808e+00,-1.2230e+00,-2.9285e+00,-5.2676e-01, 1.3969e+00, 8.4172e-01,-2.4012e+00]
[-4.1597e+00, 1.0307e+00,-4.5076e+00,-3.5391e-01, 2.4737e+00,-2.6152e+00, 3.1841e-01,-1.3121e+00, 3.2965e-03, 1.7248e+00, 2.7559e+00,-1.0006e+00,-2.1469e+00,-2.8612e+00, 7.0351e-01, 2.5379e+00, 1.0221e+00,-2.2119e+00, 1.2454e+00,-3.9297e-01,-2.9303e+00, 6.2858e-01, 1.4673e+00, 1.1443e+00, 2.4011e+00]
[-3.3081, 3.8188,-4.4056,-1.1339, 1.6659, 2.7486, 0.9117, 1.9124,-1.0731,-2.7671, 1.8124, 2.6107, 0.2198, 0.319 , 1.961 ,-0.6662,-1.5901,-3.1096, 2.1568, 1.4882,-2.2101,-1.1154, 1.3423,-2.6875,-0.6506]
[-2.9601, 5.1657, 5.3552,-2.3369, 0.7831,-2.258 , 0.3725, 2.978 ,-2.0904,-1.1866, 0.1671,-2.5019, 0.8339, 2.9816, 2.1611, 0.043 ,-0.4725, 0.4485, 2.886 ,-1.2068, 0.5951, 3.0779, 2.7879, 2.6129, 0.6709]
[ 0.0805,-3.5869, 3.8638, 2.914 , 0.3909, 0.5797,-1.0787, 2.8561,-3.0842,-2.1321, 0.588 , 1.2745, 1.082 , 2.7885, 2.7111, 0.5987,-2.8068, 2.8782, 3.0214,-2.1006,-0.5497,-2.9617, 1.2337,-0.4493, 2.7433]
[ 0.8742, 4.3682,-3.4977,-0.9231,-1.4804, 1.804 ,-2.0496, 2.5278, 2.9125, 2.7727,-2.521 , 2.9832, 0.2052, 1.0903,-1.8744,-1.9159,-1.6652,-1.4311,-2.0844,-3.0378,-0.1901, 2.6401,-1.3607,-2.9067,-2.1752]
[ 2.3481, 1.6795,-4.5959, 2.036 , 0.8506,-1.4079, 1.7855,-0.7363, 0.8289,-2.3254,-2.713 ,-2.3287, 2.15  , 1.5506,-1.9191, 2.0513, 0.0341, 1.9173, 0.1597,-2.285 , 2.0854,-2.509 ,-0.0635,-2.7839,-2.3773]
[-1.9622, 3.332 ,-2.3367, 3.0525,-2.9483, 2.5552,-1.1615,-0.4082,-2.6595,-1.0644,-0.2216, 2.746 , 0.4948,-2.6149, 2.3204, 2.9846,-1.612 , 0.5955,-0.1678, 3.12  , 1.9173,-1.8795,-2.5291,-1.7618,-0.9689]
[-3.0382, 0.2527,-2.7281,-0.7329, 2.9006, 0.1083,-2.3914,-0.2012, 1.0325,-0.8371,-0.6346,-2.9778, 0.6793,-1.5512,-2.1316, 2.6552,-2.3724,-1.3549, 1.6225, 1.4126,-1.8247,-2.6421, 1.0045, 2.0654, 1.0471]
[-5.3032e+00,-3.4631e+00, 1.6564e+00, 4.8993e-03, 2.6077e+00,-1.4430e+00, 6.1424e-01,-1.8523e+00,-2.1022e+00, 7.3328e-01,-6.8229e-01,-2.0417e+00,-1.0077e+00,-3.1099e+00,-9.2104e-01,-1.0421e+00, 1.2788e+00,-8.2759e-01, 1.5211e+00, 7.2259e-01, 8.4481e-02, 1.3849e+00, 4.4648e-01,-2.6144e+00,-2.8034e+00]
[-5.3161, 3.9395,-4.6853,-0.0565, 1.6258,-0.9605, 1.3122, 1.1974, 2.3921,-2.906 ,-1.506 , 2.2712,-1.7857,-1.4427,-0.6229, 1.3205, 0.385 , 1.7297,-2.1989, 0.7372, 1.0728,-2.9673, 1.1684, 0.1376,-0.0569]
[-2.1432e+00,-2.7963e+00, 4.9085e+00,-1.0202e+00, 2.8445e+00,-1.6288e+00,-7.2141e-01,-1.9654e+00, 1.8250e+00, 1.1804e+00, 1.6653e+00, 7.8988e-04, 1.5146e+00,-1.8833e+00,-1.1810e-01, 2.2296e+00,-9.0453e-02, 2.5507e+00,-1.0970e+00,-1.7580e+00,-2.4826e+00,-8.1530e-02,-1.1190e+00, 1.8329e+00,-1.4208e+00]
[-0.9637, 2.0418, 5.4679,-1.5355,-1.6438,-0.0818, 0.3393, 1.5476, 1.7136, 1.7109, 2.6164, 1.6828, 1.6611,-2.7509, 3.0702, 0.5428, 1.283 ,-1.5782, 2.2797,-2.1528,-2.9352,-2.9654, 2.9112,-2.6968,-0.5711]
[ 4.38  , 0.9621,-1.5359,-2.3501,-0.7767, 1.4577, 0.7096, 1.917 ,-2.3839,-0.0962,-1.1442, 0.8688,-1.6969,-0.3606, 2.2353,-3.126 , 1.3721,-1.0023,-1.174 , 2.1939, 2.2051,-1.9297,-0.5609, 0.8794, 0.4519]
[ 1.5433, 5.2187, 1.9048, 0.6283, 1.747 , 0.3903, 1.0684,-0.6189, 0.4604, 1.2713, 2.0734,-1.774 ,-2.8672, 0.1177, 1.2613,-2.8025,-1.4627, 2.9488,-1.6435, 1.3335,-2.3173,-0.8269,-0.8363, 1.0107,-0.7042]
[-2.3044,-4.7744,-0.7749, 2.7404, 2.3033, 1.7639, 3.1155, 0.6559, 1.78  ,-1.5611,-0.0224, 1.3799,-3.0183,-0.3004,-1.587 , 2.0289, 2.4117,-1.0593,-3.1337,-2.6331,-1.1612, 1.6817,-1.9761, 1.4733, 0.8895]
[-3.9118, 1.5076, 5.2462, 0.8727, 1.6256,-0.2342,-2.6498,-2.011 , 0.0751, 0.5506,-0.3796, 1.5811, 1.1012,-1.4699, 2.5029,-2.0006,-0.3054, 0.2012,-1.7241, 0.6281, 1.3441, 0.0329, 1.3623,-0.5066,-2.3473]
[ 3.2505,-0.3415, 1.6786,-1.5243, 1.7022,-0.1286,-2.0918, 1.2631, 0.2016,-2.3806,-2.9023, 0.1819, 1.8478, 1.703 , 1.305 ,-1.8502, 2.8155,-0.528 , 3.0864,-2.2925,-2.8172,-1.6053, 0.7749,-0.1342,-0.2586]
[ 1.1851, 4.1574, 2.9454, 3.0302,-2.2461, 1.9049,-2.1114,-1.4166, 2.8679, 2.5155,-0.1773, 2.6177,-1.5113, 0.5528,-2.6377,-0.3692,-1.4501, 2.0084,-0.0977,-2.7558, 2.056 ,-2.5629, 2.3045,-0.1947,-0.5459]
[-5.1488,-2.8851, 4.1107,-0.2934, 0.4095, 0.0811, 1.9026,-2.0933, 2.0461,-2.3332,-1.289 ,-0.7165, 1.8333, 3.0526,-2.8393,-0.6265, 1.7629,-2.1034,-3.0363, 2.0267, 0.772 , 2.7048, 3.0337,-0.2926, 1.3664]
[-3.2891, 1.9897,-0.2894, 1.2653, 0.915 ,-0.3184,-0.2554, 0.7244, 0.0508, 0.9178,-0.9286,-1.7147,-1.6592, 1.2222,-1.5507,-1.6142, 0.4298,-2.8808,-0.251 ,-2.3427, 1.381 ,-2.5962,-3.0682,-2.6959,-1.6644]
[-1.6582,-1.2728,-4.0137,-2.9214, 1.8342,-2.8377, 2.8186, 0.9956, 0.0608, 1.8887,-0.1752,-1.0272, 1.0811, 2.6971,-1.6244,-2.8401, 0.2417,-0.2255, 0.327 ,-2.8956, 2.2111,-3.0021,-2.0201, 1.238 ,-3.0539]
[ 2.4901,-1.9611, 4.8918,-2.2113, 0.2426, 0.9555,-0.4288,-2.0782,-0.7417, 2.2929,-2.0919, 0.5259,-1.1823, 2.1974,-0.9671,-2.8366, 2.1192, 2.6087,-3.0243, 2.8721, 2.239 ,-2.6998,-1.3865, 0.1394,-1.927 ]
[-1.5459, 4.6329, 0.3234, 2.469 , 1.6111,-0.2489,-2.7707,-0.3214,-3.0022,-2.862 ,-0.4711,-1.4083, 1.8578, 0.5451, 2.806 , 0.9656,-2.2557,-1.9584,-1.1629, 2.5543, 2.7043, 1.4078, 0.9731, 0.9912, 2.8211]
[ 0.9668,-3.8318,-1.1854, 2.5946, 1.601 ,-1.8205,-0.2035,-1.3129, 1.8585,-0.9087, 1.0514,-0.3361,-0.2682, 2.8203,-0.9958,-2.7154,-0.9417,-0.0526,-0.7909, 2.183 ,-2.4243,-0.63  ,-2.4064,-1.2842, 2.0828]
[ 4.5005, 0.8186, 4.1479,-2.766 ,-3.0308, 2.0632,-0.9586, 0.8264, 2.8476,-1.4954, 2.5206, 2.0769,-2.4513,-2.0445, 1.4926,-1.7919,-0.3811,-0.9729,-1.5086,-1.4486,-2.0134, 0.135 ,-1.3389,-2.8557,-2.1109]
[ 2.7002,-1.1271, 5.3592,-1.1236,-0.378 ,-0.4455,-0.6637,-2.243 , 1.3041,-0.1932, 0.611 , 0.5276,-2.3384, 1.0714,-0.5097, 0.2887, 0.4717, 1.6244, 0.5456,-2.1393, 1.4777, 1.7906, 0.6295,-2.3288,-2.1934]
[ 5.4161, 3.4681, 5.1651,-3.0721,-1.2148, 0.0869, 1.3678,-2.5552, 2.5915,-0.8096, 2.5786,-0.0428, 2.0831, 0.5248, 3.0599,-0.5537,-1.7429, 2.8418, 1.7808,-2.6299,-0.1724,-3.0455, 0.3386, 2.6156,-1.8062]
[ 1.2194,-0.1315,-2.7757,-1.8482,-1.7986,-0.2372,-0.7965, 2.4801, 1.3341,-1.2594, 0.705 ,-1.9167, 0.3027, 2.7737, 2.2581, 2.8114,-1.6831,-2.5401, 2.0082,-2.5796, 0.6691, 1.6792,-0.8069, 1.9561, 1.7447]
[ 1.39  ,-2.9747,-2.5627,-0.6756,-2.9832,-2.6153, 1.5056, 1.9209,-3.081 , 1.042 , 2.827 ,-1.9189,-0.6377, 2.9141,-0.429 ,-1.5953, 0.8142, 0.8344,-2.9891,-0.2003, 1.1423,-1.6436,-1.4352, 0.5733, 1.1224]
[-2.1678,-2.5268, 3.5229, 1.1034,-0.6892, 2.1128,-2.6792, 1.2711, 2.4928,-3.0265, 1.5252,-2.7917,-0.7435, 0.9036,-0.0931,-2.1106,-0.9351, 3.0747, 0.2986,-2.2811, 0.0745,-1.0219, 2.6818,-2.2062,-2.0063]
[-0.3885, 4.3183,-0.5282, 2.0121,-1.1923, 2.0455,-1.741 ,-3.0693, 1.7077,-0.8371, 2.0709,-2.3624, 3.0454,-1.9896, 2.0187, 2.2986, 1.8957, 1.9018,-2.9287,-1.4543,-0.0727, 2.2627,-2.0249,-1.7023, 2.9064]
[ 4.9914, 5.4343,-2.0944,-0.1164, 2.7018, 2.4918, 0.1291, 2.3917, 2.7351,-0.2799,-1.0062, 1.6808,-1.4578, 2.1752, 0.819 , 0.2335, 2.0448, 1.3414, 1.1363,-2.5674, 2.643 , 0.0362, 0.5293, 1.1671, 0.5525]
[-0.917 , 2.0088,-1.8012,-1.9431, 0.8815, 0.2552,-0.2451,-1.6615, 3.0341, 0.6915, 0.0502,-2.6777,-1.607 ,-2.7441,-1.2079, 0.0185, 1.445 ,-2.0103, 1.9168, 0.6377,-1.8312,-1.642 , 2.3112, 0.0815,-2.7548]
[ 4.4151,-4.885 , 0.8371,-2.6075, 2.1459,-2.9059,-2.1064, 3.0216, 2.3175,-1.7703, 1.0912,-2.1217, 2.6355, 1.9752, 3.0147,-0.0739, 1.0032,-1.958 , 0.6874,-1.8352,-1.9764, 0.9173,-2.4243, 1.5227, 2.2053]
[ 3.6244,-0.1048, 0.2067,-2.285 ,-0.066 , 2.4237,-1.0765, 2.9722,-2.7633,-2.6486, 0.0542, 1.513 , 1.8454, 2.3378,-3.0415, 2.5805, 0.378 ,-1.4158,-2.263 , 2.4891,-0.3523,-0.2843, 0.2273, 2.8691,-1.5995]
[ 3.0802, 5.3476,-0.4279,-0.2849,-0.1369,-1.7012,-0.6292, 1.8975, 2.249 ,-0.689 , 1.2569, 3.0003, 2.0354,-3.084 ,-0.2046, 1.0586,-0.998 , 2.6572, 0.8869,-2.1276, 1.9237,-2.1885,-1.0456,-1.8532,-2.5606]
[ 0.7176,-1.8519,-0.946 , 0.9972,-0.5545, 1.2868, 1.3679,-3.0897,-1.9666,-2.3396,-1.8329,-0.9151, 2.2248,-1.8524, 1.9059,-0.7609, 2.5143, 0.4687,-0.9783,-2.2012,-2.8267,-0.2441,-0.7348, 0.0578,-1.4199]
[-5.4075,-4.954 , 1.5846,-1.1876,-1.7676, 0.9196, 0.9224, 0.3608,-1.7257, 2.8168,-2.303 , 1.1447,-0.7956, 3.0534,-3.0475, 2.2525,-2.2131, 2.7244, 1.3884,-2.8202, 0.7079,-0.0963,-1.4911,-2.7109,-1.9431]
[-2.2461,-3.8825, 4.501 , 2.0142, 0.2355, 2.295 , 1.7749, 2.57  ,-2.9946,-1.9062, 2.2493,-0.4264,-0.3968, 0.1929,-2.5081, 1.947 , 1.6597, 1.0818, 2.4978,-0.7089,-2.624 , 1.7673,-2.9768, 1.2022, 0.8834]
[ 1.7275,-1.1212,-3.5917, 0.6054,-2.6278,-0.3018, 2.7185,-1.3308,-0.9912,-0.2317, 2.9795,-1.5177,-2.5033, 2.3098,-1.6776, 2.5822,-2.1956, 0.6198,-0.4113, 1.5709,-0.8321, 1.2556, 1.9479, 1.9901,-2.9326]
[-4.5867, 1.6633,-3.4819,-0.3848, 2.0706,-2.8909,-2.5293, 2.0231, 1.3034, 2.6085, 2.2232, 1.5756, 0.0479,-1.3263, 1.9706, 2.149 ,-3.0978, 2.7753,-2.3763, 0.5346, 1.7752, 2.4906,-1.4901, 2.341 , 3.0144]
[-3.6065,-2.8807,-2.3354, 1.02  ,-0.5006, 1.1973,-2.6225,-1.5502, 2.425 ,-0.9653,-2.1418,-0.5764, 2.6124,-1.6676,-2.8817,-0.3178,-1.1096,-3.0963, 2.2567,-1.2238, 0.9759,-2.043 ,-2.6573, 0.9089, 1.3505]
[ 3.3471, 1.9057,-3.0708, 0.4384,-0.479 ,-1.1409,-0.3202, 1.4123, 2.5498,-2.496 , 1.5106,-1.2569,-2.9816, 2.3427, 1.1028, 2.1668,-0.929 , 0.2077,-2.7695, 0.1374, 1.2174, 0.5128,-1.8477,-3.1123, 2.5486]
[ 2.073 ,-3.2839,-4.7482,-0.0394, 1.4659,-2.3926, 1.0279,-1.9486, 2.5942, 2.8585,-1.7664,-1.741 , 1.9211,-2.6311, 2.7803,-2.2091, 1.7685,-2.7694,-1.39  ,-0.3914,-1.0402, 2.8342,-0.3167, 1.8992,-0.6864]
[ 1.6806,-5.0965, 2.8949, 2.8889,-3.0012, 2.7656,-3.1093,-0.6883, 1.3314,-0.556 ,-2.99  , 1.1209, 3.112 , 1.3735, 0.8074, 0.1862,-0.5271, 2.4396, 0.4883, 1.3127,-0.81  ,-0.0663,-2.3632, 1.4059, 1.4392]
[-2.0182, 4.84  , 0.4525,-2.9807,-2.652 ,-1.4346,-2.6881,-1.3698,-1.1563, 3.1021, 0.9356, 1.8601,-1.4939, 0.0739,-2.9385, 1.9774, 0.1528,-1.5385, 0.0979,-1.047 , 0.4452, 1.0202, 0.5168,-1.9611, 1.2151]
[-0.433 , 1.5991, 1.0514,-1.0156,-1.553 , 0.8217,-1.9628,-2.9465,-2.0939,-2.1421, 2.634 ,-1.5986, 2.7709,-1.0197,-0.1199, 0.3028,-2.2285, 2.75  , 0.8157, 2.8491,-0.8016,-0.3187,-2.9989,-2.3901, 2.7238]
[ 3.0566, 0.9417,-3.1184,-0.8704,-1.6072,-2.6343, 0.0964, 0.9197,-2.0149,-2.0018,-0.4719,-1.6437, 2.9539,-0.0584,-0.5923, 3.0095, 1.2943, 1.7572,-2.8792, 0.2062,-1.2168,-2.3   ,-2.5071, 1.9778,-2.519 ]
[ 2.9773, 4.1087,-4.5491,-2.7064,-2.663 ,-0.6475,-0.8512,-0.6539, 2.0809,-0.5279,-0.5131,-1.8052, 1.5733, 1.2395, 0.2617,-0.746 ,-0.5056,-2.2975, 1.0112,-1.7251, 1.2861, 2.7674,-2.0473, 2.046 ,-1.4169]
[-0.4189,-1.4716, 0.5691,-0.3375,-2.3785,-2.5795,-2.165 ,-1.2003, 1.0469, 0.4522,-1.8901, 0.4205, 2.3643, 2.6769,-2.637 ,-3.0238,-1.1227,-2.547 , 2.1156, 1.3058,-1.987 , 1.7499, 1.5407, 1.3829,-0.8246]
[-2.1772, 3.2547,-2.7872, 0.57  , 1.2279, 1.1783, 3.0558, 0.9558, 2.1426, 1.1265, 2.2561, 1.7886, 1.8115, 2.024 , 1.2842, 3.0724,-0.3392, 1.6403, 0.323 ,-1.7506, 2.9932,-1.1563,-0.986 , 2.6434, 0.1372]
[ 0.1069, 0.5189, 0.7942, 0.8267, 1.5801,-0.5121, 3.0067, 2.6195,-1.2827, 2.6564, 1.8618,-1.7955, 0.1416,-1.3499, 0.7675,-2.2889, 0.4536, 0.4067, 0.2146, 1.2951, 2.5025,-2.6752, 2.8879, 2.723 ,-1.9512]
[ 2.5511,-1.426 , 5.4018, 1.9283, 2.417 ,-1.6048, 2.5561, 2.5083, 2.8245,-0.3992,-0.8505,-1.1074, 3.1238,-1.8537, 1.2799, 2.8415,-3.1416,-0.7933, 1.3005, 0.8554, 1.2842,-1.9105, 2.5154,-1.8705,-2.273 ]
[-4.4144,-3.0498, 0.3624,-3.1246, 0.4059, 2.4904,-1.7052, 1.1211,-1.9537,-3.0297, 1.7656,-1.0197,-1.6469, 2.0262, 2.5068, 0.8109,-2.4344,-1.6112,-0.3798,-0.0735,-1.3199,-0.9353, 2.0248,-0.1841,-2.0477]
[ 4.0244, 0.8996, 5.4212,-2.4399, 0.5704,-2.491 ,-1.8976,-2.8634,-1.0177,-2.428 , 3.0409, 1.9946, 1.1337,-1.5707, 0.0524,-2.5065,-0.1714, 1.8733, 1.3963, 0.8985,-2.894 ,-2.1417, 2.0368,-2.289 , 1.4036]
