[-1.6736, 2.1421,-2.6888,-2.4232,-3.1318,-2.9141, 0.1673, 0.7201,-0.4686, 0.7773,-1.6554,-2.3704, 1.6145, 0.9365,-0.0629, 2.5011,-0.8422,-1.3138,-2.8955, 1.4827,-2.5826,-0.7212, 0.7472]
[-1.8481,-2.9104,-0.4473, 1.5366, 0.1932, 2.0415,-1.3906,-0.4225, 0.1588,-1.2574, 1.8912,-0.1427, 2.5252, 1.5234,-0.029 ,-0.2445,-3.0148,-1.2009,-3.0508, 2.5606, 2.2414, 2.8912,-2.0651]
[-3.6374, 1.5574,-4.8815, 1.4944,-2.9368, 0.9189, 2.0001,-1.3836, 1.5766,-2.8658, 2.09  ,-1.5299, 1.9458, 2.3598, 2.2591,-2.7827, 3.0893,-1.4976,-2.6525, 2.0437, 0.3978,-1.8382,-3.0338]
[ 4.6889,-3.6718,-4.6289, 0.7407, 0.7837, 0.611 , 2.6124, 0.4852,-3.0147, 2.3863,-2.7887,-1.0931, 0.553 , 1.1082,-0.9444,-2.6759, 0.7803, 2.2468, 0.8365, 1.7387,-0.6976,-2.8211,-1.82  ]
[-4.7928,-3.1601,-0.1746, 1.9792, 2.0365,-0.9873, 0.3798,-0.8994,-2.6192,-1.8982,-2.6402,-0.9461,-3.0011, 2.4796,-1.7405, 1.7365, 1.3916,-2.8814,-2.2735, 0.5952,-2.6991,-2.0565,-3.0844]
[-0.0781, 2.001 , 4.4405,-1.9633, 2.3412, 1.1981,-1.5968,-2.1286, 0.6575,-2.461 ,-0.8634, 2.9418, 0.7655,-1.3894,-2.6943,-2.3604,-0.4503,-0.9614, 0.9213,-0.7959,-1.7313, 0.0686, 1.4114]
[ 4.5005, 3.4375, 0.5443, 2.5592, 3.1081, 2.1701,-1.3721,-0.3922, 1.414 ,-1.7563, 2.5135,-2.0537,-0.2789, 2.3245, 1.5999,-1.9911,-2.0948, 2.6177, 0.4575,-2.6513, 2.7724,-1.0487,-2.9872]
[ 1.1103,-5.4871, 2.8927,-1.261 ,-1.1099, 2.4197, 2.2222,-2.4073, 2.8728,-1.8416,-0.0593,-3.0818,-0.6043, 0.4812,-2.0417, 2.284 ,-2.4804,-1.9437,-2.8169, 0.2772, 2.4392, 0.6841, 0.9327]
[-3.0469,-3.8211,-3.9917,-1.2332,-2.8827,-1.7057,-0.8732,-0.0217,-2.2886, 1.0839, 0.7783,-2.2676,-0.2215, 0.7864, 3.1153,-2.5465, 0.0285, 2.8478, 2.2915,-1.2966,-1.974 , 2.0726, 0.0091]
[-0.3068, 3.2961, 5.4341, 2.9408,-1.25  ,-0.3704,-1.0339, 2.8536,-0.8049,-2.0114, 1.4385,-0.192 , 1.4512, 0.7058, 3.0592,-2.9051, 0.9197, 0.3498, 2.2098, 2.9379,-0.6558,-1.091 ,-2.1858]
[ 5.4781, 2.1351,-1.6326, 3.0436,-1.0257, 3.0787, 0.2096,-2.1847,-2.5858, 0.6912, 2.3121,-1.5066, 0.1919, 1.7293, 1.0565,-1.9335,-2.1651,-0.1954, 0.4796, 0.3193,-0.1238, 2.0771,-0.1694]
[ 0.471 , 0.3465,-4.357 , 2.4211,-0.7801, 2.3823,-0.7995,-2.7891, 2.4531, 0.5181, 2.1417,-1.9662,-2.1662,-0.0204, 1.1894, 2.7702,-3.0082, 0.5961,-0.2855,-2.388 ,-0.4604,-0.2502,-3.0349]
[-4.3208, 0.9027,-4.0577, 1.9623,-2.8959, 0.3231, 3.1071,-0.0408, 0.8311,-1.3575, 2.1778, 3.1353,-2.3378,-1.2185, 1.7511,-0.8747, 0.8019, 2.936 , 0.5535,-0.1341, 0.3771, 0.0111, 0.4611]
[ 4.0673, 3.5818,-2.6056,-1.2798,-1.6598,-2.2554, 2.6814,-2.6697, 0.7485,-0.402 , 1.786 , 2.3119, 0.9806,-1.4035,-1.2161,-0.4366, 0.4628,-2.059 , 1.5501, 1.0207, 1.3645,-2.5424, 1.3946]
[ 2.7014,-0.1092,-1.4001, 2.3688,-3.0652, 2.5205, 2.3998, 0.4266,-2.5092, 0.3418,-2.8595,-0.911 ,-1.8879,-1.7182, 2.8128,-2.1944,-0.2191,-1.5297, 0.4379,-0.2461, 0.9768,-0.9495,-1.5186]
[ 3.3151,-3.823 ,-0.7779,-1.2461, 2.6228, 1.3339,-2.9839, 2.4438, 0.0531,-0.74  , 2.7676,-2.439 , 2.4872,-1.6172,-1.7428, 2.057 , 0.9138,-2.1752, 0.1094,-1.7319,-1.7944, 0.9224,-1.8739]
[ 3.3612e+00,-5.4537e+00, 1.4839e+00, 1.4042e+00, 3.0007e+00,-1.4629e+00, 1.3982e+00, 2.8838e+00, 1.4614e+00,-5.0376e-01,-2.3428e+00, 1.8269e+00,-2.7289e+00, 6.7053e-01, 2.9776e-03,-1.0451e+00, 1.5697e+00, 1.7447e+00, 1.7037e+00,-1.2221e+00, 3.0084e-02,-1.3916e-01,-8.6021e-01]
[-2.4188, 3.6987, 2.2991, 3.0135, 1.5247, 1.8535,-0.6097, 2.7005, 1.7286,-1.7067,-2.2443,-1.5259,-1.5307, 2.4658,-0.6224,-1.8093,-1.3105, 0.448 , 1.4637, 1.5996,-2.7853,-0.5839, 2.5855]
[-4.1479,-0.5283,-2.6236,-1.9367,-3.0769,-0.9662,-1.5934,-1.6243,-0.3815,-2.8248, 2.4733, 0.7503,-0.3605,-0.6526,-2.56  , 0.3715,-1.201 ,-0.669 ,-0.8034, 0.2237,-0.5605, 0.5412,-1.9441]
[-0.7564,-2.4582,-4.8351, 1.3659,-1.7761, 1.3153,-1.314 ,-2.5386, 2.7479, 3.1015, 1.2166,-1.8125, 0.1691, 1.4958, 0.4184, 1.3736, 0.9419, 1.8125, 2.6485,-1.6069,-2.7975, 1.5571, 2.8883]
[-4.8171,-3.0108, 3.9315, 1.3892,-1.6406, 0.4606,-2.5193, 0.2173, 3.0315, 2.9218,-1.772 ,-0.6823, 2.1419, 2.8938, 1.082 ,-1.414 , 0.9219,-1.8149, 0.1514,-2.5918,-0.7536, 2.7016, 1.8767]
[ 1.8607, 3.5262,-2.9836, 3.0802,-2.2324,-2.4106,-2.119 , 1.8283,-1.257 ,-0.8632, 0.0986, 0.3716, 3.1175, 3.0976,-2.5858, 2.311 , 0.9195, 1.5602, 0.981 , 0.5479,-2.013 ,-0.4372, 1.4115]
[ 3.6073,-2.6926,-2.1361, 0.645 ,-0.51  , 1.8954, 0.3483, 2.0311, 1.1763, 2.9263, 2.3126,-2.5135, 2.6988, 1.7849,-0.3724,-2.6652, 0.149 , 0.7536, 1.9314,-2.5925,-0.6435, 0.9265,-1.7889]
[ 0.4177,-5.2602,-3.5515,-0.8812,-0.4787, 0.2352, 2.7568,-1.9774,-2.0335,-1.665 , 2.6717, 1.1854,-0.703 , 2.7554, 1.0036, 0.7081,-2.2308, 0.546 , 1.9605, 2.164 , 1.332 , 2.8709,-2.7101]
[-3.7981,-4.1852,-5.4546, 0.7702, 0.1358,-0.4311, 2.1127,-0.277 ,-0.0459, 1.6891,-0.8259,-0.0929,-1.2775, 1.5717, 2.7332,-0.4906, 2.402 , 0.1332,-0.9404,-2.4384,-2.7614,-3.0871, 1.762 ]
[ 0.1163, 3.4592, 4.0691, 1.1835,-1.2197, 0.8989,-0.2853,-3.1308,-1.4703,-0.2478, 2.1849,-1.8437,-1.5932,-1.4194, 0.7853, 2.777 , 1.2037,-0.1769,-1.5992,-1.2014,-0.3742, 2.9909, 2.008 ]
[-4.7568,-0.5919,-2.6374, 1.0739, 2.4034, 3.0459, 0.8983,-0.642 ,-0.6789,-0.8223, 1.0023,-1.7801, 2.4931, 1.2421, 1.8781, 1.0877, 2.8949, 0.8149,-2.9835,-2.8954, 2.9951, 2.6761, 2.5071]
[ 3.8651,-2.0367, 2.0052,-2.141 ,-1.5785, 0.0532, 1.4652,-1.2125, 2.4076, 2.9876, 0.9634,-0.4856,-1.8514,-2.4828,-1.8438,-2.4976,-0.0513,-1.3047,-2.9602,-2.8844, 3.1227,-0.248 ,-2.8711]
[ 5.2953, 1.1267,-2.9648, 0.6573,-1.7772, 0.5441,-1.2629,-2.1047,-3.0422,-0.1439, 2.0722, 1.2597,-1.4789, 2.4845, 0.9365, 2.2918,-0.6382,-2.1078,-3.0277,-1.8469,-2.1613, 0.9654,-2.2426]
[ 1.3901, 5.1429,-0.2642,-1.0897,-2.6001,-2.2222,-1.416 , 1.3824,-2.1711,-1.5299, 0.7102, 0.9094,-0.1196,-2.378 , 0.763 ,-2.9997,-0.7901, 0.5821,-0.1716, 2.1357, 3.1   , 1.7672,-1.0274]
[-5.084 ,-3.7946, 2.0471,-3.0252, 1.2531, 0.0573,-0.2899,-2.653 , 2.0779, 1.9317,-0.3061,-0.0825,-2.0414,-2.0563, 1.7033, 0.3906, 0.0556, 0.5163,-3.1193, 3.0944, 2.1306, 0.0577, 0.3905]
[ 3.6433, 4.0299, 0.598 ,-0.1846,-2.9044,-2.528 , 1.1187, 0.2409,-0.2731,-0.9716,-1.3107, 0.8428,-0.2862,-0.3712, 3.1217, 2.6124, 0.8967,-1.6326,-1.309 , 1.5075,-2.7302, 2.6756,-2.2679]
[ 4.0486, 0.4396, 0.2713,-1.2015,-2.698 ,-2.0718, 0.4065, 2.657 , 1.0383,-1.2111, 3.0176,-0.5329,-0.0736,-1.3504, 2.7712, 3.1188, 2.0025, 1.215 , 1.7872, 2.2647,-0.9006, 2.7336, 2.6173]
[-4.2119, 2.3935, 2.4056, 2.0245, 0.7615, 0.5249, 1.5484,-2.9597,-1.9604,-0.2884, 1.1763, 1.5719, 0.1682,-2.1276,-1.7967,-0.1028, 1.629 ,-2.0491, 1.5032, 1.1855, 0.7093,-0.2819, 1.4309]
[-4.2044, 4.0214, 0.9606,-0.7798,-2.9523,-2.5747,-1.4672,-0.1594,-3.0494, 0.6961, 0.5391,-1.3005, 2.39  , 0.8669,-2.0728,-2.1475,-2.007 ,-0.8537,-0.9138, 0.4013,-2.2776,-1.6146,-1.7325]
[ 5.2227, 1.6559,-1.8789,-0.1842, 0.705 ,-2.7471,-0.4303,-1.9644, 0.6835, 1.8444,-2.4359, 1.2051, 1.5357, 1.7537, 1.9986,-2.277 ,-2.3668, 1.9381,-1.0999, 0.4554, 0.7695,-2.2799,-1.0608]
[ 5.4745,-1.708 ,-3.1445, 2.0419, 0.2941,-2.7365, 1.8399,-1.3992,-0.4835, 1.1587,-1.5861,-2.301 , 2.8372, 0.0246,-0.4454, 0.3789,-1.3531, 1.3843, 0.3579, 2.8748, 1.5205,-2.9181, 0.5969]
[ 0.7603, 1.5687,-0.8362,-1.1921, 1.985 , 0.3705,-1.7309,-2.5454, 2.337 , 0.1516, 1.153 , 0.8662,-1.5835, 0.3019,-2.9814, 1.8498, 0.0905,-1.0565,-3.0468,-0.5439,-2.2579,-0.7813,-1.2561]
[ 1.5522, 4.308 ,-4.9903, 1.0526, 2.5069, 1.6584,-2.5855, 2.0665, 0.502 , 1.6094, 0.5505,-1.6488, 2.876 , 1.883 , 2.8889,-1.4179,-0.8681, 2.4649,-1.5786,-1.7881,-1.9113, 2.5515,-3.0252]
[-3.6213, 2.4591,-3.6469,-1.1129, 0.1765,-1.8646,-2.2912,-1.7032,-0.366 , 0.3332,-2.502 ,-1.2029,-0.6858,-0.3213, 1.6146, 3.0012, 1.6667,-1.0903,-3.0708,-2.8312, 1.3913,-0.1453,-0.2888]
[-4.6838,-3.9262, 3.072 ,-0.7137,-2.641 , 2.3841, 1.7595,-1.6808,-1.6151, 1.0386,-0.6498, 2.6484, 0.3297,-2.4578,-0.5511,-2.3001, 2.4098, 0.9017,-2.3835, 1.9255, 3.0072, 1.1007, 2.8328]
[ 2.7679, 0.8559,-4.9263, 3.0312, 2.1781, 0.6288, 3.0756,-1.5323,-0.482 ,-1.8445,-0.6299, 0.0167, 0.1046,-1.2121, 2.6547, 0.2164, 1.7787, 1.0475, 1.1377,-0.2589,-0.1476,-0.6881,-3.0003]
[ 3.8798,-2.3021,-5.2453,-2.7393,-2.5199, 2.0829, 2.8482,-0.0145,-1.1235,-0.1257, 0.5938,-0.9446, 2.5422,-2.2682,-1.5045,-0.8495, 1.0553,-3.1018,-3.0493, 2.5315,-0.1084, 2.635 ,-2.294 ]
[-1.783 ,-1.5632, 2.247 , 1.0294, 0.5666,-0.2213,-1.2634,-1.4146,-1.2823,-1.0082,-0.5516,-2.8334,-2.8533,-1.5258,-2.0826, 2.4832,-0.0466, 0.0539,-0.8519, 1.5797,-0.3785,-1.9231,-0.6908]
[ 4.9544, 3.1167, 1.7012,-3.0834,-3.0365,-0.0397, 1.7636,-0.8212, 0.574 , 1.2136, 1.8811, 1.7844,-2.7117,-0.1179,-2.8146,-0.8416,-2.2416,-0.6896,-1.2308,-2.1731,-0.127 , 2.1108,-2.3493]
[ 1.7246,-3.5663,-1.9243, 0.5757,-1.7582,-1.9845, 2.2311,-0.1006,-2.5161,-0.8217,-3.0798,-2.9129,-1.3716,-2.2697, 1.8966,-2.1006,-0.5629, 2.9061,-2.4288, 0.1104,-2.2313, 1.6848,-2.5664]
[-3.7754,-4.9459,-2.8247,-2.2446,-1.8841, 0.8849,-2.1791,-2.4086,-1.5831, 2.5718,-1.61  , 2.9553, 1.043 , 1.6466,-0.4318, 2.9015, 2.0129,-2.7938, 1.2351, 2.9847, 2.8631,-0.4938, 0.2459]
[ 1.1316,-2.2497, 1.3768,-1.9845, 0.5881, 0.624 ,-2.4535, 2.239 , 1.6481,-0.4543,-2.2077,-0.9012, 0.1463,-1.4049,-0.061 ,-2.9428,-0.8826,-2.4918,-1.5156, 1.3752,-1.5507,-2.4272,-0.8184]
[ 2.4482, 1.7667,-4.5704,-1.7648, 1.8798,-1.8344,-0.1329, 0.315 , 1.3905,-2.5376, 2.3305,-1.468 ,-1.6555,-0.1866,-0.5642, 0.8142,-2.7051,-2.6044, 3.0115, 2.2936, 0.2986, 1.7097,-2.0137]
[ 2.2379, 0.3795,-1.689 , 2.5888,-2.3377,-0.7457,-1.1954,-1.6033,-1.5054,-1.5665,-1.5014, 0.3448, 2.8189,-2.0867, 0.4395,-0.0891, 0.4697,-0.9534, 1.3224,-0.6628, 0.4743, 2.9622, 0.773 ]
[ 0.0197, 2.0726, 0.2478,-2.2124, 0.0986,-0.47  , 0.7132, 2.631 , 1.7152,-0.7601,-0.8312,-1.3988, 2.8559,-0.5055,-0.5317, 1.429 ,-0.6386,-2.5662, 1.5531, 0.2655, 2.866 ,-3.1319, 0.9436]
[ 4.176 , 1.212 , 0.6981,-2.5027,-0.84  ,-2.035 , 0.2578,-2.4217, 2.7045,-3.1059,-1.3962, 1.4983, 0.2575, 2.9326, 2.454 , 0.5073, 2.7273, 1.0403, 2.011 ,-1.7493,-1.7953,-1.485 , 0.3672]
[-0.2531,-2.7425, 4.7292,-0.6439,-1.6401,-0.3342,-1.3821, 0.444 ,-1.2493, 1.4117, 3.1398,-0.4756, 2.4173, 1.6535,-1.7532,-1.0671, 0.1658,-1.903 , 0.1713,-2.5803,-1.4547,-2.7561,-1.839 ]
[ 3.672 , 5.2265,-0.5318,-1.8489,-0.3783,-0.1325, 0.1869,-2.3758,-2.1143,-1.4797, 1.247 ,-2.571 , 0.9626,-0.639 ,-2.4943,-0.8408, 0.4594,-2.3128,-2.1948, 0.9054,-0.3588, 2.7606, 1.3391]
[ 3.3926,-4.5719,-3.3755,-2.5898,-1.6291,-0.9138, 2.7773,-1.9904, 0.7304, 0.7761,-2.3925, 3.1018, 3.1152,-2.554 ,-1.8357, 0.7724,-3.045 , 0.7511,-2.1535,-1.2588,-1.8477,-0.59  ,-2.3659]
[-5.4122,-0.5575,-4.6705,-0.7375, 0.9576, 1.9259, 1.9701, 0.5139, 2.3692, 1.7332, 1.6081,-3.0212, 2.9172,-1.3343,-2.7076,-2.5798,-1.7562, 0.1735, 3.0776,-1.2012,-1.4362,-1.1157, 0.325 ]
[-1.1732, 2.5438,-2.1846, 0.9372,-0.3114,-0.6627,-1.223 ,-0.492 ,-1.066 ,-1.5163,-2.0259,-0.614 ,-0.4281,-0.7466, 2.059 , 0.4373,-2.4913, 2.6005, 0.2486,-0.2765, 3.0719,-0.3167,-0.5791]
[ 0.6911, 2.3135,-2.9953, 0.7083,-2.2588,-0.7958, 2.5716, 0.1235,-0.315 , 2.6515,-0.594 ,-0.4138,-2.5535,-0.6742, 3.0285,-0.0405,-2.8618,-0.4251, 1.2276,-0.4934,-0.5768, 1.4738,-0.559 ]
[-0.5403, 5.3219, 3.9996, 0.6708,-2.6314,-0.8904, 1.0085,-1.9636, 2.1427,-1.9269, 0.3146, 3.0105, 1.4104, 0.9782,-1.7665, 1.0751,-1.598 ,-0.9186,-2.0145,-0.6355,-2.2675, 3.1052, 0.402 ]
[-3.2998,-2.0253,-3.8846, 1.0841,-2.3135,-1.207 ,-3.0296,-3.0881, 0.0178, 1.6418, 2.2458,-0.4634,-1.7019, 0.1346,-2.3092,-0.6439, 2.7265,-0.5525, 2.6222,-1.0475, 3.1179, 1.6615,-1.4932]
[-4.3241, 0.5284,-2.2311,-1.4386,-1.9211,-0.0503,-2.5817, 1.8235, 3.0933, 2.3505, 2.5975, 1.096 ,-2.9459,-2.9237,-1.5622, 1.2498,-1.9659, 1.6438, 2.7048,-2.2362,-0.5173, 3.0416, 1.6504]
[ 1.1322, 0.5783,-1.8143,-1.9519,-1.5892,-1.3681,-1.4278, 2.8459, 1.936 ,-2.5682, 0.9883, 1.397 , 2.9239,-1.29  ,-1.4388, 2.543 , 1.7631, 2.4305, 1.095 , 1.8305,-1.5092, 1.8309,-2.3092]
[ 1.8234,-4.7682,-1.3023, 2.0048, 1.9241,-2.5774,-0.0147, 2.6306, 2.6635,-0.2778,-2.6511, 1.8792, 2.4491,-0.5425, 3.0085,-1.3333, 2.9389, 1.2777, 2.1779,-0.1712,-0.5297,-2.3535, 1.6369]
[ 1.2754e+00, 3.5168e+00,-3.6232e+00, 8.1247e-01,-1.4248e+00,-1.8271e+00,-2.4897e+00, 1.7557e+00, 2.7427e-03,-1.6493e-01,-1.9468e+00, 1.7145e+00, 2.1945e+00, 2.0324e+00, 2.9555e+00,-1.8021e-01, 1.7601e+00, 1.9142e+00, 1.7576e+00,-2.1696e+00, 1.5991e+00,-1.8669e+00,-9.9214e-03]
[ 1.2164, 5.002 ,-4.4291,-2.4222,-2.7298, 1.598 , 0.093 ,-1.2043, 2.3154,-2.8157,-0.4413,-0.1837,-0.5293, 2.4175, 0.8671,-2.4073, 0.8044, 2.6357, 0.5395,-1.4629, 3.119 , 3.0199, 1.928 ]
[ 0.1047,-0.0759, 4.3593,-1.3309,-0.2752,-2.0111,-2.5826,-2.6994,-0.8664,-3.1243,-1.9237, 0.1666, 2.4617, 1.424 , 2.4894, 2.5775, 2.693 , 0.5184,-2.4436,-0.8243,-0.0278,-1.2411,-0.9301]
[-0.5326, 3.6945,-2.3035, 2.7358, 2.5488, 0.4188, 0.7552, 2.6153, 1.7614,-1.4257,-1.2549,-2.4926,-1.9031,-1.9921, 1.5164, 0.6962,-1.5223,-1.6332,-1.6929, 2.4539, 1.312 ,-0.9857, 0.8594]
[ 1.6904,-5.1969, 3.6696,-0.2357, 0.7473,-1.0776, 3.0314, 0.2436,-3.1335, 2.2733, 1.3214, 2.4702, 0.7557,-1.1586, 2.6887, 2.7899, 0.3991,-2.1723, 0.8605, 1.8568,-1.3163,-1.9201,-2.0916]
[ 2.7976,-1.816 ,-5.444 ,-2.461 , 1.9802,-1.3777, 0.0759,-2.1955,-1.8007, 0.5869,-2.3718,-0.9702,-0.0197, 0.8183,-2.6618,-1.0807,-1.5605, 2.9451, 1.1261,-0.0081,-0.1793,-2.79  , 1.6293]
[-3.7516,-1.0078, 2.1391, 2.0464,-1.3015,-1.6687,-2.7237,-1.1809, 1.4424,-0.3523, 0.614 , 2.2096,-1.0122, 1.6908, 2.3239, 1.1144, 1.8392, 1.8411,-1.9711,-3.132 , 1.6571, 1.3685,-2.3103]
[ 4.9396, 0.8509, 3.0037, 0.3888,-2.3782, 1.1278, 3.0936, 1.7086, 0.8954, 0.7123,-2.0124,-0.1001, 2.1135, 0.4751, 2.3264,-1.4387,-1.619 , 1.4439, 1.1719, 2.5214,-0.5007,-0.5863, 2.0427]
[-4.0912, 2.7819,-2.6795, 1.3813, 2.4337,-1.397 , 1.3998, 0.6249, 3.0289,-1.6417, 2.4791, 2.2554,-1.1365, 0.2711,-2.9874, 0.4107, 0.2598,-2.4458,-0.1468, 2.6603, 2.4226,-1.4127,-2.3633]
[ 4.6728,-1.5166,-1.1843, 1.9571, 2.6999,-0.6949,-3.1124,-2.8382, 1.0639, 1.4085, 1.6587, 0.6801, 1.5385,-2.9887,-1.6455, 0.5571,-2.4046,-2.6934,-0.2995, 1.8823, 2.7043,-3.0909, 2.8208]
[ 1.8641,-4.1218,-3.1165, 2.4473, 0.512 , 2.0436, 0.8878,-1.2208,-1.5839,-0.8215, 2.1697,-0.4916,-1.9535,-2.1653,-1.5406, 2.2252,-2.3462,-1.4636,-1.0171,-1.1552, 0.9249, 1.5285,-0.1822]
[-3.526 ,-2.69  , 1.518 , 3.0397,-2.1507,-2.1729, 2.7814, 2.3949, 2.2459,-2.2892,-0.0794,-1.2311,-1.3514,-0.9696,-2.0422, 0.187 , 0.2712,-2.2732, 2.3014, 0.0521, 0.4518,-1.6496, 2.2951]
[-1.9357, 4.1309,-2.1976,-2.8185, 2.1545, 2.9645, 1.2172,-0.7664, 0.3468, 0.3996, 0.8501, 1.1658, 1.053 , 1.5018, 0.303 , 0.3328, 1.9729, 0.5481,-1.6992, 0.8107, 2.7237,-1.1514,-0.673 ]
[-4.3735, 0.962 ,-5.0028, 2.7847,-0.0817, 0.8246, 0.313 , 0.7933, 1.389 ,-0.4583,-1.9858, 1.5847, 0.4974,-2.7887, 0.5669, 2.9567,-2.8648, 1.672 ,-1.1516, 2.8422,-1.5929,-2.301 , 2.1078]
[ 1.7798, 4.1846, 0.1393, 1.5929, 0.7647,-0.1117, 0.8046, 0.3971,-0.2819, 1.0669,-2.1614, 0.7479,-2.461 , 2.7086, 1.9766, 0.7401, 1.4417,-2.618 , 1.5094, 0.6727,-1.2832, 1.9177, 0.4015]
[ 4.303 , 4.9015, 2.3744,-1.0094, 0.1351,-0.4396, 1.9256,-0.0694,-0.386 , 2.4767,-0.9634,-0.6166,-2.4106, 1.3155,-2.7752,-2.4057,-2.4404, 0.5347, 2.6428, 1.2231,-1.0971,-1.5051,-2.3452]
[ 3.0306, 1.4787,-5.2185,-2.2599,-1.0208,-0.0843, 0.5548, 0.8569,-0.0754, 0.7445, 2.7593, 2.0005, 0.3642, 1.463 , 1.1009, 1.6629,-2.6179, 1.6758,-0.2515, 1.2256,-1.6435,-0.3307,-0.3881]
[-3.6811, 2.9412,-3.5848, 0.9419,-2.3624,-2.6648,-0.3337,-0.402 ,-2.2837, 1.1987,-0.1758, 0.268 , 0.5297, 1.628 ,-3.1306, 3.0839, 1.7794, 1.4502, 0.8011, 1.4011,-1.631 ,-0.0495, 3.0407]
[ 0.964 ,-1.1035, 2.3189, 2.5392, 1.3529, 1.0166,-0.6874,-2.0926, 0.1945, 2.3809, 1.4667, 0.7599, 1.4091,-2.911 ,-1.8322,-2.2182, 1.9735, 0.4897, 1.5593,-2.4912, 0.1213, 0.5861,-0.7592]
[ 2.2717, 1.0699,-4.2574,-0.5803,-2.6647,-2.256 ,-2.8634,-0.1428,-0.5974,-0.4907, 0.4204, 1.9385,-1.2451, 0.0519, 2.0482,-1.722 , 1.4285, 2.8316,-2.5261,-0.4677,-0.099 ,-0.0915,-0.1996]
[ 2.5084, 2.9573, 3.3635, 2.0704, 2.7813, 0.4587, 0.9185,-1.5334, 0.2778,-0.5243, 1.5813,-2.566 ,-1.5509,-0.7193, 2.0873,-1.5346,-0.3677,-2.7617, 0.1188, 0.5023,-1.7222,-0.06  ,-1.7367]
[-3.5215, 2.9572,-4.3274,-2.7774,-0.7422, 0.5961,-2.7175, 0.7493,-3.0937,-0.6369,-1.1413, 0.1477,-2.2946,-0.5071,-1.8367,-1.1973,-2.0433, 1.2915, 0.5761,-0.214 , 1.8467,-0.6905, 0.9353]
[-4.8629,-2.1739,-5.4238, 2.1058, 1.9571,-2.7275, 2.6749,-1.7526,-0.0883,-0.2011,-2.7957, 1.5568,-0.5817,-2.2464,-1.5113,-0.0559,-0.2867, 1.975 ,-1.6179,-1.4607, 1.7389, 3.0285,-2.503 ]
[ 1.6672,-0.8151, 3.47  ,-2.1568,-0.5629,-2.7006,-2.4446,-1.6076,-1.718 , 1.0459,-0.1503, 1.367 ,-0.4607,-0.8816, 3.0936,-1.93  , 2.3796, 2.8372, 0.2317,-2.203 ,-1.5087, 2.7553, 1.4259]
[-1.8081, 2.9144,-4.2719,-0.4237,-2.1649, 1.4787, 0.9719, 2.8456, 0.1197,-1.7792, 1.6954,-0.4332,-2.2386, 1.5007, 2.5869,-1.0191,-2.9496,-0.7833,-0.4952, 0.6113,-1.9181, 1.2119, 3.0958]
[-3.8447,-1.8132,-2.6241,-1.5209,-0.0608,-0.5325, 2.0305, 0.7412,-1.8059, 1.3197, 3.1339, 0.2217, 1.3038,-1.2599, 0.9505,-2.973 ,-3.084 , 0.3977,-0.7199,-1.4847,-0.1868,-1.5386, 1.0577]
[ 4.709 , 3.2896,-2.1787,-2.3805, 1.3361, 1.6253,-2.8331,-1.457 , 1.9693,-1.063 , 0.1863, 0.0606,-2.6958,-2.7903,-2.3483, 2.2857,-2.5747,-0.6365,-3.0469, 2.9516, 0.3611, 1.0487, 2.2489]
[-2.5352,-2.2786, 2.1552, 0.7196, 1.5228,-0.7981, 2.1496,-1.754 , 1.9367, 0.0854,-1.9061, 2.4118,-1.6139, 0.0911,-0.3619, 1.584 , 2.061 ,-1.1587,-0.6923,-1.532 ,-0.5554,-0.7534,-2.834 ]
[ 0.2432,-3.1571, 4.6304, 3.0303,-2.2883,-2.1687, 1.3979,-0.3106,-0.872 ,-0.7095, 3.1308,-2.1474, 1.9232, 2.2992,-2.1425, 0.1117, 1.724 , 0.7124,-1.1546, 0.8228,-2.5308,-0.2761, 1.9015]
[ 4.1115,-2.5661, 2.4978,-3.1089,-2.9567, 2.8447,-0.8666,-1.6625,-1.2863, 1.0474,-2.2984,-3.0505,-0.734 , 2.0503,-2.7139, 0.4538, 2.6846,-1.811 ,-0.0833,-0.707 ,-0.1462,-1.4521,-0.5559]
[ 5.1643,-2.1956, 1.5223, 1.9982, 0.7572, 2.7566, 0.2347, 2.0507,-2.6446,-1.6803,-3.1115, 1.1491, 0.6382,-1.9406,-3.0686,-1.2372, 0.8622,-1.4603, 0.5307, 1.9213,-2.2261, 1.2807,-2.1708]
[ 1.7341,-0.4431,-4.5798,-0.6893, 1.2088,-0.7639,-1.9674, 1.1025,-1.173 , 1.6356,-2.2604,-0.0993, 2.6118,-2.2989, 2.414 ,-0.7643, 0.1257, 2.2503,-2.2796, 1.9256,-1.4941, 0.0936, 0.4766]
[ 1.2523,-2.5997, 0.5109, 0.4825, 2.6063,-2.7125,-2.6599, 2.1172, 2.1257, 1.967 ,-1.4836,-1.5243,-3.009 ,-0.2057,-2.108 , 1.9903,-2.9383,-1.8899, 1.7667, 2.9118, 0.4601, 1.289 ,-0.27  ]
[-0.1962, 5.008 ,-3.6861, 2.0959,-0.7427, 0.0789, 1.2308,-1.4837,-2.7031, 0.5432, 2.2798, 2.7177,-1.9908,-1.3551, 2.688 , 0.1383, 2.9546,-1.9183, 1.7121, 0.3618, 2.4751,-0.6446, 2.0343]
[ 0.9652, 4.5708, 1.5782, 0.9949, 1.7801, 0.2931, 2.7533, 2.9374, 2.0861,-2.6065,-2.5551, 1.5383,-0.8664, 0.0167, 1.3313, 0.9328, 1.0102, 1.4491,-0.2891,-0.8806,-2.9391, 3.0628, 2.122 ]
[ 1.919 ,-4.7332,-5.3637, 3.1185,-2.6994, 0.6422,-2.0186,-1.8814, 2.8111, 0.3382, 2.5822, 3.1005, 2.8688, 0.8096,-1.8176, 0.7455,-2.4609,-2.9496,-2.7303,-1.4384, 1.2783,-2.0594, 0.4023]
[ 4.9774, 2.77  , 5.148 ,-0.7454, 1.0259,-0.1004,-0.2419, 1.4162, 1.9936,-1.2029, 1.4847, 1.7995,-1.9928,-1.5524,-0.1483,-2.1502,-1.0301, 1.5306,-1.9738, 1.4882, 2.5762,-0.9676,-0.0968]
