[-0.702 ,-4.6159,-5.4709, 1.5137,-2.3884,-3.1206,-2.534 ,-0.139 ,-1.792 , 2.0629, 2.546 ,-0.0291,-0.0179,-2.3092, 0.4526, 0.8088, 0.0601, 1.0754,-1.7354,-0.5487]
[-4.7349,-4.6884,-4.433 ,-0.9431, 0.0792,-0.3724,-1.4371,-2.9577,-2.8384, 1.2464,-0.6783, 2.8474,-2.1686,-0.7316, 1.884 ,-0.8449, 2.4809, 2.5929, 1.6885, 0.2564]
[-2.9934, 0.5342,-2.7234,-1.5839,-2.4247, 0.9835,-1.4181,-2.3964, 1.855 , 0.1503, 0.2192, 0.4616, 0.009 ,-2.7294, 1.0694,-1.4731, 0.9951,-1.4885, 1.6077, 0.2802]
[-3.6347, 0.7021,-2.5298,-0.5057, 2.704 , 2.2175,-1.9079, 0.1927,-1.1987,-2.7022,-1.1658, 1.4988,-0.2328,-2.4272,-1.0722, 1.1989,-0.4881, 2.5122,-3.113 ,-1.5731]
[-4.4787, 1.2079,-1.8276, 3.0953,-0.0915,-2.7591, 0.8981,-0.557 , 2.5665, 2.6123, 1.062 ,-2.5291, 3.0456, 2.9848, 1.2375,-3.1324,-1.8408,-2.9377,-2.3198,-1.9455]
[-4.5748, 5.2899, 4.4933, 1.669 ,-0.3908,-0.6873, 1.3594,-0.7375, 1.5285, 1.2688,-0.4279,-0.5855,-2.4639,-1.3511, 0.4879,-2.9053,-2.1685,-2.4455, 0.1761,-0.2042]
[-4.6569,-0.437 ,-2.9424, 1.2727,-0.1355,-2.7856,-2.1221, 2.4896, 2.8682, 0.895 ,-0.0698,-0.0593, 2.2742, 1.0837, 1.9783,-0.9965, 1.4023, 0.3273,-2.9192,-1.227 ]
[ 2.8535, 0.494 , 2.0241, 1.19  ,-1.5702, 2.186 , 2.125 ,-1.0384, 2.2473,-0.9989, 0.8571, 1.433 , 0.4727,-1.7079, 1.3828,-2.1701, 0.6567,-1.3649,-2.2675,-0.9805]
[ 0.1511,-4.1059,-1.2182,-2.9081,-2.7268, 2.9403, 1.9185, 2.4508,-1.1047, 2.1585, 2.1253,-1.7281, 0.1567,-1.7715,-1.6559,-0.4405,-1.5043, 2.2952,-2.566 , 3.0748]
[ 1.4322,-2.195 ,-3.3046,-1.6494,-2.1986,-1.5286, 2.5931, 2.1014, 1.9317, 1.8914, 1.2106,-2.8669, 0.0658, 2.3169, 1.6707,-0.4155,-2.5774,-0.6438, 3.1004, 2.8783]
[-0.799 , 4.4098,-3.2439,-1.2379,-2.3898,-1.5263,-0.4803,-1.8446,-0.7613, 2.1026,-2.8033,-1.4235,-2.261 , 1.943 , 1.0009, 0.7764,-2.0697,-2.6672,-2.3678, 0.9446]
[ 2.4558, 0.2864, 0.2754,-2.6506, 1.0314,-2.632 ,-1.6215, 1.2495, 1.1215,-2.4854, 1.0565, 0.0248,-1.6565,-2.2172, 0.3095, 2.4958,-2.4281,-2.7993, 2.6945, 2.0462]
[ 0.333 , 0.6524,-4.0725,-2.0236, 0.9996, 2.7203,-1.1306,-2.3037, 2.7104, 1.4799, 1.6063,-1.974 ,-2.5973, 1.8309,-2.3137, 2.9822,-0.419 , 0.0934, 0.4337, 0.5625]
[-5.007 , 5.4749,-3.2353, 2.4765,-2.3207,-2.2829,-2.1869, 1.2154,-2.7286, 0.9467, 2.4563,-0.391 , 1.1326, 1.9774,-1.7637,-1.0918,-0.5585, 1.7089, 3.1204,-2.546 ]
[ 0.7762,-4.662 , 5.2768,-0.3588, 1.8077,-0.8541, 2.7755,-1.5953,-2.8792,-1.9364, 1.7881,-2.6678, 0.0834, 0.2346,-0.0458,-1.8067, 0.2988,-2.1523, 1.8584,-0.5465]
[-5.0791, 0.5241, 5.3339, 2.6569,-2.903 , 2.5108,-2.5771,-2.7287, 0.1354, 1.8487,-2.2518,-2.4676,-2.8104, 1.2478, 2.4119,-0.5734,-0.5816, 0.389 ,-2.4165, 2.1998]
[-1.1436, 1.6885, 0.1936, 2.3909,-1.2003, 0.2335, 3.0919,-1.5662,-2.9684, 1.3105,-1.6342,-0.7422,-0.5326, 1.3191,-0.2347,-1.5155,-0.16  ,-3.1289,-0.6306, 2.7666]
[ 5.2828, 4.4909, 3.4372,-0.0436,-2.6865, 3.1371, 0.846 ,-2.5688,-2.2735, 2.2361,-1.7798,-1.6339, 0.0278, 2.2728, 2.0997, 2.9278, 2.4697,-1.5798, 1.7478,-2.6568]
[ 4.2178, 0.3158,-2.3889,-2.6076,-1.9747, 2.1119, 3.078 , 2.6271, 1.1407,-0.4959,-1.2868,-0.7047,-0.4468,-3.0983, 2.5229, 3.0257, 3.0735, 2.866 ,-0.3164, 3.0515]
[-1.8961, 2.2587, 2.0594,-0.258 ,-3.0018,-0.0512, 0.7736, 1.5699,-2.2321, 1.4444,-1.1563,-1.6387,-1.5076,-1.2196,-0.1765,-1.9601, 0.198 ,-0.6618, 1.7508,-2.2735]
[ 2.0208,-3.5882,-5.0938, 3.1078,-2.6984, 0.1773, 0.5137,-1.5112, 2.6013,-0.7856, 2.7445,-1.2053,-1.2926,-1.5346,-0.7772,-1.7787,-0.8109, 2.6389, 1.7538,-2.2311]
[-3.8326,-0.8372,-2.5107, 2.2676, 1.9964, 1.9307,-3.0594,-0.6347, 1.4098, 0.8968,-2.1343,-1.1274, 1.232 ,-1.633 , 1.0753, 0.9349,-0.2347, 2.6804,-0.9708, 1.7772]
[ 4.3088,-4.9546, 1.562 ,-2.8708, 1.8367,-0.4356,-3.1255,-1.4252,-1.7133, 1.7618,-1.1665,-0.6421, 0.4212, 1.8976,-1.2197, 0.579 , 3.0593,-0.6241,-0.3813, 0.9612]
[ 0.5933, 0.6177,-3.7515,-0.1233, 0.8801,-0.4914,-2.6671, 1.2281, 1.0155,-2.5375, 1.2141, 2.905 , 0.6152, 2.6885, 1.6431,-0.5835,-1.081 , 0.9   , 2.2314, 1.3674]
[-1.2492,-2.8573, 5.2085,-2.5697,-2.7745,-1.5542,-1.3573, 2.0115,-1.8017,-1.942 , 2.3871, 2.3629,-2.166 , 2.4091,-1.0237,-1.9621,-1.9276,-1.5264,-2.8941,-0.1341]
[-2.7164, 1.5589,-2.7081, 2.048 ,-2.3181, 0.2133,-0.9316, 0.1826,-2.8686,-0.0084, 1.9487, 0.8193, 1.8862,-1.8536,-0.3444, 0.4588,-0.6909,-2.4181, 1.2913, 2.6736]
[ 5.3351,-2.0113,-2.9858,-1.7073,-2.2298, 1.0619,-2.8977,-0.389 ,-2.4359,-2.5986,-2.3127,-2.6763, 0.0189, 0.873 ,-0.9254,-2.1331,-1.1486, 2.6114,-0.4732, 3.1006]
[-2.7411,-2.5958,-3.3863, 2.2985, 1.2896, 1.5481,-1.4197, 1.5276,-0.9707, 0.6289,-3.0848,-0.6201, 0.4563,-2.3591, 0.9641, 1.7307, 3.1204, 1.026 , 1.5026,-1.8943]
[ 3.5601, 1.8771, 1.4227, 2.4722, 1.3647,-2.5595,-2.5653,-0.2359,-1.9065,-2.2938,-0.5976,-2.9242,-1.8073, 2.4128, 1.7778,-3.0962,-1.0612, 1.5407,-0.3643, 0.7033]
[ 3.9505, 3.3925,-3.787 , 2.8717, 0.1594, 1.8583,-1.2248,-0.8429,-1.2287,-0.959 ,-0.7539,-0.884 , 2.0721, 2.1796,-2.0011, 2.7802,-0.2956,-0.5245,-2.4157,-2.5935]
[ 4.1708,-1.8973, 2.487 ,-0.7844, 2.7178,-1.7314, 2.5387,-1.8259,-0.738 ,-0.2424, 1.8382, 1.7772, 1.053 , 3.087 , 1.9546, 0.7435,-2.9914, 3.0256,-0.1601,-0.6029]
[-1.3876, 0.22  ,-4.8201, 2.5238,-1.5176,-1.4401, 2.3875,-2.4779,-1.6109,-2.2856,-0.5538, 1.0354,-2.4171, 1.6378,-0.0363, 1.4056,-2.0727, 3.0921,-0.0769, 0.1794]
[ 3.026 ,-0.7757,-5.2063,-0.343 , 0.2773, 0.3014, 0.8926,-2.3994, 0.5225,-3.0742, 3.0411,-2.9737, 1.7789,-1.8279, 2.819 ,-2.8646,-2.7608, 0.7746, 1.7538, 0.6473]
[ 4.604 ,-3.888 ,-4.3981, 0.5   , 0.9269, 1.6111,-0.8138,-1.1908,-1.3093,-1.7303,-1.952 ,-1.6978,-2.5588,-1.3258,-2.2201,-1.1259, 1.9079,-2.6504,-0.3471,-2.6764]
[ 3.952 ,-4.0778, 3.4511,-1.1688, 2.043 ,-0.9889,-2.42  ,-1.1492,-2.4098,-2.9619, 1.9601, 0.1155,-0.4609,-1.0835, 0.2926, 1.4137,-2.3062,-1.3905, 1.5002,-2.2679]
[ 1.7097, 1.4981,-2.4871, 0.0973, 0.4546,-0.7279,-1.4227,-1.7053, 1.8934, 0.1551, 1.3741,-0.5634,-0.9225,-1.89  , 1.0985, 2.3638, 1.2023,-1.4554,-2.5044,-2.9043]
[ 3.2652, 4.886 , 0.8915,-0.1921,-1.5508,-0.4872,-0.4805,-0.4016, 0.8886, 0.247 ,-2.378 ,-1.8561, 2.9799,-0.1666, 0.8408,-0.4697,-2.6215, 0.3012, 0.4606,-2.3611]
[ 3.6445,-4.6264,-1.997 , 0.5893,-0.3779,-0.3582,-1.7005,-2.1323,-1.7837,-0.0133,-0.6667,-1.9875,-0.2777,-0.449 ,-1.8512,-0.7768,-1.6302,-0.2298, 3.0044,-0.8582]
[-0.2898, 4.2095, 3.5838,-2.4654,-2.4756,-2.4685,-1.7574,-0.9109,-0.9015, 1.4462,-2.0267,-0.6621, 2.3945, 0.1059, 1.4953, 2.9004, 2.5926, 1.7608, 0.7231, 1.2815]
[-3.25  , 0.4029,-1.1259,-0.7914,-1.4867, 0.061 ,-2.1069,-1.2963,-1.4353, 2.5749, 3.0332, 2.935 ,-1.7167,-1.9995, 1.582 ,-2.0708, 3.1079,-1.7414,-0.1251,-1.3088]
[-3.5238,-2.2766,-2.5871,-0.7071, 1.3128,-2.8366, 1.8005,-0.0295, 1.3385, 0.1261, 2.4186, 0.0761, 0.2944, 2.2831, 1.7962,-2.8541, 3.0873, 1.4988,-2.1162,-0.4424]
[-3.0471, 1.3276,-5.2117, 3.1068,-2.8166, 2.9639, 2.411 ,-2.4715,-3.0071,-0.1721, 2.8182,-0.7683,-2.1298, 0.4638, 1.7858, 0.5419, 0.4496,-3.126 , 1.6495,-2.9939]
[-1.5086,-2.8124,-5.1991, 0.7103,-1.6441, 2.5798,-0.4911,-1.3154, 2.1168, 1.1895,-1.6481,-0.3981,-2.5429, 1.4489,-0.7394, 0.2162,-2.0977,-0.4356,-0.5967,-1.8598]
[-0.5877, 3.1128,-2.0255, 0.5416, 2.7451, 2.1352,-1.78  ,-1.4084,-0.3138, 1.5098, 3.1302, 0.6041, 0.5101,-1.0131,-1.0505, 1.1072,-0.6263,-2.6743, 2.2542,-1.583 ]
[ 1.3407,-2.9755, 1.8803, 1.7238,-2.6896,-2.9873,-1.4062,-2.0741,-0.4997, 0.0285,-2.8595, 1.5145,-1.202 , 1.4146,-0.4986,-3.1315, 3.0633,-0.7292, 2.3396, 2.2688]
[-0.4542, 0.0673, 4.4373,-2.5443,-0.6837,-0.641 , 1.8732,-1.2619, 0.6325, 0.6738, 2.7789,-1.4852, 0.7234,-0.9417,-1.0265, 2.9095, 1.0259, 0.9506,-0.8287,-1.2959]
[-4.412 ,-0.1908, 4.7861,-1.0888,-0.5612,-1.8504,-0.693 ,-1.9018,-2.5574,-1.6156,-2.3683,-0.1512, 1.6342, 1.5372, 1.8507, 2.6235, 1.4282,-3.0298,-1.0818, 2.1448]
[-3.9979, 1.2054,-0.8453,-0.6062,-1.1565,-0.7899,-1.5863,-2.1151,-1.2291,-2.73  ,-1.5378,-1.3089, 0.3612,-0.5036, 2.5047, 3.0026, 2.6916,-0.3083, 0.1368, 0.5804]
[ 5.3868,-0.6085,-1.6968, 1.8128,-0.0154, 2.4176,-2.1622,-0.6979,-1.4685, 0.9194, 1.4728, 0.3361,-0.9516,-0.4773, 1.2023, 0.7551,-0.6161, 2.5925, 2.2262, 2.6327]
[-2.1046, 0.9817,-2.8442, 1.811 , 1.1063,-1.275 , 0.0853, 2.8905,-0.462 , 1.5379,-2.3693, 0.5438,-2.7178, 1.3061,-0.142 ,-2.0218,-2.7071, 2.1425,-1.5218, 0.0421]
[-0.0116,-0.1147,-3.5282, 2.2375,-0.4796, 1.6221, 0.0895, 0.6632, 2.9992, 2.4306,-0.4181,-2.4782, 2.4148,-0.5302,-0.272 , 0.3434,-2.7397,-2.4079,-1.4929,-0.0642]
[-0.5424, 4.8326, 2.0644,-1.9103, 1.8954, 0.6274,-0.5843, 2.9209,-0.1972, 1.0239, 0.3077, 2.0069, 0.1073, 3.0963, 1.3029,-2.4616, 2.8941,-2.5712, 2.641 , 0.6863]
[ 1.9434, 4.3334, 4.6748,-0.5471,-1.6398,-0.7435, 1.6415, 2.9364, 1.8016,-0.9539, 2.4631,-1.0071, 1.1738,-2.1539,-1.5816, 2.9062,-1.6165, 0.333 ,-1.5421, 0.5273]
[ 3.1661, 3.8909, 0.4251,-1.7376, 1.6693, 1.283 , 0.244 ,-0.1438, 2.9869, 1.28  ,-2.7735, 0.2199,-1.5081, 1.564 , 0.4544, 2.3537, 2.8795, 2.5858,-2.2069, 1.0603]
[-1.1202, 3.2268, 0.6552,-0.1126, 1.471 , 2.7573, 0.3996, 3.1225,-0.1438,-2.1847, 2.0687, 2.9953, 0.6016,-1.7997,-0.9085,-1.838 ,-1.0058,-2.5724,-2.0418,-2.6772]
[ 5.0174, 0.43  ,-2.058 ,-1.4959,-1.616 , 2.5397,-2.9466,-2.4707, 2.9646, 0.9448,-2.2459, 1.5072, 1.3031,-0.9522,-0.1833, 1.503 , 0.5028,-2.6623,-1.4183, 0.9642]
[-2.9852,-1.0184, 4.8978,-1.3467, 1.3943,-0.8598,-0.124 ,-0.4599, 1.9811,-1.1565,-1.8427, 0.3964, 2.4476, 1.827 , 0.1766,-1.8476, 0.4864,-1.3327, 1.6189, 2.8775]
[ 4.7774, 1.9931, 1.6912,-2.6813, 1.3065, 0.5484,-2.0187, 0.5983,-1.8039, 1.0927,-2.4256,-0.2121,-0.9529, 2.8465, 0.1942, 0.5432,-1.7698, 0.6261,-1.464 ,-0.8985]
[ 2.8113,-3.466 , 2.1346,-0.8167, 1.4804, 0.7433, 1.8251,-0.0748,-2.2351,-0.9644, 0.3081,-2.7201, 0.6494, 1.6362,-2.7257,-0.6762, 1.0113, 2.1337,-2.0183,-2.3918]
[-3.6294e+00,-3.0827e+00,-3.7757e+00,-2.6179e+00,-2.9721e+00, 2.3004e-04,-1.1111e+00,-2.0637e+00, 3.0321e+00,-1.3454e+00, 2.5743e+00,-1.4583e+00,-3.0997e+00,-2.0372e-01, 1.5630e+00,-2.4565e-01,-1.0213e-01,-1.1698e+00,-1.1283e+00,-2.9432e+00]
[-0.1568, 3.8012, 1.2733, 0.7454,-0.2213, 0.6475, 1.7554, 1.187 ,-2.1794, 1.3277,-1.7203, 2.1423,-0.546 , 1.7373, 3.1223, 0.8642,-0.8833,-1.6621,-2.1314,-2.7917]
[-4.8121,-2.5129, 5.2632, 1.6673, 0.5537,-0.7326,-2.1924,-0.6209, 2.6643,-2.891 , 1.6264,-2.5745, 0.1024, 0.7269, 2.7906,-1.8136,-1.1391,-0.6494, 1.2976,-1.9353]
[-3.2859,-0.4694, 2.9577,-1.6247,-2.6111,-0.8807,-2.5733,-2.8565,-1.2597, 1.9298, 0.7542,-1.528 , 0.3996, 0.6875, 1.4979, 2.5684,-3.015 , 0.6378, 0.9653, 2.1747]
[-3.9305, 0.1242,-3.514 , 2.3285, 0.5659,-1.9009, 0.187 ,-1.3981,-3.0775,-0.5132, 1.2225, 2.7439, 0.6487, 2.5535, 1.8187, 1.6681,-2.5259,-1.6548, 0.4283, 1.7033]
[ 1.8957,-0.9073,-2.6148, 1.1979,-1.5319, 0.6522,-1.2413,-0.217 , 2.6082, 1.2203,-1.1371, 1.5267, 0.234 ,-2.1916, 2.3435,-1.8499,-2.6003, 0.2069,-1.4593,-2.7056]
[ 3.1139,-4.4576,-0.8946,-1.8109, 1.888 ,-0.1831,-2.0066, 1.6975,-1.7854, 1.2218,-2.8977, 2.605 ,-1.4826, 1.4601, 0.3097, 1.0386, 2.2101,-0.3583,-2.4496, 0.1328]
[ 1.8581, 1.9895, 1.6394, 2.695 ,-2.7677, 1.3088,-1.1316,-1.3795,-0.519 ,-1.0718, 1.3006,-0.2098, 0.9312,-1.7225, 2.9671,-2.59  , 0.2411, 1.6237, 2.4055,-2.4759]
[ 4.0175, 2.4876,-2.0683, 1.5433, 0.7375, 1.3846,-1.9025,-2.244 ,-1.3729,-1.6241, 0.6257,-0.6308, 0.687 , 1.2316, 0.6522,-2.0375, 1.4759, 0.6142,-2.9136,-2.0767]
[ 3.2848, 3.0655,-0.7411,-1.0935,-1.3293,-0.2897, 0.8641,-1.0203,-2.2762,-1.0419,-1.02  ,-1.6182, 2.9401, 2.798 ,-2.4892, 1.6185, 0.9585,-0.4549,-0.5164,-0.0168]
[-4.0204, 2.3232,-0.9514, 0.1922, 1.8128,-1.0251,-2.9826, 0.5655, 2.991 ,-0.5091, 1.3501,-1.7007, 2.0532, 2.3585, 1.6681,-0.5571, 1.5892, 1.4017, 1.7323, 0.5899]
[-2.3707,-3.8641,-4.2285,-1.1963, 0.1819,-2.471 , 1.5651,-1.616 ,-0.4409,-1.1441,-0.1247,-2.5771,-0.9599,-2.3408,-1.2397,-3.0946,-0.8568, 1.3648,-1.9233, 1.0545]
[ 0.4236, 4.2067, 1.1394, 2.7852, 1.1476, 2.9216, 0.713 , 2.5536, 1.4965,-1.7075,-2.0114,-2.931 , 0.1003, 1.9693,-1.3149,-2.0402,-0.787 ,-0.388 , 2.7867,-1.731 ]
[-2.4142,-2.6177, 1.9377,-2.6535, 0.4589,-2.6114,-1.5896,-2.1235, 1.0475, 2.0615,-1.7855, 0.7853,-0.7561, 1.702 ,-0.7566,-2.2786,-0.1485,-0.0472, 0.7615, 1.0581]
[ 1.7139,-1.2209, 0.5433, 2.608 ,-2.0308,-1.1207,-1.2306,-2.37  , 1.9565, 0.7515, 0.2403, 1.2258, 1.9959, 0.447 ,-1.8082, 1.6037, 2.0472, 2.9224, 2.8256, 1.269 ]
[ 2.3156,-3.0513,-1.8951,-1.004 ,-3.1317, 0.8034,-0.0339,-1.3301, 0.4985,-0.4631, 2.0691, 2.8162, 1.235 ,-1.8927, 2.5342,-1.0619,-0.6151, 1.6885, 2.8844,-2.6323]
[-2.6989e+00, 2.9009e+00,-2.3818e-01, 1.4662e+00, 5.9015e-01,-1.9673e+00,-2.0072e+00, 1.2339e+00,-2.7387e-03,-2.6905e+00, 2.1911e+00, 1.2064e+00, 9.9012e-01, 1.3071e-01, 1.2662e+00, 1.6596e+00, 1.4110e+00,-3.0806e+00, 3.0911e+00,-5.6900e-01]
[-0.726 ,-5.1723,-2.0743, 1.5763,-1.1957,-1.3087, 1.5516, 0.8037,-0.6801,-2.6273,-0.0367, 2.7163, 1.3937,-1.8142, 0.7174,-2.5581,-0.2964,-0.2893,-0.8222,-0.507 ]
[-1.7423,-3.1249,-5.1356,-1.4614, 0.8311,-1.7537,-2.2757,-1.3156, 0.4914, 1.0927,-2.5045, 0.1843,-2.3499, 0.8438, 3.038 ,-1.0294, 0.0587, 2.6424, 0.7847, 0.5912]
[-2.1218, 3.0109, 0.2337,-2.015 , 2.6431, 1.3746,-0.2955, 1.0151, 2.2923, 2.036 ,-0.2822,-2.6854,-0.3528,-2.6479,-2.1126, 0.899 , 2.9356, 2.6139, 0.2333, 2.6053]
[-2.1945, 3.1025, 5.0655,-1.5814, 0.303 , 0.1255, 0.2341, 1.4583,-1.5359, 1.581 ,-1.0571,-1.0552,-2.0375, 1.4316, 0.1333, 0.9367, 0.1061, 2.4891,-0.3586,-2.4378]
[-1.8932, 1.3931,-4.815 , 2.4491,-0.3251,-1.6931, 1.7037, 1.9938, 2.1406,-0.5258, 1.8394,-2.7818,-2.6875,-1.4235, 2.9273, 2.8172,-0.9518, 0.3604,-1.5257,-1.9678]
[ 1.5936,-2.8826, 3.5161,-0.375 ,-1.6106, 1.0882,-0.9564, 0.2461,-1.0529,-1.9894,-1.958 ,-2.0818, 1.7482,-0.745 , 2.5809, 3.1413,-0.5925, 1.1533, 0.4892, 1.5464]
[-0.7111, 1.3187,-3.1067,-0.7733,-0.501 , 0.4816,-1.5377,-1.7997,-2.2382,-1.3832, 3.0756,-0.9727,-0.4631,-3.0103, 2.2897, 2.7448, 0.1021,-2.3524, 2.8878, 0.0125]
[-1.2141,-1.7448, 3.0068, 1.0304, 0.7842,-2.0237,-2.3442,-0.996 , 2.424 ,-3.1379, 2.549 ,-2.6546,-2.0173,-1.8071, 1.6449,-2.6844,-1.5831, 2.2619,-0.2405, 1.6764]
[ 4.2844,-5.4171, 3.6366, 0.2018,-1.5809,-2.7968, 1.7476, 2.79  ,-0.9516,-0.5546, 0.1845,-1.0357, 2.8425,-0.2932,-1.0995, 0.2852, 2.5058,-1.0599,-2.0062,-1.2764]
[ 2.2472,-4.9703,-2.8851, 0.3569,-2.4413, 1.8145,-3.0638, 2.7122, 0.7487, 1.1749, 1.113 , 2.8127, 2.7181,-1.0883, 0.1386, 3.1198,-1.4987, 2.0681, 0.464 ,-0.8037]
[-1.1329,-5.0854,-2.6822,-0.0972,-1.7553, 1.6636, 2.1905,-2.0741,-0.9783, 1.1183, 2.6746,-2.0255,-0.3812, 0.6942, 0.6453,-0.3001, 1.554 , 1.1246,-0.7773,-2.3185]
[-3.857 , 4.1502, 2.283 ,-0.3756,-2.9213, 1.6128,-2.0965, 2.5122,-1.244 , 1.3942, 1.7727,-1.4702, 1.4523, 1.6283,-0.5726, 2.7002,-0.6138,-2.5186, 0.1575,-3.0598]
[ 4.3936,-4.3787,-3.7209, 0.7339,-2.0188, 2.7068,-1.0457, 1.9801, 0.4115, 2.9325, 0.8792, 2.2333,-2.8263, 2.0224, 0.69  , 2.9503,-1.1781, 2.1366,-3.083 , 2.1632]
[-2.4739,-2.4941, 2.0688, 2.7501, 2.4057, 2.6876, 1.5673,-0.6176,-2.207 , 0.1559, 2.8176,-2.7007,-1.1488, 2.6051, 2.4886, 2.6614,-2.0698, 2.8148,-0.1543, 2.9758]
[ 4.9664, 4.9637,-4.7586,-1.9377, 1.3016,-1.0454, 2.0888, 2.7121,-0.3393, 0.5063, 0.1123,-2.6047,-1.4329,-1.3194,-1.6995, 2.6931,-0.5726,-2.3639,-2.4744,-1.3121]
[-1.0502, 4.0006, 5.3064, 1.357 , 1.3293, 0.1411, 2.3951,-1.5483,-1.8279, 1.5779, 0.4197, 0.0365, 3.0635,-1.1601, 0.1971, 0.0074,-1.497 ,-2.9824,-2.9218,-1.9285]
[-4.9161,-5.2315,-1.8895,-2.437 ,-2.9019, 0.0619,-1.4773,-2.6051,-2.6997,-3.1375,-0.5101,-3.0984, 0.4055,-1.3868, 0.74  ,-0.0395, 0.9675,-1.174 ,-1.3853,-0.2395]
[-2.6183, 2.1164,-0.9814, 0.3827,-0.2428, 2.9064,-0.9731,-0.7323,-3.0766,-2.5389,-1.4579,-2.8174,-1.2749,-2.3644,-0.2596, 1.039 , 2.275 ,-1.5945, 1.9719, 0.0079]
[ 0.1963,-1.1379,-4.074 ,-0.4008,-2.9623, 0.5666,-1.0151, 1.37  ,-0.0426, 1.8656,-2.275 ,-1.2378,-1.6548,-2.217 , 1.72  ,-1.8468, 1.0249, 1.0258,-1.5189,-1.3961]
[-0.9094,-4.6436, 1.1849, 1.152 ,-0.403 , 2.2747, 1.1213, 2.0298,-1.2225, 0.8048,-1.2177,-2.8865, 0.7079, 1.4612,-0.7737, 0.2538,-2.753 , 0.4668,-2.2248,-0.7756]
[-1.4894,-3.6875,-0.1133, 1.3187,-2.8858, 2.629 ,-1.9995,-1.231 ,-2.8242,-3.0755, 0.1279, 1.6478, 1.6975,-0.2574,-0.934 , 1.9458,-1.6093,-0.7512,-2.227 , 1.7651]
[ 5.4052,-5.1425,-3.9241,-1.26  ,-1.2912,-2.6017, 2.2632,-1.2931, 2.4638, 0.9711,-2.5999, 1.9492, 1.0429, 1.0805,-0.938 ,-0.2105,-1.9756, 1.9752,-1.9681,-0.9853]
[ 4.2949,-1.9382,-0.6067, 0.1387,-1.8268, 0.4681, 0.0944,-0.9592,-1.0449,-3.0102, 0.4277,-0.3405,-2.3751, 1.1823,-2.4828, 0.9794,-2.82  ,-2.9963,-0.2166, 2.0907]
[ 2.34  ,-1.1837,-3.9081,-1.3842,-0.0451,-2.5988, 1.4461, 1.1954, 0.5548,-2.5826, 0.3696,-1.1267,-2.4479, 3.0857, 0.4013, 1.5683, 1.0509, 0.9319,-1.1946, 2.849 ]
