[-4.1422,-4.9316,-2.517 ,-2.5201,-1.6746, 2.5594,-2.9463,-1.8072, 3.1381, 2.0217,-0.5795,-2.2054, 2.2235,-2.8378, 1.8675, 0.1217]
[-5.0529,-2.9442,-3.1884, 2.3684,-1.7977,-1.8596,-0.29  ,-2.4307, 1.2899, 0.1191, 2.6947, 0.1832, 1.3468, 1.6327,-1.6005,-0.636 ]
[ 3.2482,-4.2993, 2.6973, 2.0283,-2.2089,-3.0815,-0.5145, 2.4393,-1.0873,-2.8947,-1.1486,-0.3553,-0.6762, 3.1348,-2.4833, 2.3348]
[ 0.5025,-1.0724,-2.2468, 2.9728, 2.7523,-2.5349, 2.3578, 2.0681,-2.5721, 0.7041,-0.7292,-1.4429,-0.289 ,-3.0727, 1.6469, 0.8222]
[-3.9671,-1.8779,-4.3105, 1.9892, 0.6106,-0.2512, 1.6011, 2.0757,-2.9533, 1.8366,-1.8292, 2.377 , 0.9776, 0.5757,-2.3213, 0.4785]
[ 2.0886,-2.8872,-2.5099,-0.5647,-1.7359,-0.9263, 1.8587,-1.994 ,-0.8927, 2.0481,-1.0711,-1.0585, 1.5954,-2.4432, 2.6869,-0.3785]
[-5.3871,-3.078 , 2.2409,-1.7546, 2.5395,-2.3602,-0.2271,-0.4927, 0.4044,-1.9725,-1.7672,-2.4029, 0.6934, 1.14  ,-2.7729, 2.482 ]
[ 1.1653, 1.7267, 1.2461, 0.8065,-2.2122,-1.6548, 0.0736, 0.2971,-1.4078, 2.528 ,-0.6997,-0.9614, 2.442 , 2.0337, 0.1482,-1.3046]
[ 5.064 , 2.1416,-5.4986, 1.6304, 2.3034, 0.9827,-2.7798,-1.7692,-2.0723,-1.5771, 1.7781, 0.4301,-1.0342, 1.0537,-1.1871, 0.1161]
[-3.4383, 2.0388, 5.0544,-3.0633,-2.6988,-1.7077,-2.8611, 3.0813, 2.5356, 1.1858, 1.5873,-2.3655,-0.8906, 0.7327, 2.7885, 1.4015]
[ 4.4598, 1.5491, 3.2589,-1.3041,-0.5397,-2.7525, 1.1476, 3.0274, 0.9671,-0.6841, 2.1451,-2.0829,-0.1614, 0.668 , 2.016 ,-3.0613]
[-4.372 , 3.6365, 2.3802, 1.7042, 2.9675, 2.2059, 1.3379, 0.9719,-3.0542,-3.0258,-2.2258, 1.5738, 0.4863, 2.4464,-3.1389,-0.4817]
[-3.694 , 2.7567, 1.8445, 2.0029,-0.3296, 0.5007, 2.613 ,-2.7162,-2.8761, 2.6055,-2.4804,-2.0046, 1.0323, 1.6132, 1.9079,-2.4757]
[ 4.8503, 1.3879, 2.9292,-0.9543, 2.8835, 0.96  ,-1.2805,-1.5922,-0.434 ,-1.2187, 3.0315, 2.4841, 0.0213,-0.4794, 0.7142, 2.9015]
[-0.0391,-3.9326, 2.5999, 0.4235, 1.1212,-1.3469, 0.5055,-0.8119,-1.6688,-0.6104,-0.3919, 1.6658,-2.6313, 1.3212,-0.4702, 0.6581]
[ 0.3907, 4.1181, 0.9623,-2.0071, 2.9468,-2.4389,-3.1148, 3.1047,-2.6468,-2.8858,-0.986 , 1.3112, 2.0547, 0.5825, 2.6171,-0.3575]
[ 3.3503e-03, 3.9869e+00, 4.4019e+00, 2.2588e-01, 5.4936e-01,-5.6514e-01,-1.1832e+00,-1.3011e+00,-5.2937e-01,-1.1968e+00,-1.4701e+00, 6.7807e-01,-1.9445e+00,-9.9682e-01, 1.9195e+00, 1.1941e+00]
[ 4.0313, 2.5971, 1.2631, 0.6043, 2.456 ,-0.8876,-0.1748, 2.5331,-1.4012, 1.1726, 1.052 , 3.0449,-0.6679,-1.5097, 1.9731,-0.5432]
[-1.4617,-2.4765, 1.9364, 2.0994,-2.2859,-1.1364,-2.4144, 0.9412, 2.3319, 0.1356,-1.2864,-2.8954, 0.4803, 2.6442,-1.3571,-2.5782]
[-1.1433,-1.1975, 3.2615,-1.8925,-0.7253, 1.5251,-1.3179,-3.0553,-2.3221,-1.7677, 2.1302,-2.6454, 2.7081, 0.2706, 3.1137, 0.8323]
[-1.0794, 1.5251, 1.789 ,-2.9705, 0.2347, 2.9802, 1.7216, 2.9333,-0.8912, 2.4693, 0.9008, 3.1036, 0.7098, 2.5236,-1.0678,-2.7331]
[ 3.3422, 2.283 , 1.1012,-1.8915,-0.3789, 2.3625, 1.3629,-0.551 ,-2.9107, 3.1079,-1.006 , 0.9026, 1.2792, 2.7106, 1.836 , 1.0112]
[-3.2195, 3.9993,-1.054 , 2.9166, 1.3518, 0.3918,-1.7409, 2.8611, 0.0253,-1.5444, 2.6831,-3.097 , 0.9118, 1.7069, 2.4783,-0.5367]
[ 1.4925,-3.849 ,-2.8075,-2.8762, 1.9504,-1.6204,-2.0855, 2.2151,-2.5788,-2.4949,-3.0925,-2.9627, 2.157 ,-2.957 ,-2.8357,-2.7995]
[-4.1506,-2.8989,-2.7655, 2.8559, 2.1916,-2.9701, 1.9416,-2.0442,-3.054 ,-0.292 ,-2.5749,-0.315 ,-0.0617,-1.1595, 0.1579,-1.2185]
[-4.1159,-3.3101, 0.8522,-1.2912,-0.4698,-1.4373, 2.6428, 0.5665,-1.9114,-3.0584,-0.2546,-2.0585,-2.6723,-2.2082,-3.0163, 1.4345]
[-5.3594, 0.7332,-4.0739,-0.856 ,-1.2793,-1.7184,-0.5406, 1.0095,-0.2436,-2.0194, 1.7122,-0.3032,-2.3929, 2.6177,-1.1278, 1.6097]
[ 1.1555, 4.1432,-2.224 , 0.2306,-1.5437,-1.5547, 1.4646,-2.2088, 2.708 , 1.3144,-3.086 , 0.255 , 1.4538, 2.2174, 1.2812, 2.5551]
[-5.2342, 2.3039, 2.2903, 0.2449,-1.9868,-1.9336, 0.1388, 2.4509, 1.4039,-0.1557,-0.1374,-1.3623,-1.7925,-0.1616, 2.5946,-2.3885]
[-1.5082,-5.0421, 5.0889, 2.2373,-2.471 ,-1.6042,-1.5217,-0.6964, 0.6016, 0.6934, 0.6337,-2.3439,-0.4087,-0.438 ,-2.6886,-0.7207]
[ 4.2472,-1.358 ,-4.4125, 1.6602, 1.7855, 1.5391,-3.0486,-0.4574,-0.9831,-0.7488,-1.571 , 1.3867, 0.3316,-2.2458,-2.143 ,-0.415 ]
[-4.3602, 1.6089, 1.9844, 0.1025, 2.2231, 1.5413, 2.0188,-1.5826,-1.1803, 0.182 ,-1.3764, 0.0052,-0.9054,-2.5095,-1.8626,-1.848 ]
[ 5.379 , 3.6644,-3.2754,-1.8231, 2.7989, 0.6258, 0.6148, 1.0449, 2.203 ,-1.3962,-1.7872, 1.0154, 0.1902, 0.4203,-2.9654,-2.4762]
[-5.0008, 1.595 ,-4.9477,-0.4966, 1.2492,-0.6606, 0.1629, 1.1405,-0.4653, 1.7074,-1.7516,-2.5148, 2.1743, 1.0322, 2.2808,-2.525 ]
[-4.775 ,-3.7398, 3.7777, 2.7692,-0.3843, 1.0146,-1.2096, 0.4858, 0.404 ,-0.4399,-1.0323,-1.194 ,-0.0624, 2.9848,-1.3592, 2.2093]
[ 0.8178,-3.8155,-4.3275,-2.3027, 2.6653,-0.5704,-2.3856,-2.4004,-1.4073,-2.3263, 0.0762,-1.634 , 2.9913,-2.699 ,-2.3852, 2.2877]
[-1.5586, 4.1156,-5.0814,-2.7289,-1.9301, 1.288 , 2.5967, 0.3755, 2.8312,-2.6442, 1.2674,-3.1205,-1.4097,-1.5878, 0.771 , 1.5171]
[-0.0985, 2.649 ,-1.3405, 1.9444,-2.3537, 1.513 , 1.9118,-2.3597,-2.197 ,-0.042 ,-1.3121, 2.7994, 0.2002, 1.684 ,-2.0409,-2.6416]
[-1.0208, 5.3147, 1.3608, 3.0181,-1.62  ,-2.8546,-2.3679, 0.2055,-2.4067, 0.0102, 1.0432,-0.3621,-1.7718,-1.6219, 0.7476, 0.8084]
[-2.7056, 5.2082, 4.1077,-2.8936, 2.4614,-0.4906,-1.0579,-1.44  , 2.6879, 0.5077, 1.3511,-2.812 , 0.9153,-1.5461, 2.8364, 0.5927]
[-0.5071,-2.7429, 0.0037,-2.9888, 2.2882, 2.4096,-0.676 ,-0.3097, 2.1292, 1.3589,-0.2429,-0.847 ,-0.8973,-0.4968,-1.6472,-2.1099]
[-3.0377, 0.7117,-0.5434, 1.8375, 1.515 , 0.0939,-0.3941,-0.4198,-3.086 ,-1.8111,-2.4261, 1.2662, 0.5545, 2.0924, 1.9489,-2.1682]
[-2.1198,-2.4403, 4.2105,-2.813 ,-2.8578,-0.4077,-0.7981,-2.8593, 0.2768, 1.1956, 1.4028, 1.0495, 0.7714, 1.1489,-0.4166,-2.7898]
[ 4.0236, 0.574 , 5.1272, 2.1597,-1.3898, 0.5529,-1.783 , 1.28  ,-0.5638, 0.3288, 2.0755, 2.0526, 2.5244, 2.0238, 0.1308,-2.6482]
[-0.157 , 0.3058,-1.1184, 1.8058,-0.4188,-0.3599, 0.7489,-2.1617,-0.0781,-2.7503, 1.6322,-2.9294,-0.4261, 0.6322,-0.5024,-0.9784]
[-1.1643,-4.5969, 4.4903, 1.7906,-1.7112, 0.4051, 2.8068,-1.609 ,-2.7503, 2.478 , 1.0657, 0.9716, 2.8219, 2.4678,-3.1258, 0.0956]
[ 0.1261,-3.3001,-1.4506,-2.6311,-2.5492, 1.0819, 0.8798, 3.1044,-1.3126, 2.4372,-1.8613, 0.9433,-1.3097,-0.9838,-1.6908, 2.5066]
[ 2.8243,-2.312 ,-4.1476, 1.9173,-1.5696, 2.1934,-0.6074,-2.9454,-2.4119, 2.3282,-1.35  , 2.3709,-1.4194, 2.0152, 1.8145, 0.9284]
[-1.3458,-2.5226,-4.8878,-2.9137, 0.4161, 2.3548, 0.7445,-2.0264,-0.5123, 1.9704,-0.6804,-1.1111,-0.3731, 0.9495, 2.8333, 1.3591]
[-1.4707,-0.2702,-0.6769,-0.0858, 0.4169, 1.3793,-1.0591, 0.9322, 1.7436,-2.4019,-1.5528, 2.5334, 2.5691,-1.359 ,-1.0746,-2.662 ]
[-4.8774, 1.3486,-2.8601, 0.1526,-1.3707, 3.0874,-0.9002, 0.481 , 2.0087, 3.1409,-0.5243, 1.4729, 2.0609, 0.5283,-1.3475, 1.8791]
[-4.3981,-2.5919, 5.4557, 1.0014,-1.4518, 2.1157, 1.5484, 2.295 ,-2.3627,-0.8913, 2.5751,-1.1855,-2.2151,-0.8398,-0.4303, 3.0361]
[ 1.027 ,-1.8026, 1.4855,-2.2983,-0.1242,-1.8846,-2.5991, 2.097 , 2.304 , 0.445 ,-2.5964, 2.5879,-0.5696,-2.1371, 3.0238,-1.442 ]
[ 5.3907, 3.7988,-2.4114, 0.2424,-2.8109,-2.7019,-3.1221,-2.5452, 0.6838,-0.7623, 1.6214,-1.6473,-3.075 ,-0.9973,-1.6658, 2.8118]
[ 4.601 ,-0.6231,-1.0629, 0.2208,-0.303 ,-0.9976,-0.9557, 0.1025,-1.4449,-2.8653, 1.6806,-3.1259,-2.2891, 2.9909,-0.435 ,-1.9264]
[ 4.3064,-1.8413,-4.372 ,-0.864 ,-0.5475, 2.5907, 2.7804, 0.1096, 0.4042,-0.5658,-0.1245, 1.5624, 2.7751, 1.4862,-0.5531, 1.5354]
[-1.9898,-1.2424,-0.9837, 0.1228,-2.1797, 0.0339, 2.607 ,-1.393 , 0.6467,-1.5167,-0.4825, 1.6735, 2.7693, 0.0387,-2.6371, 2.1254]
[ 0.2724, 3.6979, 5.2521, 0.4032, 1.5511,-0.7707, 2.8141,-1.9591, 2.4428,-0.1706, 0.8017, 0.8391,-0.1445,-1.3872,-0.075 ,-1.2585]
[ 1.7645,-0.7394, 1.9634, 3.1184,-1.5749, 3.0501,-0.8258,-2.9959,-0.9487,-0.1741,-0.9699,-2.0696,-1.0489, 0.307 ,-0.1425, 2.4579]
[ 3.5136,-0.0769,-3.4466,-2.6597, 1.5949,-1.6185, 0.2578, 2.4345,-1.7263, 1.1617, 2.4534,-1.7621,-2.0723, 0.2004, 0.3143,-1.6803]
[ 4.156 ,-0.1636, 1.6095, 2.6732, 2.0345, 3.0477, 2.6264, 2.8034, 0.8544, 0.2837, 1.5102, 0.4115,-0.3136, 0.8842,-2.8162,-0.0657]
[-0.1741, 3.2878,-0.87  , 0.3063, 0.0404,-1.5684,-0.5703,-1.7936,-2.2114, 1.8392,-1.0899, 1.7238, 0.0527, 2.6202,-0.3614,-0.9468]
[ 3.972 , 0.4132, 3.4748, 2.291 , 0.8759, 2.2244, 2.7904, 1.4854, 1.4959,-0.2847,-1.051 , 2.9352, 2.4636,-0.9004,-1.427 , 2.4084]
[ 1.1448, 2.8259, 1.246 ,-0.8975, 2.3839, 0.2774,-0.7171, 0.005 , 2.7411,-0.5017,-0.8907, 1.8969, 2.009 , 2.3684,-1.1724,-3.0114]
[-2.5719, 3.4961, 3.719 , 1.5883,-1.1488, 1.4579,-1.5533,-2.5509,-0.688 , 1.8598, 3.0793, 0.3349,-2.1611,-2.6262,-2.5818, 0.2868]
[ 5.1194,-3.134 ,-0.5132,-1.6258, 1.9558, 3.075 , 2.431 ,-1.8581, 2.1423,-2.733 , 1.2001, 1.813 , 0.7079,-3.0963,-0.0349, 0.7881]
[ 1.9816, 4.2186, 3.4937,-0.5347,-0.371 ,-1.2338, 0.1818,-2.5685,-0.0676,-0.0888, 2.552 ,-1.6829, 2.5076,-2.6751,-2.2673, 2.9547]
[ 1.1923,-0.4998, 4.6785, 1.5945,-1.6705,-2.525 ,-0.7143,-1.4575, 2.2397, 3.1275,-2.5511,-3.0968, 1.2773,-1.8684,-1.6129, 0.0581]
[ 0.3828, 4.277 , 0.5792,-2.4947, 1.661 , 0.3852, 1.6156,-1.8057,-0.0699,-1.1065,-1.066 ,-1.7167, 2.9337,-2.695 ,-1.2209,-1.3928]
[ 5.1736, 0.0525, 0.8333,-0.9496, 1.202 ,-0.7128, 0.5937, 0.7808, 0.1446, 1.152 ,-1.9533, 2.979 ,-1.7836, 2.9993, 0.6094, 1.5945]
[-5.1312, 1.0198,-4.2152,-1.1485, 2.0287,-1.2097, 1.26  ,-1.2813,-3.1371, 2.2421,-0.9566,-2.0318,-1.6251,-0.9712,-1.397 , 3.0578]
[ 5.3294, 2.5738, 1.2888, 2.8934,-1.8309, 1.9379,-1.3129,-2.9908, 0.332 , 0.0359, 2.9327, 2.5078,-1.7569,-2.3595,-1.1866, 1.3507]
[ 0.8724, 0.2863, 1.632 ,-2.5873,-1.6516, 3.1371,-2.7529,-0.8239,-2.9863,-2.2864,-0.675 , 1.1461,-2.8013, 0.1116,-2.3117,-0.6841]
[-0.3704, 0.5796, 1.9936, 2.8591, 0.2304,-2.2463, 1.1165, 1.7022,-0.3154,-1.7447,-0.5264,-3.1407, 1.7235,-0.1461, 1.6663, 0.0346]
[ 1.2396,-4.2417, 2.3212, 1.2058, 2.339 ,-2.32  ,-0.9853,-0.3086,-2.5469, 2.5083, 2.7557, 2.3599, 0.8493,-1.2113,-2.8664, 0.7133]
[ 1.1708,-1.1515, 0.6387, 2.265 , 1.3143,-2.7204,-2.4305,-1.026 ,-1.7351,-2.0995,-2.4831, 0.6613,-0.9059, 1.062 , 0.4457, 0.9783]
[ 2.5818, 4.1725,-1.3115,-1.5494, 0.9528,-0.2213,-1.0054, 1.8009,-0.9002, 0.5895,-0.3034,-1.5052, 1.2776, 0.1   , 0.95  ,-0.4903]
[ 0.3613,-0.4899,-1.6098,-2.7494, 3.0581, 2.595 , 0.679 , 0.0527,-1.6804, 0.5641, 3.0605, 0.2104, 3.074 , 2.525 ,-1.1289,-0.255 ]
[ 1.6182, 4.952 , 4.9544,-2.2864, 2.9847,-1.9506,-2.2043, 0.0254,-1.6501,-0.0775,-2.3787, 1.2616, 2.6551, 1.437 , 0.2864,-2.6811]
[ 4.7055,-2.448 ,-4.8964,-0.0315, 1.3233,-2.191 , 2.2696, 1.4236,-0.6749,-2.9349,-0.7356,-2.9778,-2.3645, 2.8765,-2.1737, 0.9228]
[ 2.6655, 0.1751,-5.1021, 3.1171, 0.8112,-1.5292,-2.9947, 1.67  ,-0.551 , 2.1831,-2.0935,-0.5867, 1.3786,-0.0731, 1.1678,-2.5547]
[-0.1089, 4.1528, 4.7982, 1.9562, 2.9084,-2.8497,-2.1694, 0.9671, 0.1162,-2.6723,-2.6996,-1.7113, 0.2291,-0.151 , 1.1808, 0.8688]
[-1.5226, 1.1803, 2.4944, 0.2738,-2.903 , 0.9887,-1.9086, 0.658 , 2.3657, 1.3423,-1.5639, 0.1853,-2.8901, 1.8851,-0.8642,-2.2528]
[ 1.8817e+00,-9.9517e-01, 6.1026e-04, 7.8229e-01,-2.1293e+00, 1.7226e+00, 1.2524e+00,-2.9089e+00,-2.9923e+00, 1.0790e+00,-2.0710e+00, 1.9742e-01, 2.5999e+00,-3.0818e+00, 2.7469e+00, 1.0827e+00]
[ 3.0401, 1.8811,-3.8632, 1.9399, 0.2368, 0.7887, 2.0924,-3.0728, 1.9937, 2.215 ,-1.6324,-1.2872, 2.6553, 2.3146,-1.2312, 2.5514]
[ 2.9668, 4.6413, 4.7043,-0.685 ,-0.0707,-2.1695, 0.5304,-2.2761, 0.7029,-0.4236,-0.0139, 0.1832, 1.0984, 0.7232,-2.9328,-1.7632]
[ 2.1507,-1.7201,-0.5744, 1.5545,-1.4409,-1.138 ,-0.3605,-2.8011, 0.8715, 0.9524,-0.089 ,-2.5871, 1.8545, 2.6336,-1.9575,-0.0146]
[ 1.8572, 0.1872, 0.0287,-1.9295,-2.1903, 0.5966, 1.892 ,-0.4245,-2.6971, 0.9435,-2.1108,-1.8752,-0.0376, 3.0362, 0.2895, 0.9318]
[-4.84  , 2.3726,-4.8857, 0.281 ,-0.799 , 2.0838,-1.2486, 0.8559, 2.2623,-2.8151, 0.4004,-1.6098, 2.1098, 0.4082,-1.0025, 1.2661]
[-0.0257, 2.6986,-3.5765,-0.9639,-0.3398,-0.1299, 0.7709,-2.7526, 1.208 ,-1.0832, 2.5787, 0.1928,-1.3725,-1.1792, 0.1811,-1.8271]
[ 0.3149,-3.5427,-3.0642,-2.0562,-3.0746,-2.8689,-0.2611,-0.8029, 2.6447,-2.5631,-2.3497,-2.259 , 2.8621, 1.3881, 3.1305,-1.1342]
[-4.4415, 1.1222,-0.2114, 2.8356,-2.7058, 2.7758,-0.8655, 0.2504, 0.8665,-0.4314,-1.8572, 2.6928, 0.0308, 3.0807,-0.7382, 2.5402]
[ 3.0311, 1.0737,-1.7055,-2.7894,-0.4536, 0.2878, 2.3956, 2.5646, 1.5125, 2.7512, 1.4789, 1.7487,-0.7981, 1.9849,-2.3294, 1.0055]
[ 3.6045, 2.8382, 4.4277, 1.8988,-2.3434, 0.7435, 1.2947, 1.0207,-1.4732, 2.8473,-1.358 ,-0.4409,-0.4767, 0.1612, 3.1089,-1.908 ]
[-4.4525,-1.4159,-1.4272,-1.3916,-1.9769, 0.949 , 1.0617, 2.8044,-1.953 , 1.623 , 0.0177, 2.111 ,-1.418 ,-2.336 ,-2.3768,-2.3645]
[ 3.0835,-4.4413, 0.6581, 1.3033, 0.8418,-0.519 ,-1.462 , 2.421 ,-2.0922,-1.274 , 0.3576,-1.2404,-1.1635, 0.0686, 0.8644, 1.7499]
[-3.0315, 1.7437, 1.8635,-0.6539, 1.987 ,-2.4863,-1.0798, 2.7158, 1.8523,-2.6466, 2.7894,-1.6248, 1.2576,-2.4471,-1.1655,-0.4199]
[-2.7618,-1.0789, 2.2244,-1.1254, 1.7899,-1.9048,-2.4159, 1.6703, 1.8972, 3.0859, 2.5334,-0.5078, 1.5634,-2.8426, 1.3015,-2.8397]
[-1.4296,-2.5234,-4.2834, 1.4376, 0.8069,-1.613 , 0.0406,-2.2393, 2.0878,-2.5559, 0.5881, 0.6433, 0.2077,-0.263 ,-0.7608,-2.5882]
[-3.9127e-01,-2.4390e+00,-1.8784e-03,-6.5917e-01, 9.6053e-01, 2.4481e+00,-1.5781e+00, 1.4434e+00, 1.5786e+00, 1.6081e+00, 7.1144e-01,-3.0127e+00, 1.4458e+00, 2.5154e+00, 9.0253e-01, 3.6058e-01]
