[-2.6191, 2.9979, 3.4489,-3.0177, 1.0239, 1.2438, 1.04  , 3.1396, 0.5223, 0.1915, 2.091 ,-1.4435, 2.4508,-2.3293, 1.8359,-1.9673,-2.1563,-0.3725,-1.0032,-2.0807, 0.6295, 1.5257, 1.0807]
[-2.7141,-1.986 ,-4.7356,-1.6725, 0.4688, 1.3527,-2.9814,-2.9599, 0.2847, 0.72  ,-0.5008, 1.4844,-2.3393, 1.104 , 2.4609,-1.8572, 2.2289, 2.2647,-1.5952,-0.0898, 1.7251,-0.851 ,-0.1777]
[-1.2792, 3.8865,-2.4802,-2.3571,-1.5684, 3.0494, 1.3942, 1.4077, 2.2468,-1.7889, 2.1587,-0.3054, 2.3653, 1.007 , 0.8485,-1.0831, 3.0371, 1.2978,-2.9319, 0.2594, 1.7952, 2.8927,-2.4455]
[-4.2494, 4.403 ,-1.2294, 0.9474,-0.5953,-2.236 , 0.8095,-0.0699,-0.0478, 0.5655,-0.5493, 1.6953, 1.97  ,-2.9201, 1.4371, 0.0242, 1.7651, 1.0663, 3.1289,-0.9546, 2.3525, 2.8629, 0.5393]
[-0.5546, 0.4258, 0.4799,-1.6336, 2.2682, 1.6896, 1.7487, 2.3993, 2.949 , 1.1929,-0.4766,-0.8455, 0.2361, 2.5277, 2.9362, 2.1698, 0.302 , 1.0643, 1.7557, 2.7282, 0.4134, 0.9629,-1.1112]
[-0.4914,-3.5616, 0.5384, 1.1207,-2.1475,-2.5539,-0.8561,-0.1034,-1.7192, 2.7019, 1.4739, 2.7889,-2.9839, 0.5684,-0.6485,-1.8291,-2.055 , 0.7286,-0.3523,-2.2313, 0.6278, 0.9465,-2.3834]
[-3.0791, 2.3946, 1.9247, 2.2737, 1.527 ,-2.3825, 0.9398,-0.0751, 0.1236, 0.3307,-1.3938, 0.4628, 2.1746, 3.0111, 1.2327,-0.5413, 2.2371,-1.6705, 0.5279, 2.6187, 2.247 , 1.0763,-2.4312]
[-2.0857, 1.6305,-5.1254,-1.5052, 2.9375, 2.5544,-0.1888,-0.2789,-2.569 , 1.4049, 0.9344,-1.7115, 0.0542, 2.8205,-1.9805,-2.3672, 1.7546, 2.1201, 1.5486,-1.3971,-1.9939,-0.4319,-2.393 ]
[ 0.3958, 0.4619,-2.7301, 3.1267, 1.6534,-2.3623,-0.4027,-2.1165, 2.8608, 3.0495, 0.8421, 1.9505, 1.2843, 0.1107,-0.1903,-2.8089, 1.1937, 1.7508,-2.0081, 1.8653, 0.8933,-1.4831, 0.1849]
[-3.4347,-1.3026,-3.1112, 1.703 ,-2.9463,-1.4933,-0.3491,-2.0026, 0.2111, 3.122 , 1.6257, 0.0462,-2.0433,-2.7769, 0.0858,-0.8518,-1.1842, 0.7153,-2.6623, 2.3537,-1.6598, 1.4595,-2.7662]
[ 5.2237, 4.5505,-2.8127, 1.1842, 2.0245, 1.707 ,-2.7816, 1.3451, 1.9861,-1.4655, 2.983 , 2.3676,-1.9611,-1.9414,-1.4845, 1.0357, 0.9881, 2.8603, 2.0878,-0.4051, 0.6362,-1.1137, 0.7019]
[ 1.3075,-0.8367, 2.13  , 2.1264,-0.3945,-1.486 ,-0.3425, 2.4683,-0.6513, 0.7592, 1.2568, 0.2758, 2.8442,-2.4875,-2.1168,-1.2495,-0.9703,-1.2756,-2.772 ,-1.1515, 0.5188, 2.3409,-1.1647]
[ 3.97  ,-5.4592, 1.4471, 0.6671, 2.6744, 0.18  ,-1.3001,-2.1205, 1.3716,-1.3181, 0.9585,-2.6011,-1.3713,-1.0514,-2.5182, 2.1922, 3.0739, 0.0731,-1.4524,-2.7537,-2.9645,-3.1202,-0.4671]
[-0.1498, 4.6881, 1.3091, 2.8318,-1.7813,-0.566 ,-1.0791,-1.9433,-0.1835,-2.3175, 2.8891,-1.6432,-1.8137, 2.7541, 0.0328, 1.5637,-2.1732, 1.8844, 1.9871, 1.0323, 0.6207, 1.9171,-2.5191]
[-4.2126,-3.9904, 4.2127, 0.5255, 1.9825,-1.8076,-1.6144, 1.6509,-1.0617,-0.5896,-1.321 ,-1.0865, 0.1332,-0.2898,-3.0206, 2.1378,-2.2398, 1.666 , 1.0607, 2.4206,-1.0033,-2.288 ,-1.9522]
[ 2.7213,-4.523 ,-3.6122, 1.0326,-0.3532,-2.8922, 0.7458, 1.2482, 0.3194,-2.7965,-2.3094,-1.3063,-2.386 ,-0.6211,-2.8081,-2.996 ,-2.8142,-0.6252,-2.8188,-0.5286, 3.1202, 2.8257, 2.7148]
[-1.0404, 1.5351, 0.6174, 1.0687,-0.4139, 2.5631,-2.0626, 1.4897, 2.9059, 2.7232,-2.1692, 0.8343, 0.7328, 2.0592,-0.7685, 0.1844,-2.6724,-1.4714,-2.4186,-1.0334,-1.2039, 1.3822,-0.6594]
[-1.6553,-1.5922, 0.1108, 0.9712,-1.5658, 0.7048,-2.8179, 1.7154, 2.1392, 2.9305, 2.3929, 0.0084, 1.6843, 2.1354, 0.992 , 1.3077, 1.3534,-2.6974, 1.8626,-0.4065,-0.2353, 0.1932, 1.9835]
[-1.8876,-5.3551, 0.7782,-0.2892,-1.0741, 2.4379,-0.0576, 1.0557,-0.8238, 1.6586, 2.75  ,-0.4959, 1.0204, 0.8544, 1.8891, 0.406 ,-2.7403,-0.5139, 1.1249,-1.8762, 1.7749,-1.8223,-2.1159]
[-4.5226, 5.2214, 5.0193,-1.8468, 1.8125, 0.5706, 2.5839,-2.3943,-0.8191,-3.0321, 0.6898,-1.1234, 0.7099, 0.4539,-2.5761,-0.0309, 2.8907,-1.4274, 0.236 , 1.4074,-1.4218,-0.1343, 0.4597]
[-4.0651, 0.6077, 0.3482, 1.8817, 1.8225, 1.5559, 2.4436,-0.9028,-2.3705,-0.8897,-0.6695,-1.1956, 1.6431, 2.089 ,-1.2534, 0.874 ,-0.2652,-0.2517, 1.748 ,-1.2121, 2.3334,-1.7167,-2.25  ]
[ 2.2598,-2.1739,-2.3463, 2.1525,-2.4977, 0.9874,-0.3268, 1.993 , 0.4555, 1.6241, 2.8358,-2.9421,-2.6358, 1.3457,-2.4211, 2.6079,-2.7436, 2.8893, 0.3031,-1.5588, 1.1492, 0.5823, 1.6294]
[-4.2272,-4.2097,-3.0183, 2.031 ,-1.4839, 0.8523,-0.7931, 2.8491,-2.4199,-2.7895,-1.2751,-0.5143, 0.8182,-1.4545, 2.8542, 1.8749,-3.0449, 2.3255,-0.2874,-0.096 , 0.4202, 0.2853,-1.948 ]
[-5.2341,-0.3563,-1.9577, 2.1495,-2.9891, 1.0761, 1.7367, 2.7768,-0.636 , 0.6186,-2.8377,-1.7716, 0.7288, 0.0802, 0.4747,-1.2513,-1.3541,-1.9644,-1.3726, 0.7345, 2.0764,-0.0284, 0.637 ]
[-0.5622,-4.9017, 3.7547, 0.4427, 1.8338, 1.8023, 3.0697, 1.8203,-0.6978,-0.5736,-1.3443, 2.8022, 1.8172, 1.1312,-0.9941, 0.0508,-2.421 ,-1.8444, 0.1237,-0.641 ,-2.1799,-1.3955,-2.9997]
[ 1.424 , 2.1389, 1.979 ,-2.5699, 0.2349,-1.1057,-2.1276, 1.9036, 2.1479, 1.803 , 2.7832, 2.4729, 2.5122, 0.3651, 1.3007, 0.4139, 0.4694,-1.0274,-1.1362,-2.8648, 1.5413,-1.3794, 1.7962]
[-4.7931,-1.0607,-5.0196,-2.0642, 2.1359, 0.3878,-1.2368, 2.9771,-0.3275,-0.4425, 1.8758, 1.4896, 3.0664,-0.05  ,-1.1253, 2.6433, 0.067 , 0.7499,-1.569 , 1.966 , 0.7923,-2.5781, 1.8679]
[ 4.7497,-4.1594, 0.3962,-2.5537,-0.9833, 2.0353, 1.9525, 2.7554, 2.7561, 1.    ,-1.8061,-0.286 , 0.2687, 2.2731, 2.7585, 1.2709, 2.5971,-1.6432,-1.448 , 2.9341, 1.1607, 1.5457,-0.6659]
[-4.5485,-3.8809,-1.3957, 0.1468, 2.5085,-3.0245,-1.0995, 2.3442, 2.5992,-2.8932, 1.7496, 2.3467,-2.0112, 2.2242, 2.4522,-2.2959,-1.8601,-2.6425, 1.5642,-2.2982, 0.7136, 2.462 , 1.139 ]
[ 2.2961, 0.8632, 2.5821, 2.7543, 3.1409, 2.7002, 2.3417,-0.4344, 2.158 ,-1.8485,-1.9398,-2.256 ,-0.451 , 1.1395,-2.8873, 0.5574, 1.5475, 0.7373,-0.3517,-0.5476,-2.151 ,-2.6703,-1.0631]
[-2.8371,-0.1017, 3.2461, 0.499 , 2.2215, 0.8105,-1.8249,-0.7697,-1.8768, 3.0031, 2.8318, 0.1396,-3.0797, 0.5901,-2.8149,-1.6227, 0.1827, 2.2452,-1.1172,-3.0091, 2.5434, 0.5273, 0.2959]
[-5.072 ,-5.1934,-1.8608, 0.3118, 0.3481, 2.1644,-2.239 ,-1.0848,-0.661 ,-2.1873,-0.2777, 3.099 , 0.0994, 2.1195, 0.1858, 0.2467, 2.2393,-2.7499,-3.0439,-0.8975, 2.1029,-1.082 ,-1.4918]
[-1.946 ,-3.0158, 2.588 ,-2.8327,-1.0806, 2.9158,-0.626 , 1.3464,-0.4294,-0.0719,-3.1381, 2.5749, 2.2014, 0.5134,-1.4133, 1.3451,-1.8502,-0.1886,-2.7415, 1.2623,-1.9671, 1.8524, 0.1399]
[-0.9357,-5.4213,-1.4532,-0.0571,-2.1129, 0.3604,-2.7579,-1.7451,-2.4208,-0.0754, 1.8893, 0.2644, 0.7554, 1.2646,-2.5111, 2.0091,-2.4588,-0.2512, 1.5739,-2.7165, 2.5614,-2.029 ,-2.5098]
[ 3.1499, 1.8075,-0.3093, 2.332 , 0.517 ,-0.9593,-1.5264,-2.2464,-2.222 , 1.6699,-0.9524,-1.3632,-0.3548,-1.504 ,-1.1667,-1.1268, 2.6263,-1.9648,-1.323 ,-2.4239,-2.6663, 0.2791, 2.0221]
[-4.961 ,-2.9496, 4.9339,-2.3578, 2.9137,-1.248 ,-2.7213, 2.23  ,-2.2898, 1.7975,-0.4604,-2.212 , 0.1694,-1.402 ,-0.1615, 1.4056, 0.0136, 1.6681,-1.8809, 2.1014, 0.9896,-0.3132,-2.6648]
[-9.9787e-01, 2.7285e+00, 4.0161e+00,-7.0694e-01, 1.9570e+00,-1.4264e+00,-1.5367e+00,-5.7620e-01,-2.4934e+00,-2.5962e-01,-2.1300e+00, 1.3969e+00,-1.6426e+00,-1.6415e-03, 8.8497e-01, 1.4823e+00,-2.7823e+00, 2.9652e+00,-7.1207e-01,-1.1036e+00, 4.4464e-01, 8.4415e-01,-2.6915e-02]
[ 3.8758, 0.0606, 1.6249,-2.2228, 2.0881, 2.1413,-0.3058, 1.5994, 0.4832, 2.7345, 1.5359,-0.6063, 1.6473,-2.8464,-0.6066, 2.9298,-1.0114,-1.1318,-0.2066, 1.4019, 0.5288, 0.3907,-0.134 ]
[ 5.4158,-4.4407,-2.2853, 2.7391, 1.0922, 1.8044, 2.2001, 1.558 , 0.8487,-3.1007,-1.158 , 2.2935,-0.6985,-2.4774, 0.392 ,-1.6999,-0.1075, 0.6094,-2.5036,-1.961 , 1.67  , 1.1511, 1.8714]
[-2.2773, 4.5698, 0.4683, 2.1666,-1.2283,-0.0812, 2.1405,-2.8376, 2.9383, 0.911 , 1.9956,-0.6774,-1.2529,-0.3498,-0.712 ,-1.6975,-2.8108, 0.6523, 2.6745,-3.1188, 2.227 , 3.0199, 0.4961]
[-9.2191e-03, 4.1431e+00, 1.3455e+00,-5.8138e-02,-1.3029e-01, 2.5209e+00,-2.6485e+00, 2.7919e-01, 9.6487e-01, 1.9512e-01,-8.4792e-01, 3.7594e-01, 2.3094e+00, 7.8451e-01, 4.1956e-01, 1.8372e+00,-5.0458e-01, 2.1284e-03, 2.4581e+00,-1.7351e+00, 2.1057e+00,-1.8939e+00, 2.7379e+00]
[ 2.9889, 1.0134,-5.1165, 1.718 , 1.4243, 2.088 ,-2.3572, 1.6042,-1.6673, 0.8938, 2.0148, 0.1482,-2.1783, 0.7761, 1.277 ,-0.7848,-2.7256, 1.0891, 1.1299,-0.7409, 2.2818, 0.7067, 0.7228]
[-3.9169,-3.3549,-4.5934,-0.39  , 2.7653,-2.2047,-0.1614, 2.876 ,-1.7056,-3.1154,-0.8413,-0.2939, 0.6785, 0.7218, 0.1629, 2.6522,-2.4888, 3.0849, 0.3968, 0.6439, 2.8138,-2.7982,-1.0703]
[ 1.9495,-4.9686, 4.8565, 2.717 ,-0.7214,-0.8458,-1.9825,-0.0084,-2.9189, 2.7234,-3.1123, 1.5847,-2.6164, 0.6078, 1.0884, 2.972 ,-1.1004, 1.4845,-0.0137, 2.8358, 0.6971, 2.5824, 0.7402]
[-4.2324, 3.5575, 0.2129,-1.4435,-1.0778,-0.7755,-0.3067, 2.3725,-0.3301, 1.2868, 1.4516, 0.5938,-2.1177, 2.2685, 1.1653, 2.0659,-0.3756, 2.5436, 1.3755, 2.4707,-1.994 ,-2.7703,-2.1387]
[-2.2489,-4.5342,-1.5925, 2.6904, 1.8003, 1.1127,-3.0061, 0.7428,-1.4543,-2.4989, 0.0736,-0.6752, 1.6332,-1.1413, 1.2491,-1.9759, 0.593 , 3.0574,-2.1938, 1.1113, 2.7024, 2.4385,-2.2978]
[-4.991 ,-2.0677, 0.7976, 2.1785,-1.1162,-1.2714, 0.8202,-3.1254, 1.9978, 1.3894,-1.7299,-2.8264, 1.978 ,-1.7535,-0.1176,-1.1477,-1.6788,-0.8848,-1.8256,-1.5826, 2.6345,-0.4754, 1.3004]
[-4.4149, 1.8817, 4.7365, 1.3107,-2.2636, 2.9231, 0.497 , 2.1281,-1.2263, 2.7825, 2.5212,-1.2525, 2.6783,-2.0712,-1.5752,-0.3141,-1.8669,-1.8594, 1.7653, 1.5718,-2.5863, 1.0402,-0.2968]
[-4.5986e+00,-4.5661e+00,-4.4324e+00,-2.0368e+00, 5.8117e-01, 7.2450e-01,-5.7828e-01,-5.8400e-01, 2.0206e+00,-2.2421e+00, 2.1345e+00,-2.2259e+00, 1.9333e+00,-5.2463e-01,-5.0301e-02, 7.2526e-01, 7.9996e-01, 2.0308e+00,-5.0249e-01, 2.8307e+00, 1.1755e+00,-3.1390e-03, 5.3465e-01]
[ 1.3951,-2.3903,-2.7826,-1.7832,-1.4929, 1.9962,-3.0602,-1.1294, 2.9938,-1.291 , 2.0861,-2.0583, 0.3369, 1.5911, 0.9537, 1.6844, 2.4467, 1.3728, 0.7532, 2.0571, 0.6832, 0.159 , 0.4663]
[-2.0781, 3.0943,-3.5532, 0.5372, 1.5349,-1.7957,-0.9974, 1.5187, 0.6349,-0.5728, 2.6827,-1.2012, 1.9441,-0.9535,-2.0945, 0.1641,-2.8247,-0.3675, 1.6996, 2.1022,-1.0544,-2.7966, 0.5733]
[ 4.9749, 2.9037, 3.0135,-1.4904, 2.3325,-0.4705,-0.7231,-1.0003, 0.2346,-1.8565,-1.739 , 0.548 ,-1.649 ,-1.9923, 3.0091, 1.7785, 2.6479,-1.1558, 0.3988,-0.855 , 1.0253,-2.1252,-0.0651]
[ 4.7537,-4.7894, 1.5618, 0.2257, 0.8393, 1.6185,-0.3665, 0.9586, 1.5466, 2.9703,-0.8279,-1.658 ,-3.11  ,-2.5838, 1.538 ,-2.1865,-0.0487, 2.7427, 2.8635,-1.5459, 0.0097,-2.9434, 0.353 ]
[-0.3289,-1.1925,-1.3488, 3.0602,-2.8979, 0.4591, 0.4639, 2.9463,-1.8562,-0.2395,-2.3005,-3.1362,-0.4186, 2.3711, 2.7193,-1.1986, 0.7359, 1.6209,-3.1159, 0.7966,-0.1448,-2.1417, 1.6509]
[-3.1036e+00, 4.4748e+00,-4.2246e+00,-2.0249e+00,-2.3315e+00,-3.0886e+00, 2.7677e+00, 2.5520e+00, 2.7869e+00, 3.1180e+00,-2.9253e+00, 2.3767e+00,-2.2156e+00, 2.1350e-01,-2.9090e-01,-1.5012e+00,-2.3775e+00, 2.4242e+00,-2.0284e+00, 2.8916e+00,-1.4546e+00,-6.8650e-05, 4.7300e-01]
[-3.8203,-3.6504, 1.819 ,-2.4814, 2.0852, 0.1975, 2.9848,-2.1244,-2.1858,-1.4625, 0.415 , 2.9185,-1.5327,-1.7596, 2.0488, 1.5263, 1.1777, 0.2248, 1.85  , 1.0826, 1.5065, 2.5437,-0.5917]
[ 4.7693, 5.1579, 0.4473, 1.3357, 2.9441, 0.4652, 1.4794, 1.9709,-0.8962, 0.8442, 2.9523,-0.7646,-2.2609, 1.9402,-2.1279, 0.3299,-2.4048, 1.9864, 1.8638, 2.801 ,-0.3175, 2.57  , 0.542 ]
[-5.1912, 1.7499, 1.3254, 1.6232,-2.101 ,-1.8784,-0.8979,-3.1346, 0.2619,-0.7831, 2.4378, 2.1662,-1.3916,-2.0681, 1.3738,-0.2938, 2.921 , 3.0727,-1.504 , 0.278 ,-0.6635,-0.4202, 2.5962]
[ 1.6303, 4.5544, 0.0731, 0.4606, 1.8614,-0.0458,-0.8936, 1.5914, 2.2127, 2.2714, 1.7869, 0.0979, 2.1456,-0.0409, 1.0034, 2.2618,-0.4503, 2.3925,-2.0655,-1.3043, 1.192 , 0.0624,-2.2137]
[ 1.6154, 0.2207, 4.5552, 2.0006,-1.5803, 3.1071, 2.6141, 0.745 , 2.0158,-2.694 ,-2.8723, 0.0835, 0.9235, 2.0322, 1.1621, 1.5948,-1.5764,-1.2717, 1.1132, 2.7234, 2.1277,-1.8591, 2.8973]
[ 4.3242, 4.4875, 4.9153, 0.7457, 1.7865,-1.7869,-0.5806,-2.3416,-2.0643,-0.2211, 2.3546, 1.4591, 3.0299, 0.5575,-1.5613,-0.2321,-2.1571, 1.9163,-0.8301, 1.1589,-2.9313,-1.0563,-2.1936]
[-4.2315, 0.7946, 2.337 ,-2.4081, 3.0946,-2.336 , 1.6319, 2.9638,-0.4373,-0.4808,-2.7283, 2.7444,-0.2879, 1.5624, 2.194 ,-2.6358,-1.3874, 0.9946, 0.8511,-0.4937, 2.1249,-2.6495, 1.476 ]
[ 5.477 ,-1.5505,-3.8153,-1.1098, 2.2807, 2.3862,-0.4977, 0.5456,-2.6044, 0.226 , 0.8871, 2.5837,-0.4987, 1.4469,-0.9867, 2.2418, 2.0366, 1.9397,-0.7856,-0.4037, 0.088 , 0.137 , 1.0703]
[-0.4449, 3.4338,-1.1647, 2.4348, 2.0672,-0.1872,-0.459 , 2.3283, 0.5332, 1.8844, 0.9944, 2.1331,-1.6456,-1.0924, 1.7299, 2.4104,-0.8319,-1.334 ,-2.4116,-2.7062,-2.6419,-0.9975, 1.4021]
[-0.1916,-0.5338, 2.1382, 1.7872,-0.8477, 2.9295, 2.2954,-1.6515, 2.081 ,-1.3468,-1.7646, 0.2119,-1.6939, 3.0709, 0.9731,-1.1586, 2.5665,-1.5925, 0.6891,-1.7409,-2.6285, 2.9397,-2.3688]
[ 4.5658, 4.0431, 1.644 , 2.5705,-2.0263,-1.3949, 0.4772,-1.1495, 2.7741, 1.5432,-2.0311,-1.1427, 1.6648,-0.0462, 1.7303,-0.2726,-1.6366,-2.5831, 2.283 ,-2.5374,-2.7652, 2.2086,-1.4035]
[ 5.162 ,-1.5928,-2.8789,-2.1368,-1.5455, 2.2202,-2.9535,-1.6199,-0.385 , 0.0154,-0.4053, 0.6654, 0.6408,-2.078 , 1.62  ,-2.3321,-0.534 , 0.5522,-0.9874,-2.9267, 0.0302,-0.566 ,-0.3641]
[-4.4862, 5.0473, 4.3078,-0.8017,-0.8229,-0.2785,-1.6048,-2.6719, 1.0309,-1.5906,-1.4302,-2.5209,-0.1793, 1.4566, 0.7953, 0.3561, 1.3298, 1.2239,-0.8019, 1.5826, 2.1456,-0.0665,-1.8754]
[ 1.1131,-2.8135, 2.4721,-0.5408,-1.1298,-0.5023, 1.8705, 0.8246, 0.3952,-3.1383,-0.6056,-0.4981,-0.017 , 0.9881,-1.8859, 0.616 ,-2.3225, 0.9635,-0.6155,-1.4113,-2.0928,-2.8579, 1.647 ]
[-3.8344, 4.3202, 2.0093,-2.7952,-1.9635, 2.5482,-0.4182,-0.8952,-0.9986,-2.287 , 1.3909, 0.0467,-0.6536, 2.4058,-2.3703,-1.4626, 2.8852, 2.3065,-2.6894,-2.7258,-2.096 , 0.8116,-2.1473]
[-0.809 , 3.9854,-0.8184,-2.3968, 2.3602,-1.0638,-2.872 ,-1.7018,-1.0133, 0.7   ,-3.0869,-1.0782, 1.77  , 0.7721, 1.4864,-0.3869, 2.094 ,-2.0789, 1.6802,-2.7834, 2.3124, 0.0874, 2.5637]
[ 2.0861,-1.3149,-0.8155, 0.1245, 1.7666, 0.0786, 1.7887, 0.2262,-1.8631,-1.0105,-1.6236, 0.3852,-0.446 , 2.8282, 1.9631,-1.1286, 2.0811, 1.9605,-2.3084, 2.6778,-0.5147,-3.0301, 2.5973]
[-0.8348, 4.3025, 2.2656, 1.7618, 1.3281, 2.6819,-2.1244,-2.4629,-2.134 , 0.2643,-3.1043, 0.1818, 1.2583, 1.7751, 2.6704, 0.8108, 0.8777, 2.254 , 2.7724, 0.2762,-0.0456, 0.2967,-3.0345]
[-1.1105, 5.2202, 3.0984,-1.3899, 0.3091,-1.0955, 1.8509, 0.6177, 3.0774, 0.2638, 0.3349,-0.696 ,-0.6776,-0.1507, 1.313 ,-2.4776, 0.3577,-1.1392,-2.5824,-1.2717, 1.9043, 0.7013,-2.0178]
[ 1.5678, 2.0659, 0.262 ,-0.2719,-2.1076,-2.5215, 1.1183, 0.0205, 0.548 , 0.9027,-2.5168,-1.6552,-1.823 ,-1.3664,-1.997 , 0.4435, 1.0893,-1.4573,-1.3185,-0.6302,-1.3964, 2.263 ,-0.2165]
[ 0.506 ,-0.2412, 1.7813,-2.3414, 2.4213,-1.4893, 0.8064,-2.2237,-0.9124,-0.4555,-0.8759, 0.3252,-2.6471,-0.6265,-1.0855, 1.2925, 2.333 ,-1.4779,-2.8364,-2.0635,-3.0366,-2.8382, 2.2145]
[-0.4372, 5.3591, 0.3433, 1.3792, 0.4474, 0.906 ,-1.2335, 2.9599,-1.1255,-1.8641, 3.057 , 0.2439, 0.3498, 0.4197, 0.0481,-2.4496,-2.3087, 0.965 ,-1.166 ,-1.3609, 1.172 , 2.6729,-2.3755]
[ 2.5509, 0.6849,-0.8722,-2.3094,-0.0631,-1.1518,-0.8925,-1.8035,-0.0421,-2.351 ,-2.1232,-1.1182,-1.5305,-0.2812, 2.7966, 0.6101,-2.4121, 2.313 , 0.2303, 1.1941,-1.1673,-1.9551,-0.5329]
[ 4.1953, 2.7855, 1.2179, 2.8025,-2.9949, 0.5578,-0.839 ,-1.9569, 0.2118,-0.2894,-0.9985,-2.1974,-2.182 ,-0.88  , 1.7542, 1.8694, 2.7897,-3.1125, 1.8892,-3.0846,-0.4177, 1.5361, 2.5703]
[-2.0667,-4.8753,-3.675 , 1.8824, 2.8719, 3.0041,-1.3512,-1.4023,-0.344 , 0.2451,-1.8164,-2.7058,-0.6132, 2.0186,-0.6346,-2.0293, 1.4602,-0.8914,-2.601 ,-2.0931, 0.7605,-3.1355, 0.2752]
[ 1.7762e+00, 3.8883e+00,-2.7343e+00, 2.4590e+00,-2.8238e+00,-1.1856e+00,-2.3297e-03, 2.5247e+00,-1.6206e-01,-2.5897e+00, 2.9289e+00, 2.8494e+00,-5.7816e-01, 3.1396e+00,-7.7863e-01, 2.7390e+00,-1.8510e+00, 3.0120e+00,-2.2352e+00,-1.0150e+00, 3.1162e-01, 1.9818e+00,-2.1649e+00]
[ 3.8324,-2.5409,-2.0513,-1.5718,-0.1449, 2.9688, 1.228 ,-2.51  ,-3.0258,-0.5235, 2.421 , 1.7265,-0.226 ,-1.5819, 1.3792,-0.7672, 0.6229, 1.631 , 0.3916, 0.4292,-2.0295,-2.0524,-1.5756]
[-3.5803,-4.8377,-2.5187, 0.1806,-1.4601,-3.0989, 2.1821,-2.7772,-0.1012,-2.1317, 2.4898,-2.0918,-1.1741,-1.8145,-0.8836, 0.3453,-0.911 ,-0.8727, 2.2216,-0.2217, 0.5217, 0.3162,-1.6987]
[-4.8576,-2.7597,-1.7933, 2.957 ,-0.1683,-0.1507, 2.9984,-2.6019, 1.6278, 0.6775,-1.7095,-0.105 , 0.1671, 1.565 ,-0.2392,-0.5679,-1.119 ,-2.6077,-1.4691, 0.8129,-0.5631,-1.5239,-3.0247]
[-1.8808,-0.1487, 4.8161, 0.4986, 2.7875, 0.7253,-1.189 ,-1.9463,-1.3527,-2.1465, 2.2781, 3.0034,-2.786 ,-0.2433,-0.4986, 1.6026, 0.887 ,-1.0448,-1.6061, 0.9346, 1.1598,-2.6295,-0.4283]
[ 2.4412, 1.1979, 0.3528,-2.0754,-2.035 ,-1.646 ,-0.7948, 1.3308,-1.8749, 0.9996,-1.5556, 1.2284, 3.1167, 2.7403, 0.2606, 2.5554, 2.2914,-0.3092, 2.3452, 0.5483, 1.8798, 1.392 , 0.5494]
[-0.9528, 5.4708, 3.5812,-3.0857,-1.7772, 0.5249, 0.3104, 2.464 ,-1.0352, 2.3042, 1.3218, 2.0001, 2.186 , 1.4971,-3.0397,-3.1211, 1.0324,-0.3226,-1.6173, 1.2896, 3.1028,-2.9261,-3.0031]
[-0.132 , 2.1123,-5.3226,-0.6529, 0.8116,-0.1472,-1.6005,-0.709 , 1.5304,-0.8547,-2.8678,-2.0159,-1.2519,-1.7952,-1.1811, 0.9815,-2.5912, 2.7086,-0.0168, 0.1625,-2.1018,-1.5418,-1.7185]
[-4.2395,-3.3931,-3.1438, 0.0627,-2.1349, 0.4233,-0.0715, 1.6751, 1.152 ,-0.4089, 1.179 , 0.5865,-1.118 ,-0.868 ,-2.7006,-0.6761,-2.9287, 1.2467,-0.494 ,-2.8006,-0.6651,-2.4792, 1.5394]
[ 0.0445, 5.3498, 0.8884,-1.4358,-1.432 , 1.5377, 2.9245,-2.6216, 1.1396,-0.5258, 0.5058, 2.699 ,-0.1466,-3.0557,-1.7072, 1.2907,-1.419 , 2.0159,-0.2529,-2.6495,-2.5412,-2.0177,-2.7342]
[-5.0753, 1.8378,-1.8016,-1.56  ,-1.9379, 2.3597,-2.8215, 2.0466, 0.6309, 1.1735, 0.6075,-2.91  , 2.147 , 1.724 , 2.5299, 0.6403, 2.8379, 1.9544, 1.3903, 2.223 ,-2.0693, 1.2299,-0.0996]
[ 2.2345, 1.48  , 2.44  ,-0.657 ,-1.1698,-0.843 , 2.3292,-2.3713,-0.1315, 1.6004,-1.8318,-0.3216,-0.0224,-2.914 , 0.5567,-0.2032, 0.483 , 1.23  ,-0.8969, 3.0115, 2.5527, 1.5545, 1.2038]
[ 4.7909,-4.0489, 0.2911, 2.4044,-2.6854, 2.3698, 1.1563, 0.2406, 2.0571,-2.1832, 2.681 , 1.3222,-2.8008,-1.598 ,-1.2921, 1.4234, 2.2927, 0.6243, 1.7753,-2.98  ,-1.8853, 1.5312, 0.328 ]
[ 2.5727, 2.1956, 3.4959, 0.685 , 3.0277,-0.3886,-1.9984, 1.2404,-1.6333,-1.921 ,-2.4365, 3.0489,-2.2276,-1.6632, 1.8039, 1.2509, 1.4857, 1.4133,-0.5547, 1.6057,-2.0666, 1.6522,-0.5392]
[ 2.9978,-0.2053, 5.4679, 2.4886, 2.2357, 2.8335,-0.039 , 2.3925,-2.2319,-0.8022,-1.15  , 1.809 ,-1.8179,-1.4538, 0.0821,-0.2167,-2.6707, 0.7559, 2.52  ,-0.3527,-2.8301, 0.5723, 2.1779]
[ 4.7976e+00, 4.6999e+00, 5.5834e-01, 1.2021e+00, 1.8425e+00,-2.7624e+00,-3.6485e-03, 2.7334e+00,-1.0087e+00, 7.2235e-01,-1.0072e+00,-2.2670e+00, 5.8506e-01,-1.0436e+00,-2.4663e+00,-8.8695e-01, 2.5317e+00, 2.6507e+00, 8.9802e-01,-6.9150e-01,-1.5848e+00, 2.6096e+00, 4.5472e-01]
[ 4.6447, 3.1586,-1.3329,-1.2526,-2.6636,-0.0212, 0.5536, 2.5675, 2.4674, 2.7082, 2.3527,-0.9229,-0.6928, 2.0559, 1.518 ,-2.0516, 2.8566,-2.091 ,-0.0924, 1.2255,-1.9696, 2.1715,-0.7906]
[-3.3475,-0.2851, 0.8444, 0.8147, 2.9601, 2.6924, 1.0552, 0.4894,-2.6044,-0.3163,-1.5464,-2.9047, 1.4084, 3.0634, 0.6157,-2.8502, 0.8632, 1.3741,-2.0014, 0.3897,-0.0522,-2.5445, 0.8485]
[-4.6328,-1.4416,-0.5476,-0.673 ,-1.3995, 1.8879,-0.8328, 0.6188, 2.2852,-0.9136,-1.91  , 2.0673,-0.2875,-0.1645, 0.2435, 3.0541,-1.0416, 0.1935,-1.797 , 1.2678, 1.7982,-2.1051, 1.7412]
[-2.3425,-1.4209,-3.0897,-1.4986, 3.097 ,-2.5398,-1.761 ,-1.8187,-2.2005, 1.0463,-1.0048,-1.4725,-1.6283, 0.0099, 0.3256,-1.9365, 0.9048, 1.7769,-0.5249,-1.1273, 1.0516,-2.0611, 1.4866]
