[-0.568 ,-0.1463, 1.4535,-1.2923,-1.1042, 2.7875,-1.7272,-0.0478,-0.2184, 2.717 , 0.6017, 0.5182,-2.1003, 0.6822,-1.8209, 1.0091,-1.4996, 0.6544, 0.3194, 2.3166,-0.9284]
[-2.749 , 0.3547,-4.6791,-2.712 ,-3.0024, 2.9413,-1.0097, 2.9836,-0.4404,-0.5525, 2.7167,-1.7307, 0.6761, 0.709 ,-1.4239,-2.5028,-0.5886, 2.7832, 2.4672,-0.068 ,-1.8205]
[ 2.8379, 1.0484, 1.752 ,-1.9266,-0.1764,-1.804 , 0.3128, 1.6363, 0.5779, 1.9152, 2.5628, 2.7319, 1.0126, 2.0637,-2.9434, 0.8145, 1.8735,-2.3303, 2.725 , 1.5886, 2.1431]
[ 2.8725,-5.434 , 4.7118,-2.5683, 0.2692,-0.46  ,-0.7506, 0.0139, 1.1303, 0.4523, 1.0564,-1.5216,-1.8663,-2.1091, 1.6223, 2.5033,-3.0925, 0.6738,-0.4194,-1.2685, 1.4646]
[ 4.0517, 4.2543, 0.5632,-0.3049, 0.5518,-1.5174,-2.7012,-2.0929,-1.0233,-0.6282, 2.9867, 2.3799, 1.5879,-1.631 ,-1.9939, 2.5132, 0.5535,-2.7848,-0.6105, 0.896 , 0.0086]
[ 5.4306,-3.9334, 0.0857, 0.7624,-1.7859,-2.0792, 0.5907,-3.1108, 0.0494, 3.0841,-2.7583,-0.2028, 0.8655, 2.4417, 1.1571, 0.743 ,-1.2896, 2.527 , 1.493 ,-2.5271, 0.1438]
[ 3.366 ,-0.2112,-1.6938, 0.0075, 1.6427,-2.4391,-0.8017,-1.5028,-1.6162, 1.8277, 0.0353, 0.4252, 2.9439, 0.7226,-0.6938, 2.0593, 1.101 ,-2.055 ,-0.7456,-0.9887, 0.4379]
[-0.0882, 3.4063,-3.6262,-1.2984, 2.1201,-1.0446,-0.4677,-1.2359, 1.1575, 1.7838,-2.814 , 2.7603,-1.8364,-1.501 ,-0.7909,-2.7853,-0.6835, 2.3893, 0.7964,-3.0736, 3.1107]
[-1.6254,-4.8355, 3.7496,-1.9602, 0.6702,-1.7779, 2.605 , 1.06  ,-1.0954, 2.3292,-2.3628, 1.0467,-0.8967, 2.0596,-0.8969, 0.1159, 1.3636,-0.7738, 3.1399,-0.0793,-1.1352]
[-3.5724,-4.9174,-2.8887,-1.3931, 0.9012,-1.3723,-0.17  , 1.7765,-2.8727, 2.6525,-1.0293, 1.4659,-0.1532, 1.5526, 0.6855, 1.3528, 2.3168, 1.635 ,-1.3609, 0.3726,-0.8187]
[ 2.3492,-4.3737, 4.4656, 0.3643, 2.3392,-2.4277,-1.2809,-0.8554,-0.9361, 2.3766,-3.0996, 1.6927, 2.1295, 0.5255, 0.0161,-1.425 ,-2.3946,-1.4475,-1.2046, 2.3297,-2.8471]
[-2.5410e+00, 2.1527e+00,-3.1629e+00,-2.2008e+00, 1.2602e-01,-1.1674e+00, 3.1342e+00, 1.1416e+00, 1.9682e+00, 3.1236e+00,-7.4441e-01,-1.5577e+00,-1.0721e+00, 8.2281e-02,-2.2068e+00,-1.5490e+00, 1.0441e+00, 2.5401e+00, 1.6136e-03, 3.1045e+00, 2.0376e+00]
[ 2.5831,-0.4085,-4.9111,-1.0546,-3.1356, 2.8887,-1.6517, 0.1388,-2.9819, 0.1744, 0.5154,-0.3764, 2.2708, 1.6781, 0.2408,-0.7032,-1.0504, 1.1327, 1.016 ,-2.5258, 2.4871]
[-4.1631,-3.5576,-4.8212,-1.7747, 3.0703, 2.4772, 1.3095, 0.7382,-1.254 , 1.4108, 2.4467,-0.0835, 0.357 , 1.8928,-1.2539,-1.649 ,-1.2945, 1.9359,-2.6671,-1.1597,-1.2997]
[ 4.7656, 1.3519, 1.6358, 2.8156,-2.6172,-2.6271,-0.666 , 1.2978,-2.8176, 0.6434, 2.6629,-2.6101, 2.5305,-1.9731,-0.9488,-2.24  , 2.4398, 2.7728,-0.5372, 0.9428,-2.3603]
[-0.7288, 1.1045, 1.8097, 0.9611,-2.0968, 0.4481,-1.3203,-2.8406, 3.0729,-2.9328, 1.5228,-0.3489, 0.0066, 0.8026,-1.749 , 1.6757,-0.7598,-0.9904, 1.7805, 3.0045,-2.1975]
[-3.4765, 4.2899,-3.4858,-2.3   , 2.3468, 2.5523, 1.9897, 1.9996, 0.9352,-2.7922, 2.1397,-2.8971, 0.3966, 2.8261, 2.7197, 0.8688,-0.3299,-0.7472, 2.5167,-1.7058,-0.9276]
[-5.2756, 5.0779,-3.5611,-2.044 , 0.0987, 2.3551,-1.7319, 0.6372, 0.2502,-3.0513, 3.0233, 2.0825, 2.6694, 2.4024,-2.8814,-1.1705, 1.4486,-0.9082, 2.4948,-2.117 , 1.1453]
[ 1.3457,-2.3994, 3.6389,-1.55  ,-0.4425,-2.5232,-2.9063, 2.5459,-2.3798, 2.0951,-2.6289, 1.0128,-2.6699, 0.6314, 2.7362,-2.3833,-2.2019, 0.9564, 2.5188,-0.9267, 1.1253]
[-5.4362,-1.3658,-3.8668,-3.0246, 0.112 ,-1.9412,-2.1844,-1.7112, 0.8787,-2.6728,-0.1806,-0.7562,-0.6811, 1.4176,-2.9578, 1.0057,-2.2486,-0.3033, 1.1376,-0.2751,-1.8429]
[ 1.6546, 0.2053,-0.4698, 1.3236, 0.6842, 3.0172, 2.6763, 2.5073,-1.7883, 1.6229,-0.1942, 1.0681,-2.9383, 0.4182,-1.2456,-3.1088, 1.6425, 2.2016,-2.9284,-1.0199,-1.8675]
[-0.3536, 3.1737, 2.8382,-1.7426,-1.6378, 2.2651,-3.0626,-2.8836,-0.9343, 2.2123, 0.6996, 1.8145,-0.0719,-2.3098,-1.5529, 2.2552,-1.0254,-1.3918, 1.1548, 1.0556,-0.198 ]
[-0.0411,-4.1416, 0.5079, 2.5946, 0.6501, 2.94  , 1.1655, 2.7133,-2.7393,-2.7756,-0.7502, 0.6026,-1.173 , 0.8464,-2.3079, 0.687 , 1.1484,-1.2642, 1.7292, 2.8995, 2.605 ]
[ 4.3363,-4.5439,-1.4191,-2.289 ,-1.3803, 1.8295, 1.0988, 1.7778,-2.8167, 0.9719,-3.0245,-2.8073, 0.2663,-2.498 ,-2.4252,-2.2562, 1.1073, 1.2028,-2.156 ,-2.0699,-0.0605]
[ 2.8146, 5.1349, 3.0967, 1.5756, 0.3254, 1.9918,-1.7431, 0.6527, 2.2885, 1.5699, 2.9577, 2.1963,-0.1364, 1.2542,-1.6048,-0.2513, 0.1151,-2.0402,-2.7984,-1.7134,-0.1215]
[ 3.3166,-3.2755, 4.449 ,-1.8709,-0.2822,-1.924 ,-2.3192, 0.4099, 0.1589, 1.2391, 2.455 , 2.479 ,-2.1054, 2.9134, 2.6682, 0.1545, 1.7586,-0.9503, 2.1699, 2.1616,-0.6711]
[ 4.1214, 0.4564,-1.3547,-2.446 , 1.5411,-2.2061, 3.0302, 1.3119, 0.2874,-2.927 , 0.3569,-1.6425,-2.0419,-1.2127,-2.2078,-1.4551,-1.9611,-1.2296,-0.5579, 2.628 , 2.6478]
[-0.0518, 4.315 ,-3.9842,-0.7111,-0.7796, 0.5254,-2.08  ,-2.1733, 0.3434, 2.8456, 0.6428, 2.2961, 3.0324, 2.1685,-2.4505, 1.3522, 1.4612,-0.9869,-2.7212,-1.5463,-2.7404]
[ 1.4541, 0.2656,-5.4467, 2.5033,-2.4768, 1.6296,-2.5453,-0.5806,-2.8927, 0.3357,-2.9754,-1.1644, 0.8832, 2.3939,-0.8772, 0.4827,-3.1176,-0.2901,-1.7344,-0.9107, 1.2694]
[-4.2654,-1.6635, 5.2269,-0.9144,-3.0437, 2.0704,-0.1911, 0.6744, 1.3003, 0.8035, 0.2784, 3.0613,-0.6685,-0.7688,-1.5716, 1.2176,-1.6034,-1.3304,-1.1029,-2.15  , 1.6619]
[-0.9557,-0.393 , 0.5077, 0.4993,-2.9571,-1.459 , 1.4515, 3.1412, 0.9555,-2.3514,-0.9259,-2.0126,-1.1375, 0.1058, 2.6251,-0.4081,-0.7814,-0.8437, 1.8614, 3.1007, 0.9574]
[-2.1331, 4.7736,-3.5449,-0.9628,-2.9926, 1.282 , 0.3894,-2.4989, 2.6543, 0.7223,-2.9277,-1.8364, 0.6999, 2.9143, 1.9683,-0.8835, 0.9357, 1.8994, 1.6278,-1.4639, 0.1096]
[-5.2317,-2.3023,-0.2298,-0.3152,-0.019 ,-0.4207,-1.7057,-0.3107, 2.0552,-0.4453, 2.6194,-2.5467, 1.1236, 1.8621,-0.5857, 0.2434,-1.9003,-1.1961,-0.257 , 1.5282,-0.618 ]
[-3.2523,-1.9663, 5.4877, 1.7618, 0.8261, 0.4797,-0.7283, 2.0851, 1.4259, 2.5399,-1.4947,-1.9153, 3.059 , 0.8827, 3.0173,-0.0302,-0.3666,-2.1032,-3.1331,-0.7571, 0.2397]
[ 3.5754, 3.7483, 2.4275, 1.1033, 3.0106, 0.7125,-0.4282,-1.5858,-0.7704,-0.7666, 1.0327,-2.7454, 0.4196,-0.5752,-0.3643, 0.0624,-0.2339,-0.0833,-1.4082,-3.0374,-0.9259]
[-5.3779, 3.6159, 3.2121, 1.4507,-2.1136, 0.2058, 1.0544, 2.4723, 2.0158, 1.0647,-3.1203, 2.4774,-0.5369,-0.3113,-1.8095,-0.0915,-2.67  ,-1.8872,-2.3912,-2.6047,-3.0419]
[-4.1225, 1.6982,-1.7235,-0.1089, 1.5161,-2.4585, 2.1058, 0.1373,-2.183 , 1.0389,-2.2924,-0.6386,-2.124 , 2.8364, 0.7416,-2.3599, 2.0148,-1.455 , 0.4456,-1.2454, 2.9254]
[ 0.2773, 5.274 , 1.4612,-2.9452,-1.8416, 3.011 , 2.8769,-1.185 , 0.8433,-0.8735,-2.0365,-1.0121,-2.5773,-0.4924, 0.4899, 1.5366, 0.6238, 0.3455,-1.6458,-2.533 , 0.3447]
[-4.5154, 0.5409,-4.6036, 3.0654, 2.3833, 1.0076, 1.986 ,-0.0417, 0.2801, 0.6948,-1.2001,-2.1688, 0.1118,-0.5524, 1.9934,-2.7107, 1.1748, 0.5119, 0.4688,-0.7093,-2.3905]
[ 0.8506,-4.6728,-3.3006,-2.0871,-1.3052,-2.1521,-2.3041, 0.4857,-2.1685, 0.984 ,-0.1252,-0.4891, 2.2681,-1.5023, 0.5368, 0.7501,-1.079 ,-2.0136, 3.0712,-2.5869, 2.3635]
[ 3.7105,-2.0838, 3.2501, 0.4001,-0.6118,-0.8946, 0.996 ,-1.1153, 1.2121, 2.1709,-2.6933,-3.1308, 0.9772, 0.2867, 1.4737,-1.3919, 2.7989, 1.9735,-2.2489, 1.8556, 0.8141]
[ 0.4591, 1.8616, 2.1228, 2.9791,-0.0935, 2.2859, 2.0022,-2.7907, 1.7655, 0.0061, 2.4991, 3.0854, 0.2009, 1.7279, 2.5213, 1.2822, 1.0213, 1.8056, 2.8047,-0.4658, 0.2719]
[ 1.7122,-1.5197,-1.3408, 1.1547,-1.7123,-1.8808,-1.6665, 0.8621, 2.8879, 2.1402,-2.4148, 0.0037,-2.1599, 1.4993, 2.0676,-2.8976,-1.0156,-0.9429,-0.4187,-2.8362,-1.1208]
[ 1.9739,-0.0437, 2.4814, 1.2487,-1.9142,-2.514 ,-1.0707, 0.0897,-0.8451,-0.4119, 1.2014, 0.3818,-0.1304,-1.7507, 0.5448, 2.6569,-2.2657, 3.053 , 1.0585,-1.6598,-2.0371]
[-3.5756, 5.3385, 4.1723,-0.8381,-1.4779,-0.7854,-0.3583, 0.7496, 2.529 ,-2.1077,-2.8053, 0.54  ,-2.4087, 2.6943, 2.2388, 0.9926, 3.0606, 0.6619, 1.3799, 2.0565, 1.775 ]
[ 0.5767,-1.8096, 3.0504,-2.5942,-2.6872, 2.6985,-1.881 ,-2.8128,-2.3137,-2.2246, 1.1012, 2.1202, 1.8741,-2.4507,-2.9806,-1.6333, 1.7313,-1.6169,-3.0942, 1.0386,-2.0321]
[ 0.8209, 1.3584, 1.8688,-1.8839, 0.8561, 0.9857, 1.3954,-2.4218,-2.6781,-2.3722, 0.5238,-1.0509, 2.2044, 2.3506,-0.7923,-2.049 , 1.1546, 2.4867,-1.9762,-0.6803,-2.5351]
[ 4.3972,-3.031 , 1.2434,-2.6928, 1.5302, 0.3631,-0.8724,-0.7522,-2.2243,-2.6689, 2.7167,-2.5114, 2.6349, 0.925 ,-2.3849,-3.0656,-0.9099, 2.1603, 0.0329,-1.3697,-1.9966]
[ 3.5671,-1.9229, 5.4591, 2.8478,-1.2742, 2.2164,-2.664 ,-1.2017, 2.5065, 0.4802,-1.5181, 0.9106, 0.9535,-3.0012, 2.9091, 0.145 ,-0.3493, 2.4863, 1.8714,-0.6718, 2.8295]
[ 3.8026,-2.6905,-3.7339, 3.0971,-1.4812,-1.612 , 0.4991, 1.4197, 1.5404,-1.7734,-1.4633, 0.7764,-1.5192, 0.4892, 2.4857, 3.1178,-2.4995, 1.6504,-0.0683, 1.9905,-3.0193]
[ 2.2588,-2.4134, 1.7697, 1.6253,-3.016 ,-0.1478, 1.0906, 1.9539,-3.1018, 0.9269,-0.1226, 2.4814,-2.1453,-0.6634, 2.805 , 0.618 ,-0.6313, 2.6187, 1.0275, 1.9094,-0.1916]
[ 1.0389, 1.5898, 4.3726,-0.2635, 0.3547, 0.1011, 2.7221, 2.4258,-2.3449, 2.545 , 1.7636,-0.0938,-0.7185,-2.8128,-3.0858,-0.166 ,-0.9278,-2.5507, 1.7277,-1.4117,-1.7408]
[-2.2434, 0.2304,-4.8648,-2.4344,-2.4616,-1.1514, 2.1708,-2.7226, 0.0854,-1.8753, 2.1472,-2.8765,-1.2847,-2.3447,-2.528 ,-2.643 ,-0.2451,-1.704 , 1.3005,-0.4178,-1.2746]
[-3.0785,-0.2948,-3.1113,-2.875 ,-0.3894, 0.144 , 1.4382, 2.2547, 1.5612,-2.1882, 0.5373,-0.4804, 0.6775, 0.3038, 0.312 , 1.4882,-2.8683, 3.0055, 1.6785,-0.1202, 0.3167]
[ 3.9359, 4.383 ,-1.4754,-1.6842, 1.6794,-2.6429, 1.1248, 2.2112, 3.0914,-0.5931, 1.5585, 0.155 , 1.8114, 1.3041, 1.0647,-0.1891, 1.84  ,-0.6368, 0.7311,-0.4326, 1.5348]
[-4.2885,-1.0462, 2.8443,-0.415 , 2.7843, 2.3484, 0.7941, 1.9493,-2.8636, 2.0242,-1.8928, 0.4147, 3.0728,-2.4445, 1.773 ,-2.1426,-2.241 ,-0.765 , 2.2037,-1.1036,-1.9684]
[-3.452 ,-0.7095, 0.2363,-2.9548,-0.1762,-0.445 ,-1.7032,-1.236 ,-2.6961,-1.4374, 3.0921,-1.2018, 0.4479, 3.1185, 0.8799, 2.2618, 2.813 , 2.9248, 0.862 ,-1.1379,-2.0226]
[-1.4493,-5.356 , 2.4988, 3.0971, 2.7048, 0.5355,-1.1212,-1.755 , 1.6873,-1.3072,-0.2048,-0.0367,-1.9654, 1.6899,-2.8737,-0.736 ,-2.6683, 2.6258,-2.4156,-1.0302,-2.5311]
[ 4.4577,-5.4639,-1.3912,-0.6881,-2.1866, 0.645 ,-0.1562, 2.0111,-1.7181,-0.7194, 0.9716, 2.6628,-1.8699,-0.7134, 1.732 ,-0.5251, 1.2892,-1.9887, 0.512 , 0.5876, 0.1867]
[ 3.5565,-3.8006,-0.3176, 1.0569, 0.3281,-2.3791,-1.5827,-1.3104,-1.5152,-1.0543,-1.3688, 2.7582, 0.91  ,-1.9512,-1.0045,-0.8272,-0.6716, 1.6231, 1.7563, 2.8172,-0.4165]
[-3.8572,-4.2462, 0.1412, 2.2824,-0.331 ,-2.5151,-2.023 , 1.2869,-2.2142, 0.5793, 1.0727,-1.8263, 0.3066,-2.5848, 3.0453,-0.5505, 0.674 , 2.3982, 1.148 , 1.2249,-0.8667]
[ 0.5876,-1.4439, 0.1063,-1.6943,-0.0461, 1.7786,-2.366 ,-1.127 , 0.4819,-0.5138, 0.3729, 1.151 , 1.5452, 1.8407, 0.5982, 2.1216,-3.1212, 1.555 ,-2.2976,-3.0958,-0.5761]
[-2.6923, 2.7406, 0.1256,-0.6011, 0.9755,-0.8226, 0.7556,-1.4939,-1.4918,-2.1265,-0.6831,-2.9984, 1.2636,-2.0358,-2.5337, 0.0415,-0.901 , 2.6301, 0.9237,-0.9325,-2.0547]
[-2.1075, 0.919 ,-3.3094,-2.3109, 1.1717,-0.0439,-1.1154, 0.5946,-1.6336,-0.8262,-2.7081, 2.537 ,-1.7474, 0.2444,-1.0379, 1.4752, 1.0066, 1.4268,-1.5171, 2.4686,-0.5725]
[ 3.175 ,-2.8813,-1.956 , 2.1909,-2.9968,-0.5884, 2.1411, 2.1116, 3.0831, 1.7313,-1.8389, 1.0339,-0.2027,-0.5777, 2.6679, 0.7688,-2.7693, 2.0392, 2.0118, 1.1575,-1.6694]
[-1.5412, 2.0357, 0.1557,-0.6072,-2.4101, 2.4768,-2.6855,-0.0105, 2.9754,-0.4023, 2.0067, 0.7557,-0.8592, 2.3937,-1.6757,-0.4036, 2.8774,-0.3745,-0.892 ,-2.9166, 2.2013]
[-3.0284e+00, 4.5256e+00, 4.9042e+00,-1.5742e+00,-8.1597e-03, 6.4374e-01,-3.0814e+00, 2.2933e+00,-2.9993e+00,-4.6903e-01, 2.0047e+00, 3.9567e-03,-2.8314e+00,-1.9832e+00, 2.3653e+00,-2.6971e+00,-6.8340e-02, 1.5888e-01,-2.0932e-01, 6.5777e-02,-7.0759e-01]
[ 3.6165, 4.5402,-1.1216, 1.5513, 0.6092, 1.3946,-2.8408,-1.8107, 1.4866,-2.7914,-2.4836,-1.3267,-0.5148, 1.8066,-2.7606,-1.8557,-0.9024,-2.5943,-1.4693, 2.6014,-3.0425]
[-3.5853,-0.6092, 1.5618, 1.8828,-1.8528, 2.5099,-2.1881, 1.5224, 0.5241,-1.6784,-0.6208, 1.4344, 0.2307,-1.9105,-0.7297,-2.4393, 0.3534, 0.9084,-1.8934,-2.9773, 0.9615]
[ 0.0932, 2.219 , 1.7444,-1.8579, 0.8698, 2.3462,-1.7148,-3.0727, 2.2073,-1.8182, 2.7553,-2.2371, 2.9176,-2.9804, 0.876 , 0.6048,-0.7801,-0.3392,-1.7321,-2.7481,-2.9931]
[-5.0655,-2.1698,-4.5448,-2.7808, 1.5676,-0.6291,-2.4895, 1.8205,-1.9457, 1.4301,-0.3806, 0.4525, 0.7205,-0.0244,-1.7006, 2.0645, 2.127 ,-0.0934, 2.6435, 0.273 ,-0.9249]
[-5.3489,-3.789 , 0.0124,-2.0459,-0.3138, 3.0072,-2.551 ,-2.211 , 2.7597, 2.0829,-1.8426,-3.004 , 1.0524,-1.3554,-2.4247, 3.1039,-2.4128,-2.4465,-0.7668,-2.7963,-0.1225]
[-0.3094,-0.4836, 4.4153,-0.9982, 0.1816, 0.67  ,-0.6328, 2.2893, 2.7088, 2.4148, 1.2587, 0.5499,-2.396 ,-1.0916,-0.4842, 0.8875, 0.1822,-1.3325, 0.4204,-2.5105,-2.1719]
[ 0.9016, 2.062 ,-3.9514, 1.517 , 1.8937, 1.9301, 2.4624,-2.2498, 2.0201,-0.072 ,-1.2927, 2.2324,-3.0119, 2.3039,-1.0434, 2.8841,-2.5586, 0.0675, 1.2409,-2.722 ,-2.7413]
[ 3.6278,-3.474 ,-3.0697, 1.2161, 0.5526,-0.5106, 0.3685, 2.4443,-0.4418,-0.7976, 1.771 ,-0.6567,-1.0463,-0.0911,-2.3654,-0.4372, 2.219 ,-1.5598, 1.3653, 0.638 , 0.5408]
[ 2.8795,-4.2548, 5.3317, 0.8831, 0.7537, 2.6497, 0.8404, 0.1463,-2.162 ,-0.3062, 2.6577,-2.6188, 1.9974, 3.1139, 1.6779, 2.1002, 1.6001, 2.9402, 2.6496,-2.8693, 2.6855]
[-5.0478,-0.8019,-4.7319,-0.594 ,-2.7551,-0.5108,-0.2082, 2.4998,-2.7197, 0.4107, 1.939 ,-0.68  , 1.5896, 0.0823,-1.9738,-0.5525,-2.1871,-1.4696, 0.5724,-0.5322, 2.2849]
[ 3.1731,-2.2223, 0.5752, 2.0608,-1.6636, 0.8928, 1.5792, 0.3527,-1.0376, 0.4886, 0.0144, 1.7569,-0.5711,-1.6113, 0.4286, 1.9569, 2.6154,-0.8979, 2.0674,-0.1602, 0.8104]
[ 1.7671,-2.088 ,-0.1102, 0.7589,-2.6086, 0.9771, 2.2439,-1.5526,-1.2509,-0.4871, 1.2334,-0.1258,-0.3949,-0.1587,-2.121 ,-1.0552, 0.5548, 1.8459, 0.567 , 2.2907, 1.4107]
[-0.8314, 5.1066, 4.6454,-2.8224, 3.0075,-2.3129,-1.7543,-1.0677,-1.2713,-0.6464, 0.2814, 1.2054,-2.6364,-1.8836,-2.5917,-1.9028, 0.1522,-1.7754, 0.741 ,-0.1257,-0.1955]
[ 0.6361,-2.2459, 4.4602, 3.056 , 0.9797, 0.5053,-1.7017,-1.8338,-2.1303, 2.7686,-2.2574,-2.5043, 2.0451,-1.6034,-1.6891, 0.0363,-1.4464,-0.8058, 1.8011, 1.1981, 1.9724]
[-2.3071, 2.4522, 4.6423,-0.6605,-1.0765, 1.1741, 2.5425, 0.241 ,-0.7341, 0.6414, 3.0522,-1.0464, 2.2321, 2.9492, 2.7243, 1.3113,-1.0208,-3.1109, 0.612 ,-1.7728, 0.8894]
[ 0.6619,-2.0818, 5.2066, 1.283 , 1.4584,-0.4067, 1.4698, 1.8327,-0.0857, 2.6034,-1.8569,-1.8022, 1.6007, 1.9636,-2.6048,-1.8286,-1.4159, 2.4254, 1.2276,-1.2745, 1.5551]
[ 4.7578,-2.2472, 3.0626,-1.445 , 1.1629, 0.3708,-1.7132, 0.368 ,-2.1262,-0.0964, 1.4476,-0.7138, 0.4813, 2.8166,-2.202 ,-0.9684, 2.3313,-0.8347,-2.0281, 0.6307, 2.7863]
[-0.656 , 3.1419,-3.3188,-2.0772, 1.8586, 0.7571, 0.1376, 0.8094,-2.5119,-2.9759, 1.5356, 2.6096, 0.827 ,-0.7561,-1.3054, 2.2572,-1.7853,-1.3057, 0.8388, 2.569 , 0.4262]
[-1.9492, 3.0248, 0.0104, 1.8346, 0.075 , 1.9674, 2.8033,-2.8614, 2.3027, 2.7859,-2.0789, 2.6232,-2.6614, 0.1536, 1.9718, 2.81  ,-0.4862,-0.1813,-2.9205,-1.5349, 0.6595]
[-1.1576, 2.1021,-5.3997,-2.1023,-2.1539, 1.6701, 1.5234,-0.7119,-0.9065,-2.3164,-2.6528, 2.5322, 2.2551, 0.7965, 0.0125, 2.108 , 1.7368, 0.4303,-1.6405, 1.4298,-2.5701]
[ 2.0102e+00,-5.4993e+00, 2.3420e+00,-8.4743e-01, 5.8399e-01, 2.6956e+00, 2.1674e+00, 1.7843e+00,-2.1664e+00,-2.4690e+00, 2.9203e+00, 1.1062e+00, 5.1923e-01, 1.7297e+00,-2.1397e+00, 2.2976e+00, 1.0091e+00, 5.2200e-03,-1.4928e+00, 2.9258e+00,-1.0418e+00]
[ 0.1939,-0.6143,-0.4334,-0.6662,-2.2823,-0.5662, 2.0962,-1.8628,-2.7227, 2.5146, 1.4659, 0.9668,-1.5762,-1.9493, 2.7519, 2.2312, 2.2062,-0.9884, 2.0701,-1.3778, 1.7787]
[-4.4249, 1.7027, 4.5243,-1.4913, 0.442 , 1.7089,-3.0896,-2.2727, 2.1504,-2.436 ,-0.5529, 1.8982, 1.0332,-1.7115, 0.7955,-0.4451,-0.8749, 2.0487,-2.121 , 0.9616,-3.0526]
[ 5.2577,-3.5913, 3.3638,-2.8266, 2.7628,-1.6145, 2.5415,-1.1966, 1.0399, 1.6425, 1.8074, 2.1997, 2.7648,-1.2032,-2.6283,-0.1887,-0.228 ,-0.967 , 2.3381,-1.3195, 1.7172]
[ 4.0819, 4.6956, 4.8311, 0.9063, 3.0926,-0.9944,-1.0356,-3.0697,-2.1074, 0.5232,-1.679 , 2.5446, 0.3356,-2.285 , 2.3986, 1.5456,-2.1374,-2.6497,-0.9827, 2.5754, 0.6721]
[ 3.7851, 0.9347,-2.5388,-0.6722,-0.8428, 2.6532, 0.1038,-2.1941, 1.5113, 0.9725, 1.1484,-2.3477,-1.5862,-1.151 , 0.718 ,-0.8134, 0.5946,-1.8831,-2.9784, 1.4048,-2.2086]
[ 0.5928, 2.8485, 2.6713,-1.1109,-0.6432,-2.7343,-0.0418,-0.8372,-1.4173,-2.9957,-2.5503, 0.2099,-1.1293, 2.5346,-0.4633,-2.4266,-0.8474,-0.3344,-2.4127, 0.9048, 0.7963]
[ 2.8126, 3.5551, 0.2923,-2.4325,-1.5228,-0.669 , 3.0413,-0.3953,-1.3877,-2.2231,-2.9182,-2.5996, 2.0604, 0.7156,-1.6698,-0.6505, 0.3268, 0.3856, 0.2689,-1.888 , 1.5448]
[-4.7325,-4.4516, 1.1271, 2.3022,-1.1752, 2.1016, 2.6048,-0.1642,-2.1657,-2.0778,-1.5692,-1.9476,-0.284 , 0.7376, 0.6424, 0.2239,-1.0826,-0.3134,-2.3741, 0.8828,-0.0893]
[-1.9488, 4.4061,-2.4742,-2.9167,-2.0164,-0.6746, 1.4073,-0.1511, 3.029 ,-2.0336,-1.829 ,-0.029 , 0.767 , 0.9776, 3.1302,-2.7328, 0.9379, 2.6172, 2.8659,-2.5356,-2.736 ]
[ 4.1984, 4.1002, 0.8815,-2.9523,-2.2855, 1.5746,-1.753 ,-0.0186,-2.507 ,-2.122 , 1.8454, 1.4325, 0.7559, 1.6235,-1.2408,-0.9335, 0.2738,-1.3284, 0.4724, 0.542 , 2.5494]
[-4.7391, 1.7988,-0.7309, 1.0961, 2.2269, 2.9112,-2.1121, 0.6084,-0.0105,-1.0622, 1.7086,-0.4254, 2.3345,-0.1086,-1.6637,-2.9431, 1.7736, 3.1397, 2.8422, 0.9585,-2.9056]
[-4.1263,-1.9554, 4.6412,-0.1238,-1.04  ,-0.0956,-0.2943, 1.3423, 0.4066, 0.1487, 2.3908,-0.5217,-1.8514,-2.1032, 2.0792,-0.1677,-0.8161, 1.7453,-2.2165,-0.6581, 0.7366]
