[ 3.3812, 4.6062,-3.8672, 2.0318,-2.5624, 1.2974,-2.6925, 0.3245,-0.1574, 0.9322, 1.1164,-2.958 , 2.5464, 0.7039, 2.4764, 0.2649,-2.8027, 2.4984]
[ 1.6727, 3.7874, 0.689 ,-1.5411, 0.1954,-1.904 , 0.7925,-2.7725, 1.6212, 1.7574, 1.6175, 2.3845,-1.9353,-2.9067,-1.076 , 2.9616, 2.2471, 2.1988]
[-3.6893,-4.7545,-4.6621, 0.4605, 1.8698,-1.7657, 2.4186,-1.5118,-0.8907,-1.1856,-0.797 ,-0.9159,-1.3395, 0.1035,-1.031 , 1.8519,-1.0988, 2.7476]
[-5.0653,-0.3738,-0.364 ,-2.1399, 2.1548,-3.0275,-0.5948, 0.3073, 0.2567, 2.8321, 1.808 ,-1.3507, 0.619 , 2.1856,-2.0964, 2.5423,-3.0997, 1.0378]
[ 2.4975, 2.5601, 5.1206, 1.967 , 3.0909,-1.7579, 0.6715,-1.5651, 2.9447,-2.6799, 0.3634, 1.3064, 3.1261,-0.9914,-1.0308,-0.6322,-0.7264, 0.4451]
[ 4.889 ,-0.1542,-3.672 ,-1.8241,-1.1993,-0.9374,-3.1325,-1.1351, 1.2382, 0.246 , 1.7171, 0.6313,-2.7242, 2.3522, 1.625 ,-1.4514,-2.2147, 0.4169]
[ 4.4123,-4.1733, 1.4935, 2.5193, 0.7557,-2.4387,-2.7964, 0.1552, 2.1495, 1.8237,-2.7701,-0.2548,-2.4586,-0.5161, 1.6807, 3.0123, 0.9327, 1.7124]
[-3.6482,-4.6809,-4.3626,-2.2944, 0.2326, 0.2463,-1.9314,-0.6809,-3.0292,-0.6201,-1.904 ,-2.0898,-2.5465, 2.5365,-1.0493, 2.054 , 1.2859, 0.5701]
[ 5.3781, 4.1592, 4.2614,-1.8994,-1.4965, 0.1699,-2.9114, 0.4207, 1.4274,-2.9953,-1.1161,-1.4681, 0.527 , 2.6596,-3.0867,-1.0927, 2.9308, 0.9495]
[-0.0457,-3.4281,-5.2006,-0.5452, 1.576 ,-0.3128, 0.3362, 0.4957, 1.7139,-0.4696,-1.3679, 1.4314,-1.538 , 0.1489,-1.3227,-1.5334,-1.4945, 2.0491]
[-1.9332,-0.5864,-0.0357,-1.5591, 2.6823, 2.7558,-0.578 ,-1.4378, 2.7182,-0.1666,-2.8544, 2.4536, 2.604 , 0.1782, 1.9446, 0.0755,-2.8774, 3.0955]
[ 1.2063,-1.9334,-4.4498,-1.1968,-2.4101, 1.6822,-2.578 , 1.573 , 0.2048, 0.4098,-1.0216, 2.3352,-0.1112,-2.0525,-0.304 ,-2.0705,-3.0879, 0.0997]
[ 2.1702,-4.9531,-1.2542, 2.8211, 2.8751,-1.7706, 0.0376,-1.8199, 2.1214, 0.6961, 0.4541, 1.3379, 1.5618,-0.2377,-2.4075,-1.1317,-2.4243, 0.0963]
[ 0.8958,-0.8919, 0.2023, 1.8408,-0.7358,-2.138 ,-1.5874, 2.6206, 1.1986, 1.2254, 2.7898, 1.2579, 2.371 , 2.155 ,-0.1855,-0.8077,-2.6198, 2.3544]
[ 5.0181,-3.8944, 1.5675, 1.8051, 2.3879,-2.2746, 0.8216,-0.5769, 0.7229, 2.9489, 2.6061,-0.3962, 1.027 , 0.0073,-0.5696,-0.3732,-2.6852,-0.7333]
[-3.3943,-1.4612,-0.9633, 0.3508, 2.8342, 1.9816,-0.4806,-0.1412,-0.6596,-1.3632, 1.4592,-1.1488, 2.9035,-3.1064,-0.3364,-0.6802,-2.1681, 0.8825]
[ 2.7116,-4.2091,-2.7629,-1.179 ,-0.1741, 2.5693, 2.407 ,-0.098 , 0.4528, 2.0333, 2.4841, 1.1037, 0.4186,-3.1174, 1.4963, 1.8568, 2.0421, 0.5863]
[ 1.0079, 4.2806,-0.2525, 0.828 , 2.4601,-0.8847, 2.2202,-2.5788, 1.8895, 2.6652,-1.1321, 1.4611,-1.7734,-3.0618,-2.5371, 3.0165, 2.8304,-0.5573]
[ 4.4217e+00,-3.9859e+00, 4.1436e-01,-1.5112e+00,-1.0737e+00,-1.6322e+00,-1.6994e+00,-1.6851e-02, 2.0223e+00, 2.6226e+00,-3.0408e+00, 1.6913e+00,-2.7502e+00, 1.9029e+00,-1.0006e+00, 8.1368e-04, 1.0675e+00,-1.0119e+00]
[-1.2166, 4.6733,-1.2974, 1.7716,-2.844 ,-1.3271, 1.6521,-3.0716, 2.7608, 0.2652,-1.8148,-2.9681,-0.6077,-2.0444, 1.1576, 2.0294, 0.1237,-1.1461]
[ 0.9124, 0.6694,-4.6885, 1.9637,-2.4777, 1.5346, 2.5992,-2.6148,-1.0086, 1.0083, 1.0798, 0.4149, 0.5685,-2.5062,-1.718 ,-0.3684, 0.5112,-1.2265]
[ 4.5857, 3.3592,-0.6341, 2.8757, 1.9469, 2.9411, 1.4767, 0.7159, 2.8008,-2.8319, 0.4728,-0.3858, 1.367 ,-0.6622,-1.2981,-1.7382, 2.9584, 0.6717]
[-4.7653, 0.4227,-5.0784, 1.1238, 0.1695,-0.656 ,-0.6415,-1.8213,-0.2435, 0.7583, 0.6576, 1.5527, 1.7517,-0.9652, 0.2863,-1.0643, 0.0569,-0.7049]
[ 4.5657, 1.925 , 4.5532, 3.0723, 0.604 , 1.9879,-1.5018, 0.0427, 1.0038, 0.3863, 1.9382, 2.6718, 2.4668, 0.8226,-1.1186, 2.911 ,-2.5662, 1.949 ]
[-1.526 , 4.8085,-1.4168, 2.2781, 2.6708,-2.293 ,-2.5883,-0.2851,-0.0156, 0.2616,-1.7881,-1.9497, 0.945 , 1.086 ,-1.1929, 0.1389, 0.5231,-2.2318]
[ 1.9296, 0.3651,-1.485 ,-0.3749, 0.2667, 2.4751, 2.0079,-1.0829,-2.4319,-2.1301,-2.0835, 2.238 ,-2.9164,-0.7334,-0.5873, 0.7052,-0.2692,-0.9246]
[-2.7292,-4.5791,-2.9306, 0.817 ,-0.2198, 0.2761, 2.6333,-0.739 ,-2.8279, 2.8553, 2.7636,-2.2616, 1.9911, 0.4036, 0.575 ,-0.1505,-2.8261,-3.1065]
[-5.449 , 2.4599,-5.4748,-1.0542, 2.2113, 0.8716,-0.1499, 0.8168,-2.7218, 1.6467,-2.0611,-0.8449,-2.2284, 1.5733, 0.0523,-1.1996, 2.8256,-1.2964]
[ 1.9577, 3.6272, 2.7457,-2.3909, 0.3509, 1.0514, 2.7837,-2.838 ,-2.7803, 1.4946,-2.3238, 1.2917, 0.0289,-0.2674, 2.0985,-1.3504,-2.6194, 2.9236]
[-3.8985, 0.4453,-2.765 ,-2.7008,-2.8826,-2.507 ,-1.3259,-1.4764, 2.7109, 2.8802, 2.6723,-2.9229, 2.4119,-1.1763, 3.0557, 2.1419, 2.9897, 1.7881]
[-0.1706, 4.2876, 1.6341, 3.0856,-0.1383, 0.1192,-1.3577,-1.3181,-1.1932, 2.4596, 2.7945, 2.5657, 0.1351, 1.5932,-0.1962,-0.7747,-0.1651, 1.4394]
[-0.5442, 1.3218, 5.002 ,-1.1068,-0.6038,-0.9236,-2.9739,-2.0774, 2.2253,-2.2039,-1.0894,-0.3194, 0.9627, 0.9266,-2.1875,-2.6906,-2.1946, 2.8943]
[ 2.2329, 2.2779, 4.0335,-0.0291, 0.019 , 2.4487, 1.2732, 1.1477, 0.532 ,-2.7018,-1.7336, 1.6737,-1.9389,-0.1616,-3.1002, 2.6533,-0.4851, 2.0118]
[-0.5964, 2.332 ,-2.0148,-1.9502,-1.7332, 2.3216,-0.5274,-1.0637,-0.103 , 1.9275, 0.6969,-2.4366,-2.4322, 1.2475, 0.9732, 0.8059, 1.5538,-1.9012]
[-1.2836,-3.2648,-4.8314,-0.2761,-2.6517, 2.0632,-0.1661, 1.0577, 0.2892, 0.5987,-2.4026, 0.3626, 1.6866, 0.4301, 0.7029, 2.208 , 2.5517,-0.6506]
[ 0.855 , 0.2702, 2.4319, 0.1875, 2.2128,-0.392 ,-0.7676,-2.7057, 1.4165,-1.3129,-2.296 , 1.9409,-0.014 ,-1.3686,-0.0396,-2.5006,-0.4457,-1.0446]
[-1.4222,-2.5696, 1.2932, 0.1085, 2.5306,-2.4498,-0.5001,-2.2242, 3.1408,-0.1221,-2.1967,-1.1111, 2.6054, 2.636 , 2.8325, 2.9633,-0.6534, 2.1856]
[ 3.5826,-2.6834, 3.7382, 3.0091, 1.2003,-0.3311, 0.2023, 1.6102,-1.2862, 2.0298,-0.1176,-0.3231,-1.7924, 3.1086, 1.9475, 2.6535, 1.4799, 0.8675]
[-2.1499, 0.6234, 0.768 , 1.2548,-1.3872, 1.9242, 0.9693, 3.0282,-1.2916,-0.1138,-1.52  , 0.7074, 2.6153, 0.8499,-3.128 ,-0.5204,-0.0372, 2.8769]
[ 4.3413,-1.1366,-1.4713, 2.1412, 1.8121,-0.2194, 0.2254, 2.1294, 1.1447,-0.6181,-2.422 , 1.6438,-2.466 , 0.9729, 0.5996,-0.921 ,-0.2694,-0.7039]
[-3.5237,-0.1084,-4.8211,-1.6224,-1.2809, 1.1567, 0.5885, 1.6383, 2.9632, 2.7786, 2.0789, 2.5233,-0.0218, 1.3634, 1.1673, 1.8967, 2.5037,-1.9945]
[-5.3919,-3.4979, 1.1139, 1.6922,-0.7155,-2.9309, 2.0966, 3.1386, 1.2852,-1.4153, 0.8546, 1.0257, 1.5396, 1.3363, 2.5644,-2.0766,-1.9673,-0.1032]
[ 0.8936,-1.1044, 4.2346,-2.2118,-3.0736,-2.4247, 2.3222,-3.0087,-1.6909,-0.6938, 0.3587,-1.1591,-1.183 ,-2.5457,-2.4235, 3.0026, 1.7364,-0.1717]
[ 2.5032,-2.8524, 2.6551, 2.961 ,-0.4006,-2.4917, 2.8003,-1.6226,-2.814 ,-2.7869,-0.6561,-0.1051, 2.3157, 0.1542,-1.5138,-2.7202,-2.1917,-0.5392]
[ 4.5417,-3.3358, 3.5562,-0.3104,-1.926 , 0.2585,-1.6821, 0.1492, 1.1194, 1.6982,-2.8515, 0.923 ,-2.6857,-1.8993,-0.7988, 0.8208,-0.1962,-2.9313]
[ 0.7081,-3.8682,-4.0455,-1.9699,-2.1746,-1.5683, 3.0166, 1.217 , 1.0307,-1.2278,-0.4945,-0.3632,-0.492 , 1.8297, 1.2624, 0.9984, 3.0581,-3.0602]
[ 0.2532,-0.4531, 4.4523, 2.173 ,-0.0536, 1.5209,-1.6909,-2.7255,-2.3459, 2.6943,-2.2661,-1.662 , 2.1418, 2.3975, 1.3524,-1.9701, 1.8966,-1.8339]
[-2.4707, 4.1036, 1.3848,-0.364 ,-1.4847, 1.392 , 0.0301,-0.1095, 0.4151,-2.8426,-1.3371, 1.5832,-2.7412,-0.9179, 0.9789, 1.6111, 1.5882, 0.5917]
[-3.651 , 0.4196,-0.7842, 0.123 ,-0.0906,-0.8881,-0.4541, 0.8225,-1.3693,-2.8504,-1.8421,-3.0924,-0.2144, 2.6604, 0.2602,-0.5157, 2.0008, 0.14  ]
[-3.6929,-2.9991,-4.3414,-1.6663,-0.2379,-1.2521,-0.1433, 0.5736,-0.8797,-2.6492,-1.3654,-1.8411,-2.6161,-0.1547, 2.6863, 2.104 , 2.5674, 1.9027]
[-0.4066, 0.1445,-2.1634,-1.7048, 2.877 , 2.0343, 1.1896, 0.5849, 0.7999, 0.9028, 0.9003, 3.1181,-0.5173, 2.3852,-0.5921,-2.066 ,-0.7948, 2.9531]
[ 1.0525,-2.4006,-1.5097, 2.1684, 1.5858, 1.4277,-1.3768,-0.5892,-0.4349,-0.5339, 0.296 ,-2.7479, 2.776 , 2.3995,-2.1994,-0.707 , 2.6162, 0.3653]
[-1.0986, 3.8889, 0.2803, 1.6026,-2.9932,-1.7818,-1.289 ,-1.7572, 2.0062,-2.8286,-0.9456, 2.1827, 1.8386, 0.6693, 1.3331, 1.1191,-2.8165, 0.9306]
[ 3.4639, 1.9927,-4.455 , 1.7296,-0.0163,-0.4547, 0.8937,-2.6785,-0.6762, 0.7701,-1.1524, 0.5185, 2.326 , 0.1415,-1.2043, 0.335 , 0.3124,-1.4965]
[-5.156 ,-1.1746,-1.4545, 1.2681,-1.547 ,-0.8559, 2.0034, 0.6136,-3.0632,-0.9181,-2.2187, 1.1248, 1.8192, 1.1258, 0.7782,-2.0351,-0.07  ,-2.4779]
[ 2.9346, 2.0438,-3.0983, 0.307 ,-3.0893,-1.4246, 1.2722, 1.1788,-0.3957,-2.3475,-1.9841, 2.9251,-2.9125,-2.3631, 0.5125,-1.5228,-1.1842,-1.8434]
[ 2.8245,-3.9171,-3.4489, 0.4617,-2.8059,-1.5467,-1.7114,-2.9546,-1.9615,-0.154 ,-1.2514,-0.6217, 2.4226, 0.1989,-1.5614, 0.7323,-1.2215, 2.776 ]
[-4.432 ,-5.1846,-5.169 ,-0.0291,-0.236 , 2.1914,-0.8149,-0.2081, 1.1333,-1.8166, 0.947 , 3.1284, 0.6287,-2.2884,-0.2179, 0.8442,-1.017 , 1.8697]
[ 4.2367, 2.1089, 2.1225,-1.9143,-1.5425, 2.6178,-1.4711,-0.1639, 2.5005,-1.1464, 2.9233,-1.0365,-3.018 ,-1.4515,-0.2891,-0.6635, 2.1787, 2.8232]
[-3.8221,-5.3407,-0.2937,-2.7695, 2.0372, 3.111 ,-2.3024,-1.2227, 2.2573, 2.8395,-1.9578,-0.9865, 2.5486,-2.5774,-1.2112, 0.4056,-2.5303,-1.5003]
[-9.6036e-01,-1.9417e+00, 2.4373e+00,-2.7954e+00,-2.7140e+00, 1.8616e-03,-3.1961e-01,-2.1730e+00, 4.4269e-01,-1.3568e-01,-1.3268e-01, 1.1203e+00, 2.2135e+00, 2.4819e+00,-2.0575e+00, 2.2302e+00, 6.4337e-01, 2.4596e+00]
[ 5.2163, 1.8461, 0.1171, 0.9615, 0.0734,-0.8597,-2.6698, 2.0995, 3.0594,-2.4667, 1.6652,-0.5579, 1.5661,-1.4783,-2.9514, 2.4637,-0.2332, 0.2383]
[-1.8362, 5.2765,-4.0168,-1.9274, 3.1334, 1.8203,-1.0582, 1.7842, 1.1863,-2.113 ,-2.5689, 2.6583,-2.4416, 0.7047, 1.5526,-0.4679, 2.247 ,-2.9176]
[ 5.0915,-5.0901, 2.7148,-3.0074,-2.9654,-1.0405, 1.6963, 2.6039,-1.8485, 0.1565,-1.0064,-0.1614,-1.1987,-1.5047, 1.8216, 1.2057, 1.8878,-2.4769]
[ 5.0681,-2.8796,-2.0982,-1.8005,-0.1917,-0.9613, 0.9928, 2.7756, 2.2524, 0.5202, 0.125 ,-1.2602, 1.9916,-2.5632,-2.0882,-2.407 ,-0.575 ,-1.1683]
[ 0.2556, 2.8015, 1.7508, 2.8061, 1.5718,-0.7832,-0.8085, 3.1252,-0.4443,-1.2947,-1.2851, 2.7016, 1.7905, 0.2066,-0.0664, 2.9858, 2.4896,-0.115 ]
[ 4.5697,-3.8945,-4.6406,-1.8737, 2.2486, 1.0612,-1.1452, 1.4837, 2.9388,-2.9079,-2.1469, 2.014 ,-0.3835, 0.3356, 0.119 ,-1.5625, 3.1096, 2.6272]
[-1.5491,-2.4513, 0.6542, 0.6804, 0.8416,-2.7759, 1.2537,-2.0017, 1.0718,-1.2031, 0.0856, 2.2009,-1.6525, 0.7984, 1.2103, 1.3184,-0.7741,-1.624 ]
[ 1.3191, 0.05  , 1.3939, 2.5422,-0.8907, 2.5256, 1.9305,-2.024 ,-2.2794,-2.1419,-1.3038, 0.8076,-1.7368, 2.44  , 0.8947, 2.9328,-0.9621, 0.0075]
[-1.1906, 5.2285, 0.1313, 1.9054, 0.9306, 2.4935, 3.036 , 1.0275,-1.7563,-1.8511, 0.7148, 0.7565,-1.343 ,-2.7022,-2.1515,-0.0714,-2.6799, 0.9903]
[-4.065 , 0.3176,-5.2337,-2.1645,-2.6933, 0.6725,-0.9841, 2.4648,-3.0429,-1.4693, 2.4786,-3.0007,-0.4651, 0.3527,-2.9934, 1.8225,-1.371 , 2.5877]
[ 5.2648, 0.7296, 5.0523,-0.1915, 1.6516,-0.8553, 2.5351, 0.6559, 3.095 , 1.992 , 0.4943, 2.7746,-0.6639, 0.5847, 0.6062,-0.6756,-0.3124,-0.0384]
[ 5.1911, 1.4511,-2.3397, 0.2693,-2.4131, 2.4093,-2.7807,-1.109 ,-0.3139,-0.8755,-1.9406,-0.5088,-0.9267,-0.1173,-1.8323,-1.1503,-1.8361, 0.6091]
[ 1.6506, 3.0969, 5.4431,-0.8134,-1.1577, 0.7759, 0.5721,-0.5569,-2.4754,-1.1476, 1.0732, 2.157 , 0.7768,-0.508 ,-0.7074,-0.4718, 1.6892, 2.3684]
[ 1.4455, 5.229 ,-2.0101,-1.7326,-2.8399,-0.5417, 1.6399,-1.7974,-1.4601, 0.7819,-2.6974,-0.2917, 1.0454,-0.2668, 2.6965, 1.619 , 2.6259, 0.368 ]
[-2.6099,-2.1063, 0.8291,-0.3389,-0.2662,-2.5574,-0.8214, 1.7972,-0.9228,-1.6607, 2.725 ,-0.8856,-1.6844,-0.2613,-0.5613, 0.3839,-1.4061,-2.8271]
[-0.2124, 5.463 ,-3.3835,-2.202 ,-1.2896, 0.3705, 1.5896,-2.6478, 1.1255, 0.3549,-2.4411, 2.2065,-2.2193,-2.6842, 1.8722,-1.7058,-2.2851,-0.0684]
[ 3.1757,-0.461 ,-3.6318,-2.0764,-2.6481,-2.4393,-0.5171, 0.2652,-0.5187,-2.897 ,-1.3284, 0.9369, 1.3687,-1.4242,-1.2193,-2.8562,-1.6564,-1.4779]
[-6.8259e-01,-4.1455e+00,-4.3502e+00,-8.5057e-04,-1.2504e+00,-2.0475e+00,-1.4548e+00, 9.7137e-02,-1.0194e+00, 1.3674e+00, 3.0290e+00, 9.2572e-01, 5.4317e-01,-2.2229e+00,-6.7925e-01,-7.0956e-01, 1.8247e+00, 2.7018e+00]
[-4.4943,-2.6898, 4.1503, 1.7505,-1.9651,-2.4938,-0.9838,-0.0365,-0.4793,-2.7341,-2.4933,-1.6485, 1.6087,-1.7667, 0.7099, 1.6861,-0.8556, 2.7493]
[ 5.432 , 4.2328, 1.5422, 2.1925, 0.2911,-0.026 , 2.056 , 2.7469, 0.8938, 3.0827, 2.9338, 1.9069, 3.0017,-1.7396,-1.8477, 0.2581, 1.9899, 0.3097]
[-2.0208, 0.3155, 3.2299,-1.6292,-2.6139, 2.4733, 2.4966,-0.9898,-0.724 , 0.7714, 0.4681, 2.7393, 0.9945, 1.565 ,-1.4963, 1.816 ,-1.5607,-1.8701]
[ 4.5611,-3.4102, 5.3192,-2.9025, 1.8977,-1.8349, 0.8846,-0.2027, 2.0506,-0.1145, 0.111 , 2.849 ,-1.8762, 1.7846, 2.4679,-2.1341, 2.5878, 1.109 ]
[ 3.3574, 3.0679,-2.9663,-2.8504,-0.0057, 0.1872, 2.9984, 3.0972,-1.8711, 0.2314, 3.1   , 0.6748, 1.7164,-2.0146, 2.0954, 0.453 , 1.4701, 2.3588]
[ 3.0352,-4.0749, 0.2492, 2.1779,-0.4495,-1.8355, 1.4746, 1.1242,-0.2088,-3.1019, 0.6335, 2.7959, 2.9391,-0.1595, 2.4042,-2.7295, 1.1735, 0.2346]
[-2.2211, 0.7691,-1.2525, 2.4253,-0.5289, 1.2513,-2.0913, 3.0241,-1.8102,-1.5416, 2.5871, 0.4174, 0.7295,-0.4748,-2.2734, 1.118 , 0.5363, 2.8845]
[-1.894 , 4.9544, 4.3186, 2.4216, 2.7076,-0.1987, 0.8498,-1.2627,-0.0066, 2.1109, 0.4163, 2.9235,-0.4708, 1.7769, 3.0618,-1.7116, 2.3813, 2.1004]
[-3.932 , 5.0706, 2.2081,-3.0994,-1.6441, 1.8098, 0.1045,-0.7941, 2.2053, 1.8804, 2.5749, 2.6934,-2.0646, 2.5699, 2.1855, 1.4185, 2.5114,-1.5699]
[-5.1517, 2.1975, 3.8831, 0.1132,-2.8579, 1.2955,-0.8614, 0.1132, 2.7723, 0.2583,-1.8293,-3.0845, 0.8268,-2.3523, 2.8588,-0.7728, 0.9452,-0.5743]
[ 0.5601,-1.7153, 0.9364, 0.1695,-2.3425, 1.6655, 0.0421, 1.9845,-2.8676,-1.9451,-0.9845,-0.5959,-2.716 , 2.8734,-2.859 ,-2.0391,-2.8725,-0.3962]
[-3.9027,-1.4226,-4.8447, 2.7354,-0.2796, 2.279 ,-0.3663, 2.1512,-2.2249, 1.415 , 1.4053, 0.8006, 2.476 ,-2.6192, 2.6493,-1.5853, 2.9189,-0.997 ]
[-0.3061,-0.1183,-0.5907, 0.2711, 0.6747,-2.0828,-1.9051, 2.9774,-0.6352, 0.649 ,-1.6496, 2.096 , 2.8658,-0.6904, 1.5867,-2.7332, 2.2715,-2.7105]
[-1.0575,-3.2344, 3.437 , 2.2882, 0.5789,-3.0577,-1.7031,-1.4775, 2.1751, 0.1918, 2.6806, 2.6289,-0.605 , 1.984 , 2.499 , 0.0462, 0.8733,-2.841 ]
[ 2.4416,-3.0761,-0.428 ,-2.0732,-2.168 ,-0.6662,-2.1453, 2.315 ,-1.0572, 0.2119,-0.0918, 1.3632, 2.0395, 0.6889,-1.5185,-1.6195, 0.177 , 0.9421]
[ 2.5917,-1.1918,-3.6757,-2.1685,-3.024 , 2.8479,-1.5731, 2.2874,-1.2712, 1.954 , 2.0128, 1.1005,-2.8455,-3.0487,-3.1156,-1.8029, 2.2463,-1.9209]
[-0.9686,-2.7564,-5.3949, 0.378 ,-2.155 ,-0.3306,-2.2223,-2.9259, 2.5778, 0.183 ,-2.6556,-2.5764,-3.0655, 2.3606,-2.722 ,-1.5192, 1.1739, 1.2542]
[-3.5732, 0.3108, 3.8568,-0.4014, 0.6352, 2.0093,-0.3324, 2.2195,-0.4949,-0.9864,-1.0774, 2.3663,-0.7153, 2.0027,-1.0842, 1.5638,-1.3095, 2.5377]
[ 1.5517, 3.7764, 1.3586,-0.9005, 1.0475, 1.7502,-1.0837, 0.2852,-0.4866,-1.5663,-1.9617,-0.3425, 1.2071,-0.5529, 1.8997,-2.1719,-1.2016, 1.5341]
[-4.8226,-3.7502,-3.7039,-0.7558,-2.024 , 0.6275, 0.5391, 2.1738,-0.7384, 0.6666,-1.2099, 1.3036, 0.2823, 2.7898,-2.6048, 1.4525, 2.5824, 1.942 ]
[ 2.4012, 0.4883,-1.7885,-2.7972,-1.4271, 2.0832, 2.8277,-3.1164,-0.9038, 3.1215,-0.4317,-2.7254,-0.5432, 1.674 , 2.6493, 1.9423, 1.5724, 2.0469]
