[-3.7728,-2.0958, 0.2258, 0.3682, 2.5533, 2.2462, 1.8492,-0.1011,-0.2913, 0.9681,-2.6042, 2.836 , 1.654 ,-2.8416, 0.2292, 2.9952,-1.5259, 1.0471, 2.5007,-2.773 ,-0.461 ]
[ 3.0195,-1.6267,-3.8952,-2.4195,-0.7386,-2.9212, 2.1162, 2.9625, 1.0607, 0.8708,-0.7259, 2.2448,-2.9809,-1.9114, 1.2068,-2.9788,-2.8245,-0.7423, 2.7366, 0.1189,-2.6982]
[ 1.9178,-2.489 ,-4.7046, 1.9872, 2.3088,-2.9976, 2.2174, 0.0113, 1.2251, 2.1923,-0.8535,-2.8837,-2.7295, 2.2597, 0.7188, 2.9284,-2.7098, 0.0823, 1.0025, 2.425 , 1.2613]
[ 4.2163, 4.0173,-1.9861,-3.0265, 0.3789, 3.0273,-1.4118, 0.0775,-2.8888,-2.4852, 2.6514,-0.94  ,-0.9924, 0.038 ,-2.3699, 0.5901, 2.1092, 0.9002,-0.7185, 1.7741, 2.3126]
[ 1.5381,-3.9368, 3.2262,-1.161 , 0.1299,-0.9696,-1.2526,-2.3221, 0.197 ,-2.0798,-0.3943,-2.4188,-1.881 , 1.617 ,-0.282 ,-2.2032, 1.444 ,-2.3106,-2.849 , 0.9637, 1.9557]
[ 0.8657,-1.7556, 4.5179,-0.5459, 1.7249,-3.0326,-0.6709,-2.8925,-1.2395, 1.4135,-2.0901, 2.2318, 3.0909, 2.2881, 2.9012,-2.7735,-1.836 , 2.2424, 0.8649, 1.7115, 0.1999]
[ 3.7769, 1.338 , 3.3534,-2.8183, 1.1078,-0.8009, 0.0176, 2.0346, 1.7017,-1.5784,-0.6257, 2.    , 1.2939,-1.4343,-0.5977, 0.4862, 1.5616,-0.1549,-0.893 , 2.6429, 1.0469]
[-2.0554,-3.8334, 3.2259, 1.4339,-2.5161, 0.7488, 2.1361, 2.6738,-3.1002,-1.0516,-0.2508,-1.7319, 0.1409, 0.7493, 0.2697, 2.3542,-3.1235, 2.5322, 1.4384, 0.6514,-2.2858]
[-4.9329,-5.1427,-4.1326, 1.8943, 1.3121,-1.3067,-1.5384,-0.1865, 0.1045,-1.8485,-0.2145,-0.6789,-1.1843,-2.7008,-2.6367,-0.6556,-1.4204, 2.7207,-1.8333, 3.0632, 0.3773]
[ 4.184 ,-2.2528,-0.8316,-1.0866,-0.0518,-1.9403,-2.9795, 2.5178,-2.2493, 1.5411, 0.1645, 2.7753, 1.4181,-0.0794,-1.3073, 0.8672, 2.1073,-0.5904, 1.6197, 0.1014,-0.5404]
[-0.68  ,-1.7955,-0.7545, 0.6855, 2.7422,-1.4086,-0.8907, 0.6557, 0.1445,-2.5471, 2.6486,-0.5246, 2.551 , 1.5629,-2.3843, 2.1104, 2.8724, 1.4912,-0.8315, 2.4789,-1.8239]
[ 3.4286,-0.0514, 0.5749, 0.8613, 1.1302,-2.8992,-2.3283, 0.1172,-2.5632,-1.5133,-0.1098,-0.8552, 1.0862, 2.243 , 2.0395,-0.4718, 1.2074, 2.8628, 0.7427, 0.9639,-2.9262]
[-3.1913, 4.1535, 1.9047,-0.8419, 1.4633, 1.1053,-2.7736,-1.2248,-0.5758, 0.244 , 0.5221,-2.0322,-2.9839,-1.4547, 3.1364, 1.8147, 1.8733, 2.9917,-1.0709,-2.8664, 0.7639]
[ 3.9663, 4.1876,-0.1099, 2.0973, 2.411 ,-0.9873, 1.6185,-2.0105,-1.5009, 1.0787,-1.2775, 1.2601,-0.9693, 2.101 ,-2.147 ,-2.5855,-0.4906, 1.0565, 3.1324,-0.2305, 1.4809]
[ 0.403 , 2.8406, 2.3523, 1.3202, 1.018 ,-2.4007, 1.9221,-2.504 , 0.8516,-2.0011, 0.6972,-1.7463, 0.6139,-3.041 ,-0.4126,-1.6328,-1.2835, 2.4379,-2.5406, 3.0035, 2.6105]
[-1.5636,-1.1632, 1.1372,-2.2327, 0.6739,-2.0686,-0.6832, 2.8527, 3.0082,-3.0794,-1.9452, 1.5488, 0.2734,-1.0169,-2.8661, 2.9805,-0.4997, 1.7717,-0.5485,-1.5447, 2.7757]
[-5.359 , 4.4012, 2.6638,-1.8056,-1.7573, 0.1819,-2.945 , 1.2629, 3.0778, 0.4125,-3.0224,-0.7334,-1.7754, 0.9896,-0.5816, 1.5058,-0.0124,-0.2379,-1.9623, 2.4241, 2.7203]
[ 5.2431, 0.1443,-3.602 , 2.6987, 2.0924,-2.2054, 2.2844,-2.3393, 0.9886,-2.9747,-0.0825,-2.7884,-2.7504,-0.2856,-2.5127,-0.0843, 0.9202, 1.1004,-2.1061,-1.2047, 0.6888]
[ 4.5604, 3.322 , 4.8611, 2.8531,-2.3064,-0.6852,-0.7418, 2.1063,-0.6384, 2.5832,-0.891 , 1.097 , 2.1544,-0.747 ,-2.8053,-1.7239, 2.1973,-2.9222, 0.7049, 0.0081, 0.5769]
[ 1.8094, 3.1721,-0.8839,-1.5664, 1.0727,-1.4676,-0.5354,-2.6412, 1.0178,-0.0691, 0.4595,-2.0522,-1.3639, 1.5304, 1.5196,-2.078 , 0.6902, 1.461 , 0.9755,-2.27  ,-0.9172]
[ 3.3899,-1.7137, 1.5738,-1.9358, 0.5747,-0.4705, 0.9396, 2.0949, 0.9755, 1.206 ,-2.6307,-1.68  ,-1.0658,-2.3353,-0.7677,-1.9854,-1.1397,-2.7584, 1.3874,-0.4805, 2.4809]
[-2.2873, 2.2243, 1.0278,-0.4566,-2.6602,-1.7867,-2.2203,-0.3302, 0.6568,-1.0037, 1.3455, 0.6751,-1.2299, 1.3899,-2.5149,-2.5373, 1.9454,-2.0335,-0.6567,-0.3316,-2.8515]
[-4.7826,-3.4136,-3.1469, 0.1394, 0.0862,-0.5831,-2.0245, 0.0108,-1.0107,-1.1305, 1.1574,-2.7343, 0.2929,-0.4557, 0.7637,-1.4535,-0.2042,-1.0619,-1.9702,-0.1958, 2.0942]
[ 3.7432,-0.7647, 3.2322, 0.0243, 1.6012,-0.5215, 0.0313, 3.0033, 0.7885, 1.4178,-1.0301, 1.3922,-1.7986, 2.66  , 1.8987,-1.3955, 2.522 ,-2.4216,-0.2144, 1.8255,-2.2021]
[-4.1696,-5.4911, 4.7984,-2.8953, 1.8134, 2.0334,-1.8175, 1.9225, 3.0458, 1.988 , 0.4056, 2.2327, 0.1533,-2.7653,-0.3114, 0.0095,-0.2713,-2.5666, 2.5569,-2.771 ,-1.7208]
[ 4.3815, 1.4043,-2.5798, 1.0786,-1.1856, 0.8644, 1.2468, 1.5241, 0.4736,-1.7674,-0.6974, 1.4585, 3.1125, 1.3186, 2.2589, 3.0266, 0.3955, 0.6117,-1.7823,-2.2118, 1.3674]
[-0.8673, 4.1863, 4.1044,-3.071 ,-0.4121, 2.2703, 2.3239,-1.5437,-2.8562, 0.8848,-0.3336, 1.7344,-2.957 ,-1.6909, 1.9542, 1.8973,-0.903 , 0.1204,-1.5663, 0.0472,-0.3062]
[ 2.2224, 3.5453, 2.6088,-1.178 ,-2.2722,-0.8982, 2.3184,-1.0794,-0.8295, 2.6766, 0.6716, 1.4522,-1.8797,-0.7538, 0.2281,-1.2691,-1.1816, 1.9717, 3.0777,-1.3894, 3.0311]
[ 1.8992, 2.7753, 3.3228, 0.6316,-1.5322,-0.4258,-0.6857,-2.8586, 1.0021, 3.1222,-2.7792, 2.4614, 2.1653, 2.4228, 2.4783, 1.9229,-0.7977,-2.1725, 2.5318,-0.1181, 1.4684]
[ 4.7241,-0.1193,-3.2266, 0.5465, 1.2783,-3.1221,-0.5031, 0.7211, 2.5265, 0.5391,-2.9064, 1.9872, 0.4365, 1.9286, 2.8409, 0.1973, 1.8764, 0.9992, 2.3454, 0.2402,-1.5361]
[-3.544 ,-4.3572, 5.0017, 0.9965, 2.2257,-0.292 ,-1.436 , 3.1055,-0.3191, 2.1022,-1.4848, 2.5621,-2.1806,-1.4253,-0.4651,-2.1447, 2.6283, 2.4898, 0.9823, 2.2201, 2.3725]
[ 2.8722, 2.4123, 5.3508, 1.0302,-0.7707,-2.6564,-2.9332,-3.1065,-0.3444, 3.1203, 2.4031,-2.1469, 2.475 , 2.9541,-2.3093, 2.3622,-1.3907, 1.1419, 0.7258, 1.3139,-1.6805]
[-0.3837,-0.3137, 3.4363,-1.1996,-1.2325, 1.854 , 2.5692,-0.611 , 1.5242,-1.8513, 3.0006,-0.7216,-0.0965,-0.3514,-0.8542,-0.3725,-2.4067, 1.3581, 1.2253,-2.9456,-2.8043]
[-0.2528, 4.5747, 0.3165,-1.762 , 0.6417,-0.3774, 1.4919, 2.496 ,-2.7721, 3.0904, 3.0408, 2.404 ,-2.4675, 1.6933, 2.5001, 0.3761,-0.304 ,-1.9486, 2.7424,-1.9384,-1.9753]
[-1.4775, 5.1558, 5.1229,-0.3836,-3.0787,-1.8034, 1.4019,-0.3591, 1.3469,-1.4473, 1.7052,-2.2795, 0.5428,-2.8421,-0.0681,-2.0209, 0.5852, 2.8317,-2.2492,-1.4154,-2.7686]
[-0.4086, 1.6863,-1.9062,-0.6204, 1.2956, 0.5657, 1.1351,-0.6173,-3.1215, 2.8856, 1.3456,-1.3747, 0.0636, 0.1324, 0.9356,-2.6721, 3.1365,-3.007 , 2.4573,-0.4995, 1.9827]
[-5.2141, 2.7084, 5.1023, 1.5006, 1.4416, 0.9764, 2.3081, 1.5121,-0.0708,-0.8438,-0.6381,-1.2489, 0.7786,-0.412 ,-1.2495,-0.0729, 1.6062,-1.6623, 2.2054, 1.838 , 0.7972]
[ 4.946 , 2.5334,-2.995 , 0.2445,-1.6667,-1.8373,-1.5552, 1.0789, 1.9049,-0.6458, 2.7944, 0.8315,-0.4646, 0.8859,-1.8834, 0.4757,-0.1725,-0.0108, 2.6879, 2.7081,-2.2116]
[ 3.191 ,-1.257 , 2.9574,-2.2712,-0.3952,-1.8317, 1.4989, 3.0629,-1.7196,-1.7817, 2.0495, 0.1456,-0.3986,-2.3927, 0.2999, 0.0624, 2.1279, 0.4453, 1.8678,-0.1829, 0.4586]
[ 3.7508, 3.6532, 2.1505, 3.0988,-1.2259,-1.251 , 1.7468, 0.808 , 2.9711,-1.7955, 0.4243,-2.915 ,-1.2755, 2.8977, 2.2135, 2.1114, 0.2031,-0.4183, 2.4316,-1.2857,-2.0779]
[-5.1063,-2.3703, 0.9818,-0.9278, 0.8189,-2.5633,-0.658 ,-2.2123, 2.1809,-1.5219, 0.3828, 1.9312,-1.9547, 1.1871,-1.3906,-2.0469, 0.9513,-1.3233, 2.6702,-2.424 ,-1.6809]
[-3.5502, 3.7929, 2.3772,-1.5147,-1.3019, 1.82  ,-0.0648,-0.4478,-0.6642, 2.4039,-0.7265,-2.717 ,-2.9803,-2.1967,-2.5541, 2.2919, 2.1889,-1.7596, 0.22  , 0.4543,-2.9623]
[-0.4376,-3.0869,-1.3416, 2.3308, 2.8514,-1.2134,-0.4699, 0.8104,-0.4375, 1.9791, 1.8175, 2.9486,-2.7907, 2.209 ,-1.1529, 2.2839,-0.9031,-3.0198,-1.9126,-2.8574, 1.9264]
[ 2.723 , 0.458 ,-2.4739, 1.1295, 2.1936,-1.3964, 2.4047, 1.6905, 2.5349, 2.2069,-1.0228,-2.5909, 2.244 ,-2.0958,-2.4548, 2.3229, 2.7661,-2.9079, 0.5233,-2.6701,-1.5717]
[-0.4784,-3.1292, 2.9395, 3.0681,-1.2833,-0.6268, 2.54  ,-2.717 ,-0.698 , 2.5063,-2.5168,-2.786 ,-0.172 , 2.7053, 1.0545, 2.8333, 0.892 ,-2.0275,-1.6561, 2.8169, 3.0641]
[ 4.4972,-4.141 , 3.5077, 0.3769,-0.8641, 2.9472,-2.1045, 0.3302,-1.0707, 2.9233, 2.3058, 0.8047,-0.7907,-0.6559,-0.5388,-1.0363, 2.9354, 1.9201, 2.5582,-1.5451, 1.0745]
[ 3.3752,-2.1572,-5.1611, 0.6663, 2.9404, 0.1024,-2.2786,-1.9223, 2.0801,-2.341 ,-2.2542, 2.5807, 1.6604,-0.4978, 2.3218, 2.0514, 0.4134,-2.5723, 2.4633,-2.4835,-1.9525]
[-1.173 ,-4.8314, 3.3838, 1.4556,-1.3299, 1.3195,-2.7091,-0.9607, 1.1802, 2.8959, 2.4505,-0.2103,-3.0224, 0.554 ,-0.1972,-2.5557,-1.2832, 1.4169,-1.1631,-1.3444,-0.0239]
[-1.7708, 1.3069,-1.5252,-1.1905, 1.6628,-2.5411, 2.9816, 2.8667, 1.3671, 2.4843, 2.5645, 0.6951, 1.8549, 2.3618, 0.5371, 0.6957,-1.1083, 0.7793, 1.9708,-2.7725, 2.1926]
[ 3.6724, 5.1478,-1.1574, 1.683 ,-2.6039,-0.8481,-1.3995,-0.42  ,-3.0614, 1.4207, 2.9351, 1.761 ,-0.885 , 1.995 ,-0.887 , 0.3747,-0.8984, 1.7926,-1.8037,-2.6146, 2.0416]
[-3.7867, 3.3242, 5.3134, 2.7425,-0.4462,-2.849 , 1.2014, 1.3784,-1.1524, 1.611 , 2.3868, 2.265 , 1.9376,-3.1267, 1.8813, 0.8096,-0.7762,-0.4638, 1.1467, 2.2141,-2.3895]
[ 5.2045,-1.197 , 4.7106,-0.9895,-2.9816, 3.0995,-1.9815,-0.3325, 0.0368, 0.5202,-1.363 , 0.0999,-1.4116,-1.0826, 0.1304, 2.5721, 1.5172,-0.7804, 0.4351,-2.2015, 0.9294]
[ 0.0762,-1.844 ,-2.2952,-2.2361, 2.0855, 2.7508, 2.9447, 0.7629,-0.225 ,-2.7299, 1.5784,-1.0754,-2.5548, 2.1495,-1.2344,-1.7682,-1.8241, 3.1026,-1.839 , 0.8306, 2.5069]
[-0.4584, 0.7217,-0.1916, 2.4455,-0.6182, 0.2953,-0.6429, 2.5174,-2.8455, 1.9803, 2.7656,-0.0962,-0.5066,-2.1931, 1.4575, 2.2326, 2.2251,-0.8937, 1.2016,-2.7234, 1.7622]
[ 3.2894,-4.1316,-1.4977, 1.3205, 1.2377,-2.9038, 2.85  , 2.7429,-1.5655,-1.3309,-2.0342, 0.6775,-1.34  ,-2.9912, 0.7164,-2.869 ,-0.1508,-1.4481,-2.9123,-0.0941, 0.7173]
[ 1.417 , 0.0956, 0.2528, 2.8464,-0.5745, 0.4218,-1.829 ,-1.3014, 2.5523,-2.5008,-2.1052,-0.2785, 1.144 , 2.7557,-0.0526, 0.9017, 1.2004,-2.1216, 1.0396,-1.2063, 1.6361]
[-4.3183, 2.712 ,-0.797 ,-1.6185, 0.4188,-0.3625, 1.9879,-1.816 , 2.198 ,-0.4607, 2.7637, 1.4283,-2.7131, 0.3944, 2.0154, 2.0568, 0.9002, 3.0629,-0.2142, 2.1016, 2.3621]
[-1.7432,-5.2351, 1.1985, 2.7533,-1.6072,-2.2117, 0.3781, 1.169 , 2.7839,-0.8628,-2.3058, 0.54  , 1.5079,-0.8932, 2.4027,-0.842 ,-2.0849,-0.0302, 0.941 , 1.4752, 0.1265]
[ 5.272 , 3.1371, 0.8927,-1.7154, 1.4939, 2.4819,-1.3171,-0.8427,-2.9742,-3.1141, 0.1884, 0.0216,-2.1157,-1.1423,-0.5259, 1.0901, 1.8056, 1.1369,-2.0071,-1.269 ,-2.8243]
[ 4.22  ,-4.3325,-1.0678, 1.1369,-2.0948, 1.0102,-0.272 ,-0.5459,-1.5001, 0.4354, 1.675 ,-2.787 , 2.9326, 1.8237, 1.3589, 0.2244,-0.313 ,-1.5897,-0.1539,-2.9117, 2.7512]
[-3.8427, 1.4639, 1.62  , 2.7847,-2.037 ,-0.1204,-2.0213, 2.5788, 1.3672,-1.8568,-0.1962, 2.4096, 2.209 ,-1.6972,-0.2202,-1.0182, 1.4064,-0.3301, 1.09  , 1.1386, 0.3035]
[ 1.5959, 3.9724,-1.3252,-0.6522,-1.7257,-1.6464, 3.0886,-0.6433,-1.8758,-0.9949,-0.3794,-1.3034, 3.109 , 0.9441, 0.8341, 1.6555, 1.4769,-0.4184, 0.6521,-2.8339, 1.1891]
[-0.8907, 4.7785, 0.2805, 3.0433, 2.9299,-1.8763,-0.8827, 2.0211,-0.8572,-1.7848, 1.3329,-2.495 , 0.1641,-1.8349,-2.9127,-2.3231, 1.9743, 1.0622,-2.2308, 1.5827,-1.8538]
[ 0.4118,-1.5284, 3.6578, 0.3386,-3.1288,-2.4311,-2.6498, 3.0442,-1.0232, 2.9902,-3.1204,-1.2221, 1.1921,-2.1356, 1.0865,-1.3661,-1.7777, 0.766 , 0.4326, 2.7359, 1.1569]
[-1.9343,-0.0281,-3.1729, 1.4768, 1.5985,-3.1101,-3.0949,-2.2278,-0.9716,-3.0555, 0.7014,-2.1979,-0.7427,-2.1237,-1.3507,-1.6372, 3.0708, 0.9961, 1.1889,-2.2527, 1.5972]
[ 0.0997, 1.5674,-2.981 ,-1.4436, 1.76  ,-1.5948, 1.3893, 2.6978, 2.4345, 0.3113, 2.4338, 3.1234,-2.5713,-0.1991,-0.105 , 1.1782, 0.8734, 1.7064, 1.7348, 2.1012, 2.2862]
[-4.2088,-0.9551, 4.2043, 3.1241,-2.8089, 2.8994,-0.9255,-0.6187,-1.3093,-2.2322,-0.9528, 1.1149, 2.7898, 0.5559,-1.8656, 2.1307,-0.6847, 2.7751,-2.1942,-1.1334,-0.4752]
[-2.973 , 3.6248,-2.035 ,-1.9187, 2.5005,-2.9391, 2.0035,-2.9102,-0.3325, 2.6374, 1.0674,-1.3061,-2.1793,-1.8061, 0.4945, 1.1325, 2.788 ,-1.3714, 1.7798,-2.8326, 2.1254]
[-3.2914,-2.5429, 2.5224, 2.2836, 3.1404,-0.907 ,-2.6528, 2.9879,-1.7932,-1.6791, 0.8235,-1.3826, 0.2873,-0.7971,-2.9319, 0.9426, 2.757 ,-0.1558, 1.9492,-0.0769,-2.8137]
[-4.8806, 4.7515,-1.439 ,-2.6786, 1.062 ,-1.1479,-3.062 ,-1.4048,-0.283 ,-1.5466,-2.7135,-0.7079,-2.9775,-0.6661,-2.8288, 0.0579, 1.7177,-3.0323,-2.5677,-1.6913, 1.2482]
[-3.946 , 4.2105, 2.4009,-1.823 , 1.4283,-2.869 ,-1.911 ,-2.2903, 2.693 ,-0.4427,-0.6702,-0.6869, 0.9663,-1.2722,-2.2346, 1.1947, 2.0445,-0.4809,-0.5296, 0.9049,-0.7503]
[-2.9389,-3.3539, 2.1549,-2.3043, 0.0574,-0.0539,-0.2142,-3.0574, 1.6987,-2.2509, 0.3405, 1.9415,-0.5898, 0.3404, 1.3471,-0.7669, 2.7467, 1.0018,-1.3304, 1.9638, 1.5619]
[-4.9383, 4.2236,-0.2267, 1.9195,-2.7804,-1.2044,-1.2522,-0.0385,-1.2693,-1.5733, 2.8122,-2.2786, 0.9006, 1.3267, 0.7221, 1.2207,-0.187 , 1.4108,-1.9829,-2.7558,-0.0909]
[ 3.3939,-4.343 , 1.1357,-0.5111,-2.0714,-0.8685, 2.5265,-2.8665, 2.5584, 1.1627, 0.7146, 2.8066, 1.1018, 2.2105,-0.3493, 2.5168, 2.3506, 2.3047, 0.066 , 1.8809, 1.6484]
[-4.1897, 2.8402, 1.0368, 2.4816, 3.095 , 0.2558, 2.5226,-0.9035, 2.9056,-0.2648, 0.324 ,-1.8171, 0.1948, 1.1892,-0.1654, 0.594 , 1.7208,-0.9985, 1.0516, 1.227 , 1.0416]
[-3.7071, 0.866 ,-4.3488, 2.9798,-1.073 ,-1.2498,-0.3167,-1.6178, 1.4178, 1.2541, 0.6459, 0.129 ,-1.259 , 0.676 , 2.4472,-2.3988,-1.9365, 1.6831, 2.3963, 2.3814,-2.3072]
[-3.4872,-5.1494,-1.1716,-2.7018,-2.1484,-0.9742, 2.5304, 0.8713,-2.7196,-1.8248, 2.5281, 1.1059,-0.5854, 2.5336,-0.1286, 0.2591,-1.7441,-2.6189, 0.7489, 0.8444, 2.8651]
[-4.0779,-4.0631,-4.8466,-3.0748,-0.0445,-1.7284, 0.7682, 0.7501, 1.4536,-2.7562, 1.4622, 1.8106,-1.5258,-2.0963, 2.8831, 0.14  ,-2.8672, 1.0586, 0.6668,-1.1315, 2.2443]
[-4.3865, 4.0222,-1.1191,-2.0433,-2.818 ,-2.8231, 0.2306, 0.1864, 1.2013, 0.8724,-3.0429,-3.0986,-2.6538, 1.322 ,-2.6266,-2.5626,-0.3857, 0.1842, 2.7373,-2.6799, 1.9152]
[-5.4738, 2.769 ,-2.9746,-2.5662, 1.3033, 1.5838,-2.5387,-0.5444, 2.2444, 0.3326, 1.0195, 2.8343, 3.0589, 1.8203, 1.3046,-1.3134,-2.758 , 0.9361, 2.0399, 1.8473, 1.7401]
[-3.9845, 0.3428, 5.2694, 1.0139,-1.6041, 1.5434,-3.1271, 0.5979,-0.4344, 1.444 ,-1.1389, 0.0874, 0.2495,-2.1537,-2.3856, 2.225 , 2.783 ,-1.3017, 2.4559,-3.0713,-1.8339]
[ 1.4369,-3.4297, 0.1238, 0.3093,-2.8362, 1.4591,-2.9958, 1.0945, 2.5439,-2.8629, 0.5948, 2.3557,-0.9385, 1.1557,-0.5387, 3.0928,-2.5791, 2.627 , 1.2323, 1.1428, 1.4721]
[ 1.3497, 4.9117, 0.3134,-0.5748, 0.0293, 0.1108, 1.282 , 1.3077,-1.2828,-2.6548,-1.9963, 0.0143,-1.7377,-1.8908, 0.6524, 0.3145,-2.4736, 2.8774, 1.3217, 0.5937,-1.0201]
[-1.8769,-1.8749, 2.1113, 1.7938,-0.9996,-0.7919,-1.3483,-2.6701,-2.2471, 1.3765,-1.2412, 2.4338,-0.83  ,-1.5387,-2.5159,-0.2384,-2.0422,-1.6259, 2.4802, 0.1898, 2.8962]
[-2.8187,-2.2619, 2.4054, 2.9083,-0.3221,-0.1851,-0.7722,-0.827 ,-2.9261, 2.6731, 1.6055,-2.9658, 1.6582,-1.6103,-2.4308,-2.3983,-0.6195, 2.8342, 2.6801, 0.0697,-1.4723]
[-4.8   ,-4.7909, 5.262 , 1.4419,-2.7195, 2.8167,-2.7935, 1.3591, 1.6472, 0.6687,-1.4593,-0.0212, 2.2584,-1.7769,-1.7242,-0.8789, 2.0117,-2.797 , 2.1684,-0.2654,-0.3659]
[-5.3462,-4.3241,-0.3973,-0.0815,-0.1083, 2.6057, 1.1101, 1.4504,-1.5608, 3.1108, 0.9056,-3.1103, 1.6555, 1.7132, 0.2388,-1.5747,-2.055 , 1.8759,-2.1338,-1.4969, 2.9344]
[-3.464 , 3.7401,-2.482 , 1.4223,-1.7302,-2.4131,-0.7269,-1.1194, 2.6303,-2.2052, 1.8834,-2.9575, 2.3157,-1.21  ,-0.8943,-1.5968, 2.4901, 0.3681, 2.257 , 2.2954, 1.687 ]
[-0.7684,-3.9614, 4.418 ,-0.0934, 1.1711,-2.2433, 2.7047,-2.3943, 1.7878,-0.0805, 1.0968, 0.0522,-1.4085,-1.5539, 1.3469, 2.6875,-1.0465,-1.487 ,-1.9745, 0.7268,-2.7814]
[ 4.0264,-3.2365,-3.4851, 0.1034, 2.6919, 0.9374,-3.0268, 0.5248, 1.6012, 0.2441, 2.4981,-0.4952,-0.0531, 2.0268, 1.2859, 2.5742, 0.6315,-1.3884,-1.4989,-0.1602, 3.0304]
[ 4.884 , 2.825 ,-1.4158,-2.0734, 1.0906,-0.633 ,-2.1055,-1.8273,-1.7778, 0.7991,-1.8874,-0.4017,-0.7626, 2.0469,-0.0497, 0.6845,-2.0859, 1.9299, 3.0118,-0.6463, 1.6793]
[ 2.7997, 2.8093, 2.8144, 0.107 , 1.2573, 0.1097,-0.1357, 0.759 ,-2.8058, 1.0141, 2.7168, 0.6636,-1.0767,-0.8944,-0.0434,-1.6919, 1.4651, 0.477 ,-0.1288,-2.4235, 0.2512]
[-1.8666, 4.1129, 5.2343,-1.6522,-0.9757, 1.9772, 2.2769,-0.6646,-0.9992, 0.3391,-3.077 , 0.1659, 2.4062, 0.1266, 2.2436,-2.3014,-1.3196,-1.9686,-1.8332, 0.5655, 2.0135]
[ 3.5525,-4.7349,-1.7274, 2.4954,-0.7599, 1.3654, 2.6287,-0.031 ,-3.0119, 1.3565, 0.9732, 2.0348,-2.2275,-0.0652, 2.9914,-1.2968,-2.0678,-3.1016, 2.5426,-3.1282,-0.093 ]
[-1.4865, 0.1567,-3.8975, 1.0708, 0.1667,-2.9803,-0.0185,-0.3211,-2.9939,-1.3025, 1.3944,-2.664 , 0.8354, 0.2185,-0.814 , 0.6564, 0.5706,-1.5527,-0.5649, 2.0538,-0.9307]
[ 1.53  , 2.3724, 3.6597, 2.8815, 2.5232, 0.474 , 1.1021,-1.8237,-1.2691, 2.6259,-2.2477,-1.5279,-2.5225,-1.4032, 2.1481, 2.264 , 2.5485,-1.7167, 1.1283, 3.0043, 2.1617]
[ 0.2598,-4.1308, 2.6467,-0.9303, 0.844 ,-2.4417, 0.5167,-1.4137,-2.692 , 1.7645,-0.5889, 2.0118, 1.3704,-2.988 ,-1.0473,-1.2348, 1.7681,-2.7767, 0.7309, 1.0703, 1.8715]
[ 4.1021,-4.1012, 4.0468, 1.3151,-1.0797, 0.9887, 3.0385,-0.9424,-2.2414,-1.3756, 2.561 ,-0.5916,-1.5374, 2.1818, 0.5324,-0.9519,-0.9005, 0.0239, 1.8072,-2.9019,-0.8108]
[-3.1687, 0.9513, 4.0515,-0.2714,-0.8892,-1.4653,-2.5387,-1.57  , 2.6878, 1.4124, 1.7629,-0.3129,-0.8326,-2.3005, 2.8626, 2.1061,-1.5972, 2.9562,-0.1593,-1.3057, 1.2987]
[ 2.4107,-4.3943,-4.474 ,-3.0298, 0.7873, 2.4943,-1.8226, 2.1028,-1.5595, 0.4652, 1.0111, 0.6342,-1.9508,-1.1986,-2.446 ,-2.451 ,-0.7294, 2.4321,-2.8552, 2.2305, 0.7625]
