[-3.1569, 3.8095, 2.3881,-2.1621,-2.8752,-2.1837,-2.5819,-2.0418,-0.63  , 2.1423, 0.7941,-2.364 , 1.489 ,-1.8872, 2.0116,-2.4479, 0.4019,-2.808 , 2.9631, 2.5269, 2.1865, 3.064 , 2.2773]
[-2.878 , 4.9557, 2.2614,-3.0061, 0.1436, 2.7978, 2.0217,-2.2667, 2.915 , 2.7501, 2.5719, 1.0146,-2.9095,-2.8171,-0.4362, 2.4499, 1.2473, 0.6646,-3.0136,-3.0261,-1.3731, 1.0443, 1.6143]
[ 0.7172,-3.7159,-1.2361,-0.6703,-1.798 , 2.2824, 0.6227,-0.2749, 0.6005, 2.2098, 0.5109, 2.0125,-2.8745,-1.3976, 2.0464, 2.8159, 2.5088, 2.6654,-2.3396,-0.3476, 1.4053,-3.0472, 0.2275]
[ 0.619 ,-2.3968, 3.6651,-1.8056,-0.3716, 1.3784, 1.3606,-2.3297, 2.4783, 1.3117,-0.825 , 1.9368, 1.4025,-0.2174, 1.7356,-1.1098, 3.0135, 2.2664, 3.0555,-0.4343,-2.7237,-1.575 , 0.8935]
[ 4.7434,-0.8509, 3.1026,-2.0724,-1.3808,-0.5861, 1.9424,-0.801 , 2.2324,-2.7151,-0.184 , 1.3718,-1.6468,-0.2008,-0.1414, 3.0637,-1.6074,-0.1182, 1.8766,-1.834 ,-0.4265, 3.0415,-0.3793]
[ 1.2363, 2.8785,-0.4167,-1.1688,-0.5458,-1.3274, 1.8323,-1.9832, 3.1139,-3.0063, 0.7094, 0.3646,-2.8252, 0.3495, 0.4541,-0.9655,-2.466 ,-0.3125, 0.1831,-0.6338,-2.8587,-1.4495, 1.8347]
[-3.7228, 1.1551, 0.037 , 1.1432,-0.8737, 0.9194, 2.2041,-2.6979,-3.0223,-0.1074, 2.5596,-0.5829,-1.6255,-1.0173,-0.6107,-2.7624, 1.972 ,-1.9653,-1.3912, 0.8136,-1.4397, 2.469 , 2.9785]
[ 5.1799,-0.0723,-3.5527,-0.2292, 2.6238,-0.6408, 3.0846, 2.6583, 0.6612, 0.7423,-0.278 ,-3.0143, 2.3954,-1.4088, 1.5433,-0.4865,-3.0346, 1.9844,-1.5494, 0.235 , 1.6413, 1.5037, 2.2196]
[-3.0641, 1.9405, 2.3806, 0.4049, 2.3865, 1.0151, 1.7236, 2.797 ,-1.1238, 1.2663, 0.9104,-0.7927, 1.7489, 0.7761,-0.3129, 2.5806, 0.2525, 0.4457,-0.2031, 2.3566,-0.5245, 2.509 , 1.0215]
[-3.9731,-2.8277, 4.197 , 0.1063,-0.3619,-2.1393,-2.3223, 2.6251, 2.8869,-3.0174,-0.2816,-2.3476, 1.1382,-2.8021,-0.0516,-2.3511,-1.6492, 1.3445, 2.3556, 3.0409,-3.0709,-0.2527,-0.034 ]
[-2.4981, 2.5287, 3.7146, 1.2481, 1.8925,-2.8224,-0.586 , 1.2713,-0.948 ,-1.764 , 0.7884, 2.0795,-2.5046, 0.464 , 0.6105,-2.3569, 3.0465,-1.985 ,-0.3557, 1.8347, 2.6858,-0.5659, 1.4155]
[-5.4561e+00,-6.5308e-01, 4.1180e+00, 1.0768e+00,-1.1956e-01, 3.1128e+00, 1.8840e+00, 2.7713e+00,-1.3855e+00,-2.7423e+00,-2.7341e+00, 1.9101e+00,-1.4608e+00,-2.5170e-01,-1.7090e-01, 1.0604e+00, 4.3463e-03,-2.1924e+00,-2.5785e+00,-3.0117e+00, 2.0192e+00, 1.6450e+00, 2.0541e+00]
[ 2.4255, 1.7944,-2.6667,-2.6177,-0.5903, 2.9761,-2.8893,-0.8884,-0.2284, 2.4812,-0.0525, 1.1153,-0.6226, 0.9089,-1.9758,-1.252 ,-1.827 ,-2.2796, 2.0096,-2.3039,-0.5356, 1.8457, 0.0536]
[ 4.6378,-1.9459, 3.7334, 1.0718, 0.435 ,-1.3697,-1.218 , 1.0124, 2.7325,-2.1555, 1.8151,-0.6501, 2.8227, 2.0806, 0.9825,-3.0665,-1.6246, 0.3708, 0.5621,-1.4021, 1.3066,-2.7586, 1.2292]
[-3.3768,-0.0151, 0.2861, 0.0468,-1.6706,-1.6627,-0.8873, 0.6794,-2.9687,-1.6407,-2.665 , 1.0801, 0.1825,-2.751 ,-1.3768,-2.1545, 0.451 , 0.7158,-0.5871, 2.4588, 0.8156, 0.0291,-1.3929]
[ 3.6967, 4.3699, 5.3238, 0.2442, 1.2133,-0.6314,-2.9262,-0.0851, 0.1928, 1.5031,-0.6921, 0.5296, 1.5599, 2.1637,-0.3141,-1.9328, 3.1315, 1.8584, 0.9075,-2.2257, 0.5226, 1.04  ,-1.5383]
[-4.8319, 0.4058, 2.029 ,-1.285 , 2.5605,-2.3264, 0.0786,-0.0329,-0.1027,-0.7881, 2.61  ,-1.7614,-2.2671,-1.0371, 0.4806,-1.5888,-0.9672, 2.2169,-2.1397,-2.2224, 0.7657,-2.3254, 2.3401]
[-0.4579, 5.2642, 3.3373,-2.6721,-2.1712, 1.1915,-1.3112, 0.9852, 2.6925,-0.9479, 0.0447, 2.4115, 1.9471,-3.0331, 3.0115, 1.8725, 2.0001,-1.6182,-2.0717,-3.028 , 1.1837, 2.8789, 2.23  ]
[ 4.0848,-4.4408, 0.5046,-1.1694, 2.2868,-1.2316,-2.3697, 3.0237, 2.9197,-2.8422,-0.5154, 1.0221, 1.5623,-0.1141,-0.3195,-1.5845, 0.6758, 2.6578, 2.1868,-0.9225,-0.3031, 1.3524, 1.9738]
[ 5.2077, 3.4291, 3.2216,-0.2003, 0.7136, 2.107 ,-1.921 , 0.8291,-1.2491, 0.1605, 2.2988, 0.4362, 2.8181, 1.465 , 1.1223, 0.0497, 1.4834, 0.5701,-0.1813,-2.9339,-0.2468, 0.9307,-2.5792]
[-3.6693, 5.2264,-4.1603, 1.4246,-3.0757,-2.9179,-2.7611, 2.3408, 2.2207,-1.1116, 2.0654,-2.6521, 2.1341,-2.578 , 1.4947, 2.8125, 2.897 , 0.5759, 0.8309,-0.9684, 1.3702,-0.7121, 3.1337]
[ 3.5012,-4.3011,-4.5429,-0.6033, 1.6136, 0.6433, 2.393 ,-2.3536, 2.6202,-0.5164,-2.6348,-2.0562,-0.7227,-2.3712, 2.7097, 2.8964, 1.5635,-2.5292, 1.3168, 2.8635, 0.4417,-1.8387,-0.2148]
[-0.9866,-0.3521, 4.1601, 2.1763, 1.4148,-2.0854, 2.8522,-2.0736,-0.6077, 0.3102, 1.4967,-2.1923, 1.4933, 0.6116, 2.1974, 0.007 , 2.8399,-0.1368,-2.0457, 1.1139, 0.7842,-0.1433, 2.9302]
[ 2.3186, 2.0879, 0.358 , 0.0182,-2.3953,-2.0324, 2.7435,-1.5828,-0.6894,-1.2683,-3.1069, 1.0862,-2.2543,-2.3117,-1.7922,-1.6723, 0.4629,-1.5682, 1.9222,-1.1806,-2.7879, 2.7665, 0.1552]
[ 3.1344, 4.0169, 1.487 ,-1.0503, 0.8645, 2.3422,-0.5987,-0.1686, 0.6883, 1.1171,-1.8417, 2.1469, 0.6784, 1.6355, 2.3244, 2.4398,-0.5698,-3.0871,-2.5691, 0.5534, 0.6982,-2.9872, 1.6219]
[-2.8805,-1.2028, 1.7552,-1.4125, 0.3451,-1.5056, 2.33  , 0.2983, 0.91  ,-0.5043, 1.0625, 0.5692, 1.3031, 1.5582, 0.5213,-3.1145,-1.8674,-1.5926,-1.8648, 3.0714, 0.9824, 1.6031, 2.1985]
[ 2.6348,-3.4849,-1.4849,-0.1574,-2.9717,-1.6604,-2.5819, 0.6024,-2.5695, 1.1814,-2.3229,-0.147 ,-2.9611, 2.1223, 1.8176, 2.8631,-1.9138, 0.7237,-2.2511, 0.9187, 3.1186, 3.1277, 1.2571]
[-5.0682, 1.178 ,-0.3378,-2.1514, 1.5663,-1.4704,-0.295 , 1.0944,-1.1556,-0.2241, 2.4328, 1.8128,-1.119 , 2.7222,-0.1037, 1.3396,-0.6339,-2.9744,-0.3613, 2.8792, 0.4536,-2.7297, 2.8045]
[ 4.2277,-3.0772, 1.4333,-0.8402, 2.597 ,-0.9011,-2.1028, 3.0484,-2.936 , 2.839 , 1.3311, 1.5924,-2.3949, 1.5808, 2.302 ,-0.4327, 1.146 ,-1.1169,-0.1077, 1.0062,-2.0782, 2.4656,-1.0484]
[-1.0212,-1.2438, 5.3174, 0.795 ,-3.1359,-0.3695,-0.6758,-1.0892, 1.6205,-1.9759, 2.3601, 2.2355,-1.7996, 0.2447, 0.6603, 1.1275,-1.3531, 3.1288, 1.1921,-0.1863,-1.6128, 1.9536,-1.8733]
[ 1.2737,-3.813 , 3.9564,-2.3472,-2.6751, 0.8891,-0.8318, 1.2018,-2.1481,-0.4922, 1.3884,-2.6069,-1.9744, 1.9831, 0.2722, 2.5286, 0.0214, 1.0617, 0.7269,-1.3959, 2.158 , 1.1378, 2.7716]
[-2.9797,-0.7207, 2.9305, 2.4637, 2.7157, 0.9547, 2.3872, 2.6366, 1.1439, 2.8908, 0.3986, 1.9004, 0.8707,-1.4212, 2.2379,-2.6816, 1.6899, 0.6307,-1.1073, 3.117 , 0.5984,-0.9831, 2.1713]
[ 1.3913, 4.9323,-5.0265, 0.6941, 0.8415,-0.8221, 0.9394,-0.4645, 2.7121, 2.9951,-0.2509,-1.6221, 2.2207, 1.6615,-1.86  , 1.3192,-1.2204, 0.7957, 2.7905,-1.322 , 1.1355, 1.9666,-0.3391]
[ 3.155 , 0.3567,-1.1828,-1.0709,-1.6286, 1.2721,-2.6864,-0.6609, 1.3119, 2.6681,-0.5822, 1.3295, 1.5128,-1.58  , 0.0369, 1.2306, 0.3024, 2.661 , 1.5885, 0.1168,-0.6861, 0.514 , 1.2295]
[-3.7296, 1.0067,-5.3865,-1.7792,-1.533 ,-1.9508,-0.6925,-0.0165,-0.8696,-2.5761, 1.9791, 1.298 , 2.597 ,-1.5077, 1.3956, 2.4253, 2.5902,-2.3166,-2.4735,-2.2072,-0.6344, 0.5313, 2.2151]
[ 2.1886, 4.6155, 4.9988,-2.5499, 1.0461, 2.4746,-1.9428, 1.8764,-1.7056, 1.5868,-0.1507,-0.5526, 1.6114,-1.6242,-1.4377,-2.8696,-1.9826, 2.7147, 2.1437, 0.9584,-1.1452, 0.1695, 1.9148]
[ 4.4236, 4.9281, 4.4526, 0.3974,-0.529 , 2.6832,-0.9465, 2.5354, 2.5476,-1.9136, 0.053 , 0.0674, 0.1589, 0.6998,-0.6721, 0.4392,-1.0626,-1.4797, 1.2069,-2.7771,-2.599 , 0.6492, 2.4817]
[ 3.2186,-0.2307,-2.9955, 2.6187, 2.8658, 1.2143,-2.9358, 0.8707, 1.8112, 1.5346, 0.9743, 0.5999,-1.0852,-0.5593, 1.9177,-0.7144,-0.3489, 1.0378,-0.5363,-1.0373,-2.6418,-0.1967, 0.2197]
[-4.9797, 4.0539,-1.6094, 0.3779, 2.1234,-1.2458,-2.3709, 0.5738,-0.9606, 1.6824,-0.5834,-0.7715, 3.1125, 3.0826, 0.5461,-2.4867,-0.6719, 2.8917, 1.9874, 2.569 , 1.6911, 0.3311, 2.9798]
[ 4.473 ,-2.2052, 4.8056,-0.142 ,-2.6269,-1.5245, 3.0895, 1.7548, 3.1132,-2.0779, 0.3775, 1.7528,-3.0382, 0.5767,-0.9287, 1.2189,-1.581 , 2.292 , 0.515 , 0.2835,-1.8603,-0.8588, 1.4986]
[ 0.3108, 3.4875,-2.2077,-0.7355, 1.2354, 0.0446,-1.5749,-0.7381, 1.4105,-0.164 , 1.5165,-0.0233,-1.9287, 2.9872, 1.    ,-2.9058, 1.5668,-0.7299, 3.0254,-1.8429, 0.1126,-2.8761, 1.2526]
[-1.9476, 0.1883, 2.6965,-3.0875, 1.8881, 2.4127,-0.1252,-0.1329, 0.3533, 1.6188,-1.4149,-1.3115,-0.1584, 2.1332,-2.4458,-0.7011, 2.9995, 2.9088,-0.1154, 1.1249, 2.7632,-2.3409, 1.1616]
[ 5.4734,-1.267 , 2.4707,-2.6303,-2.2649,-1.602 ,-1.9886, 1.839 ,-1.4059, 1.1985, 1.0319, 1.9797,-0.8758,-1.2086, 0.0764,-2.3827,-1.7246, 2.7397,-2.8126,-0.5168,-2.5098,-2.6585, 2.5206]
[ 1.1804, 3.3521, 2.6215,-2.7331,-1.4995, 0.7031,-0.1734, 2.4827,-0.6956,-0.223 , 1.4458,-1.5265, 3.013 ,-0.144 , 3.1225,-3.1361,-0.5747, 1.8602, 2.0551, 0.8703, 2.2797,-1.9747,-0.2389]
[-1.0961, 0.4011,-4.8261, 3.0629, 2.8422, 1.7794, 1.6833, 0.6917,-2.0721,-1.1159,-2.3996, 2.525 , 0.6482, 1.9703, 0.3847,-1.6177, 0.9939,-1.0393,-2.0469,-2.21  , 1.5556, 1.5689,-1.2702]
[ 1.2644, 0.2696, 2.5853, 3.0193, 0.4484,-1.6997,-1.9104,-0.9236, 0.9268, 0.3471, 0.3411, 2.2264,-0.7878,-0.3881,-0.0918,-1.9195,-1.9373, 2.8608, 2.6315, 1.4498, 0.6996, 1.6067, 0.8071]
[ 1.5333,-2.9068,-4.3321, 3.1061, 1.7243, 1.4649, 2.6495, 3.0542,-2.0188, 2.7773, 0.8056, 0.1995, 0.8201,-0.7773, 0.9333,-2.4529,-2.3236,-1.1453,-1.9276, 1.6307,-0.6932,-0.9815, 0.0103]
[ 1.114 ,-5.3588, 4.1851, 2.3408, 0.9074, 1.2586, 1.767 , 0.0672,-1.0479, 1.4284, 0.2135,-2.0892, 2.3462, 2.9032, 0.8431,-0.8092,-0.3888,-1.957 , 1.5396, 2.5039, 2.9265, 1.7438,-0.2543]
[-3.5368,-1.0043,-2.1926, 1.6527, 2.218 , 1.3617,-0.8931, 0.7177, 1.9701,-2.5659,-1.056 ,-0.0311,-1.5463,-2.6374, 0.5381, 2.7516,-0.1607, 2.5245,-0.4318,-2.1817, 1.5681,-3.1322,-1.7186]
[-3.8949,-5.1983, 3.8952,-3.0766,-2.786 ,-2.6963,-0.2005,-0.161 , 2.7813,-1.948 , 1.9386,-1.1661,-1.422 ,-0.2242,-2.4207, 1.0686, 2.8868,-0.6976,-1.97  , 0.5501, 3.0187,-0.5232, 0.0161]
[-4.8758,-5.4724, 4.618 ,-1.3548, 0.1119, 1.7649,-1.0921,-1.502 , 2.2541,-1.5732,-1.5533, 1.4253,-2.9125, 0.4631, 0.908 ,-1.1075, 1.5201,-2.2444,-0.2286,-0.6124, 2.7892, 1.7032,-2.46  ]
[-2.5979,-0.7396,-0.2584,-2.076 , 1.1108, 1.9278, 2.0038,-1.4604, 0.4134, 0.7145,-0.54  , 0.4622, 2.8649,-2.4338, 2.7765, 1.109 ,-0.784 , 2.9972,-2.9657,-1.3597,-0.3634,-2.3525,-2.9576]
[ 4.6531,-3.2938, 4.2738, 1.4516,-3.1378,-0.6146,-0.2831, 0.9659,-1.3563,-3.0737, 2.313 ,-2.3903,-1.5123,-0.8049, 0.6732, 2.473 ,-2.6867,-2.8323, 1.1579,-1.2771,-2.97  , 2.3183,-1.1248]
[ 2.2686,-1.3458,-4.9488, 1.2826,-1.1462, 0.8551,-0.7728, 0.9149, 0.9555, 2.9104,-1.5447,-1.4115,-0.254 , 0.3899,-0.2764,-2.7507, 1.2993,-1.5605,-2.1082, 0.9695, 1.097 , 0.2155, 0.0934]
[ 2.7783, 3.4577,-0.5242, 1.8722,-1.1248, 1.1208,-2.4992, 2.7769,-2.926 , 0.2507,-2.8939, 1.9795,-2.9559, 3.1075,-2.4493,-1.943 ,-0.7298,-2.062 ,-2.0834,-1.7006, 2.7893,-0.0729,-1.7537]
[-4.328 ,-1.6433,-4.7581, 1.0189,-1.0045,-3.1248,-1.197 ,-0.9786, 2.8313, 0.0075, 1.6431, 2.9087,-0.0141, 0.0825,-0.6829, 0.2505,-2.9218,-1.8424,-1.8246, 0.3938,-2.1075,-2.6947,-1.395 ]
[-4.0110e+00, 1.0824e+00, 1.8085e+00,-1.4575e+00, 1.7038e-01, 2.9446e+00, 1.0237e+00,-1.2879e-03,-2.5640e+00,-1.7781e+00, 2.1348e+00,-1.9610e+00, 4.3311e-01,-7.3719e-01,-2.1808e+00, 9.4699e-02,-1.4429e+00, 1.5657e+00, 2.5271e+00,-3.0068e+00, 1.5981e-01,-1.9524e+00, 1.4735e+00]
[ 2.7152,-3.7297, 5.1424, 2.1891,-0.5078,-2.4472,-0.4433,-1.3779,-0.5603, 2.8439, 2.1345,-2.9059, 0.4462,-0.1753,-3.1308, 1.8959, 0.677 ,-2.2231,-2.6036, 0.356 ,-0.1267, 0.1686,-2.4217]
[-1.1104, 5.1113,-2.028 ,-0.7005,-1.1429, 2.1532, 0.1017, 1.5801,-2.4541, 3.0493, 1.7174, 0.8709,-0.3599, 0.6218,-2.2572, 1.993 , 0.995 , 2.3174, 0.9393,-2.2785,-1.9362,-2.7369,-1.2353]
[ 1.8145, 3.0079,-2.7028, 1.496 , 0.6894, 1.2726,-0.4846, 1.0142, 0.3393, 1.5119, 2.62  , 1.1394, 1.4625, 2.7489, 2.8835,-1.8157,-1.9433, 1.7899,-0.3652,-1.5014,-1.554 ,-2.7334, 2.2348]
[-0.3317, 3.6879,-3.5956, 1.8091, 2.5126,-0.2297,-2.2321,-1.4252, 0.5194,-0.8331, 2.1578, 2.841 , 0.9772, 1.2494,-1.6689, 1.3943,-1.7257,-1.1386,-2.4762, 1.5422, 2.376 ,-0.6667, 2.1311]
[ 5.0214, 2.353 , 2.9703,-3.0487,-2.7228,-1.3173, 1.8251, 1.6   ,-0.9401,-0.239 , 0.8596, 2.3209,-2.9669,-0.0702,-0.8981, 1.0481,-0.2586, 0.4032, 1.9582, 0.9672,-0.1376,-0.5192, 0.3461]
[ 2.9591, 1.3529, 1.74  , 1.1499,-2.6562, 1.7655, 1.9218, 2.3768, 2.0604, 1.14  , 0.7091,-2.8579, 0.1861, 0.2744,-1.1375, 2.5645, 2.1739,-2.2212,-1.2605,-2.6907, 1.5209,-1.1485, 1.6211]
[-2.6778,-4.6347,-0.2153, 2.6082, 0.0478,-1.6914, 0.8318,-1.8979, 0.9538,-2.0851,-1.0549,-3.0547,-1.7445, 0.0078,-0.8044,-3.12  ,-2.7849,-2.6406,-1.5825,-2.9242, 2.0419,-2.1431, 3.0341]
[-4.6302,-5.2715,-2.2754,-0.1606, 0.8341, 1.5458,-2.5462,-1.4854,-0.785 , 2.035 , 0.2818, 0.0757, 0.8444, 1.0184,-2.5854, 2.92  , 1.1556, 1.275 ,-1.9856,-0.3398, 3.0885,-0.1973,-2.0804]
[ 3.6313, 0.3772, 0.1138, 1.8057,-1.3151, 0.4805,-2.2175,-1.3345,-0.6746, 2.7885, 0.363 ,-1.4112, 0.2673,-0.9973, 2.5295,-0.1127,-2.2842, 2.9268, 0.1298, 3.0833,-0.607 , 2.7074, 0.2566]
[ 3.6981,-3.7191, 1.2671, 1.3205,-0.0938, 1.7896, 0.8132,-2.8245, 1.0367, 1.2195, 2.2689,-2.7248,-2.2219,-1.2996, 1.7869, 0.9103,-2.3991,-0.5957,-2.4405, 0.9972, 2.0313, 0.6279,-0.8678]
[ 4.4207,-4.133 , 5.4741,-0.6254, 0.8956, 1.7701,-2.7737, 0.9285,-0.1949,-1.5731,-2.3414, 2.3408, 2.3319,-0.1563, 0.7457,-1.817 , 1.1371,-1.6204, 2.9067, 0.9916, 1.4821, 0.4708, 0.7791]
[ 4.7588, 2.4768,-2.428 , 1.1654, 2.9825,-1.1427,-3.0791, 2.0937, 0.7602,-2.3939, 1.4073,-1.7526, 1.6317,-2.944 ,-1.4629,-1.6242,-0.2349, 0.1169,-1.8193,-1.7376,-0.6446,-3.0631, 2.4003]
[-5.2017, 4.4304, 4.4881, 0.198 ,-1.4178, 3.0033,-0.5175,-2.5176, 2.5259,-2.1324,-0.2286,-2.4711,-1.1427, 1.3646,-1.0036,-3.025 ,-2.3379,-0.0229, 2.1223,-0.8297,-1.4035, 0.3483,-2.9305]
[-5.3525,-1.9758, 5.1199,-1.8211, 1.1213,-2.148 , 1.0953, 0.2993,-0.6783, 1.383 , 2.4905,-0.3272, 1.2097, 0.0768, 2.3688,-1.5315,-2.8027, 0.4491,-1.7818,-1.321 , 0.9351, 2.5595, 1.353 ]
[ 5.4054,-0.3333, 3.7647,-1.3452, 2.0457, 2.2404,-2.8863,-1.1686,-0.8877,-2.4725,-0.2084,-0.9014,-0.1814, 1.8898, 0.6833, 1.3216, 2.1546, 1.3261,-2.0274, 0.8171,-0.6128, 1.4065,-0.8554]
[ 3.8317, 1.7104,-4.9216,-0.8218, 2.356 , 0.6749, 2.199 ,-1.3204, 2.5346, 1.4515,-2.0036, 1.9345,-2.2265,-0.9788, 1.9611,-2.26  , 0.5778,-1.4941,-2.9249,-0.2614,-1.9583,-0.5988,-3.0799]
[ 0.2176, 1.8993, 3.406 , 0.5932, 2.9129,-1.2892, 0.2646, 1.6773, 2.8984,-0.9146, 0.4887,-2.7311,-2.9492, 2.0546,-1.9515, 1.4417, 2.4536, 1.5568,-0.0807, 1.7761,-3.1011, 1.8447, 2.8569]
[-3.4083, 4.8027,-5.0762,-1.9907,-3.126 ,-2.2047, 3.0317, 1.2664, 2.1764,-2.9406,-1.8484, 0.2219,-1.7452,-0.8434, 1.1571,-1.5257, 0.3076,-1.9315,-2.0876,-2.8398, 2.9172,-0.1633, 0.3976]
[ 0.1145, 1.0564,-1.3745,-2.8098,-0.4172,-2.8141, 3.0896, 1.2369,-1.182 ,-1.8562, 1.5195, 1.0591, 2.1039, 0.4476,-0.6632, 2.353 ,-2.5808, 2.1156, 3.0306, 0.006 , 0.6186, 0.983 ,-0.4074]
[-2.8271, 3.9048, 1.5436,-1.3852,-0.9976,-1.1339, 0.0372,-0.0188, 2.1869, 0.6775, 3.123 ,-1.6394, 1.5792, 1.9616,-1.0721, 2.1606, 1.102 , 2.1973, 0.1227,-1.3329,-2.0829,-1.259 ,-1.0363]
[-5.1729e+00, 5.2965e+00, 1.8296e+00, 7.3598e-01, 2.1422e+00,-1.1543e+00,-1.5473e+00,-2.0122e+00, 4.9482e-01, 3.0073e+00, 2.2533e+00,-4.4199e-01,-1.7958e+00,-2.6575e+00, 1.2826e+00, 1.6764e+00, 1.7091e+00, 8.8825e-01,-1.8203e+00, 2.9615e+00,-2.5036e+00,-4.0719e-03,-1.4868e-01]
[ 3.1145, 5.3766, 1.4062,-1.7952, 1.8146, 0.7995, 3.0015,-1.0304, 0.7633,-2.4262,-1.0136,-2.4344, 2.8678,-0.9555, 1.9605, 1.4691,-0.3598, 2.6646, 0.9522,-2.0639, 2.2957,-2.6508,-2.6204]
[-4.6357,-5.0906, 0.517 , 1.0338,-2.5444,-2.5805, 0.678 , 1.6862, 2.1064,-0.5776, 0.6151, 0.5087,-2.2771,-2.1794, 2.8503,-1.8107, 1.3892,-1.3412,-3.0824, 2.9716,-0.2337,-1.0184, 2.9876]
[-3.9237,-0.3197,-3.5599,-2.169 , 1.7655,-0.785 ,-0.2504,-0.8942, 2.7098, 1.1539,-2.0851,-2.5121,-0.7876,-3.1175, 1.5848,-0.54  ,-2.7643, 3.0683, 0.6095, 0.3737, 0.9927, 0.4468, 0.3931]
[-5.1912, 3.9123,-1.9669,-1.0218,-0.5885,-1.4895, 1.0414,-2.868 , 2.5685, 2.2643, 0.4003, 0.3128,-2.8771,-1.0296,-2.0935,-0.6801,-2.4241,-1.656 ,-1.6754,-1.2095,-1.5579, 1.035 ,-2.8037]
[-0.7058, 2.9585,-3.2955,-1.7909,-2.1149, 1.2482, 0.146 , 1.011 ,-0.8595, 2.4977, 2.3418, 2.2653,-0.0497, 2.9175, 2.0474, 0.3391,-0.6527,-0.0854, 1.2571, 2.9949, 3.028 ,-0.8258, 2.972 ]
[ 2.691 , 5.1515, 4.0137, 0.1194, 1.8733,-1.3085, 0.1577,-1.629 ,-2.2913,-3.0211,-1.3272,-1.9736, 2.1048, 1.2674,-1.8902,-0.6293,-1.1208,-3.0913,-0.66  , 2.1639,-2.9702,-0.3171,-0.9494]
[-3.389 ,-0.992 ,-2.649 ,-2.8261, 2.1628, 2.5449,-0.9048,-0.1352,-0.7696,-2.8926, 1.4345,-1.3927,-0.1619,-1.8266, 2.5377,-0.183 ,-2.2194, 1.0255, 1.1782, 1.5184,-0.6491,-2.1893, 2.2041]
[ 2.5945, 2.7534, 2.2329, 2.3368,-2.963 , 0.7155,-2.6087,-1.2824, 0.2495, 2.0637,-2.7659,-0.8388,-0.3558, 2.909 , 1.1787, 0.6899, 1.6883, 1.2646,-0.1513,-2.661 ,-0.02  ,-1.9496,-2.1728]
[-1.197 ,-0.2125, 2.0217,-2.0996, 3.0821, 1.4335,-1.6449, 2.1704, 3.0405, 0.1264, 2.9412,-1.5056, 0.9242,-0.3574,-1.4935,-1.5844, 2.5085,-0.199 ,-1.1902,-2.993 , 2.2576, 3.1153, 0.5186]
[-3.0887,-2.3698,-4.119 ,-1.5279, 1.7396,-2.2826,-1.3891,-1.2927,-0.691 ,-1.6719,-2.2246,-0.0654,-1.1552,-0.0486,-0.9059, 2.1583, 0.8379, 0.0179, 0.2026, 3.0636,-0.0706, 0.8968, 0.952 ]
[-0.0882,-1.865 ,-3.1667, 2.3244, 2.0993,-2.9057,-2.3589, 2.3351,-2.3219,-0.3626,-0.7655, 2.3567, 1.4921, 1.1898, 3.1199,-2.4295,-1.7393,-0.1603, 2.5352,-0.7155, 2.9986,-0.4486,-1.4622]
[-2.9967,-1.2232, 4.7911, 2.6313,-1.8496, 0.8598, 2.3932,-1.4892,-0.8889, 2.817 ,-0.602 , 0.2742, 1.0442, 2.2362,-0.9021, 1.1061, 2.3839,-1.0572, 1.5297,-2.4359,-1.809 , 2.2348, 1.812 ]
[-0.6213, 4.9383, 4.6112, 1.8551, 0.7559, 1.1783,-0.1156,-0.9299,-0.772 ,-1.5388, 3.1372, 0.7693,-0.3433, 2.3157, 2.2419, 1.3861, 0.7042, 0.3517,-1.1896,-1.9228,-0.6848,-1.6351,-2.5811]
[ 2.3316, 2.1068, 4.6602, 2.3258,-1.221 , 0.6719, 1.0449,-2.7284,-0.3671, 2.0827, 2.1037,-2.5262,-0.7298, 1.606 ,-0.4149, 1.5765, 0.7235,-1.1234, 0.1074, 2.3242,-1.1416,-2.4251, 1.9548]
[ 1.449 ,-4.3391,-4.4618,-0.7028,-0.2576,-1.8027, 1.6273, 1.8909,-1.8638,-1.992 , 0.2993,-0.7374,-0.2881, 3.0709,-1.7662, 1.4521, 2.3661,-1.1863, 2.0951, 1.9616,-2.6117,-3.1083, 0.8408]
[-3.7061, 4.1429, 2.7026,-0.5487,-0.2521,-1.9908, 1.3553,-0.6853,-0.1646,-0.1385, 2.7156,-0.0895, 2.1345,-2.7942,-1.0384,-2.4776,-2.7065,-1.3384, 2.2496, 0.7397, 2.8479,-2.1206,-1.2908]
[ 4.353 ,-5.065 , 3.6537, 0.509 ,-1.0586,-1.5222,-0.0437,-0.4677, 3.0465, 0.7786, 3.1074,-2.5025,-0.9726, 1.8545, 0.0294,-2.11  ,-3.1414, 1.2969,-2.5061, 2.7271, 1.144 , 2.3185, 2.3063]
[ 2.2474,-4.401 , 1.8731,-2.8977,-0.0999,-1.9889, 0.997 , 2.3201, 3.067 ,-2.0231,-1.8745, 2.5945, 2.6644, 0.4587,-3.0366,-0.1362,-1.3706,-0.7111, 3.077 ,-1.3838,-0.4203, 0.9453, 0.1669]
[-1.5753, 4.7278,-0.6839,-0.5208, 1.1066, 2.6981,-0.4555, 1.6331, 2.5775, 2.1367, 0.2864,-2.1825, 0.7913, 0.1564, 2.8655,-2.2695, 1.7213, 1.2009, 0.312 ,-2.6909,-2.3968, 0.8776,-1.1913]
[ 0.8108,-5.2563,-3.6155,-2.7617, 2.0789,-0.151 , 1.8521,-2.5737,-2.624 ,-1.8761,-0.436 ,-2.32  ,-2.2809, 1.373 , 2.5708, 1.7923, 2.5539,-2.5264,-1.6794,-1.0144, 1.5313, 2.07  ,-1.9301]
[-1.0698, 2.1961,-4.3823, 1.8363, 1.692 ,-1.484 , 0.1222,-0.5475,-1.5782,-2.8613,-0.63  , 2.3962, 3.0645, 2.0946, 0.2527, 1.6483, 2.5394, 1.0768, 1.7722,-2.1506,-1.2464, 1.6372,-1.3622]
[ 1.1982, 3.8448,-4.7794,-0.6262,-1.6093,-0.0881, 0.315 ,-0.4773,-0.1646, 0.5885,-0.7993,-2.3956,-0.005 , 0.4794,-2.9294, 0.2206, 1.3148, 1.919 ,-0.1032,-0.1232,-2.2731,-1.4063, 1.2787]
