[ 5.4298,-3.5446, 0.9312, 1.0493, 1.4392, 0.1281,-2.2582, 1.1881,-1.3339, 1.8308, 1.1857, 2.1809,-0.2926,-1.9272,-1.0747, 2.3193, 2.2391,-1.9896, 2.8345, 2.6344]
[-4.3271,-3.2247, 2.3588,-0.3202, 1.5848, 2.3113, 1.3052, 1.2889,-0.9758, 2.7164,-2.3592, 2.2864,-2.7544,-1.0797, 3.1099, 0.0688,-0.7265, 1.2784,-0.3005, 0.6445]
[-0.1601,-2.3096, 2.7329,-1.5667, 1.0185, 0.5492, 1.974 ,-0.6198,-2.9529, 0.9116,-1.6013,-0.1989, 0.3715, 2.34  ,-1.415 , 0.4707, 1.1215, 0.3397,-1.3478, 1.0745]
[-0.3582, 1.6384,-2.8272, 2.6825,-2.1536, 1.8115, 1.7463, 2.1162,-1.9789, 1.1767, 1.333 ,-1.469 ,-2.7367, 0.208 , 1.3265, 0.1532,-0.7446,-0.3172,-1.5442, 1.6419]
[-1.8954,-0.3486, 2.0667, 2.9872, 0.912 , 2.7851,-1.2138,-2.5766,-1.6169,-1.5405,-2.2469,-1.7537,-2.3501,-1.1796, 1.2687, 2.0428, 1.3598,-1.4491, 2.4877, 0.4224]
[-2.9229, 2.6637,-0.4073,-0.5085, 1.9957,-2.0323, 0.9155,-2.8722,-1.7869,-0.8607,-1.828 ,-0.2772,-2.5884,-0.3897,-1.025 ,-1.2235, 0.512 ,-1.5855,-2.9485,-0.2132]
[-5.2646, 5.3571, 4.4437, 3.0827, 1.3949,-0.6545, 0.9994,-1.696 ,-1.6603,-0.3067, 0.204 ,-1.6099, 0.8579,-1.9092,-2.7309, 1.491 , 2.1239,-1.9932, 0.0848,-1.1537]
[-4.0559,-0.3981, 2.9616, 0.4542, 1.0016,-0.9792, 0.5895,-1.7014,-0.3818, 2.5223,-0.6048,-1.0106,-0.5238, 0.3792, 0.6037,-0.1831,-3.1226, 0.6463,-2.3521,-3.0481]
[-1.4876, 3.0104, 0.5913, 2.5433, 0.3593,-0.0897, 2.3791, 0.9652, 0.9056,-0.296 ,-1.5959,-2.4271,-1.0727,-0.9079,-0.0904,-1.9727, 3.0138, 1.133 ,-1.087 , 0.8873]
[-1.7456,-0.0298, 1.0996,-2.4482, 2.2338,-2.5347, 0.6901, 1.6965,-0.9786, 1.8916,-2.6065, 0.3936, 1.6361, 0.385 ,-3.137 , 2.5294, 2.179 , 1.5986, 2.323 , 2.1966]
[-4.6387, 4.2173, 4.5293,-2.5935,-1.7301, 0.4111, 1.1297,-2.2335,-1.3099,-2.8542, 3.1111,-0.8497,-3.1239,-3.0705, 2.8903,-1.8281,-2.2223, 1.8925,-2.6541, 2.3525]
[-2.0283,-4.6836, 0.9773, 1.2756,-1.7722, 1.659 ,-1.399 ,-1.7195, 2.7924,-2.4571,-1.5418, 1.6966,-0.7801,-2.3342,-1.9148,-2.5903, 2.9707, 2.0536, 2.435 , 1.9778]
[-2.2094,-5.1623, 5.0845, 0.3897,-1.2405, 0.0457,-2.1997,-0.4574,-0.4112,-1.6961,-1.8968,-1.6577,-1.0032,-2.7538,-1.4632,-2.4485, 2.51  , 2.6672,-3.1175, 1.6191]
[-2.7369, 4.5018, 2.6825,-1.6441, 0.045 , 3.0224,-1.7376,-1.545 ,-0.3817,-1.1818, 2.2558, 1.8249,-2.1943, 0.6838,-1.4434, 1.5937, 2.7156,-0.4583,-3.0976, 2.6226]
[ 4.5233, 4.5044, 3.7078,-0.0684, 1.6777,-0.3558,-2.7624, 0.8054,-1.1547,-2.1389, 0.0469,-1.7855,-2.6913, 1.2265, 0.9579,-0.2068,-0.4369, 0.8202,-1.3986,-2.3047]
[-4.4058, 0.5284, 0.5044,-1.398 ,-3.0461,-2.429 , 1.8868, 2.3351, 1.419 , 1.604 ,-3.0848,-0.8656, 0.5676,-2.1562, 0.5818, 2.5417,-1.0677,-2.7691, 0.5014, 1.8003]
[-2.5551, 5.1877,-2.6349, 2.2803,-1.4623,-1.9283,-2.9388,-1.695 , 0.4397,-1.1436,-1.8415, 1.3442, 0.3316, 2.3441, 1.5999,-2.1535, 2.4419,-0.6971, 2.3812, 0.9236]
[-3.2938,-3.1164, 2.8466,-2.1207, 2.5587,-2.7518,-1.3861,-2.6534, 2.3403,-0.26  ,-2.184 , 0.8502, 2.0907, 2.7748,-0.8134,-0.5791,-0.4646,-0.2233, 1.0377,-0.2811]
[ 1.4367, 1.5991,-5.3375,-1.5964,-0.2743, 1.0187, 0.341 ,-1.9582, 1.9489, 0.4129,-2.9812, 0.0874,-1.5394,-1.3692,-0.2566, 2.3453, 1.2271, 2.42  , 0.8517,-0.2729]
[ 3.9545,-3.7413,-0.6911,-2.2486,-1.3927,-1.4639,-3.0999,-2.0983,-2.7092, 0.725 ,-1.5497, 0.8015,-2.4149,-1.1669, 1.4114, 1.5605, 1.7262,-2.4596,-1.2931,-1.4173]
[-2.3312,-2.2906,-3.6861,-0.857 , 3.12  , 0.3171,-1.199 , 0.7352,-2.2155,-0.7106,-1.2736, 0.9043, 2.0345, 0.169 , 2.5024, 1.2349,-2.6884,-2.8527, 0.6151, 1.1175]
[-0.3781, 4.6375, 3.1202,-2.4912,-1.6749,-1.5651,-2.3049,-0.2456,-1.358 ,-2.8495, 1.3813,-0.6126, 2.7651,-2.2715, 0.1834, 0.8195, 3.0104,-1.9516, 1.1907, 0.2846]
[ 1.172 , 5.3336,-4.7036,-2.6243, 0.2338, 0.5247, 1.7943, 1.2919, 0.7835,-0.655 ,-0.7975,-2.4741, 1.5483, 2.6772, 1.1551,-2.5438, 1.2428, 0.0651,-1.0957,-0.7123]
[ 3.7558, 4.4218,-4.3934, 1.0882, 2.0975,-2.9012,-3.1372, 2.3762,-2.5177,-0.3265,-1.8641, 0.508 , 0.6979,-2.3674, 2.97  , 1.9074,-1.9247,-0.3571, 1.1031,-2.6012]
[ 3.264 , 3.3634,-3.9391, 1.9972, 2.8272, 0.4191, 0.7369,-1.3286,-1.9851,-0.688 ,-0.2092, 2.4624, 2.5937,-0.272 ,-0.9514,-1.3526,-0.5983,-1.8904, 1.6779,-2.1058]
[-2.4529,-0.8331,-1.4528, 2.2201, 2.7835, 2.5059, 0.0158, 1.4976,-0.5872, 0.9179, 0.4335, 2.11  ,-1.7758,-0.6764, 0.598 , 0.4163,-2.1517, 1.0955,-1.3577, 0.2408]
[-1.3003, 4.3836,-3.4033, 2.9527,-0.9104,-2.7239, 2.2592,-0.8955,-2.9316,-0.4319, 0.7815,-0.0634, 1.9611, 3.0369, 0.3716, 0.0758, 1.706 , 1.6811, 2.3292, 3.0484]
[-5.1523,-4.5885, 0.9332, 0.6488,-1.6608,-0.1085,-1.2084, 0.2673, 1.1083, 0.4103, 2.9291, 0.9101,-1.0756, 2.7253, 1.4454,-2.9869,-1.4414, 1.7296, 0.1733, 2.8968]
[ 2.4568, 4.4852,-3.8145,-0.0217, 2.6324,-0.5474,-2.8929, 0.5622, 2.7298, 0.8394,-1.6138, 2.9558,-0.5281,-0.6383,-0.2466, 2.215 , 0.0793,-0.401 , 2.992 , 2.8214]
[-0.0131, 4.3587,-3.5031, 0.6577,-0.8137,-2.3754, 1.0715, 1.4276, 2.7796, 1.1239,-1.1453, 0.202 ,-2.5695, 1.7837,-1.9078,-0.8498, 1.911 , 0.1418, 1.5737, 1.8559]
[-1.0542, 1.8288, 4.0831, 0.8308, 0.6741,-2.67  ,-1.1303,-2.438 ,-2.3938,-2.411 ,-1.4252,-0.5394,-1.2169,-1.7775,-0.7498,-0.7909, 2.6688, 2.7258,-0.9886,-1.2912]
[-1.556 ,-2.6187,-0.9069,-1.7812, 1.472 ,-2.5043,-2.4844, 0.3973,-0.592 , 1.7932,-0.617 , 3.0859,-1.5624, 3.064 ,-1.6797, 2.4708, 1.1602, 2.0601, 2.719 ,-2.6748]
[ 2.9211,-1.5221,-1.8897, 3.1174, 2.1142,-1.089 , 2.1899,-1.6953, 0.765 , 1.4367, 0.7127, 2.4162, 2.7018, 0.6335,-1.5101,-3.0412,-2.5421, 0.3491,-0.315 ,-3.056 ]
[ 2.2631, 1.7925,-4.1269, 1.5968, 2.5751,-2.899 , 2.5018,-2.8686,-0.0973,-2.2915, 1.4202,-0.988 , 1.1858,-0.1281,-2.8705, 2.0511, 2.5847, 1.5917,-0.8317, 2.7702]
[ 2.1992,-4.2663,-0.9327, 2.8715,-0.4318, 1.9742,-1.4718, 2.4134, 2.9208,-1.4311,-1.8739,-0.0772,-0.319 ,-2.2132, 0.6608,-1.6461, 0.4587,-1.8906, 1.6891, 1.2917]
[ 1.1044,-5.271 ,-4.4956,-1.1201, 0.5347,-1.5404, 0.0235, 1.8327, 1.5997, 0.8222,-2.1561, 0.6007, 0.3566,-1.0328, 2.1641,-3.0745, 0.8119,-2.482 , 2.6853,-1.3165]
[-2.3541,-2.5905, 1.6219,-1.1051,-2.8909,-0.0253,-0.0428, 1.7465, 1.3095, 3.0165, 2.9728,-0.5293, 0.4875,-1.4268,-0.7758, 2.2819,-2.7513,-1.5425, 1.4028, 1.5369]
[ 1.2608, 1.5424,-3.4723, 0.9937,-0.6135,-0.3367, 1.9568, 0.1177,-0.1672,-2.8406, 0.0996, 2.3778,-0.4404,-2.5905, 0.2881, 2.4865, 2.2601, 2.1873, 2.6584, 2.2155]
[-0.2402,-4.2033, 0.3427, 2.2374, 1.2275,-2.737 , 1.4651,-0.2099, 1.4526, 2.1126, 2.1485, 2.3609, 1.0258,-2.1299,-1.9806, 1.3891,-2.0333, 0.3076,-1.8985, 1.5642]
[ 0.692 , 1.9099,-1.3087,-1.6055,-3.0655, 0.7923, 2.0851,-2.4166,-1.0706, 3.0985,-1.7206, 2.3941, 2.5242,-1.3596,-3.0022,-2.8751,-0.6056, 2.3672, 2.6781,-2.7976]
[ 2.1346,-2.6109, 0.9496, 1.1579, 1.1947,-1.3497,-1.8011, 0.7259, 1.0072,-2.7392,-1.9929,-0.2783,-2.0525, 1.1426,-3.0499,-2.4484, 2.317 ,-2.6848, 1.0406, 1.347 ]
[-1.8432, 1.9363, 0.5554,-0.1876, 2.9225,-0.823 ,-2.2046, 1.2089,-0.5084, 1.0768, 1.1412, 0.2203, 1.1809,-0.1794, 0.6481,-2.625 ,-0.147 ,-2.1223, 2.1016,-2.1813]
[-1.5927,-2.1085,-4.7224,-1.4558,-2.8367, 1.6898, 2.0686,-0.4184,-2.9841,-1.3999, 0.3081,-0.0796, 0.1815, 0.8093, 2.942 , 2.4785,-2.0437,-2.0898,-1.6875, 2.0779]
[ 1.5477, 3.6877, 4.801 ,-0.1248,-2.0832,-0.0751, 1.7999,-3.1084,-0.5944,-1.2749,-0.4306, 0.292 ,-0.3046, 2.2366,-1.7697, 1.1385,-1.7734,-1.6342,-2.0581,-1.0959]
[ 4.3469, 0.0729,-2.3242, 0.3387, 1.6505,-2.3325,-1.6935, 2.2996, 0.8943,-1.3178, 1.2377,-2.0969, 1.9518, 0.6804, 2.5879,-1.9201, 0.967 ,-1.1878,-0.3499, 0.2838]
[ 3.5194,-4.9881, 2.9334,-0.6796,-1.8365,-0.3993, 2.7075,-1.0086, 1.0159,-2.8923, 1.0109, 0.5293, 2.2986, 1.4969, 1.3792, 1.0001, 2.8661, 2.9414,-1.4001,-2.4017]
[ 3.6921, 2.2494,-2.2852,-1.3712, 1.7301, 2.694 , 3.0731, 0.2479,-2.1754,-0.3331, 0.3987,-0.4077, 1.0193,-2.8345, 1.2044,-2.8137,-0.3712,-1.2658,-0.0478,-0.813 ]
[-2.1403, 5.2113, 3.0428, 2.1643, 0.7994, 1.0875, 1.0056,-1.5299, 1.6449, 2.4776,-2.2395,-2.4031, 0.1146, 2.5916,-2.3204, 3.0013, 0.9536, 1.9443, 2.5702, 2.1582]
[-3.4644, 2.5579,-1.8877, 1.8976, 0.5963,-1.1544,-1.8932,-2.0942,-0.4858, 1.5275, 1.3165, 2.4272, 1.0833, 1.0347, 3.0036,-0.7153,-2.9631, 0.8847,-0.6877,-1.7583]
[-2.6618,-2.6922,-1.1126,-0.2525, 2.3259,-2.4582, 0.4461, 2.6492,-2.5258, 2.0242,-1.6633, 2.7797, 1.936 , 2.5769,-0.8031, 1.184 ,-0.7586, 1.1145, 2.7949, 2.7769]
[ 0.9116,-3.9423, 1.1246,-1.5882,-1.0092,-0.3902,-0.0542,-0.1554, 1.9134, 0.0132, 1.9661,-1.8692,-1.9599,-0.9036, 2.378 ,-2.8164,-1.2124, 2.0193, 1.9605, 2.8252]
[ 4.022 ,-4.1799,-1.7874, 1.7799, 2.3609,-1.4389,-2.6018,-1.4972,-2.1383,-0.7468,-1.0096,-3.0622,-1.8854,-2.4539, 1.8227,-0.2363,-0.4149,-0.2516,-2.3239, 1.2531]
[-3.2980e+00,-3.3107e+00,-2.5486e+00,-5.6853e-01,-2.0649e+00, 1.7667e+00, 1.3400e-03, 1.2976e-01,-2.1549e+00, 1.7722e+00,-1.6215e+00,-2.3990e+00, 2.0371e+00, 2.8974e-01,-1.5077e+00, 2.1448e+00, 8.2729e-01, 8.3257e-01,-1.8716e+00, 3.0425e+00]
[-2.0588,-1.0771, 4.2714,-3.1204,-0.3667, 1.0552, 2.1982, 2.253 , 1.3702, 2.8616, 2.0053,-1.8936, 1.3624,-0.3277, 2.4517, 1.0405, 1.9077, 0.4549, 2.3955,-3.099 ]
[-5.4735, 1.5299, 0.2923, 1.0912, 0.387 , 1.7286,-2.6242,-2.0138, 0.3384,-1.9922, 2.5944, 1.3071,-2.1099,-0.5239,-0.4778, 1.2589, 0.1467, 3.063 ,-2.3708,-0.2382]
[-4.1951,-3.993 , 1.0437,-1.1994, 2.9735, 0.3459,-1.026 ,-2.1723, 2.7438,-0.6262, 0.7467, 0.5036, 1.4935,-2.0609,-1.7234,-2.498 ,-1.8743,-2.1621,-2.0263,-0.894 ]
[ 4.832 ,-2.6047,-4.7828,-0.9268, 2.2431, 1.2565,-3.0587,-1.1991,-0.5944,-0.0412, 2.6178, 3.0633,-1.4181, 2.4434, 1.9103,-2.8145, 0.8048, 0.5414,-1.2271,-1.2001]
[-2.184 , 5.1414, 2.2585,-0.2772, 2.2695,-2.5769, 1.0815, 2.2324, 3.1335,-0.1207, 2.9956, 1.8419,-0.4916,-2.7331, 1.2136, 0.0973,-1.6218, 2.7125,-1.6903, 0.864 ]
[-3.0109,-5.3784, 1.6409,-0.3516,-1.8875,-0.2708, 1.8261, 1.2668, 0.6305,-1.3751, 2.4816,-0.1723,-2.9496, 0.0672,-1.0094,-0.4948, 2.3753,-2.2003,-0.9604,-1.3166]
[ 3.1735,-3.6939,-4.5845, 0.3184, 1.7769, 0.0367,-2.1217, 1.9309, 2.431 ,-2.9922, 0.6397, 2.7951, 0.1174, 2.7952,-0.8228, 0.8399,-2.6786, 1.232 , 2.4556,-2.5149]
[-4.9742, 0.9146, 4.5097, 2.6171,-2.344 ,-0.5431, 0.254 ,-0.241 ,-1.9574, 0.5039, 1.7471, 2.2664, 1.7293,-0.3914,-0.0622,-0.875 , 1.7421, 1.8176, 2.4489,-0.7617]
[ 3.7919,-2.3525,-3.8357, 2.2207, 0.8746,-3.0441,-0.0666, 2.03  , 0.8175,-0.7524, 2.7542,-2.3604,-2.8581, 2.701 , 0.6899,-2.0044,-2.0521, 2.2541,-3.0072, 1.2871]
[-4.0699, 1.788 ,-1.9157,-2.5699,-1.9261, 0.8447,-1.4835, 1.8386, 1.1768, 2.226 ,-2.2306,-1.9413,-1.4586, 2.1362, 2.4459,-0.4134,-1.4288, 1.5703, 1.0768, 3.0047]
[ 3.5157,-1.9761, 5.4105,-1.207 , 1.0461,-2.4353, 0.2464, 1.5792, 1.5648, 2.1881, 1.1145, 1.8405,-1.6485, 1.141 ,-0.8525, 3.0071,-1.1796,-0.6015, 2.5629,-1.725 ]
[ 1.3399,-1.5862,-0.5834,-2.9249, 2.8982,-1.942 ,-0.0318, 0.8284, 2.5943, 2.979 ,-2.7576,-0.5087,-0.4928, 0.5993, 0.5179,-1.0601, 1.7126, 3.0626,-1.8327, 0.3811]
[-0.0384,-4.9856, 0.6264,-2.6295, 2.3149, 0.8451,-1.7613, 0.2699,-2.2068,-0.0591, 2.8706, 0.5249,-1.7936,-0.1903,-1.8539, 1.4603,-0.691 ,-1.1433,-1.6681, 2.5936]
[-2.2621, 1.2624, 4.1609, 2.7694, 1.2819, 0.4747,-0.1202,-0.9838, 1.4097, 0.9473, 0.9775,-3.0936, 1.4673,-1.7977,-2.8652,-1.7238, 2.3141,-1.1085, 2.6404,-0.5829]
[-1.2959, 0.0917, 2.172 , 2.5697,-0.7474,-0.5728,-0.1055, 1.2054, 2.4385, 2.8793,-2.4891, 1.8437,-2.2789, 0.9861,-1.1285,-1.5695,-2.059 ,-0.494 ,-2.0821,-1.5195]
[ 5.2152,-5.1333,-3.6826,-2.8818,-1.0348, 0.5353, 0.0387, 2.0435, 0.221 , 1.2924,-0.8559, 0.9912, 0.135 , 1.0461, 1.8439,-1.2008, 0.9154,-0.8895, 1.1618, 0.4151]
[-0.8764,-5.0814,-3.7869,-3.0947,-3.0692,-1.1422,-2.5153,-0.6129,-0.3652,-0.5221, 1.1961, 1.2644, 0.3784,-1.677 ,-0.996 ,-0.1746, 2.3872,-2.6568, 1.8659, 1.9415]
[ 2.3936,-4.991 , 0.9612, 3.1073, 1.4436, 2.874 , 2.5523,-0.361 ,-0.293 , 1.5489, 2.8657, 2.5358,-0.4181, 2.6565,-0.1534, 2.1349,-2.8094,-2.5767,-2.6433, 1.9517]
[ 4.9783, 4.2636, 1.2202,-1.7344,-1.035 , 1.4288, 1.3015,-2.8676,-1.5088,-0.752 ,-3.136 , 2.6157, 1.3836, 1.2595,-1.563 , 0.3577, 2.3204,-0.0713,-2.4244,-2.8182]
[ 1.0881, 1.4338, 5.3878, 1.6014, 2.6867, 0.7197, 2.2453, 2.9672, 2.6394,-2.9718, 2.9041, 0.2926,-0.0903, 0.0749, 2.8988,-2.8037,-2.6568,-1.8078, 1.3107,-2.0313]
[ 3.2899, 3.4805,-3.4518, 0.5484, 3.0695,-1.8449,-0.6019, 1.1249,-1.4319, 0.7809, 0.7404, 0.7505,-1.8219,-1.1163, 1.3575, 1.803 ,-2.7441,-1.7756, 1.7797,-1.1315]
[ 3.086 , 0.0966,-3.8748,-2.6025,-1.4073, 2.9528, 1.5997,-2.0076, 0.1974, 0.9224, 1.2398,-0.8944, 1.5198,-2.579 , 2.3866,-2.0478, 1.2265, 0.9905, 1.6873,-3.0388]
[ 2.909 , 2.4305, 2.8074,-2.6482, 2.6082, 0.8313, 2.0709, 2.5118, 2.5175, 1.9972, 1.7757, 1.2611,-1.7486, 3.1117,-0.0183,-1.0356,-2.9051,-0.7053,-1.4842, 2.2507]
[-3.7224e-01,-4.3417e+00,-1.7289e-01, 3.4623e-01, 3.1329e+00,-2.3893e+00,-2.1432e-01, 2.4049e+00,-1.3710e+00,-3.0408e+00, 6.4873e-01, 2.1275e-03, 1.6612e+00, 6.7025e-01, 2.7805e+00, 1.2748e+00,-1.3100e+00, 1.1224e+00,-9.2199e-01, 2.0432e+00]
[ 1.0244, 0.8911, 1.7602,-0.8956,-2.0646, 2.7286, 1.5075,-2.6185, 2.2013, 2.9402, 0.9976, 2.4185, 0.2839,-0.1449,-1.6958,-0.3088, 2.0184,-0.5187, 2.0115, 3.116 ]
[-2.8313, 3.6706, 3.3632, 0.6731,-2.7444, 1.9951,-0.0333,-2.038 , 0.3478,-0.5263, 0.7863, 1.8771, 2.4024, 2.0917,-1.2662, 0.9881, 1.4026, 2.216 ,-1.9837,-2.3919]
[-1.919 , 2.0982,-5.2508, 2.2919, 0.722 , 2.7161, 2.6109, 2.6958, 1.4084,-3.0513,-2.932 ,-2.922 , 2.7508, 0.5279,-0.5797, 0.4801,-0.6201,-1.0141, 1.6121,-2.6097]
[ 1.9835, 0.066 , 5.0153, 0.4726, 1.9244,-2.4081, 1.9404, 3.1382, 2.8453,-1.8238,-0.621 , 0.2346,-0.3652,-0.1291,-2.9114,-0.5123,-2.2093,-1.8349, 2.7877, 1.1194]
[ 1.3989,-4.7129,-1.6489, 1.8091,-1.0744, 1.3913, 1.5248, 0.5119,-1.0651, 1.6544, 1.2903,-1.2283,-2.8469,-0.8555, 2.886 ,-1.1448, 2.9541, 0.8432,-2.0638, 1.6728]
[ 2.5674, 3.4305,-1.6657, 0.3979,-1.1188, 1.5711,-0.0449, 0.9518, 1.8504, 2.1319,-0.9732,-1.3956,-0.5304,-1.1556,-2.4076, 1.2813, 2.1473,-2.5081, 2.0664, 2.3136]
[ 1.9851,-1.7279,-3.4694,-0.9059, 1.0138, 1.8774,-1.0024, 3.1148, 0.2828,-1.09  , 0.7303,-0.9954,-0.878 ,-2.1537, 1.5194, 1.1146,-1.0429, 0.3016, 1.8142, 0.499 ]
[-0.1425, 1.0214, 5.0934, 0.8878,-2.9121,-1.8629, 0.4432,-1.1834,-2.3864, 2.153 , 0.3252, 0.0508,-0.5156,-1.8593,-2.4901, 2.1005,-1.6806,-0.8202, 0.4232, 0.2971]
[ 3.314 ,-0.6363,-4.6871, 1.8899, 2.4231, 1.4178,-3.0874,-2.2704,-2.6181,-0.2649,-0.1392,-2.0191,-0.936 ,-0.9351,-2.6388, 0.1659,-0.5414,-1.841 , 2.4159,-0.8918]
[-0.8841, 2.8457,-1.5715, 1.8133,-0.9721, 1.5016, 1.8969, 0.0287, 1.7309, 1.3004, 2.9399, 1.5461, 2.0624,-0.9391,-1.7633,-2.3401,-2.7296,-2.6829, 1.6109,-1.7401]
[ 2.7987,-2.9171, 1.8583, 1.8582, 0.0929,-0.8938, 0.3728, 1.0992,-1.241 ,-1.1885, 2.9305,-1.6207,-1.8489, 0.1489,-0.6918,-2.0608, 2.9533, 2.803 ,-1.7263, 1.5921]
[-0.1589,-3.2313, 0.1157,-0.8917, 1.6347,-0.9063,-0.4863, 1.4638, 1.3558, 1.9903,-1.8598, 2.8629, 1.6782,-1.1849, 2.0525, 2.0428, 0.8574,-2.31  ,-2.0285, 2.5492]
[-0.7387,-1.288 ,-1.9289,-3.119 ,-0.6164,-2.3556,-2.6755, 2.5275, 1.3844,-0.9109, 0.9457,-1.9419,-0.9664, 0.7263,-0.8027,-1.9036, 1.1016, 1.7622, 1.5354, 0.7495]
[-3.4816, 4.1766,-2.7408, 1.7289, 3.1131, 2.2305,-0.1282, 1.6806, 2.6696,-0.1366, 1.872 ,-0.1702,-0.1869, 1.7361,-0.2465,-1.9183,-0.7584,-3.0689,-0.6505,-1.5856]
[-4.6577, 2.3315, 4.8795, 3.0958,-2.2137, 2.5433,-1.3063,-0.6864, 2.5904,-1.7517,-2.4235,-1.1126, 1.5659,-2.4233, 3.0489,-1.2028, 0.8326,-0.7393,-2.7062,-1.6154]
[ 4.028 ,-0.7755,-0.0494, 1.1482, 2.4503, 1.5083, 0.9837, 2.5241,-2.3801,-0.1556,-2.7618,-2.1016,-2.7614,-1.9887,-1.0379,-2.3642,-1.0803,-1.2326,-0.9919, 0.2936]
[-2.3147, 1.0969, 1.2772,-1.0046,-2.2549,-0.0231, 2.8424,-3.1236, 1.5101, 1.6938,-1.4671, 0.7273,-2.2331, 2.8817,-1.3672,-3.0744,-0.1959,-2.7783, 1.1058, 1.5679]
[ 5.2801,-3.3936, 0.854 , 1.3181,-2.5934,-1.8805, 1.6196,-1.9657,-0.5559,-1.2787,-1.7038, 0.924 , 1.8887, 1.3369, 0.9692, 0.597 , 1.7913, 2.6661, 1.4988,-1.0918]
[-0.4434, 0.0383,-1.0608, 0.8687,-2.2827,-2.83  ,-2.2134, 2.6996, 1.3707,-2.7158,-2.7789,-2.6603, 1.8095,-1.2552, 2.1178,-1.0216, 0.4626,-2.4782, 0.2223, 2.6195]
[-2.1326, 4.2007,-0.2823, 1.6853, 1.6201,-1.2786, 0.4003,-0.3763, 1.1346,-2.1885, 1.675 , 1.3438,-0.0501, 1.348 , 1.5106,-2.0164, 0.3463, 1.3396,-1.1568,-1.2258]
[-4.8969, 2.1549,-2.8716, 1.4626,-2.1431,-1.6381, 2.2142, 1.9561, 1.3304, 1.4959,-1.9837, 0.8543,-2.9477, 2.7739,-2.4453, 1.7734,-0.6254,-1.4539,-0.1059,-0.9606]
[-3.2326,-1.5591, 3.0828, 0.2644,-2.2743, 0.5232, 1.0222, 3.0317,-3.0323,-2.3919, 2.374 , 0.8797, 0.0479,-2.9745, 0.0182, 0.4974,-2.1093,-0.5915,-3.0767,-2.5654]
[-3.4374,-0.7499, 0.7335, 2.8252, 0.5666,-2.0998,-2.7542,-1.0963,-2.6652,-1.5409, 0.8342,-2.961 , 2.9851, 1.5963, 1.8613,-0.4989, 3.0729,-2.2122, 1.3667,-2.8643]
