[ 5.0003,-3.9509, 2.997 , 1.3009,-0.292 , 1.9296, 0.2729, 0.0681,-3.0442, 2.5724, 2.5734,-2.1454, 1.9825,-0.9777, 1.8199,-0.0796,-1.1686, 0.5901, 0.0663,-2.5611]
[ 1.0209, 3.9751, 3.3767, 2.8462,-1.2281, 1.1974, 2.8252, 2.5692,-1.1801, 1.5597, 2.4014, 2.5063, 1.361 ,-3.1003,-2.2204, 2.5427,-0.0751,-0.5429,-2.3572, 0.8813]
[-0.5016, 1.7401,-2.3632,-2.8028,-0.9959,-2.4268, 3.1195,-2.3385, 2.7121, 2.8528,-0.2181, 0.9897, 1.6248,-1.2033, 1.4811,-1.151 ,-2.8434, 0.8118, 0.3425, 1.7361]
[-1.3746, 1.3318, 3.9353,-1.4604,-0.6337, 1.6695, 2.1216, 2.1969, 2.2289,-0.9782, 0.6941,-2.6775, 1.0374,-0.3045, 2.1271, 2.6177, 1.1172,-2.553 , 1.521 , 2.4762]
[ 3.6846,-1.5475, 3.5646, 2.1229, 1.8201,-0.2168,-0.3493,-0.6244, 1.9675,-0.5821,-1.8522,-0.2481, 0.1925,-1.596 ,-2.1547,-1.6181,-1.1915,-0.0059,-0.064 ,-2.2364]
[-4.4423,-4.5636,-1.0866, 1.2114, 0.6008, 2.8533, 1.053 ,-1.6876,-1.2739, 1.5078,-0.7502, 1.8559, 1.7823,-0.66  ,-2.8462, 1.6514, 2.5861, 0.5773, 0.0101, 0.11  ]
[-0.4497,-3.0892, 4.7652,-2.924 , 2.5183,-2.9601, 1.2136,-1.7371, 2.7677, 1.9725, 0.0944, 0.3205, 0.9583,-0.1876,-2.5425, 2.1407,-0.3162,-0.7534,-1.4242,-0.685 ]
[-4.2856,-5.4079, 4.9683,-0.5231,-0.3972,-1.7327,-0.5721,-2.1134, 2.4685, 0.8476,-1.7132, 0.3039, 0.2055, 2.4721,-2.0109,-1.2717, 0.4609,-0.0235,-0.2631,-1.9069]
[-0.1008,-4.4906,-2.7557, 0.5523, 2.2805, 0.0764, 2.6981,-0.6635, 2.5087, 2.1975,-0.5027, 2.7393, 2.4706, 0.6238,-1.3361, 2.669 ,-0.3969, 0.7337,-0.6877, 0.6413]
[ 3.5832,-1.6192, 1.5839,-1.759 , 0.2581, 1.8781, 0.8203, 2.6508,-0.5228,-1.588 , 1.9512,-0.6197,-2.9905,-2.2419, 2.5433, 2.7832,-1.491 ,-2.0332, 0.9119,-2.1079]
[-2.8471, 3.1483,-2.835 ,-2.2158, 2.5423,-2.2056, 2.6328, 0.6928,-1.7286, 0.7184, 1.0225, 0.8281, 1.0767, 1.3961, 1.0405, 2.2929,-1.5862, 0.56  , 1.4116, 2.8987]
[-2.8102, 0.7884,-5.426 , 0.4841, 1.8692, 1.2945, 2.9967, 0.8123,-2.6091, 0.8959, 2.0587, 2.1258, 0.5837,-0.1777, 2.1123,-1.2917, 0.0334, 3.1393, 2.0097, 0.0981]
[-1.4424, 5.4481, 2.7398, 1.1054,-0.906 ,-1.7207,-1.7962, 2.4064, 2.457 ,-0.8094,-0.1132, 2.803 ,-0.3009, 0.6125,-2.0843,-1.2812,-0.9713,-1.7268,-1.1141,-2.4971]
[ 0.2726,-1.5445,-2.5558, 2.168 ,-2.1151,-2.7991, 1.0435, 1.7932, 2.9818, 0.3213,-2.3357,-3.1104,-2.9433,-0.8803, 2.6438,-2.3283, 1.2486,-1.8704,-0.5654, 2.9599]
[ 2.8652, 1.8065, 0.6446,-2.0272,-2.2092, 2.7393,-0.768 , 2.228 , 1.3927, 0.5695,-3.1216, 0.4346, 3.0009,-2.777 , 2.4716,-1.8345, 2.1275, 0.1892, 2.8523,-1.8136]
[-0.1773, 3.5255, 4.6463,-3.1288, 0.6361,-2.0744,-2.6805, 1.5041,-1.975 ,-1.7086, 2.7734, 2.2161, 0.5817,-2.6678, 0.8536,-1.1674,-1.3358,-1.6797, 0.4676, 0.417 ]
[ 4.9651, 3.8749, 1.1226,-0.9327,-1.8772,-0.5997, 2.8667, 2.9817,-1.9701, 0.3583, 1.2746, 0.518 , 1.4655, 1.865 ,-0.9715, 2.485 , 1.5905,-1.3172, 2.5299,-1.7671]
[ 0.092 ,-4.5042,-3.2434, 1.2391, 0.2797, 0.5556, 1.8536, 0.4086, 3.071 , 2.8423, 1.2229,-2.6833,-2.7979, 1.4832,-1.4315, 2.8467, 0.7388,-0.7003,-2.2093, 1.2578]
[ 1.4626,-3.0096, 4.2517,-0.836 , 2.9127,-3.0547, 2.0599,-2.5543,-0.4804,-0.3072, 2.0072, 0.7947, 2.6652, 0.7614, 0.9295, 0.346 ,-2.4911, 2.6476,-2.3061,-0.6089]
[ 0.0659,-4.3774,-2.0219,-1.9189, 2.7737, 0.4645,-0.2065, 2.7735, 1.9511, 1.3753, 0.1646,-2.6126, 1.7286,-0.7618,-1.6608, 2.093 ,-0.8879,-0.1491,-2.2926,-0.8265]
[ 4.348 ,-0.3076,-0.3479,-0.3106,-1.8628,-1.7773,-0.3084,-1.1568, 0.5374, 0.1342,-2.2278,-1.4   , 1.5679,-0.901 , 2.8572, 2.5536,-0.2021,-0.3705,-1.747 , 2.7715]
[ 2.6851, 3.5602,-4.7578,-0.3991,-1.2091, 1.1164,-1.0639, 1.2137, 1.9617,-2.0603,-1.638 ,-1.7941,-1.9464,-1.6936,-2.4069,-2.1687, 2.1553, 2.2044, 2.6714, 2.6027]
[-5.1424, 2.8629, 5.1235,-3.0201,-0.2348,-1.1504, 2.2399,-0.5451,-2.9333,-2.0088,-1.0845,-2.4763, 2.8551, 1.6931,-1.4483,-2.7198, 1.1264, 1.371 ,-0.6254,-1.8795]
[-5.2825, 1.9083, 5.1157, 1.3055, 1.0873,-2.9819, 0.5533, 2.6517, 2.0784, 0.3791, 0.3268,-1.7376,-0.6595, 1.3416, 1.7294,-2.1218, 1.6259, 0.2261, 2.1494,-2.9835]
[ 4.8442,-0.9666,-3.8033,-2.9508,-2.6663,-0.1876,-1.2228,-1.5216, 1.2077,-1.0987, 2.2583,-1.444 , 1.9516, 2.3539, 3.0047,-0.8157, 1.726 ,-0.0963, 2.6465,-0.5802]
[ 4.8066, 2.6015,-2.9619,-1.8523,-2.4544,-1.0526, 1.4871, 2.6503, 0.4753,-2.878 ,-2.3773,-1.242 , 2.5103, 2.8093,-3.0173,-0.0866, 2.1792,-0.1631, 1.9754,-1.226 ]
[-3.0397, 2.4614, 1.3889, 1.5366,-1.6174, 2.6496,-0.7477,-2.8147,-2.8213,-1.7345,-0.2754,-0.4975, 2.117 , 0.7399,-0.0354,-0.0124,-3.031 , 0.5731, 2.8076, 2.9441]
[ 4.1294, 2.2573,-1.9041, 1.2059,-1.0657, 2.6661,-0.7977,-1.3871,-1.6452, 1.3553, 3.0392, 0.4533,-0.5151,-1.6142, 1.2633,-2.0648, 1.8783,-0.2057, 1.6554, 1.4204]
[-4.5675,-1.297 , 5.3462, 2.1088,-1.7377,-0.7442,-2.2121,-1.5696, 1.6547, 2.0497,-2.294 , 1.5601, 3.071 , 2.917 ,-0.9807,-0.4341,-0.8988,-0.5101, 0.2669,-0.3622]
[ 2.9117,-2.1194, 4.2832, 0.0256, 2.8824, 1.2622, 2.0462, 1.1409,-1.8435, 1.9382, 0.115 , 0.3408, 2.3137,-0.0338,-0.6034, 1.4009,-2.2626, 0.7018, 1.4036,-1.9298]
[ 0.1097,-2.1677,-2.98  , 2.4482,-2.9694,-2.6716,-0.8034,-1.4194,-1.8009,-2.6473,-1.4487,-2.077 , 1.6044,-0.4278, 0.2741,-2.2425,-2.335 ,-1.536 ,-2.9484,-0.0394]
[-0.4896,-1.4845,-5.1151, 1.4219, 2.4307,-1.6315, 0.8215, 1.0609, 0.9185, 0.6251,-1.2908, 2.2837, 0.7856, 0.7648,-0.6092,-1.9348, 0.8832, 0.1091,-2.3438, 2.6058]
[-2.2004,-5.1599,-4.3322,-0.2937,-0.3268,-2.8974,-0.908 ,-0.3214,-2.0045,-0.7336,-0.9163,-0.9273,-0.7149,-2.159 , 0.7472,-0.4521,-0.3114, 1.5573,-0.2768,-0.3124]
[ 3.841 , 0.5285, 2.0939,-0.6615,-2.4257,-0.4702, 0.388 ,-2.1422,-0.0719, 0.0712, 1.1279,-2.1006, 0.1686,-2.0533, 0.3797, 1.1736,-2.6143,-2.4186,-0.6305, 2.0212]
[-5.4494,-1.7474,-2.7067,-0.8624,-1.8508, 2.0723, 0.1478,-1.723 ,-1.7962, 0.0616, 1.949 , 2.2614, 2.2569,-1.2397, 2.7632, 0.5114,-1.7354,-2.8422, 1.9588, 2.2377]
[-1.429 , 4.3458,-0.8545,-2.8066, 2.9211, 1.2574, 2.8433, 0.831 , 2.0538, 1.3319, 3.0476,-0.8273, 0.5398,-0.4061,-0.4841,-2.0672,-2.8883,-0.8482,-0.3069,-0.8854]
[ 4.5793, 0.1475, 1.0952,-0.3683,-0.7691,-1.9555, 0.3132,-0.2022, 1.3856,-1.1659,-0.8668, 2.2872, 2.4891, 3.0386,-2.9843,-1.4175, 1.3647,-0.0918,-2.9445, 0.9385]
[ 3.127 , 4.4234,-4.5744,-2.375 ,-1.9655, 1.4074,-2.6881, 2.6866,-1.9147, 2.3817,-0.4594, 1.7046,-1.7786,-2.0714,-1.1407,-3.0641, 0.6351,-2.2978, 0.455 ,-2.2772]
[ 1.0347, 2.9032, 5.3722,-0.8349,-0.4566, 0.1594, 1.9732, 1.3574,-1.2665,-3.0344,-1.9576, 1.4849, 2.4861,-3.0471, 1.0927,-1.4723, 2.5919,-0.5858, 2.871 , 1.887 ]
[ 3.711 ,-5.1878, 4.6003, 0.581 , 0.722 ,-1.8185,-2.8966,-1.5199,-1.5558,-1.0063,-0.6024, 2.0487,-1.0615, 1.4294,-2.8561,-2.8404, 2.8945, 2.0992,-2.6457, 1.4742]
[-4.15  , 2.7436,-1.4881,-2.5753, 1.8371,-1.2779,-1.9104, 0.2109, 0.5364, 0.3756,-0.2921, 0.4917, 2.426 ,-1.7711,-0.8521,-2.1957, 1.7079, 1.1089,-0.5683,-0.0643]
[-3.5004e+00,-2.9033e+00,-3.2885e+00, 3.0207e+00,-1.3884e+00, 2.7871e+00,-4.9229e-01, 2.6606e+00, 2.2169e+00, 9.7318e-01, 1.2883e+00, 6.4230e-01,-3.0456e+00,-8.9055e-01, 1.0739e+00, 2.1294e+00,-1.6317e+00,-3.6998e-01, 1.1734e+00, 3.4661e-03]
[ 1.9924, 2.3322, 0.2825, 0.4915, 2.0226, 1.1629,-1.44  ,-0.5244,-0.4194, 0.502 , 1.0884, 0.5833,-1.5572, 1.7543,-0.6403, 0.2751, 2.0605,-0.5538,-0.4133,-1.0271]
[-2.0347,-2.6306,-2.458 ,-2.5628,-0.448 , 0.289 ,-0.2624,-0.5896, 0.7622,-1.1005, 3.0864,-0.9098, 0.3145, 1.8007,-1.2511,-1.6039, 2.1403, 0.5224, 1.7552, 0.9255]
[-3.2706, 2.64  , 3.3984,-0.6567,-1.0601, 2.9295,-1.7963,-2.3425,-2.426 ,-1.7067,-3.0241, 2.9178,-0.2237,-2.8884,-0.9993,-0.2318,-0.8753,-3.0877, 1.323 , 0.3793]
[-4.0783, 2.3985, 0.8754, 2.2984,-2.7223, 2.6685,-1.0999,-2.4442,-0.7012,-1.8503, 3.0514, 0.9927, 2.356 , 2.5851,-2.9458,-0.3855,-2.0723,-1.5893,-2.2262, 2.6811]
[ 3.6379,-2.1228, 5.2314,-2.5099, 1.8212, 2.7705,-3.121 , 2.526 , 2.6666, 2.9477,-0.3117,-0.6292,-1.8928, 1.9825, 1.686 ,-1.1649,-0.1508,-1.1066, 0.813 ,-2.8431]
[-0.016 ,-4.1457,-5.2822, 2.4784, 2.1234,-0.7347, 2.2337,-0.6934, 1.028 ,-2.5864, 0.0433,-1.5096,-2.0236,-1.8274,-2.6094, 0.889 ,-0.2302, 2.1911, 2.4137,-2.0261]
[-2.9789,-0.0893,-1.5425, 1.1662, 1.2544,-2.8667,-1.7027,-1.9184,-0.5509,-0.7822,-2.0556,-2.1459,-0.7278, 0.1237,-0.7195,-0.3258, 2.9465, 2.9917, 1.6242, 0.5621]
[ 5.2437, 1.0585,-1.7184, 0.6091, 1.7737,-1.3612,-1.7179, 1.3208, 2.107 , 0.1338,-1.1152, 0.6132, 2.1046,-0.5322,-0.6136,-2.8136, 2.892 ,-2.7964, 2.8226,-3.0118]
[-1.8618, 0.411 ,-3.7536, 2.8076, 0.3232,-2.9923,-0.7762,-0.7916,-0.093 , 0.7534, 2.5149, 0.5177, 2.4664,-0.6257,-0.7056,-2.9698,-1.3553, 2.2325, 1.1391, 1.3285]
[-4.264 , 0.1312, 3.6731, 0.6794,-0.8159,-2.7335, 0.6972,-1.8553,-1.3616, 0.8732,-2.3389, 0.6775,-2.6638, 2.676 , 0.9028, 1.2645, 1.3838,-2.0167,-1.3219,-2.1262]
[ 2.7772, 3.4436, 0.7286,-1.8031,-0.9774, 2.9963, 2.5584,-2.3925, 1.755 , 0.5334,-3.0878,-1.3019, 1.0656, 1.6933, 1.8127, 3.0506, 1.0475, 0.5885,-1.7066, 1.2801]
[-1.532 , 1.6401, 4.0524, 1.0872,-0.851 ,-2.8208,-0.9368,-0.0821, 0.007 ,-0.2458, 0.8311,-2.6341,-0.8867, 0.3814,-1.1537, 0.9795, 1.1729,-1.268 ,-2.3285,-1.6003]
[-1.3249, 2.4087, 2.1697,-0.8427,-2.2116,-2.4707, 0.5665, 2.9977, 1.8895,-2.168 , 1.4106, 2.0813,-2.1665,-3.1384, 1.9797, 0.9792, 0.71  , 1.2976,-1.3637,-0.7821]
[-0.5995,-1.9825, 4.5567, 1.853 , 1.7863,-0.1521, 2.7183,-0.2537, 1.0412,-0.4635, 0.3227,-1.8993, 1.2416, 1.0273,-1.2091, 2.3646,-2.5471, 3.0817, 2.2383, 1.8956]
[ 0.0642,-4.4139,-3.7988, 2.809 , 0.6734,-0.4777, 3.0843,-0.9169,-1.0012, 2.2545,-2.5793,-0.2519, 3.042 , 1.5217, 1.522 , 2.4657,-2.7149, 0.374 , 2.0819, 0.6869]
[-4.5786,-2.6599,-4.531 ,-0.2899, 2.342 , 0.6107, 1.1545,-1.5007, 2.2377, 1.3517,-1.0202, 1.3163, 2.5336, 0.7867,-0.9101,-2.9577,-2.9512, 2.1793, 2.9782, 2.105 ]
[ 3.5038, 3.5139, 1.2112,-2.9793, 0.7428,-2.4236,-0.2845,-1.02  , 0.492 , 2.003 ,-0.6365, 1.8689,-0.8042,-0.1753,-2.7947,-0.1269,-2.4183, 2.1124, 1.7842, 2.0847]
[-4.7772, 2.8096, 5.4449,-0.7831, 2.4883, 1.9925, 0.9555, 0.3311,-2.0561,-1.8388,-0.8436,-0.9199,-1.5612,-2.0693,-0.6962,-0.1845, 0.7346,-2.5603, 0.9972, 2.5556]
[-3.7786, 2.7719,-0.6643, 0.0823, 1.1511, 2.6272, 2.272 ,-0.9495, 0.3064, 1.7487, 0.3871,-1.3361,-1.2055, 2.5833, 2.1522,-2.3922,-1.143 ,-2.8377,-0.7681,-0.3173]
[-0.297 ,-4.4278, 5.0468, 2.0369,-2.8664, 1.192 ,-0.747 , 1.4623,-1.6325,-3.0742, 1.9945,-0.8356, 1.2625,-3.1041, 0.4473,-0.1024,-2.0272,-1.6614, 2.3371, 2.4298]
[ 2.7997,-0.2127, 2.6722,-2.3565, 1.9627, 0.4866, 2.9378,-2.02  , 1.7961,-0.4152,-0.1851, 1.7641, 0.473 , 0.1036, 2.8452,-0.2235, 2.2836, 2.1957, 0.8239, 3.1221]
[ 3.906 ,-4.4192,-5.3684,-1.8908,-0.8539,-2.3855, 0.7619,-1.1239, 1.7311, 1.1326,-1.4174,-2.0924, 1.4463, 0.6185, 0.5427,-2.9384, 2.5828, 0.6265,-2.7546, 0.1504]
[ 5.0065,-1.882 , 3.5454, 1.9332, 1.939 ,-2.5834,-0.3049,-1.7068, 0.36  ,-2.0854,-1.5082,-0.5902, 2.9182, 2.8314, 3.1063, 3.1284,-1.3944, 0.3532, 1.0954,-1.8343]
[-1.3787, 2.9868, 2.2776, 0.9817,-2.276 , 2.5736, 1.5468,-0.3981,-2.8896, 1.4339,-2.7487,-1.4548, 0.0036,-2.061 ,-2.3887,-0.0462, 1.3834, 1.6073,-0.8688,-2.2504]
[-2.4418,-2.0894,-3.3929, 0.7764, 1.8252,-1.227 , 2.8013, 1.2476, 2.9811,-0.7535, 1.5073, 1.8564, 2.8719,-1.4139,-0.0463,-0.1033, 1.2571, 1.7401,-0.2082,-1.7609]
[ 5.4176, 1.4603,-2.9378,-0.8123,-0.3779, 0.2879,-1.4697,-0.0865,-0.4332,-1.5625, 1.2559,-0.5358,-0.2244, 2.4103,-0.7315,-0.3155, 0.2884,-1.8551, 2.1886, 3.0354]
[-3.842 ,-3.0537,-5.2099, 2.996 , 2.5902, 2.8738, 1.9503, 0.1381,-0.5135, 2.9399, 0.7143,-0.5196, 2.3943,-1.7375, 0.3787,-3.0741, 3.0065, 0.5802, 1.1187, 0.6722]
[-3.7922,-1.2153, 1.1269,-0.7114,-1.7292, 2.0854,-0.7787,-1.4342,-1.7945,-2.8954, 1.2376, 2.3071,-0.3264,-1.8576,-0.2084,-2.8246,-2.6143, 2.1242,-3.1019, 0.7648]
[ 1.9779,-0.7041,-4.3672, 2.3158, 1.569 , 2.2099, 3.0071, 0.6973,-1.6191,-2.3244, 0.5955,-0.6163,-1.4786,-1.9544,-0.3094, 2.7272, 3.0243,-1.7299, 3.0442,-2.0514]
[-0.8163, 1.6346, 3.0073,-2.3165,-0.7003, 2.5805, 1.9328,-0.8092, 1.8927, 0.6322,-2.1004, 0.5673, 0.9955,-1.1804, 0.4297, 1.3121,-1.341 ,-1.672 , 0.203 ,-0.9288]
[ 0.168 ,-5.1316, 0.8385,-2.9494,-0.8141,-2.8511,-1.6333,-2.5319,-1.5861, 0.7542,-3.0793,-2.4892, 1.4991,-1.283 , 1.9348,-1.5246, 0.5995, 0.8579, 0.9511,-2.78  ]
[-4.1154, 0.8655, 0.6589,-1.8825, 3.1187, 2.0066,-1.2583,-0.8418, 0.8688, 0.124 ,-1.6811,-2.5183, 0.4445, 1.5893,-1.3658, 2.1493, 3.0366,-2.0695,-0.4362,-0.0561]
[-2.4156e+00,-5.4732e+00, 1.6443e+00,-9.9845e-01,-2.5438e+00, 6.5488e-01,-5.5340e-01,-1.2776e+00,-2.8617e+00, 1.4111e+00,-5.5577e-01,-4.0057e-03, 9.5023e-01,-1.2986e+00, 3.6031e-01,-2.2481e+00,-2.4321e+00,-5.0611e-01, 1.2816e+00,-7.8233e-01]
[ 1.8904,-1.7054, 2.9608,-0.4072, 1.812 , 2.6356,-0.3869,-1.7721, 0.4451, 1.8446,-1.2378,-2.5184,-1.7345,-2.4192,-0.9312, 3.0125, 2.1013,-0.9866, 2.6497, 2.9662]
[-2.5969,-2.3403, 5.4832, 1.9054, 2.8053,-0.1711,-0.4516, 0.2863, 2.2834, 2.3724, 0.4631,-1.4574, 2.0421,-0.2909, 1.6785,-0.6792, 2.324 , 0.9969, 0.3705, 2.6636]
[ 0.2333,-2.209 ,-2.5484,-2.369 ,-1.6198, 0.3046, 3.1069, 0.2852, 1.2321,-0.6686,-3.0739, 1.644 ,-0.7015, 1.9209, 0.232 , 0.1564, 2.8414,-0.4599, 1.2599,-2.7281]
[-0.3337,-4.6677,-4.673 ,-0.26  , 2.4792, 1.6299, 2.4242, 2.2352,-2.6292,-2.0522, 1.973 ,-0.3525, 0.5197, 1.7534, 2.2296,-0.6395,-2.7612,-2.943 ,-0.9901,-1.1746]
[ 4.2034,-0.3793, 2.9208,-2.4883, 1.8112, 2.4265, 1.7968, 2.841 ,-2.7546,-1.4856,-2.4512, 2.0527, 2.8052,-1.3056,-0.7977,-1.0861, 1.2981,-0.3946, 0.3111,-1.783 ]
[-5.1063,-0.0417,-1.0887, 0.2774, 0.9428,-2.8748, 1.2202, 1.6525,-0.7715,-1.461 ,-3.1084, 2.4908, 0.6854,-1.8149, 0.6602,-1.995 , 2.0227,-0.0542, 2.3382,-2.9684]
[-1.9991,-0.0258,-4.5507, 1.9244,-1.6672,-1.1069,-3.0696, 0.3317, 0.671 ,-2.8433,-1.7946,-0.4635,-0.5273, 2.2726, 0.9751, 1.416 ,-1.3578, 0.4088, 1.2216, 1.3953]
[-4.03  , 2.6922,-1.4335,-1.2738, 2.8989, 0.212 , 1.573 , 2.1473,-2.0741, 1.0314, 2.2504, 0.4648,-2.3967, 0.4738, 2.4935, 2.6466,-0.2446,-0.857 , 2.9909,-2.2626]
[-4.9702,-0.8864,-2.5616, 0.43  ,-0.9496, 0.3083, 2.304 ,-2.4004,-0.7499,-2.1594, 1.3117, 2.3026,-1.4169, 1.8127,-1.2337,-3.0454, 2.1357,-1.2555, 0.1996,-1.4189]
[-5.288 ,-0.6775,-4.6139,-1.2598,-0.537 , 2.4791,-0.7466,-1.61  , 2.7077, 3.0852,-0.3988, 2.5581,-3.0933, 0.2551, 2.8232, 0.0259,-3.0554,-0.184 ,-2.7203, 0.3363]
[ 1.2989,-2.3456, 4.5199, 2.861 , 2.1276,-1.1488,-2.1209, 1.6461, 2.389 , 2.0596, 0.6838, 1.9113,-2.5508, 0.6209,-2.5323, 2.2943, 1.2587, 0.4461, 2.6447,-1.8782]
[-2.1197,-1.3716,-2.8026,-2.3091, 2.7731, 1.3021,-2.7758,-2.0925, 1.0452,-1.3522,-2.6229,-2.8399, 0.6187, 0.1304, 2.3988, 1.0649,-1.3982,-3.1287,-2.4025, 2.3437]
[-3.7564, 2.7419,-2.9651, 2.2251,-0.4799,-2.9607, 1.1606,-0.6047, 1.8985,-2.5988, 1.8776,-2.1368, 0.7341, 2.127 , 2.5733,-2.6231, 3.1121, 2.8606,-1.785 , 1.1237]
[ 5.0494, 2.992 , 1.8715,-2.0934, 2.7261, 0.3329,-2.6128,-2.4619,-1.2373,-0.325 ,-2.8779, 0.9226, 0.0105,-2.7078, 1.9818,-1.4632, 1.9816, 0.7207,-1.8146,-1.8798]
[ 1.9129, 0.4836,-3.8198,-1.0738, 1.1661, 0.0485,-2.4447,-0.9673,-3.0232, 2.9303,-1.9913,-3.1104, 1.4079,-0.6086, 1.5367,-1.0822, 0.3857,-0.714 ,-0.5902, 0.043 ]
[ 4.1162,-0.6635, 1.5928,-0.8359, 0.7043, 2.3711, 2.6884,-1.0237,-3.1074,-2.8596,-1.3864,-1.6172, 2.1336,-2.7084,-2.4856, 3.0593, 2.2848, 2.258 ,-1.3786, 2.3221]
[ 4.6203,-5.0438,-3.1518, 0.8547,-1.0652,-2.2756,-0.4324, 1.2308,-2.8421, 1.7371,-0.1709, 0.726 , 1.9563, 0.1871,-1.2885,-2.5431, 1.8556,-2.5265, 0.2714,-0.2008]
[-5.2884,-3.6847,-4.4904,-0.3378, 0.033 ,-0.8534, 1.6118,-2.1914, 2.0905,-1.8672,-3.0546, 0.1967, 0.5679,-1.289 , 1.9619,-2.3237,-3.0109,-1.9388,-0.1187,-1.1411]
[ 5.0899,-1.8968, 5.4215,-1.777 , 0.6789, 2.003 , 1.2004, 1.7664,-0.9538,-1.8345, 2.4298, 0.8065,-1.9595, 0.5382,-2.8553,-1.5524,-0.1489, 2.9051,-2.6125,-2.5572]
[ 0.4878, 2.5662,-4.3762,-2.2483,-0.5835, 0.5403,-2.6703, 2.5414,-0.7178,-0.4609, 2.1511, 1.3811,-2.0773,-1.9737, 0.5791, 1.144 ,-0.4528,-0.1104, 1.3599, 0.7333]
[ 1.0506,-4.3785, 1.8618,-2.1762, 1.216 , 0.2118,-0.0665,-0.836 ,-1.7637,-0.7894,-1.8271,-1.9988,-1.9652, 2.1216,-1.4874, 2.7369,-1.4608, 2.6628, 1.3814, 0.3078]
[ 4.6474, 0.6512,-4.0454,-0.6344, 1.5384,-2.7344, 1.2757, 2.4015,-0.9606,-2.615 ,-2.7395,-2.7083,-0.7382, 2.1456,-0.0141, 3.1056,-3.0626, 1.1275, 0.6201,-0.307 ]
[-2.2447,-5.4399,-2.3294,-1.5393, 1.7061, 0.1053,-0.1158,-0.2738, 2.0583, 0.0216, 0.6782, 0.5844,-2.4721,-3.009 ,-0.1756,-2.8978, 0.0816, 3.0479,-0.2228,-2.5682]
[ 2.7692, 5.0552, 3.487 , 2.6583,-2.2649,-1.8539, 2.9684, 0.4106,-1.0073,-0.996 ,-2.9245, 0.4288,-0.2799,-0.7629, 0.5191, 2.4512,-1.261 , 0.0466,-2.2687, 3.0098]
[ 1.0802, 4.3478,-5.3289,-0.2815,-1.4402, 0.6962,-0.8723,-2.7165,-2.2497, 2.8188,-1.1101,-1.6835, 2.9017,-1.3562, 2.6664, 1.115 ,-2.1634, 1.4195,-2.971 , 3.0632]
