[-4.7574, 3.6077,-1.1852, 0.8102,-1.9188, 1.0661,-0.9481, 2.6373, 1.708 ,-1.9813,-0.3021, 2.3988,-1.9574, 0.1264,-2.736 ,-2.1138]
[ 4.7083,-5.012 ,-0.6597, 1.3879, 1.7223,-2.5664, 1.6696,-2.775 , 0.8265, 1.2214,-1.4632,-2.6871,-0.5622,-0.3102,-0.3635,-1.1619]
[-1.8595, 1.8775,-4.6004, 1.0802,-2.3422,-1.5769,-1.1615,-2.0138, 1.6151,-1.203 ,-0.0282,-2.8968,-1.6994, 2.3248,-1.6767, 0.6709]
[-0.3488,-3.1242,-4.1417, 1.5459,-2.1729, 0.775 ,-1.3588, 0.8302,-1.3093, 1.2972, 0.3036, 0.8856,-1.6795,-1.7464, 0.8371, 2.6048]
[-0.594 , 1.0409,-1.9422,-1.9198, 2.1412, 0.6184, 3.0822,-0.3637,-2.9502,-2.6861, 1.9708, 0.366 , 1.7855, 1.6181,-3.0749, 2.0148]
[-2.5635,-4.9149, 4.8182,-0.0536, 0.871 , 2.3583, 0.3798,-2.3477,-1.9666, 2.0347,-2.2634,-2.6122,-1.4128, 0.7407, 2.1979,-2.2674]
[-0.3512,-2.318 ,-1.2096, 2.943 , 0.4826,-1.6693, 2.1331, 1.1785,-0.0546,-2.8283,-2.841 ,-2.0983,-0.5384, 2.371 , 0.7954, 1.6402]
[ 4.2548, 0.5138, 3.8775,-2.7687, 3.1013, 1.4193,-1.1753,-1.5279,-0.7988, 2.39  , 1.834 , 2.2791,-2.4615,-0.4833,-0.1765,-2.1126]
[-2.0651,-0.4641, 3.1499, 0.7575, 1.3028,-1.5152,-1.6576,-1.9131, 0.4149,-3.1201, 2.0174, 2.3677,-1.1954,-2.6777, 2.1858,-1.8496]
[-5.2685,-2.2742, 3.3993, 0.4467,-1.2803, 0.7874,-2.782 , 0.8214,-1.3297, 1.4973, 0.9866, 1.615 ,-0.6913, 2.4352,-2.1533,-0.5207]
[-2.8039, 1.8282, 0.9653, 2.522 ,-2.8023, 1.8156, 1.5255,-0.1455, 1.3914, 0.5624,-1.7948,-0.5901,-1.8124, 0.2451, 0.665 , 1.2647]
[ 2.1165,-0.0575,-0.5846,-1.2969, 1.3394, 1.0458,-1.252 ,-1.6943,-1.5882,-2.7827,-0.4091, 1.3084,-2.3154, 0.0058, 2.6331,-0.0653]
[-3.5824,-5.1115,-5.4475,-2.4552,-0.1092,-0.4321,-0.6651, 2.7341, 2.7864,-0.7715,-2.8484,-0.2162,-1.3355, 0.593 ,-0.2893, 0.3252]
[ 4.8395,-3.6172,-0.318 , 0.8749, 1.6739, 2.8325,-1.9953, 1.8771,-0.5575,-0.7036, 0.4292, 1.5127, 2.5955,-0.8856, 1.831 , 1.9202]
[-3.5945,-3.2287, 2.911 , 1.7959,-2.9955,-2.5375,-1.2091,-2.6994, 2.4064, 0.0461, 2.8441, 1.8702, 1.155 , 1.2074,-1.276 , 0.5253]
[ 2.8171, 0.0159,-4.9324,-2.8899, 2.1208,-2.7443, 3.1216, 2.3289, 0.5717,-0.4804, 1.5634,-1.658 ,-1.1142, 3.1208,-0.1553, 3.0127]
[ 1.4977,-3.3306, 4.2792,-2.7689, 0.525 , 2.9689, 2.3114,-0.6724,-2.5008, 1.5673,-1.559 , 1.0687,-2.1034, 2.2615,-1.554 , 0.1847]
[-5.1092,-3.496 , 0.0791,-2.5707, 1.0383, 2.3259,-1.555 , 1.9654,-0.7491, 0.4946, 0.1901,-0.5103,-3.0046,-0.2416, 1.0461,-0.8916]
[-4.5951,-2.3836,-4.8519, 0.4993, 2.9298, 0.1379,-1.4079, 1.9319, 2.3921,-2.1798,-0.21  ,-0.6618,-2.2352,-0.3705, 0.4154,-1.2285]
[ 0.2452, 5.4403,-4.9908,-2.59  , 3.03  ,-3.0315,-1.4657, 0.0743,-2.7559,-2.2589, 1.6481,-2.7703, 0.8274,-0.8393,-2.9678,-1.7473]
[-4.9997,-1.1316, 3.4257,-2.2829, 2.7218, 1.9624, 2.4527,-1.0905,-2.1835, 0.828 , 1.792 , 1.1906, 0.756 , 2.4112, 1.334 ,-0.4827]
[ 2.2851,-1.1609,-5.3934,-1.9292,-2.5679,-0.6739,-1.9781, 1.2401,-2.37  ,-1.0404,-1.0753,-0.9078, 2.2974, 1.6018,-1.1975,-0.4393]
[ 2.0393,-3.2361,-0.3714, 0.6814, 0.2835,-0.2319,-0.1492,-0.9445,-0.9506,-2.9474,-1.6362, 0.9945, 1.7642, 1.9972, 2.9975, 3.1345]
[-4.2997,-2.4572,-2.9959, 2.6822,-0.2876,-0.2404,-1.8265,-1.5077, 1.8445, 0.9963, 2.3469, 2.3276, 1.9111,-0.5414,-1.5909,-1.8414]
[ 1.9527, 3.371 , 3.6372, 1.851 ,-1.241 ,-1.0865,-2.1385, 2.4948, 1.5995, 1.8095,-1.3682,-1.0872, 2.738 ,-1.4983,-2.644 ,-0.9556]
[ 3.6285, 1.1963, 0.3563,-1.3102,-2.6116, 1.2859,-2.3093, 1.969 ,-1.413 , 0.4277,-2.0401,-1.5114, 1.8468, 2.5758, 0.2914, 3.0041]
[-4.8773, 1.7516, 2.0648,-1.9327,-0.4815,-1.53  , 2.686 , 0.3001, 1.1283, 1.3471,-2.6645,-1.9556, 2.4095, 2.8551,-1.9729,-0.6285]
[ 3.2363, 3.548 ,-2.0342, 2.2902,-1.6822, 1.0287, 2.3749,-2.8178, 2.2497,-1.9222, 1.853 ,-1.0468, 0.7636, 1.9551, 0.1028,-3.0108]
[ 1.9804,-3.0533,-2.3194,-1.4187,-2.9718, 1.3188, 2.4658, 1.4236,-2.1409, 1.4363,-2.4583,-2.4185, 0.0755,-2.0232, 0.5368, 2.6065]
[-3.7052,-0.9135, 0.1071, 0.4238,-2.4001,-2.7876,-1.886 ,-1.0456, 1.3933, 1.3337,-2.5937, 0.9519,-0.1672, 0.8006, 2.81  ,-2.2472]
[-1.1643,-5.1523, 2.2445,-0.1402,-2.476 ,-1.6609,-2.8491, 1.735 , 0.1427,-1.4603,-1.0049, 2.3119,-1.7658, 3.1374,-0.5249,-2.7006]
[-2.9977,-0.9505, 2.5177,-2.0756,-1.2279,-2.728 ,-0.8266,-2.3831, 2.0348, 0.3263, 3.0968,-1.62  ,-1.6308, 3.0973, 2.749 , 0.8675]
[-1.2218, 3.2579,-4.7174,-1.9698, 1.5904, 0.726 ,-0.7854, 1.1051, 1.9931,-0.4684,-2.5251,-2.9067,-1.093 ,-1.5725,-0.2115,-2.4382]
[-2.0124, 1.6406,-4.0769,-0.8165, 0.0685,-1.6371,-1.8542,-0.6065, 0.9526,-1.4058,-0.1505, 0.4526, 1.5551,-1.4283,-0.1496, 2.4586]
[-1.6879,-4.4723,-5.0432,-0.7795,-1.3081,-0.7955, 2.7954,-2.9997,-0.9797, 2.0516,-2.1168,-2.765 ,-1.928 ,-3.1303, 1.3593, 3.003 ]
[-4.3268,-1.5259, 3.5987, 0.1764, 0.7642,-2.2888, 2.7199, 0.6344,-0.1511,-2.9857,-0.4986, 1.9382,-2.962 ,-2.0899, 1.9681, 0.0193]
[-2.1911, 3.7412, 0.154 ,-0.0376,-2.9411, 2.9453,-1.4962,-2.9155,-2.6473,-0.5764, 2.0367, 2.5047, 1.7917, 0.8242,-2.9304,-2.414 ]
[-1.3686,-0.9254, 2.5791,-0.1795,-1.7126,-0.9586,-1.7696,-1.5739,-2.5387,-2.2623,-0.5784, 0.2338, 1.2389, 2.571 ,-0.2716,-0.9426]
[-1.0762,-2.1716, 2.9049, 2.6746, 0.0068,-1.4722, 0.2055, 2.4093, 2.8074, 3.064 , 1.5446, 0.0173,-1.7274,-0.0855,-0.8028, 1.2939]
[ 1.6862,-4.1517, 0.1697,-0.0988,-1.0714, 2.5929,-3.0203, 1.2502,-2.2828,-0.2557, 2.6683, 1.9119,-2.1177,-1.4913,-0.2459,-1.7957]
[ 3.0464, 3.9698, 5.0229, 0.674 , 2.2502, 1.0603,-0.5374,-0.6186,-0.253 , 1.2711, 2.9998, 1.4307, 0.5753, 2.4035,-1.1329, 0.1506]
[ 0.8066, 3.0194,-3.352 ,-1.6565,-1.32  , 1.1796, 0.8403,-1.603 ,-0.5518,-3.0845,-0.488 ,-1.8677,-1.762 ,-0.6386, 2.2589,-0.5828]
[-4.9904, 1.8322, 2.0458,-1.4186,-2.4056, 2.5367, 1.8621,-0.3644, 0.9341, 2.7152, 0.7441,-0.2053, 3.0175,-2.6081, 1.8688,-1.3162]
[ 5.0938, 4.366 , 2.0376, 0.1223, 3.025 , 2.4734,-0.138 , 0.0779, 2.6306, 2.2141,-2.6952,-1.3179,-2.9135,-1.7322, 2.4589,-0.3876]
[ 2.6606,-0.6698, 1.2013, 0.5449,-2.907 , 0.6823,-2.1328,-1.1957, 1.8154,-2.7498,-2.3014, 0.1777, 2.4145,-0.1941, 2.1499,-0.9456]
[-2.2249,-2.8497,-2.4685, 2.4797, 2.4331,-3.0144, 0.5249,-2.8307, 0.0183, 2.7488,-0.5598, 1.1991, 1.0429, 0.5913,-1.7315,-0.2567]
[ 3.2105, 5.2452,-1.0129, 1.6017, 2.5248,-1.1704,-1.5784,-1.1158,-1.4797,-1.7433, 1.3736, 1.2318,-1.0885,-2.9977,-2.4501, 0.0909]
[ 5.354 ,-1.0728,-2.5363,-1.7086,-2.0406, 2.324 , 2.4256, 0.5976, 1.0411, 1.6096, 2.0943,-0.766 ,-2.3074,-1.3536,-1.2806, 1.822 ]
[ 2.2568, 2.704 ,-0.8781, 0.5532,-0.9409,-2.0979,-1.0952, 2.4461,-1.7356,-0.459 , 3.1199,-2.6978,-2.2818,-0.7443, 3.0143,-1.5364]
[-3.7081,-4.2766,-2.6216, 2.3352, 3.034 , 2.8555,-1.8864,-0.9184,-3.0254,-1.3314,-2.7183, 1.3878,-2.1555,-1.6066, 0.2435, 3.0124]
[ 4.7593, 3.2976,-0.9465,-1.0208, 0.7137,-2.2923,-0.7402, 2.6166,-2.9895,-2.9047, 2.3733, 1.065 , 2.3824, 0.4709,-2.2245,-1.0484]
[-3.3045, 1.9489, 4.0077,-2.1001, 1.9972, 0.2414,-3.133 ,-0.8437, 0.6914,-0.4   , 0.0767,-3.1106, 2.3888,-0.547 , 0.3297,-0.0805]
[ 1.8632, 4.663 ,-2.2433,-2.2253, 1.7421,-1.1684,-1.8924,-2.7375,-1.7748,-2.0468, 2.3229,-3.1338, 1.7469, 0.3955, 2.9489, 0.5359]
[ 4.9423, 1.8867,-1.0333, 2.7875, 0.1226,-2.5601, 0.9835, 1.9569, 2.9891, 1.9951,-2.1876,-1.6489,-1.7068, 0.6312,-2.3225,-2.0379]
[-0.2308,-4.684 ,-0.8782,-0.3711, 2.5591,-1.5158, 2.5164,-1.7169, 1.7414,-1.3338,-0.5515,-0.6814,-2.4193,-3.0224,-0.2423, 1.2158]
[-1.2847, 0.5249,-3.3548,-0.2879,-2.1764,-2.5026,-2.4619, 0.8413,-1.6009, 2.2314,-1.184 ,-0.9987, 2.9298,-2.4   ,-0.6097,-0.6161]
[ 3.9417,-3.1972,-2.9193,-1.3332,-1.9614,-1.8006, 2.4754,-0.0607,-0.0358, 0.8787,-2.5873, 1.554 , 0.382 ,-2.08  ,-2.5129,-2.7415]
[ 0.5867,-4.0349,-1.0726, 2.5144,-2.6919,-0.6362, 0.4838, 3.0957, 0.4595,-1.9703,-1.7451, 0.2079,-2.7009,-1.3101,-2.0494, 2.4408]
[-0.8243, 0.8702,-4.816 , 2.2814,-2.014 , 2.9437, 2.2767,-2.1002,-0.1105, 3.0851, 1.1334, 0.7394, 2.3873,-1.1049,-0.1725,-0.4401]
[ 0.2995,-3.4225,-5.3412,-2.63  ,-3.0202,-1.7237,-1.1495, 1.1366, 0.3817, 0.077 ,-0.5199,-2.6172, 1.3937,-0.45  ,-2.835 , 1.461 ]
[ 3.193 , 2.8806,-2.455 , 2.768 ,-0.0723, 2.826 ,-2.335 , 0.706 ,-0.0122, 0.6288, 3.0821,-2.701 ,-1.5585, 1.7019, 2.1021,-2.1062]
[-2.723 ,-4.4994, 0.0258, 1.1566, 0.4435, 2.9155,-0.7701, 0.0281, 1.7554, 0.6349,-1.257 , 2.1602,-1.9965,-2.2973, 2.2501, 1.9998]
[-1.9324, 1.0868, 2.2533,-0.1498, 3.1254,-2.4009, 1.1916, 0.3205, 0.2389,-2.2181, 2.2845,-1.8754, 1.7617, 0.3945,-0.6926,-2.7755]
[-0.6164,-4.1402, 0.4664, 0.6921,-2.7175, 0.5065,-0.8599, 1.1004,-1.6406, 0.3308, 2.1205, 2.4649, 0.9503,-3.1146,-1.5908,-2.2708]
[ 0.1657, 3.2718,-4.5535,-1.7449,-3.0683,-0.5145, 1.5492,-2.4674, 1.2976, 0.9738, 2.3629,-0.9189,-2.6443,-0.1554, 3.0863, 0.41  ]
[ 0.2792, 4.8788, 1.6679,-2.7921,-0.0588, 2.7361, 1.8415,-2.2723, 1.915 , 2.1752, 1.3792, 0.1539,-2.405 ,-1.9444, 1.915 ,-0.4198]
[-3.8602, 4.3392, 5.034 ,-1.2323,-1.4259, 1.456 ,-1.9722, 2.2773, 0.7579, 2.9563,-0.9658,-0.158 , 1.743 ,-0.9975,-2.0356, 2.6976]
[ 4.6941,-0.2403, 2.659 ,-2.2082,-1.9632,-1.0448, 1.092 , 0.0893,-1.1405,-2.369 ,-0.9574, 2.1465, 2.8527, 2.8891, 2.3324, 0.602 ]
[ 1.5946,-0.3442,-0.4071,-0.5305, 3.0541, 0.0411,-2.1388, 0.1696, 1.3347,-2.4338,-2.3312,-0.3364, 0.5738, 2.7231, 2.2049, 0.5287]
[ 0.4136,-0.4592,-5.4039, 2.6087,-2.4438, 2.3001, 1.4896, 0.7459, 1.6961, 0.8511,-0.6643,-0.096 , 2.6128, 0.445 ,-0.0839, 2.9596]
[-3.4567, 0.3004,-4.6738, 2.8665, 0.4434, 3.1234,-0.1653, 1.2017, 1.2191, 2.2486,-0.3892,-2.5943,-2.7997,-0.9266,-2.054 ,-2.8214]
[ 0.9538, 3.4211,-0.3664, 0.7272,-1.1233, 0.4128, 0.4214,-2.4287, 1.88  , 0.7976,-0.8552, 2.8088, 2.2004, 2.0223,-1.8806,-2.0916]
[-3.5073, 3.3887,-5.4482, 0.4761, 1.7608,-1.5705,-2.3577, 2.929 ,-2.6188, 1.4809,-2.5457, 1.1659,-1.011 , 1.1878, 2.151 , 0.9573]
[-1.0868, 4.574 ,-3.379 , 1.5126, 0.8951, 0.9091,-1.9609, 0.6821,-3.0437,-0.9976, 2.3915, 2.4184,-0.3967,-2.4111, 1.8402,-3.1204]
[ 0.6662, 0.747 ,-3.1102, 1.2052, 1.9523, 1.1976, 1.8669,-0.2573, 0.3822,-0.029 , 0.1435,-0.3195, 0.6484,-2.074 , 1.8382, 1.7467]
[ 3.1054,-4.6173, 5.4675,-2.5223, 0.422 ,-2.7157, 3.0083,-0.1436, 2.4259, 2.1197, 2.0817,-1.4628, 2.2892, 1.3744, 1.3582, 0.622 ]
[-4.3491, 1.0952,-1.4149,-0.7337, 3.0078,-3.0271, 0.1573,-3.1249, 0.4518, 2.1531,-2.5718, 2.4134,-2.1463,-2.9637,-2.3074, 0.5814]
[ 5.116 ,-0.9103, 2.4144, 2.7565, 0.7091,-1.6242, 1.9683, 0.4497, 3.0772,-3.1086,-1.6384,-0.7544,-0.9163,-2.2013,-2.7134, 1.5931]
[-4.1156,-4.3767, 2.9495,-2.4542, 0.0225,-1.5831, 0.3456, 0.1173, 0.7172,-0.372 , 0.6657, 0.7474, 1.1746, 2.0523,-1.1645,-1.2152]
[ 2.5085, 1.498 , 3.6028, 2.5179,-0.7191,-1.8301, 1.5594, 1.023 ,-0.0538, 2.9872, 1.9061, 2.1605, 1.6333, 2.9781, 0.532 , 1.1659]
[ 4.0117,-4.7669,-0.3297,-1.8032, 3.0367, 2.2223, 1.3564,-0.0673,-0.5475,-2.6683, 1.8675, 3.0676, 2.0828,-1.619 , 0.732 ,-1.5391]
[ 1.7215, 0.4173, 4.3171, 0.047 ,-0.8513,-1.0348,-0.1407, 1.0186,-1.544 , 1.4684,-2.4199,-1.5446, 3.1042, 0.958 , 0.5264, 0.0869]
[-5.387 , 4.5737, 0.6342, 2.0471, 1.6172,-3.0844,-1.6504, 2.4975, 2.9933, 1.2039, 0.8135,-0.9867,-1.029 ,-0.388 , 0.7739,-1.2732]
[ 3.5907,-3.6903,-2.9714,-2.9795, 0.9166, 2.7564, 1.6658,-1.3607,-2.0414,-1.2234, 1.7677,-1.5703, 0.4476,-2.1772,-1.4071, 2.8814]
[ 2.1629, 5.2086, 1.0864, 1.67  , 2.2584, 0.0817, 0.8745, 2.9703, 2.4667, 0.1605,-2.921 ,-2.0849, 1.5001, 0.2009, 1.4952, 2.6201]
[ 1.1119, 2.4437,-1.3709,-0.1536,-2.2759, 2.016 , 0.867 , 1.3901, 0.559 ,-0.9172, 2.074 , 1.4814,-0.5726,-0.3375,-3.0692,-2.4391]
[-3.5322, 1.2009, 0.1948, 1.6392,-2.0535, 0.958 ,-1.4163,-2.4032, 1.6937, 0.7802, 1.749 , 1.2786,-1.0051, 2.9132,-2.9452, 2.8027]
[-1.2411, 0.9753,-3.1996, 0.5335,-2.5839, 0.5271,-0.1603, 2.3841,-0.554 , 2.0012, 0.5551, 0.9666,-2.2787, 1.5429, 1.1462,-0.4538]
[ 3.9284,-3.1777, 0.1376,-1.2561, 0.9225,-0.1816,-1.0507,-1.0316, 2.7018,-2.2473, 1.272 ,-2.7311,-0.794 ,-0.8087,-0.0524,-0.0107]
[ 3.7859,-0.1567, 4.1545,-0.7517, 1.2698,-0.5539, 0.7715, 0.4745, 0.3591,-2.1278,-0.3524,-2.7716,-2.6938, 1.1906,-2.2481, 1.0789]
[ 4.3509,-1.4177,-3.8944, 0.7468,-1.2951, 0.732 ,-0.9973, 2.4449, 0.5264, 2.2241, 1.1939, 1.1577,-0.9219, 0.3691, 2.8354, 0.173 ]
[ 0.5346,-0.4681, 3.7022,-0.197 , 0.2996, 2.4381,-1.4997,-0.5064, 0.9982,-1.638 , 1.0378, 0.7649, 1.516 , 2.2776,-0.0438, 0.205 ]
[ 0.7388, 3.2655, 3.3484,-3.1208,-0.6975,-0.2608,-3.1155, 0.4723, 2.9368, 2.3741, 1.7503,-3.0019, 2.1945,-2.0945,-0.737 ,-2.8251]
[-0.854 , 5.0158, 2.5102, 2.4147,-3.0756,-1.5517,-1.7276,-2.9615, 1.642 ,-1.7581, 2.7496, 0.0791,-2.0281,-2.2628,-2.8355, 1.56  ]
[-3.2208, 4.8923, 2.8207,-0.7765, 1.1974, 1.9078, 1.4894, 0.3504,-2.4478,-1.5111, 1.7328,-1.273 ,-2.6108,-1.4488,-1.8235,-0.3043]
[ 2.3962,-1.5175,-0.0064, 0.7913, 2.6182,-0.9664, 2.1644, 1.1323,-2.529 , 2.0393, 2.7353, 1.3611, 2.2123, 2.1641,-2.7698, 0.643 ]
[-4.1989, 1.2767, 3.7198, 1.3421, 2.5592, 1.7659,-2.3737,-2.3659, 2.0285, 2.4003, 0.2692,-1.2948, 1.4498,-2.4022, 2.0827,-0.6006]
[ 5.1575, 0.8376,-1.9994,-0.6226, 1.7273,-0.1786, 2.8452, 1.0668,-2.6306, 0.6619, 2.9298,-0.7154,-1.6321, 1.3114,-1.9842,-1.6286]
[ 3.4283, 3.8977,-2.028 , 0.6517, 2.5215,-1.1992, 0.8895, 1.5372, 0.2795,-0.1039,-1.6521, 3.0474, 0.5983, 0.2291, 2.9084,-2.3436]
[-5.3873,-1.7296,-3.2422, 2.8199, 1.662 , 2.8147,-2.8574,-0.5965, 0.2543, 1.3142,-1.8975, 0.0956,-0.2621, 0.3971,-1.7859,-1.123 ]
