[ 3.1389,-4.964 , 4.0113, 0.6313,-3.1353, 1.0599,-1.5821,-1.3216,-1.7648, 1.1851,-2.9535, 1.3903,-0.4583,-2.9712,-2.842 , 1.6892]
[ 0.7017,-3.6617, 0.3349,-2.4664,-0.6937,-2.181 , 0.8771, 0.9439, 0.5728,-1.9296, 0.1621, 2.6648,-3.0112,-3.1227,-2.5002, 2.3904]
[-3.3156, 0.4764, 0.9077, 2.2065, 2.5643, 0.0327,-1.9553, 0.5638,-2.6329, 2.3264, 0.8299,-2.35  ,-1.8621,-1.1201,-0.3395,-0.581 ]
[-1.7113, 5.396 , 4.0536,-1.7565, 1.7039,-1.5874,-1.2029, 1.4061,-1.6863,-2.9892, 0.1819, 1.7606, 0.2194,-1.9836, 1.6589, 2.9437]
[-2.5637e+00, 1.1922e+00, 1.5406e+00,-2.1196e-03,-2.2693e+00,-1.7293e+00,-1.8781e+00,-4.6735e-01,-6.1392e-01,-1.3749e+00,-2.0349e+00, 1.7714e+00, 1.7332e+00,-1.4362e+00,-2.4144e+00, 1.8090e+00]
[ 4.9002,-4.32  ,-5.1552, 1.2649, 1.6486,-0.8614,-2.4822, 0.4495,-1.5868, 1.0004,-2.0825, 2.9469, 2.5768,-0.8088,-0.2955, 1.9078]
[ 1.2104, 0.9774,-4.6534,-2.6911, 2.1466,-1.7781,-0.4996,-2.3457, 0.1812, 3.1069,-2.398 , 0.3618,-2.6667, 2.344 ,-2.8238,-0.6016]
[-2.5578, 4.0278, 1.688 , 0.7246,-1.0049, 1.2052, 1.1209, 0.8537, 0.6791,-2.1937, 2.2649,-2.6003, 0.3876, 0.195 , 3.1173,-1.3005]
[ 4.2377, 2.9816, 1.4604, 0.345 ,-1.2303, 2.0998,-1.9917, 0.209 ,-0.0867, 1.4394,-1.2269, 1.022 , 2.4671,-1.8089,-1.9578,-1.2801]
[-3.1959, 0.9482,-0.3916, 2.3402, 0.9719, 0.7428, 2.8504,-1.8448, 0.1661,-3.0325, 2.0821,-2.671 , 2.2614,-1.3094, 2.7006,-2.1803]
[-0.9728, 4.9079, 2.0493, 2.168 ,-1.4881, 0.3913, 1.0591,-2.7229,-0.7416,-2.3125, 2.382 ,-1.1107,-0.1912,-1.5925,-1.8069,-0.7542]
[-4.4585, 5.0917, 3.059 , 2.8857,-2.9279,-2.994 , 0.8272, 1.1634,-3.0789, 2.2043, 0.1279, 2.8118,-0.3288,-1.754 ,-0.8552, 1.4775]
[-2.5142,-2.4419,-5.237 , 3.1035, 1.6361, 2.5322,-2.4721,-2.4634,-0.0603, 1.8193, 0.6765, 0.1106,-1.8568,-1.3151,-1.9814, 2.9186]
[-5.0337,-4.5106,-5.3969,-2.0198,-1.7446,-1.5619,-1.0339,-2.6217, 0.9686,-1.9529,-2.3357,-1.1775,-2.313 , 2.624 ,-2.8792, 0.5985]
[-3.44  , 0.3898,-1.8292, 0.8596, 2.9616, 1.8538, 2.2518,-1.658 ,-2.9482, 2.7095, 0.9441, 2.1764,-0.5979, 2.3611,-0.8771,-2.167 ]
[-3.1941, 5.2797, 2.1633, 1.5752,-1.4592,-2.83  ,-2.0342, 2.9791, 0.1414,-0.0459, 0.7516,-2.7711,-0.981 , 1.381 , 0.0307,-2.7062]
[-0.7091, 3.1372,-4.9161,-2.097 , 1.3793, 1.3353,-0.8663, 0.0626,-1.5787, 1.4428, 0.1326,-1.7225,-2.1461, 1.3818,-0.436 , 2.6271]
[ 4.1276,-3.086 ,-4.6289,-1.522 ,-3.11  , 2.1797, 2.8071, 2.1407, 1.2373,-0.718 ,-0.8567,-0.8541,-2.0777,-2.6084,-1.1643, 0.3021]
[-0.4753,-0.9329, 4.7147, 0.4302,-0.2947, 2.8218, 2.0686, 0.306 , 0.1938, 1.2048, 1.2108,-0.9612, 1.1228,-0.2058,-1.5848,-1.5806]
[-3.9163, 3.3649,-3.1539,-0.904 , 1.0286, 2.7319,-2.1799, 0.8289, 2.8105, 2.6083, 0.2312, 1.4931, 1.8077, 0.8771, 0.5569,-2.0348]
[ 2.341 ,-2.5762, 4.5613, 2.5054,-2.6896, 2.3932, 1.1305, 1.0826,-1.2095, 2.8971,-2.1208,-0.2787,-2.1717,-0.0281, 2.7899, 2.3786]
[-5.4538,-3.125 ,-3.922 ,-1.0474,-1.6011,-2.0246,-0.3014, 1.2706,-1.846 ,-1.3077, 3.091 ,-0.3414,-3.139 ,-0.886 , 1.5175,-1.5297]
[-0.1373, 2.7267, 0.7235, 3.0314,-2.0704, 2.9339, 0.7243, 0.7739,-2.3782, 2.7557,-2.943 , 0.9906, 2.3569, 0.4983, 2.163 ,-1.6643]
[ 2.0866,-2.4841, 4.9271,-2.8748, 0.1138, 0.5044,-1.4176, 2.4114,-1.7181, 1.7306,-0.1442,-0.1413,-0.1603, 1.3463, 1.1501,-3.0675]
[-1.4367, 1.4186,-3.9151,-0.0348, 2.8763, 0.974 ,-2.0464, 2.9941, 0.0979, 3.0993,-0.36  ,-0.1627,-0.9481, 3.0741,-3.0775, 1.7531]
[ 5.2297e+00,-2.4745e+00, 1.1640e+00, 1.4040e+00, 2.3064e+00,-3.0655e-01, 5.4243e-01,-4.7921e-01,-7.5893e-01,-2.5025e+00, 1.4539e-03, 2.0719e+00,-2.5066e+00,-2.8185e+00, 1.4413e+00, 2.4178e+00]
[-1.3229,-4.2795,-2.1653,-3.0312, 0.5085, 2.0737, 1.9005,-0.7861, 2.6104,-0.233 , 1.562 ,-1.5696,-0.2378,-1.9406,-1.167 , 1.4871]
[ 3.9008, 4.9273,-2.4839,-1.7832, 0.5785, 1.4552,-1.3457, 1.6819,-2.1646,-0.7641,-1.6041,-2.8003,-0.8496,-0.2133, 1.819 , 2.4647]
[ 4.2247, 1.9163,-3.4558,-2.6671, 1.6574,-3.1065,-1.5156,-1.525 , 1.3597,-2.3052,-2.1005,-1.7479,-2.3346, 0.0495, 2.7357, 2.4536]
[-4.4355,-1.7302, 3.1441, 2.4179,-0.4288, 2.6688,-1.3434,-2.8209, 1.5899, 0.3695, 2.3613, 0.7337, 0.6271,-0.6875,-2.9245,-0.8946]
[ 4.6318, 0.567 , 1.2006,-0.7447, 2.9218, 2.5336, 0.6187,-2.6263,-2.6364,-0.3309,-0.4329, 2.8706,-0.6983, 0.4124, 3.0683,-0.7313]
[ 4.2263,-2.2741,-0.0959, 2.1096, 0.8953, 1.9052,-0.503 , 0.0192,-0.6962,-1.9936, 2.0338, 0.4004, 0.1878, 1.5078, 0.9534, 2.0515]
[-2.8254,-3.3354,-3.1395, 2.2621,-2.742 , 1.5942,-2.3372, 0.7267, 1.1579,-1.6686,-1.1902,-1.5536, 1.5607,-2.5212, 1.6167, 2.6133]
[ 1.2076, 2.6636,-1.8195, 1.9158, 2.6362, 2.6369, 0.0642, 2.2661,-0.3891,-1.295 ,-2.4477,-1.1922, 0.3237,-0.2988, 2.3767,-1.0526]
[ 2.0769,-0.714 ,-3.8712,-0.9997,-2.1026, 2.1664,-2.4597,-0.2923,-0.2979, 0.237 , 1.9527,-1.0435,-2.9303, 1.075 ,-1.0946,-0.8304]
[-1.0197, 0.6715,-0.1789, 1.0737, 2.555 ,-0.2416,-0.194 , 2.4788, 0.8268,-1.6119,-0.4514,-1.699 ,-0.9582, 1.3884, 0.4417,-0.743 ]
[ 3.2789, 4.2632, 2.0434,-0.8959, 1.6383, 2.4153,-1.7079, 2.0778, 0.3931,-0.8412,-0.9341,-2.4521,-2.5122, 2.4149, 0.3016, 2.338 ]
[ 4.2548, 1.4233,-2.2458, 2.6838, 2.5945,-1.6486, 0.1647,-1.284 , 1.6506, 0.4386,-0.539 ,-0.4801,-0.8759,-2.8768,-1.6442,-0.5787]
[-3.737 , 3.6281, 3.9918,-2.6718,-1.5222,-2.1177,-0.494 ,-1.6678,-0.7499,-3.0265,-0.8315,-1.6552,-0.6305, 0.6529,-1.5308,-2.0773]
[-1.636 , 1.4646, 0.3473,-2.7617, 0.6664, 2.0759, 2.8638, 0.2061,-0.2549,-3.0347, 1.8043, 2.3337, 2.8552,-1.6397,-0.1637,-2.5733]
[ 0.2903, 1.698 , 4.8067, 1.75  ,-1.9107, 2.8764,-1.6783,-2.9516, 1.7469, 2.1067,-2.7846,-1.3443, 0.3583,-2.7257, 0.846 ,-2.7092]
[-0.3481,-2.1965, 5.0876, 0.6368,-1.6722,-0.5748, 0.1888,-0.6383,-2.179 , 1.5907, 1.0225, 1.5734,-2.234 ,-2.3606, 1.9511, 0.8858]
[-1.1397, 1.2928,-0.6294,-2.7854,-2.9298,-2.3125, 0.8171, 2.5178, 0.3466, 0.2773,-2.7673,-2.9537,-3.1223,-2.2773, 1.5145, 2.276 ]
[-1.6941,-1.3885,-4.9592, 1.5185, 2.9375,-1.6765,-0.7488,-0.7856, 2.6045,-2.8169, 0.8079, 2.6345, 1.3881,-2.4819,-2.4664,-1.5153]
[-3.4788,-0.1797, 0.3529,-1.1451, 1.7656, 0.3886, 0.5342, 1.428 ,-1.401 ,-2.961 , 0.2513, 2.1573, 1.3867, 2.5872, 2.7669,-0.151 ]
[ 2.1556,-3.5443, 0.1656,-2.2309, 2.8925,-2.6011,-0.814 ,-1.5911,-2.8346,-0.9073, 1.8865, 0.7639,-2.339 , 1.4121, 0.1806, 0.8625]
[ 1.7022,-5.4719, 0.4532, 0.6214,-0.6763,-2.1009,-2.6191,-1.4194,-0.4696,-1.6751, 0.8787, 2.7373,-0.5421,-1.3013, 0.5668,-0.1996]
[ 4.4905,-0.269 ,-1.4611,-1.5493,-1.298 ,-2.7536,-1.3097, 1.8558, 1.6401, 2.6112, 0.8707,-0.9886, 1.8423,-0.7989, 2.8302,-1.996 ]
[ 3.7891,-3.0154, 3.6126, 2.4548, 0.8956,-1.6433,-2.1043, 3.0062, 2.5988,-1.406 ,-0.6303, 2.1614,-0.3726,-1.4775,-2.5888, 0.0265]
[-4.9428,-5.3563,-4.546 ,-0.3944,-2.8339, 1.433 , 1.9222, 2.9523, 0.874 , 1.7207, 1.1322, 1.3745, 0.1713, 1.9183, 2.5768, 0.4787]
[ 3.1439,-3.5498,-1.2942, 1.6659,-2.6816, 1.3329,-1.9186,-2.0382, 1.8097,-2.1351, 2.8957,-1.9093, 2.0274, 2.9147, 2.688 ,-1.3962]
[ 0.5895,-1.2051,-3.7599,-1.0853,-1.6485, 1.2622, 1.5061,-3.0162, 1.1429, 1.3373, 0.6148,-1.9564, 1.8236,-1.8639, 0.2154,-1.2943]
[-2.6755,-1.6482,-4.6328, 1.1851, 0.3153, 2.4418, 3.0523, 1.9851,-0.4557, 2.9321,-1.8111,-2.55  ,-1.9481,-1.0732, 0.265 , 1.836 ]
[ 4.7574, 4.2488, 3.4521,-2.3937,-1.1658, 0.8083,-2.0674,-3.0467, 0.0995,-0.6942,-0.7285, 2.483 ,-2.7207, 3.0602,-0.3594,-0.9279]
[ 3.901 , 0.597 , 4.41  ,-2.8567,-2.2691, 0.4783,-1.4034, 2.6776, 2.827 , 2.8904, 0.7158, 2.0709, 0.1631, 1.4122, 1.7758,-1.1803]
[-2.2482,-2.5315, 5.423 , 1.6216, 0.7606, 1.5719,-1.9378, 3.1149,-0.11  ,-1.6038, 2.8969, 2.6288,-3.1124,-1.9476,-2.2233, 1.0885]
[-5.1894,-3.3764, 3.6893,-2.6418,-1.1437, 1.9232,-0.414 , 2.3377, 1.9494, 2.9665, 2.201 , 2.0309,-2.664 , 2.5205,-2.7676, 1.6811]
[-2.7475,-3.9228, 2.8149,-2.1982, 1.4355, 0.3641,-1.0859, 1.9708, 1.8626,-1.1966,-1.9851, 2.1668, 0.2856,-2.7309, 0.837 ,-0.6466]
[-4.3487,-4.7297,-2.22  , 1.2243,-2.6354, 1.0836,-2.656 , 0.1581, 3.1236, 0.5103,-2.3489,-0.8161, 0.3796,-0.1086, 1.93  ,-1.7804]
[ 4.609 ,-4.2762, 0.7992,-2.0103, 1.3803, 0.9211, 0.8815,-0.5549,-0.4161,-0.1399, 0.8971, 0.4234, 1.899 ,-0.0699, 2.2861,-0.3389]
[ 0.7103,-0.2227, 2.5345,-1.8825,-2.9835, 2.8166,-0.0389,-2.9929,-1.2845, 1.5984,-1.8322, 0.3998,-1.3945,-2.9832,-1.4757,-1.8801]
[-3.3692, 2.8064,-4.6726,-1.113 ,-1.4704,-0.7724, 0.7329, 2.8256,-1.5362,-2.9586,-0.9663, 0.8785,-2.1586,-0.9566,-3.0206,-2.0692]
[-3.8445, 5.4169, 0.5051,-2.6758, 0.6319, 1.2411,-0.7769, 3.0703, 2.9076,-0.9907,-0.8001, 2.373 , 2.9751, 1.5269, 2.0859,-1.1703]
[-4.9181, 1.3396, 2.0551,-1.8961,-1.7346,-1.2041,-0.5535, 0.7994,-0.1045,-1.4678, 2.0871,-2.1384,-2.0468,-2.07  ,-0.3321, 0.6124]
[-4.3321, 2.9238,-3.5501, 1.844 ,-1.1065,-1.4626,-0.7452,-2.7143,-0.4427,-2.864 , 0.3763,-0.1911,-2.2185,-1.5748,-0.065 ,-2.0927]
[-5.0327, 1.1888,-3.6305, 1.4835,-0.9625, 2.5103,-0.6214,-2.0306,-1.0892,-0.5887, 1.7707, 0.9449, 2.4707, 1.236 , 0.0121,-2.7873]
[-3.4851, 0.404 ,-3.5353,-3.0224, 1.9831, 0.2483,-1.8249,-0.7037,-2.2753,-1.5372,-2.6223, 2.064 ,-0.3398,-2.5146, 2.8677, 1.3306]
[ 2.9788,-3.1256,-0.1643, 0.1455, 0.2668, 0.8527,-1.8131, 0.9433, 1.1264,-2.0282, 1.1161,-3.0999, 2.7599,-1.5931, 1.7452,-1.286 ]
[-3.007 ,-3.7421, 0.4538,-2.2518,-1.7214,-1.3269, 2.7273, 0.1851,-3.0785, 2.4698,-1.0983,-1.0214,-2.2588,-0.5019,-0.2417, 0.0752]
[-5.453 ,-5.2147, 0.2751, 1.7698,-3.0583, 2.7802,-3.1153,-0.5616,-0.1098,-1.2539,-1.8854,-0.074 ,-1.7703, 0.4096, 0.3512, 0.0962]
[-0.547 ,-4.6853,-0.298 , 0.8756,-1.5028, 2.4701,-1.0349, 3.072 ,-2.7434,-1.4458, 0.5623,-1.3702, 1.5316, 2.8195, 1.9004,-0.1199]
[-1.4797,-3.5177,-4.3699, 2.3531, 3.0567,-0.5336, 1.6651,-1.6719,-1.2824, 2.2052,-1.2618,-2.7331, 0.4573, 1.4318,-1.037 , 0.2273]
[-0.7743,-4.1785,-3.3711,-1.1685,-2.9103,-2.6924, 0.9451,-2.1144, 2.2095, 2.8661,-1.8112,-0.6487,-1.7599, 2.9385, 2.7842, 2.5966]
[-0.707 ,-0.6121,-1.6909,-0.1668,-3.1401,-1.0041,-2.3955,-0.2029,-1.8489,-2.1059, 1.1664, 0.4872, 1.9703,-2.9093, 3.0456, 0.295 ]
[-0.9023, 2.8263, 2.2241,-2.1595, 2.4656, 1.4432, 0.3166,-0.4125,-1.997 , 3.0607,-2.6854,-2.3643,-0.403 ,-1.3521, 1.5587,-0.1423]
[ 5.3434,-2.6245,-3.7863, 0.9598,-2.7522,-1.5982,-1.5714, 2.7165, 2.4984,-0.3362,-1.785 ,-1.8099, 2.8023,-1.0524, 0.5802,-0.6651]
[ 1.501 ,-5.17  ,-3.0927,-1.0105, 2.6118,-1.1023, 0.0364,-2.6688,-2.4662, 0.8726, 2.8609, 0.5852,-3.0954,-1.4724,-0.7743,-0.5391]
[ 0.6858,-1.4373,-5.4411,-0.0997,-2.6002,-0.3205,-1.5154,-1.1631, 0.955 , 0.3589, 2.513 ,-2.5033,-2.7851, 2.4457,-1.5896,-1.4439]
[ 1.8516,-0.6095,-2.6892,-0.3083, 0.0431, 2.6834,-1.1954,-2.439 ,-2.5609,-1.0088,-2.3094,-1.3274,-3.0525, 0.193 , 1.4168, 2.9957]
[-0.2124, 0.1758, 5.4547, 0.9252, 0.5405, 2.4305, 0.4635, 1.1609, 2.9429,-0.8134, 0.2301, 1.9123,-0.9379, 2.6125, 1.3154,-3.0999]
[-1.5467, 5.4675,-5.1328,-1.4725, 2.8171, 0.7289, 1.4503,-1.3095,-1.9855,-2.2586, 0.7705,-1.1414, 0.3694,-2.5047,-3.0482, 0.6539]
[ 4.7226, 1.3371,-1.806 ,-1.5048, 1.4553,-0.622 ,-1.8294, 0.845 ,-1.148 , 0.9729, 0.5288,-0.4131, 0.7835,-1.7269, 0.8917, 1.3154]
[ 3.3229e+00, 3.2616e+00,-5.8673e-01, 4.3033e-01,-2.9655e+00,-1.6365e+00, 9.6053e-01, 4.4758e-01,-1.8580e+00, 9.6858e-01, 4.9632e-01, 2.8755e+00,-1.1878e+00,-2.2721e+00,-1.4225e-03, 7.5325e-01]
[-5.3271, 4.8187,-1.957 , 1.3758,-1.1904, 2.3787, 1.7447, 2.9299,-1.2562,-1.804 , 1.4629, 2.1365,-0.2514,-1.8664, 2.2564, 0.3242]
[ 0.6207,-2.2969, 0.5818,-2.8214, 0.7903,-1.5151,-3.0012, 2.7359,-2.9394,-0.7708,-2.0429, 0.2816,-2.0772,-1.7158,-2.5262,-0.7261]
[-1.7562, 4.3804,-4.7028,-2.0398, 1.7817,-2.8798, 0.5124, 1.8303,-0.7778, 2.0565,-2.7209,-2.9636,-2.8607, 0.8421, 1.1604,-1.3576]
[ 4.1355, 4.5965,-1.598 ,-2.4558,-2.9974,-2.0537,-2.3431, 2.4811,-0.1977, 1.3557, 2.4063, 0.6139,-0.7514,-0.7848,-1.4171,-0.3653]
[ 1.1794, 2.624 , 5.0874,-2.6874, 2.6675,-2.1458, 1.5047,-1.5009, 2.557 ,-1.9886, 0.4499,-2.6845,-1.3473, 2.6231, 2.2831,-1.2831]
[ 1.5549,-0.8014,-3.887 , 2.7183,-2.8623, 3.0828, 0.1077, 2.8906,-0.1073, 1.7521,-0.6855, 1.6988,-0.4922, 0.6183,-0.0579, 1.791 ]
[ 4.9257,-3.9736, 1.3876, 2.93  ,-2.8554, 3.0316,-2.6529,-2.9813, 1.9948,-0.2886, 1.0951, 2.3285,-1.3746,-0.8952,-2.6934,-0.2969]
[ 3.7677, 3.6411,-0.1204, 1.6934,-0.3014,-2.9128,-0.0758, 0.025 ,-0.26  , 2.6019, 0.1582,-1.3905,-0.8454,-0.8576, 1.3968,-0.0317]
[ 1.8046,-3.5978, 0.1629,-2.0753,-0.5036,-2.3285,-0.8642,-0.0303, 1.5876,-0.1494,-0.5201, 1.3004, 2.4299, 2.9242,-1.5072,-2.4641]
[-1.1947,-3.0246, 3.5998, 0.4891, 0.0718, 2.4356, 0.709 ,-1.6337, 0.7522, 2.0415,-2.826 ,-2.0907,-2.1412, 2.2773, 0.688 , 2.6066]
[-2.8186,-0.9396, 2.4712,-2.2328,-2.2004,-1.6271, 2.8699,-0.8467,-1.3783,-1.3259,-0.7118, 0.5937,-2.5525,-1.161 , 2.7721, 1.7112]
[-0.4974,-2.1454, 1.8479,-2.1281, 1.5208, 0.7117,-2.1919,-0.1614,-0.91  ,-1.2533, 3.1009, 2.2535, 2.7018, 0.3118, 1.5303, 2.3702]
[ 4.2857, 1.8249, 1.8552, 1.6094,-1.5454,-1.3506, 2.7724, 2.5781, 0.3258,-2.0582,-0.9056,-0.3324,-2.4686, 2.1571,-1.1959, 3.0109]
[ 0.7148,-4.7169,-1.078 , 1.4157,-2.9489,-0.8894,-1.0055,-2.2362,-1.957 ,-1.8102, 1.2232,-2.8572, 0.8371,-0.7263,-1.6615,-1.6999]
[ 5.3655,-5.4924,-0.0948, 2.1984, 1.1449, 1.2171,-2.4566, 0.9945, 2.2114, 1.2702,-2.1052,-0.0956,-1.2679, 2.6185, 0.0723, 0.2283]
[ 3.8422,-0.2337,-1.3783, 1.6591, 0.5062, 2.6596, 0.8726,-0.2454,-2.7548, 1.4253, 2.9273,-1.3714,-2.7932,-0.2983, 1.7057, 0.9931]
[ 0.4788, 4.3481, 1.747 , 0.05  , 1.7341,-1.641 , 1.7386,-0.6804, 2.1093,-0.694 ,-0.473 , 3.0733, 3.1045,-1.7755, 1.7301, 2.034 ]
