[-0.3061,-0.7092,-3.143 ,-0.9011,-1.5596, 0.7823,-2.7196, 0.196 , 0.2113,-1.1016,-2.1419,-0.7342,-2.3044,-3.1154,-0.068 , 1.9299, 2.1025, 0.8315, 2.7232, 2.2341]
[-3.3747, 0.6742, 1.1279, 1.1865, 2.3549,-3.1099, 2.0431, 0.0301,-1.1578, 2.3359,-0.9414, 0.4007,-3.0574, 2.9135, 0.8292, 1.3104, 2.7986,-1.9272, 1.8002, 1.2248]
[ 2.1041, 3.8716,-1.308 , 2.0077, 2.5522,-0.4337,-2.7873,-0.62  , 0.4169, 0.1044,-0.1394,-1.8589, 1.0111,-0.38  , 1.6304, 1.2069,-0.3246,-1.4066,-1.9014, 1.2756]
[-3.9138, 2.7882, 3.5386, 1.233 ,-0.9143,-0.0589, 2.3607, 2.7132,-0.1854,-2.2019, 1.6506, 2.5446, 2.7357, 1.7007,-3.0487,-0.1203,-0.9347,-2.535 , 1.9974,-0.4959]
[-5.1157, 4.5557, 3.0348, 2.6621,-0.6009,-2.6769, 3.0908,-3.0691,-0.4741, 2.0445, 2.1458,-1.7303, 2.9195, 0.1155, 3.0317,-2.2593, 2.1121, 2.4166,-2.7143, 1.0578]
[ 3.8336, 0.4759, 1.1902,-1.3544,-0.3186,-1.2793,-3.013 ,-0.0509,-0.3147, 0.2134, 1.6695,-2.0949,-3.0208,-1.6744,-1.3822, 1.3616, 1.5785,-0.1187,-2.2312,-1.1818]
[ 3.1535,-3.3809, 4.7987,-1.351 ,-0.7751,-2.089 ,-0.4577,-0.5071, 0.7544, 3.0392, 0.9982,-1.606 ,-1.3913,-0.2304,-0.0973, 1.1884,-0.4967,-2.6425, 2.1002, 3.0712]
[ 1.1287,-0.2632,-4.4544,-0.7803,-0.496 ,-0.6726,-3.1271, 0.7812,-0.2898,-2.2368,-2.6796,-0.3591, 0.1842,-2.4736,-1.9707, 0.6224,-2.1076,-1.673 , 1.1338,-2.4977]
[ 4.5362, 3.5488,-4.3321,-2.8625, 1.4683,-1.2726, 2.9836, 2.748 ,-0.5666,-2.4214,-2.5497, 0.6254,-0.057 ,-0.9778, 1.854 ,-2.7767, 1.1225, 2.9025,-0.8468,-0.7772]
[-2.0444, 4.5606, 2.2153,-0.1182, 0.3605, 2.327 , 0.4519, 0.5745, 1.9641, 1.217 , 2.4671,-2.3944,-2.6195,-2.6994, 1.0137,-1.6938,-0.0382, 1.2203, 1.4593, 0.5655]
[ 0.6543, 0.2081, 0.6755, 2.7147, 1.5221,-0.8377, 0.3279,-0.7975, 1.7395,-0.9354, 1.2272,-0.726 ,-2.0174,-2.1441, 2.1591, 2.1556, 2.3767,-0.9965,-1.6735, 1.1813]
[-0.859 ,-1.1529,-2.9382, 0.7284, 2.6204, 1.3295, 2.9005,-2.7152,-0.8911,-2.3481,-2.9636,-1.3599, 2.1908,-0.7965,-1.0538,-2.6177, 0.2403,-2.3772, 0.3901,-2.5916]
[-1.5078,-3.3434,-3.945 , 2.4034, 2.45  , 1.889 ,-1.21  ,-2.1272, 0.2407, 0.7506,-1.0173, 2.3642,-2.2031, 1.7394,-0.3914, 1.2169, 3.0514,-0.9633,-2.8623, 2.9148]
[-0.7317,-5.181 ,-0.4583, 0.9118,-1.5523,-0.374 ,-0.7639, 0.9532, 2.2594,-0.7594, 0.0386, 1.9511,-1.9931, 1.6691, 1.9214,-1.4745, 0.0216, 1.5391,-1.3325,-2.3494]
[ 1.3836, 2.8288, 4.3747, 0.1562, 2.556 ,-1.4953,-2.6898, 2.8241, 1.175 ,-2.1321,-2.6211, 1.3124, 0.943 , 0.8376,-1.2543, 1.8219,-0.7156,-0.5059,-2.4434, 0.8847]
[ 3.8656,-3.7156,-2.8122, 1.8096,-2.8212, 0.96  , 0.2859, 2.5058, 0.8837, 2.6707, 1.9664, 1.2413,-1.1315,-3.0255, 1.6687,-3.1187,-0.6834,-0.3293, 1.3118,-2.5542]
[-1.259 ,-0.6   ,-3.9266, 2.4905,-0.833 ,-1.9189, 1.5564, 0.9442, 2.1744, 1.6238,-1.6612,-1.1512,-1.5363,-0.3043, 0.1185, 2.6864,-0.6697,-0.8158, 1.2112, 0.4006]
[ 0.1022,-0.67  ,-2.3778, 0.5157,-1.3828, 0.0203, 2.0784,-0.5993, 0.7104,-2.9959, 2.4825, 1.167 , 1.3144, 1.1362, 1.9168, 0.08  ,-1.4237,-1.1422, 3.0333,-2.1475]
[ 0.8004, 4.7831,-3.5397,-2.0877,-1.0107,-0.437 ,-2.7301, 0.2625, 0.8666,-1.5254, 1.3578, 0.677 , 2.8761, 2.0246, 0.6189,-1.2173,-2.5675,-2.2157,-0.7689, 0.5186]
[ 4.9549,-2.2053,-4.5172,-2.027 ,-0.8333,-2.9348, 1.3221, 1.1428, 0.079 , 3.0554,-0.5956, 2.9077,-2.8517, 2.9324,-2.3567,-2.1292, 2.9721,-0.8432,-1.1653,-2.9316]
[ 1.9952, 2.8679, 0.8194,-0.7358,-2.6658,-0.592 , 1.4483,-1.8744, 2.9895,-0.9101, 0.3468, 0.3034, 3.0903,-1.7394,-1.7451,-1.3304, 2.7668, 1.823 ,-1.1042,-0.2117]
[-4.4055,-3.3584, 3.8844, 1.5302, 1.929 , 1.8052, 2.8239, 1.6599,-2.822 ,-0.5895, 1.3354, 0.703 ,-0.1482, 0.5423, 1.4533,-0.8064, 2.3056, 1.4123,-0.1713, 0.1795]
[-1.0057,-4.9086,-4.6571,-1.5196,-1.0726,-1.1325,-0.3538,-0.9447, 2.9937,-1.5772, 1.9954,-2.5518, 0.1009,-2.9549, 0.355 ,-1.0658,-1.2907,-0.7196,-0.1978,-0.9391]
[-4.6588,-0.82  ,-0.4591,-1.4916, 0.7973, 1.0869,-2.2109, 0.8584, 1.4769,-1.3347,-1.6264, 2.9531,-1.8508, 1.1689, 1.189 , 0.0896,-2.0858,-1.857 ,-2.3274, 1.6586]
[ 0.2594, 0.4716, 4.1998,-1.8235, 0.2003,-3.039 ,-2.415 , 2.3851, 1.9174, 1.6233, 1.2398,-2.1953, 2.3813,-2.7237, 1.1172,-0.9468, 0.6258,-2.9305, 0.2914,-3.0578]
[ 4.4867,-0.6984, 2.7894, 1.5038,-0.7782,-2.8228,-2.677 ,-0.407 ,-0.1614, 1.0906,-1.3019,-2.5383, 1.4176, 0.9164, 0.9895, 2.3257, 1.3234,-2.5969, 0.2813, 1.3474]
[ 4.0061, 1.5688,-5.0996,-2.6655, 0.7306, 2.2831, 1.3379, 2.293 , 1.193 , 0.6367, 0.2143,-1.3441, 0.3302,-1.9253,-0.122 , 0.1731,-0.7126, 0.5482, 0.2526, 2.6223]
[-0.4031, 0.6825, 3.1734,-2.4107,-2.1038,-2.5071, 2.6689, 1.6578, 1.0389, 1.0912,-1.1474,-1.8396, 1.1725,-0.0958, 0.7802, 1.1627,-2.1906, 0.3424,-2.0807, 0.8323]
[-2.5822,-2.9612, 2.0114, 1.1868, 1.1856,-2.0933,-0.5212,-2.0582, 1.9833, 1.0428,-1.0761,-1.86  , 0.3054,-0.1762, 2.0405,-1.8573,-1.8782, 0.7448,-1.0721,-2.921 ]
[ 4.3106,-2.174 ,-2.7996, 1.7546,-0.0814, 2.4927, 0.4206,-2.5412, 1.1319, 0.8947,-1.28  , 2.2534, 2.0029, 1.0268,-0.7831, 3.0873, 1.0544,-1.9648,-3.0538, 1.9159]
[-0.8852, 4.0595, 2.9191,-1.1076,-0.509 ,-2.6864, 2.4088,-0.3782,-3.1206, 0.8842, 1.8649, 1.2717, 2.2538, 0.1816, 2.3002, 1.7756,-1.4215, 3.1261,-2.3583, 1.673 ]
[-4.3877,-0.8541, 4.7527,-2.7277, 2.7808, 1.9034, 0.2062, 1.7331,-0.8029,-0.8669, 0.5629,-1.5517,-1.1101, 2.3627,-2.3077,-0.1983,-3.1121, 0.2145,-1.3135, 0.6881]
[ 1.7866,-0.775 ,-0.2072,-0.6648, 2.597 , 1.3223,-0.0808, 1.542 , 0.6635,-0.6019,-0.5185,-2.8999,-2.5028,-1.4435, 2.7493, 0.4103, 3.1186, 0.4166, 0.4119,-1.3152]
[ 3.041 ,-2.1871,-1.9863,-0.5721, 1.9681, 0.2877, 0.2094,-2.1033,-1.8438, 1.3991, 0.5138, 2.4772, 1.0073, 2.3549, 2.9061,-2.1949, 1.6894, 0.3881, 0.4084,-0.0409]
[-3.6717, 4.9236,-2.8796, 0.8623, 2.3008,-0.6725, 2.0492, 2.9052,-0.5107,-1.2646, 1.3267, 2.017 , 1.5449, 0.0167, 0.4768, 2.1122, 0.4819, 2.943 , 2.9038, 0.6784]
[ 4.8168,-2.8182,-4.5875,-2.3792, 2.9119, 1.6879, 1.8898, 3.1301,-0.2882,-0.1395,-0.4344,-2.165 ,-0.9587,-2.0262,-2.1663,-2.031 ,-2.1954, 1.8328, 0.5856, 2.059 ]
[ 5.4531, 0.5157,-0.9203, 0.6707,-2.8355,-1.8609,-2.6722, 0.393 , 1.4817,-1.3544, 1.4814, 2.9556,-0.2506,-1.9468,-1.3666,-1.9961, 0.8937,-0.3394,-0.3788,-2.5366]
[ 3.3442, 0.2078,-3.7464, 1.6536, 0.4062,-0.6269,-1.3257,-2.8251,-0.8188, 0.6764,-2.6178, 0.2946, 0.8776,-2.4905,-1.219 , 1.1808, 1.3248, 1.7739,-0.5989, 2.9234]
[-4.1123,-2.661 ,-2.7245,-2.12  ,-2.2844, 1.8507,-2.3646, 2.6194,-1.1377,-1.5247, 0.4441, 0.6982,-2.6541,-2.0844, 2.268 ,-2.711 ,-1.0999, 1.8015,-1.4994, 0.4395]
[-1.7689, 1.3374,-5.3912, 0.397 ,-0.1539, 0.832 ,-2.2602, 0.9405, 0.55  , 1.5328,-1.0185,-2.4658, 3.1409, 1.8382, 0.9598, 2.5689, 1.2396, 0.2607, 0.6547, 1.5971]
[ 0.6617, 2.567 ,-1.7436,-1.8509,-2.4253, 0.6289, 2.6183, 0.5724, 1.2204,-0.7638, 1.2509, 0.1898,-0.5275,-2.8654,-0.9493,-0.2289,-2.9384, 0.7463,-0.287 ,-1.3622]
[-3.4726,-3.6066, 0.9227, 1.8953, 1.395 ,-1.4395, 0.4518, 2.2475, 2.8669,-0.9149,-0.7403, 2.2411,-1.0142, 2.2192,-0.5564, 2.4213, 1.6102, 1.5054,-0.0885, 1.6321]
[-2.8167,-1.9242, 4.248 , 1.8864, 0.917 ,-2.3938,-2.9149,-0.4207, 0.9536,-0.1741,-0.4019, 2.7298,-1.3048, 0.6139,-2.1945,-2.6791, 0.5297,-0.3552,-2.4706, 0.702 ]
[ 1.585 , 2.4783, 2.4422,-0.762 ,-0.983 , 2.6601, 2.5171,-2.7811, 2.6012,-1.9274,-1.0722,-0.7093,-2.1738,-0.6288,-1.2263,-1.9674, 3.0158, 2.7883, 1.0738, 0.8783]
[ 3.2202,-0.5461, 5.4785, 1.7572,-2.0031,-2.3833,-0.0829,-2.2942,-0.9682, 2.0915,-1.598 ,-1.5314,-1.9969,-0.8035, 2.5969, 2.7373, 0.7677,-0.0216,-0.0768, 0.9852]
[ 5.2377, 0.931 ,-3.0677,-2.273 ,-2.7983, 2.5145,-2.6506, 0.6586, 2.3147,-0.479 , 1.8694,-0.4078, 0.182 ,-2.0602, 0.5946,-3.1333, 2.3174,-2.753 ,-3.079 , 2.3139]
[ 4.7876, 3.5087,-0.9873, 0.495 ,-2.0084, 3.1043,-2.2776, 1.4026,-1.0951,-0.5847,-1.3975, 0.1832,-0.7458,-1.6875,-1.5875,-2.3906,-2.5219, 1.4795,-0.5711,-0.018 ]
[ 0.9052,-0.9197,-0.8323,-3.022 , 2.665 ,-2.3575, 0.9853, 1.5068, 1.8337,-2.9288,-3.0597, 1.5774,-2.0196, 1.9809,-2.762 ,-0.4983,-1.6105,-1.3951, 1.4411,-0.3662]
[-4.4317,-1.1886, 0.2828,-2.2567,-1.7202, 1.6043, 0.7399, 1.1936,-0.5706,-1.3064, 0.1129,-0.8079,-2.4757,-0.2956, 2.1446,-0.9899, 0.1479, 0.1219,-1.0436, 1.503 ]
[ 1.5136, 1.3484, 0.9748,-1.2939,-3.0925, 0.7168, 2.7141,-0.5526,-1.2858,-2.6151, 0.5145, 0.746 , 0.4714,-0.0159, 2.3818, 2.9557,-0.8658,-2.642 ,-0.9731,-0.8611]
[ 2.4936,-4.5264,-5.1928,-2.5533,-0.0516, 2.1148,-2.2933, 0.5604,-1.7376, 2.7367,-2.0019,-0.6953,-1.7167,-2.0062,-2.3851, 0.8076,-2.1223, 0.8328, 1.5613,-0.4878]
[-5.3399, 4.9229,-2.6643,-0.1463,-1.244 ,-2.2747, 2.9542, 0.6566,-3.022 , 0.9777,-2.3062, 2.8718,-1.107 , 0.6055,-1.4248,-1.9352,-0.0753, 0.9182, 1.2816, 1.0975]
[ 3.1867,-1.4881,-2.1098,-0.5262,-0.9761, 2.6598,-2.4684,-2.7104,-2.6988, 2.325 ,-2.306 ,-1.1744,-1.3108, 0.4102, 2.5037,-0.8675, 0.8081,-1.3836,-2.9142,-0.6104]
[-5.2304,-2.2061, 3.8074, 0.6862,-0.8591, 1.9841, 0.4352, 0.9309,-1.6494,-0.1054, 1.2712,-0.3191,-2.8314,-1.715 , 1.6612, 0.6667,-0.7905,-1.6098, 1.6047,-2.8691]
[ 0.5896, 5.4068,-5.4042,-0.8457,-0.3237, 2.0241, 0.194 , 1.9126,-0.5937,-1.0556, 2.0781,-1.4074,-0.1407, 1.8725, 2.726 ,-0.892 ,-1.84  ,-2.1802, 0.6506,-0.0479]
[ 1.1934,-4.3409, 4.1068, 0.1434,-0.5391, 2.4793, 1.5129, 3.077 ,-2.8269,-1.5235,-2.2671,-0.9627,-0.6298,-2.9668,-1.64  , 0.1872, 0.527 , 2.9779,-0.2558, 1.0343]
[ 4.171 ,-3.1478,-2.731 ,-1.7876, 2.5517, 1.0421, 1.6853,-3.1345,-2.6711,-0.6254, 1.787 , 0.5575, 0.4213,-0.9676,-2.8134, 0.1885, 0.051 , 1.9946, 2.4989, 1.3641]
[-1.6479,-0.9349, 1.3248,-2.8922, 2.8948,-2.1811, 2.9444,-0.18  , 1.0975, 1.247 , 2.9904,-2.6528,-1.0336,-0.5079,-1.6843, 2.5611,-1.2929, 1.388 ,-0.8467, 2.2107]
[ 0.5688, 4.6285,-4.441 , 0.2739,-2.1665,-1.9324, 2.3615,-2.637 ,-0.3997,-1.3765,-0.0825, 0.7611,-1.2138,-2.8163,-1.1973,-0.9167, 1.9256, 2.8153,-1.1395,-1.7199]
[-5.015 ,-1.9349,-3.3573,-2.5837, 0.8822,-0.039 ,-0.7235,-0.1397, 2.8875,-0.3918, 2.7754, 2.0613,-2.5508,-0.1123, 2.9207, 0.4403,-2.4433, 2.9579,-1.9054,-1.91  ]
[-1.3548,-3.0728, 4.1483,-3.1153,-2.3048,-2.6928,-1.5182, 0.5813, 0.6522,-0.303 , 1.4545, 0.6107, 0.5118,-2.4981, 1.4873, 1.5121, 1.5275,-0.1855, 0.686 ,-0.0585]
[ 1.4121, 0.146 , 3.9651, 2.0052, 2.4022, 2.1297, 0.6845,-2.948 , 1.0184,-2.8395, 2.3284, 0.5668, 2.6545,-0.9318, 0.6682, 0.9676, 1.8167,-1.9458, 2.1089,-0.6967]
[-3.5346,-1.5009, 4.4877, 2.1816, 0.8824,-0.3528,-0.0086, 1.0018, 2.5455,-0.5955,-1.3184, 0.5413, 2.6263, 0.7663, 1.0064, 1.6565,-0.6888, 0.184 ,-2.7575, 1.0612]
[ 4.4805,-5.0363, 4.783 , 1.5522,-0.2038, 0.6717, 1.7897,-2.5075,-2.8609, 2.2881,-2.4792,-2.9278,-2.1665,-2.1739,-2.7825,-1.4099, 0.6249, 2.3956,-1.3606, 1.5069]
[-2.1268, 4.5708, 3.948 ,-0.6993,-0.8783,-2.4388, 3.0283,-0.3518,-3.0928, 1.9106,-0.4434, 0.3415,-0.9515, 1.087 , 1.5034,-0.1481,-0.9235,-2.1591, 1.3062, 2.7659]
[-0.8759, 3.6818, 1.0518,-1.0694, 1.2652, 0.9347, 1.9461, 2.2118, 2.7096, 1.1139, 0.6091,-1.9039, 1.6742, 2.2248,-0.87  ,-2.7038,-2.0334,-2.9477,-0.0309,-1.2137]
[-1.5255e+00, 3.9877e+00, 5.0308e+00, 2.5741e+00,-5.6705e-01, 9.1701e-02, 1.7540e+00,-4.0192e-01,-1.2248e+00,-1.7488e+00, 1.7009e+00, 4.9705e-02, 2.4079e+00,-2.5764e+00, 1.9714e-03, 3.0238e+00, 5.1400e-01,-2.8495e+00,-8.3568e-01, 2.4582e+00]
[ 3.442 , 1.8924, 0.0757,-1.6169, 1.2677, 2.2879,-1.9939, 1.6495,-2.4863, 2.2492, 2.5677,-2.9147,-1.7376,-0.3069, 2.2438,-2.2807, 1.1144, 1.5883, 0.1549, 2.6122]
[-4.3862, 0.3548, 2.8755,-2.1857,-2.5201, 1.0951, 3.0803,-3.0375, 1.6558,-0.7086, 2.1251, 2.4746,-0.065 ,-1.6351, 1.5562, 2.8737, 0.6992, 0.9393, 1.0651,-2.4353]
[ 1.2418, 1.9644, 2.2699, 1.4949,-0.4167, 1.361 , 2.6545,-2.0698,-1.5242,-2.1792, 2.3067, 0.9752, 1.6079,-2.0461, 1.4662, 2.9758,-0.4627,-2.2003,-0.8668, 0.203 ]
[ 4.5557, 3.2206,-5.041 , 2.0232,-0.6851,-0.018 , 0.6236,-1.3534,-2.7531, 2.3056,-1.8589, 0.6504,-0.2596, 1.9287,-1.3993,-0.113 , 0.8206, 0.6369,-0.0799,-0.2438]
[ 2.8881,-4.3372,-0.5178, 1.4259,-1.9762, 3.0716,-0.215 , 2.4745,-2.8946, 0.2949, 1.3579,-0.2414,-1.0044,-0.0849, 2.4521,-2.1278,-0.4941, 0.6387,-1.6546, 0.2101]
[-2.9712,-2.2606, 0.8404, 1.9688,-2.1594,-2.3631,-2.0999, 1.8677, 0.4984, 0.9016, 0.5798, 0.2819, 0.881 ,-2.264 ,-2.2333, 0.9996, 0.35  ,-1.3345,-2.1676, 1.2727]
[ 3.2264, 4.8532,-1.8352,-1.7758, 1.6187, 0.0794,-2.6031, 0.3076, 1.695 , 0.0709, 2.9279,-0.6401, 1.8618,-1.4754, 1.0807,-2.8   ,-1.9239, 0.7301, 1.4103, 2.3921]
[ 2.0168, 2.3359,-5.0585, 0.8489,-2.8852,-1.4224, 0.5881,-1.8349,-2.388 , 1.8653,-2.1262,-1.1974, 1.0258, 0.9074, 1.3159, 1.3697,-2.6784,-0.2228, 2.828 ,-1.4042]
[ 1.5511, 1.4294, 4.2138, 0.5563,-0.6745,-2.5187, 0.6888,-2.8085, 0.0872, 0.8844,-1.1832,-0.3184, 1.8111,-1.3626,-2.5261,-3.0829,-1.9566, 2.3154,-2.916 ,-2.0495]
[-0.1042, 5.387 , 1.5079, 1.9965,-3.0191,-1.6109, 2.7559,-1.5552,-0.5631, 0.606 , 1.0983, 2.6077, 1.177 , 2.6123,-1.8745,-1.8597,-0.0127,-2.1677, 0.5942, 1.7208]
[ 1.5196, 5.2222,-1.9791,-0.6523, 0.3549, 0.2302, 0.9201,-1.3063, 1.8525, 2.1211, 0.3704, 3.0385, 2.9331, 1.2933, 0.2261,-2.1948,-3.0379, 2.8777, 0.0964,-1.1666]
[ 0.1177,-4.7801,-0.0214, 1.4036,-0.7569, 2.7251,-2.0253,-1.4591, 3.0041, 2.0275,-0.7334,-2.7533, 0.3677,-0.6596, 0.2279,-0.3906, 2.3352,-2.3029, 2.0732, 2.1522]
[ 1.2589, 1.7597,-1.2604, 2.7135,-0.649 ,-1.8459,-0.1176, 1.4625, 2.9984,-3.0944, 0.3344,-2.9467,-2.9158,-2.359 ,-2.9105, 0.1652, 1.972 ,-2.3643, 0.862 , 1.5868]
[-2.0889, 1.3789, 3.6223,-2.6857, 0.2287,-2.0981,-2.1378, 2.207 , 2.2764, 2.0593,-0.5806,-1.7801,-1.359 ,-1.2965, 1.39  , 2.7204, 2.4421, 0.6996,-1.7311,-1.0816]
[ 4.355 ,-5.0132,-3.7505, 2.9277,-2.4654,-1.582 ,-0.9384, 2.6592,-0.7475, 1.0978, 1.141 ,-2.8409, 1.7061, 0.7864,-1.1056,-1.4242, 1.1229,-2.7081,-0.8511,-3.0633]
[-4.4564, 4.3361, 1.6282, 3.0648,-1.8791,-0.695 , 2.174 , 2.6207,-2.8655,-0.8714,-0.6039,-2.1113, 1.7613, 2.6194, 0.9359, 1.2184, 0.6236,-1.6833, 3.1335,-0.7206]
[-0.6806,-4.7013,-1.2726, 1.7697,-0.6759, 1.0239, 2.356 ,-0.3491,-1.8245,-1.737 ,-2.3736, 2.542 ,-0.6687, 1.1995,-1.6939,-0.5187,-1.6432, 2.8231,-3.025 ,-0.425 ]
[ 1.3466, 2.6582,-2.8174, 1.3815, 2.1187,-0.4826,-1.9435,-1.8438, 0.1525,-2.5707, 0.7645, 0.5371,-0.5565,-0.4299, 2.3337, 2.5011, 2.9203, 0.5224,-0.7291,-0.9586]
[ 4.8488,-5.4216,-0.1662,-2.0793, 0.1245,-2.8943, 2.8151, 1.5719, 2.3805, 1.0044,-0.6763, 0.9067,-1.1712,-2.7627,-2.9417,-2.6815, 0.2001, 0.2374, 0.8788,-2.6077]
[-1.8314, 1.7363,-3.8478,-1.795 ,-1.6606,-1.1722, 1.1524, 1.159 , 0.9076,-2.9252,-1.9756,-0.9143, 1.142 , 1.0451, 1.2035,-3.0809, 2.0139, 0.7868,-2.6436,-1.1833]
[-0.5333, 3.1047,-3.8631, 0.2524, 2.9575, 2.1921, 2.2315,-2.2096,-2.2122,-1.5109,-2.2949,-1.0404, 0.2892,-0.1139,-0.9674, 0.8701, 2.5707,-0.789 , 1.1339, 2.4092]
[ 4.4662,-1.9868,-3.5408,-0.5432,-2.0732,-1.228 , 0.4352, 0.3032,-1.3353, 0.3767, 1.9527,-2.8428, 2.7686, 1.9414, 1.5109, 2.1658, 0.3602,-3.0598,-0.3312,-2.3565]
[-5.3925, 4.6273,-5.3982, 1.9456,-0.3829, 1.6722,-0.1995, 0.9607, 1.2723, 2.5437, 0.4504,-0.5204,-1.0958, 0.7497,-1.9136,-0.8927,-1.0841, 3.0035,-1.0455,-0.0874]
[ 1.2833, 1.5626,-1.4688, 2.1908,-1.8581,-1.9019, 0.6114,-2.3064, 0.4749, 2.6825, 0.4827,-1.7117, 2.2489, 1.8442,-0.4432,-0.0479,-0.7883, 0.222 , 2.3411,-2.1491]
[-0.1955, 2.9652, 3.9514,-0.1292,-0.3092, 1.6117, 2.4771, 0.4244, 2.0611,-1.299 , 2.8739,-3.089 , 1.1249,-0.467 , 1.0753, 1.1462, 1.253 ,-2.4531,-0.2014,-1.8331]
[-0.2366,-0.7518, 2.8444,-2.766 , 1.8531, 0.9605,-0.2237, 0.2503, 1.2886, 0.1446,-0.61  , 2.2384,-0.2057, 0.9477,-2.1446, 0.8269,-1.3956,-0.727 ,-1.384 , 0.0626]
[-2.7658,-5.2334, 0.9732,-2.1243, 1.4199, 2.0707,-0.5338,-0.5678, 2.1383, 0.9166,-0.8249,-2.8786, 1.3678, 0.9061,-0.206 , 2.4571, 2.2171,-1.7631, 2.0169, 1.8297]
[-1.7051, 0.2364, 2.494 ,-2.4827,-1.127 ,-0.6031, 1.3309, 3.0234, 2.6363,-0.4862, 3.0888,-1.059 ,-0.0318,-2.5542, 2.7448,-0.3193,-1.9096, 2.3207, 2.7792, 1.758 ]
[ 0.7314,-0.792 ,-3.9934, 1.6874,-0.3415,-3.1097, 2.1337,-0.2416,-3.0586,-2.0128,-2.6191,-2.9642, 0.3099,-2.9877, 2.6712, 2.4811,-1.8545, 1.7718, 0.9261,-0.3244]
[-1.8663, 5.2394, 2.1686, 2.4186, 2.2733,-1.5177, 1.1282,-1.0392, 0.8329,-1.9332,-1.6403, 1.4438,-0.5605, 0.1676, 2.3653, 0.6786, 0.7409,-0.8804, 3.0593, 3.0871]
[-1.8978, 5.4409, 3.5376, 2.9953,-3.133 , 1.4309, 1.7677, 0.5276, 0.8278, 1.534 ,-0.7205,-2.982 ,-2.7765, 0.4494, 1.4316,-1.555 , 2.3458, 0.7901,-0.5215,-2.0517]
[ 3.6164,-1.0936, 4.6062,-1.0852, 2.4192,-1.8009,-1.42  , 2.1776, 0.8092,-2.897 ,-2.7883, 0.1319,-2.1615, 0.7047,-2.4817, 0.2485,-1.0631, 2.2593, 0.7422, 2.0999]
[-0.8605,-1.5912,-3.1468,-1.7094, 3.1076, 2.6864,-0.3685,-2.4314,-1.9494,-1.9847,-1.0269,-1.7172,-1.0523, 2.478 ,-0.2583,-0.8514, 2.4604, 0.9305, 0.1574, 0.9157]
