[ 5.0459,-2.8319, 2.6848,-0.6009, 2.6614,-0.1332, 1.7757,-1.9497,-1.3905, 0.4974, 1.6909,-0.4523,-1.7336, 3.1161, 2.5734,-0.2893]
[ 1.9973,-4.5928,-4.4369, 0.4435,-1.9907,-2.7519, 2.0482,-2.1902,-0.87  , 1.9962,-0.0152,-1.95  , 0.672 ,-0.6413,-2.9421, 1.0863]
[-3.8777, 3.5524,-4.2964,-0.4682,-3.1073, 1.3909,-0.9344, 0.3635, 2.388 , 2.315 , 0.6536, 0.1933,-1.5151,-0.4079,-1.7411,-0.6551]
[-1.3667,-2.6979,-3.4444,-0.3036,-2.1733, 2.9868,-2.7146,-1.2181,-3.0014, 0.3218, 1.1613, 0.8112,-1.1188,-1.3021,-0.9139, 2.4853]
[ 0.1128,-3.1282, 5.4996, 1.2533,-1.8681,-1.5952,-1.6081, 1.805 , 0.2815,-0.8444, 3.101 , 2.9291,-1.9144, 1.1436,-2.0241, 3.0163]
[ 4.6412,-3.68  , 0.5093, 2.2169, 2.0264,-2.5212,-0.4937,-2.9982, 1.0727,-3.1143, 0.7696, 1.7494, 1.4884, 2.5671,-2.0011,-1.6631]
[-3.182 , 1.7982,-1.3615, 0.1047, 1.5205,-0.4748,-1.7662,-0.284 , 2.0076,-0.4761, 0.0597, 2.2871, 0.6132,-0.5829, 0.3201,-1.9663]
[-4.3272, 0.6061,-3.0034, 2.4969, 0.064 , 0.9891,-2.216 ,-1.4845, 0.578 ,-2.3467,-1.9438, 1.9837,-2.2065, 2.8875,-0.2509, 0.2651]
[-2.6742,-4.1218,-0.7   , 0.814 , 1.0637,-0.0243,-2.1333, 1.8915,-2.2792,-2.2265,-1.2352, 1.3012, 1.9911,-2.2366,-0.3456, 2.2113]
[ 0.0731, 2.4544, 3.9484,-2.6952,-2.7636,-1.8328,-0.4846, 0.174 ,-2.7328,-1.0314, 2.3473,-1.6919, 1.293 , 1.5907, 1.425 ,-2.5507]
[ 0.1437,-2.5127,-4.6091, 1.1956, 1.4282, 1.1179, 1.4157, 0.1462, 2.6736,-2.3454, 2.1529,-1.2711,-1.0636,-2.0734,-0.2127,-0.4922]
[ 4.9477,-0.1529,-4.7246, 3.1173,-0.314 ,-0.8965, 2.587 , 0.585 ,-2.8753, 1.4263,-2.2517,-0.209 ,-2.1764, 2.4821,-0.3643,-2.3194]
[-0.7718, 0.8341, 0.0807,-1.3542, 1.5912, 1.1427,-0.7688,-0.516 ,-2.3836,-1.0574,-2.3992, 2.8704, 2.4316, 1.5569, 0.2922, 1.692 ]
[ 2.0676, 1.6737, 3.08  , 1.2606,-1.3049, 2.243 ,-1.4264,-2.4615,-0.8907,-0.3134,-2.4089,-2.6365, 2.6932,-0.4711,-0.0852, 2.4507]
[-2.3926, 1.7384,-5.4703,-0.436 , 1.3746, 0.0437,-0.056 , 2.5899, 1.5126,-0.3899,-0.0388,-1.3703,-0.5598, 2.2739, 2.6373, 0.9724]
[-0.1518, 4.9984, 0.2174,-1.7921, 1.4449,-0.1335,-1.1113,-3.0052,-1.9589,-2.9793, 1.5317, 0.5546, 2.9942,-1.2155, 0.259 ,-1.6899]
[-0.1286, 3.0398, 1.3762, 0.7593, 0.8771,-2.7927,-1.6565, 1.1048,-3.0003, 2.2048,-1.5492,-1.8809, 0.3803, 2.472 ,-0.6835, 2.3723]
[-4.0574, 4.007 ,-2.7255,-0.3334, 2.7708, 2.8803, 0.8884, 2.1947, 1.6819,-1.4631, 1.4153,-2.0835, 1.8219,-1.4248, 0.8623,-0.3928]
[-2.949 ,-2.2108,-3.5948,-2.5353,-1.8014, 0.5666, 1.4841,-2.3611, 1.0831,-1.5733,-0.5086,-0.0271, 2.1343, 0.7399, 2.0532, 1.358 ]
[ 1.7129, 4.5124,-0.7233, 1.1975,-0.2346,-1.2684,-0.3786, 1.5131, 0.7203, 1.7259,-1.7343, 1.8275, 2.4138,-2.2971, 2.3905,-0.9418]
[ 1.1875,-3.3429,-4.4604,-1.6649,-2.4911, 0.143 ,-1.2873, 2.3366,-2.6039, 0.5945, 0.9346,-0.2417, 1.1372,-1.347 , 1.9369, 2.7961]
[-2.1364,-3.3485,-4.8316, 1.5941,-2.7299, 1.9504, 2.168 ,-1.4009,-1.4853,-2.9671, 2.834 ,-0.0276, 2.2316,-0.2042, 2.2072, 1.2066]
[ 3.5309, 3.1439, 4.2111, 2.4374,-0.3387, 2.734 ,-2.6403,-1.1606, 2.6729, 1.9698,-2.2482,-1.8578,-0.2951,-0.311 , 1.9684,-2.4329]
[ 4.2522,-2.9993, 1.5632,-1.14  ,-1.9174,-1.5652, 2.976 , 2.1737,-2.6069,-1.2189, 1.2767,-0.2671, 3.0797, 1.8593,-2.5743,-1.0842]
[ 4.8845, 3.6069, 4.7643, 2.7873, 2.4365, 1.6439,-1.537 , 1.4642, 2.8786,-1.5832, 0.8358,-0.2589,-1.0209, 0.2933,-0.1602,-1.6941]
[-2.5647, 3.1155, 4.2741, 2.6498, 1.8109,-1.0092, 1.4996, 2.5481,-2.0096, 2.1406, 1.012 , 0.5464, 0.8839, 3.0526,-2.6768, 2.6859]
[ 0.3788,-1.0389,-0.4166, 2.453 , 2.0813,-0.6939, 2.0942, 2.2852, 1.9151, 0.9999,-0.9866, 2.1227,-0.5157,-0.7156, 0.1724,-0.4967]
[-5.4127,-2.8296, 3.3555, 1.4021, 1.2789,-0.3521, 1.0121,-0.9068,-2.9463, 1.7098, 2.4041,-1.2252, 2.1236, 1.4352, 2.6902, 0.2409]
[ 0.6458,-4.4569, 1.1529, 2.3497, 2.8995,-1.731 , 1.4247, 1.9292,-0.0816, 0.1841, 1.053 , 0.7727, 2.9753,-1.2756,-2.5671,-0.5057]
[ 1.4349,-3.3313,-1.2136, 0.2104, 1.6944,-2.6406, 0.7507,-1.1874, 2.5813,-2.7112,-1.0804, 1.5398,-1.0299, 2.9996,-0.0663, 1.7984]
[ 5.0311, 1.2724, 3.4733,-1.4544,-2.5784, 2.8403, 1.9515,-0.6346,-1.3554,-2.0452,-0.4394, 0.9176, 1.9033,-1.8995, 1.9112, 0.4519]
[ 3.7535, 1.2706, 3.6072,-2.6455,-1.3793,-1.996 , 0.3062,-2.1783, 0.2513, 2.0027, 2.0956, 1.3334,-1.5983, 1.6385, 1.5771,-1.0564]
[ 5.4795,-4.7362,-2.5797,-0.414 ,-2.437 , 0.9315,-0.0103,-2.8961,-2.8987, 2.2631,-2.1995, 2.3372, 1.7213,-2.4082, 2.4807, 0.2479]
[-1.0618, 3.7141,-0.3301, 1.2009,-2.1498,-2.1833, 2.973 ,-2.2927, 0.478 , 2.0393,-2.0702,-1.3464,-0.0787, 2.3366,-2.4025, 2.6339]
[-1.7215,-3.4228, 0.4085,-1.0094, 3.1129,-1.2946, 0.193 ,-2.1433,-3.1369, 2.0305, 1.7552,-1.3615,-1.0085, 1.6498,-0.5258, 0.182 ]
[ 4.3079,-4.4902,-1.8674,-2.7819, 1.7466, 0.2018, 1.4186,-3.0129, 2.2384, 1.7756,-2.3633,-3.0496, 1.2685,-1.5901,-2.0418,-2.92  ]
[-1.4595, 4.3036,-3.8684, 1.1177,-1.9249,-0.8849, 0.426 , 2.8775,-2.266 , 1.4369,-1.8755, 0.9379,-2.7101,-2.4938, 0.3105,-0.4467]
[ 2.0687,-2.7068, 3.0007, 1.1771, 0.6811,-1.0949, 1.9441,-2.1091, 1.4986,-2.7087, 1.7184,-0.5136,-1.3271, 2.7627, 2.9531,-0.9828]
[ 3.8447, 1.4927,-1.436 ,-1.5615,-2.8998, 1.9871, 1.1591,-0.9953, 3.1115,-1.5378,-0.55  , 0.6464, 1.5894, 2.0397, 0.8797,-2.849 ]
[-1.3905,-3.3251, 4.446 ,-2.1553,-2.4794, 2.8003,-2.8188, 2.6759,-0.8715, 0.1541, 1.8425,-2.9164, 1.2248,-1.169 ,-0.7904, 2.7853]
[-4.3947, 4.4968,-0.5425, 0.6272, 1.9145,-2.1203, 1.5173, 2.4208,-1.8846, 0.5099, 0.017 , 2.7574,-1.0131,-0.5867,-1.9539,-2.0884]
[ 0.6661,-3.6805,-2.4599, 3.134 ,-1.3224,-2.742 , 2.9705,-3.0832, 1.0825,-2.2721,-2.138 , 0.7796, 1.2724,-2.2385,-2.2705,-0.1032]
[-0.8983,-1.7697, 0.9603,-1.57  , 2.3302,-0.4583,-1.6849,-0.4117, 0.7661, 1.669 ,-1.2025, 0.1335,-1.0704,-2.5518,-1.0407,-2.8392]
[-4.4792, 2.4931,-2.4545,-2.9892, 3.1157,-1.9088, 1.2613,-1.4681,-1.9015,-0.8299,-2.7663,-2.7304, 2.7132,-0.8439,-0.3229, 2.2625]
[ 5.0595,-3.9765,-2.5251, 1.1269, 1.2949,-1.4835,-1.8048,-1.5217,-3.0803, 2.0481, 1.4622, 1.9974,-2.3519,-1.7861,-0.4099, 0.7897]
[-1.5486,-0.2682, 1.5378,-2.9239, 1.4727, 1.5997,-2.1644, 1.8585,-0.3189, 0.604 , 2.9112,-0.0562,-3.0271, 2.9119, 0.2476, 1.0257]
[ 4.8683, 0.2893,-0.9586,-2.8561, 0.6567,-0.0987,-0.5113, 0.7724, 2.9477,-1.0741, 0.231 , 2.0256,-0.3783, 0.632 , 1.7101,-1.5055]
[-3.4363,-2.9823,-2.0151, 2.4162,-0.6167,-1.5411,-1.578 , 2.0713,-3.0684, 0.7002, 2.4799, 0.4039,-1.4929,-1.1745, 2.9145,-2.1694]
[-1.3445,-2.1165, 3.3225, 0.1943,-0.9481,-1.8917,-1.9061, 0.0922, 0.4528,-0.8527,-3.0668,-1.1411, 1.1863,-0.7367,-0.6663,-1.8253]
[-1.9933,-0.9744, 1.3107,-1.5192, 1.4393,-0.416 ,-0.3813,-2.7944, 2.8183,-0.9951, 1.4335,-0.1509, 1.8993, 2.929 ,-2.4084, 2.3075]
[ 0.7601, 0.7336, 1.1585, 2.9404, 0.1019,-0.1505,-0.7934, 2.3144, 2.0665,-1.9412,-1.9882,-2.3104,-0.198 ,-0.6343,-2.8109,-0.4357]
[ 1.8855, 3.2067,-2.0162, 1.3412, 0.1344,-2.0842,-1.6932, 2.1193, 3.067 ,-2.6869, 0.1857, 0.8933,-2.6453, 1.1278, 0.9419,-2.5007]
[ 4.6872, 2.1713,-0.0548,-2.4518, 1.9755,-2.3575, 2.5287, 1.7584, 1.759 ,-1.895 ,-2.9175, 2.2166,-1.6672,-0.2551, 0.9509,-2.9808]
[ 3.2004, 2.6968, 4.8297,-2.4032, 0.3594,-0.9867, 0.69  , 3.0649, 2.9662,-1.1253, 1.254 , 2.606 , 2.1924,-1.0497,-0.1242, 2.6675]
[-1.575 , 0.1538, 4.8733, 2.6822, 1.1883, 3.0166,-2.2713, 1.5574, 1.159 , 1.8883,-0.0893, 1.3225,-0.7082, 2.2901, 1.1524,-1.0692]
[-3.8345,-3.846 , 0.4681,-1.5489, 1.2675,-1.0622, 1.5043,-2.3284,-1.051 , 3.1297, 2.9415, 0.3856,-0.0429, 0.2015,-0.1755, 1.0639]
[-1.7081, 0.1486, 0.6874, 2.1635, 0.397 ,-0.1364,-1.3859,-0.1723, 0.3608,-1.1151,-0.0599, 2.1079,-1.9314,-1.7733, 0.4861, 1.2053]
[-4.0031, 0.6854,-3.0351, 1.5687, 1.2208, 0.9631,-2.5338,-1.726 , 0.0966, 0.908 , 1.7513, 2.7151, 1.8347, 1.6006, 0.8708, 0.2939]
[ 2.8242, 4.9644, 1.9   , 0.0106,-1.1699, 2.538 , 0.4889,-0.2533,-0.1056, 1.1844,-0.1989, 2.1026,-2.4054,-0.5145, 0.5716,-1.049 ]
[-2.8701,-1.9823, 4.9126,-2.4728,-1.9247,-0.8139, 1.0301,-1.349 , 2.419 ,-1.5409, 2.7917, 0.9403,-0.3547, 0.2855, 2.7287,-2.7413]
[-2.9139, 1.4073,-0.6906,-1.4724, 2.9467, 1.4069, 1.9464,-1.388 , 1.4935, 2.2383, 1.0967,-0.3915, 2.9334, 3.1387, 0.6876, 2.5589]
[ 0.4806,-1.3707,-0.2724, 0.1319,-1.1926,-2.1409,-1.8599,-2.9483, 0.7035, 2.4968, 0.9436,-1.7906, 0.6811, 3.0618, 1.6223, 1.2441]
[-3.0871, 0.1994,-2.889 , 0.3827,-1.2548, 2.6722, 2.8819,-2.1235,-0.322 , 2.9996, 2.8798, 0.5833,-1.065 , 2.5161,-0.632 ,-0.9298]
[-3.2229,-2.7439, 5.1386, 0.6373,-2.0713, 0.4808,-2.6862, 1.7339, 2.8572,-0.0196, 1.4899, 2.8464,-2.608 , 1.1616, 2.3446,-1.1757]
[-2.543 , 4.3179, 1.7614, 0.0546,-1.0654, 0.4785, 1.4496, 0.1441, 0.5588,-2.8695,-3.0291,-2.5417, 1.7513, 2.184 , 1.6419,-1.0185]
[-0.7818,-0.3782, 2.0487,-2.1348, 1.7723, 1.8447, 2.4761,-1.3551,-2.432 , 0.5029, 1.5475, 3.1144, 1.1079, 2.955 ,-1.8845,-0.8798]
[ 4.6746,-1.5146,-3.2183, 3.1175,-1.397 , 1.7672,-3.1103, 2.0851,-3.0331, 1.6278, 0.5864, 0.3183,-2.1278,-0.2445, 0.0925, 1.7251]
[ 0.9911,-1.774 ,-5.461 ,-2.5804,-1.3349, 0.4804,-2.6494,-2.8845,-2.0288,-2.5185, 2.3863,-1.5687,-0.7749, 0.4873, 2.1483,-2.5956]
[ 0.1145,-2.19  , 2.4049, 2.8325, 0.6478, 1.7614,-2.8677, 2.6881, 2.005 ,-0.286 , 2.8738, 1.1938,-0.1664,-1.2442, 0.7106, 2.451 ]
[-3.4511,-2.7323,-2.7687, 1.7256,-0.5742, 0.8068,-2.1794, 0.8654, 1.2563,-1.159 , 0.9436, 0.8136,-1.4572, 2.5929, 2.1114, 0.395 ]
[ 2.5719,-0.8338,-0.59  ,-2.4577, 0.126 ,-1.8373, 2.9965, 2.7749,-0.1392, 2.4484, 2.2121,-2.2685,-2.9668, 1.565 ,-1.973 , 1.9871]
[ 0.3843,-0.0276,-5.4127, 2.9488, 0.4985,-0.5764, 0.8118,-2.3642,-0.7682,-2.3816,-0.3381,-1.3232,-2.7381, 2.8104, 1.8086, 0.3544]
[-1.3902, 4.2348, 3.0717,-2.8016,-0.5633, 2.932 , 0.5903, 2.4206,-0.3423,-2.7245, 1.405 , 0.9539,-1.3728, 2.3222, 2.4632, 2.787 ]
[-1.1046, 0.2223, 2.2724, 1.1672, 2.9198,-0.7492, 0.5895, 2.6144,-2.2054, 2.6323,-0.5266, 2.6155, 1.8501, 2.7389,-0.8928, 0.2118]
[ 3.7746, 3.9272, 4.3412, 1.4737, 1.4259, 0.5034, 2.9211,-0.6569, 1.5263,-1.7597, 1.2933, 1.0492, 2.5401,-0.0282, 0.1538,-1.6665]
[-3.0145,-4.0798,-0.9781, 0.2565, 2.0388,-2.1981, 0.0134,-1.2526, 1.4663, 2.3271,-1.8632,-0.3511, 2.0365,-1.717 , 1.5816, 1.0038]
[-0.5254, 4.8429, 2.7935, 0.4136, 0.9963, 2.4413, 2.0572, 2.4164,-1.5627, 2.1841,-2.368 ,-0.0622,-1.5567, 3.1045,-0.9428, 1.0689]
[ 2.8073,-3.5953, 3.3666,-2.4787, 2.4736, 2.9567, 2.4179,-0.4405, 2.9611,-0.3324, 2.0709, 1.6728, 0.2484,-0.094 ,-0.1836, 3.0417]
[ 1.9144,-1.0723, 1.3513,-1.6903, 1.0972, 1.7194, 0.4678, 3.0224,-1.8542,-1.9237, 2.2069,-0.2833,-2.2474,-2.0547, 0.2211, 0.5174]
[ 0.5537,-4.5084,-3.5573, 0.3743, 1.8244,-2.2752,-0.7724,-2.5177,-0.2273,-3.1286, 2.0378,-1.5128,-2.6904,-1.7611, 0.3766,-2.2649]
[ 4.5794, 2.8407, 3.741 ,-0.9067,-0.4758, 2.1863, 2.6981, 0.3401, 2.9499, 2.7733,-1.1994,-2.4571, 1.9987,-1.5591, 3.0629, 2.7989]
[ 3.2921,-5.274 , 1.1526,-0.5118,-2.0316, 1.0868, 1.4879, 0.6994, 1.3519,-2.1446, 1.335 ,-2.5917,-1.2078, 0.6237,-2.5901, 1.6052]
[ 1.1493, 2.5343, 1.7316,-2.2986,-1.3594, 2.0806, 2.2475,-1.657 , 0.0288, 2.1562,-1.7825, 2.6931, 1.4759, 2.9928,-2.6903, 1.6552]
[ 4.9171,-5.1188, 3.4991, 2.1232,-0.8936,-2.0054, 0.4177, 0.9209, 0.5115,-0.5911,-1.6138,-2.1463,-3.0876, 1.383 , 2.5683,-2.4894]
[-0.4503,-1.3382, 1.4445, 2.3956,-0.2758,-0.0208, 2.72  ,-1.7863, 0.5712,-0.1807,-0.4564,-2.8108,-2.5176, 2.6146, 2.522 ,-0.5045]
[ 4.3662, 3.4789, 0.841 , 2.5352,-0.2033,-1.4946,-0.6662,-0.0592,-1.8043, 1.6812,-0.0519, 2.2387, 0.1136, 0.2733, 2.6319, 1.0517]
[-1.5389, 3.2953, 3.5879, 2.3066,-2.519 , 0.0533,-1.6267, 2.2713,-2.7815, 3.0978, 2.8956, 0.1632, 0.7586,-1.1835, 1.5337, 0.7308]
[-6.8785e-01, 1.1141e+00, 4.2450e+00,-2.3040e+00, 2.5423e+00, 3.9002e-01, 3.0133e-03,-2.6231e+00, 2.3775e+00,-4.3780e-01,-2.4666e+00,-2.0943e+00, 1.8134e+00,-8.1323e-01, 1.8482e+00,-1.9722e+00]
[-1.1873,-5.3024,-3.2664, 1.9698,-0.7533,-3.13  ,-2.8375, 2.7854,-1.9204, 2.5207,-2.1964,-1.4627, 2.5855,-1.6348, 1.1518,-1.6739]
[-2.7384,-1.4557,-5.3125,-0.1027,-1.7931,-1.7399,-1.7059,-2.8831, 1.676 , 2.0335, 2.6454,-2.6087, 0.4655, 2.8193,-0.4604,-1.8919]
[-4.2787,-2.2321, 3.7606,-2.5384,-0.9611,-2.0913,-2.7096,-2.7305,-2.8925, 1.9054, 0.3736,-0.1372, 0.4632, 2.6505, 3.0494,-3.0118]
[ 5.4747, 5.2854, 1.5444, 2.6891, 1.9382, 0.6417, 1.6621,-3.0389,-1.851 ,-2.6318, 0.1713, 1.7243, 0.4701,-1.6961, 0.5162,-0.8845]
[ 2.7499,-3.1512, 2.9091, 1.1021,-0.1055,-1.7756,-1.7349, 2.1733,-1.6145,-1.7714, 1.9286,-2.7071, 2.0943, 1.4197,-1.8925,-1.8188]
[-2.6802, 2.9326, 3.2846,-0.396 ,-1.0912, 1.3783,-2.4675,-1.2757,-1.1002, 2.4078, 0.9117, 2.4313,-2.538 ,-0.2059, 1.1539, 0.5477]
[-2.8411, 5.103 ,-4.7112, 1.1076, 2.3203, 0.6082, 0.452 , 2.5639,-1.4894, 2.0898, 2.6004, 0.8668, 1.7543,-0.5283, 2.5466, 0.8012]
[-3.341 , 5.1541, 1.7095,-0.9217,-0.2467, 0.9996,-2.5343,-2.8692, 1.796 , 1.2363,-1.386 ,-1.8374,-2.9866, 2.4119,-1.8263,-1.0951]
[ 3.4695, 4.3883, 1.9024, 0.1283,-1.2902, 0.0878, 1.5021, 2.7295,-1.2753,-0.7207, 1.2937,-2.7137, 2.5771, 2.1958,-2.2179, 2.7459]
[ 2.632 , 2.2974,-1.8166,-1.3175, 1.4976,-2.5789, 2.2991,-2.8368,-0.7725,-1.1757, 1.8184, 1.4028,-3.0259, 2.3185, 2.3984,-1.5715]
[-2.8367,-0.5454, 2.896 ,-1.5107, 2.7257, 1.197 , 2.3198, 0.1437,-0.4403, 0.085 , 2.9534,-2.0394,-2.6604, 0.3895, 0.0874, 1.8924]
[ 3.4399, 1.7618, 3.7029, 1.5782, 0.2239, 0.0944,-2.5614, 0.276 ,-1.8075, 0.4766, 1.1733, 1.7335,-0.8106, 0.1857, 2.3291, 0.2359]
