[-2.2114, 1.6306,-0.9026, 0.0592, 1.0513,-0.3841,-2.1031, 1.6706, 2.0002, 1.4355,-2.5022,-0.6923,-2.0626,-0.5571, 2.9366, 1.7703, 0.2288,-1.3648,-0.1295,-0.2656, 2.5012]
[ 3.6597,-3.4391,-3.5943, 2.3738, 0.2091,-0.1878,-1.1001, 3.1212,-0.1616, 1.5089,-2.466 ,-1.489 , 1.264 , 0.428 , 1.2075, 0.9176, 0.287 , 1.3147,-2.4473,-1.2114, 2.4712]
[-3.69  , 3.4861,-2.0943,-0.2659, 2.6953, 1.3863,-1.9966, 2.5855, 0.7703, 2.3093, 1.0655,-2.4953, 2.9377,-0.5762,-1.4272,-0.7707,-0.7223,-2.8262, 3.1254, 0.9159,-0.9636]
[-1.6703, 3.6363, 3.1529, 2.4   ,-1.2178, 0.6536, 0.0292, 0.9238,-1.1563,-2.1339, 0.9066, 1.5358, 0.0464,-2.2631,-2.6309, 1.4303, 2.7364, 0.6381,-0.603 , 2.2217, 1.4188]
[-2.6816,-0.5152,-3.037 ,-0.5143, 0.9728,-1.6191, 0.8028, 3.1262,-2.6351,-1.2215,-1.0985,-2.6328, 0.4788, 2.0488, 1.5865, 1.7226, 1.8785,-1.0282, 0.8616,-1.6694, 1.8864]
[ 3.2799,-0.7556, 0.0301, 1.7014,-0.1896,-2.3109,-1.7683, 1.9687, 0.5346,-2.5672,-2.6828, 0.2358,-1.5195,-0.9912,-1.2915,-1.0772, 0.2983, 2.1645,-2.7066,-2.9511, 1.1263]
[ 2.6339, 0.701 , 3.2373, 0.4999, 3.0587,-2.802 , 1.7334,-0.1145,-3.1036,-1.7975, 2.2161, 0.7639, 0.5055,-2.1785, 0.4144,-1.8569, 1.572 ,-2.9735, 3.0402,-1.0052,-0.5593]
[ 2.8817,-3.5766,-3.1977, 1.4721, 1.5828, 0.7437,-2.5788, 0.3274, 2.6325,-0.2192, 1.3847, 2.9016,-1.9174,-1.3976,-3.0985,-0.944 ,-2.9107,-0.0432, 0.1828,-1.8603, 1.8932]
[ 3.9453, 3.7327, 3.2483,-2.8951,-2.6521, 0.5369, 2.9826,-2.3447,-0.4133, 2.9918, 0.3447,-2.2487, 2.741 , 1.1259, 2.8887, 1.274 , 3.0797, 1.0217, 0.14  ,-0.3281,-2.4255]
[ 1.7824, 3.5554, 4.4706, 0.8577, 2.6925,-2.5696, 1.2635,-1.5372,-1.4812, 1.5103, 1.8004, 0.245 ,-0.4645,-2.1173,-1.6424,-0.2479, 0.8672, 2.1056, 1.1438,-1.9152,-2.3187]
[-5.0444,-4.7944,-2.6483,-1.6474,-1.5369,-0.5058, 1.6857, 2.6863,-1.8952, 0.337 ,-2.5418, 1.0306,-0.2112, 1.1121,-1.1306, 1.7732, 3.1287,-1.0548, 1.1249,-2.232 ,-2.5023]
[-5.0283e+00,-5.0281e+00,-3.4940e-02,-2.2158e+00, 8.8707e-01, 1.0273e+00, 2.1690e-01,-1.4183e+00,-1.9314e+00, 1.5472e-01, 2.4325e+00, 2.0485e+00,-1.6129e+00, 4.4723e-01, 2.3306e+00, 5.7029e-01, 1.2574e+00, 2.2670e+00,-1.8987e-03,-4.6453e-01,-2.4838e+00]
[ 1.0998, 3.8919,-1.3481,-1.1591, 2.7421,-2.1453,-1.0457,-2.3707, 0.4017,-2.5857,-2.1296, 0.6363,-2.4564,-0.6391, 0.6608, 0.452 ,-2.7055,-2.9585, 2.3035, 2.7043, 2.9025]
[-0.5803, 3.9656, 2.9074,-1.3284, 1.3254, 2.2793,-0.4399, 1.7641,-0.1411, 0.5092,-0.0557, 1.2678,-1.5049, 3.0966,-1.4767, 0.5754, 2.613 , 1.8591, 1.2254,-2.3583,-0.9084]
[-4.7069, 1.1187, 0.8981, 2.7752,-2.1696, 0.418 , 0.6259,-2.0404,-1.0207, 1.8471, 1.7705,-0.4278,-0.9548, 0.6548,-0.0155,-1.8899, 3.056 ,-2.6348, 2.2145,-1.1634,-0.3284]
[-2.3113,-5.4643,-3.9848,-1.6864, 0.766 , 2.8311, 2.4026, 1.8537, 2.2994, 1.8752, 2.896 , 3.0067, 1.4189, 2.6734,-1.2417,-1.4139, 0.9986,-2.4891, 3.0789,-0.1082,-0.431 ]
[-0.0276,-0.3638, 2.0338, 0.8074,-1.0096, 2.7011,-0.8185,-1.3334, 0.9826,-2.9699,-1.4246, 1.9957, 0.9138, 3.0879,-0.176 , 3.0275,-2.4333,-1.5379,-2.6797,-2.7861, 1.3813]
[ 2.1091, 1.3304,-5.3751,-0.7254,-0.526 ,-1.8748, 0.3471,-2.4075,-0.0954, 2.9781, 2.8924,-0.0689,-0.632 , 2.6471,-3.0884, 2.0467, 0.2353, 0.1529,-0.1128, 2.4677,-2.2662]
[-2.0263,-5.2696,-0.8347, 2.5099,-2.1231,-2.6298,-1.4243, 1.5157,-0.4075, 2.0428, 0.2998, 2.7841, 1.1104, 1.4565,-0.9817, 0.0372,-1.4501, 0.959 , 2.8452, 0.6762, 0.7307]
[ 2.4934, 2.2264, 0.3978,-1.1104,-0.3756, 2.4995,-1.4939, 1.2243,-0.3636,-2.906 , 2.482 ,-0.3265,-1.7737, 1.2122, 1.317 ,-0.0742,-0.4051,-1.3003, 1.8703, 0.674 , 0.6673]
[-3.2709, 1.3779, 3.0648,-2.9493, 2.2611,-0.0993,-0.3703,-2.2283,-1.5734, 2.3717,-1.2824, 2.0026, 1.6742,-1.3539, 0.8244,-2.0464, 1.2377, 1.3962, 2.5854, 2.8422, 1.2723]
[ 1.2775,-4.4577, 5.4209,-2.1625,-3.0785, 3.0654,-2.94  ,-1.4329,-1.3506,-2.2511, 1.1613,-2.5832, 3.1186, 2.77  , 0.2168,-2.1617, 1.6763,-0.0741,-0.2329,-0.0345, 1.2643]
[-1.7491e+00, 4.9097e+00, 1.0308e+00, 1.3919e+00,-1.7143e+00, 1.9894e+00, 2.5762e-01,-9.1921e-03, 2.6827e+00,-4.4928e-03, 2.0069e+00, 2.2954e+00,-2.9617e+00, 6.4377e-01,-2.5352e+00,-1.4443e+00, 5.4138e-01, 2.9177e+00,-1.5077e+00, 1.5585e+00, 2.3857e+00]
[-3.8837,-1.1242,-0.2254, 1.3692, 1.9814,-2.6014,-1.0843,-1.5133, 2.0555,-1.9713,-0.4947, 1.8385, 1.9696, 1.6605, 2.6731,-3.0193, 0.9483, 2.0001,-1.3659,-1.8124, 0.5756]
[-4.2540e+00,-5.1094e+00, 7.8203e-01, 5.1267e-01,-7.7163e-01, 2.3910e+00,-4.6423e-01,-2.0021e+00,-1.6818e+00, 1.9213e+00, 1.1163e+00,-4.0200e-01, 3.2868e-04,-2.4613e+00, 7.1851e-01,-2.7722e+00, 2.3668e+00,-1.1315e+00,-1.0632e-01,-6.5147e-01, 1.6330e+00]
[ 3.0529, 5.0014,-4.1943,-0.6858, 0.1997,-2.6088,-1.3555, 0.0582,-2.4678, 2.9539, 2.9385, 2.4199,-3.1326,-2.0754,-2.8023,-1.3315, 0.1505, 0.8935, 0.8334,-1.6671,-2.34  ]
[ 1.8574, 4.2926, 0.4711, 2.1905,-2.1085, 1.5829,-0.4707,-0.8568, 0.2588, 0.0762,-2.7315,-2.0275,-2.6341,-1.082 , 1.2112,-2.8465, 2.5479,-1.2321, 0.667 , 2.9766, 0.223 ]
[ 4.5833,-3.6356,-5.3655,-2.2602, 2.7692, 0.3456,-2.2784, 2.0578, 0.7936,-2.1091, 1.695 , 2.5905,-1.2431, 1.274 , 3.1348, 1.7283, 0.2676, 0.9027,-1.1823, 0.8586, 0.8891]
[-1.194 ,-2.3883, 3.6398, 1.8684,-1.16  ,-0.4338,-0.067 ,-3.1397, 0.352 ,-1.8471, 0.0478,-2.4482, 0.3418,-2.3411, 0.0164,-0.5676,-1.9047, 0.2959, 2.6212, 1.718 , 2.0173]
[-1.0279,-5.2834, 5.1218,-1.0522,-2.7912, 0.5058, 1.3992,-1.1197, 1.7563,-0.2524,-3.0765,-0.9881, 0.6579,-0.8331,-2.2996, 0.5219, 3.0205, 0.469 , 3.1165, 2.0529, 1.0502]
[ 0.4796,-4.4093, 5.2332,-2.4798, 0.9069, 2.0121,-1.0132, 0.2207, 0.6422, 2.6284, 1.8272,-2.6262, 2.7515, 2.7451,-1.8673,-0.6294, 0.4779,-1.1544,-1.379 ,-2.9999, 0.6427]
[-3.402 , 2.45  , 0.4633, 1.467 , 1.3973, 0.9203, 0.6421,-0.6901,-0.4187,-2.4421,-2.2335,-0.987 ,-1.9536,-2.873 ,-1.4184,-2.7585, 0.6427, 2.7731,-0.142 , 2.7139, 1.851 ]
[ 0.9419,-0.8737, 3.9581,-0.2873, 2.2793,-0.5389, 2.713 ,-0.2918, 2.4718, 1.4436, 1.3501, 1.3553, 0.0146,-2.346 ,-0.6984, 1.8241,-2.0753, 1.7416, 0.8261, 0.8157, 2.5821]
[ 1.7539, 2.219 , 4.7643,-2.8792, 1.9671,-2.9718,-1.8852, 0.0113, 2.1121, 2.3917,-0.0586,-1.7022,-0.9577, 2.8886,-2.1097,-0.2582, 1.63  , 0.4734, 0.266 , 0.9464,-0.3659]
[-1.2138,-2.9973,-5.4696, 3.0804, 0.0945,-2.1722,-2.1241,-2.0919, 2.6578,-2.0843, 1.7638, 1.545 ,-1.1638, 3.0591, 1.5739, 1.0966, 1.0287, 1.149 , 0.351 , 1.9473,-1.4119]
[ 1.635 , 0.8868, 4.7132, 0.2096, 1.5423,-1.9125, 2.1506,-0.0622,-2.4669, 1.9297,-0.4097,-2.6704,-1.5241,-1.4585, 2.1963,-2.8215, 2.9367, 1.7874, 0.0693,-0.0177,-1.7617]
[ 2.5124,-3.8365,-5.272 , 1.4922,-0.8043, 0.5616,-2.3869, 2.8776,-1.088 ,-2.7362, 0.9546, 2.3772,-1.5089, 1.5345,-2.0825,-2.6877, 0.478 , 2.7547,-0.9927, 0.955 ,-2.7564]
[-1.122 , 4.1252, 4.1096,-1.6679, 2.6283,-2.9155,-2.2376,-1.5226,-2.3633,-2.239 ,-2.1774,-3.0165, 3.037 , 1.7543, 0.3409, 1.4821,-0.3452,-0.6596, 1.9845,-0.4664, 2.9138]
[-5.4343,-4.4133,-3.1874, 1.0597,-2.0405, 1.4729, 2.0735, 3.1281, 2.3452, 3.0938,-1.9836, 0.8376,-0.7631, 2.1214,-1.6645, 0.1409,-0.9114,-0.5372,-0.019 ,-2.9829, 2.8385]
[ 4.4253, 4.9432, 3.4605,-0.7286,-2.4335,-1.5399,-1.861 ,-2.4526, 1.8926,-1.0575, 0.007 ,-0.1588, 0.9658,-2.233 ,-1.1899,-2.1282,-2.4756, 1.1571,-1.1781,-0.47  ,-2.6108]
[-2.1027,-3.3986, 0.2455,-1.7464,-0.4282, 1.3853,-2.07  ,-1.8576, 2.5986, 1.0979,-1.444 , 1.692 , 1.3742,-1.4339, 0.5969,-0.5917,-0.6534,-1.0093, 2.6739,-1.7457, 1.0579]
[-3.453 , 4.46  , 3.4277, 0.6759, 2.0979,-2.5754,-0.5651, 3.0965, 0.9069, 2.9645, 1.3287, 0.1544,-0.6583,-1.0656, 0.1101,-0.2753, 0.1447, 1.7261,-1.4814,-1.3768,-1.3681]
[ 5.3833, 1.5339, 4.6623, 1.2055,-1.2492,-2.3467, 2.6543,-1.3472,-1.673 , 0.1295,-0.344 , 0.6466, 2.9633, 0.8072,-3.1177,-0.3578,-3.0104,-2.2877,-0.6316, 2.2474, 2.1723]
[ 1.1207,-5.3755,-2.9851, 1.4075, 0.3803, 0.427 , 2.7042,-1.3775, 1.0193, 1.1808,-0.792 ,-1.8685,-0.3391,-2.6548,-1.5987,-3.0349, 2.4155, 1.5759, 0.4284,-2.4935,-0.0285]
[ 2.5478,-4.4433, 5.4208, 0.926 ,-3.023 ,-0.0304, 2.4731, 0.7755, 0.2154, 2.6157,-2.04  ,-0.2916, 2.5102, 1.0902, 1.0762,-2.038 ,-0.6737, 0.6298, 1.4041,-3.0917, 1.6243]
[-5.0641,-5.2694,-2.5385, 0.9143,-1.6549, 0.5766, 3.117 ,-0.632 , 0.7124,-1.7873, 0.9997,-1.1191,-2.55  , 2.7037, 2.4159,-1.3676, 1.7757,-1.9362, 3.0695,-0.0418,-2.7973]
[-4.8735, 2.6146, 0.1582,-1.5122, 2.2728,-2.6602,-0.5842,-1.6055, 0.1891, 0.3043,-2.3594,-3.1399,-0.4863, 1.1109,-0.9205, 1.7636,-2.3996,-2.4045,-2.7112, 1.6464,-0.8743]
[-4.8722,-0.2018, 3.7699,-2.8137,-2.2135, 2.6674,-1.8075,-1.2239, 1.9922, 2.63  ,-2.7628, 0.2569, 2.8944, 1.8647,-2.3998,-0.6626,-0.9536,-1.1025,-2.8955,-2.633 , 1.2696]
[-1.3557, 2.4084,-5.1345, 1.8968,-0.6887, 0.0851, 0.4772,-0.1033, 2.963 ,-0.0906, 2.5616, 1.9327,-0.0412, 2.1765, 2.5586,-2.271 , 0.6301,-0.7663, 1.1093, 1.1031, 2.7913]
[-3.0877, 4.6603,-1.5898, 2.5394,-0.7201,-0.5779, 2.2137, 2.4661, 0.9974,-2.042 , 0.7562,-2.4171, 1.4938,-1.6819, 0.2771,-0.2111,-1.8123, 2.0143, 2.3632,-3.017 , 2.4924]
[ 1.721 ,-4.5996, 2.2586, 2.8731,-0.4829, 2.0317, 2.0627, 2.2845,-0.0259, 1.0077,-1.6274,-2.8112, 0.7239,-2.5893, 0.5505, 1.6701,-0.8095,-2.2559, 0.448 , 2.7239,-0.1596]
[ 3.5177,-0.4233,-0.5669, 2.0201,-2.502 ,-2.9379, 1.3306, 0.1619, 2.6678,-1.3032, 3.0262, 2.3051,-0.746 ,-2.6017, 1.1031, 0.963 , 1.6331, 0.6158, 1.2349, 1.5129, 2.0701]
[-4.1586,-3.6862, 3.7542,-0.4262,-2.8645, 2.1725,-2.7582, 2.7557, 0.6657,-0.5446,-1.7616,-0.4246, 1.6225,-0.2385,-0.375 , 1.6595, 1.1124, 0.5616,-0.2681,-3.0287, 1.3587]
[-5.375 ,-1.4682, 3.0514,-1.9434,-2.4026, 3.1323, 1.3398,-1.7706,-2.4887, 1.9718,-2.9354, 1.8435,-1.813 ,-1.1064, 2.4452,-0.3423, 2.5871,-1.6674, 1.0687, 1.1312, 0.9018]
[-3.2662, 5.111 , 5.4914,-2.0323, 1.4226, 1.1016, 0.3678, 2.8187,-0.55  , 2.2016, 2.5201, 2.4945,-1.0005,-3.1335,-2.9083, 0.8194, 0.6768,-2.3881, 0.0252, 3.0996, 0.2764]
[ 1.6682,-2.9686,-5.047 ,-1.7455,-0.7359, 0.4337, 2.718 , 0.7369,-0.0768,-1.4677,-0.2587, 2.7882, 0.8981,-0.2881, 2.71  ,-0.9167,-0.0872, 2.4755,-2.0158, 1.7195, 0.2179]
[ 3.1148, 4.9896,-0.9832,-0.547 ,-2.4698,-0.9876,-1.2395,-2.6424,-3.1293,-0.8567,-0.7722,-3.1393, 0.5929, 0.2769,-0.3542,-0.3058, 1.2015, 2.763 , 3.0288, 3.0236,-1.5916]
[ 3.4967, 3.9367, 2.4056,-2.4277, 1.9297, 3.0931, 0.5542, 0.7112,-0.7016, 2.2583,-1.8318,-1.8845,-0.0385, 0.6215,-2.5481,-2.6366, 0.9438,-0.3366, 0.4136,-1.827 ,-1.6036]
[ 1.3614,-1.4808,-1.1969, 1.8971, 2.5291,-1.0038,-1.4036, 2.8699,-3.0663, 0.0612, 2.4649, 1.4826,-1.9817, 2.0177,-2.0317,-2.6246, 2.3553,-2.9764,-2.4039, 0.4469,-1.0693]
[-2.574 ,-1.5771,-5.4614,-1.7866,-0.1241, 1.5101, 2.1552,-0.3443,-1.743 , 1.1676, 0.8225, 2.3244, 0.3788,-1.3374,-1.0946, 1.9943, 0.2997, 2.9681,-2.9519,-1.8115,-1.1835]
[-3.6167, 4.7632, 2.3569,-0.0603, 0.4866,-0.199 , 0.1731,-2.1   ,-2.7783,-2.8355,-2.2858, 2.9341,-2.8269,-1.5354, 1.16  ,-1.7125,-2.8201, 2.434 , 0.361 ,-0.4614, 2.8513]
[ 2.7757, 5.0197, 3.4938,-1.37  , 2.5553, 1.5839,-2.202 , 2.2787, 0.8624,-2.0412,-0.1089, 2.7628,-2.9365, 0.0273, 0.0659,-2.2685,-3.0604,-1.314 ,-0.6437,-0.9348, 2.5595]
[-1.7969, 1.9061, 0.5467, 0.8263,-2.1641, 1.2975,-0.4519, 0.9868, 0.5892, 0.1663,-3.0179, 2.2549,-1.6013, 0.4258,-1.4842, 0.8564, 1.8699,-1.3146, 1.4319,-0.3509,-2.8505]
[-3.8212,-0.7708, 2.6169,-0.2858,-2.5023,-3.0957,-2.735 ,-2.6238, 2.9483, 0.1046, 0.4195, 1.9458,-0.7215,-2.0944,-0.4825, 0.303 ,-0.0609,-2.0635,-1.5277, 2.4051,-1.5938]
[-0.65  ,-5.0157,-2.7051,-1.7291, 0.6937,-0.3807,-2.3722,-0.4124,-2.7038, 0.5732,-0.84  , 3.117 ,-0.2034,-0.6739, 0.0535, 1.5669, 2.3523,-2.4507,-3.0481, 1.9988,-2.3033]
[ 5.3562e+00, 4.8336e+00,-1.7810e+00, 1.8309e+00,-1.1438e+00, 1.5578e+00, 8.7783e-01,-1.3104e+00, 3.0562e+00,-1.8674e+00,-2.8619e+00,-2.7335e+00,-2.4591e+00,-2.1605e-03, 1.6129e+00,-2.1455e+00,-1.3497e+00,-2.2792e+00, 7.4877e-01,-5.4907e-01,-2.6645e+00]
[-2.9201, 3.1786,-3.058 ,-2.3118,-1.8086, 2.8306, 1.7967, 1.4447,-2.9639,-2.3096,-1.1566, 2.2154, 0.401 , 1.5039,-1.5003,-2.8768,-1.5679,-0.679 ,-1.9258,-2.7238, 0.2495]
[ 5.1657, 2.2137, 5.3928, 2.8231,-2.2507,-2.5392,-2.4465, 1.3027,-2.8823, 2.6382,-1.293 , 0.0372,-1.4077,-0.6125,-2.6723,-1.3954, 1.1409,-1.6311,-2.8158,-0.6008, 1.076 ]
[-4.1462,-4.3232, 3.4966,-2.6483, 1.9657,-1.14  ,-1.8142,-0.0652, 2.0738, 2.5824,-0.0528, 2.7803,-0.2245, 2.1789,-2.178 , 0.9386,-2.253 ,-1.377 ,-1.9712, 0.5861,-1.9286]
[-2.6473, 3.0115,-4.1907,-0.7225,-2.6752,-1.2523, 0.1709, 2.9446, 2.4369,-2.286 ,-1.2778,-0.6237, 0.2223,-1.0802,-0.0451, 1.8617,-0.242 , 2.3092,-0.2596, 1.4213, 2.1903]
[ 0.9277,-1.1262, 2.7131, 1.1291,-0.583 , 2.2035, 1.9006, 1.2768, 2.307 , 3.1318,-1.7587,-0.2025, 0.6292, 0.9279,-2.254 ,-2.721 , 2.1255,-2.1182, 2.0291, 0.4503, 0.0137]
[ 0.5626, 0.0782,-2.6707,-2.159 , 1.6278,-2.3762, 1.6497, 2.2293, 2.1602, 1.5682, 0.5819,-0.071 , 2.61  , 2.8662,-0.5234, 1.5098, 0.1614, 1.533 ,-1.6558, 1.768 ,-2.9361]
[-2.7893,-0.841 , 5.3269, 1.7231,-1.5358,-1.2472, 2.6257, 2.8735,-2.995 , 0.1764,-2.3766, 2.2699, 1.7104,-2.3368, 2.1549, 2.8898, 0.2563,-0.5242,-2.0903,-0.9124, 0.8835]
[ 5.0257,-1.9905, 2.6666,-1.0301,-1.755 ,-1.269 ,-3.0248,-2.3201,-2.1435, 3.0802,-1.7   , 2.7687,-2.2514,-1.8384,-1.0599, 2.2376, 1.0131, 1.304 , 2.4297, 2.2331,-0.592 ]
[ 0.3984, 3.4957, 0.5242, 0.7921, 3.0164, 3.0841, 1.29  , 1.6881, 1.046 , 0.5283,-2.4579, 2.7514,-2.5654,-2.2314, 1.1319, 1.2633, 1.4867, 3.1011, 0.8685, 0.8022, 3.1413]
[ 0.6746,-2.797 , 1.7205, 2.1431,-2.0489, 1.2259,-0.0659, 2.9109,-1.3344,-0.4516,-0.4192, 2.0664,-1.1698, 0.7614, 0.73  , 1.3091,-2.2139,-0.1367, 2.2067, 2.4823, 0.8218]
[-3.9011, 5.4126, 3.573 ,-2.3186, 1.3776, 0.7707,-1.1061,-0.5629,-0.456 ,-2.524 ,-2.4725,-0.2942,-1.1761,-1.5955, 1.319 , 2.5345, 0.8213, 2.0387,-1.2109,-0.3983,-0.2399]
[ 4.5764, 4.0416,-3.8536,-2.6006,-2.8375, 2.2899,-1.8886, 0.8454,-0.007 ,-1.8107, 2.7842,-0.7404, 1.0371,-3.055 , 2.9578, 0.4318,-2.7217,-1.0706, 1.0954,-1.4973, 1.6762]
[ 3.9550e+00,-4.2372e-01, 3.2410e+00,-1.8211e+00, 3.7383e-01, 4.0138e-01,-2.5293e+00, 2.5807e-01, 3.2528e-01,-2.1300e+00,-3.2482e-03, 2.4506e+00,-5.1489e-01,-7.2604e-01, 2.5170e+00, 8.4887e-01,-1.3078e+00, 1.8171e-01, 2.9972e+00,-4.4644e-01,-1.6498e+00]
[-4.1899,-0.1174,-4.0758,-2.724 ,-2.813 ,-1.3088,-2.6822,-1.2027, 1.234 ,-0.537 ,-2.2789,-0.8778, 0.6449, 2.5244,-2.4462,-1.2458,-0.666 ,-1.3436, 2.5952, 1.7347, 2.5418]
[-5.2099, 1.4431, 1.0778,-1.6305, 2.4129, 1.5796, 0.9681, 2.658 , 2.2832,-0.6363,-1.2737,-2.8902,-0.7807,-1.8323,-2.3302, 1.5838, 0.524 ,-2.9223, 0.7839,-1.9869,-2.2168]
[ 3.2115,-5.3309,-5.226 , 2.8365,-2.7709, 2.6906, 1.1307, 0.5159,-2.1807, 0.7886, 2.6377, 0.2614,-2.8421,-1.4905,-2.1808, 2.7868, 0.4307,-1.3094, 1.8653, 0.5147,-1.442 ]
[ 1.0939,-5.3671, 2.3536,-0.1528,-0.9935, 2.4786,-2.4949, 1.6494,-1.9448,-2.2497,-0.7975,-1.046 ,-3.0654, 1.589 ,-0.9353, 0.1128, 2.1964, 2.4438, 2.7092, 2.9681,-2.7026]
[-5.0485,-1.0289,-0.1046,-0.0061, 2.0883, 2.3603, 0.1434, 0.5449,-0.9973,-2.3825, 2.8278, 0.6531,-2.617 ,-1.9167,-1.4308, 0.28  , 2.3125, 3.11  , 0.7404,-3.0737, 1.6631]
[-5.3982,-0.6757,-4.2708, 1.2495,-2.2848,-0.1516, 1.819 ,-0.7892,-2.0152,-1.2665,-0.4035,-2.392 ,-2.328 , 0.5685, 0.0464, 0.5793, 2.2045, 1.5056,-1.8983,-0.9869,-1.4882]
[-1.7246,-1.8347,-2.3328,-2.8524, 1.7931,-2.3802, 3.0589, 3.131 ,-2.3613, 1.0857, 1.0073,-0.1811,-0.5981,-2.3901,-1.5674,-1.5503,-1.1018, 0.3506,-0.0791,-2.9761, 0.0393]
[-0.5534, 3.348 , 5.3168, 1.1103,-3.01  ,-0.8536,-2.8029,-0.0381, 2.2198,-2.4861, 1.3849,-3.0183, 1.4301,-1.4873,-2.4756,-2.1   , 0.8381, 2.2554, 2.5672,-2.3055,-1.1676]
[-0.9755, 2.7486,-3.1895, 2.6856, 0.142 ,-1.389 ,-0.6357,-1.6971,-1.2902,-3.1332,-2.9572,-2.709 ,-2.6006, 2.1923, 3.0135, 0.5819,-1.3162,-3.1049, 1.194 , 0.2709, 2.6865]
[ 4.9867, 4.8549, 4.9116, 1.2953,-0.45  , 2.9068, 2.2894,-2.4427, 2.6174,-1.7275,-2.2399,-1.9394,-1.316 , 0.537 ,-1.4822, 2.6091, 1.2685,-1.0022,-1.3214, 1.6116, 2.8387]
[ 1.1305, 4.9652,-2.963 ,-2.5037,-2.5538,-1.5151, 1.0155, 2.6696,-2.9488, 2.2725,-1.5587, 1.6035, 2.3545,-0.5384,-1.3147,-1.8219,-2.9475, 2.2403,-1.0495, 0.0847,-2.7424]
[-0.3596, 2.6277, 1.6324,-1.6228,-3.0837, 2.1807,-2.3405, 2.2716, 1.1706,-0.9913, 1.5223,-1.6483, 1.624 ,-0.3054,-0.5554,-0.3071,-2.5759, 2.035 ,-0.1883, 2.3459, 2.3644]
[ 1.5109, 0.764 , 3.0261,-2.508 , 1.1216,-2.3195, 2.0659,-1.2746, 0.9526,-1.8846,-1.7943,-1.879 ,-1.6163, 2.279 ,-0.2875, 2.2479, 0.9492, 2.7702, 1.3517,-1.9334,-2.5374]
[ 4.5841,-3.9321, 2.0854,-1.8614, 0.9638,-2.8092,-0.2138,-2.5663, 1.5829,-1.5417, 0.2812, 3.0138, 1.6251,-1.0502,-0.9579,-2.6595, 0.1937, 0.7499,-0.3779, 1.4595,-1.5692]
[-4.2546, 2.0912, 5.4281,-3.1117,-0.8162, 0.1055,-0.5743,-3.1396,-0.746 , 3.0028, 0.8595, 2.4317, 2.6295,-0.1573, 0.7444,-1.9551,-0.2993, 2.8542,-0.5335, 0.9066, 1.7638]
[ 4.0174,-0.9211, 4.6751,-2.8986, 0.9799, 0.8409,-0.2383,-0.8573, 1.3483, 2.7478,-0.8088,-2.581 , 0.5774, 2.7259, 1.0611, 0.9227,-0.0565, 0.0981, 2.9362,-1.7743,-0.8927]
[-4.9793, 2.7748,-2.1369,-1.8335, 1.6583,-2.6172, 2.999 ,-3.0754,-0.7221,-0.6777,-3.1238,-1.2134, 0.7368, 0.9937,-1.7442,-0.2177, 1.3954, 0.8263, 1.7474,-0.5486, 1.9847]
[-3.073 ,-0.9714, 3.5956,-1.7399, 0.3845,-3.107 ,-0.1267,-0.8543,-1.8492, 0.4738, 2.4902,-0.9125, 2.9737,-1.5289, 0.9327, 2.8287, 2.505 ,-0.2634,-1.2039, 0.5707,-2.6722]
[-2.7118,-4.9914,-4.8581, 1.6642, 0.421 , 1.8425, 1.7967,-2.5556, 0.4529,-2.0029, 2.6719, 1.8681, 0.8957,-2.3488,-3.0493,-0.4601,-2.589 , 2.6723, 0.8968,-2.8298, 0.3363]
[ 0.917 ,-5.1934, 1.319 , 2.9204,-1.524 , 0.8103, 2.6432, 2.1881, 1.029 , 0.5366, 2.9297, 1.617 ,-1.2458,-0.5657,-1.9014, 2.1915, 2.1687,-2.6673, 1.9783,-2.257 ,-2.2442]
[ 0.8073,-1.7901, 4.78  , 1.2646, 0.4891,-0.5433, 2.8774, 0.1352,-0.3599, 2.4652,-0.6179,-1.1884,-2.4199,-2.0224, 0.6822,-2.9823,-2.9078, 0.0473,-2.7441, 0.2468, 2.7386]
