[ 3.1647, 1.6862, 5.3222, 0.1212, 1.936 , 1.9836,-1.752 , 2.5185,-0.9291, 2.0853,-2.6499,-1.8384,-1.1709,-1.2701,-0.5209, 0.2712,-1.6146,-0.9251,-2.6679, 2.8308,-0.8012,-1.5732, 1.7676,-3.0373,-0.4575]
[-0.5177, 0.2631,-3.4376, 3.1144,-1.7182,-0.9469, 0.4017, 0.8677, 1.1282, 2.5664, 3.1165,-0.8136,-0.4228,-0.289 , 1.4447,-0.2425,-1.4402, 2.5114,-1.4158, 2.164 , 2.3385,-2.562 ,-1.6873,-0.6195,-0.2926]
[ 4.5369, 2.6427,-3.6167, 1.26  , 3.008 , 2.1504,-0.3699, 0.614 , 1.9117, 1.3795, 1.9154,-1.9747,-0.0231, 2.0713, 0.0433,-3.1316,-1.9775,-1.3286,-2.3659,-2.4626,-3.0793, 1.4451, 0.0071,-1.2956,-1.7898]
[-2.9417,-4.1351,-1.4031,-3.0998,-0.0234,-2.8379,-2.7359,-2.892 ,-1.8053,-0.2387,-2.9882,-1.473 ,-2.9628, 2.4481, 0.8334,-1.9084, 1.4433,-0.5728, 1.0286, 1.4844, 0.0685, 1.0564,-2.7975, 1.5022,-1.1998]
[-2.4075, 3.9503,-1.1542,-0.0614, 0.8915, 2.9098, 1.2931,-1.1786,-0.3971,-0.7537,-0.0799, 2.6207, 2.2107,-1.5472, 0.6303, 0.1443,-1.4739, 2.2356, 0.5005, 2.6089, 0.8422, 1.8326, 0.4808, 2.9486, 0.7399]
[ 5.394 ,-5.1708,-1.7845,-1.6443, 0.0233,-1.1679, 0.9363, 1.8519, 0.0475,-2.0611,-0.1128, 0.3457,-2.212 ,-1.1926,-1.7449, 2.3274,-3.0903,-2.3671,-0.5265, 1.5064,-0.0962, 0.0528, 0.9206, 2.3173, 0.4841]
[ 2.478 ,-3.2857,-0.0646, 2.3889,-0.8984, 0.6578,-0.3408,-2.6998, 0.7061, 0.6075,-3.1337,-2.4807,-0.9962, 3.072 ,-0.6077, 0.1163, 0.4705, 0.7914, 0.6723,-1.254 ,-0.4788, 0.2679, 1.8392,-1.4896,-1.6683]
[ 3.893 , 2.7881,-4.2777,-0.22  ,-0.5729,-2.6496, 0.5099, 2.0451, 1.8092, 3.0099,-2.6334, 1.9641, 1.5384, 2.3834, 1.0345,-0.1897, 0.277 ,-0.0828, 2.7165,-0.5521, 3.0009, 1.9638,-0.4375,-2.4383,-0.5368]
[-4.655 ,-5.2455,-2.3895, 2.1731,-3.0276,-2.9635, 3.1207, 1.6534,-1.3348,-1.4245, 1.8464, 1.0245,-1.6034,-2.2069, 2.8991,-0.0884, 2.6389, 2.6296, 0.0522, 2.8516,-3.0267, 1.3246, 1.376 ,-1.9369,-0.786 ]
[ 1.7973,-1.0023, 2.5392,-2.405 ,-2.4968,-1.8568,-0.0717, 0.4881, 0.0553,-0.5323, 2.8771, 0.4903, 0.2097, 0.611 , 0.4547, 0.3734, 1.9123, 1.5087, 2.6981,-0.5317,-1.1031, 0.4951,-2.3305, 0.6696,-1.8737]
[ 1.7734,-3.3087, 3.2402, 2.6605, 1.4415, 3.0783, 1.809 ,-0.6309, 0.1565,-1.7044, 2.0296,-2.6723, 3.0451,-1.864 ,-0.027 ,-0.3705,-1.2695, 0.8191, 1.0348, 3.1181, 0.367 ,-2.0722, 1.2645, 0.9474, 0.3657]
[-5.1497,-1.8909,-2.0832,-1.974 , 3.1184,-0.4713, 1.1464,-3.0749,-2.6604, 1.5433,-0.9507,-2.2251,-1.9687, 1.3447,-2.7339,-1.5434, 2.8164,-0.2768,-1.8735,-2.536 , 2.2912, 0.2459, 2.3219,-1.6994,-1.1112]
[ 0.9446, 4.656 ,-0.137 , 0.4073, 0.9838, 2.7493,-2.3115,-1.8881, 0.4861, 2.9088, 1.1053,-2.8583,-2.5738, 0.8986,-2.7188, 0.0324,-2.9236, 0.4549,-0.2513,-1.8679, 2.639 ,-1.1173, 1.5342,-1.3458, 0.71  ]
[ 3.1427, 4.5795,-1.1496, 1.9744,-1.3056, 2.5687,-2.4994, 2.499 ,-0.4759, 0.8232, 0.8722, 0.9036,-1.5002,-0.608 , 1.3628, 2.8853, 1.1875,-0.4183, 2.8083, 1.854 , 0.4987, 2.5745,-1.7698, 0.8894,-2.1438]
[-4.7348, 5.4288, 3.4918, 2.4961,-2.8242,-1.5733,-1.8355,-1.7587, 1.7692,-1.1347, 1.9697, 1.6285,-1.2773,-2.9101, 1.9713,-0.9107, 0.0279, 1.6684, 1.6611, 2.3016, 2.1034, 0.3266, 3.1261,-0.7983,-0.1878]
[ 3.5830e+00,-3.5653e-01,-1.4778e+00, 2.4585e+00, 6.6733e-01, 2.1214e+00,-1.9939e+00, 1.4937e+00,-1.9834e+00, 2.0701e+00,-2.6597e+00,-2.5802e+00, 3.1205e+00,-4.1056e-01,-2.7917e+00,-1.9347e+00,-9.6375e-01,-2.7626e+00,-2.2085e+00,-2.3824e+00,-2.6834e+00,-1.0687e+00,-2.5697e-03,-1.9248e+00, 2.7252e+00]
[ 1.1073,-1.4406, 2.496 , 1.9554,-1.8142,-1.7985,-0.4238,-2.14  , 0.0606, 0.3407,-1.9551, 0.4528, 2.8598, 1.4934,-0.9529, 1.6013, 2.0148,-0.4221,-1.7211, 0.9565,-0.7019,-0.5781,-2.2067,-1.4496,-2.5919]
[-3.4206, 4.3015,-1.3502,-1.5313, 1.5507,-2.7285, 0.9642, 2.6901, 1.4489,-2.5041, 3.0754, 1.3356, 0.5558, 1.2809,-2.7159,-2.7943,-0.9162,-0.0135, 2.0067, 2.7588,-1.3131,-2.8908, 2.0732,-0.1641,-0.1401]
[-3.535 , 0.5471,-1.3024,-1.8862,-1.1686, 2.1473,-2.2914,-0.0047, 2.508 , 1.493 , 2.5483, 2.3873, 0.7065, 2.4314,-2.5316,-1.7508,-0.8919, 1.7111,-1.2124,-0.5284,-2.2455, 2.101 ,-0.9068,-1.0158, 0.5194]
[ 3.22  , 3.2326, 0.2321,-1.3759, 2.6034,-2.623 , 0.0159, 0.4971, 1.3718,-2.4919, 2.1196, 2.978 , 3.0169, 0.9568,-0.4084, 3.0087, 1.4703,-2.7495,-0.492 ,-2.5806, 1.9603, 1.3069, 2.1659,-1.9801,-0.6746]
[ 4.1145,-2.0003, 1.1634,-0.6638,-0.1634, 1.1361, 1.4482, 2.3247,-2.9923, 2.6636,-0.9877,-2.9032, 0.8764, 2.6561,-0.2744, 0.8958,-0.859 ,-0.4948,-0.1238, 0.1337, 2.4715, 0.6262,-2.8467, 0.8251, 2.1425]
[ 4.2568,-2.7486,-0.7674, 0.1591, 1.5426,-2.3433,-3.0514, 1.7265,-0.9873, 2.6826,-2.8144,-0.5182, 2.0571, 1.5389, 0.1279,-1.6226,-2.7811,-1.2394, 0.5811, 0.5154,-0.1005, 0.4   ,-2.7587,-1.3737, 2.712 ]
[ 1.6543e-01, 3.5023e+00, 3.8311e+00, 5.6931e-01, 1.9930e+00,-6.7673e-01,-1.1490e+00,-2.5005e+00,-2.2165e-03,-2.0188e+00,-1.5419e+00, 1.7125e+00,-2.7846e+00,-2.9139e+00, 1.2749e+00,-6.3494e-01, 2.6348e+00, 5.7256e-01,-1.4428e+00,-1.3705e+00,-1.9927e+00,-3.0924e+00, 3.6387e-01, 3.9140e-01,-1.1759e+00]
[ 2.6888, 2.6687,-4.5584, 0.5791,-2.3035,-0.5516,-2.9073, 2.4988,-1.4791,-1.8532,-2.0348, 2.6295,-2.9333,-1.4772,-1.2195, 1.6779, 1.8251,-3.0071, 2.603 ,-0.7331, 0.7623,-0.5624,-1.412 , 3.1363,-0.6255]
[ 2.8502,-1.8409, 1.4778,-2.5504,-2.5538, 0.7549,-0.2283, 1.4613,-2.6552, 1.5731,-0.4577,-2.4349,-2.7672,-1.0123,-1.1129, 0.3965, 0.9538, 1.2791,-2.3758, 0.5317, 1.2292,-2.0067, 2.9908,-2.1258,-2.5918]
[ 3.3868,-4.3166,-3.3361,-0.5972,-0.4164, 2.1709, 0.752 ,-0.9252,-1.3726, 1.132 , 0.3778,-0.4652,-0.7205,-2.0725,-2.8529,-2.6319, 2.8611,-0.507 ,-1.5756, 1.8339, 0.465 , 0.4713, 1.2548, 1.9483,-1.9836]
[ 3.8436,-5.3516, 2.6589,-0.1717, 2.7467, 1.2255,-1.4989, 1.2673, 0.576 ,-2.5676, 0.0496, 2.8708,-1.7162, 3.1273, 1.5815,-2.8067,-1.8656,-2.4783,-0.6271, 2.8573,-0.2163, 0.5118, 0.6865,-1.3129,-1.3019]
[-0.9826,-5.171 ,-0.9322, 2.0294, 1.8211, 0.8448, 1.2551,-2.334 , 2.9754, 0.8357,-2.295 , 0.7422, 0.8671,-1.9761,-1.7879, 2.1753,-2.3843, 1.5625, 0.3506,-1.0429, 1.9138,-0.7421, 2.1371,-0.7787,-0.1216]
[-4.1044, 4.7571, 4.9759, 0.0962, 0.47  ,-0.4751, 0.7674,-2.4695,-2.0778,-2.0993,-2.5985, 2.9203, 2.9745, 1.2851,-0.8268,-3.123 ,-0.7766, 2.9824,-2.0422,-2.0831,-3.0461,-2.4575, 0.4862,-2.6242,-3.1159]
[ 3.8107,-4.4865,-1.9964,-0.7045,-1.8511,-1.3402,-1.0985,-2.9309,-0.1758, 1.7027, 1.6226, 0.2429, 0.2965,-1.4817,-0.1919, 0.8973,-0.6913,-2.3186, 2.4726,-0.3368,-1.6386,-0.0256, 2.7781, 0.1731, 2.2712]
[ 1.0975,-4.2905, 4.1567, 2.7617, 1.8368, 1.6399, 1.4103, 2.0636, 1.2388,-2.2226,-0.7464,-3.0528, 2.6791, 2.3893, 0.7097, 0.8266,-0.2819, 1.9286,-1.501 , 2.9107, 1.8379,-2.778 ,-0.7901, 2.3256,-0.7878]
[-0.1155,-0.9982,-2.2428,-0.6683, 0.7624,-0.6233, 1.7267, 2.1747, 1.4327,-2.9652, 0.8023,-0.8496,-2.6057,-0.2531, 0.0211, 2.9217, 3.1264,-2.37  , 0.0944,-0.082 , 1.7167, 0.0151,-2.3216,-0.7951, 2.4363]
[-0.2257,-5.4876,-4.8377,-0.1733,-0.6153, 1.0619, 2.7204,-2.0724, 0.5662,-2.1772,-1.7465, 0.0072, 0.5026, 1.5901,-0.5464, 2.3401,-2.0607,-0.1119, 1.8227,-2.7567, 1.1502,-2.0285, 1.8499,-1.4374, 1.3375]
[-3.742 ,-3.0369, 0.1117, 2.836 ,-2.6908,-0.0473,-1.4484, 1.5138,-3.0963,-2.9088, 2.1776,-2.8603, 0.4955, 1.9319, 2.7799, 2.327 ,-1.0479, 2.9681, 0.197 ,-2.7457,-2.651 ,-1.7678, 1.9553,-3.0405,-2.5459]
[ 1.0346, 0.4934,-4.4166, 0.3524,-0.6805,-1.788 , 0.8156,-1.7444, 2.0285, 0.2152, 0.594 ,-0.6615, 0.8614, 0.0213,-0.6121,-0.3209, 2.7717, 0.9826, 0.1314,-2.0991, 0.4881, 0.0651, 1.2155, 2.6717,-2.638 ]
[ 3.678 ,-0.9084,-3.6683, 2.2825,-3.0132, 1.5049, 0.3982, 2.7756,-2.9065, 0.7508,-2.514 , 3.0866, 1.5463, 2.7735, 1.2917,-0.3997,-0.6577, 3.0913, 0.1029, 2.8655,-2.1707, 1.9374,-1.1302, 1.0872, 1.9771]
[-3.1921,-3.0599,-3.8273,-1.0746,-2.8444,-0.7846, 0.4056, 3.1264,-1.649 , 0.3041,-2.6489,-0.8978, 1.86  ,-2.0201,-1.7977,-2.6481,-1.6623, 0.2583,-1.9851, 1.2231, 1.7207,-0.2212,-0.0132,-1.4069, 2.8853]
[-0.4474, 0.5111,-5.1666,-0.1151, 2.4291,-1.9458, 2.0684, 1.3627,-3.1311, 2.3045,-2.8967,-2.4257,-2.0497,-0.1004,-1.098 ,-0.8122,-1.235 , 1.5071, 2.6099,-3.1388, 1.4381, 2.8066,-2.0354,-1.5518, 0.4558]
[-0.9265,-1.4789,-3.2884, 0.5403, 0.7048,-0.753 ,-1.468 , 2.1366, 1.7122, 0.6357,-2.084 ,-2.7084,-0.8871,-0.4156,-2.5363, 1.5533,-0.368 , 0.3128,-1.9394, 2.8285,-1.9008, 2.8593, 0.9195, 1.9853, 2.9099]
[-5.4285, 3.6801,-1.1299,-2.8792,-1.5153,-2.6827,-2.0966, 2.4724,-2.4674, 1.9993,-1.2688,-1.3972,-1.629 , 1.9493, 2.5118,-2.4223,-1.5792, 2.637 , 1.6907, 1.3862,-0.396 , 0.2364, 1.2218,-0.0709, 2.9622]
[ 4.8538, 3.8598,-2.8215, 0.0825,-2.5344,-2.2712, 2.1002, 2.9767,-1.7567, 2.2089, 0.2949,-1.7889,-3.1087,-3.1097, 2.2062, 1.2096, 1.0738,-1.4996,-2.3294,-0.8391,-0.9491,-2.6382, 0.5191, 2.9441,-2.5979]
[-0.9002, 4.4436,-5.3246,-0.6976,-0.418 ,-0.7181,-1.518 , 2.7787,-0.5549,-0.5071,-2.7298,-0.7589, 0.2876,-1.6918,-0.2096,-1.3309, 1.8109,-1.2481, 0.9697, 0.5399, 0.0471, 2.7248,-0.0903, 2.6912, 1.1206]
[ 3.0808, 2.8022, 5.0236, 0.8535, 0.4306,-1.8439, 2.9093, 0.3934,-1.1033, 2.7174,-2.593 , 0.5182, 0.5014,-0.3066, 1.3247, 1.7859, 0.4307, 2.1962,-2.771 , 0.298 ,-0.6045, 0.4078,-1.8334,-2.8941, 2.1665]
[ 4.2994,-0.5572,-2.7631, 2.1752,-2.899 , 2.5058, 2.3233,-3.106 , 1.7466,-1.475 , 1.8797,-2.4544,-2.6473, 1.0045,-0.24  , 2.2185,-2.4699,-2.7064, 2.9263,-2.0276,-0.3139,-1.1183,-2.6191, 2.3096, 2.3009]
[-4.9364,-2.8692, 0.2278, 1.5451, 2.1736,-2.9183, 0.8316,-2.2234, 1.7686, 0.5621,-0.7124,-1.3087,-0.7914, 2.2663, 2.2106, 1.737 ,-0.4288,-2.7176,-0.0939, 0.3077, 0.363 ,-1.8475, 0.1955, 2.7693,-0.5887]
[ 0.322 , 3.9494,-3.1939,-1.4499, 0.4781,-2.2008, 2.2211, 2.1785,-1.4803, 2.2682,-0.9721,-1.3349,-2.1774,-0.7234,-0.6886, 1.7387, 2.2376, 1.538 ,-2.9005,-1.3339,-2.2014,-0.6401,-0.4385,-2.4977, 2.1935]
[ 4.8081, 3.7007,-1.3865, 2.0804,-0.8511,-0.9448,-2.6149,-1.8588, 1.8489, 0.2555, 2.9849,-0.5746,-1.2465, 0.3614, 0.1822, 0.4345, 1.5055,-2.9488,-2.376 , 2.8036,-0.2349, 1.8785,-1.8749,-1.3433, 0.7867]
[ 4.704 ,-2.697 ,-2.938 ,-2.769 , 0.0633,-3.0696,-1.7661, 2.9753,-1.6422,-1.0943, 0.2576,-1.8076, 1.8994, 2.6757,-0.384 ,-2.1799, 1.732 ,-0.4202,-1.7547, 0.4088, 0.676 , 1.823 , 1.0454, 0.0893, 1.9381]
[ 0.2656, 3.4982,-0.5988, 0.4374,-0.3412,-2.6268, 0.3614,-0.8506, 0.5269, 2.0218, 1.5964,-2.1347, 0.7158,-0.8248, 0.9078,-1.236 ,-1.4589, 1.1533,-0.4167,-0.505 ,-2.881 , 2.5119, 2.7694,-0.1641,-0.4489]
[-4.8808,-4.4549,-3.7273, 2.3153,-1.8166, 3.0338,-0.2475,-0.4127, 2.3088, 1.961 , 1.7544,-0.3649,-0.3257,-2.302 , 0.7261,-0.3472, 2.1199, 0.5413,-2.1311,-2.0083,-2.3393, 2.5774, 1.5509,-0.8389,-0.8101]
[-5.2632,-4.88  , 2.3265, 0.392 , 0.3264,-2.0452, 2.6959,-0.4142, 2.239 ,-1.3225,-0.9095, 0.8829, 1.9296,-1.0105, 2.9801,-2.9978, 2.4337,-1.1636,-2.6   ,-1.6496,-1.5015, 2.6078, 0.2276, 0.0885,-1.3194]
[-1.5859,-2.7894, 1.5923, 0.3056, 0.4301,-0.2087, 0.1568,-0.3604, 0.8045,-0.6138,-0.9141, 3.001 ,-3.0138, 0.5633,-2.5482, 0.7846, 0.5741,-0.9331,-1.4697,-2.7291,-1.602 , 1.525 , 1.2569,-2.0906, 0.1231]
[ 2.2223, 2.2878,-1.298 , 0.3849, 0.2376,-0.1342,-1.3775,-0.1722, 1.8774, 0.2744, 1.0678,-2.8611, 1.3586, 1.8398,-2.1507, 0.1168,-1.9214, 0.617 ,-1.1556,-0.0678, 1.3638,-1.3627,-1.4993,-1.3252,-1.0469]
[ 1.2971,-3.2476,-0.4713,-2.4112, 1.1688,-2.4362, 2.1447, 2.3799,-2.9876,-2.5624,-1.6824,-1.3675, 3.0928, 0.1376, 1.6857,-1.598 ,-1.8846,-1.8361, 2.9011, 0.5591, 2.9388, 1.016 , 2.1062,-1.6474, 2.1523]
[ 1.8328,-0.0562,-0.1894, 1.3211,-2.778 , 2.8446,-2.8872, 1.7081, 1.0828, 1.3585, 0.2041,-2.5721,-0.9611,-2.7812, 3.0255,-2.7215,-1.4068,-1.3853,-1.9831,-1.2399, 2.4074,-0.8824, 1.2685, 2.6093,-1.4521]
[ 2.5524,-0.5122,-4.4908, 1.7135, 1.936 ,-2.5889,-2.0612,-0.9463, 0.0714,-2.0743,-0.9509, 2.3063, 1.7457, 1.9576, 2.4502, 2.1025, 1.3594,-3.08  , 1.4804,-0.5787, 2.723 , 0.2465,-0.99  ,-3.0553,-1.7059]
[-4.3229, 4.4403,-3.3597,-3.128 , 0.2441,-2.578 , 0.6499, 2.2055, 0.2164,-1.7398, 2.2542, 2.1063, 1.5489, 1.9475,-1.8369,-1.9754,-1.0557, 1.4974,-1.0932,-2.0248, 1.0059,-2.6158, 3.0176,-2.8854, 1.9759]
[-1.0776,-3.2896,-2.1521,-0.4198,-0.3085,-2.7583, 1.0558, 2.0987, 2.7936, 3.1354, 2.003 ,-1.3227, 0.14  ,-2.9444,-2.0373,-1.2306, 2.3292, 0.2744, 2.735 , 2.3764,-2.6115,-2.7196, 2.5243,-2.696 , 1.7318]
[ 1.8862, 5.1588, 4.5505, 0.4196, 1.2053, 1.3555, 1.7166, 3.0984,-3.11  , 2.9736,-1.3293,-2.3297,-2.5467,-2.3004, 2.4225,-2.9939,-2.044 ,-2.5593,-2.491 ,-3.0011, 0.4927, 1.5133, 0.8753, 0.5179, 1.5675]
[ 4.7938,-5.2726, 3.7807,-1.7193, 2.0338,-1.1729, 0.3198, 2.646 ,-0.3   , 2.9765, 0.5542, 2.2689,-0.4224, 0.2202, 1.0527,-1.5019, 2.293 , 2.3274, 0.0216, 2.8581, 0.0867, 0.8565,-2.4928,-1.7895, 1.9916]
[-3.6758, 3.2438,-5.2899,-1.433 ,-0.997 , 0.4162, 1.1378, 2.7696,-0.0343,-1.2793, 2.438 , 1.3925,-1.3864,-2.3594, 1.8218,-0.6462, 0.456 ,-1.5311,-2.782 , 1.1503,-2.348 ,-0.1495, 1.2155, 1.0369, 0.994 ]
[-0.1167, 4.829 , 0.8483, 0.4063, 1.0641,-2.5412, 3.0672, 2.5681, 0.5158,-0.2053, 0.1324,-2.1234, 2.347 ,-0.4067,-1.7183,-2.9212, 2.2806,-2.2472, 0.0476, 0.2901,-0.4714, 0.3423,-2.3528, 1.8575, 3.0124]
[-3.6887,-2.0734,-0.6546,-0.3229,-2.0385, 0.9034, 2.8293,-2.4585, 1.6725,-0.8707, 2.0278, 2.3466,-1.4071, 2.2774, 0.4752,-0.8013,-0.4778, 0.2705, 0.3558, 0.8144,-2.1115,-1.5667, 1.1604,-0.6804, 3.0874]
[-4.8994,-0.7245,-4.9074,-3.0195,-1.4786,-1.1334,-2.0773,-1.104 ,-1.9961, 3.01  , 0.5192, 1.6735, 1.8916, 1.5028,-2.6302, 0.9886,-0.0769,-0.01  , 1.6283,-2.345 ,-2.0177,-1.2557, 2.2027,-0.7426,-0.4365]
[-5.1162,-4.5622, 1.7113, 1.0782,-0.885 ,-2.5238,-1.4272, 2.155 ,-0.7037, 0.0779, 0.3696,-1.9823,-1.9884,-1.2624,-1.2482, 0.6037,-1.6465,-2.2374, 2.6661, 2.4057, 1.0927,-0.4881,-2.4941,-1.8494,-0.8259]
[-2.4395, 1.1324, 0.6446, 0.9758, 0.7722,-2.0555,-2.741 ,-0.9977, 1.2033,-3.0936,-1.737 ,-3.1164,-2.0289, 2.7301,-2.3868,-0.3342, 0.8675,-2.1643, 1.0743,-0.7674,-0.1065, 0.0191,-0.3935, 0.155 ,-0.1978]
[-5.2565, 4.5616, 0.2668, 1.2487, 2.6547, 2.9062,-2.5874,-2.7947,-2.7753, 2.3614,-0.6642, 1.796 ,-2.718 ,-3.0023,-0.7827,-1.4489, 2.7753, 3.0083, 3.1238,-3.1257, 2.3994,-0.7868, 1.8099, 0.579 , 3.0255]
[ 3.5056, 0.4254,-1.4859, 2.5738,-2.0628,-2.5719,-1.0134,-2.1649,-0.0662, 1.3289,-0.1818, 1.2955, 1.5189,-0.1592,-1.7069, 2.0255,-0.0611,-2.5942,-2.0182,-1.4487,-2.3696,-0.2769,-0.3326, 0.6796, 3.0109]
[ 2.9117,-4.8556,-3.3334, 2.0095, 1.8198,-2.6743, 1.3184,-0.8944,-1.5848, 2.2593,-3.0153, 0.5496,-2.6769,-2.6281, 1.6505,-0.306 ,-1.2431, 1.702 , 2.464 , 1.5543, 1.0461, 2.9416,-0.7814, 3.0984,-1.2742]
[-5.3029, 5.117 ,-2.0014, 0.7268, 1.2015, 1.7032, 0.5352, 1.0568,-0.3436, 2.8549, 2.6045,-2.3118, 0.3597, 2.8945, 2.4288, 2.2579,-1.0315, 1.5172, 1.2977, 0.6617, 2.2591, 0.8648, 2.4425,-2.5934,-1.8363]
[ 3.3573, 0.6258,-3.1695, 2.6632,-1.6985, 3.0035, 2.5911,-0.2355, 0.2501, 0.9632,-3.0589,-0.5203, 0.2865,-0.2787,-1.6758, 3.1098, 0.7177, 2.5764,-1.957 , 1.0977, 1.6725, 1.8674,-0.9628,-2.0693, 0.5375]
[-4.0408,-3.4146, 3.1749, 2.1491,-0.4364, 2.9653, 2.9064, 0.9185,-0.6667,-1.7135, 2.1418,-1.4457, 0.1524,-0.7984, 1.1899, 0.5763, 2.5806, 2.4995,-0.1289, 2.342 , 0.0734, 1.9322,-1.748 , 3.0526,-0.0858]
[-3.0865, 3.1699,-1.9694,-0.8209,-1.8703, 1.9729,-0.3314, 2.198 ,-2.5312,-0.1409,-1.79  ,-0.8758,-1.4156,-0.9922, 1.7785, 0.0787,-1.7822,-3.0014,-3.1194,-2.9179,-1.5362,-2.9318, 2.5929,-1.0483, 1.0335]
[-2.8059, 3.8381, 5.1601, 0.7088, 2.377 ,-0.5961,-1.0339, 2.447 , 1.0599,-1.1331, 0.7526, 0.7169,-0.1852,-0.3972,-0.2145, 2.552 ,-1.5778,-3.0412, 2.0822, 0.8013, 0.3545, 2.2411, 0.5441,-0.8292,-1.2143]
[-4.8959, 0.013 ,-2.8308,-2.8311,-1.6693, 0.3257,-2.1658, 2.4568,-0.1002, 3.0241, 2.5274, 1.5032, 2.4207,-1.0958, 0.331 ,-0.9021, 2.2697,-2.7012,-3.0329, 0.9513,-2.2304, 1.0751, 0.1742,-2.7208,-2.5446]
[-2.4803, 4.0676,-4.0874, 0.5097, 0.3998, 3.0904, 2.5332,-0.5619,-0.2548,-0.5278,-1.3709, 1.8478, 0.9526,-0.0386, 1.4268,-2.9844, 2.1308,-0.5525, 2.1939, 0.1464, 0.904 , 2.6985, 1.2671,-2.6568, 1.4054]
[ 3.563 ,-3.5444,-4.0346, 2.6713, 1.9713,-1.0681,-0.9943,-2.9868, 2.4809, 1.0691, 3.0932, 1.1462,-0.3147,-1.4293,-1.1987,-2.2856,-1.5152, 1.6357,-0.5138, 1.2082, 0.476 , 1.3949,-2.5443,-0.631 ,-2.6255]
[ 0.0957,-3.8739, 1.9905,-0.9602, 2.106 , 0.6921, 2.1254,-3.0795,-2.4528,-0.5894, 2.784 ,-1.4519,-0.7676,-1.502 ,-3.1081,-0.8504, 3.0844,-1.6597, 0.7587, 0.1656, 1.432 ,-0.8819, 2.8354, 1.7861,-3.0593]
[-1.0589,-4.6655,-2.4959,-2.8058, 2.6626,-2.5926,-1.9429, 2.6776,-0.5028, 2.7977, 1.4743,-1.7665, 1.073 ,-2.4043, 0.3239,-0.9043,-1.7911,-0.7327,-2.9806, 3.1119,-0.3319,-1.4278, 0.5614, 0.6375,-2.0736]
[-1.3189,-1.4376,-1.396 , 2.4019, 1.1301,-2.941 ,-2.1521, 0.0969,-2.8318, 2.6311,-1.185 ,-1.3312, 0.4488, 0.9685,-1.8575,-0.3618,-1.0372,-2.3846,-0.3697,-2.2573, 1.9092,-1.0007,-3.131 , 1.4611,-0.8662]
[ 1.6415,-3.7951, 5.0969,-0.2074, 1.2471, 1.0001, 1.6547, 0.7828,-1.6119,-0.76  , 0.4865, 2.689 ,-0.4686,-2.769 ,-2.4697, 1.9771,-2.2856,-1.3574,-1.2649, 0.7061,-1.669 ,-0.8279,-0.5283,-0.4886, 1.5206]
[ 3.5206, 3.0918, 1.4443,-1.7568, 1.5614, 0.2087,-0.3526,-2.7433,-2.8133, 1.4453,-2.5272, 2.3985, 1.904 , 0.0849, 1.0587, 0.2853,-0.1448, 2.4484,-0.347 ,-3.0597,-2.0697,-2.1831,-1.7008,-2.0011, 3.0881]
[-4.4596,-1.4963,-4.5709, 2.2114, 2.8215,-0.7944, 2.3464,-1.1441,-1.7219,-0.5894, 2.9895,-2.0238, 0.4522, 2.0224, 2.1677,-1.5801, 0.0766,-2.8871, 1.4357,-1.4005,-2.3552,-1.329 , 0.2514,-0.7657,-0.2706]
[-4.6305,-2.3466, 3.8342, 2.9924, 2.0464,-2.6041,-1.8461, 0.7133,-1.536 , 1.8377, 2.6946, 2.3916, 0.7044,-0.1824, 2.005 ,-0.0789,-0.3609, 0.9369,-0.9278, 0.6992,-2.7599,-1.6429,-2.4874,-0.1258, 1.4178]
[ 2.1545,-2.3846, 0.7581, 0.3806, 1.7224, 1.7831, 1.1637, 3.1283,-2.0237,-1.4754,-0.3246, 2.1418,-1.4654, 2.5244, 1.1524,-2.2623,-1.8668,-1.7301, 0.1224,-0.9475, 2.0817, 0.9402, 2.868 ,-2.1877, 2.6927]
[ 5.4977,-1.4976, 0.2281, 2.9015,-2.032 , 0.1893,-2.8604,-1.163 ,-0.9987, 2.8436, 2.9173, 2.3928, 0.661 ,-0.9012, 0.9907, 2.5314, 2.7283,-0.5525,-0.9509, 0.7438, 2.0276, 2.5312,-1.6705, 1.9052, 1.3125]
[-5.3442,-0.2203, 4.8187, 2.1555, 2.6911,-2.2973, 2.2511, 1.0319,-0.3166, 2.1138, 1.0518,-2.1615, 1.7747, 1.0042, 2.3225, 1.1703,-0.74  ,-1.1008,-0.7631,-0.7435,-3.1219,-2.2223, 0.9079,-2.6234,-2.3157]
[ 2.2154,-0.499 ,-1.5547,-1.8024,-1.9748, 1.9181, 1.3986,-0.0693, 2.4722,-2.4092,-2.1706, 1.6653, 2.0595, 0.8763, 1.4642, 1.6498,-0.5969, 0.8938,-0.9817,-1.7938, 0.9439,-0.5941,-2.0627,-1.4575,-1.1886]
[ 3.8874, 2.2074, 3.6174, 0.6387,-2.5015,-2.4898,-0.6155, 2.5203, 2.3931,-0.5889,-1.7067,-2.2533,-2.6537,-0.6288,-2.5719, 2.4488, 1.4979,-0.4814, 1.8068, 2.1829, 0.0142, 0.7713, 1.342 , 1.6091,-0.736 ]
[-2.9288, 4.5554,-4.593 ,-0.0892,-0.4661, 3.0429, 0.6027,-3.0022, 1.1162,-2.501 ,-0.5234, 1.2223,-0.4133,-0.2065,-2.3757,-2.482 ,-2.3806,-2.1592, 1.016 , 1.6194,-1.7975,-2.3724, 0.5289, 2.6729, 0.8438]
[ 4.7027,-2.3256,-3.1367,-0.7719,-1.8746,-0.5397,-2.1461,-1.6431,-1.3213,-2.5123,-1.6854, 1.9601, 1.8165,-0.2541,-1.4986, 1.5611, 1.7011, 1.1081,-0.3348, 1.8309,-2.5501, 1.3754, 2.0622, 1.2028, 1.9682]
[ 1.1279, 2.9468,-5.025 , 0.68  , 2.4193, 0.8973, 2.8805,-1.416 , 2.1292,-3.0768,-3.0648,-3.096 , 1.2585, 2.1285,-1.4985, 3.0836,-0.1349,-2.2971,-2.3787,-2.9125, 1.9346,-2.197 ,-2.6446, 2.7559,-2.9872]
[ 0.0974, 4.5369, 4.8776,-1.2913, 2.9721, 1.4076, 2.1258, 0.3898, 2.9516,-2.6551, 0.9357,-1.5226, 2.3094, 0.3172, 2.6548, 2.7322,-2.7765,-1.936 , 2.017 ,-3.0743,-2.201 , 0.7165, 0.4081, 0.392 , 2.4143]
[-2.4393, 1.0422, 4.9098, 2.5938, 0.5956, 2.0303, 1.9588,-1.1427, 2.4593, 1.1472,-1.912 ,-2.7625, 0.154 , 0.5426, 0.4634,-1.3221,-1.3121, 0.6896, 1.9383, 0.5278, 2.6894,-0.2238, 2.2317, 2.0323, 2.2054]
[-2.2971, 0.1727, 2.4512, 3.0627, 0.0342,-0.7239,-2.6785,-1.828 , 0.5822,-1.9204,-1.4535, 2.2047, 1.602 ,-1.7796, 1.9391, 0.201 , 1.6124, 3.0577,-1.7393, 2.8466,-2.3907,-0.2764,-3.0679, 0.9864,-2.1944]
[-2.5007, 4.9796,-4.5499,-2.1591, 0.3818, 2.1231,-0.9778, 0.1219,-0.5779, 1.8488, 2.4074, 0.2995, 2.265 ,-3.0725,-1.9056,-0.8714, 1.8761, 0.7948, 0.9597,-0.8257, 0.6962,-2.5639, 1.1398, 1.6305,-1.4466]
[ 5.3031, 0.8012,-1.5949, 0.4598, 0.5923,-1.6298, 3.1127,-1.1437,-0.5099,-1.007 , 1.7838, 2.9595,-1.7466, 0.8306,-2.4082,-2.6096, 3.1132, 0.6819,-2.3597, 2.1545,-0.3551, 1.5252, 1.4289, 0.5294,-1.6143]
[ 4.4523,-2.8866, 4.7865,-2.4656,-0.3816, 3.1143, 2.7618,-0.368 , 2.9053, 2.8077,-1.4036,-2.1071,-0.474 ,-2.8609, 3.0072,-0.8354, 2.6575, 2.9844,-1.6531,-2.1217,-0.3716,-1.9111,-1.9825, 0.2479, 0.51  ]
[ 2.565 , 4.41  ,-0.1659, 0.2623, 2.2927,-0.5085, 1.5547,-2.0378,-1.6743, 2.3717, 2.4382, 2.6083,-2.9653,-0.2152,-0.7894,-0.8552, 1.5667,-0.18  ,-1.1298, 0.3949,-1.6962, 0.2713,-1.6263,-0.0407,-1.543 ]
[-0.6153,-5.0014,-3.5114,-2.0243,-0.0266, 2.2151, 0.632 ,-0.208 , 1.1792, 1.2592, 1.4682,-2.1371,-1.8981, 2.3118,-2.785 , 3.0879,-2.0971,-0.9818,-0.2183,-0.1298,-2.173 , 2.9838,-0.6435,-0.1254, 0.1601]
