[ 2.1568,-0.0783, 3.2151,-0.5934,-1.5794,-2.1135,-1.8128,-1.2594,-2.7981, 1.7877, 1.1483, 2.8722,-1.3926,-1.8108,-2.7327, 3.1182]
[-0.1991, 3.828 ,-5.35  ,-2.1144,-0.664 ,-1.1718, 1.2902, 0.0917, 2.3743,-1.4383,-1.9949, 1.8728, 0.8787,-1.4766,-2.8467, 0.1877]
[-0.203 , 4.8579,-4.2251, 1.9236,-0.1486,-2.4088, 2.0834,-0.1606,-2.4508, 1.6313,-2.6309, 0.9263, 0.7321,-1.6404, 2.792 , 2.3074]
[ 0.7801,-1.1775,-0.6728, 0.5529,-1.7976,-3.1318, 1.9464,-0.3508, 1.7393,-0.0889,-1.7736,-0.367 , 1.5166, 1.9492, 0.1135, 1.5308]
[-4.2692,-0.1872, 2.7712,-2.0231, 0.314 , 1.5085, 0.0516,-2.8414, 0.1898, 1.5755, 1.2856, 3.0839, 0.692 , 1.0916,-2.0361, 0.6967]
[ 3.0523,-0.308 , 2.6346, 1.3334,-2.233 ,-2.7752,-0.0577,-0.6978, 0.6542,-0.8116,-0.6014,-0.3849,-1.0775, 1.9074, 3.0166,-2.5771]
[ 1.8803,-0.195 , 3.0554, 1.9918,-1.604 ,-2.1792, 0.8324, 2.7536,-2.3018, 2.1795,-0.7023, 2.8745,-2.9982, 1.7951, 1.6894, 1.5782]
[-1.1553, 3.5978,-3.4876,-0.4399,-2.5889,-2.7683,-2.1459, 1.4488, 2.1483, 1.2365,-0.21  ,-0.6771,-2.8234, 2.097 , 0.2296,-0.5572]
[ 4.2122, 2.7385,-3.4301,-0.784 ,-1.1035,-1.8668, 2.4692, 0.926 , 0.2324,-1.745 , 0.5148,-1.1365,-3.0398,-1.4059,-2.5881, 1.6475]
[-0.844 ,-0.1952,-4.4618, 1.9313,-0.8782,-0.4385,-1.4984,-1.5892, 2.3969,-1.9523,-0.3497, 0.1134, 0.1231, 2.0057, 0.5461,-3.0824]
[-4.9872,-2.2212,-3.943 , 2.6677, 1.6035,-1.107 ,-1.2582,-0.2567,-1.054 ,-0.8839, 0.3537, 0.3115,-0.1491, 0.6052,-0.2326,-2.2917]
[ 3.7904, 4.5765, 3.4788,-2.0916, 0.4487,-1.253 ,-0.8237,-2.9302, 0.6565, 2.7839, 0.0787,-1.86  ,-2.3116, 0.9275, 3.0623,-2.6676]
[ 5.3434,-4.1116, 2.3974, 0.3602, 1.1962, 2.4944, 1.9175, 0.6535,-1.1206,-1.0635,-1.8498,-1.1102, 2.0478, 1.1145, 0.3901, 0.7882]
[-3.011 , 1.2514,-0.2939,-0.6833, 2.4827, 0.992 , 0.8761, 0.0692, 1.414 ,-0.0273,-0.7265,-1.4077, 2.84  ,-1.2537, 0.0226, 1.4489]
[ 0.7908, 4.5833,-3.5499,-2.8448,-0.4744, 1.549 , 0.8924, 0.8779, 1.54  , 2.7982,-0.3776, 2.77  , 2.7345, 1.7184, 3.1249,-3.0111]
[-4.8993, 0.6804, 0.5643,-0.6929,-1.9032,-0.1424,-1.1694, 2.8928, 0.2671,-1.6014, 3.055 ,-2.2104, 2.8887, 2.7812, 0.3153,-3.0305]
[-3.5694,-2.9087, 4.2583, 1.5661,-2.6167,-0.5934, 1.8122,-1.4055,-1.5103,-2.1852, 0.0716, 2.4212, 2.2061, 2.659 ,-2.6668,-1.4146]
[ 3.0095,-4.9316,-2.8468, 0.2863,-1.8313,-1.1731, 2.717 ,-0.1143, 1.8076, 2.4025, 1.3151, 0.7178, 0.4854, 1.2033,-3.0976, 0.5403]
[-0.3341,-3.1683,-1.5375, 2.7753,-2.2395, 2.1904, 1.1099, 2.0106,-2.497 ,-1.5569,-0.0568,-0.8536, 1.1305,-0.2271,-0.1431,-1.9753]
[ 5.0532, 3.7707, 1.4195, 2.4218,-0.0852, 2.4205,-1.7296, 1.3373, 2.179 , 2.7621, 2.7434, 0.2382,-0.0951,-1.9152, 2.7478, 2.6302]
[-4.9208, 0.8513, 5.1367, 2.5088, 1.7653, 1.4913, 2.7284,-0.3286,-2.0702, 0.3121, 3.0374, 1.1659, 2.1698,-1.6205, 2.6523, 1.8141]
[ 5.1354, 0.8768,-5.1211,-2.7947, 2.7097, 1.5516, 1.1359,-1.4227, 2.0226, 1.0711, 3.1164, 0.8193,-0.9711,-0.4562, 2.3747,-2.0985]
[ 3.1965, 3.2713, 2.6545,-1.0958, 0.0359, 1.4529,-1.4687, 0.4393,-0.2512, 2.145 ,-3.0355, 0.4454, 0.3539,-2.1804, 1.7959, 2.2316]
[-2.038 , 5.22  , 2.7882,-0.1341,-1.5502, 0.3835, 2.441 , 2.7387, 2.119 , 0.1378, 0.6253,-1.6052, 2.3916, 1.1664,-0.9272, 1.48  ]
[-1.2062,-0.5626, 4.159 , 1.2673, 2.2234,-1.7684,-2.3097,-2.5165,-0.0922, 1.0888,-0.8631,-1.0247,-1.4132, 2.0997, 0.6695, 1.5771]
[ 0.828 , 0.7975, 3.3759,-2.6527,-2.    , 0.8152,-2.8105,-2.7517,-0.8375,-3.1018,-2.896 , 0.92  ,-1.9922, 0.0371,-2.7334,-0.8442]
[-0.8867,-0.8611, 1.9981,-1.5143, 1.7251,-1.7286, 0.4591,-0.1269,-1.2433, 0.4651,-2.5994,-1.1773, 1.783 , 0.9382, 2.3492,-2.6554]
[-5.184 , 3.9597, 4.8334,-1.5562, 3.0931,-2.7347,-2.0796, 1.5297,-1.2063,-0.5607, 1.9756, 2.1718,-0.5689, 2.6174, 0.6568,-2.2416]
[ 3.3479, 4.296 ,-4.6939, 1.9214,-2.6066, 1.711 ,-2.9233, 2.7067,-1.7414, 1.608 , 1.248 , 1.2087, 0.0177,-1.5077, 2.4498, 2.8866]
[-1.7024, 2.9153, 4.5876, 2.0089,-2.3195,-0.8597, 2.1808, 1.3588,-1.1457, 3.1081, 1.6665, 1.4289,-1.035 , 0.9958, 1.7183,-2.6995]
[-5.2904,-2.3277, 2.8323,-1.0402,-3.0334, 2.6451,-1.8875,-2.6378,-1.037 ,-1.594 ,-2.8769, 0.684 ,-2.4227,-0.3868,-2.6038, 2.5031]
[-0.4744, 2.0056, 2.5134, 3.0087,-2.4708,-3.0598,-2.6716, 0.0978,-0.9302,-1.9962, 1.0407,-1.8642,-0.165 , 2.7013, 2.8   ,-2.0854]
[-0.7942,-2.7195,-0.7943, 1.3004, 1.4047, 0.0709, 0.1754,-1.8083,-2.6573, 1.8849,-0.189 ,-2.4234,-2.9271,-2.3249, 0.3671, 0.7469]
[-4.1585, 2.9083,-4.5969,-1.5211, 0.5744,-2.1031, 0.6002,-1.0409, 0.7602, 1.2729, 2.8265, 2.9177, 1.2583, 2.5224,-1.9919, 3.1335]
[-0.6219,-2.9211, 3.2132, 2.0511, 2.7573, 1.9398, 1.1015,-3.0568,-1.1313,-2.9029, 2.9266, 2.2421, 2.8013, 1.7779,-2.9774, 1.8635]
[-1.7152,-1.3723, 0.7433,-1.5179,-0.3184, 1.9051, 1.2433, 3.071 ,-2.3095, 3.0999,-2.4523, 2.8647, 2.7368, 1.0279, 2.6343,-3.0843]
[-0.1384, 5.0299,-3.9355, 1.7853, 1.5989, 0.6555, 1.8197, 2.0289, 0.6658,-0.2817, 1.3413,-2.8078, 2.5884, 0.134 ,-1.4693,-1.3694]
[-0.2098,-4.1571, 0.564 , 1.0139, 2.2651, 0.0591,-1.7523,-1.0569, 2.849 ,-2.6767,-1.116 , 2.9213,-0.5423,-0.7957,-1.6358,-2.0677]
[-3.9114e+00, 3.4537e+00,-1.7093e-03, 6.1696e-01, 3.1158e+00, 1.4110e-01, 2.1284e+00,-1.9068e+00, 2.1558e+00,-8.5546e-01, 6.9106e-01, 2.0769e+00,-2.6331e+00, 3.1155e+00,-1.2661e+00, 3.1245e+00]
[ 2.0519, 0.896 ,-3.1325, 0.0858,-1.0749, 2.1133, 2.8227, 1.7288, 1.4219, 0.2648,-0.0963, 1.0343, 0.9217, 0.932 , 1.7213,-1.4819]
[ 1.8679, 1.1062,-4.1981,-0.1438, 2.9785, 0.7418, 1.7348,-0.6422,-2.8785,-1.1886, 2.996 ,-0.2525,-3.0043,-1.8082,-2.4641,-1.0299]
[ 5.0027,-2.8384, 0.2973,-2.6837, 1.6288, 3.0315,-0.3998, 1.3095, 2.4044, 2.0675,-0.5056,-2.4644, 1.7282,-2.4182, 1.2402,-0.7105]
[ 1.7761, 2.9556, 0.3067,-2.2911, 1.4861, 0.6064,-0.7267, 1.0822, 2.3914, 2.7483, 0.0616,-0.8288, 1.3296, 2.3512, 0.0255, 1.4552]
[ 0.2585,-4.2954, 4.7831,-0.5091,-1.5573, 1.4366, 2.9796, 1.2258,-1.8191,-2.7671,-0.4511, 2.852 , 0.5072,-2.6   ,-1.6694, 0.6539]
[ 3.5872, 3.9878,-1.8161,-1.1628, 0.5378, 2.1641, 2.1482, 1.9407, 3.0105, 1.4531,-2.5116, 1.1875,-0.187 ,-0.5434,-1.6214,-1.9772]
[ 3.5515,-2.0178, 3.2715, 0.6656,-1.0763,-0.0663, 0.3418, 2.1597, 0.6354,-2.1163, 0.597 ,-0.65  , 1.0557,-2.2433, 2.6165,-1.0232]
[-3.6319,-3.6004, 5.4817, 1.5916,-1.9127,-2.0844,-2.5073,-2.0526,-0.4681,-0.9074,-0.3373, 2.7063,-1.0446, 3.1154,-1.8159, 2.2902]
[-4.8643,-3.3901, 3.0679,-0.8971,-2.4294, 2.2656, 1.8294,-1.5519, 0.7525,-1.4404, 2.7788,-0.801 ,-1.8504,-2.3274,-0.9733,-2.6818]
[-4.5033, 0.3688,-4.7008, 2.7453,-2.7016, 2.0094, 2.6587,-0.5832,-0.1752, 1.4686, 0.1462,-1.515 , 2.6226,-1.2208, 0.9553, 0.6217]
[ 2.5727, 2.9609, 1.3533,-2.5445,-0.758 , 2.3913, 3.136 , 0.1911,-1.9565, 1.8855,-0.5217, 0.4998,-2.609 , 1.9613,-3.0974,-2.0857]
[-1.1109, 1.2655,-3.5565,-0.2885,-1.8396, 1.3924,-0.3184,-1.5215,-0.5639, 3.1186,-0.0705, 0.236 ,-0.3654, 2.4073, 1.1766,-2.7689]
[ 2.2315, 0.3357, 1.9381, 1.2757,-0.5157,-1.1921, 2.8578, 2.0516,-0.6923, 0.901 , 2.4771, 2.0735,-1.377 ,-0.1819, 0.5611,-2.5947]
[-0.0865,-4.1341,-3.3611, 2.9159, 2.9351,-2.0082, 2.5967,-1.2112, 3.0796, 2.9695,-2.5798, 2.0228, 1.3521,-1.943 , 0.3706,-1.1333]
[ 2.0121,-2.4274, 5.2483,-2.7454, 2.9424,-0.0137, 0.4943, 3.049 , 0.6372,-0.1643, 1.6974, 2.8505, 0.8765, 1.5167, 1.7179, 0.2147]
[ 4.668 , 2.6568, 5.0295,-2.0119, 0.6795,-3.0959,-0.8051, 1.6076,-2.3383, 0.3867,-1.0145,-1.9025,-1.1119, 1.2612,-2.6276,-2.0805]
[ 2.949 , 0.29  ,-3.2296,-0.4115, 2.8892, 0.458 , 0.6591,-2.1982, 0.0584, 0.1079,-0.3245, 2.0399, 2.6161, 3.1234, 2.0808,-1.5969]
[ 4.0431,-4.594 , 2.1499, 1.3192, 3.0852, 1.7835, 2.9259, 2.3831, 1.0317, 0.9568, 2.9369,-1.6141,-1.0309,-2.0349,-0.1825,-0.1715]
[ 2.8042, 2.3436,-3.849 ,-0.0787,-0.9746, 2.6116, 0.6915,-1.666 , 1.8022, 2.5413,-2.2896,-2.976 , 2.43  ,-2.1127,-1.7494,-1.4465]
[-4.0127,-5.1677, 2.0904,-3.0679,-1.9133,-2.9159,-0.7331, 0.3221,-0.4369, 0.3142,-3.1015, 2.5985,-1.7231,-2.4795,-0.3599,-2.8525]
[ 3.2441,-2.6212, 4.9714,-2.0232,-0.4632,-1.5021,-3.0561, 2.6797,-2.5538, 1.0115, 2.5607,-2.8611,-2.7351, 1.8846,-1.3667, 1.1373]
[-3.3372, 0.2163,-3.5503, 0.0178, 0.9652,-0.9108,-0.8729,-3.0959,-0.5754, 0.1165, 1.7045,-2.141 ,-1.295 ,-2.0051,-2.3316, 0.8884]
[-2.7599, 1.0542, 0.2875,-0.4446,-0.5975,-2.8852, 1.0215, 2.0005, 1.4518, 2.0614,-1.9449, 2.1093,-0.9694,-1.8352,-2.3576,-1.9036]
[ 3.0707, 0.6546,-1.6233, 2.3226,-2.014 ,-2.5787, 1.7954, 0.5749,-2.163 ,-0.1111, 0.6173,-0.7706, 0.5797, 0.2407,-1.5648, 0.824 ]
[ 3.2523,-5.2385,-2.3181,-1.2555,-0.8822, 2.4811, 0.6096, 0.2473,-0.6852,-0.7035, 0.7321,-2.5498, 0.257 ,-1.5743,-2.5248,-1.7149]
[ 1.6526,-3.5731,-0.0473,-0.6884, 1.629 , 2.4768,-2.8128, 1.2365,-0.5838, 1.1655, 1.8544,-0.0524,-1.6616,-0.2069,-0.0353,-1.9198]
[-5.0973, 3.6457,-2.5376,-0.2201, 1.7883, 1.7562,-2.8846,-1.3225, 2.3471,-0.9536,-2.8674,-1.4292,-0.145 ,-1.2158, 2.5026,-2.2842]
[ 3.9088, 3.4992, 2.1559,-1.4763,-3.1081, 0.1766,-1.7838, 1.3454, 0.69  , 0.8088,-0.277 ,-2.7703, 0.3981, 0.8972, 0.9165,-0.8216]
[ 4.0156, 3.5137,-2.4654,-1.5954, 0.1575,-2.6915,-0.2341,-0.0269,-1.5244,-1.2511,-1.1841, 0.5523,-1.5763,-1.9964, 2.5965,-0.0729]
[-1.2971, 2.8161,-1.1976, 2.2636,-0.8255, 0.1485, 2.1292, 1.6963, 1.7104, 2.6833,-0.4257,-2.4447,-2.3488,-0.7849, 2.6977, 0.7284]
[-3.653 , 4.5036, 1.8671,-1.8424,-0.7135,-1.0119,-0.0649, 0.0572,-1.1421,-0.8079,-1.5318, 0.2723,-0.818 , 0.5871,-0.0471, 0.862 ]
[ 0.3019,-3.0024, 5.047 ,-2.7447,-0.4569, 2.0351, 1.9247, 2.8234,-0.7843,-0.8391,-3.0542, 1.0178,-1.1942, 3.1297,-2.9416, 2.0168]
[ 1.1491, 1.1872,-4.5593, 2.0892, 2.2443,-1.4599,-3.1286,-2.9614,-2.3836, 2.1547, 1.8433,-1.1454, 0.5083, 1.0835,-2.5621,-0.3673]
[ 3.1053,-2.4211,-0.0257,-0.56  ,-0.8173, 1.8744,-1.4224,-1.2675, 2.1524, 0.4049, 0.4996,-0.9879,-2.8208,-1.4303, 1.0599,-0.1914]
[ 0.7511, 0.7073,-3.6725, 0.0611, 0.0299,-2.8607,-1.024 , 2.949 , 1.7285,-2.8661, 2.6234, 0.9672, 1.0699,-2.0126, 0.2837, 2.9937]
[ 0.7436, 0.1084,-5.151 ,-3.0268, 2.0016, 0.6935,-1.5845, 2.9116,-1.5774,-1.4707, 0.2206,-1.5244, 0.3934, 1.0051, 3.0653,-2.6767]
[-4.4222,-0.6835,-3.5495,-1.3814, 0.274 ,-3.1386, 0.7339, 1.7307,-2.1069, 1.5943, 2.6589, 2.2794,-2.0357,-0.8631,-1.9656,-3.0281]
[-4.6364,-3.015 , 4.1264,-3.0014, 1.3173,-0.8054, 0.7561,-0.3979, 0.5342,-0.4558, 3.05  ,-0.0125,-0.2265,-0.1267, 1.6299, 2.9366]
[-2.6229,-1.0988,-1.507 ,-1.6098,-2.5245,-2.0732, 0.7963,-1.7767, 1.6372, 2.4824, 0.7811,-2.377 , 1.188 ,-1.9568, 2.6147,-0.0392]
[-3.9942,-4.1573,-1.4003,-0.4961,-1.6083, 0.9062, 2.9647, 1.0952, 0.7117,-1.7646, 0.4689, 0.5845,-2.3225,-3.0774,-1.348 , 2.712 ]
[ 5.2606, 4.6297,-1.7429,-1.4864,-0.9197,-2.247 , 3.0964, 2.8969, 1.7624, 1.1181,-0.237 , 1.2669,-0.839 , 1.1928, 2.6867,-3.0204]
[-3.0279, 2.7584,-4.4269,-2.5264,-1.1326, 2.3107, 1.039 ,-1.6575,-1.3423,-1.9918,-2.0362, 0.6807,-0.3076,-1.5984,-2.245 , 2.0071]
[-3.6921, 2.7408, 0.6527, 0.9952,-3.0298,-1.4413, 0.4198,-0.359 ,-2.9846, 2.556 , 2.0489, 3.1113,-0.868 ,-1.3308,-2.0402, 2.3047]
[ 2.514 ,-1.9204, 5.3746, 1.0869, 0.018 , 0.567 ,-0.2223,-3.0867,-2.0962, 1.6719,-3.0495,-0.492 ,-2.7712, 2.3846, 0.3954, 2.2942]
[ 3.4311,-3.8621, 4.8439,-2.6346,-1.1804, 0.875 ,-3.1322, 1.9841,-0.9915, 1.3472, 0.1236,-2.6188, 2.4199,-2.1518, 1.3937, 1.5437]
[ 2.2833, 2.5119,-1.3168, 2.3437, 2.6041,-1.8144, 0.3584, 1.1931, 0.1   , 1.0804, 2.8745,-0.1224,-0.0478, 2.7438,-2.7359, 1.391 ]
[-4.455 ,-1.7448, 2.1014, 0.079 ,-0.3964,-0.0226, 1.7972, 1.9554,-1.1551,-2.3675, 2.5171, 0.8123, 0.9976, 1.0073, 1.1048,-2.6324]
[-4.6767,-5.1379,-0.8874, 2.9616,-0.695 ,-0.3475, 1.8537,-0.4758,-1.4747, 1.6014, 0.0653,-2.6371, 0.3086, 1.8752,-0.573 , 0.8718]
[ 4.0876, 2.5744,-4.0738, 1.796 , 2.3858, 1.4037, 0.6734, 2.7651, 0.2989,-1.4663, 2.8957, 0.2246,-2.6554, 0.1053, 2.0661,-0.0456]
[-2.7565,-1.4554,-3.9023,-1.1045,-2.5894, 1.6554,-2.0625, 0.6719, 0.8913, 3.1142,-1.5815,-2.3498, 0.9972, 2.7767,-2.1284, 0.7158]
[ 1.7934,-2.5399, 2.9982, 0.7588,-0.7596, 1.2102, 1.784 , 1.4866, 0.3177, 1.9283, 2.668 , 1.6048,-2.541 , 1.3704, 2.0995,-2.0721]
[ 3.376 , 5.3754,-2.9311, 1.1526, 1.8621, 0.935 , 1.3898, 1.7115, 0.8195,-1.7871, 0.1532, 1.0089, 1.1997,-2.9391,-2.0281,-0.7468]
[ 3.9082, 4.7711, 0.3662,-0.9964,-3.0194,-1.4997, 2.8802, 1.4128,-1.6909,-2.5082,-1.3931,-0.2728, 2.0942, 2.6011, 0.658 , 0.9141]
[ 5.1883,-1.8627,-4.5011,-1.017 ,-2.9054,-2.6057,-1.3071, 1.5636, 0.4258,-0.5139, 0.1196, 2.0485,-2.9826,-0.7006, 0.4967,-2.9629]
[ 0.1344,-1.7316,-2.9733,-3.0233,-3.0641, 3.0664, 2.3106,-2.4402,-2.2186,-0.7739,-0.4775, 0.0226, 2.4826, 1.4064,-1.8308,-3.1247]
[ 4.2254, 1.8104,-4.3457, 2.2757, 2.7227, 1.8551, 1.2387, 0.3416, 3.0508,-1.8137, 2.5202, 0.4646, 1.2793, 0.1308, 1.681 , 0.435 ]
[-3.5743,-5.463 , 5.4651,-1.2659,-0.6631, 0.231 ,-3.03  ,-3.0649,-0.49  , 3.0979, 0.2298,-2.5578, 1.3567,-2.0376, 0.0528, 0.6365]
[-4.7248, 0.5836, 1.8198,-1.8016, 2.3319,-2.3788, 2.8881, 0.0726, 0.927 , 1.6365, 0.0724,-0.3161,-1.5902, 1.6953, 2.8844,-0.1902]
[-0.2758,-1.1365,-2.7877,-2.3324, 1.4972, 0.6557, 0.4551,-2.5286, 1.4202, 2.4364,-1.326 , 1.877 , 2.1621,-0.5215, 0.2964, 2.083 ]
[-4.7955,-0.8286,-1.6287,-0.6298, 2.1238,-1.7567,-0.3325,-2.3752, 0.8626,-2.8744, 1.331 , 2.1608, 1.3498, 2.959 ,-1.5519, 2.183 ]
[ 0.2996, 0.3162,-0.8788, 0.5955, 0.4613,-2.421 , 0.4254, 0.7396,-2.3159,-1.0484,-0.5908,-2.0258,-0.0134,-2.1069, 1.9038, 1.1741]
