[ 2.0252, 2.5442, 0.9487, 2.5847, 2.8143, 1.4525,-0.1908, 1.1529, 1.6458,-1.1139, 2.9569,-1.2069, 1.5088, 1.0039, 2.3932,-2.2955,-1.138 ,-0.5008, 2.8503, 0.3306, 2.544 ]
[-1.3495,-4.7637, 4.4474,-1.1384, 1.6195,-0.2893, 0.8619,-0.8602,-0.0397, 2.6483,-0.8212,-2.7853,-0.6102, 2.5033, 3.0036, 0.2915, 2.6359,-2.0487,-2.8648,-0.5169,-2.0762]
[-4.268 ,-1.7149,-0.9242,-2.9852, 0.284 , 0.5528,-2.1154,-2.6551,-1.4802, 1.8237,-0.3505,-2.8006, 0.13  , 0.4272, 0.1328, 0.6396, 1.9661,-0.8619,-1.9633, 0.6528,-2.1106]
[-3.1792, 4.1193,-1.3972,-0.9645, 0.3199, 0.3276,-1.2522, 2.2315,-2.3229, 1.6857,-0.4806,-0.1413, 1.7336,-0.9095, 1.2493,-1.0833, 2.4031,-2.8191,-2.7081, 2.567 , 1.8968]
[ 0.225 ,-5.4865,-3.9385,-0.9709, 2.7881,-0.8369,-2.6161, 1.1125,-1.4136,-0.7452,-0.7606, 0.7551,-2.8007, 2.5161,-2.0946,-1.4004, 2.943 ,-2.3808,-0.6336,-1.6345, 2.0554]
[-3.209 , 3.4331,-4.4336,-1.0001, 3.0321, 0.2802,-1.1087,-0.6718, 0.7341, 2.596 , 1.7324,-1.4807,-2.7206,-0.5669,-3.0838, 2.1845,-0.2293, 0.1949, 2.5503, 1.1061, 1.3267]
[-3.7783,-1.8213,-2.0984,-3.1248,-2.4232, 0.3671, 1.6486, 2.0003,-2.9678,-3.1068, 0.5242,-1.1107, 0.3394,-2.1361, 0.4267,-2.894 , 1.4072, 0.6661,-1.1387,-2.0755, 0.4796]
[-3.8569, 4.9054,-1.6334,-0.2508,-1.0106,-2.9537,-3.0743,-0.1684, 1.4553, 1.679 , 2.1928,-1.2935, 2.6622,-0.0469,-0.4351, 1.7448,-0.4362,-0.2391,-1.8509, 0.5483,-0.9062]
[ 1.8918,-4.9316,-0.6755,-2.1911, 1.7668, 2.4513, 1.5601,-2.2533,-2.1626, 2.0305, 3.0433, 3.0847,-0.3622,-1.7555, 2.9829,-2.3493,-2.7099, 2.4725, 0.0517, 2.0182,-0.6193]
[ 0.2012,-3.5782,-1.6306, 1.0494, 2.58  , 2.3617, 1.7026, 2.0652,-0.571 , 0.278 , 3.1001, 2.284 ,-0.1073,-2.0173, 3.0132,-1.9962,-1.3644,-3.0371,-1.3541,-0.9778,-0.3183]
[-9.7529e-01,-1.2369e+00,-4.2716e+00,-1.2990e+00, 2.5922e+00,-4.9466e-04, 7.0195e-02,-2.3797e+00, 3.0623e+00,-5.5284e-01, 6.3518e-01,-4.1454e-01, 1.2796e+00, 1.0039e+00, 1.1766e+00,-2.2138e+00,-2.6004e+00, 1.6443e+00, 1.1187e+00, 6.9124e-02, 1.8613e+00]
[ 2.1432, 0.2503,-3.1394,-1.998 ,-1.2954, 1.2527, 3.0828,-0.5477,-1.7744, 2.4856,-3.1269,-2.0476, 2.8728,-2.2211, 2.8526, 2.7359,-1.4729,-0.0798,-0.1092, 1.3483,-2.0564]
[-1.668 ,-4.9456,-4.6677,-1.8083,-0.6662, 0.1139, 2.0173,-0.0714, 1.9074,-0.5172,-2.5   ,-0.65  , 2.8269,-2.4344, 1.3258, 3.1051,-0.7161, 2.2394,-1.7202,-1.2576, 2.8532]
[ 3.6023, 3.3013, 4.3034, 2.4134,-1.0735,-1.4533,-2.6278, 2.628 , 2.3773,-0.6205, 1.5382,-1.7619, 0.1872,-0.778 ,-0.4139, 1.1112, 0.5584,-0.3919,-2.443 , 1.107 , 1.0799]
[ 3.3193,-0.2687,-1.5825,-2.0796, 0.8084,-1.8349, 1.1732,-3.0242,-1.4872,-0.6027, 1.8175,-0.1826,-1.9245,-2.0844, 0.1871,-2.0649,-0.7337, 2.0315, 2.1282, 2.0253, 0.7554]
[ 5.4936, 5.4474, 2.4777,-1.6132,-1.0133, 2.7832,-3.0517,-1.3427,-1.6756,-0.1862,-3.0146, 1.4656, 1.8153,-1.2036,-2.7181, 0.4362, 2.8853, 2.3488, 0.4903, 2.038 ,-0.1716]
[ 3.1388, 2.6481,-0.3979, 2.2292,-3.0455,-1.0844, 1.782 , 0.6089, 2.3737,-2.2347, 2.2014, 1.6982, 0.1241,-1.1172, 2.0898, 0.9231,-0.8181, 2.8869,-2.889 , 1.165 , 0.6276]
[-0.7353,-2.6957,-4.6243, 1.3549, 1.8324,-0.0334,-2.308 , 2.8067, 2.5765, 1.1746,-1.2385,-1.7023,-2.1261, 2.4914,-2.4541, 2.3527,-0.9801,-2.0981,-1.7123,-1.7171, 2.3703]
[-2.662 , 1.1396,-2.8783,-3.0915, 2.2273,-1.2067, 2.2652, 0.204 , 2.5995, 0.8858, 2.3808, 2.5265, 0.9317,-1.7765, 0.9975,-1.3569, 3.1381, 3.0046, 0.3008, 0.4898,-2.1977]
[ 0.8837, 4.4658,-0.5908, 1.334 ,-0.2365,-2.4552,-1.6867,-1.1613,-1.3503, 0.3762,-2.5498, 3.1198, 2.2042, 0.0919,-0.9048, 1.6826, 0.3754, 1.5001,-2.6765, 0.9445, 0.956 ]
[-2.7859,-3.2504, 3.8889,-0.6857,-1.3713,-2.0325,-1.1107, 1.7016,-1.3448, 2.4457, 0.5706, 1.2714, 1.247 , 2.5915, 2.653 ,-0.168 , 0.2786,-2.8105, 1.9124,-2.7149,-0.2685]
[-2.1247, 5.0415, 2.5489,-1.5956, 2.5944,-0.6886,-0.0392,-0.4633,-1.1963, 0.7657,-0.1623, 0.664 , 0.3765,-0.4843,-2.9377, 1.6561, 0.4224,-3.0987, 0.8548, 0.4173, 2.896 ]
[-0.5547,-0.2867,-1.6369,-2.169 , 0.5813,-0.736 ,-1.7786, 0.3894, 2.4992, 0.7799, 0.5507, 1.5344, 1.5597, 2.7844,-2.3905, 2.2939,-1.7801, 0.3403,-2.7136, 0.1977, 0.1626]
[-5.2963e+00, 4.5677e+00, 4.3169e+00, 1.6566e-01, 6.5367e-01,-2.5037e+00, 1.0885e+00, 1.2415e+00,-1.2321e+00,-1.3945e+00,-1.7903e+00, 2.0977e+00, 1.1134e+00, 2.3441e+00, 2.5178e+00, 1.0662e-01, 6.7945e-05, 1.9964e+00,-2.7620e+00, 6.8143e-01,-2.0684e+00]
[ 2.2019, 5.0205, 4.5688, 0.5592,-2.2751, 3.0279, 2.1153, 2.0998, 0.9925,-1.7788,-2.7774,-2.4464,-0.586 ,-1.3008,-0.2426, 0.6799, 0.8089,-1.2414,-1.6836,-2.6992, 0.1723]
[ 4.9760e+00,-4.6187e+00, 5.1129e+00, 8.4673e-01, 7.3203e-01, 1.0885e+00,-1.5481e+00, 2.5264e-01, 2.8661e+00, 6.4429e-01, 2.8677e+00,-2.0965e+00, 3.2755e-01,-2.0938e-03,-2.0391e+00,-9.7133e-01, 2.5456e+00,-1.7256e+00,-2.0067e+00,-1.9548e+00,-2.6305e+00]
[-2.2895, 3.5037, 1.8087,-1.7011,-2.3697, 1.68  ,-3.1162,-2.2725,-2.5505, 0.0929,-0.2911, 0.0071, 1.4681,-1.8135,-2.7909,-1.7762, 2.5578,-0.2094, 2.3684, 2.4451,-1.5582]
[-1.426 , 1.3037,-0.6502,-1.5116,-1.4861, 3.0287, 2.1789, 2.2711, 0.6855, 1.5882,-2.6677, 1.1913, 2.6856, 2.0778,-2.9679, 1.8857,-3.1383, 3.0603, 0.8085, 0.8414,-0.8195]
[-5.1936,-4.1629, 4.8139,-2.7011, 1.3812, 0.1618,-2.1762,-0.6578,-0.2783, 0.9866,-0.8571, 1.5373,-1.3366,-1.5709, 1.5977,-1.8896, 1.637 ,-2.7016,-3.1297,-1.2364, 2.6125]
[-2.744 , 0.7958, 2.2326, 2.7348,-2.8281,-0.5732,-2.5931, 2.9803,-1.3329, 0.612 ,-0.9038,-2.4435, 1.199 , 0.9291,-0.9987,-1.256 , 1.807 , 2.0631,-2.9197, 2.5594,-2.3091]
[-2.4591, 0.8177,-2.3933, 1.418 , 1.2802, 0.7579,-2.2932, 2.0544,-1.4933,-1.2597, 2.8843, 0.632 , 0.6353,-2.0855,-1.4171, 0.1254, 2.254 , 2.4228, 0.4437, 1.4201,-2.9492]
[ 1.4544,-3.5324, 2.9337,-0.0606, 3.0329,-2.0367,-0.9797,-1.4944, 1.2738, 2.3077,-3.1084,-1.0312, 0.1556,-0.5732,-1.8847, 0.3728, 2.5803, 1.2165,-0.141 , 2.0929,-0.6697]
[-1.6062, 1.7832,-2.7763, 2.0208, 2.4993, 1.2886, 1.9934, 1.1047, 2.8913, 3.0835, 1.8748, 0.9274, 2.7571,-1.7755, 2.1804, 2.8572,-1.2206, 1.3839, 2.242 ,-0.0949, 3.0182]
[-0.9615, 4.5765, 3.802 ,-2.2773,-0.2747,-2.1381, 1.0896, 2.7532, 3.1241,-2.0783,-0.2235, 1.8707,-0.6983,-2.6832,-0.867 ,-1.8787, 2.3198, 2.4075, 1.0419, 1.2608, 1.2354]
[-0.6002,-0.5422, 0.6181, 1.1351,-0.0144,-3.1137,-2.8672, 2.6773,-1.3385, 1.1648, 1.2415,-2.7475, 2.5389,-1.2137,-0.4775,-0.5389, 2.7262,-3.0441, 0.6309,-2.8425, 0.1302]
[-3.836 ,-2.4468,-2.5098, 0.6248,-2.7791,-0.3246,-1.5977, 2.2356, 1.0307, 2.7166, 1.8052, 0.2008, 1.07  ,-1.2518,-0.5101, 0.0716, 2.2639,-0.9702, 0.4915, 0.0882,-0.6632]
[-2.0455,-2.6082, 1.8133,-2.4322, 3.0359,-2.8986, 1.1031, 2.7527,-2.8257, 0.3768,-2.5526,-2.4048,-0.5624, 0.5806,-2.9452,-0.461 ,-3.1265, 0.5058,-0.4063, 2.4826,-2.4367]
[ 1.4976,-1.6175, 0.4496,-2.9431,-0.3516,-2.3831,-3.0991,-0.8677,-0.772 ,-1.1434, 1.9137, 0.144 , 3.0305,-0.2709,-1.4898,-0.5386, 1.4311,-2.6405, 1.5054, 2.0108, 0.1617]
[-2.2317, 3.152 ,-2.3021, 2.4611,-2.4607, 2.1481,-2.3073, 1.5587, 2.0438,-2.5465,-0.9796,-2.6994, 2.2882,-3.0275, 1.7862,-2.6446,-2.7456, 2.487 ,-0.5331,-2.4011, 1.7026]
[ 3.4693, 1.0265,-1.1123, 0.8871, 0.0954, 2.119 ,-0.9661,-0.4246, 2.693 ,-0.2571, 1.848 , 0.741 ,-0.5796, 2.9579, 0.4245, 2.4975,-2.5822, 1.6785,-3.0497, 2.7775,-0.5021]
[ 1.0125, 4.0544, 4.8306,-2.41  ,-2.4568,-1.1534,-1.1502, 2.5212, 1.4928, 0.2673,-2.0808,-0.536 , 0.508 , 1.4376,-2.347 ,-0.1555, 1.0925,-0.6233,-3.0525, 2.6864,-0.2852]
[ 4.5978, 0.0173, 1.1159,-1.1058, 0.8802,-1.3329,-1.6338,-0.0314,-1.639 , 1.1993,-0.5083,-2.9499, 1.5763,-2.1986,-2.602 , 0.233 ,-2.6696,-2.9869, 1.3537,-2.6679,-1.2412]
[ 4.1707, 1.1981, 3.6298,-0.5544,-0.926 ,-1.1562,-1.5649, 0.6803,-2.5014,-1.9767, 0.9142, 1.8168, 1.3608,-2.3191, 2.4161, 1.2707, 0.9034,-1.3992,-0.8372, 0.7525, 2.9949]
[-2.0069,-0.9608, 2.4584, 1.712 ,-0.2368,-1.173 ,-0.7203,-2.38  , 0.6067, 0.6857, 1.7043,-0.878 ,-1.5613,-0.6317,-1.8958, 2.7474, 3.1075,-2.5785, 3.1033, 0.5051,-3.0338]
[-4.3241, 0.7711,-2.2348,-1.0176,-1.4598, 1.6286,-2.2463,-0.6375,-0.0639,-0.6505,-2.4263,-2.7603, 1.1081,-0.4835, 1.4155, 2.9281, 1.9448,-0.6611, 1.7718,-0.4459, 1.4896]
[ 4.4076,-3.9167, 0.9528,-0.2411, 1.9219,-2.8455, 2.1884, 1.4505, 1.6497, 0.841 , 2.3299, 2.9764, 1.4807, 1.5511,-2.1546,-0.9109,-1.5379,-2.9203,-1.6511, 0.3713,-2.7593]
[ 2.6695, 1.3289, 1.8462, 2.7089,-1.1679, 1.275 , 3.0474, 2.0573,-2.5053,-2.51  ,-0.082 , 2.8813,-1.5818, 3.0431,-1.2235, 1.4371, 2.4604,-2.2952,-2.1144, 2.6058,-1.494 ]
[ 0.8035, 5.0232,-1.6371, 3.0426, 2.3744, 1.3183,-2.3159,-1.2594, 1.4471, 2.6445, 0.4334,-0.4047,-1.5773, 1.2334,-0.4094,-2.2785,-1.2911,-1.4605, 1.5427,-0.5492, 1.7811]
[ 4.3998, 0.5261, 0.47  , 1.3322,-2.1011, 1.4095, 0.0084, 2.6038, 1.6238,-0.8718,-0.8405, 0.7119,-1.1199, 0.5296, 2.3158,-1.3063,-0.0095, 0.9773, 2.5371, 0.5547, 1.3705]
[ 4.9739, 1.2659,-5.3833,-1.897 ,-2.0337,-1.1031,-1.4346,-1.201 ,-1.6854,-1.7585,-1.5118, 1.8257, 2.5242, 1.7185,-1.4038,-0.1842,-0.9682, 1.828 ,-1.0185,-1.512 ,-2.9207]
[ 1.2709, 4.7555,-4.5489, 1.788 ,-0.8709, 2.6398, 0.1049,-2.131 ,-0.0774,-0.2863,-1.0148, 3.1285, 0.0861,-0.718 , 0.3876,-1.5526,-1.2436, 2.1508, 1.2384, 0.8644, 2.2265]
[ 3.0965,-2.0447,-2.014 ,-0.6993, 2.8502,-1.3966, 0.5698,-1.0996,-1.1213, 1.3631, 1.5018, 1.2858, 2.0152,-1.0891,-0.7005,-0.4286,-2.26  , 2.7383,-2.3131,-0.8855, 0.0443]
[ 0.6039, 0.5489, 5.2813, 2.6873, 2.7666, 0.4583,-0.0615,-0.9927, 0.9976, 1.4424, 0.4406, 3.0271, 2.4379,-1.5876,-2.9097,-2.4538, 1.1195, 2.5266, 0.6207, 0.4406, 2.2912]
[ 4.3785, 2.1982,-1.5619,-1.9904, 2.6811,-0.0856,-2.6583, 2.3132, 3.0784, 0.1302,-0.5237, 2.2384,-0.328 ,-0.644 ,-2.8264, 2.3914,-1.1812,-0.4146,-1.1373, 1.0748,-2.2445]
[ 3.1157,-1.0997,-1.1668, 2.1502, 2.3558, 0.2159,-1.9209, 0.9139,-0.7983, 0.0326, 2.6046, 1.3002, 0.6954, 1.3214, 2.3266,-2.8525,-0.7437,-0.7964, 2.5055,-1.4522, 1.234 ]
[ 1.575 , 0.984 ,-0.3882, 1.9093, 1.3565, 2.6548, 1.2431, 0.5497, 1.4182, 0.123 ,-3.0178, 1.1059,-0.2034, 2.1663, 0.4178, 2.1398, 0.3448, 0.6367, 2.1663,-1.4414, 3.0979]
[-2.8420e+00, 1.4092e+00,-3.7821e+00, 1.8452e+00,-1.3485e+00, 1.3096e-01,-4.5250e-01,-3.1087e+00, 1.1639e+00, 2.9048e+00, 1.7708e+00, 1.0244e+00,-1.3684e+00,-2.1713e-03,-1.9060e-01, 4.5570e-01, 6.0448e-01, 2.6643e+00, 3.1983e-01, 2.2187e+00, 8.2656e-01]
[ 3.9046, 2.5364, 5.0947,-0.7459, 0.7386,-1.7891,-0.1377,-0.7392, 0.8954, 0.9431, 2.233 , 0.8938,-1.3916, 3.0042,-1.0667,-1.6107, 2.3762, 1.0741,-2.3024, 2.6613,-2.8685]
[-0.024 ,-4.99  , 3.5804, 2.7909,-2.4867,-1.2518,-0.873 , 2.5535,-2.6756,-1.6084,-2.1836, 1.1402, 0.4474, 1.7001,-0.3493,-2.0959,-0.9198, 2.2836,-2.616 , 3.0724,-2.9373]
[ 2.1611,-2.4837,-3.3274,-2.8627,-2.5947, 2.9012, 0.2353,-0.4282, 2.3796,-1.6094,-1.454 , 1.7986, 1.8538, 0.4301,-2.2127,-0.5545,-2.4412,-1.3426, 2.314 ,-3.0561,-1.3135]
[-3.2612, 4.4489, 2.1941, 1.8593,-1.7876, 1.0247,-0.8895,-1.0655,-1.0775,-1.1196,-1.7424,-2.9091, 1.3259, 2.108 ,-0.7708, 0.4563,-2.5608, 2.4225,-0.863 ,-0.9228, 3.0247]
[ 4.9877,-3.746 ,-4.688 , 0.5819, 0.8013,-2.3049, 1.8719,-1.1831,-3.009 ,-0.1083, 1.9535,-2.1399,-0.3732, 0.9507, 2.9345, 1.3134,-1.1836, 1.0637, 2.8988, 0.5695,-2.8667]
[ 2.1469,-0.8189, 4.3302,-1.0191, 0.6528, 0.6917,-1.6746,-0.2264,-0.9707, 2.162 ,-0.0651, 2.0545, 0.1035, 2.6058,-2.6454, 0.3056, 0.785 ,-2.5737,-0.4668, 3.0828,-1.5464]
[ 2.5823, 2.335 ,-5.0951, 3.1206, 1.8146, 1.005 ,-2.1226, 0.2721,-2.7115,-0.9397, 0.4448,-1.6636,-2.9647,-0.9759,-1.0662,-1.7471, 1.3287,-1.9433, 1.489 , 0.6365, 2.6024]
[ 4.7377,-2.7964,-1.9795,-0.6547, 1.3909,-1.5037, 1.9083, 2.7703, 0.5542,-2.7129,-1.7427, 1.0945,-3.0698, 1.7999, 2.3586,-1.7926,-2.1647,-1.6831,-2.6534, 0.2386,-1.243 ]
[-4.5059,-1.5592, 1.0941,-3.1358, 2.0749,-0.8009,-0.43  , 0.8391,-1.6827, 0.6359,-2.0788,-1.6962, 0.2733,-1.5986,-2.3234,-1.9157, 2.8733, 0.5866,-2.8825,-1.4697,-1.0063]
[ 1.9894, 4.5399, 2.8258, 1.4352, 1.4707,-1.5342, 0.6715,-0.2246,-0.4243, 0.4594, 0.8317,-2.8956,-1.5294, 1.9261, 0.9482,-2.535 , 1.7882,-1.1738,-2.3105, 1.0283, 0.2676]
[-2.8998,-3.3998,-2.1616, 1.1811,-2.8428, 0.3588, 3.1197,-2.1143, 2.0052,-0.4736,-0.0467, 2.5707, 1.1602, 2.5631, 0.0453,-0.2091,-2.7233, 2.6387, 1.0129, 0.7613, 2.1714]
[-1.3907,-2.766 ,-1.762 , 2.0714, 1.5506,-0.236 , 0.3771,-0.0288, 0.2261, 1.829 ,-0.6117, 0.2594, 0.7997,-0.2118, 0.9497, 0.8488,-1.3867,-2.1317, 2.2321, 2.596 , 1.7508]
[ 3.7904, 1.6356, 0.7266,-0.6845, 1.2977, 0.6517,-2.3886,-1.7522, 1.0642, 0.2481,-0.9096, 0.0526,-1.9357, 3.1168, 2.1144,-3.108 , 1.3646,-0.6769,-1.2481, 2.7937,-0.0594]
[-2.1214,-4.6133,-2.5993,-1.7645, 0.9666, 1.3497,-2.5491,-2.0903,-0.6127, 1.2017, 3.0249,-1.3643,-2.3786, 0.4461,-0.526 ,-1.5095, 2.6906,-1.5466, 2.3086,-2.3997, 1.7971]
[-1.1232, 0.7771, 5.0919, 1.3654, 3.0112,-2.0439, 2.9398, 1.5904,-0.1755, 1.9711,-2.4844, 0.7271,-0.3095,-2.5482, 2.0641,-0.4569, 2.3668, 0.9708, 1.9284,-1.9831, 2.3531]
[ 5.3693,-4.2155,-1.5118, 0.9677, 2.3575,-0.764 ,-1.1953, 0.3442,-1.8051, 1.4008,-3.0995, 1.3698, 0.8059, 2.5998,-0.3776,-2.0376, 2.7038,-0.4997,-2.4018, 2.4402, 2.5547]
[-3.7723,-5.3456,-4.2472,-0.591 , 2.7203,-0.7979, 0.4803,-2.8534, 0.3996,-1.5458, 1.4213, 1.4922,-2.4305, 0.4277, 3.0242, 2.4865, 1.3241, 2.0193,-1.5766, 1.534 ,-0.4248]
[-1.314 ,-3.8352,-1.6935,-1.1684,-1.416 , 0.7621,-0.9094,-0.2211,-2.1334,-2.0528, 0.3198, 1.4133, 1.9067,-1.4108,-0.5283, 1.0262, 2.2462, 1.2287, 1.5942, 0.4764,-2.6981]
[ 0.8541,-0.0373,-2.6787, 1.3066, 1.1463, 1.1102, 3.1032,-0.4597,-1.709 ,-1.8098,-0.2497,-2.8478,-1.6731,-2.2888,-1.757 ,-2.4219,-1.8078, 0.7163,-0.9697, 0.9407, 2.0413]
[-4.7303, 1.2985,-3.5359,-1.8012,-2.4263, 1.6452, 0.8594,-2.9422,-0.4082, 0.791 ,-2.8358,-1.5992, 0.6122,-0.3277,-0.4348, 1.9172, 0.4394,-1.0298, 0.6586, 0.7211, 1.0844]
[ 1.0132,-4.6719,-3.7697, 0.6725, 1.6316,-2.2569,-2.7378, 0.0751, 1.5355,-0.9297,-1.7059,-0.9079,-0.8222,-2.7581,-2.1842,-0.2833, 2.627 , 2.4124,-2.9582, 1.3432,-1.9693]
[-2.534 , 1.147 , 2.1062,-2.9777,-2.9645, 2.016 , 2.2698, 1.8028, 0.0057,-2.0373,-2.0017, 2.4126,-0.5685, 0.9307, 2.9777,-1.6226, 1.827 ,-2.0782, 2.848 , 0.6383, 1.9862]
[ 0.2615, 0.0206, 4.3822, 1.4109,-3.0827, 0.0714,-2.4469,-2.6126,-2.2841, 1.3907,-0.3747, 1.152 ,-0.7176,-2.1031,-0.8937, 0.29  , 2.9446,-2.0414,-0.8882, 1.7136,-1.0563]
[ 5.2146,-2.9448, 2.6679,-1.9632, 1.3739, 2.5891, 2.2041, 1.5815, 0.7393,-0.2597, 0.7446,-0.4034,-0.5127,-3.0184, 0.0753,-0.0271,-0.4091, 0.3857,-2.7825,-1.3387,-2.951 ]
[-1.0279,-3.0958, 2.5511,-0.9527,-2.0265,-1.9391, 2.9747,-0.5442,-1.8014,-1.6008, 2.6607, 0.9358, 0.3608, 0.4261,-2.2714, 2.2482, 0.1865,-0.0383,-0.8237, 1.2247,-3.0253]
[ 1.6048, 3.8785,-5.223 , 2.8639, 2.9326,-2.4165, 0.9214,-1.6883, 0.2635,-0.1786, 2.4607,-0.3727,-2.4332, 1.3893, 0.7706, 1.2847,-0.6335,-1.7017,-1.3658, 2.2226, 2.7653]
[ 3.4258, 2.6955, 5.106 , 1.9834,-2.9865,-2.4715,-0.6285,-0.2409, 2.5013,-2.85  ,-0.7694, 1.9947, 2.739 , 0.7116, 0.7149,-2.6878,-2.4294, 3.058 , 2.2193,-0.8713, 2.6152]
[ 4.2084,-3.5728, 4.7808,-3.1   , 0.2988,-0.7988, 0.6228, 2.6236, 0.6827, 2.0953, 1.8496, 1.3223,-0.0263,-2.7287, 3.0057, 0.3046,-1.2884,-0.136 ,-0.3938,-1.3085,-2.393 ]
[ 2.0857,-1.3812, 3.8166,-2.9316, 0.879 , 2.2526, 2.1504,-2.3252,-2.7317,-0.7229,-0.8328,-2.4711, 0.5385, 0.589 ,-1.8644,-2.0786,-2.885 ,-0.8543,-0.2739, 1.1007, 3.0064]
[-4.6082, 0.7875, 0.2527, 0.6669,-0.6506,-1.6266, 2.8668, 2.2091, 2.7298,-2.7722,-2.2702, 1.6363,-1.1174, 1.8983, 2.2394,-1.9315,-2.9466, 2.7249,-0.4091, 1.074 ,-1.4292]
[ 2.9062, 1.9396, 2.2587,-1.4488, 1.0229, 1.6684, 0.8335,-2.2816,-1.9999, 0.0302,-0.6278, 3.0408, 1.79  ,-1.7904, 1.9904, 0.5148, 1.0747,-2.7359,-2.7212,-0.9852,-2.2491]
[-1.9381, 2.4415, 0.9952, 1.2993, 1.2065,-0.0407,-1.6091, 0.9431, 1.6881,-2.8072, 2.7957,-1.4952,-2.0529,-0.0707,-2.0775, 2.8064,-0.0525, 2.2234,-2.0745, 0.0552, 2.7396]
[ 3.6324, 1.593 , 0.4042,-2.9931,-1.424 , 1.5215, 1.0549,-2.2284,-0.9317, 0.4335, 0.5534, 1.0953, 1.2835, 0.5341, 1.9183,-1.8856,-0.255 , 1.4002, 2.9153, 2.6015, 1.3767]
[-4.2976,-2.663 , 5.2272,-0.7185,-2.3907,-0.4818, 1.6133,-1.7001, 0.6617,-0.6454,-1.3219,-0.6061,-1.3367,-2.9457, 1.3326,-2.1481,-1.5656,-2.5008,-2.8685, 2.7157,-2.4367]
[ 4.7109, 3.5307,-4.6607, 2.492 ,-0.8704, 2.095 , 0.1923,-1.346 ,-0.0211, 1.222 ,-2.2757,-1.4293,-1.9801,-0.936 ,-1.203 , 1.1665,-1.9062, 2.3843, 1.0836,-0.5592, 0.4083]
[ 2.2079, 1.3547, 1.0938, 1.8878,-0.6303,-1.3873,-2.6497,-1.6815,-1.6049,-0.1221, 0.4341,-1.8822, 2.8147,-2.0893, 0.1889,-2.8149,-1.5382,-1.5671, 1.5282,-3.0554,-2.0511]
[-0.4785, 0.7725, 2.4754,-1.682 ,-2.7307, 1.6761, 0.5837, 1.8194,-0.1004, 0.332 ,-3.0213, 1.2037,-2.2986, 0.1719,-1.3748,-1.5479,-1.9436,-1.8724, 1.6685,-2.0913, 0.4116]
[ 0.163 , 4.1101, 2.051 ,-2.3013, 2.1074,-1.3242,-0.2225,-2.0787,-2.539 ,-1.5915,-2.3568, 2.222 ,-2.3835, 2.5167,-0.9434,-0.1809,-0.9071,-1.1604, 1.5642,-1.5789, 2.5169]
[-0.5959, 2.2658, 0.45  ,-0.1792,-2.2317,-2.3793, 1.8993,-3.0085, 0.687 , 0.2504,-0.6523,-0.7212, 0.0612, 1.9704,-3.0841, 0.8726, 0.5994,-0.4496, 0.3256, 2.9375,-2.301 ]
[ 0.0119, 4.9953,-3.9592, 1.2361,-2.0095, 0.3299, 2.0294, 0.5692,-1.437 ,-2.5236, 0.3583, 2.7322,-1.5415,-2.9374,-0.7296,-1.6736,-1.8148, 2.1691, 1.9114,-0.3299,-2.4895]
[-2.3116,-2.7268, 0.826 ,-1.3162, 2.5905,-3.0945, 1.0039, 1.5459, 2.867 ,-0.8356,-1.121 , 0.457 , 1.6216,-2.7727, 1.4131,-1.5831,-1.9771, 0.748 , 0.5093, 1.345 ,-0.1802]
[ 0.2175,-4.5279,-3.6723, 1.5284,-2.7339,-0.2811, 0.3603, 0.089 ,-2.5923, 2.8195,-1.9952,-0.5857,-2.9816, 0.9903,-0.0838, 1.8308,-1.6776, 2.2335, 0.1366,-1.1556,-3.0506]
[-4.1988, 4.9566, 1.9765, 1.7252, 0.099 ,-0.9014,-2.8224, 0.2253,-1.807 ,-1.7931,-0.0937,-2.4046, 2.298 , 0.5765,-0.5499,-1.6986, 0.6276, 1.3152,-1.6514,-2.9969,-1.3959]
