[ 3.3165, 4.225 , 3.4327, 2.2086,-1.0269,-0.4155,-1.8799, 1.1897, 2.2309, 2.924 ,-2.1249, 1.7741, 0.1031, 2.9087, 1.8749,-2.2345,-1.8681, 0.3333,-1.7805,-2.7144, 2.6053]
[ 2.8127, 2.7644,-1.5373, 0.0523, 0.4329,-1.5536, 1.6671, 0.217 ,-1.3871,-1.4631,-1.6495,-1.0404, 2.7623, 1.2349,-1.9063,-1.6662,-0.7022,-1.2581, 0.3572,-0.2324, 1.9877]
[-0.2763,-3.0875,-1.6099,-2.3485,-0.5417,-2.9553,-0.8906, 2.2057, 1.9859, 2.1363,-1.2765, 0.6562, 1.6759, 2.382 , 0.2797, 0.7858,-1.8327, 2.6472,-1.7037,-2.8565, 1.6068]
[-3.3596, 2.8842, 2.8501,-0.5923,-1.1384, 1.1298,-2.329 ,-0.2969, 1.9303,-0.8687,-0.0337,-2.0683, 0.864 , 1.411 , 0.2702, 1.3605, 0.3712, 0.4233, 2.7094, 2.5263, 2.3595]
[-0.5531, 4.8021, 2.4649, 2.2207, 2.3393,-2.1657,-1.3246,-2.5256,-2.2735,-2.4202, 0.4387,-2.3586, 0.6682, 0.7443,-2.4103, 1.6993,-1.0051, 0.3372,-2.9837,-1.2935, 2.9959]
[-2.0734, 3.993 ,-2.0388,-3.0051,-1.7809, 2.077 ,-0.8061,-2.2661, 1.9271, 0.6925,-0.783 , 2.1119, 0.3865,-1.0718, 1.0804,-2.2367, 2.1123,-0.9695, 2.9747,-0.0844,-0.5842]
[-2.4886, 0.8503,-4.7869, 2.3916,-1.5683,-1.0938, 2.0796,-0.8999, 2.6512, 0.7738, 0.8451,-1.8417, 0.4289,-2.175 ,-1.8546, 3.0797, 0.83  ,-0.2902, 0.8468,-1.3182, 1.5457]
[-3.413 , 0.073 , 0.8666, 3.1018,-0.2244,-2.2988,-3.1207,-2.5866, 0.5408, 1.3374, 0.7953,-2.7721, 0.47  , 2.2968,-0.1261, 2.4854,-1.1996,-0.734 ,-1.2842,-0.9167,-2.7429]
[ 1.4924,-4.4286,-0.3438,-1.7622,-1.0777,-0.5834, 2.6411, 3.0849, 3.0772, 2.7401, 1.0187,-1.3174,-1.7125, 1.1559,-0.5938,-2.0052,-0.6916,-0.8898, 1.5861,-1.381 , 0.6503]
[ 0.4538,-4.6433,-5.1067,-0.7533,-0.0722, 0.4892,-0.5999, 0.5051, 1.3074, 0.178 , 3.0259,-2.4133, 1.0812,-0.7687, 0.3059, 1.7438,-1.5126,-2.4861, 2.3012, 3.114 ,-1.5441]
[-4.1921, 0.2599,-2.1346, 2.8374, 0.8106,-2.4713,-0.089 , 2.4732, 2.7464, 0.8512,-0.3581, 0.733 , 0.1352, 0.2657,-1.852 , 1.063 , 0.0511,-1.4959,-2.7917, 0.07  ,-1.5314]
[-1.5751, 0.3662, 5.1778, 2.9136, 2.5734,-1.0136, 2.679 ,-1.0847, 2.026 , 2.3403,-2.4649, 0.9735, 2.0127,-1.1242, 1.5199,-0.4586,-2.8685,-0.4316,-0.7932,-2.8394, 0.2614]
[-2.1272,-4.796 ,-1.2734,-1.2948, 1.8289, 2.5841,-2.8305, 0.9866,-1.8367, 2.6553, 2.4629,-2.3938, 0.8917, 2.0196,-2.5245, 2.2118, 2.4748, 1.3178, 2.9348, 0.254 ,-1.7979]
[ 1.6286,-4.4093, 2.1487,-2.4848, 2.7516, 1.8065,-0.8876,-0.3011,-0.8403, 0.0418, 1.7842,-2.9389,-2.0699,-0.1287,-2.1612, 2.3768,-2.7585,-1.5133, 1.7115, 0.1301, 2.0256]
[-4.5018, 2.3273, 1.392 , 3.0535, 1.9791, 0.624 ,-1.2405, 2.5279,-1.6551,-2.3259,-0.3094,-1.5892,-0.8425, 0.0115,-3.1332, 2.6791,-1.3034,-1.8082,-1.4682, 0.0286, 0.6797]
[ 1.5663,-2.149 , 1.2241, 2.8008,-2.333 , 1.8497, 0.0268, 2.0409,-2.0102, 0.9478,-1.6448, 0.8688,-0.3118, 1.2069,-0.5279,-0.9605,-1.8362, 1.1344,-0.8899,-0.0505,-0.5056]
[-3.1146,-2.8551, 2.5428, 2.2092,-1.7568,-1.3913, 0.9528, 2.4458,-2.8104, 1.2387, 1.3419, 1.1737,-2.5077,-3.0593, 1.2206,-3.0584,-2.5836,-1.0817,-0.4585,-2.8246, 2.2367]
[-4.4013,-3.0987, 0.8983, 1.727 , 0.3108,-3.0465, 0.6612, 0.4483, 2.2877,-0.7818, 0.9789, 1.2913,-2.6839,-1.3026, 0.191 ,-1.8237,-1.3889, 2.8231,-2.9304,-0.3235, 2.8457]
[ 2.9982, 4.1864,-0.6982, 0.0102, 1.9923,-0.8922, 2.6189, 1.1658,-1.7979, 1.5473,-2.1902, 3.0509, 1.9451, 1.7389, 1.1325,-3.0375, 2.0183, 0.8704,-2.0551,-1.2725,-2.3411]
[-0.1194,-1.8756, 0.8122,-2.5055,-0.4036,-0.1899,-0.2016,-1.1984, 1.8352, 1.6713,-1.584 , 3.0217,-0.5233,-2.4499, 1.1246,-0.9555, 1.6556,-2.393 ,-1.0637,-2.9446,-1.8968]
[-4.6552,-4.2515,-2.6219, 0.688 , 1.5189,-0.9871, 0.9939,-2.7533,-1.8626, 0.085 , 0.0426,-1.3985,-1.0124,-3.1379,-2.2402,-2.4631,-1.5714,-2.7998,-2.3436, 2.0364,-2.8042]
[-4.2346, 4.7437,-1.7881, 2.7748, 2.2672,-0.5034,-2.3094,-2.3995, 2.6002,-1.7221,-1.7416,-2.9303,-0.9654, 2.3774, 2.4286,-2.1942,-0.5373, 0.8928,-2.969 ,-1.462 ,-0.0935]
[-3.6078,-2.4379,-4.1699, 1.2843, 2.1928,-2.6535,-3.0691, 2.8865,-1.1365, 2.2009,-1.5599, 0.2161,-2.8602,-0.6554,-3.1274, 1.4479, 1.7391, 0.8544,-0.1801,-0.5616,-1.0025]
[ 0.5578, 1.0716, 1.3612,-1.6906,-0.9342, 2.5911,-0.7976,-2.7565, 1.7843,-2.7167,-1.617 , 3.0125,-1.3147, 0.9666,-0.021 , 0.2062, 0.5649, 2.7108, 2.208 ,-1.5767, 2.961 ]
[ 5.2858, 4.382 , 3.2868, 2.7101,-1.1109,-2.518 ,-1.8169, 2.9941, 0.7269, 0.0479, 0.4049, 0.9838,-2.5198, 1.515 ,-2.4645, 2.2826, 2.0881, 1.2984, 0.7959, 2.5238,-0.4962]
[-1.2405,-2.4377,-3.679 , 0.7788,-2.5203, 0.1396,-0.5732, 0.6477,-1.5482,-1.2421, 1.6229,-2.1901,-1.9402,-3.0199, 1.6497, 0.4572,-1.3776,-1.8964,-2.3047,-1.4805,-1.6082]
[ 2.6774, 1.5986,-5.2423,-2.2839, 1.9524, 0.6491,-0.0289, 0.6168,-0.9927,-1.7026, 1.3917, 2.5264,-0.0433,-2.4172,-0.0973, 2.8235,-1.4153, 0.2219,-0.7516,-0.3166, 0.5391]
[ 4.2216,-0.8873, 1.3469,-2.0871,-1.5828,-0.1631, 2.8998, 0.543 , 3.0346, 3.0974, 1.1387, 2.7009, 2.1206, 2.9755, 0.892 , 0.2389, 0.8225, 0.6445, 1.1058, 0.0747,-1.3213]
[ 2.4164,-3.0317, 3.7956,-1.0949,-0.3989, 0.6291,-0.4803, 2.3097, 0.956 ,-2.4882, 2.0436, 1.6709,-2.9978,-1.4042, 0.6648,-0.3867, 3.0837,-1.2829,-0.2134,-1.2844,-0.7875]
[-0.3497,-3.0523,-4.4015, 0.7304,-0.2808, 2.2002, 1.2407,-1.5865, 0.7732,-1.9722, 1.0572, 1.8716,-1.8195, 2.4375, 0.9533,-1.1596,-2.2245, 1.4204, 2.4697,-0.734 , 2.8226]
[ 4.1865, 0.4406,-5.1632, 2.1213, 3.0477, 2.8302, 0.8669,-1.9955, 2.6346, 2.2536, 0.3884, 2.5249, 2.3411,-1.1677, 2.9182,-2.8709,-1.5288,-1.6414,-1.2291,-2.8469,-1.9309]
[-4.2891,-4.2869, 1.4616, 2.3325, 1.0035, 3.0113,-0.3463, 0.4283,-2.1645,-2.9884, 2.9293, 1.0923,-0.6733, 2.5809,-0.688 , 0.7086,-0.8508,-1.2822, 1.7726,-1.4836,-1.039 ]
[ 2.5029,-1.6718,-3.8832, 3.0491, 3.1279,-3.1076, 1.2492, 1.8212,-0.8105, 2.3498,-2.3439,-0.8997,-0.1515,-0.8562,-2.6571, 2.2749, 0.9639,-2.4061, 0.1145,-2.8616,-1.7092]
[-2.9086, 5.3851, 5.3663,-2.3006, 2.6096,-0.8377,-0.4033,-1.5736,-2.4421,-2.5386, 1.1541, 1.3211, 1.0088,-1.0047, 1.5455,-0.7003,-0.3113,-0.4271,-1.7937,-0.9555, 0.9606]
[ 0.7086,-3.8962,-2.418 ,-0.7607,-2.5161,-1.1571, 2.3817, 2.72  ,-0.8762, 2.8911,-1.8752, 3.0773,-1.0427, 2.9986,-1.215 ,-1.7685, 2.3255,-1.4669, 2.6161,-1.5024, 1.1571]
[ 3.8187, 3.2511, 4.0359, 0.4995,-0.0219, 1.8846, 1.0156, 2.8307,-0.9435, 0.4456, 1.2991, 2.2998,-1.8683, 1.6341, 3.1037, 2.3265, 2.9892,-3.0468, 2.6588,-3.1209,-2.2352]
[-2.5449, 0.8837,-4.28  ,-1.329 ,-2.9527,-1.9305,-1.4289, 3.0321, 2.9665, 3.1007,-2.0416,-1.516 , 2.1875, 0.6595,-1.776 , 1.2558, 0.4911, 0.2841,-1.2954, 1.469 ,-1.4674]
[-4.9065, 3.1249,-4.6146,-2.0533,-0.8845, 0.5901, 1.8155,-1.9368, 1.4855, 0.1646, 2.6469,-1.3164, 1.7452, 0.3543,-1.6133,-2.7852, 0.958 , 3.1067, 0.139 ,-2.1565, 0.5736]
[ 1.0838,-3.5383,-1.3321,-2.5607,-1.3677,-0.1063, 2.8392, 0.6734, 1.4457, 0.1742,-0.9687,-0.6188,-1.5865,-1.2483,-2.9131, 0.3677, 2.359 ,-1.5169, 1.9399, 2.3284, 1.6891]
[-2.199 ,-4.7459, 1.5622, 1.7628, 1.5248,-0.4073, 2.552 , 0.2209,-0.9812, 0.9123,-1.8068, 0.4472, 3.0574,-0.6371, 3.082 ,-2.2775, 1.4334,-3.058 , 1.0998, 0.5039, 0.4823]
[ 0.2093,-3.3759, 0.4478,-1.2786, 1.0165,-1.1725,-1.706 ,-0.4794, 2.068 ,-0.3477, 1.3244, 2.2359,-3.0373, 3.064 ,-0.818 , 0.2796, 1.9311, 1.0075,-0.7979,-2.5424,-1.5493]
[ 5.3233,-2.5359, 4.3963, 2.5067, 2.3414, 0.0465,-0.7755, 2.1572, 0.6859, 0.5688,-0.7092,-2.4141, 0.951 , 0.406 , 1.9244, 0.246 ,-2.7676,-2.7338,-1.9825,-2.4717, 1.3811]
[-2.2245, 5.042 ,-3.7838, 0.8438,-1.6305, 0.7729, 2.9494, 2.9408, 2.9988, 0.9214, 3.1047, 1.1121, 0.393 ,-0.0341,-0.2796,-1.0635, 1.2475, 0.0892, 0.5394, 1.5306,-1.5479]
[ 4.2575,-0.1133,-1.7497,-0.632 ,-2.3222,-2.2529, 1.5532, 2.0878,-0.4933,-2.5787, 2.033 ,-0.9393, 1.6611,-2.056 , 1.2655,-2.8015, 2.3232, 0.8873, 1.7523,-2.0882,-0.8324]
[-3.7517,-0.5826, 4.4697, 1.7216,-2.5161,-1.9793, 1.5254, 1.7168,-0.8547,-2.4574,-0.6881,-2.9767, 0.1492, 2.2518, 2.6665,-1.0245,-2.346 , 2.6288, 1.8363,-0.0138, 2.3968]
[-2.1277, 3.46  , 0.9065,-1.1023,-0.5095, 1.675 , 2.8015,-0.8695, 0.2472,-2.3716,-2.7164, 0.7707, 0.0597,-1.0547,-1.7609, 0.4314,-0.7205,-1.1565,-2.9691,-2.7576, 1.0829]
[ 2.0373, 4.0087,-2.71  ,-2.3972,-2.9181,-2.1362,-0.4208, 2.1195, 2.5552, 2.6209,-2.3033, 0.8713, 0.9286, 0.0919,-0.9675, 3.0545,-1.1154,-0.0407,-2.697 , 1.9332,-1.8622]
[ 0.6362, 1.9574,-3.0108, 0.3126,-3.0744, 0.4456, 0.2362, 1.7597,-1.6668, 0.9899, 2.8675,-1.0489,-3.011 ,-0.8742, 1.2962,-1.142 , 1.6331,-2.7907,-0.5104,-2.6176,-0.8528]
[ 0.6362,-1.3478,-2.7082, 0.5137, 2.5735,-1.5447, 1.1218, 2.2406, 2.7091, 0.9985, 1.3926,-0.4757, 2.366 , 0.2898,-0.2101, 3.0558, 2.7793,-1.5807,-0.23  ,-1.0638,-1.8573]
[ 1.4224,-4.8222, 3.3278, 1.5732, 1.9981,-0.9235, 1.556 , 1.6382, 0.4082,-1.2779,-0.3352, 1.1854, 2.1377, 0.9186, 1.0433, 2.8568, 1.5816, 1.5579, 2.5122,-0.9714,-2.7532]
[-2.7094,-3.0349, 0.3377, 2.7289,-1.9032, 3.0824, 2.038 , 3.0947,-0.5033,-0.0395,-1.6854,-1.3357, 2.0854,-2.1457, 2.113 ,-3.0721, 2.7872, 3.0145,-1.3862,-2.2268,-0.1872]
[ 2.245 , 1.2015, 3.2451,-1.1152,-2.1212, 0.5827,-0.2208,-0.03  , 3.119 ,-1.5979, 3.0735, 1.6401, 2.7795,-0.6962, 2.648 , 2.7631, 0.7277, 0.075 , 0.5883,-2.2307,-1.2156]
[ 4.5114, 0.3088,-4.805 , 0.7656, 1.7724, 2.2662,-2.175 ,-0.749 ,-2.2669, 1.9644, 0.4554,-2.8542,-0.6728, 3.0198, 1.8033, 2.4261, 1.3751, 0.388 , 0.0911, 0.0345, 2.1305]
[ 2.2201, 1.1703,-2.6126, 0.9397, 1.3792,-1.0299, 0.9824, 0.4391,-0.7087, 1.1288, 2.0814,-2.3005, 1.3715,-2.5088,-1.9534, 2.9516, 0.071 ,-2.6569,-1.5267, 1.2251,-0.0668]
[-1.5409, 2.1152, 3.6082,-0.5521, 1.8462,-1.8924,-0.8236, 1.5608, 2.7176,-1.8516,-2.1586, 2.2929,-0.0491,-3.1299,-1.6557, 1.1422,-2.2766,-1.9238,-0.0117,-1.0346,-1.2117]
[ 0.9292, 5.4721, 1.2206, 0.3633,-0.9211,-1.8711,-0.8213, 2.3141, 2.4314,-2.7229,-0.6473, 0.7945, 2.3402,-0.082 ,-2.599 , 0.6434,-2.671 ,-2.7035, 0.6898,-0.36  , 0.4457]
[-3.02  ,-3.2613, 0.426 ,-1.2717, 2.6263,-0.3749, 1.5133, 0.7892, 2.4045, 1.2407, 0.6627,-2.2423,-1.1077,-0.3397, 1.7704,-2.1079,-1.8578, 0.8965,-0.9551,-1.6217,-0.3758]
[-5.4221, 2.5376,-1.8823, 2.2109, 1.592 ,-2.4204,-1.9932, 1.56  ,-0.1336,-0.3521,-0.3494, 0.5243, 1.4744, 1.7562,-1.5782, 2.3272,-0.0124,-0.5884, 0.9398,-1.1839,-2.8612]
[-3.732 , 1.4869,-5.4341,-1.6647,-0.7504, 0.3852,-1.3006, 0.9968, 1.348 ,-0.2319,-0.9904, 0.9764,-1.7754, 2.4007,-3.0138, 0.7923, 2.9803, 0.1646,-2.5527, 0.6392,-2.3076]
[-0.7831, 3.706 , 1.8663, 0.482 ,-2.992 ,-1.7061,-1.2817, 1.1208, 2.674 , 0.8664, 2.5633, 0.0475, 2.9343, 2.1345, 1.3337, 1.3412,-0.3205,-1.0189,-2.7871,-2.4073, 0.4083]
[ 4.6740e+00, 5.4956e+00,-3.9212e+00,-1.5355e+00, 2.7066e+00, 2.2951e+00,-2.9860e+00, 5.9593e-01,-7.6827e-01, 5.0708e-01, 2.1831e+00,-1.8207e-01,-2.7152e-03,-1.7333e+00,-2.1853e+00, 6.4100e-02,-3.5314e-01,-2.0215e+00,-3.4450e-01,-4.1779e-01,-2.9177e+00]
[-0.2133,-2.066 ,-3.692 ,-3.0957, 1.5222,-2.9689, 1.4948,-0.4932, 0.2035,-1.8522, 1.6685, 0.7007,-2.5941, 1.7161, 2.0884, 2.3525, 1.7075,-1.5062,-2.0368, 2.9419, 0.6191]
[-1.2346,-3.4325,-2.1565,-0.3482,-3.1105, 3.1376, 0.2869,-0.5051,-2.3209, 1.3587, 0.7967,-1.278 , 0.5784, 2.4468, 1.0853,-2.3559,-1.6768,-1.5012,-0.1749, 2.848 ,-3.0191]
[-1.712 , 4.3026, 3.9724, 1.2215,-1.4941,-1.0249, 2.3901,-2.2958, 1.7652,-0.8268,-2.7698,-2.1685, 1.8176,-0.8167, 0.9262, 2.6029, 0.9579,-2.9113, 1.6979,-1.7147, 1.4244]
[-5.3735,-2.241 ,-0.6693,-2.3236, 0.0423,-0.2321, 0.7211,-0.8073,-0.0612,-0.7313, 1.0334,-2.8419, 0.4604, 0.6353, 0.6954,-2.1086, 1.7917, 0.9971,-0.1423,-0.8759, 2.5285]
[-1.5286,-4.7852, 3.6687,-1.2235, 1.3196,-1.1322,-0.2091,-1.3042, 1.575 ,-0.3332, 1.5191, 0.4457,-0.5695,-2.0566,-2.8495, 0.6174, 2.3623,-1.3226,-2.7734,-2.1237,-0.0086]
[-0.8056, 3.5477,-4.5108,-0.4176, 0.1708, 0.8759,-0.7575,-2.0048, 1.0564, 1.328 , 0.5116, 0.7539,-0.0611, 2.5419,-0.0768, 3.099 ,-2.5734, 1.6463, 1.5881, 1.5798, 1.0524]
[ 0.5088,-0.029 ,-0.4735, 1.4299,-0.8853,-0.7813,-1.9806,-2.5183,-2.5749,-1.742 , 2.1929, 2.3159, 0.8648, 1.6603, 1.9071,-1.1311,-0.1324,-0.8257,-0.6267, 0.4609, 1.6924]
[-3.7049,-2.6143, 2.6499, 0.249 ,-2.9093, 2.5452, 0.5805,-0.3505,-1.7694,-1.9181, 2.9591,-0.4701,-3.0612,-0.0641, 2.5254,-0.1582, 0.0505,-0.4413,-0.9515, 2.3511, 2.9756]
[-2.7554,-2.4429,-1.3638,-1.9496, 0.8289,-2.8307, 1.8083,-0.8642,-0.1128, 1.7995, 1.8747,-2.7935, 1.7482, 1.7328, 2.2893,-2.733 ,-0.5201,-2.743 , 0.8842,-1.6348,-1.8168]
[ 5.498 , 2.9706,-3.1358,-2.5829, 0.4491,-1.7314, 2.5621, 0.9866, 2.7116,-2.6482, 1.7854, 2.4311, 2.0327,-2.122 , 1.7108,-1.9251, 2.0155, 2.9148, 0.4291, 1.8572, 0.3127]
[ 4.9183, 3.9178, 1.6327, 1.1035, 2.8652, 1.7574,-0.5011, 0.0719, 2.1979,-2.2551,-1.799 ,-1.1066,-2.2646, 1.5808, 0.2345,-0.6362,-0.2554, 0.6441, 2.3839,-2.5542, 1.2032]
[ 1.1809, 0.1169,-3.4666,-2.2723,-2.3939,-0.4265, 0.1936, 1.1782,-2.0099, 2.8367,-1.5619,-3.1405,-1.9707,-2.7079,-0.2011, 1.134 ,-2.5797, 1.5254,-0.9608,-0.1402, 2.4594]
[ 1.9315, 3.9644,-0.5048, 2.3701,-0.8155, 1.0382,-2.544 ,-2.5347,-2.7125, 0.8122,-2.7074, 1.7335, 1.2462,-1.1932,-2.1925,-2.9765,-1.0547, 2.6059, 0.7947,-2.6982, 0.1041]
[ 2.255 ,-3.6294,-2.5294, 0.8286, 0.899 ,-1.8582,-1.1519, 0.6026, 1.2872,-0.3603, 1.5719, 0.366 ,-0.1967,-2.906 ,-0.8789,-2.4286,-1.7201,-2.8278, 2.499 , 1.6389, 1.6851]
[-3.6246,-0.979 , 2.6437,-0.2945,-1.385 , 1.2603, 1.9015,-2.9019,-1.4105,-2.6189,-1.552 , 2.0627, 2.2803, 0.8014, 0.8155,-2.6735,-2.9177, 1.8146, 1.9541,-1.0074,-2.2209]
[-1.9764, 1.6672, 3.4431, 2.2039, 1.0962,-0.6425, 2.7227, 1.487 , 0.8385, 3.0396, 1.2956, 0.2395,-2.6788, 2.7844, 1.1815, 0.2586,-0.9456,-0.9661, 2.6338, 0.8358, 0.6193]
[-3.2304, 1.2302, 3.4459, 0.7913, 0.8154, 1.2884, 2.8035,-2.8217,-1.6533, 1.6589,-3.0311, 1.5305, 0.5802, 0.0244, 2.7848,-1.4348, 2.7545,-1.9322,-1.5621, 3.0628, 0.0834]
[-5.4631, 5.3028,-1.0796, 0.1885,-1.8159, 0.9697,-2.9395,-0.0826,-0.6432,-2.4564,-0.1586,-2.4604, 1.1097,-1.2413, 2.4003, 1.2457,-2.2749, 1.5628, 3.0522,-1.3877,-3.1041]
[ 0.4279, 0.1979,-4.7357,-0.8543, 2.1186, 0.5993,-3.1116,-2.5934, 0.5419,-0.9656, 0.4435,-2.4821,-0.5782,-1.9486, 2.2728, 0.5628,-2.6658, 2.0178,-1.0289,-0.5854, 2.4259]
[-5.0262, 3.8616, 3.0514,-0.4034, 1.9934,-2.18  ,-2.3873,-1.6098,-2.457 ,-0.476 , 0.5653,-0.4819, 2.2481,-0.8321, 2.9497,-2.8008, 2.8949, 0.1457,-2.6791,-0.5708,-0.1187]
[-5.3564, 1.3213, 2.9978, 0.9075,-1.1501, 0.9157, 1.6655,-2.2795, 1.5899, 1.9937,-1.0652,-2.7577,-1.5461,-2.3312,-2.4268,-2.3581, 0.8386,-1.1021,-2.7122, 3.0447, 3.1361]
[ 1.5638, 0.0073,-1.0048,-1.9503,-1.0922, 0.3764, 2.915 ,-3.0543, 3.0214,-2.9298,-0.3543, 1.9094, 1.8967, 1.6233, 2.4083, 1.2039, 1.2247,-0.4503,-0.5401,-2.9511, 1.7135]
[-3.7438,-5.0645, 4.8318,-3.11  , 2.5779, 3.0793,-2.1134, 0.6208,-2.2643, 0.6379, 2.4096, 2.3816,-0.4866,-2.5412,-0.2752,-1.1407, 2.5587,-1.1177, 2.8102,-3.1264, 0.7904]
[ 2.8576,-1.1438, 3.8268,-0.128 ,-2.676 ,-2.6812, 0.7616, 1.2993,-2.8615,-0.6705, 1.6491,-0.8511, 0.568 ,-1.4179,-0.3804, 0.5348,-0.1521, 2.643 , 2.1291, 0.4384, 2.0251]
[-2.4592,-5.1672, 0.9396,-1.6816, 1.4382,-1.6829, 0.9774, 0.5848,-0.1407, 3.1003,-1.0299,-2.5559, 1.4008,-2.1289,-2.1385,-1.1351,-1.8706,-1.2876,-0.451 ,-1.5897, 0.6016]
[ 3.0748,-4.4436,-2.7755,-2.222 , 2.7973,-2.2566,-2.9483, 2.3695, 2.721 , 1.3747,-0.9298, 0.4385,-2.946 , 0.5969, 1.1938,-2.7324,-0.9937,-1.487 , 0.4433, 2.0959,-0.8633]
[ 3.5142, 2.7685, 3.2161,-2.9145, 0.6617,-2.3299,-2.7325,-2.2326, 0.3592, 2.6156,-0.7521, 2.6132, 2.0038, 2.2093,-0.1479, 2.411 ,-1.5771, 1.8124, 2.714 ,-1.0505,-2.1162]
[ 2.9123, 2.4167,-0.9849, 0.3042, 2.304 ,-0.2231, 0.6789,-0.0713, 0.1738, 3.0144, 2.6086, 1.6813,-1.2442, 2.4899, 3.0481,-1.9276,-1.5217, 2.4296, 2.7509,-1.397 ,-1.0848]
[-0.933 ,-1.5092,-5.3128, 1.1818, 3.1158, 0.9464, 2.4722, 1.1748,-2.7064, 0.8569,-2.0648, 0.3483, 2.2185,-0.4987, 0.3142,-1.7181, 2.0296,-0.7924,-1.3267,-1.8979,-0.0161]
[-4.8477, 0.3743, 3.5208, 1.9239,-0.1702, 2.8506, 2.3402, 0.5856,-1.9536, 2.2118,-1.241 ,-1.3488,-1.8629,-0.8515,-2.1833,-1.3992, 2.8823,-2.8887,-2.5989, 2.4703, 1.5817]
[-4.6166,-0.8342,-2.4774, 1.2169,-1.519 , 2.4179,-0.9365, 3.0176, 2.4524, 0.2694, 2.1728,-0.1506, 0.3156,-0.5494, 1.2499,-0.0785, 0.5049, 3.0026,-1.6898,-2.6482,-2.1643]
[ 4.3018,-0.7016, 0.5459, 1.6088,-2.6414,-0.4689,-2.6292,-1.051 , 0.6146,-2.8307,-0.8051, 0.8316, 0.1746,-1.8629,-0.7026,-0.5129,-1.2043,-0.1153,-0.7301, 1.862 ,-1.3157]
[-0.3906, 1.5117,-3.6867,-1.1099,-1.4555,-2.0431,-0.746 ,-3.0758,-0.3674, 2.9166,-1.6067, 1.3478,-2.704 ,-0.185 ,-0.3521,-2.4795,-2.1739,-0.5481, 2.3294,-0.4431, 2.6652]
[-1.0549,-3.3376,-4.0581, 2.8906, 0.0054, 2.8539,-0.5587,-1.4041,-0.7721, 1.3979, 0.381 , 1.9867, 3.047 ,-0.1176,-0.1827,-0.953 , 0.1955, 1.0668, 2.5752,-1.4188, 0.8236]
[-4.2426,-1.5226,-4.8007,-2.9064, 2.7912, 1.665 ,-2.5444,-0.368 , 0.7329,-0.33  ,-1.4805, 0.6591, 0.2473, 0.1691, 1.1533, 0.833 ,-0.7321,-1.5044, 1.5047, 2.8332,-1.0039]
[ 0.9114, 0.7377, 1.3256,-0.2305,-0.1581,-2.3927,-2.904 ,-1.5032, 2.9262,-0.6301, 0.4029,-1.2479,-3.1219,-1.5835,-0.0336, 0.4833,-2.1509, 0.4568, 0.2411,-1.4013, 0.7147]
[ 3.4641,-4.6118, 0.147 ,-2.9714, 1.8152, 0.9359, 2.732 ,-2.0248, 1.127 ,-0.8891, 2.4586, 1.835 ,-1.6476,-2.8105,-2.0087,-0.6409, 1.3618,-2.3883,-3.1254,-1.7329, 2.9484]
[-2.9859,-0.4985, 2.5267, 1.1835, 1.5484, 0.6551, 1.9561, 1.8849,-2.4325,-0.2547,-2.6723, 1.9279, 0.5782, 0.1891, 0.0058,-2.2427,-1.639 ,-2.499 , 1.8914, 1.6297, 2.367 ]
[ 3.5665, 1.7846,-1.3845,-2.9401, 2.484 , 0.2565,-1.958 , 0.7504,-0.2087, 1.6887,-1.9172,-0.8624,-1.1767,-2.0172, 1.669 , 0.7425,-1.2967, 1.51  , 2.0115,-2.5881,-1.8788]
