[ 3.9314e+00, 1.2176e+00, 5.1774e+00,-1.9045e-03,-4.9615e-02,-2.7209e+00,-9.7898e-01, 9.7285e-01, 1.5772e+00,-2.3177e-01, 1.3748e+00,-1.7842e+00,-4.6794e-01, 2.2502e+00,-2.6396e-02,-2.1634e+00,-1.7737e+00, 1.8613e+00,-7.9832e-01, 7.2416e-01,-1.8029e+00,-3.1455e-01, 2.4380e+00,-7.1079e-01, 1.4395e+00]
[-4.2389,-0.8333, 1.6021,-0.2669, 2.3461, 1.6002, 1.6954,-0.2446,-1.6654,-0.5665, 1.5729,-1.7753, 0.2831, 0.6898,-2.0053,-0.5624,-1.4631,-0.3471,-2.7328, 2.8885,-2.5537, 2.8675, 0.8386,-1.0893, 2.6391]
[ 2.0583,-0.3527, 4.8977,-2.9357, 2.3355, 0.6452,-1.9187, 0.4477, 1.3964, 0.3298, 1.4317,-0.0368,-1.8333, 2.5674, 2.0834, 2.2516, 2.9448, 0.765 ,-1.8202,-2.5645,-3.0245, 1.2977,-1.18  ,-0.5385, 0.6863]
[-3.34  ,-4.0469, 2.9442, 0.5859, 2.0828, 1.237 ,-2.1662,-1.6554,-2.0502, 1.3712,-2.1537,-2.1252, 0.8695, 2.5305,-0.7185, 2.4748,-1.0078,-2.1926,-0.6938, 2.8781,-1.5833, 2.7247, 0.0698, 2.8825, 2.387 ]
[-2.4099, 4.146 , 4.66  ,-2.7512,-0.3288,-0.8931,-0.2185, 0.3468, 1.4455,-0.1232, 1.0817,-2.2511,-1.0913,-1.4351,-0.0803, 3.1364,-0.4159, 1.3131, 1.9821, 2.9597,-1.2614, 1.6077,-3.0169,-2.7909, 0.9275]
[-4.9411,-0.5526,-1.4853, 0.0201, 2.6614,-0.9993,-3.0106, 0.5786,-0.369 , 2.0649, 0.2346, 2.2732,-2.2915, 0.2674,-0.7342,-0.4421,-2.6625, 3.0836, 2.4549,-0.2258, 1.907 , 0.4825, 0.6581, 1.1635,-2.6581]
[-1.1727, 1.5278, 3.9391,-1.6038, 1.5996, 1.6897,-0.3429, 1.7008, 0.5614, 0.2247, 1.3589, 0.4887, 1.742 ,-2.2722, 0.5539,-2.0509, 0.2185, 0.1251,-0.0763, 0.6024, 2.0658, 0.9462, 2.5258, 1.6025,-0.9194]
[ 2.3743, 0.361 , 1.8139, 2.2609,-0.1017,-0.1819, 1.9279, 0.8725, 0.137 ,-2.6555,-1.2864, 1.2406, 0.4468, 2.8245,-0.9354,-2.2018,-2.4799, 3.058 ,-1.4987,-2.0885,-2.7903, 1.2575, 0.9144, 1.877 ,-0.7486]
[ 4.7195,-2.6519, 1.3613,-2.8253, 0.4335,-2.8149, 2.8739, 1.0292, 2.6712,-0.3638, 0.5978,-2.3473, 2.0608, 3.0395,-1.4004, 0.6161,-3.0187, 1.326 , 2.9363, 0.5408,-0.2352,-1.7268, 0.0302, 2.624 , 0.3307]
[ 5.3457,-2.6903,-2.3305,-0.1978,-1.2183,-0.6582, 1.9102, 1.4004,-2.7255, 0.5278, 2.9438, 2.146 , 0.3439, 0.9699, 1.8552, 2.3064,-2.7785,-0.4259,-0.2254,-1.3666, 2.0842,-2.9471, 0.7224,-2.7004, 1.9321]
[-4.743 , 2.7247,-1.6189,-1.8927, 0.3711, 2.9559, 0.1988,-1.2751, 2.0636,-1.9205, 0.3747,-2.1212,-2.4504, 2.8087, 0.6998,-0.4322, 0.2558, 1.6883,-1.4635,-2.3587, 2.621 , 2.5194,-2.6125, 1.2233,-1.6276]
[ 2.8883,-1.9279, 2.5033,-2.1356, 2.8262,-2.0319, 0.1659,-1.6589,-1.0541,-0.0271,-1.2923,-0.7472,-1.7209,-3.049 ,-0.1236,-2.7211,-2.8798, 3.024 ,-1.608 ,-1.0865,-0.2689, 2.0189, 2.1218,-1.0327, 0.0235]
[-5.3097,-1.9998,-2.6455, 0.0076,-0.7048,-2.4198, 0.9494,-2.2542,-2.3661, 1.3654, 1.9425,-0.0911,-1.2597, 0.1146,-1.0699,-0.7665,-2.3299, 0.6433, 2.5439,-1.2538,-0.6708,-1.2178, 2.4574,-0.4591,-1.3838]
[ 0.6889, 5.1012,-5.2657,-0.6321,-0.9214,-0.9772,-0.3451, 0.2904,-2.4962,-3.0096, 1.0604, 0.7051,-0.5251,-0.1873,-1.6197,-3.0036,-2.9316, 2.6537,-1.6015, 0.0477, 0.3003,-2.0576,-2.617 ,-1.1403,-1.3954]
[ 0.9348,-4.0471,-2.5925, 2.6177, 1.1468, 1.0127, 1.3517,-1.1572, 1.3699, 0.1716, 2.9085,-2.0879,-0.2228, 2.0872,-2.6716, 0.7415, 3.0141, 0.471 ,-2.2181, 0.29  , 1.5807, 2.3785, 1.6031,-2.7587,-0.1691]
[ 5.174 , 5.472 , 2.0981, 1.3962,-2.9808,-0.5052, 0.5233,-1.7762, 1.93  , 1.8621,-2.5411, 1.5149, 2.1674,-1.7106,-2.5553,-2.3261,-1.4055,-1.0445,-0.0312, 2.5618, 1.2464,-0.8034, 1.6857,-0.2295, 0.4359]
[ 2.2813, 1.0469,-4.493 , 0.8557,-2.384 ,-2.5015,-1.5492, 1.1898,-2.4608, 0.9093, 2.8751, 1.9315, 2.7138,-0.4169,-2.662 , 0.6231,-1.5025, 1.1827, 0.4472, 0.9007, 1.9244,-2.0815, 2.0119,-0.3185, 0.9614]
[ 1.8451, 0.6099,-1.2085, 2.7422,-2.8229, 0.9141,-0.3527,-1.4247,-0.3555,-1.637 , 0.2695,-0.6329,-2.322 ,-1.3821,-2.1546,-3.001 ,-2.2252, 1.3451, 2.2453,-1.563 , 1.3986, 0.6787, 2.261 , 2.0758, 0.8239]
[-4.5837, 2.8251,-0.9307,-0.7837, 1.748 ,-2.8319, 1.5516,-2.5748, 0.9313, 0.0425,-0.7719,-1.9135, 0.3843, 2.4889,-1.0084,-0.5463,-3.1029, 0.412 , 2.9255,-0.9324,-0.7523,-0.9633,-2.7165,-0.1222, 2.1213]
[ 4.7866,-5.1803, 3.0733, 2.7763, 0.2848,-1.8745, 1.456 ,-1.0909, 2.934 , 2.9141,-1.4938,-1.2297,-1.7784,-2.3164,-1.1612, 0.0295,-1.1964, 2.2049, 2.0273,-1.7168,-3.0848, 2.4022,-1.1047,-0.8855, 0.4008]
[-0.8381, 1.0016, 3.9541, 1.5357, 0.1356, 0.3174, 0.953 ,-1.8741, 1.3045, 0.4355, 1.466 ,-0.8681, 1.8024,-1.4763, 0.8223,-1.2866, 2.1342, 0.3413,-2.5429,-2.7527, 1.0028,-2.8849, 1.1917, 0.0656, 1.5774]
[-4.317 ,-3.7187, 5.1303, 2.7255, 3.0929, 2.9626,-0.6946,-0.4004,-2.1279, 0.2935, 1.1847,-0.6005, 1.5187,-1.5854, 2.5581,-3.1273, 2.6336,-0.7594, 2.4252,-0.2646, 0.3917, 0.7108,-0.8317,-2.8539, 0.7859]
[-3.9764,-1.9225, 1.1403,-0.1206,-2.8576,-0.4923,-3.0322, 2.2059, 0.998 , 0.1034, 0.4592, 0.6561,-2.6306,-1.7857, 1.939 , 1.9854,-1.7199,-1.1905, 2.0907, 1.9137, 2.7468,-0.6379,-0.3724, 2.7945, 1.725 ]
[-3.3707,-3.5106,-0.3505, 2.808 ,-1.764 , 0.3519, 1.0624,-1.7699,-0.0391,-0.951 ,-1.6706,-1.3929,-1.8134,-1.5146,-2.801 ,-2.151 , 1.5328,-2.6013, 2.0652, 1.6066, 2.5947,-3.1177,-0.8646, 0.5124,-0.3155]
[-1.7146,-1.6054, 0.4166, 2.2981, 2.0835,-0.6799,-0.9674, 0.6828,-2.5154, 0.7218, 2.7523,-0.5772,-0.1107, 0.2288, 1.8348,-2.5114, 1.0792, 1.568 , 1.8388,-1.7516, 1.3886,-3.0812,-2.1597, 1.0468,-2.2025]
[ 4.4914,-5.3659,-5.1819, 1.9979,-1.1156, 1.6939,-0.9701, 0.3687, 0.5208, 2.4982,-1.5912, 2.5949, 0.6627,-1.267 , 1.6952,-2.9855,-1.0456, 0.4876,-2.5783,-2.659 , 1.7943,-0.3304,-2.8228, 2.5851, 2.4306]
[ 3.0181,-5.4002, 2.987 , 1.4345, 2.0942,-1.0128,-2.287 ,-1.1309, 0.1332,-1.2251, 2.9469,-1.235 ,-1.7268, 0.0648, 0.507 , 2.8608, 0.9215, 1.4137,-1.0097, 0.5327,-1.2843, 1.1628, 0.0384, 0.0834,-0.7768]
[ 3.2646, 2.0215,-3.3108, 1.2176, 2.1217,-0.8516,-2.7447,-2.7779, 2.8008, 2.276 ,-0.2884, 2.5132, 0.4953, 1.3632, 1.8127, 3.0054,-0.6333,-1.7092,-1.622 , 2.5147,-2.5969, 0.7605, 1.2088, 1.7271,-2.6292]
[-1.4924,-4.8194, 4.9837, 1.7909, 2.2102, 2.5128,-1.6957, 2.0828, 2.5091,-1.6926, 2.4629, 2.3309,-2.7636, 2.384 , 1.0421, 0.4883, 1.2336,-2.93  , 2.739 , 2.7372, 1.8079, 2.4119,-1.1589, 0.8707, 2.4247]
[-5.4334, 2.143 ,-4.8475,-0.0873, 0.4456,-3.045 , 1.5735, 0.8997,-0.4029,-2.7826, 1.2433,-1.8292, 2.1339,-1.4168, 0.9799, 0.102 , 0.7356,-2.3146,-0.3442, 0.9296,-1.7026, 2.9301,-0.3111, 1.7459,-1.279 ]
[ 2.9715,-1.0882,-1.2127, 0.7111, 0.823 ,-2.7132, 2.1356, 0.9064,-2.8826, 0.0237, 1.8186, 1.2864,-0.3694, 0.9952, 1.8693, 0.5376, 1.7012, 0.4796, 2.3617, 1.8402,-1.154 ,-0.7021,-2.4094,-3.023 , 2.1126]
[ 0.0764, 2.9474, 3.1054, 1.085 ,-2.394 ,-0.2473,-0.5463, 0.9669, 2.1491,-1.915 , 1.7289,-1.6728, 0.9681, 0.4506, 2.8058,-0.9887, 2.3853, 2.2947,-2.7411,-1.4522,-1.8628, 3.0087, 1.9306,-0.7967,-1.7667]
[-1.8571,-2.2529,-3.6843, 2.4275, 2.4696, 0.4871,-0.3748,-2.2016, 1.047 , 2.8435, 2.8922,-0.526 , 1.9391,-2.3096,-2.9017, 2.725 , 0.3385,-2.4072,-2.3272, 1.8291,-1.288 ,-1.4085, 2.8743, 0.6676,-2.4295]
[ 1.9427, 5.2667, 4.4049,-2.1613,-1.8268, 2.8328,-2.7158,-1.5756,-1.5671,-1.7988,-2.8735, 0.9998,-0.6743,-2.3816, 0.47  ,-2.2926, 0.7847, 1.5104,-1.3253, 1.5172,-2.4661, 2.7834, 2.1141, 1.0487, 2.7917]
[-4.8706,-4.9728, 2.0767, 0.9703,-1.3071, 1.358 ,-0.7109, 0.0194,-0.7189, 2.9857, 2.8151,-1.3747, 1.9402,-2.0044, 1.0958,-2.5585, 2.5407, 0.0514, 1.7687, 1.6276, 0.5538,-0.9026,-1.8009,-0.3967,-2.1007]
[ 2.068 , 3.6351, 1.539 , 2.437 , 1.809 ,-0.7265,-0.0543, 2.5798,-1.9908,-0.0973, 0.0954, 2.4998, 0.3829,-1.4685, 2.9948, 0.3732, 0.8349,-1.4073,-3.09  ,-1.0906,-2.0125,-0.1981,-2.316 ,-1.0228, 3.0044]
[ 2.4136, 3.2524,-0.8571,-1.8651, 0.0265,-2.029 ,-2.2096, 2.9373,-2.3656,-1.8755,-1.6482,-2.3495,-1.1517,-0.4699, 0.7051, 0.7651,-0.1314, 0.8105, 1.3801,-0.4667, 2.9885,-2.7433, 2.3086,-0.1852, 1.5282]
[-4.5461,-0.0076,-1.8566,-2.133 , 2.5768, 2.9462, 1.2269,-2.5997,-0.9753, 2.1578, 1.4482, 2.7629,-0.5578, 2.7946, 0.4177, 2.7292,-1.7393,-2.3607, 0.0509,-2.8044, 1.0957,-2.7241,-0.9943, 1.7091, 0.3718]
[-4.7329,-5.4264,-3.0203, 0.3261,-0.3969, 2.8718,-0.198 ,-0.399 ,-1.9132, 2.8259,-1.6689, 0.7201,-0.8646, 0.2639,-0.2155,-3.1213, 2.442 ,-1.9266, 0.5285, 0.717 , 0.7248,-0.5448,-2.8338, 2.0045,-1.5986]
[ 4.3044,-4.1375,-2.0144,-2.5802, 2.7313, 1.1533, 0.6078, 2.7855, 1.5914,-0.7942, 0.8881,-0.8189,-2.2266, 2.6077, 0.6435,-2.6124, 2.9436, 2.2787, 0.6659,-2.2827,-2.0391, 2.2365,-2.1266, 1.7264,-1.0136]
[-0.093 , 3.9794, 2.1973, 2.3396,-1.3528,-0.1466, 2.9632, 1.4818,-0.2196,-0.3101, 2.7652,-0.4974,-0.2529, 0.9195,-0.6845,-1.6107, 1.1685,-0.8939, 0.8146,-0.4065,-1.8747, 2.6965, 1.8108, 2.9255, 1.1415]
[ 0.321 ,-5.3585, 0.1101,-1.7126, 0.8735,-1.952 , 2.9793, 0.3865,-1.2922,-2.3057, 0.7723,-1.9104, 2.6513, 0.1291, 1.6492,-1.5034,-2.3584, 1.5716, 2.3991,-1.2581, 1.104 , 1.4194,-2.2662,-2.8421,-2.5113]
[ 2.5795,-0.9372,-1.4248,-2.9194, 2.3175, 0.3593, 1.5906,-2.0337, 0.5236,-0.5597, 0.6268,-0.96  ,-1.0457,-2.6436, 0.926 ,-1.5818, 1.3329,-1.3311,-2.4389, 0.6261,-0.4475, 0.987 ,-0.6246, 0.4514, 0.9329]
[ 3.9645, 1.4512, 1.1408, 1.7677,-0.6373,-0.0985, 0.4692,-2.3288,-0.4712,-1.796 , 0.5307,-0.3305, 1.7359,-1.1287, 1.056 , 0.9157,-2.5344,-0.1873, 0.2216, 2.3198,-0.9645, 0.2545, 1.9064,-1.9465, 0.0316]
[-3.834 ,-3.3617,-0.358 ,-1.5296,-1.5461, 1.8369,-3.1118, 2.6509, 2.9556,-1.4781,-2.3038, 0.6774, 0.3791,-0.3694,-1.0275, 2.0653,-2.2224, 1.1299,-2.2731,-1.3912,-2.81  ,-1.4893, 3.0221,-1.4175, 2.6892]
[ 2.6127, 3.2002,-0.8523, 1.3078,-1.1073, 2.8438, 0.7564,-2.2727, 0.0074, 0.5073,-2.1812, 0.3407, 2.7753,-2.4088,-2.9799, 0.3063, 1.7563,-2.3239, 2.264 , 2.8943,-0.2806,-0.5561, 0.8581,-1.7704,-1.1874]
[-1.2911, 3.7354, 0.1399,-1.5127, 2.0614,-1.5762, 0.1096, 0.9049, 2.2812, 0.3764, 1.747 , 1.4677, 0.7329,-0.9221,-1.3864,-1.6751,-0.8944, 0.4163,-1.7323, 0.7726, 2.9612, 2.3429, 0.5684, 0.2307, 2.856 ]
[ 1.1742,-5.4513,-0.485 , 2.8174, 0.0155, 2.7462,-2.4135, 2.9907, 1.0388,-0.3279, 1.3855, 0.0856,-1.0497,-0.801 ,-2.3064,-2.0731,-1.6464, 3.1386, 2.7026,-0.4932, 2.9468,-1.6838, 2.2554, 0.9989, 2.6434]
[-0.3448,-1.9683, 2.6335,-2.9373,-0.2417,-2.8909, 2.6412, 2.0038, 2.3572,-1.2385, 1.0453, 1.6653, 0.3582, 0.1137,-2.4745,-1.7613, 0.7511, 2.949 ,-1.8133, 1.4075,-3.087 , 0.8217,-3.0492, 1.4408,-2.0403]
[ 2.6495, 3.143 , 1.0106,-2.8652,-2.8629, 0.6461, 2.9131, 2.5362,-1.0075,-0.6024, 2.0666,-1.013 ,-0.0932,-0.5861, 2.3687,-1.7974,-1.4214,-0.544 ,-0.3727,-2.7622,-3.07  ,-0.3905,-2.4496,-2.5085, 1.5281]
[-4.9286, 0.5545, 4.2256, 2.5353, 1.904 , 0.3885, 0.5398,-1.3665,-3.0677,-2.1696, 2.4523,-3.0275, 1.0272, 0.85  , 3.0986, 2.9748, 2.545 ,-0.8209,-2.7277,-1.2328, 1.802 ,-0.8209,-2.0792, 2.1687, 2.7682]
[-4.8246, 4.2815, 2.9199,-0.0351,-2.6416,-2.4714, 0.932 ,-1.8294,-2.8004,-3.099 ,-2.9728, 3.0028, 0.4596,-0.285 , 1.7628,-1.2512,-2.7941, 1.5687, 0.0956, 1.8492, 2.3793, 1.5097, 2.2916, 0.1761,-1.5883]
[ 5.5458e-01,-2.7417e+00, 4.5064e+00,-3.7867e-02, 4.2525e-01,-3.0940e+00,-2.2316e+00, 1.2395e+00,-3.0755e-03, 2.7922e+00, 7.1494e-01,-2.7687e+00, 7.6200e-01,-6.9484e-01,-1.1627e+00,-4.3144e-01,-1.8376e+00,-2.1524e+00, 2.5769e+00, 1.5487e+00,-2.4945e+00, 2.5723e+00,-2.4556e+00, 1.8431e+00,-2.2398e+00]
[-1.4411,-0.578 ,-2.9113,-1.2382,-1.7534,-1.7247,-2.5529,-1.2414, 1.3854, 1.2632,-2.4444, 2.9767, 0.8275,-0.5619, 0.2669, 1.278 , 2.4137, 1.0311,-0.9166,-2.3491, 2.4399, 2.4957,-1.6423,-1.2594,-0.7206]
[-4.8658, 2.8825, 5.2333, 1.7213,-1.3062, 0.6179,-1.9904,-1.7668,-1.6679,-1.7745, 3.0709, 1.0574, 2.9524, 0.2922, 2.6201, 0.5446,-1.0632,-2.0795, 1.6225, 2.6924, 2.7812, 0.0739, 2.8553,-2.4422,-2.282 ]
[ 3.6166, 4.9921, 2.0287, 1.0676, 2.1397,-1.0298, 1.668 , 0.5116,-0.4105,-0.6122,-2.9948, 1.7077,-2.6195, 0.0881, 0.531 , 2.8126, 1.5649, 2.8669,-1.9457,-1.5581, 1.7954,-0.5837, 1.1831,-2.1835,-1.8742]
[ 0.7457, 4.9758,-1.4079,-0.4042, 2.334 , 2.5621, 0.8381, 2.4089, 0.0509,-0.264 , 2.1105,-1.3856, 0.815 , 2.7572,-2.1956, 2.6902, 2.7497,-2.4836, 2.2488, 1.8918, 1.8274,-1.7518, 1.5175, 2.983 ,-2.2645]
[ 0.7895,-1.1179,-3.7064,-0.5583, 2.8329, 0.2371,-0.7313,-1.0433,-1.1112, 1.0682, 2.6469,-2.714 , 3.0923,-1.5613,-3.1168, 1.5869, 0.0922, 0.7359,-0.3518,-2.6571, 2.2885,-3.117 , 2.6296,-1.3508, 1.062 ]
[-3.086 ,-3.3477, 3.1788,-3.0126, 1.3477,-1.8216,-0.726 ,-1.56  ,-1.1578, 0.1605, 1.3016, 0.0674,-2.5032, 2.7414,-2.9597, 0.0053,-0.364 ,-0.1463, 2.7123, 0.0517, 0.7685,-0.5109, 0.9721, 0.9467, 1.4654]
[ 4.3153, 3.1891,-0.1982, 1.4139, 2.6905, 2.6833,-1.2356, 0.8303, 1.8684,-0.2716, 0.7778, 0.324 ,-2.794 , 2.8842, 2.8279, 1.3511,-3.0105,-1.6673,-2.3534,-2.1409,-1.7647, 0.9798, 1.8057,-0.0199, 2.2122]
[-0.1011, 4.7073,-4.7895, 1.2998,-0.9932,-0.3562,-0.3032, 2.4334, 0.0914,-0.26  ,-1.9787, 1.7043, 2.3894, 1.0943,-1.8212, 2.4794, 1.9991,-0.752 , 1.6147,-2.3067, 1.8601, 2.0379, 1.3888,-2.3819, 2.5887]
[ 0.3003, 0.2859,-2.3395, 2.8812, 0.7321, 1.69  ,-0.6445, 2.6373,-1.1906, 2.6001,-1.9559, 0.5424,-0.2491, 2.9068,-1.2436,-2.634 , 1.4186, 2.5199, 2.216 ,-2.5784,-0.7474, 1.464 ,-1.8193, 2.6235,-1.2571]
[ 0.5902,-4.8456, 3.3522, 0.0885,-1.8562,-0.8644,-2.7636,-1.737 , 0.0313,-1.5994,-0.4109,-2.9633,-2.3652,-3.037 ,-1.5741,-1.0572,-1.6738,-2.9976,-2.7025,-0.2335,-1.9723, 2.1512, 0.8073, 0.133 ,-1.0517]
[-2.3922, 4.2718, 0.7107, 0.5527, 2.5544, 3.1399, 2.8021, 2.3374, 0.1793, 1.2687, 1.6717, 0.0049,-0.9414, 2.814 ,-1.8715, 1.3076, 2.1943,-0.4128,-1.9319, 0.9866,-1.6492,-0.875 , 2.9156, 2.2871, 0.317 ]
[ 2.7259, 2.3046, 5.1122,-2.9556, 0.2383,-0.8094, 1.5113,-1.4895, 1.3914,-3.0655, 2.7956, 0.3651, 1.1264,-0.0828, 0.4749, 1.9277,-1.0088, 2.5943, 2.6654,-3.0029,-1.5489,-1.3348, 0.7306,-1.9805,-0.2466]
[-0.8808, 1.288 ,-3.4855, 1.8208, 3.1246,-0.8689, 0.9478, 0.191 , 1.6536,-1.9251,-1.3045,-0.2841,-0.5977, 0.0945,-0.72  , 2.3115, 1.9556, 0.4566,-2.2494, 2.3459,-1.1072, 3.1025, 0.8244, 1.3784,-2.6936]
[-5.3999, 4.5643,-2.8439,-0.5626,-3.0568, 2.1888, 2.3882,-0.687 , 1.5594, 3.0113,-2.5608, 0.6795,-1.2279, 0.5467, 2.5704, 0.3034, 1.7607, 0.7978,-1.9402,-0.4591,-1.4886, 3.0687,-0.3368, 3.1018, 3.0024]
[-2.5809, 1.6637, 4.268 , 0.1065, 0.0772,-2.6762, 1.5455,-2.7275, 1.7855, 1.4096,-0.7149, 2.7114,-2.9414,-3.1069,-0.65  , 2.7742, 0.0714,-1.3054, 2.5715,-2.6562, 3.0883, 2.5362,-1.7793, 1.9587, 2.0992]
[ 2.3768,-2.9185,-2.9471,-2.8765, 1.5469, 0.1492, 1.7607, 2.5272, 1.2634,-3.0796, 1.6636, 2.8823,-1.2943, 2.2652, 1.0556, 1.6835, 2.9018,-2.6839,-2.9053,-2.4331,-1.1202, 2.8504, 2.7417,-1.9457,-1.4949]
[ 0.5591,-3.6197, 0.8838,-1.6747,-0.044 , 2.6713,-2.8282, 1.331 , 1.4825, 2.8202, 2.599 , 3.0165, 2.1217,-0.8128,-1.5452, 3.0835, 1.1575,-1.2674, 1.1578,-1.1693,-1.4734, 1.5632, 3.0096, 1.4208,-2.8873]
[ 1.0318,-4.1732,-0.3276,-2.6631, 1.5983, 2.2642, 1.5031,-3.0479, 2.3559,-1.0609,-1.3528, 1.619 , 2.2754,-2.0733, 0.252 , 1.7167, 0.4215,-1.6897,-2.2537, 0.1955,-2.4282, 1.9105,-2.3718,-2.8056, 0.9015]
[-0.0203, 4.013 , 2.0025,-2.2798,-0.3265, 1.8188, 0.74  ,-2.5811,-0.7497,-0.7684,-0.5688,-3.0034,-1.4728, 1.4426, 2.6446, 0.4307,-3.1327,-2.8874,-1.9469, 1.6412,-1.92  , 2.9042,-3.0978,-1.8671, 2.7643]
[ 4.0284, 2.1736,-3.1236, 2.0549, 0.8533,-2.6337,-0.9498, 1.8987, 2.5331,-2.2232,-1.2009, 1.8694,-2.1233, 1.9438,-0.3219, 1.0465,-2.2834,-1.1872,-2.6164, 0.2385, 1.9169,-3.1214, 1.818 ,-1.735 ,-2.9364]
[-2.8491, 0.4316,-5.2871, 0.1147,-2.2876, 2.4756, 1.1703,-0.4188, 0.8243, 1.5142, 1.7304, 2.6109,-2.0294,-2.6316, 2.4498, 0.5433,-2.7085, 0.7392, 0.3522,-1.9748, 0.6216,-1.8689,-1.8634,-2.2038, 0.0814]
[-2.975 , 2.0274, 3.3897,-1.9265,-3.1414,-1.9795, 2.2463,-1.7897, 0.5674, 0.1984, 2.5445,-0.3067, 2.0463,-0.8763, 0.2074,-0.7977,-0.3815, 1.4608, 2.4512, 2.9005,-2.2553,-2.0716, 2.135 ,-2.5084, 0.9718]
[-2.0392,-2.2757, 3.3145, 0.3084, 0.8659,-0.7414, 0.9985, 0.0348, 3.0717,-1.9441,-0.0841,-1.4554,-3.0164, 0.2634,-0.187 ,-2.1365, 2.4309,-3.1383, 0.4899, 1.9569,-1.0399, 1.6591,-0.61  ,-1.3621,-1.8599]
[-3.5907, 5.4853,-0.871 ,-2.2367,-1.8151, 0.1297,-2.4611, 2.5214, 1.4843, 1.1525,-0.8686,-2.7274,-2.7847,-1.1132, 0.7773, 0.4561, 2.1019, 1.6212, 2.3327, 3.0494,-0.3437, 0.4511, 1.7927, 0.7463, 2.1448]
[-3.4666, 4.3163,-0.8623,-1.0117,-1.0602, 0.1699,-1.3012,-2.6782, 1.4974, 0.4904,-2.7132,-0.9821,-3.1225,-0.5307,-2.5985, 2.7655, 1.5243,-2.9243, 0.2131,-0.1441,-2.7124,-2.5441,-1.5572,-1.7552,-0.9599]
[-4.597 , 5.2548,-4.0579, 2.6902,-1.5539, 1.5974,-2.1313, 1.9335,-0.2612,-0.3739,-0.1108,-1.8083, 1.2387, 0.839 ,-0.3494,-1.8763, 2.2786,-1.5308, 0.4333, 0.7128, 2.6445, 1.2693, 2.3964,-3.0333, 2.9127]
[-4.4992, 5.3009, 0.4424,-2.2555,-0.8776,-3.0637,-0.2071, 2.1931,-1.0598, 0.1912, 2.8303,-1.8346, 2.2844,-0.4412,-1.5401,-1.1823, 0.3634, 2.7207,-0.5763, 2.1887, 1.7861,-0.7556, 2.0484,-1.2775, 0.3975]
[-3.2234,-1.8895,-2.2599, 2.9204,-1.4623, 2.6756, 1.4441, 0.7068, 2.1249,-0.9199, 1.9125, 1.585 , 2.437 , 3.1022, 0.6034, 0.6305,-2.3342,-1.5581,-2.8889, 2.3231, 0.756 , 1.9884, 0.4625, 3.0559, 0.9567]
[-5.1858, 1.8605, 0.891 ,-0.217 , 1.568 , 0.4795, 2.3064,-2.6409, 1.922 ,-1.2031, 0.3338, 3.02  ,-1.5168,-1.6366,-3.0226, 3.0523, 0.7292, 1.7835, 2.6612,-3.0429, 1.591 , 1.8053, 2.4105,-2.442 , 0.4875]
[-3.3891, 0.6513,-0.8802, 0.971 , 2.979 ,-0.2483, 1.2037,-1.3571, 0.8042, 0.2362, 0.7544,-0.1755,-1.5178, 1.7085, 2.8637,-2.0693,-1.1945, 2.5707,-0.9738, 2.9094, 1.8515,-2.9454, 0.8302, 0.6556,-2.7989]
[ 0.5537,-5.3413, 4.0335,-0.7106, 0.4276, 2.2733, 0.1819, 2.9815,-2.5789,-0.2922, 2.6025, 1.0927,-2.2753, 0.6104,-3.1067, 2.4731,-0.8121, 1.1105,-3.0346,-2.2757, 2.7259,-1.9177, 3.0122, 1.5015, 2.0358]
[-1.0721,-3.6922, 4.9389,-0.8324,-2.7569,-2.3589, 1.6569, 1.8232, 0.3014, 2.0047, 2.4357,-2.4685, 1.7983, 3.122 , 1.7953, 0.4382, 2.6196,-0.5054, 0.2896,-0.0208,-0.0111, 2.6757, 0.9998, 1.3207,-1.1544]
[-5.1995,-4.9576,-3.7702, 1.2365,-0.9231,-1.5995, 2.9178,-0.2315, 1.0502,-1.0652,-0.2832, 1.1476, 0.4755,-1.1359,-1.1637,-2.657 , 0.9827, 3.0919, 0.2943,-2.1114,-1.4693, 1.2431, 2.972 ,-2.3819,-0.2653]
[-1.6961,-0.566 , 2.9344, 1.6526,-1.405 , 0.8213, 0.6643,-1.5314, 2.1346, 1.8918, 0.9423, 1.1816,-2.6331, 2.0912, 2.4755, 1.1289, 0.0317,-2.6744,-1.9158, 1.4311,-2.4619,-0.5037, 1.8045, 2.4394, 2.6619]
[-3.2062, 4.6247,-1.4275, 2.2132,-0.5588,-1.6185,-0.2213,-0.8844, 0.7078, 1.5171, 0.4314, 2.146 ,-1.8727,-1.6955, 0.2783,-2.3975,-1.1644, 1.5977,-0.1523,-2.7741, 0.1036, 2.4357,-3.1377,-2.9388,-0.2222]
[-1.5327, 1.0109,-2.4568,-0.2857, 2.3122,-1.576 ,-0.723 ,-0.6234, 0.6156, 2.172 , 2.9019,-1.2854,-2.0043,-0.6602,-3.0793, 0.8626, 1.3156, 0.0943, 2.0661,-2.5231, 2.8504, 3.0135,-2.7154, 2.7423,-0.0812]
[ 0.8042,-5.0958,-4.2571, 2.3547, 1.0951,-2.7945,-2.5989, 2.7187,-2.9225, 0.558 ,-0.0096,-2.2231,-1.1323, 2.7192, 1.8369,-0.0377,-0.9778, 3.049 , 0.0193,-3.0517,-1.5441, 2.2608,-2.9847, 1.5692,-2.9384]
[ 4.4643,-4.111 , 2.2542,-2.3702, 2.2852,-2.8479, 0.4931, 1.5596, 0.4146,-1.8874, 1.8405,-2.5977, 0.605 ,-0.0482,-0.4533, 1.6301, 2.081 , 2.5285,-0.1723, 1.0181,-1.7846, 2.7794,-1.8511,-1.3341,-3.0217]
[ 4.8779, 1.9334, 0.0174,-1.4552, 1.1781,-2.0535, 1.8905,-1.4157, 1.2803, 1.0277, 2.9474, 2.6764,-2.3948, 0.8143,-3.1047, 1.8928,-2.5691,-2.7608,-1.9796,-0.1503,-1.1951,-0.8637, 2.168 ,-0.5422,-2.1614]
[ 1.0336, 2.9458, 0.5074, 0.1285, 2.6729,-0.7424,-0.2355,-0.2372, 0.6758, 0.6599, 1.5026, 2.2859,-2.7704, 1.5955, 1.5295, 0.287 , 1.2609,-0.597 , 0.5248,-2.7184, 2.8846, 2.857 , 1.6509, 0.288 ,-1.6954]
[-4.623 ,-0.7333, 3.8464,-1.6015, 1.8135, 1.5908, 0.1788, 1.6922, 2.5543, 2.0838, 0.6611, 1.8827, 2.8788, 2.3767,-2.5261,-2.3033,-2.0113, 1.3874, 2.6283, 2.31  , 2.372 , 1.1064,-0.8988,-0.557 ,-1.0252]
[ 4.2135,-4.7252, 0.1097, 1.0892, 1.8232, 1.9464,-1.0213,-1.9309,-1.7596,-1.1371,-1.8627,-0.3227,-1.9435, 1.2348,-1.5021,-1.7599, 0.3916,-0.9571, 2.6729, 3.1022, 0.7214, 1.5187,-3.1227, 2.9118, 1.3175]
[ 0.149 , 0.1002,-3.3687, 2.8529, 2.7665,-1.1485, 1.2589, 0.9231, 2.4461, 2.7509,-2.2736,-0.3408,-1.4379,-2.922 , 2.5835,-1.9855, 1.7624, 1.8641,-0.8376, 0.4268,-1.0187,-2.3982, 0.9261, 0.0974, 1.9544]
[ 2.5103,-4.6694,-3.4021,-3.0622, 2.413 , 0.0385,-0.9228,-1.7154,-1.8649, 0.6   , 1.5772, 2.1517, 0.6891, 0.2476, 0.7774,-3.0322, 1.2415, 1.2401,-1.7747,-0.1879,-1.3278,-1.5591, 2.6138, 1.3342,-2.1976]
[ 0.6373, 2.0271, 0.4846,-1.1339, 0.9107, 2.8   ,-0.1092, 2.4984,-1.8098, 1.7538,-2.2318,-0.7782, 2.5067, 0.7171,-2.955 , 1.343 ,-0.0745, 1.8828,-2.9196, 2.9195,-2.0567, 2.5657, 2.1688,-0.2573,-0.6386]
[-1.063 ,-0.2214,-1.7545,-0.7018, 0.4819, 0.1216,-1.541 ,-0.0526,-1.4027,-0.3268, 2.5793,-3.0016,-2.8215, 0.0595, 0.3564, 3.1328, 2.3563,-0.1526, 0.9233, 0.0643, 2.4476,-0.9507,-0.9379,-1.418 ,-2.5651]
[ 1.7941, 0.4615, 3.6586, 2.2849,-0.7092, 0.0493,-0.5777,-1.617 , 1.5994, 0.2822,-2.8573, 0.0445, 0.6746,-0.8438, 1.5396, 0.7864, 0.0437,-1.8691,-2.5365,-2.7466, 0.3827,-0.3618,-2.0431, 0.5727,-1.5075]
