[ 3.9399, 5.3607,-4.1032,-0.3793,-0.7338, 2.2752, 3.1033,-2.8524, 1.9039,-2.4395,-2.8974,-2.8973,-2.2228,-0.5966,-0.3259, 2.5671, 2.0452,-1.5031]
[-0.9128, 1.9272,-0.9132, 0.3396, 2.682 ,-0.5051, 0.2436,-2.3276,-2.6984,-1.2124,-0.9422,-1.7322, 2.8297, 2.0886, 1.2064, 2.9318,-2.1905, 2.3964]
[-3.2489, 4.0241,-4.5159,-3.1161,-0.9606,-2.6486,-2.3393, 0.8312, 1.2681,-1.6678, 2.267 ,-0.724 , 0.7294, 0.8202, 0.3597, 0.0572, 2.5237,-2.1441]
[ 0.1616, 4.5496, 0.4263, 0.3634, 0.4329, 3.0812,-0.5099,-2.8185,-1.7921, 1.2357, 1.0924, 2.8531,-1.5483,-1.7508,-0.8941,-1.0079, 1.9602,-2.2325]
[ 1.6988, 3.511 ,-3.4847, 1.6491, 3.1186,-3.0118, 0.8003,-0.9043,-2.3157, 2.3713, 2.8975,-0.0822, 3.0911, 1.8418,-1.7717,-0.3956, 2.6053, 2.4251]
[-4.2159,-4.6601,-1.9992,-2.3263, 0.7713,-1.7738,-0.1493,-2.0549, 1.7461, 2.0814, 2.625 , 0.5298, 2.3416,-1.7127, 2.4401,-0.6112,-2.9728,-2.6728]
[-5.3421, 0.8101,-1.4487, 2.101 , 2.3977,-0.218 ,-2.9445, 2.5416,-0.922 , 3.0573, 1.0016,-0.4642, 1.2312,-0.485 ,-0.5604, 0.1997,-2.9447, 0.1653]
[ 4.9966, 0.1215, 0.9498,-0.9401, 0.966 , 1.6253,-3.0688,-0.9759,-2.0902, 2.4563,-1.7653,-1.2073, 1.5008,-0.0964,-1.2581, 1.8637,-0.0782,-2.3261]
[-4.0427, 1.2178,-5.2247, 2.3224,-0.4029, 0.6135,-1.4539, 2.1141, 1.2045, 0.8302,-1.3496,-2.866 , 2.9509, 1.778 ,-0.7958, 1.6473, 0.2572,-2.1744]
[ 3.0996, 4.6551, 3.8299, 2.9981, 2.7544,-0.815 , 1.096 , 3.0619,-0.3469, 2.4903, 2.5145,-1.7174, 2.9162, 0.0392,-0.7476, 2.7842,-0.0181,-1.5528]
[-3.5985, 0.4617, 1.1799,-3.0693,-1.1279,-2.8405, 2.1908,-1.874 , 1.9023,-2.0401, 1.7906, 1.2369, 0.6076,-1.7759,-1.7078,-1.215 ,-0.6601,-0.3161]
[ 0.136 , 4.4158, 3.7932, 1.361 ,-1.5217, 1.8685,-1.3065,-1.5214,-2.411 ,-0.7612, 1.182 ,-1.6496,-0.1691, 1.7388,-1.4634,-0.2527, 1.9389, 2.0328]
[-4.8272, 1.4619, 2.4588,-1.2576, 0.3964, 0.2016,-0.0806,-1.267 ,-0.6886, 0.4762,-1.1752, 2.8831,-2.2846, 2.2224,-2.5649, 0.6098,-2.8681,-2.1875]
[ 4.6319,-4.1733, 2.2763, 1.905 ,-0.1245,-1.1725,-2.8311, 1.3701,-1.2798, 0.6096,-1.1362,-2.8343,-1.9091,-0.1615, 0.7469, 0.9667, 1.652 , 0.8449]
[ 2.4703, 0.2932, 1.3221,-1.2028,-0.4492, 2.4495,-2.7008,-0.573 , 2.303 ,-0.5473,-0.0711,-2.2907,-1.4011, 0.2306, 3.1022,-0.8451,-2.2608,-1.7967]
[ 2.36  ,-0.8656,-4.9722, 0.0511,-2.5264, 1.3664,-2.732 ,-1.1104,-2.2073,-0.2931, 2.2687,-0.2055, 1.4418,-0.3352, 1.9093, 1.6416, 0.046 , 1.2113]
[ 1.5552,-1.7087,-4.5849, 1.9014,-0.1651,-2.5291, 2.019 , 2.6592,-1.2183, 1.3575, 3.1061,-1.3218,-1.9917,-0.4765,-0.89  ,-3.0749, 1.7637,-0.438 ]
[ 0.6727, 3.2986,-1.3289, 1.2798,-0.6564,-2.4143,-1.996 , 0.2149,-3.0744, 2.9631, 0.8984,-2.4014, 1.4827,-2.0611,-2.5321,-2.5206, 0.4533, 2.1325]
[ 0.9816,-0.4919,-3.2701, 2.927 ,-2.9002,-2.4249, 2.0266,-2.3363, 0.3422,-2.092 , 2.7656, 1.8956, 1.028 ,-1.9802,-0.3794, 0.8879,-0.286 , 1.2833]
[ 0.1977, 2.6349,-3.4513,-0.083 , 2.6161, 2.6329,-0.8138,-1.3641,-2.1375, 1.0824, 0.744 , 1.4323, 1.8889, 1.0423, 1.183 , 1.3709,-2.5347,-0.3452]
[-5.4899,-4.2113,-4.9167, 1.1774,-1.844 ,-0.4984, 1.182 ,-0.8332,-1.5585, 1.2338, 2.1881,-1.9649,-0.6017, 0.8467, 2.0687,-3.0133, 1.117 ,-1.4662]
[ 2.1816,-3.6653,-0.3047, 0.7515,-0.3614,-1.6888, 0.3115,-2.9671,-1.147 , 1.5256, 2.6942,-2.2667, 2.1095, 1.8486, 0.6014, 2.6796,-2.9828,-2.4355]
[-4.874 ,-1.6161,-0.464 ,-0.9031,-2.4135,-0.7486, 2.381 ,-0.5321, 0.3571,-0.7268, 2.7868, 2.0528,-2.6928, 1.5443,-1.224 , 1.6927, 1.8701,-2.0913]
[-2.346 ,-1.3475,-0.4517,-0.4895, 1.7987, 2.5478,-2.2327,-2.4923, 2.9833,-0.8355, 0.634 ,-1.3242,-2.4438,-1.1642,-1.2167, 1.0865,-1.8562, 2.5114]
[-3.4222, 2.0506,-3.8104,-1.0514,-1.2029,-2.0692, 3.08  , 3.1078,-0.9408,-0.2084, 2.3552, 2.5464,-0.0269,-2.7033, 0.7612,-1.4144,-2.6193, 2.7492]
[ 0.167 ,-1.659 ,-3.6949,-2.8726, 2.9564, 1.9008, 2.4107,-2.5396, 2.9032,-0.8554,-1.7855, 1.4661,-2.6018,-1.5568,-2.6196,-2.2315,-0.6142, 1.4672]
[-2.2499, 1.9793, 2.0607, 2.8789,-2.326 , 0.1284, 0.6234,-0.3619, 0.8799, 0.2938, 0.3726,-2.4305, 1.1432,-0.2627,-1.919 , 2.6847,-2.9929,-2.0104]
[-3.0187, 3.5256,-5.3187,-0.1624, 1.7442, 0.4589, 1.1464, 3.0031, 0.8552,-0.3298, 1.5506, 0.9339, 0.1756,-2.2106, 2.8667,-2.3641,-3.0827, 3.1257]
[ 1.5013,-4.1139, 1.7906, 1.5579, 0.9344,-2.4043, 2.4826, 1.3118, 3.0614, 1.2698,-1.7511, 0.3819, 1.4218,-2.822 , 1.1001, 1.0793,-1.3906,-3.0333]
[-0.3904, 3.4104,-4.1902,-2.3915,-0.2252,-1.1205,-0.176 ,-1.4967,-3.051 ,-2.5261,-1.5464,-0.5115, 2.8232,-0.8921,-1.444 ,-0.6274, 1.2873,-2.0227]
[-5.3339,-2.414 , 5.437 , 1.9531, 1.4177,-1.2123, 2.5687,-1.4694, 1.8974,-1.3696, 3.0508,-0.3235,-1.8319, 0.143 ,-2.6876, 2.0664,-3.0906, 2.1244]
[-3.2747, 5.3742,-0.1071, 2.9314, 1.2486,-1.2715, 2.4546, 1.6638, 2.9135, 0.9486,-0.1051, 3.0848, 1.9338, 2.1152,-0.907 , 1.5466,-1.2436,-2.0243]
[ 0.3986,-1.7733,-2.9932, 1.7007,-0.3331, 0.0382, 0.105 ,-1.9356,-1.1656,-2.9789, 0.5753, 0.8024, 3.1162, 1.7971,-0.3832,-1.8903, 0.6213,-0.1541]
[-4.286 , 4.2588, 2.1897,-0.3747, 0.6427,-1.7685,-0.3694, 0.9102, 2.4868,-2.8616,-1.5736,-3.0775, 0.459 ,-2.1865, 2.5312, 0.8779, 1.8406,-1.1771]
[-5.077 , 1.1707,-4.9175,-1.5663, 2.8088,-2.4258,-2.7325,-2.8698, 0.9882,-1.125 , 2.3726, 1.3604,-0.793 , 3.1254,-1.8197, 0.0954, 1.5908,-0.3478]
[ 0.179 , 1.609 , 0.515 , 0.166 ,-2.7675, 1.55  , 2.1625,-2.8231,-1.1853,-0.1242, 2.3583, 2.6719,-0.0882, 0.863 ,-1.388 ,-0.9212, 1.4428,-1.8917]
[ 1.2731, 1.4599, 4.321 , 2.5164, 0.9791, 1.329 , 2.2151,-0.5741, 0.3789, 0.7444, 2.069 , 2.3155, 0.835 , 2.5216,-0.9965,-1.4536, 1.237 , 1.6224]
[-3.8697, 2.6205,-2.7082, 0.1416,-1.7293,-2.4284, 2.8175,-1.8686, 2.7664, 1.7776, 1.1981, 0.8111,-1.7471,-0.7497, 2.5251, 1.8281, 1.82  , 1.1591]
[-1.4765, 4.4713,-3.3134, 0.4038,-0.493 ,-2.6481, 1.5709,-1.3539,-2.2653, 2.7853,-0.553 , 1.5903, 1.8713, 0.7189,-0.9034,-0.4981, 2.8984,-2.0475]
[ 1.5705e+00, 3.4081e+00, 6.0904e-01,-6.2576e-01,-1.2145e+00, 7.0894e-01,-1.8132e+00, 1.3908e-01,-1.1248e-03, 1.1359e+00,-2.3139e+00,-2.8662e+00, 1.2918e+00,-2.9078e+00,-2.7589e+00,-1.0128e+00,-1.8837e+00, 1.1146e+00]
[-3.8243,-1.1131,-2.9413, 1.9593,-0.491 ,-2.2727, 1.6225, 2.4254,-2.3778,-2.0533,-2.2849, 2.54  ,-2.8995, 1.6992,-3.1377, 3.0119,-0.3862,-2.6684]
[-4.6135, 0.4824,-0.3123, 0.117 , 0.3893,-2.9399,-1.8004, 0.1316,-2.8325, 0.0817,-2.5264,-1.1797, 0.3995, 1.1289,-1.0063, 1.9071,-2.515 ,-2.0355]
[ 3.0625,-1.7546,-5.1993,-1.0173,-0.7154, 2.448 ,-1.7034,-1.719 ,-0.3768,-0.9926,-2.9316,-0.3703,-2.243 ,-0.4718,-0.3619, 1.7849, 2.8081, 1.233 ]
[ 2.9334, 0.0599,-2.4565, 3.0471,-2.8732,-1.8741,-2.4597, 2.6973,-0.7466, 0.0605,-0.9342, 2.9718,-2.0356, 0.7549, 1.0096,-2.5737,-0.0988,-0.1562]
[ 0.7664, 3.9853, 1.7898,-1.2292, 3.055 ,-2.0315,-1.2396, 1.9825, 2.9395,-1.488 , 1.7836, 1.6824,-0.0209, 2.9598, 0.0989, 3.0637, 2.5977,-2.133 ]
[ 1.6865,-4.9052, 3.2833, 1.0591,-0.1446, 2.8424, 2.1909,-1.9218, 0.7194,-0.3359, 1.6337, 0.1976,-2.462 , 2.1632, 1.036 , 0.4436,-3.0318, 0.6059]
[-4.6946, 0.8525,-3.4929,-1.1498,-2.7107, 2.5728,-0.2685, 1.5608,-2.9018, 1.4602, 0.9363, 2.0655, 2.7399,-3.0695,-2.8719, 1.8165, 2.2713, 2.3671]
[ 4.0657,-0.0395, 0.9728,-2.011 , 2.125 , 0.1095,-1.8455,-0.3328, 1.6729,-0.8833, 1.9627, 2.6111, 2.1032,-2.3331, 0.5871, 2.2122,-2.8038,-1.5875]
[-4.7131,-3.8667, 2.4842,-0.8673, 1.4657,-0.0067,-2.6976, 1.7024, 1.4   , 1.6189,-1.5094,-2.1582, 1.7574,-1.4171,-3.0371,-0.7653, 1.0047, 1.4612]
[ 1.5506, 2.1825, 4.1444,-2.528 , 2.1814, 0.5832,-1.5381,-1.525 , 1.067 ,-1.3057, 1.086 ,-1.3597,-1.7826,-1.6155,-2.6782, 1.6221, 1.9143,-1.7946]
[ 0.6139, 0.6883,-2.1496,-0.2701,-1.6933, 2.206 , 2.2416,-0.5433,-1.679 , 0.0484,-2.7103, 1.6692,-0.7063,-0.4617,-0.8893, 1.8802, 2.2012, 1.1845]
[-2.7241,-0.7823,-1.2459, 1.04  ,-0.9896,-0.387 ,-2.0803,-1.1009,-1.4388,-0.7498,-2.9377,-2.4275, 1.0455,-1.5056, 1.0989, 1.539 ,-2.652 , 2.3209]
[-0.9745, 1.4288, 4.0266,-1.8927,-1.8734,-1.727 ,-0.795 ,-2.3254, 1.997 ,-2.6657, 2.5844,-1.5529,-3.0053, 1.4007,-2.9673,-2.4484, 2.6953,-2.2742]
[-0.3282,-0.3801,-2.4493,-0.3663, 2.0672,-0.2276,-1.7439,-1.7704,-1.1812, 0.9863, 2.9545,-0.6341,-2.5997, 3.054 , 2.5773,-1.0715, 0.2899,-1.6453]
[-1.252 , 4.6465,-5.4995, 2.7291, 0.0129, 2.1331, 0.5303, 1.5752,-2.6852, 2.4323,-2.9347, 3.0003, 3.0273,-1.0807,-0.5387, 0.4021,-2.7204,-1.2485]
[-2.2998,-4.5688, 4.009 ,-2.0334,-1.9553, 0.6257,-0.5977, 2.9898,-1.2524, 3.0895,-1.4118, 2.898 ,-1.8664, 0.3094, 0.4992,-2.1707, 1.3737,-0.499 ]
[-3.7751, 0.6042,-0.8781, 1.4171, 0.7214,-1.836 , 2.7731, 2.8801,-1.5201, 2.2856,-2.935 ,-0.6819, 3.1168, 2.0074,-0.4132,-0.7791,-2.1198,-2.7912]
[-0.193 , 4.321 ,-1.6017,-1.4692, 1.9166, 1.285 ,-2.6728,-1.3725,-1.6602, 1.6696, 0.8341,-0.8277, 0.5726, 1.2992, 0.0535, 1.2495,-2.0485,-2.0109]
[-2.0889,-0.2422,-0.1283, 1.5064, 2.8189, 1.8485, 1.2385,-2.1518,-1.9734, 0.2872,-0.2454, 3.0246,-2.5315,-0.5695,-2.8198, 0.8727, 2.1471,-3.0416]
[-3.0345, 5.4356,-1.0873, 1.7039, 2.66  ,-0.9618, 1.1072, 0.1113, 2.761 ,-2.0095,-0.3828, 2.3097,-2.4518, 1.0316, 2.4399, 0.1145, 0.0858,-2.7759]
[ 1.8332,-1.5723,-5.0587,-2.2744,-0.9485, 1.5978,-0.7579,-0.2809, 3.1012,-0.7921, 1.0319, 0.5608,-0.2579,-3.0541,-1.5989, 0.2731,-2.1676,-0.7772]
[-1.603 , 3.9142,-2.697 , 0.0424, 1.4251,-2.6462, 1.9391,-2.1345,-0.1416, 2.7935, 1.3563, 1.3235,-2.7059,-0.1074, 1.8919, 2.1228, 2.6656, 1.1945]
[-2.1614,-3.2619, 4.8348,-2.8096, 0.0296,-2.8281, 1.0631,-1.4248, 2.6758, 3.0612, 0.706 , 1.3726, 2.7071, 2.3986,-1.2898, 2.0566,-1.9331,-2.6449]
[ 0.6678, 2.3826, 3.2373, 3.1381,-1.9451,-1.5574,-0.6522, 2.2173,-2.9946, 1.6962, 1.0113,-2.0416, 1.6372, 2.6193, 0.5886, 2.8099,-3.0354,-0.1123]
[ 3.3835,-5.2689, 3.239 , 2.6851, 1.817 , 0.4198, 2.0435,-0.5144, 2.2335, 0.2448,-0.4119,-0.5103, 2.8505,-2.8581,-0.7056, 0.972 ,-1.7958, 1.878 ]
[-5.1475, 4.8494, 0.9353,-2.1624,-2.8597, 2.7606, 0.3999, 0.4048,-1.4191, 3.0484, 0.4744,-2.2715,-2.2708, 3.0946, 2.372 , 0.0995, 2.9861, 1.3621]
[-4.1156,-2.2577,-3.6806, 2.4124,-1.0218, 0.9257, 2.9131,-1.9578, 0.4303,-0.264 , 2.7511,-0.274 ,-2.2499, 1.4092, 3.042 ,-2.4502, 0.4519,-0.181 ]
[-1.1623,-4.0181, 0.1126, 0.0268, 2.1849, 0.6812, 2.2161,-2.3285,-2.0948,-0.4984, 0.8419,-2.5613,-2.1537, 0.0837, 1.0459, 0.7833,-0.045 ,-2.5455]
[-0.9713, 0.762 , 4.7023,-1.6943,-0.045 ,-0.8373, 3.1154,-2.3071,-2.6578, 0.948 , 1.4985,-1.1963,-1.6159,-1.4418,-3.074 ,-2.0072,-1.6525,-0.9008]
[-5.1852,-0.0076,-3.362 ,-1.658 ,-1.4256, 3.0431, 0.2947, 1.3076, 0.2934, 2.2779, 1.1935, 0.0428,-0.1005,-2.8972,-1.9502, 2.4424, 1.6631,-0.9751]
[ 1.5817,-0.3809, 4.8089,-1.4624, 2.3811, 1.9439,-0.2284,-2.9692, 3.0398,-1.119 ,-1.625 ,-1.39  ,-0.991 , 3.1157,-0.0838, 0.8565,-0.1868,-2.7906]
[ 3.8783,-2.837 , 3.8452,-3.0737,-0.1943, 2.8675, 2.5292,-2.0842, 1.609 ,-2.6875,-2.0432,-1.2734, 0.6899,-2.3173, 0.6926, 2.8015,-1.9388,-1.8378]
[ 4.6902,-4.9646, 4.0937, 0.9071, 0.0568,-2.4809, 0.2046,-0.8519, 1.889 ,-2.8737, 2.7898, 0.0479,-0.1048, 1.5675,-2.447 ,-1.5402, 0.2806, 1.3702]
[ 1.2277,-4.8586, 0.1337,-2.9535,-1.4086, 2.6416,-2.7408,-1.7761, 1.204 , 3.0356,-1.2282,-0.7828, 2.9811,-0.5578, 1.4724,-0.9794, 0.7022, 1.599 ]
[-5.4474,-2.9202, 0.9636, 2.5213,-0.8136, 2.7099,-2.0886,-0.1451, 0.4444, 0.9471,-0.4843,-0.4506,-1.3226,-0.7034,-0.0273,-2.9723, 1.0263, 0.2785]
[-2.4327,-4.6514,-2.6218, 0.0373,-1.1428, 2.5628, 0.0661,-2.8109,-0.2652, 2.4188, 2.1883, 1.4862,-2.8464,-2.2336,-2.8354, 1.0455, 1.4567,-2.3713]
[-1.4075, 1.0446, 0.7931,-1.867 ,-2.8848,-2.9976,-2.3856,-2.1635, 2.6941,-2.6757,-2.5497, 0.4003, 0.5969, 1.9996,-0.7274, 1.1884, 0.7665, 2.6301]
[ 5.4623, 1.181 ,-1.1807,-1.642 ,-1.6681, 2.7251,-1.8245,-1.7542,-0.8764, 1.317 , 2.6721,-0.8758, 1.3587, 1.1344, 0.2119, 1.2746, 2.7717,-0.3742]
[-4.114 , 2.5323, 0.2634, 0.8435, 1.9015, 1.4566,-1.6691, 2.8029, 1.0516, 0.9865,-1.2679, 1.8316, 0.6617, 1.176 , 0.4615, 1.5986, 1.0736,-2.8952]
[-4.7644,-1.3122,-0.1219, 1.3376,-1.9343, 2.1781,-0.8478, 2.6599, 1.3728,-0.7942,-0.7262,-1.7194,-1.969 ,-0.7976,-2.7872, 1.4322,-0.7572, 1.378 ]
[-3.8158, 2.5942,-4.1707, 0.4401,-0.2176,-1.4029,-1.1622,-1.1569,-0.493 , 1.6096,-1.5911, 0.2001,-3.063 , 2.0754, 0.4737,-2.0579,-0.4483, 1.4501]
[-1.1987,-4.1983, 2.8171,-2.8295,-1.1604, 1.4327, 1.9572, 1.2831,-0.714 ,-1.9745, 3.0546,-1.406 , 3.0386, 1.4902,-0.4318, 2.6533,-1.5544,-1.502 ]
[-2.973 ,-1.3869, 2.1901,-0.433 , 2.9999,-1.0188, 0.6081, 1.469 , 2.6437, 2.3223, 0.5403, 0.4951, 2.2923,-0.9024, 0.022 , 0.9105,-2.8221,-0.7489]
[-2.8146, 3.05  ,-2.1341,-2.8032, 1.0817, 1.5569, 0.3703, 0.9245,-2.7251, 0.9115, 2.9301,-0.8441,-2.8096, 0.983 ,-2.1713,-0.4058, 0.3321,-0.9453]
[ 4.7361, 2.2548, 0.9471,-0.526 , 0.5349, 1.1417,-0.9956, 0.5716, 1.0298,-1.9697,-3.0239, 1.3942, 1.3625,-2.4378, 0.2168,-0.5836,-1.5009,-2.5885]
[-1.2244,-2.9311, 5.0958, 2.3367,-3.1307,-0.0844,-1.7951, 1.2666, 0.8795, 0.7793, 1.4868,-1.4051, 0.0164,-1.6942, 0.9527,-2.9892, 2.8567, 0.3703]
[ 2.8529, 4.2921, 1.6404, 1.8612, 0.8982,-0.4894,-1.3668, 2.7033, 2.1135, 3.1014,-0.1481,-3.0708, 0.1535, 1.2158,-1.253 ,-1.689 ,-1.7525, 0.7213]
[-2.6766, 4.5771,-2.6981,-2.7585,-3.0965,-1.5452, 2.9812,-2.0278,-1.2432, 2.7074, 0.8302,-0.6146,-2.4761, 3.1026,-1.887 ,-0.8956, 0.0466, 0.974 ]
[ 1.5185,-1.427 ,-5.3888, 0.145 , 2.7872,-0.4785,-0.7716,-2.521 ,-0.2292,-0.1148,-1.2677,-0.9204, 0.853 ,-1.0594,-2.3897, 1.5615, 2.8612, 1.0535]
[-3.0325, 5.3023, 3.5897,-0.6499, 2.0233,-2.1889,-2.7314, 1.1337,-0.3732, 2.7015, 1.0222, 1.9162, 2.8507, 2.6628, 0.267 ,-0.7206, 0.9974, 1.2325]
[-1.7291,-0.4806, 1.1673,-1.3358,-2.5429,-2.6863,-1.2032, 2.4911, 2.123 ,-0.9819,-2.7464, 1.3117, 3.0693,-1.2331,-0.6314,-1.6908, 2.6121, 0.852 ]
[-3.3979, 4.6011, 2.9774, 1.0818,-2.6689, 0.256 ,-2.9293,-0.8581,-0.4504,-2.2226, 0.9043, 1.8865, 0.1015, 2.6662, 1.2165, 1.0651,-0.4165, 2.1958]
[-3.8485, 1.866 , 4.6487,-1.2873,-0.5711, 0.5297,-2.0842, 2.8976,-0.3197, 0.8151, 2.6192, 2.7071,-0.1046,-0.9213,-2.1795, 1.6954, 0.3569,-1.9281]
[-2.5557,-0.979 , 4.4742,-2.1709,-1.8251,-0.9536, 0.3288,-0.5834, 1.6608, 0.22  , 2.8606, 1.4071, 1.7871, 2.5027, 2.5974,-3.0334,-0.5804, 1.9148]
[-3.4089, 4.782 ,-3.2803,-1.0316,-1.6533,-3.0387,-2.7659,-1.95  ,-1.5051,-2.4737, 1.2336, 2.4462, 0.6992,-0.8829,-2.9175, 2.8783,-1.1116, 2.4489]
[-2.6911,-0.4409,-0.183 , 2.1691,-0.5776, 1.1158,-1.2594, 2.0524,-1.4974, 1.57  , 1.3353,-0.5591,-1.873 , 2.3525, 1.4206, 0.2364,-3.0742,-0.5042]
[ 3.7151,-4.6717,-2.3257,-1.8697,-0.981 , 2.7129,-2.8565, 2.5733,-3.1198,-2.4949, 0.4928, 0.9024,-2.8073, 1.8535, 0.6186,-0.4338,-0.8309, 1.733 ]
[ 2.4276,-2.0327,-3.065 ,-2.0509,-3.0154,-3.1151,-2.0065, 2.2627,-0.4117, 0.4696, 2.3848, 1.8305,-1.463 , 0.4433,-1.5324, 1.5238, 2.9047, 0.8596]
[-1.6641,-4.1107, 1.7024, 2.6601, 2.1948, 0.1603,-0.1896, 1.4792,-0.0138,-0.397 , 0.0368,-0.9547, 1.5051,-1.8644, 1.3779,-2.0973,-0.5891,-0.1708]
[ 1.7348,-1.1828, 3.7355, 1.9815, 1.8568, 1.063 , 3.0573, 0.809 , 1.2705, 0.4655,-0.1103, 0.8369, 1.3803, 2.4657,-1.4427,-1.562 , 1.9087,-1.2648]
