[-0.1679,-4.5879, 0.4059,-2.4528,-2.1235, 2.211 , 1.0693, 0.406 , 2.3881,-1.6782, 0.7106,-1.0657, 2.7549,-1.7279,-2.2228, 2.3097, 0.4311,-0.6377, 0.2193, 2.7427]
[ 2.1015,-1.4257, 4.5239, 3.1038,-0.7944, 0.2984, 1.8152,-1.4504,-1.0333,-0.525 ,-0.8367,-1.6629, 0.9604, 3.0482, 1.1265, 0.0795,-2.7685,-2.5616, 0.0128,-1.233 ]
[ 4.8879, 3.3225, 3.8704, 2.5667,-2.7172,-0.6289, 1.2595,-2.3299, 0.6302,-1.9139,-2.5698,-2.4929,-2.7328,-1.117 , 3.0241,-0.5309,-0.1613,-3.1379, 0.0943,-0.4376]
[ 0.5839,-0.2207,-0.5392,-2.3539,-1.3898, 2.2413,-1.0602, 2.8945,-2.5983, 0.7804, 0.7663,-1.332 ,-2.1299,-1.6161,-1.8076, 1.5737, 0.1898, 2.1514, 2.0043,-0.4711]
[ 3.8712,-5.3021, 4.308 , 2.5389, 2.1116,-2.6563,-3.0034,-2.4631,-2.1127, 0.5083,-2.0757, 3.0448,-0.6832,-0.772 , 0.0811, 1.0361, 2.6575, 1.4414, 1.0413, 0.2555]
[-3.8769,-3.2668, 0.7372,-1.5552, 2.5732, 0.2373, 1.4872,-2.6977,-0.3613, 2.9992, 2.273 , 3.0743,-1.3696, 0.4905, 0.9553, 2.2064,-2.8809, 0.5646, 2.9598,-0.7853]
[-2.3829,-1.4504,-2.8098, 0.3601, 1.4643, 2.6738,-2.7938,-2.7799, 2.3291, 1.7008, 0.9069,-0.119 ,-0.6991, 1.9693,-0.6752, 0.3747,-2.6599,-1.1657, 1.5705,-1.9865]
[-3.1257, 3.4566, 0.486 ,-2.5539, 1.3179, 0.8129,-1.9819,-2.7662, 3.0085,-2.6492, 0.4998, 1.9792,-3.04  , 3.0416, 3.1057, 0.8437, 2.1645,-1.6576, 2.5641, 1.2476]
[ 4.0163, 5.4147, 5.1201,-3.1024, 0.4044,-2.6621, 2.3151,-2.7558,-1.3466,-2.8291,-0.7449, 0.5554,-0.995 ,-2.3447,-0.0227,-1.4511,-0.3876, 1.3129, 1.9721, 0.8319]
[ 2.1509, 5.1568,-1.7017, 1.787 , 1.3359,-2.6267,-2.6704,-0.7347,-0.8222, 1.2041, 1.5255, 2.9267,-0.949 ,-2.4155, 1.4354,-0.3056, 1.3349,-0.043 ,-1.2609,-1.436 ]
[ 2.192 ,-0.257 , 5.147 , 0.3068,-1.7277, 0.881 ,-1.3254, 2.72  ,-0.1784, 2.7325, 0.1861, 0.6541, 2.6592, 2.837 , 1.3241, 0.819 ,-1.613 , 2.7291, 2.794 , 3.0575]
[-5.4449,-4.715 , 1.2102, 2.2613, 0.8005, 1.1305, 0.8291, 2.1521,-1.3398,-1.4829,-0.6108,-1.9887,-2.6271,-2.1701,-0.2163, 1.2157, 0.9236,-1.5746, 0.1746, 0.8979]
[ 3.2055,-2.4432, 2.1644, 0.8161, 1.3541, 0.1344, 1.7564,-1.4287, 0.0471,-2.5745, 2.8304, 1.0871, 0.2742, 1.7362, 2.2684,-3.0863,-0.6929, 0.2405,-1.3709,-0.719 ]
[ 0.7314, 2.5942,-2.9254,-0.369 ,-1.3537, 0.2221, 1.2743,-2.946 ,-0.6221,-1.9583, 0.0231, 2.005 ,-2.18  ,-1.693 ,-0.1966,-0.4198, 1.9909,-1.0871, 1.81  , 0.6457]
[-3.9039,-2.3173,-4.3472,-2.6248, 2.5823, 2.2983,-0.409 , 2.5947,-1.2562, 2.3447, 2.4491,-2.6141, 1.854 ,-2.8204, 1.7919,-2.8297,-0.0346, 2.7169, 1.9702,-0.2021]
[ 3.1038, 0.8207,-3.6586,-2.6538, 2.6572, 2.1174, 1.6351, 1.9465, 1.786 , 2.2847, 3.0946, 2.8259, 1.5007,-1.6534, 0.4191,-1.4443,-2.6806, 1.9666, 1.4391,-3.0501]
[ 4.1796, 1.127 ,-0.9001,-2.7864, 1.1443,-0.8755,-1.9717,-1.0348, 2.7276,-2.0751, 1.7063,-2.422 , 0.2041, 2.9966, 2.5707,-2.4525,-1.2794,-0.5368, 1.1413, 0.7449]
[ 1.1497, 1.4425, 1.0391, 1.1531,-2.3709, 1.0979,-1.0202,-1.8502,-0.2121,-2.0081,-0.7831, 1.459 , 2.0773, 0.0837,-1.2967, 1.9487, 0.6208, 0.0519,-0.5736, 0.3075]
[ 1.2709, 2.6037,-2.9242, 1.0725,-3.0753, 3.1028,-2.6327,-2.8558,-0.0231, 2.2121, 2.5985, 0.661 ,-2.7227, 2.9826,-0.7322,-1.077 ,-2.8817, 1.6979,-2.5629,-1.6242]
[-2.3289, 0.8005, 3.0029,-0.3489, 2.4846, 2.8834, 2.3594,-1.394 , 1.158 , 0.3741,-2.0162,-3.0305,-0.5936,-0.3247, 2.026 , 1.9531,-0.7614, 1.3839, 1.9197, 0.8944]
[ 2.9334, 5.3253,-3.4903,-0.7889, 1.5123, 2.9822,-0.9435, 1.6975, 2.5676, 1.9055,-3.0664, 1.9602, 0.0254,-0.2665,-0.5121,-2.3751,-1.3567, 2.8498,-1.8461, 2.2121]
[-3.7395,-3.5612,-3.6379, 2.9919,-2.774 , 0.5239,-2.8006,-1.3992,-2.2446,-1.6651,-0.289 , 3.0574, 1.8144,-0.904 ,-1.0936,-0.7882,-1.5256, 0.4631,-3.0887, 2.542 ]
[ 1.6531, 3.4552,-2.6579, 0.4952, 1.0908, 2.6276,-1.7496,-2.7437,-2.3439, 0.4112,-1.8155, 0.4824, 1.2678, 0.2645, 2.4099,-1.5658,-2.4638, 1.8925, 1.5339,-0.0598]
[-0.3691, 0.3147, 1.8854,-1.2231, 1.754 , 2.1426, 3.0074, 0.7411, 2.7391,-3.1114,-2.3026,-1.3081,-1.7341, 0.1697, 0.5308,-1.3712,-1.4077, 0.2946,-2.9773, 0.8126]
[ 1.6702, 4.7605,-0.4983, 0.1278, 2.5022, 2.295 ,-0.0276,-2.1305,-1.6671,-2.4007, 1.4965, 2.7523,-2.9544,-2.4856,-2.209 ,-1.9938,-2.2532,-2.3764,-1.2015,-1.3762]
[-0.65  , 1.2996, 1.588 , 0.3483, 1.8388,-0.2962, 1.599 ,-2.9311, 1.2065,-1.0816,-1.118 ,-0.1322,-1.1412, 2.0569,-0.8907,-1.1064,-1.9083, 0.8673,-1.6077,-0.9146]
[-4.1291,-1.5813,-1.3465,-1.4453, 0.6346,-2.6757,-0.4497, 1.946 , 0.1474,-2.8054,-0.2651, 2.0238, 0.0524, 1.0625,-1.3317,-1.5348, 0.6115,-1.1306,-1.742 ,-0.6871]
[ 5.0517,-4.5907,-3.1035,-1.6278,-0.9793, 0.01  ,-2.7853,-0.9732,-2.0505,-2.8886, 3.0426, 2.4303,-0.7106,-2.4481,-0.4516, 1.2085,-2.2214,-1.6974,-1.6434,-0.4064]
[-5.0989, 0.2272, 4.4447, 1.2251,-1.5572,-2.9166,-0.6724,-2.6596, 2.6357, 1.1363, 2.1741,-2.0295, 0.4137, 2.4217, 0.8418,-1.7839,-1.4807, 2.7077,-0.822 , 2.4869]
[ 1.3661,-3.8767, 2.0001,-2.6317, 0.8892,-2.4888, 0.446 , 0.8462, 0.0889, 2.4778,-2.8471, 2.7603,-2.3414,-1.6172, 0.1485,-1.5999,-1.4096, 0.3784,-0.6367,-1.043 ]
[ 1.7317, 4.7853,-4.326 , 0.9136, 1.0856, 2.1657, 1.8227,-1.1276,-0.2932, 2.7821, 1.697 ,-1.4784, 1.8326,-1.5521, 1.2564, 0.3816, 1.8437,-1.2789,-2.7737, 0.2345]
[ 1.7071, 3.2782,-3.3275, 3.1073, 3.0959,-1.3594, 2.7752, 1.1203,-1.777 ,-3.0267, 2.4491, 1.5197, 3.0031,-0.8982,-3.0673,-0.9808, 1.0238, 2.8753, 1.9562,-1.7403]
[-2.5265, 1.5678,-0.0251,-0.8763,-1.267 , 0.9381, 2.6646,-1.8088,-1.5742, 0.2754, 2.6508,-1.7491, 0.2905,-0.6084,-2.5049, 0.6201,-2.8483,-0.8816, 2.5233,-2.1725]
[ 4.4568,-4.0718, 0.9375,-3.0765, 0.6447,-2.0316, 0.4085, 2.4069, 0.1099, 2.3984,-2.0182, 1.9317,-2.547 , 0.7916, 0.691 , 3.1126,-0.1235,-2.7305,-1.9094,-1.4275]
[-0.5124,-3.4854, 1.3479, 0.1391, 1.7112,-1.9248, 0.4847,-1.213 ,-3.0965, 0.8063, 1.4531,-0.7585, 0.1567,-1.3782, 2.3065,-1.3424,-2.5788,-0.6231,-2.2291,-0.6283]
[ 0.9255,-1.7605,-3.9851,-1.1713,-2.2275,-2.5665,-0.3404,-3.0507, 3.0904, 1.0202,-1.5288, 1.1535, 2.9826, 2.2578, 2.9139,-1.9604,-1.2155, 2.7739, 2.1128,-0.274 ]
[ 3.0216,-4.872 ,-1.9677,-1.1532, 2.9475,-2.8378,-2.0693,-0.5167, 0.4234, 2.5015,-0.9956, 1.0266, 2.7878,-2.0315,-1.8751, 2.6861, 1.5206,-2.9191,-3.088 ,-2.8943]
[ 1.9849, 3.0935, 4.0035, 1.7294, 1.0867, 2.2953, 1.0301, 1.2947, 2.8409,-1.2224, 1.0658, 0.9462,-0.3942,-2.8728,-0.9297,-0.7345,-2.6537, 2.3686,-0.2529,-3.0367]
[-1.1182, 0.0634, 3.7617,-2.165 , 2.7425,-2.8031, 0.7888,-0.0439, 0.0271, 0.827 ,-1.7989, 2.4696,-0.0443,-1.8998,-1.3137,-2.4607,-2.205 , 1.1831, 2.543 ,-1.0206]
[ 1.6023, 1.7061, 2.2906,-0.3072,-0.8085, 2.3271, 1.348 ,-0.0065,-2.0619,-0.0207,-1.3718,-2.1714,-1.8909,-2.1112, 1.4202, 2.2871, 0.3823, 1.7354, 1.9555, 2.9879]
[ 4.1507, 3.163 , 0.6005,-0.0944, 2.8744, 1.591 , 1.7955,-0.1088, 1.6486, 0.1306,-1.3736, 1.7301, 1.184 ,-2.5569, 1.7872,-3.0752, 1.8325,-1.7637, 2.372 , 0.8322]
[ 5.2585,-0.9297, 0.1348,-0.6797, 2.2883,-1.2811,-2.6068,-0.8237, 0.0417,-0.6411, 2.5045, 1.6772,-2.4596, 1.8296,-1.2214, 1.0068, 0.9456,-1.7083,-0.7912,-0.6741]
[ 1.273 ,-4.3365,-4.3142,-2.4586, 0.3986,-0.1478, 0.4196, 1.5509, 2.6983,-2.5925, 0.5193,-2.0634,-0.4672,-2.3252,-2.4861, 3.0473, 2.7876,-1.742 ,-1.2305,-2.2318]
[-0.866 ,-0.0077,-4.6391, 0.4757,-1.4751,-2.6111,-1.2023,-3.0641,-1.374 ,-1.9207,-2.8068, 0.171 ,-2.8526, 0.4934,-0.8099,-1.1316, 3.1383, 1.3932, 0.5554, 2.4447]
[-4.658 , 1.6822, 4.2218, 0.2696, 2.7412, 3.0662,-2.9395,-2.9409, 1.118 , 2.4919, 2.7088, 2.5253,-1.6676, 0.541 ,-0.1836, 1.8736,-0.7632,-0.0989,-0.3652,-0.4455]
[ 0.7366, 4.1997,-5.3104, 1.0253,-0.0182,-1.4003,-2.3287, 2.8325,-1.3091,-2.7915, 0.9073,-0.1343,-0.453 , 0.4665, 2.1274,-1.1083, 0.3323,-1.7647,-1.6628,-0.8116]
[ 5.2902,-5.2237, 1.5333, 3.1221,-2.7783,-1.6313,-1.8062,-1.3609,-0.0197,-1.2714, 0.7168, 0.9749, 2.4553,-2.4844,-1.6608, 1.144 ,-1.7355, 2.7255,-1.1153, 1.4638]
[-4.3617,-1.5005,-4.2034,-2.9768,-0.4029, 2.2078, 2.5004,-1.4379, 1.0663,-0.3268, 2.1061, 0.3626,-1.5388,-2.0159, 0.6833, 1.6336,-1.9998, 1.3369, 1.5387,-2.0113]
[-2.6651, 0.2638,-0.6118,-0.6061, 1.0471, 3.0638,-2.2194,-1.6452, 3.0053, 0.9373,-2.5923,-2.3068, 2.73  ,-2.354 , 2.5459,-1.6657,-1.6757, 0.3228,-2.6748, 1.8439]
[-1.6065, 3.369 , 0.6456, 1.0699, 1.0677, 1.8038,-2.4412, 2.2522,-1.4416,-2.6166, 0.5564, 0.0853, 1.4618,-2.6275,-1.9353, 1.2823, 0.3587, 0.7984, 1.9365,-0.9585]
[-1.1405,-4.8456, 2.0378,-1.9052, 1.034 ,-2.0308,-1.0315, 0.7915, 1.2651,-2.0735,-0.0395,-2.1623,-1.555 ,-1.2854,-2.1933, 0.222 , 0.279 ,-2.5035,-2.5854, 1.953 ]
[ 4.2745,-1.8774, 4.3419,-1.4136,-2.7353,-0.7718, 2.0624,-2.529 , 2.8   ,-0.161 ,-0.2649, 3.1047,-1.7673, 2.298 ,-2.318 , 1.6758, 3.0394,-2.7559,-0.9132,-1.0044]
[ 2.685 ,-1.0753, 0.1443, 1.7214,-1.902 , 0.1346, 1.2411,-0.6137,-2.0403,-0.6065, 0.9219,-3.0226,-0.43  , 1.8014, 2.9232,-2.411 ,-2.4307, 1.4505, 2.1379,-2.2652]
[ 1.6263,-0.2654,-2.7051, 2.7459, 1.0345,-1.3333,-2.598 , 2.8571, 2.0121,-0.1838, 0.4674, 0.5775,-0.6245, 1.009 , 0.5914,-2.3959, 0.0692, 0.8586, 2.8493,-0.1393]
[ 0.4824, 0.8577,-4.5643, 2.641 ,-1.0801,-0.012 , 3.0447, 1.484 ,-2.7084,-1.0015, 1.2195, 0.5053,-2.9915,-2.0623,-2.3004,-0.5226,-1.5914, 1.1479, 1.4093, 2.5684]
[-3.6784, 3.4947, 3.8943, 2.4164, 2.1873,-1.9936, 0.2124, 0.7948, 0.662 , 1.479 ,-2.4687, 1.5307, 1.3807, 2.5589,-2.8382, 0.7394, 2.6929, 2.1186, 1.4297, 1.4325]
[ 0.0451, 1.3716,-2.5487,-0.2647,-1.1584,-1.1816, 0.5351, 2.9935,-1.6016,-0.1327, 1.0899, 2.9399,-1.2513,-2.3826, 1.8656,-0.4809, 2.9167,-0.475 , 0.1564,-1.7905]
[ 4.2807,-1.1194,-0.6683,-1.8081, 1.3826, 2.0161,-2.3392,-1.3231, 3.0696,-2.7784, 1.2708, 0.1681,-0.5662, 2.4604, 0.0092,-2.9785,-0.9502, 2.3753, 1.3552,-1.4563]
[ 1.4269, 4.2422,-0.0511, 2.7829,-1.1297, 2.8983, 1.4817, 1.2124, 0.5743, 1.9757,-2.7701, 1.0074,-3.1156, 2.1056,-0.1746,-0.0231, 2.9245, 0.7672, 1.8865, 1.1172]
[ 4.2088,-1.9521, 1.8872, 0.4412, 0.0883, 3.0899,-1.2582, 2.6183, 2.3063,-2.813 ,-0.4798,-2.6748,-2.4629, 0.3264, 1.8084,-0.5833,-0.6861,-0.4472, 2.6758,-2.7489]
[ 3.2531,-4.3535, 0.7152, 1.8249,-0.2815,-1.6344, 0.9633,-1.6591, 2.2808, 2.9378,-0.4935,-0.0789, 2.4236,-1.7747,-3.0021,-0.2853, 0.6302,-0.3636,-0.3728,-0.7589]
[ 3.9825, 5.3949, 4.2483,-0.6576, 1.2019,-2.9131, 0.2154,-2.3518, 1.5954,-0.8402,-1.9164, 1.3143, 0.4738, 3.0872,-1.7925, 0.5156,-0.7464,-1.1218,-0.43  ,-2.981 ]
[ 2.4052, 0.0646, 3.1426, 1.0719, 0.1394, 0.0819,-0.7742,-2.0354,-0.7416,-3.0479,-1.568 ,-0.6627,-1.4622, 3.0744,-0.2094,-2.2849, 2.5765,-2.7402, 1.4015, 0.2045]
[ 5.332 ,-3.3921,-0.6841,-1.0233, 1.1641, 1.849 ,-0.4039,-0.474 ,-1.092 ,-1.36  ,-1.6565,-1.1029, 0.5926, 1.3422,-3.1251,-0.7265,-0.998 , 0.5341, 2.8918, 2.1388]
[ 4.5726,-3.6531,-4.6182,-3.0292,-1.8074,-1.2513, 0.6477, 1.6254,-1.8668,-0.9002,-3.0087, 1.4822,-0.9994,-0.2224,-0.1331,-0.4569, 1.1277,-0.5689,-0.9955, 0.922 ]
[ 4.9373, 4.2253,-2.3339, 0.9055, 0.556 , 1.4146,-1.2041,-1.2398,-0.0504, 1.7902,-2.3688,-0.4385,-1.4786, 1.886 , 2.5481, 2.7809,-2.3587, 0.5075,-1.5077,-2.6181]
[ 0.4957,-4.6643,-1.848 , 0.9664, 0.2955,-0.8284, 2.2274, 2.5323, 2.9259,-1.7913, 0.2157, 0.8554, 1.2401, 0.6418, 1.4333,-1.4339, 2.7065, 1.9374, 1.6891, 2.9831]
[ 2.2938, 2.267 ,-4.1359, 0.7105, 2.4135, 1.4455, 0.2757,-1.6004, 1.0125,-0.5368, 2.7019,-1.5772,-2.3715,-0.4151, 0.864 ,-0.6948,-3.1272, 0.6126,-1.266 ,-2.2668]
[ 0.6092,-2.404 ,-0.3102,-2.0905, 0.9632, 2.959 , 0.3496, 2.3462, 0.6596, 0.2102,-0.1903, 0.1802, 0.5168,-2.1055, 1.0405,-1.8054,-2.803 , 2.9406,-2.3285,-1.7235]
[ 4.2008,-3.1796, 2.1126,-3.083 , 1.9252,-0.1402,-0.222 , 2.1992,-2.1973, 1.4498,-1.5535, 2.7311,-1.6243, 1.3488, 0.2674,-2.686 ,-0.5157,-2.9174,-1.9359, 2.237 ]
[ 4.6797,-3.7728,-1.5776, 2.3258,-0.4544, 0.6392,-1.3602,-2.9588,-0.067 ,-1.612 , 2.8633, 0.841 ,-2.6595, 0.4121,-0.5255, 1.955 ,-0.5714, 0.6304, 0.4727,-0.1069]
[ 3.4   , 4.141 ,-2.5643, 1.5499, 0.5236, 3.0909,-1.3497, 1.6536, 2.4021, 1.6793, 2.0737, 2.2447,-3.133 , 0.1311,-2.9288,-0.5252,-1.531 ,-0.193 , 2.8371, 1.4979]
[-0.3283, 0.5768,-3.9459,-0.7949,-3.0814,-2.9252,-1.9348,-1.5007, 0.7068, 1.4822, 1.4576,-2.9981, 0.2353,-1.7312, 0.3309,-2.1362, 0.7935,-2.6625, 1.8728, 0.7254]
[ 0.3407, 5.0917,-2.4713, 2.2591,-1.1917,-0.2821,-2.3962, 2.6879, 3.0868,-3.0992, 1.3689,-2.5186, 3.0466,-0.5753,-0.7766,-0.2591, 0.7077,-0.9661, 0.3459,-2.7041]
[-0.162 ,-3.9386, 4.4759, 0.1924, 2.5698, 2.6625, 1.4192, 1.1034,-2.0315, 2.4787,-2.4765, 0.7118, 3.0864, 1.5009,-1.7886,-1.0492,-0.7785, 0.8526,-2.4991,-1.098 ]
[-4.8422,-0.0884, 2.2917, 1.9971,-1.8882, 0.2993,-3.0246,-0.735 ,-0.6968, 0.4548, 2.7034, 1.1276, 1.3762, 1.6084,-0.8201, 0.7849, 2.2823, 2.4593, 1.3271, 1.077 ]
[-1.9384, 3.9162, 3.0099, 1.3139,-2.0737,-0.3693,-3.0116, 2.2614, 0.5212,-0.2175,-1.0505,-1.5933, 1.2362,-1.7702, 2.689 ,-0.7772,-1.8705, 2.75  , 1.9875, 1.8827]
[ 3.3371,-0.4021,-2.82  , 1.4446, 1.0056,-0.3067,-1.6845,-3.075 ,-0.6066,-2.2354, 2.3763, 1.3354,-2.0319,-0.0613, 2.2772,-2.1514, 1.3295,-1.8247, 0.8286,-1.9434]
[-1.3828, 3.916 ,-0.3525,-2.1594,-1.8121,-0.0415,-3.0813, 2.2798, 0.7658, 2.2062,-2.5015, 0.6985,-0.1846,-0.835 , 2.7665, 3.0841,-2.6623,-0.3339, 2.3213,-0.5044]
[ 2.8451, 1.4301, 0.008 ,-0.2219,-2.6654, 3.0978,-2.1761, 0.8298,-2.7173, 2.9654, 1.1396, 1.8192,-0.1302, 2.0436,-2.4442,-0.4153, 1.6226,-2.5927,-1.9601, 1.5292]
[ 3.7775,-1.8438, 0.9916, 2.7763,-0.7113,-0.1419, 1.9945, 1.4579,-0.0686,-0.1688,-1.4846,-2.9309,-0.5083, 2.883 , 2.8717, 1.3448, 0.2047,-0.442 , 0.9729,-2.4034]
[-4.0311,-4.8966,-5.3782, 1.8046,-0.6425,-0.8994, 0.6428,-2.6414,-0.6794,-2.6914, 2.0619,-1.442 , 0.2081, 1.0559,-3.0207,-2.5118,-1.9198, 2.0791,-0.1907,-1.6998]
[ 3.926 ,-4.7319,-4.5128, 2.5275, 1.196 , 3.1087, 2.8215, 2.5518, 2.7927,-2.485 ,-1.1026, 0.4707,-0.1119,-0.9206,-1.5956, 0.4554, 1.3232, 2.4456, 1.3173,-0.7179]
[ 4.9926, 2.3195, 2.2676,-1.1004, 0.58  ,-3.0505, 2.0487, 0.4657, 1.5466, 1.7765, 2.2003,-1.1315,-2.5369,-0.2677,-0.6146, 0.2719, 1.6922, 0.5811, 1.9904, 0.6127]
[ 0.2521, 4.2326, 3.1391, 0.0286, 2.6728,-2.3266, 1.0232,-0.7557, 0.0753, 2.195 ,-0.3993, 1.7341,-1.0804,-2.9365, 0.7531,-2.564 ,-1.8097,-2.6741,-0.0661, 1.7893]
[ 3.9841,-4.3042, 3.5364,-1.8918, 0.487 ,-2.6002, 1.985 ,-1.2643,-1.4651, 0.3607,-3.0341, 1.3022, 0.2725,-3.0809,-0.7135, 2.6475, 1.2465,-2.364 ,-0.3274,-1.954 ]
[ 3.8111,-4.2312,-3.961 ,-0.5207,-2.1402, 2.0299,-0.1256,-0.2123,-0.0147, 1.4461, 0.6865, 3.0388, 0.7831, 1.4899, 0.5954, 2.1238, 0.1127, 2.8862, 0.236 , 0.2745]
[ 1.6129,-0.3668,-5.1954, 3.126 , 0.1966,-2.7764,-2.3501,-0.3274, 2.2345, 1.3084,-1.6006,-1.4535, 2.64  ,-1.7201,-1.2992,-2.5459,-1.0815,-3.0292, 1.7452, 2.461 ]
[ 2.529 , 2.5572, 0.349 , 0.5571,-0.146 , 1.3922, 1.1203, 0.5587,-2.6991, 1.6711,-1.0763, 2.3137, 2.5642, 0.4194, 2.2317,-2.2126, 2.5564,-1.8227, 1.4316,-2.5164]
[ 0.6989, 2.5175, 1.6607, 1.5622, 1.2908,-2.7816, 0.9551, 0.8531, 2.4269,-1.2722, 2.6134, 0.9464,-1.8165, 2.6152,-1.7213, 1.4435,-0.8762,-2.3359,-0.5421,-0.8681]
[-1.6062,-3.0925,-2.8639, 0.2712, 1.5575, 1.643 ,-0.1607, 1.343 , 1.6863, 2.5437,-0.6622,-0.2538,-2.4365,-1.7645, 1.5303,-0.7853,-1.9559,-0.5455, 2.209 , 0.6333]
[ 0.1328,-3.6846,-1.1436, 2.0602,-1.8378,-0.5316,-2.1466,-3.0533, 2.7333,-2.0784,-3.0666, 2.4425, 1.2391,-0.2487, 0.8265,-2.9893, 0.7558,-1.8976,-2.2684, 2.0183]
[ 0.9955,-4.243 ,-4.3436, 0.9967, 1.161 , 1.3734, 2.4103, 2.2008,-0.7529,-1.9276, 0.3759, 1.9899, 1.9006, 2.8061, 0.3902,-2.6031,-2.8076,-1.0196, 1.8502, 0.8704]
[ 5.0302, 5.4382,-0.7193, 0.1533,-2.1907, 0.7199, 1.232 , 0.6496,-1.4412,-2.4184,-3.0549, 1.9287,-1.8224, 2.8469, 2.1507, 1.4078,-1.1938,-2.9306, 1.5497,-2.6971]
[-0.6219, 2.4998,-4.5096,-1.0439,-1.3343, 1.0134,-1.7346,-2.585 , 0.9468, 0.1767, 2.1198,-2.1215,-1.6707,-1.0947,-1.4212, 0.725 , 1.0978, 3.019 , 1.5498, 2.8311]
[-0.0785, 3.2055, 4.7891,-2.8478, 2.9456,-1.6583,-0.312 ,-2.1839,-1.7071,-2.8069,-1.3697, 2.2916, 1.2085, 0.6738, 2.1115, 2.2988, 1.8159,-2.7658,-1.838 ,-1.8731]
[ 0.2235,-4.9464, 0.8568, 2.2067, 2.8187, 0.4387, 2.2723, 2.3547, 1.7077, 2.6874, 1.6419,-0.9708,-1.0982, 2.8228,-0.1284,-1.7071, 2.1743, 2.4162, 1.1702, 1.3573]
[ 4.2571, 1.8782, 4.4046, 3.0729, 0.0323, 2.9815, 0.9567,-2.3009,-1.9206,-1.0868, 0.8632,-0.5375, 2.745 ,-0.7873, 0.4861,-1.4072,-1.583 ,-1.8083,-1.5312,-1.0634]
[-4.2079, 5.2482, 5.0955, 3.0826, 2.199 , 0.7819, 1.2392, 2.6369, 1.0052, 0.9343,-1.0895, 2.5227, 1.3716,-0.5448,-1.0039, 2.0697,-0.8947,-2.0494,-1.8475, 2.172 ]
[ 4.9299e+00, 3.8831e+00,-1.8688e+00, 2.6656e+00,-1.6400e+00,-2.9635e+00,-1.6232e-01,-1.9338e+00, 2.6065e+00,-1.8067e+00,-1.1727e+00, 2.4839e+00,-1.0769e+00,-5.5569e-01,-1.5057e+00,-1.6567e+00,-3.7688e-03,-2.5925e+00, 2.1421e+00,-3.0821e+00]
