[ 1.9427,-3.0522,-5.1365, 2.5989,-3.1034, 1.7317,-2.7091, 2.7022, 2.9237, 0.3934,-2.1556,-2.7941,-1.9914,-1.2528,-1.6508, 2.045 , 2.8498, 2.3838,-1.7322, 1.6995,-1.7197,-2.1162, 1.7721,-1.0316, 1.7227]
[ 0.4706,-4.9612,-0.9779,-3.1357,-2.0045,-2.8864, 0.2007,-3.0692,-2.8206, 0.9007,-1.7782,-0.2094, 2.6531, 1.7271,-0.9353, 2.0926, 2.7734, 1.2025,-0.3394, 2.1805,-0.9841,-1.5056,-2.7156,-2.689 , 1.5605]
[ 4.6544, 2.3319,-2.2276,-2.609 , 2.5569, 1.1145, 0.6941,-2.375 ,-1.4678, 2.0878, 2.2585,-1.9064,-1.9859,-0.813 ,-3.0386,-2.3095, 0.6446, 1.5534, 1.8741,-1.2438,-2.4727,-2.0551, 0.6171, 2.9949, 0.4076]
[ 4.8671, 3.5386, 4.0472,-2.816 , 0.1863, 2.0427, 1.7053, 1.103 ,-1.2811,-1.9024,-0.3351, 2.4314,-2.0486,-0.1906,-2.9883, 0.9934, 2.9759, 2.8261, 2.2219,-1.2622, 0.5511,-2.4361,-0.4343,-1.9095,-0.6343]
[-4.051 , 0.0589, 4.1434,-2.7046, 0.7734,-0.9564, 2.0709, 1.4445,-0.731 ,-2.3862,-2.4318, 0.435 , 0.7069,-1.751 , 2.9146,-1.3285, 0.1945, 0.99  ,-0.6096,-0.615 , 0.9672,-1.2113,-1.9699,-0.3846,-2.9912]
[-2.1825, 4.0497,-3.8329,-1.2529, 2.7333, 1.41  ,-0.1989,-3.126 ,-3.0165,-2.7624, 1.1891,-2.1951,-0.5263,-0.0372,-3.0209, 1.919 ,-1.4659, 2.9102,-2.9783,-0.225 ,-1.6378,-1.2872, 2.1741,-0.9766,-1.4096]
[-5.0044, 3.6282, 2.847 ,-2.5593,-0.8882,-2.3031,-0.2295, 0.2936,-2.6391, 0.9412, 1.5782, 2.441 ,-2.5526, 2.0216, 2.7783, 1.1018, 1.1116,-0.6925,-3.0801,-2.5004, 0.8288, 1.0784,-1.5192, 2.7158,-0.455 ]
[-0.4269,-2.9153,-2.8229, 2.5142, 1.7755, 1.4888,-0.8275, 0.5023,-2.8812, 1.8465,-1.6077,-1.5322,-1.9528, 0.586 ,-2.6577, 1.9641,-1.9862,-1.387 , 0.9539, 2.3495, 2.8228,-3.0018,-2.269 ,-0.4799, 0.4564]
[ 5.1569,-3.2812,-1.4542,-1.5281,-2.8923, 1.2892, 1.072 ,-2.9758, 0.6648, 0.3527, 0.4586,-2.2761,-2.6323, 0.4895,-0.5789,-0.4665, 0.8851,-1.4792,-2.7152, 2.6015, 0.5462,-1.6139, 0.4156,-0.7276,-2.7285]
[ 3.3616, 0.6311, 2.209 ,-0.9081, 1.2005, 0.8966, 0.0344, 2.3031,-2.5848,-2.7485, 0.7723,-1.729 ,-0.2747, 0.4699,-1.3566, 2.8339,-1.7592,-1.07  ,-2.5103,-0.7633, 0.1926, 1.8385, 2.167 ,-0.2353,-2.1965]
[-1.6896, 4.8447,-3.4676,-0.396 ,-1.7706, 2.8801, 3.1206, 1.7788, 0.9071, 1.3572,-0.4161, 0.1102,-2.7199, 2.9999, 1.7423, 0.0675,-0.2636, 2.8964,-2.045 ,-2.581 , 3.057 ,-2.5136,-0.9991,-1.3596,-3.1258]
[ 5.1207, 3.2131,-3.0613,-2.9298, 0.404 ,-0.8439,-1.6925, 1.2319,-1.2471,-2.2209, 1.4277,-0.1892,-2.2282, 2.8198, 2.0495,-2.1876,-0.2951,-0.8633, 2.6069, 3.0489, 2.6776,-2.4267, 1.2769, 2.408 ,-2.705 ]
[-0.833 ,-2.0702, 4.5272, 0.9527,-0.9271, 1.5527, 0.3557,-0.3544, 2.5165,-2.9635, 2.1971,-2.0513,-0.5916, 0.0206, 2.1183,-2.6422,-0.0669,-3.0672, 2.7217, 2.2918,-1.6502, 2.013 , 0.507 , 2.9646, 1.2267]
[ 0.7488,-3.7772, 4.2964, 0.6493,-2.8871,-1.1339, 2.9267, 0.7582,-2.2954, 1.4518, 2.3015,-2.1202, 1.9221,-1.3317,-2.3883, 2.7084,-2.1271,-2.6921, 0.5988,-0.0883, 2.629 , 0.9003, 0.2061,-2.9762, 0.9694]
[-5.0593,-5.004 , 3.0667,-1.1275, 2.1541,-2.4133, 3.0073, 2.1068,-1.6599,-1.8797,-1.3099, 2.9202, 2.6768,-0.2834,-1.8472, 2.719 ,-2.3981,-1.3573, 0.2402, 1.0892,-2.568 ,-0.2791, 1.2026,-2.3188,-2.9623]
[-4.5126,-1.6009, 2.6498,-2.9754,-0.5367, 0.557 ,-2.2348, 2.8801,-0.3619,-2.5969, 2.7238, 0.4368, 0.5856,-2.1662,-2.8302, 1.2197,-0.1496,-2.3444, 2.9818,-1.816 , 2.3271,-0.5126, 1.8017,-0.47  ,-1.206 ]
[ 0.6624,-2.3193, 2.601 , 2.2507,-0.9261,-1.3119, 1.94  ,-2.7081, 2.5118, 2.6415, 0.4019, 3.0707,-2.5306,-2.1967, 0.5962,-2.5876,-2.915 , 2.2698,-2.2535,-1.3815, 2.4792, 1.852 , 2.1138,-0.5838, 2.4084]
[-4.6868, 4.2491, 1.8564,-2.0525,-2.2742,-0.8961,-0.576 ,-1.5911, 1.2017, 2.6947, 0.6047, 2.1469, 2.0445, 0.2642, 2.2154, 1.1176,-3.1031,-2.8595,-0.9643, 2.9767,-3.0393,-2.181 ,-0.8726, 2.6927, 1.3932]
[ 1.6842,-1.5866, 3.9866, 2.7152,-2.968 , 2.6989,-1.7983, 1.6554,-1.8171,-0.353 ,-2.7342,-0.3852, 0.913 , 0.0947,-2.3124, 1.0948,-0.7931,-0.6804,-0.7075, 2.7118,-0.3211,-2.0039,-2.3301,-1.4546,-2.7052]
[ 5.1912, 0.9201,-2.9137, 2.2642, 0.1516,-0.0498,-3.0908, 2.6501,-0.9932, 1.4355,-0.8885, 3.0568,-2.0231, 1.2673, 1.5872, 1.7958, 0.0584, 0.8287, 0.8635,-2.0091, 1.7044,-0.9038,-2.4597, 0.1613, 2.4937]
[-0.2299,-2.4085,-5.3767,-2.4096, 2.1971,-2.1651,-2.8467,-1.7213, 0.215 ,-0.3479, 1.366 ,-1.7964, 0.4927, 2.4641, 1.914 ,-1.3152,-0.5679, 1.2437, 2.6908,-0.534 ,-1.2196, 2.5342,-2.3549, 1.2921, 1.9558]
[-1.7268, 2.2415, 4.314 ,-1.0984, 0.5179, 1.0696,-0.9826,-1.8914,-0.9619, 2.8326,-0.5102, 2.0805, 1.131 ,-0.1811,-2.7279, 1.2784,-1.5206, 3.1372,-3.0262, 2.856 ,-2.2303, 0.0067,-2.8732,-1.7331,-1.3633]
[ 3.632 , 3.9481, 2.3049, 1.9411,-2.4168,-1.6533, 1.0135, 2.7026, 0.5285, 1.3192,-0.1761,-2.6359, 0.1309, 2.8905, 0.7411, 0.5727, 0.7743,-1.6017, 0.6786, 2.0656, 2.1687, 1.2803,-2.1864, 1.103 , 2.9603]
[-5.2265,-0.8206, 4.0404, 1.5747,-1.1142,-1.95  ,-2.3048,-1.947 ,-1.8173, 1.9084, 0.1284, 1.9654, 1.3883,-1.9972,-1.629 ,-2.4207, 2.6221, 2.3614, 2.7078, 0.7178,-1.6761,-1.6379, 2.723 ,-2.7865,-1.8038]
[-0.1712, 1.0345,-1.19  ,-0.181 , 0.7063, 0.1548,-0.0244, 2.1618,-2.4583, 1.704 ,-1.1608,-0.7258,-0.5014, 0.9786,-2.8161, 0.8977,-1.9596, 1.6714,-2.7487, 2.8166, 2.9797,-2.7673,-0.3564, 0.5146, 2.0198]
[-1.8621, 4.2674,-1.6803, 1.4799,-0.9619, 2.6798, 2.6802, 0.4229,-3.0486,-2.212 , 0.534 , 0.2634,-0.0436, 2.96  ,-0.9185, 0.8935, 0.773 ,-2.1784, 2.9711,-1.6861, 2.5728,-2.4112, 0.0935,-2.3606,-1.9994]
[-0.1325, 3.318 ,-1.6097,-2.0502, 2.2082,-2.0474, 1.1859,-2.7971,-2.5411,-2.2144,-2.1421, 3.0655, 2.7062, 2.8681, 2.5986,-1.203 ,-1.2491,-1.7707, 1.6066,-0.9639, 2.1895,-2.3383, 1.8914, 0.1863, 1.9872]
[ 2.3059,-3.0762, 0.4877,-0.5145,-2.5241,-3.1206,-0.3875,-2.3438, 1.9611, 2.7295,-2.8569, 1.9303, 2.4476,-1.5156, 0.3663, 3.1035,-0.1784,-2.9483,-0.747 , 1.7772,-1.6783, 0.5885,-0.2236,-1.7201, 2.7801]
[ 5.1739, 4.4889, 2.7171, 2.6595, 0.1359,-2.4988,-0.6959, 0.4748,-0.4153,-2.3446, 2.1474,-0.3267,-0.7938, 3.0338,-0.0141, 2.4381,-2.4434,-0.7794,-1.9628, 0.9394,-0.8559,-0.5748, 2.0963, 1.0303,-0.914 ]
[-2.1601,-4.3183, 3.0954,-0.4508,-0.8737,-0.6509,-1.1583, 0.1694,-0.1033,-0.7106, 1.358 ,-2.035 , 2.0268, 2.6778, 1.7043,-1.3731,-1.888 ,-2.9086, 0.627 , 1.2129,-0.1672,-2.0085, 0.9195, 1.3827,-0.3862]
[-1.5088,-4.1728, 1.8448,-1.5319, 0.6763,-2.8465,-2.8586,-2.1864,-1.3926, 1.6529, 1.7217,-2.5514, 2.1866, 0.0897, 0.5945,-1.5292, 1.7334,-2.5642,-2.4375,-0.5749, 1.0471,-0.6946, 2.1392, 3.0523, 2.6368]
[ 3.4279e+00, 4.7528e+00, 4.0621e-01, 2.9331e+00,-1.1806e+00, 3.0058e+00,-8.7705e-01,-2.2240e+00, 2.4510e+00, 6.7203e-01,-1.4630e+00,-1.1043e+00,-1.0931e+00, 8.0699e-01, 3.0486e+00, 2.2857e+00, 8.8666e-04, 2.0248e+00, 1.5087e+00, 2.2194e+00, 1.9368e+00,-1.7927e+00, 5.3017e-01, 1.5312e+00, 1.3810e+00]
[ 0.3144,-4.1725,-4.7346,-1.7875, 0.8825,-2.4213,-2.8562,-0.622 , 1.7493, 3.0218,-1.5326,-1.7893, 2.2318, 1.7573,-2.6857, 0.8796,-2.7894,-2.0102, 0.5795, 1.1272,-0.9257,-1.3253,-0.6738, 0.6349, 2.8763]
[-0.583 , 1.9635, 4.0778,-0.6725, 2.396 , 0.7642, 0.8672,-1.0825, 2.6789,-1.4758, 0.2329, 1.1189, 1.7468,-1.8072, 1.5624,-1.9063,-1.8932, 2.6711,-0.2447,-0.9696,-1.9789, 0.3445,-0.0823, 2.8211,-2.0363]
[ 0.2581, 0.0668,-3.5278,-1.1339,-1.8791, 2.4505, 1.6462,-0.7705,-1.6508,-2.8202, 0.7593,-1.6418, 0.4301, 0.8156, 1.436 , 2.6752, 2.3457,-1.5768, 1.8743,-0.7902, 2.5483,-2.3869, 2.469 , 1.7206, 3.094 ]
[-1.3834, 5.3524,-1.1595, 0.6818,-0.5564, 2.3368, 2.4377,-0.4686,-2.2013,-0.3051, 2.5252, 2.9791,-0.7606, 0.0643, 0.5941,-1.3361, 2.0232, 3.0798, 1.5537, 1.0349,-1.7794,-1.4076,-2.4828, 2.832 ,-2.7733]
[ 2.018 ,-0.6772, 1.8346, 2.9578,-0.9468, 1.3016, 1.9929, 2.1421,-0.1549, 2.7823,-1.2151,-3.0876, 1.558 , 0.9844,-0.4395,-2.0362, 1.9409,-1.0258, 0.1617,-1.2548,-2.1245, 1.8954, 2.663 ,-2.5769, 0.7979]
[ 0.3021,-1.254 ,-4.485 , 0.9376,-0.2236,-2.0142,-1.8595,-1.8459,-2.9599,-2.5075,-0.387 , 1.2656, 0.7096,-1.2361, 2.5011, 2.6379,-1.3717, 1.777 , 1.0621, 2.4008,-2.5047,-0.3755,-0.9088,-2.4148,-2.8254]
[-0.4514,-0.7932,-1.2005, 2.5082,-1.9137,-1.6042, 2.4299, 1.0666, 2.9098, 1.8143,-2.8156, 2.0437,-2.2471,-1.4119,-2.4741,-0.6283, 1.1476, 2.814 ,-0.7042, 1.1016,-2.0857, 2.2543, 2.061 , 0.2649,-0.4104]
[ 3.6101, 4.806 , 1.9453,-0.3909, 2.7415, 2.9237,-0.0678,-2.3527,-0.2127,-1.5015, 2.5091,-2.4332,-1.5131, 0.7635, 1.5215,-2.0526, 0.9768, 0.6747, 1.6706, 1.2111,-1.9987, 0.3903, 2.5238, 2.1064, 2.4455]
[-1.4606, 0.7246, 2.1709,-0.7176, 1.3842,-2.0727, 2.8087, 1.992 , 1.2468,-3.1224,-2.2289,-1.8188,-0.4153,-1.3499, 0.7688, 1.1324, 0.4934, 2.4865, 0.5162,-0.3893, 0.8938, 0.1664, 1.7199, 2.2003, 1.7857]
[-5.371 ,-0.3604,-0.442 , 1.8381, 2.7732,-3.0665,-3.1402,-2.4231, 2.2676, 0.8926, 2.9973, 2.4839, 0.254 , 3.0711, 2.5958,-1.0169, 2.733 ,-2.5755,-1.3406, 1.3265, 3.1362, 2.4092,-0.7946, 0.7187,-1.4389]
[-3.5651, 4.1379, 2.6176, 0.5865, 2.0808, 3.0673,-0.2052, 0.6619, 1.5473, 0.9665,-2.0216,-1.9125,-2.5911,-1.3331,-1.7368,-2.4135,-2.3478,-0.0986, 1.2112,-2.2527, 2.7626, 1.013 , 2.9916,-1.2712,-0.9978]
[-2.1145, 3.3509,-4.3024, 0.7801, 3.0796, 0.4708, 0.254 ,-2.2789,-2.126 ,-2.3782,-2.9135, 2.7863,-0.9033, 1.997 ,-0.5339, 1.2194, 1.4721, 1.9178, 2.4445, 2.0959,-0.3866, 1.5003,-1.9872,-0.2547,-0.18  ]
[ 0.303 ,-2.1842, 4.242 , 0.8712, 2.0873, 2.9964,-2.2878, 3.1308, 0.3634, 0.5383, 2.8774, 0.3335, 2.2784,-0.7646, 1.5968, 2.5769,-2.5864,-1.2174, 0.467 , 2.3243,-2.9526,-2.9733,-2.2013,-0.1372,-0.0934]
[ 0.3866, 1.7169, 4.3207, 2.0222, 2.6744, 0.7565, 0.4313,-0.0061, 2.5222,-1.3966, 1.1743,-1.1438,-1.5806,-3.0785, 0.5268, 1.7476, 2.9527,-0.2416,-2.6922, 1.8187,-0.7053, 1.7986, 1.506 , 2.2414, 2.3673]
[ 2.8027, 5.3368,-2.2673,-2.8761,-0.5416,-1.54  ,-1.6997,-0.7474, 0.0257,-0.7206, 0.636 ,-2.8804, 1.9093,-1.825 ,-1.5381,-2.4428,-2.1143, 0.1888,-0.1999, 0.3071,-2.5021, 1.5428,-0.2814,-0.058 ,-1.4167]
[ 4.6467,-2.3987, 0.3039,-0.2654, 2.6696, 2.5356,-0.5308,-0.0471, 2.7001,-2.3128,-3.0679, 0.6182,-1.9755,-2.7494, 1.7075, 1.546 , 1.5447, 0.5349,-0.4448,-2.7784, 1.9058, 0.891 , 1.3599, 0.0218, 0.0628]
[-5.3671, 0.3613, 3.4156, 1.6495, 0.9155, 1.4628, 0.0392, 1.9185,-3.1129, 1.2471,-1.7249,-0.6749, 2.2815, 0.0522,-2.8422, 2.5175,-0.9049, 1.2339, 0.5337,-1.2228,-3.0275, 1.3759, 2.0915, 1.7062, 2.3237]
[-1.7137,-4.2845,-5.3628,-2.0212,-2.7007,-1.1074,-2.7401, 2.2338,-0.9637,-1.5532,-1.8637, 2.3323,-1.8692,-2.955 , 0.0146, 0.1997, 2.9566,-2.3128, 2.6776, 2.3345,-1.5229,-0.9332, 2.6562, 2.084 ,-2.2543]
[ 5.2972,-1.6279, 0.5953, 2.4154,-0.8192,-2.4191, 1.7234,-0.7218,-0.7015, 1.3223, 1.9669,-2.4608, 2.2198,-0.7442, 2.2599, 3.003 ,-1.2006, 2.9753,-2.5174,-0.1926, 1.1764,-0.1075, 2.8965, 1.1934,-0.9003]
[ 2.4288, 0.1243,-4.5892, 1.6257, 0.0928, 1.9951, 0.5251,-0.3573,-2.9196,-2.2042, 0.3424, 1.1294,-1.8989, 1.6035, 2.6101, 2.8814, 2.823 ,-0.3198,-2.6028, 0.3139,-1.8078,-1.6135,-0.0277, 1.9669, 1.0271]
[-2.4575,-1.9959,-4.8207, 0.8201, 3.0968,-0.3251, 1.4994, 1.2881, 0.2349, 0.8069, 2.4884,-0.5377,-1.6989,-1.9549,-1.2485,-1.4464, 2.7665,-0.9486,-1.8483, 1.9361,-0.5068, 2.393 ,-1.8561, 2.6615, 0.9606]
[-4.7901, 2.6298,-0.1468, 0.4404,-0.3396,-0.8914,-1.7386, 1.9842, 2.5884,-2.3668,-1.2349,-2.0791, 1.8557,-2.4574,-2.5197,-1.3483,-0.1901, 3.0627,-0.3752,-1.5455, 2.1119, 2.3418,-1.8439,-1.3844,-0.9485]
[-5.2806, 5.3194, 0.5133,-0.9898,-2.7173,-0.9064, 2.7795,-1.3118,-1.8307, 2.8258, 2.1184,-0.4429, 1.8895,-1.8222,-2.4969,-0.7432, 2.4841, 2.6863,-0.2168,-0.9294, 1.7297,-2.5217,-0.3807,-1.5195, 2.6932]
[ 4.8378, 2.74  , 1.9124,-3.04  , 2.1891,-1.583 ,-2.1789,-0.2634, 0.8075,-0.1237, 0.5312, 3.0943,-2.0909,-0.5295,-2.454 ,-2.2628,-1.966 ,-1.903 ,-1.8358,-2.1331,-1.1989,-1.1976,-1.255 ,-0.4769, 2.9615]
[-2.8838, 5.0631,-3.1658,-2.6681, 0.5729, 1.798 , 1.9235,-1.7006,-3.1006,-2.7203,-2.4166,-2.6573, 0.5362, 2.6995, 2.1216,-0.7354, 1.6363,-2.561 , 1.0302, 1.1723,-0.7278, 0.6289, 0.4762, 0.6681, 1.4787]
[-0.4178, 0.0248,-1.1097,-1.7864,-2.1617, 1.9044,-0.2874,-1.6709,-0.5848, 1.1917,-2.844 , 2.059 ,-2.4055, 0.3377,-0.5409, 0.0476, 2.6404, 1.0572, 0.4503,-2.3252,-2.3035,-2.7473,-2.9607, 1.9943,-2.1447]
[-1.6942e+00, 3.8631e-01, 1.8492e+00, 9.3779e-01,-2.0692e+00,-4.3800e-01,-1.5117e+00,-1.8918e+00, 1.7544e+00,-3.2725e-01,-3.1099e+00, 1.6914e-01, 3.3730e-01,-9.1200e-01,-1.2193e+00,-2.6039e+00,-2.5046e-01, 1.9058e+00,-1.3495e+00,-2.1579e+00, 1.8177e-03,-2.3257e+00, 1.2612e+00, 1.1432e+00,-4.4206e-01]
[ 3.5824, 2.4636, 3.6417, 2.0883,-2.8879,-0.9658,-1.1699,-1.4393, 0.6599, 1.3107, 0.3028,-1.3075, 2.0731,-1.173 , 0.7792, 2.642 , 2.0721,-0.1939, 0.3573,-1.3359,-2.4825, 2.201 , 2.3556, 0.9802,-2.3232]
[ 1.6117, 3.9733,-3.9994, 3.0155,-1.4871,-0.1361, 1.142 , 1.6903, 2.7966, 1.4355, 1.0634,-0.2589,-2.2784,-1.3943, 1.1467, 0.1694,-1.5765,-2.354 ,-1.8852, 1.3672, 0.969 , 0.6683,-3.0292, 0.3298,-0.7497]
[ 2.9788,-2.2485, 0.9402,-2.676 , 2.1598,-0.6589,-3.0644, 0.1557,-0.6369, 2.2218, 3.0719,-0.1219,-2.8365,-1.7891, 2.408 ,-0.9563,-1.2451,-1.7534, 1.7347,-1.4927,-2.9025,-0.0722,-1.01  , 0.3745, 1.1667]
[ 4.9636,-3.8586, 0.9377, 0.1617, 0.0583,-2.419 ,-1.7402,-2.7155, 2.4519,-0.5068,-2.2579,-2.8055, 2.2508, 0.5647, 0.7145, 1.2301, 1.9127, 0.6304, 1.3437,-1.781 ,-0.9772,-0.102 , 1.0605, 2.1092, 2.3752]
[-4.6165,-0.8784,-4.9275,-3.0793,-2.0239,-2.2551,-2.2319, 2.6892, 2.3709,-0.2675, 1.0739, 2.1511, 1.9196,-0.868 , 2.1375,-1.5073, 1.6692,-2.5577,-0.5841, 3.0578,-0.9867, 1.1574, 1.5243, 1.1763,-0.29  ]
[-5.1481, 2.146 , 2.7067, 1.1643,-2.4306,-2.5271, 0.7807,-1.4612, 2.5283,-2.4762,-0.5567, 0.9634, 3.1178,-2.2063, 0.9395, 2.1763,-1.6624,-2.3478, 1.4628,-0.2376,-1.5357, 2.7744, 0.841 ,-1.4959,-2.1181]
[-1.2482, 0.3955, 2.5133, 2.3087,-1.6919,-3.0389,-1.8281, 0.5081, 2.1583,-1.6902,-2.8125, 1.5743,-0.0817, 1.0207,-0.1976, 1.0375, 0.527 ,-0.2121, 1.8263, 1.481 , 0.6313,-2.2043,-0.3543,-0.9613, 0.794 ]
[ 4.5243,-0.556 , 1.0913,-1.2289,-0.5681,-0.7034,-1.0265,-0.7125, 0.8036, 2.9812, 1.3177, 3.0196, 0.3506,-0.3736,-1.7991, 0.2343, 2.4363, 1.1796, 2.8745, 1.1956, 0.4473,-0.4096, 1.8773, 2.2026, 1.045 ]
[-4.8177,-4.6704, 0.9134, 0.1956,-2.5475,-1.7599,-0.673 , 1.2006, 0.6883, 2.1199,-2.9076, 0.5192,-0.7222, 2.0591,-3.0814,-2.6855, 1.5947,-0.567 ,-2.4633,-2.2418, 1.4129, 0.7988, 1.1992, 1.4856, 0.6806]
[-5.0131, 1.1149, 4.7469, 2.431 ,-3.0881,-1.7787, 2.2686, 0.2243, 2.1979, 3.0829,-0.3569,-0.9456, 1.5503,-1.5444,-0.5563,-3.0007,-0.1368,-1.172 ,-0.475 , 1.9242, 2.0474,-0.2684,-0.7586, 2.2377,-1.3227]
[-5.2444, 0.4551,-1.9102,-1.888 ,-0.7879,-0.5798, 2.1544, 2.7443,-2.69  ,-0.8547, 0.1971, 0.2549,-1.8488, 1.5933,-2.2487, 1.8386,-2.756 ,-1.7274, 1.7385,-2.3134, 0.8197,-0.0897, 2.6314,-1.9015, 2.7618]
[ 0.4573, 2.1323, 4.4642, 3.099 ,-2.2017, 1.9297, 1.3208,-1.4695, 0.8423,-1.3067,-2.7642,-0.2929,-3.0687, 1.4672, 0.6715, 0.7352, 1.0624, 2.3013, 2.9126, 2.7288, 1.7421,-0.9459, 1.8654,-0.9347,-2.3553]
[-2.7762, 3.202 ,-4.5878, 0.1501,-1.3469, 1.98  , 1.3991, 0.7531,-2.3625, 0.6138,-2.2597, 0.834 , 1.6047, 3.0218,-2.9825,-1.3593,-2.1502, 0.4405,-2.3545, 0.5407,-1.1347,-1.322 , 2.9351,-1.1955,-0.705 ]
[ 2.3819,-2.8879,-1.4483, 0.5536,-3.1307,-1.187 ,-1.5545,-1.6575, 1.7948,-2.1738,-2.5111,-1.9839,-2.6643, 1.2322, 1.1761, 2.9137, 1.1105, 1.5069,-0.0371, 2.9825, 0.1737, 1.7549,-2.9036, 1.6833,-1.8181]
[-3.1591,-2.7557,-3.7991,-3.0489,-3.1196, 2.9034,-2.5583,-1.095 , 0.0995,-2.4126,-1.141 , 2.1203,-0.5124,-2.1753, 0.2377,-0.6275,-0.0186,-2.5153,-0.7739,-2.3032,-2.6678,-2.3226,-1.2744,-2.9807, 1.1155]
[ 1.2736e-02, 4.1765e+00,-3.8096e+00, 1.8344e+00,-1.5424e+00, 1.4010e+00, 9.7398e-01,-3.5252e-01,-2.3452e+00, 3.1079e+00,-4.7399e-01,-2.3083e-02, 1.9184e+00,-2.1770e+00, 3.6112e-01,-6.3861e-01, 3.3539e-03, 1.0781e+00,-1.4210e+00,-2.4437e+00, 2.6773e+00,-1.5846e+00, 3.3167e-01,-1.5959e+00, 1.5374e+00]
[-5.4889, 2.4032,-0.8377, 2.5763, 3.066 , 0.5978,-0.4992, 2.8079, 0.7044,-0.1097, 1.0096,-2.4317,-1.8268,-3.0358, 0.5325,-2.3225,-0.9944,-0.0807,-0.874 , 0.6206, 2.5283, 2.4239, 2.5929, 0.6474, 0.678 ]
[ 3.3987,-4.1647,-5.4259, 0.0248, 0.9847,-0.5225,-2.996 ,-0.8911,-0.6485, 2.2827, 1.3115, 3.0997,-1.1535, 1.7978, 2.8874,-0.6268,-1.6521,-0.3867, 2.0713, 0.7577, 3.0218,-0.2814,-2.4051, 2.8362, 3.0967]
[ 3.783 ,-2.7601,-3.6573, 2.6706,-1.6432,-1.0931, 1.574 , 1.517 ,-0.4359, 1.953 , 1.7591, 1.9901,-1.5589,-0.6799,-2.8421, 2.8225, 2.401 ,-0.0183, 0.4112,-1.7522,-2.8379, 1.4318, 0.6116, 2.8733,-1.642 ]
[ 4.3904, 4.2164,-5.2515, 2.6381, 0.3388, 2.7999, 3.0051,-1.0281, 1.3352,-0.737 , 1.7912,-0.6269, 2.5993,-0.6967, 1.6137,-2.7548, 2.9772, 0.5545,-1.0175,-2.3846, 2.0352, 1.4174,-2.7776,-0.912 ,-0.8093]
[-4.1949,-4.8468,-4.6571,-2.9915,-1.6616,-0.2921, 3.011 ,-2.0025, 2.6504, 0.463 ,-3.0965, 0.4126, 0.2959, 2.5434,-1.5875,-2.6106,-1.7742,-3.095 ,-0.2252, 2.8192, 2.5485, 2.362 ,-2.956 , 1.9282,-0.16  ]
[ 5.2849,-2.075 , 2.7023, 0.0626, 1.2131, 2.1715,-1.5443,-0.1434, 1.1204,-0.5691, 1.8501,-0.4426,-0.2354, 2.1275,-0.4379, 2.4758, 2.266 ,-0.5139, 2.4818, 2.7188,-2.4691,-1.8729,-2.2368,-1.6429, 0.6154]
[-4.6437, 1.5113, 1.4044,-1.8441, 1.6769, 3.0164,-2.3895, 2.521 ,-0.2381,-0.172 , 2.7186,-1.4824, 2.4732, 1.7945,-2.936 , 1.0382, 1.9204,-1.0706,-1.1046,-2.0489, 2.2693,-1.2603,-2.2731, 2.5026,-1.0146]
[ 4.6662,-0.213 ,-1.5046, 3.0489, 0.0217,-0.4508, 1.9429,-2.3229, 1.0056, 0.272 ,-0.4362,-2.5638, 0.9041,-0.6532,-2.3797, 1.401 , 0.9633,-2.1998, 0.4316,-0.8612,-2.1912, 2.0691,-2.2807,-1.9589,-1.0369]
[ 2.0573,-4.7114, 5.1897,-1.3446,-1.0504,-2.1979,-0.0492, 1.6831,-1.2552,-2.0995,-1.4306,-1.9219, 0.2236, 2.2183, 0.5223,-0.2451,-2.0989, 0.3371, 2.982 , 0.6345,-2.8631, 2.0068,-0.0857,-0.044 ,-2.68  ]
[ 1.8129,-1.3162,-0.0114, 0.9124, 2.4572,-1.5214,-0.9954,-2.7278,-2.2378, 1.3234,-0.6406,-0.1552, 0.2064, 1.9957, 2.9734,-2.2922, 0.1431, 2.7851,-1.6688, 0.7512,-0.543 ,-0.4607, 1.568 ,-2.7793,-2.7604]
[ 5.0818, 4.1564, 4.9968,-1.0837,-2.6986, 1.0482, 2.7815, 1.9057, 0.0667, 2.5559,-2.9504, 2.9381,-2.5362,-2.1103, 1.6985, 0.1474, 0.3505, 1.9852,-0.4849,-2.9621, 1.8399, 2.3937, 0.3173, 0.8174, 1.2022]
[ 3.9297,-2.1415, 0.9918, 3.021 ,-1.8635, 0.1002, 0.9845, 0.4018,-1.3283, 0.5939, 1.7159, 1.8385,-2.7121,-0.5019,-0.7486, 2.2675,-2.8166, 0.4383,-1.0996,-1.9141,-0.7117, 1.3772, 0.1154, 0.0232, 1.261 ]
[ 2.0721, 1.7042, 0.9473,-0.8257, 0.5694, 1.9821,-0.644 , 2.1175, 1.2233, 0.6325,-2.7708, 1.7715, 1.5244,-0.3154,-2.8798, 2.7567,-2.1625, 1.2062,-2.5235, 2.0626,-2.2519, 2.8379, 2.1041, 1.1106, 2.2122]
[ 4.9477,-5.2853, 2.3837, 1.9341,-1.3917, 2.0811, 1.9375,-1.3883, 1.5121,-1.4608, 2.2167,-0.4748, 1.2944,-3.0421, 2.5145,-1.0215, 2.3614, 1.4453, 2.3171,-1.56  , 2.5767,-3.0212, 3.1416, 2.5358,-2.5515]
[-1.9428, 2.6108,-4.0258,-0.8508, 0.1654, 2.3057,-2.4909,-2.3118,-0.6741,-2.8052,-0.2351,-1.1643, 2.8912,-1.0306, 1.2947,-0.2589, 2.9567,-0.412 ,-2.3728, 3.0205, 2.06  ,-1.0099,-0.0534, 2.102 ,-0.7795]
[-0.9536, 1.3252, 4.6524,-0.3145,-0.3266, 2.9673,-2.4289,-0.2451, 1.2301,-0.3471,-0.6114,-0.4261, 1.9387,-0.5689, 1.3499, 2.5297,-0.4038, 2.8665, 1.3228,-0.8239,-1.5717, 2.9078,-2.0736,-0.9051,-2.6982]
[ 2.1249,-2.7432,-0.8797,-0.151 ,-2.1457, 1.5044,-0.4558,-1.661 ,-0.7117, 0.5739, 1.2951,-1.6225, 2.9199, 2.5953, 0.856 ,-0.4417, 2.1958,-0.8526, 0.8701,-2.7212, 2.9577,-1.8447, 1.4292, 2.4858,-1.3851]
[-2.0534,-5.4766, 4.1625, 3.0914, 2.0257,-0.8429, 1.2333,-2.8733, 2.0166,-0.2056, 1.6316, 0.6154, 2.3614,-1.3069, 0.327 ,-0.2019,-1.6297, 1.0682, 2.5023, 2.3773, 1.2419,-3.0833,-0.9246,-0.394 , 3.0504]
[ 3.5014,-3.2194, 3.188 , 1.9192,-2.9967, 0.7209, 1.0097,-2.7094,-2.4247,-2.4657,-3.0826,-2.1391, 0.1305,-1.6866, 1.9597,-2.5985, 1.895 ,-2.5956, 2.4053,-2.3686,-0.3065, 0.3891, 2.1909, 0.093 ,-2.6605]
[ 4.8983, 2.972 ,-5.2506,-0.2568,-0.1112,-2.3787, 1.1681,-2.2885, 1.1568, 0.6325, 1.2438, 3.0569, 2.7439,-2.3541, 0.2823,-1.0888,-1.3149,-2.3198,-0.0073,-2.1906,-0.2495,-0.2778, 2.4203,-1.7274, 1.2917]
[-3.2673,-1.8773, 2.9851,-1.1111,-1.3439, 0.7298,-0.2873, 1.0462, 2.3571, 0.1847, 0.082 , 2.485 ,-0.8508,-0.4342,-0.1014,-0.6453,-0.744 ,-2.0719,-1.0143,-2.6998, 1.8111, 2.1082, 0.3227,-1.1673, 2.5776]
[ 4.4595e-01, 3.0466e+00, 3.0378e+00, 2.4037e+00, 1.8608e-03,-1.8460e+00, 4.0382e-01,-1.1063e+00,-3.5292e-01, 3.0183e-01,-4.6563e-01, 5.0338e-01, 4.8304e-01, 2.7884e+00,-1.8290e+00, 2.4613e+00, 1.8127e+00, 1.7421e-01, 4.0621e-01, 1.0758e+00,-1.4619e+00,-8.0388e-02, 1.3596e+00,-1.1151e+00,-6.6221e-01]
[ 5.1166, 0.9387, 0.0832,-2.9232, 1.9371, 0.5875,-2.026 ,-0.8282,-2.4465,-1.997 , 3.0332,-0.232 ,-1.3612,-2.3066,-2.3463,-0.5394,-2.9752, 2.8184,-3.0465,-1.1019,-1.6586,-3.1237, 0.1894,-2.3898, 3.047 ]
[-5.1514,-5.1376,-1.9855,-0.2627,-0.3185,-0.1636, 2.8948, 2.2383, 1.8195,-1.422 , 2.6429, 1.3095,-2.3131, 1.7152, 0.8895, 0.0402, 1.2518, 2.6371, 1.1623, 2.7516, 2.5758,-1.7872, 0.3139,-0.7342, 0.9318]
[-2.6229,-2.8886,-1.2145,-1.9029,-1.7652,-1.2877, 2.742 ,-2.4607, 2.9752,-1.1273, 2.6213,-1.5365, 0.1858, 2.8542, 0.1723,-0.3011,-1.4231,-2.7845,-0.7756, 0.0355, 1.1967, 0.5403, 0.715 ,-0.2743, 1.8555]
