[-1.5553, 3.5787,-2.6616,-1.627 , 2.0209, 0.9607, 1.3944, 1.6994,-0.5074, 2.1619, 0.0274,-0.2948,-2.2703, 2.163 ,-1.7616, 2.1073, 0.9768,-2.91  ,-0.6657,-0.269 , 2.3809]
[-0.2069, 4.5801, 0.8739, 0.0773,-1.8014,-0.4453, 0.4364, 1.5837,-1.3691,-0.8808, 1.1513, 2.2486,-1.0306, 1.957 ,-2.2106,-2.8389,-1.4189,-0.2494,-2.3252,-2.8888,-1.7281]
[-0.0723, 0.5667,-2.576 , 0.5727, 1.6032,-2.1941,-1.1206,-0.8581, 1.3038, 0.3153,-2.102 ,-1.6383,-1.2538,-2.2363,-1.8504,-1.8094,-2.7381, 1.9684, 2.3793,-2.0521, 0.7742]
[-0.1175,-0.5413, 4.3149,-2.2982, 0.9151, 1.7668,-2.3393, 1.7804, 2.2901,-2.9917, 3.1215,-2.0775,-2.7085, 1.4012, 0.0992, 2.8237, 0.6919, 2.0849, 1.8362,-0.6143, 1.5866]
[-2.5154,-4.6834, 0.3177,-1.9596,-0.879 , 1.0094,-1.8467,-2.171 , 1.2693, 1.4366,-1.7423,-1.1657,-2.1159, 0.9375, 0.1588,-2.2787, 0.5668, 1.4235, 2.4064,-0.3177, 1.0353]
[ 3.5311,-1.3942,-3.3833,-1.0799, 2.5967,-0.6997, 2.8524, 1.5475,-2.0897, 1.6831,-2.6802,-2.6636,-1.3534, 2.6406,-1.3684,-2.7336,-1.5513,-1.1272,-0.8384,-0.4752, 0.8211]
[-4.0214,-1.9355, 4.5603,-2.1741,-2.7933,-3.0406,-2.1605, 0.815 ,-0.5207, 1.7136,-2.2361, 1.669 ,-0.7044,-2.4352,-2.818 , 2.4445, 2.9037, 1.7308, 1.606 , 0.9431, 2.8525]
[ 5.3921e+00, 3.0468e+00, 8.1532e-01,-1.0644e+00,-1.9342e+00,-2.8226e+00, 1.2383e-01,-1.5292e+00,-2.1802e+00,-9.1730e-01,-4.0251e-01,-3.3419e-03,-1.5648e+00, 1.7502e+00, 3.3053e-01, 1.5077e+00,-2.6539e+00,-3.5236e-01,-8.9426e-01, 8.3454e-02, 2.2432e+00]
[-1.5722, 2.0558,-3.6441,-2.2865, 2.1488,-1.3905, 2.8089,-0.9881,-0.274 ,-0.957 ,-0.4911, 1.5275,-0.9056, 1.3628, 1.4271, 3.0662, 0.7893,-1.1826,-2.3963,-0.1657,-1.5983]
[ 2.0697, 0.9082,-0.7973,-2.1778, 0.1005, 1.9327,-2.3594, 1.5393,-1.3648, 0.2373,-3.0517, 0.9476, 1.931 ,-1.8876,-2.7156,-1.119 ,-2.5783, 2.3301,-0.368 ,-2.455 ,-2.2877]
[ 3.5057,-4.5136,-4.14  , 0.8533,-2.1043,-2.3466, 2.1652,-2.2267,-0.0441, 0.3983,-3.0746, 2.4033, 2.0815, 1.6751,-0.6914,-1.8639, 0.5721,-0.0267,-3.0996,-2.3849, 1.7838]
[-4.6858, 0.6916, 2.144 ,-1.627 ,-1.6659,-0.4255,-0.3328,-1.391 ,-0.0305, 0.6741, 2.4178, 1.7158, 1.0928,-0.0694, 1.1318,-1.3688,-1.773 , 1.0646,-0.4396, 1.2232, 1.9945]
[-3.0041, 4.2252,-2.1718,-2.3094, 0.8545, 1.9405,-1.8106,-0.6682,-0.1657, 0.4681,-1.9877,-1.5042,-0.7283,-3.0685, 1.7826,-0.2595,-3.0247, 1.6664, 1.9081, 2.9503, 0.2716]
[-2.2915, 2.1527, 5.2573, 2.9827, 3.0155,-0.75  , 2.77  , 1.4779,-0.5595,-0.1422, 0.7228,-0.0787,-0.328 , 2.5379, 1.1788, 1.7053, 1.9451,-1.6162,-1.3847,-2.1035,-2.7177]
[-2.5194, 3.4163,-2.2868,-1.5229,-1.6881,-2.1961, 1.1628, 0.7311,-0.9476, 2.895 , 1.003 , 0.1042, 2.7821,-1.7649, 1.7297,-0.7628, 0.0543,-2.6562,-2.6198, 0.1106, 1.142 ]
[ 4.8869,-3.1297, 4.3371, 0.1284, 0.8767,-1.3982, 1.5047, 1.6733,-2.7335, 0.2791, 0.5806,-0.9483,-0.4767, 2.8633,-2.3633, 1.6349, 2.8665,-0.7881,-0.8633, 1.0498,-1.2864]
[ 4.3861, 2.3994,-2.3827, 1.4263, 2.9953, 0.4919,-2.6099, 0.3895,-1.0991,-0.4552,-2.5182,-0.51  ,-0.2642,-1.8647, 1.6539, 3.0958,-2.2032, 0.5988, 0.3711,-1.7488,-2.8466]
[-2.4338,-4.3995, 0.3425, 0.1268, 1.4878, 2.0952,-1.1663,-2.4345, 0.8674,-2.0502, 1.9111, 1.6193,-1.0682,-1.6097,-1.1723,-2.5669,-1.1605,-2.3295, 0.8345, 1.306 , 0.7387]
[ 3.4981,-3.8689,-2.7393,-1.4981,-1.4136,-1.7076,-3.0919, 2.2022,-1.5919, 0.4036,-1.6798, 2.2362, 1.08  ,-3.0043,-3.1021, 1.3344, 0.4947, 0.0438,-3.1247, 2.6251, 2.9312]
[ 5.4002, 3.6091,-1.4678,-2.716 ,-0.289 ,-0.8695, 0.9858,-1.7616, 2.6053, 1.2112, 0.8239,-1.1277,-1.3757,-1.5411,-1.6052,-1.2671, 1.56  ,-1.4342, 1.6938,-2.93  , 1.374 ]
[-4.498 , 1.6133,-4.966 , 2.274 , 2.9644, 0.287 ,-0.9233, 0.85  ,-2.7891,-0.9182,-0.0585,-2.6834, 2.4643, 0.3757, 2.5917, 0.2585, 1.3217,-0.0408,-2.3744, 2.1204,-1.8696]
[-1.7456,-4.3883,-3.9562,-2.2977,-2.907 , 2.8452, 1.4047,-3.079 ,-0.6134,-1.6502, 0.1407,-0.0837,-0.2744,-2.5599,-0.9046, 0.3776, 2.974 ,-0.147 ,-2.3258, 1.9017, 1.8665]
[-4.9554,-1.1263, 1.7717, 1.9577, 1.2827,-2.6217,-2.7304,-1.7788,-0.7188,-2.2817,-1.0561, 1.2987,-1.163 ,-1.9087,-1.6359, 1.1143, 0.4151, 2.609 ,-0.64  , 1.3518,-0.5185]
[ 4.7325, 4.4574, 1.621 ,-2.4581,-2.287 ,-0.5591,-2.8239, 2.5382,-2.9721,-2.3756,-2.2537,-0.0283,-1.135 , 1.1571,-1.1713,-1.5737, 1.9189,-0.1978,-0.2474,-0.9611, 1.7024]
[ 4.7921, 1.3844,-2.3113, 2.4133,-0.7584, 2.8858,-2.9614,-1.4711, 2.0853,-0.4181,-0.3649, 1.0665,-2.5757,-1.5076,-1.6508,-1.2195,-2.9039,-0.3165, 1.0574, 2.7855,-0.1099]
[ 0.1828, 1.4945,-2.3085,-1.4793,-2.0972, 1.5694, 2.76  , 2.3622, 0.7242, 2.1341,-2.4866, 1.6316, 1.291 ,-1.9946,-1.5642, 2.6874,-2.7406, 2.0906,-1.087 , 1.6115, 1.969 ]
[ 2.3805, 0.0557, 2.7808, 1.8062,-3.1097,-0.2381,-1.7797,-2.769 , 0.8963, 1.6848, 2.0117,-0.3669,-0.8414,-1.1375, 0.6149, 0.3576, 1.7588,-2.3263,-2.4471, 1.3502, 1.8772]
[-2.76  ,-1.1543,-1.6238, 1.438 ,-2.2193,-2.9151,-0.6611, 0.9469,-2.9134,-0.4394,-1.3638, 2.1052, 2.1011, 0.2139,-2.8469, 0.8737, 1.0067,-0.466 , 1.5555,-1.3006,-0.2902]
[-0.49  ,-0.5033,-3.2895,-1.5696,-2.2315,-0.609 , 3.0466, 2.0125,-0.4134, 1.278 , 2.9532,-0.6103, 0.6327, 2.2695, 3.1031, 0.4539, 2.5894, 0.2128,-2.3985,-0.6004,-1.8011]
[-0.6183, 3.3025,-1.619 , 0.7057,-1.722 , 1.0662,-2.4758, 2.3705,-0.2459, 0.8577, 3.0432, 2.6412, 2.9297, 1.5747,-0.5721, 1.5694,-2.564 ,-2.9034, 1.3965,-0.055 , 2.2789]
[-0.2661, 0.0364,-1.1819,-0.7781, 0.9428,-2.5887, 0.879 , 0.8742, 1.4488,-1.5616,-1.5988, 2.9744,-3.0949, 0.328 , 0.7316,-2.8161, 1.4856,-0.612 , 0.8928,-2.9999,-0.7156]
[-4.3322, 1.8889,-0.6978,-0.4283, 2.4835,-2.8385, 2.7745,-1.5821, 2.9605,-0.8804, 1.0066,-0.0616,-0.2772, 1.3488, 2.4427, 0.8108,-3.1243, 2.3593,-0.9794, 2.8578, 2.7148]
[ 3.825 , 2.5249,-4.3239, 0.6947,-0.1554,-2.7538,-0.8683,-0.7827, 2.4053,-0.2702,-1.6132, 2.4803,-0.8357, 1.0168, 0.6473,-0.0203,-1.0052, 3.0858,-1.0994,-0.0534, 1.4573]
[-3.6547,-2.1431, 1.2878,-1.5076,-0.6742,-1.2707,-2.5384, 2.1869,-0.0462,-1.1448, 2.3339, 1.6379, 0.307 ,-0.5391,-0.5261, 1.662 , 2.4124, 2.6771, 0.6175,-0.5225, 1.3515]
[ 4.6488, 4.9824,-4.2357, 1.5763, 3.0305,-0.2896,-2.9163,-1.9506,-0.2065, 1.4704, 2.8744, 0.7045, 1.2734, 1.6692, 1.5544, 0.3309, 2.9334, 3.1395, 3.1319, 3.0036,-0.0343]
[ 2.15  , 3.4207, 2.141 , 0.4122, 2.1796, 1.5743, 2.7845, 2.8471, 0.9673, 1.9546,-0.869 , 2.5387,-2.2916, 0.2296,-2.9859,-2.1999, 2.0379,-1.3743, 2.5076, 1.4422, 0.0472]
[-0.2917,-2.0258, 2.6388,-2.9971, 1.1608, 1.9131, 0.3787,-0.9689,-1.7613, 2.5053, 2.9994, 2.6044, 3.0402, 2.287 , 1.1315,-0.3489, 0.3567,-2.3597, 2.2826, 0.1827,-1.1979]
[-3.4376,-3.2991,-1.8002,-2.7591,-2.0858, 2.1019, 0.6383, 1.1349, 0.3753, 0.1994,-2.3686, 2.1776, 0.9575, 0.8498, 1.5535, 2.1667,-2.0482, 0.3272, 2.4374, 0.7815, 0.4281]
[-1.0249, 4.0735, 0.0098, 1.1917,-3.0923, 2.8539, 0.0833, 1.8051, 1.7281,-2.3327,-1.3394,-1.5559,-1.803 , 2.6098,-0.6289,-0.3223, 2.6296,-2.4822,-0.0986,-1.9607, 2.2088]
[-0.8883, 3.962 ,-1.7369, 2.9113, 1.3019,-2.2194, 0.7427,-2.2455, 2.4193,-2.5479,-2.8494, 2.8207,-0.9281, 1.3657,-2.5023,-0.3527, 0.2308,-2.3009,-2.6693,-0.1344,-2.1042]
[ 4.8823, 1.5658,-3.4323, 2.4201, 0.1149, 1.3252, 0.0988, 1.8722, 2.6008, 1.7612,-1.7239,-1.298 , 1.0485,-0.7563, 1.1236, 1.0782, 0.7283,-1.669 ,-0.6491, 2.3882,-0.9312]
[-3.1307,-0.2404,-2.3828,-2.0532,-2.0092, 1.1057, 2.6518, 0.0681,-2.356 ,-0.1592,-2.6994, 1.2675, 2.4884,-1.4242,-0.8137,-0.3172, 1.9181, 2.3524,-1.0436,-3.0657,-0.9271]
[ 0.9981,-3.3413, 0.8648,-2.2504,-1.5571, 0.1695,-2.4902,-2.8476, 1.6336, 1.4547,-1.7782,-2.8695,-1.0728, 3.0087,-2.3007,-1.0453, 2.0053, 0.9144, 0.1565, 1.412 ,-0.958 ]
[-3.5613e+00, 7.4743e-01,-1.1239e+00,-2.1405e+00, 2.0573e+00, 2.6654e+00,-3.0581e+00, 6.8461e-01,-3.0001e-01, 2.9172e+00, 6.3225e-01,-2.8517e+00,-1.9871e+00, 2.7078e+00,-3.1330e+00,-2.2069e-01, 6.1318e-01,-9.4007e-04,-7.5888e-01,-2.1910e+00,-1.2273e+00]
[ 4.6172, 2.5822,-5.4947,-1.4373,-1.797 , 1.3019, 2.7071, 0.3809,-2.3931, 1.4708,-3.0854, 1.5658, 2.5162, 2.4293,-0.4677, 2.8467, 1.9264,-1.9045,-2.6035,-2.3926,-1.4934]
[ 4.4276,-5.3447,-0.165 , 0.1983, 2.8007,-0.1149,-1.0176,-0.3497, 0.7267, 2.126 ,-2.0556,-0.6828, 2.0608,-1.607 , 0.5879, 1.9413, 0.9395, 2.5081, 2.9976,-2.3539, 1.5094]
[-2.5683,-2.9669, 2.5111,-3.0464, 1.3786, 1.8557, 2.5958,-1.7405, 1.2604, 1.0068,-0.6363, 3.0296, 0.6787, 0.7425,-1.3799, 0.7162,-1.0672,-2.3523, 1.9325, 2.5744, 1.207 ]
[-4.6202, 2.5789, 4.6595,-2.137 , 2.7923,-0.1401, 2.1764, 2.3907, 1.5057,-2.8243,-0.5326,-0.014 , 1.2309,-0.5197,-2.2305, 1.6211, 1.3265,-2.7839,-1.2389,-2.4036, 0.8537]
[ 0.4944,-3.1439,-3.375 ,-0.9533,-2.3317, 1.6217,-0.6595, 2.9477,-1.3055, 2.4015, 0.9924,-0.268 ,-0.7292,-2.7283, 1.1394, 2.3277,-1.5354, 1.3371,-1.499 ,-2.654 , 0.0483]
[ 2.2857,-1.0377,-0.8901, 0.5039, 0.5133,-0.6691,-2.347 ,-0.7981,-0.7424,-2.0397, 2.6842, 1.2514,-1.3941, 2.4815, 2.7584, 2.6931,-1.1036,-0.6745,-2.4228, 0.3263,-2.9576]
[-1.6901,-2.3556,-0.0961, 1.1176, 2.4324,-0.2008,-2.2437,-0.6105,-2.6851,-1.8112,-1.0915,-0.607 , 2.4012, 1.7805, 2.4868, 1.7382, 0.8529, 1.8894,-0.4935,-2.424 ,-1.055 ]
[-0.2529,-5.3524,-4.0898, 1.5167, 0.0336, 1.4885, 1.4097, 1.5544,-2.9275, 1.1235, 1.612 ,-1.5846, 1.1514,-1.5368,-0.5314,-2.6087, 1.6416,-2.6292, 2.5286,-2.4169, 0.82  ]
[ 0.5137,-0.8016,-2.1437,-0.6531, 2.2932, 2.2316,-2.8928, 3.0222, 1.8474, 1.6799,-1.7456, 1.2612,-1.7944,-2.1884,-1.9538,-0.724 ,-2.7666,-1.7333, 3.0798,-1.0098,-2.1689]
[ 2.5253,-4.8011, 1.5984,-1.6066, 1.4947,-2.5876,-0.6298, 2.9912, 2.0974,-0.111 , 2.231 ,-2.6029, 0.9622,-0.8664,-1.9465, 0.5277, 0.4606,-3.1271, 2.1002, 0.8785,-0.1921]
[ 4.0932, 1.3763, 5.3717,-3.074 , 1.3091, 0.611 ,-1.5403,-0.4762, 0.7798, 2.5232,-2.7656,-0.354 , 2.1339, 0.5422, 0.873 ,-2.5165, 1.7533, 0.9993,-2.0299, 0.0308, 2.9812]
[-4.8379,-4.5952, 1.3908, 1.9452,-2.0167, 0.7563,-0.0091, 1.5847, 2.9764,-2.3018,-1.3201, 1.3304, 2.0905, 1.234 ,-2.4291,-0.2367, 2.2786, 2.662 ,-2.9731, 0.7043, 0.428 ]
[-3.8528e+00, 1.0311e+00, 4.4737e+00,-3.0849e+00, 3.1447e-01,-1.3038e+00, 4.4375e-03, 4.9784e-01, 1.2358e+00, 1.6863e+00,-1.6080e+00,-1.7649e+00,-1.4710e+00,-5.6415e-01, 1.5493e+00, 2.2599e+00,-2.3599e+00,-1.5366e+00, 2.9778e-01, 1.9011e+00,-2.6645e+00]
[ 2.0298,-0.4727, 3.7289, 1.5925,-3.1203,-0.7584,-1.6222, 1.2728, 2.4308, 2.6538,-2.0122,-2.0325,-1.3104,-1.3002, 2.9836, 1.8551, 0.975 , 0.1071,-3.0611, 0.3139, 0.683 ]
[-1.5922, 4.1812,-1.5005, 1.5109,-0.9564,-2.7319,-0.7216,-2.8349, 1.6385,-1.1568, 3.1339, 0.8757,-1.7657, 0.624 , 2.8387,-0.3126,-2.3033,-1.1751,-1.4448, 2.7934, 1.4   ]
[ 3.4866, 1.7808,-0.1107, 0.8338,-0.4336,-1.3286, 2.9038,-1.3568,-0.6259, 0.1902, 1.3159,-2.6327,-1.6756, 1.0039,-1.7839, 1.7298, 1.4999,-1.5719, 0.0861, 2.9835, 0.1126]
[ 0.2446, 2.7877,-1.5245, 0.1396,-3.0356, 1.8475,-2.869 , 0.28  ,-1.3147,-0.8287, 2.6639, 0.8728,-0.2329, 1.2237, 0.3988,-0.7809, 0.8879, 1.1824, 1.6145,-2.1761, 1.7253]
[ 4.6028, 2.9609, 0.7394,-2.5099, 2.7498, 2.9393,-1.9117, 0.5001, 1.9348, 0.4312,-2.9061,-2.5649, 1.2384,-0.0323, 2.6151,-2.2094,-1.8648, 1.6302, 1.7421,-2.3647, 1.5763]
[-5.4931,-3.0479,-2.8045,-0.051 , 1.3994,-2.5145, 0.5267, 2.3608, 0.2451,-2.1276, 2.7316, 0.8678, 0.9602, 1.887 ,-1.6345,-2.9919,-0.683 , 1.9763, 0.9746,-2.7742,-2.6475]
[-4.5018,-4.5385, 1.2359, 0.8208,-2.9439,-2.2651, 2.2419, 3.1396, 2.7147, 2.9659,-0.8738,-0.4949, 1.7817,-0.832 , 0.9943, 2.7353, 1.9673, 2.0767, 0.2127, 2.6905, 1.9932]
[ 4.2618, 0.6445, 0.4023,-2.9825,-2.1792, 1.2598,-1.3783, 0.2996, 2.7579,-0.4474, 2.8719,-2.5968,-2.3956,-1.0457, 3.0389,-0.9235,-1.8372, 0.3783,-3.1038, 2.2624,-0.9318]
[-2.7938, 4.3097,-4.3552,-2.7828,-0.6992, 0.923 ,-1.3072, 2.7103, 2.1108,-3.0448, 1.375 ,-1.9607,-0.1734,-0.5907, 1.7283,-1.3836, 0.5139,-1.0896, 2.9855, 2.7814,-2.7727]
[-4.4259,-1.9416,-4.5326, 0.2757, 0.4246, 1.8954, 1.7845,-0.7049,-1.6123,-1.6628, 2.7853, 3.1326,-2.0962,-3.0492,-2.2627, 2.861 ,-1.007 , 1.2445, 0.0721,-2.6133, 2.683 ]
[ 2.8736, 2.1097, 1.9167,-1.4662,-2.4746, 0.6222,-0.0334, 1.3775,-2.0062, 2.4214,-2.4487, 1.0686,-0.5283, 1.6814, 2.5584, 2.8874, 0.9011,-0.5083,-2.6344,-1.1726,-1.8679]
[-3.775 , 3.3848, 1.9692,-0.0362, 0.7015, 2.9011,-0.9648, 0.0785,-0.6845,-0.5868,-1.9391,-2.4779,-1.3728, 2.2008, 0.6303, 2.7542,-2.7531, 1.4328, 2.8119,-2.6608,-2.8311]
[-3.1886,-0.6097, 1.3125, 2.3463,-1.7443,-2.7663,-2.9874, 3.1159, 2.752 ,-2.9852,-0.9412,-1.3919, 0.6947,-1.0054, 0.1835,-1.3305, 2.2882, 0.2916, 1.1401,-0.0193, 0.0092]
[-5.0714, 4.1114,-3.5002, 1.7638,-2.5527, 1.3104, 1.5204,-3.1008,-2.3051,-2.9172, 2.4178, 1.6813, 1.7711,-2.4034, 1.4001, 2.981 ,-2.5432, 1.9773,-2.4474, 2.2115, 1.0453]
[-5.2927,-4.4497, 0.3367,-1.4769, 2.9031,-1.0002,-0.2707,-0.5387, 0.9917,-1.5433, 0.9045, 1.377 ,-0.4823,-2.6987, 2.8668,-2.669 ,-0.8625,-2.0786,-2.7147,-0.3205,-2.251 ]
[-5.1263, 1.7758,-4.2058,-1.0575,-2.1922,-0.2622, 2.5653, 2.6044,-0.8339,-2.0694, 2.7626,-0.5821,-2.161 ,-0.477 ,-1.7348, 2.8855, 1.6672, 1.3177,-0.1605,-0.4621,-0.3376]
[ 0.1591,-2.6083,-3.5452, 2.0566,-2.1903,-0.9949,-0.2079, 2.4936,-2.3842,-1.1296,-2.1813,-0.1536, 3.1054, 0.9122, 0.2626, 1.732 , 2.7647,-1.0748, 0.2836,-0.8136,-3.0586]
[ 0.9602, 5.2072, 3.1768, 1.4301, 2.4285,-1.422 ,-1.1559,-1.0926, 2.4992, 0.894 ,-0.2414, 0.7506,-0.3485, 1.7736, 1.2058,-1.7459, 2.9719,-0.0895,-1.3059,-1.7921,-0.9882]
[-1.6996,-4.0408, 4.0079,-2.8616,-0.8757, 2.6429,-2.6671,-0.4294,-0.9662,-3.0295,-1.2227, 3.0813, 0.296 ,-1.2773, 0.7021, 2.4215,-1.156 , 1.7521, 1.4056, 0.6476,-0.3505]
[ 4.7336, 1.3987,-1.151 ,-2.2756,-1.6626,-3.0229,-1.8685,-1.3057,-2.8552, 2.5406,-2.0855, 0.9929, 2.4095,-1.5359, 1.8257,-0.5163, 0.2163,-3.1241, 2.9966,-1.727 , 0.6777]
[-0.8842, 2.8935, 0.3537, 1.7569,-1.4969, 2.815 ,-2.0108, 2.4126,-1.7318,-0.8311, 0.7823, 0.2897,-1.805 , 1.7472, 1.3944,-1.5692, 2.5875, 0.028 , 2.1985,-2.4278,-2.3301]
[ 1.2064, 3.5084,-4.8418, 0.6309,-2.0531, 2.2533, 1.2529,-1.1495, 0.3888, 1.7726, 0.6169, 2.1805,-0.052 , 0.7615, 0.1279, 2.0871,-0.0361, 0.602 , 0.5117,-1.1235, 1.6972]
[-0.0343,-4.8565,-0.8466, 0.3614,-2.6137,-2.7143,-2.7708,-2.8971, 2.1531,-0.9017, 1.4691,-1.8759, 2.0196, 0.9883, 2.0064,-0.8311,-2.1112, 2.2034,-0.2737,-0.1303, 0.7825]
[-3.4196, 4.5984,-4.5027, 2.8451, 2.3195, 2.5291,-1.1797,-1.3734,-0.6629, 2.9704,-2.5935, 0.433 ,-2.6929,-2.5028, 2.5659, 0.2655,-2.7053,-0.7623, 0.9817,-1.5213, 0.0522]
[-3.8001,-1.0394, 3.6944,-2.2273,-0.0597, 3.0236, 1.0634,-2.4686,-3.0161,-0.8658,-0.5508,-0.9042,-1.2087,-1.5313,-0.1619, 0.0454, 1.9793,-0.0138, 1.3081,-1.8013,-3.0105]
[ 2.7749,-4.5393, 5.0969,-3.1195,-1.8099, 2.3372, 1.8554, 2.182 ,-2.7061,-1.8885, 0.4744,-2.0676, 1.5876,-2.0561, 0.4774, 1.2231,-1.1891,-1.0808,-1.8539,-0.6523,-0.6842]
[-2.3243,-4.6307,-4.6492,-0.368 ,-1.9997, 0.4572,-0.7989,-1.4449,-0.1959, 0.1696, 0.5942, 0.7179,-2.4255, 2.8177, 0.0928, 0.5913, 2.0939, 0.9377,-0.7431, 0.1732,-1.639 ]
[ 0.7923, 2.1566,-0.7517, 0.9411, 2.9408,-2.5213, 3.0672, 1.473 , 0.8978, 1.491 ,-1.2074, 0.7638,-0.8906,-2.0036,-0.9196,-0.7606,-2.806 , 0.222 ,-0.1079, 2.5682,-2.4865]
[-2.1143,-2.2401,-2.5998,-0.2581, 0.6921, 2.3529, 2.9023, 1.2161, 0.6948,-3.0995, 0.6628, 0.799 ,-0.2209,-0.9235,-1.0146, 0.1678,-1.0427,-1.311 ,-2.5331, 1.1831, 0.092 ]
[-2.5069,-0.1518, 3.2562, 0.9767, 0.8499, 0.5693, 0.698 , 0.4026, 0.8212, 2.8263, 2.8941,-1.9068, 0.9426,-0.772 ,-0.7862, 0.8318,-0.2676, 1.115 , 0.5259,-1.5238,-1.7473]
[-4.895 ,-1.7557, 1.8686,-0.8543, 1.8888, 1.6145, 0.7591, 0.5543,-1.8677, 2.6724,-0.6236,-1.5573, 2.7051,-0.1978,-2.2843,-0.577 , 2.7862, 0.4029,-2.6398, 2.5823,-1.4963]
[-0.6167, 0.7613,-4.6597,-2.0183,-0.5485,-0.8417, 2.6782, 2.2237,-1.8366, 0.3417,-0.0536,-2.8924, 0.974 , 1.2698, 1.4323, 1.1548, 1.621 ,-2.6001, 0.0979, 2.7078, 2.6482]
[ 3.1838, 1.111 ,-1.7158,-0.0386, 0.5314, 1.594 ,-1.1562,-2.7158, 1.7013,-0.689 ,-2.6901, 0.1237,-2.3573,-2.5601,-1.8904,-0.049 , 2.373 ,-1.7613,-2.1905, 1.7704, 0.022 ]
[-1.0008, 1.6561, 3.0096, 0.8737, 1.3074,-0.655 , 0.8607, 2.2779,-0.9105,-2.6813,-2.5101, 2.0857,-1.0101,-0.0122,-1.1496, 1.6335,-0.2395,-0.7567,-2.2695, 1.5841, 2.4592]
[ 3.7572,-2.706 , 3.1809, 2.6732, 0.1869,-1.4528,-1.2991,-2.4111, 2.5682, 3.0341, 2.8058,-0.4242,-0.016 ,-2.2802, 1.035 , 1.1229, 1.0563,-1.2291,-1.6529,-1.975 , 0.8755]
[-4.9832,-2.4271,-3.9713, 2.0723,-0.6748,-1.1452, 2.0766,-3.1069,-2.8276,-1.4352,-2.6669, 0.2114,-0.0352, 1.5061,-0.4521, 1.1927, 1.5126,-3.1135, 2.3622,-2.2456,-3.0913]
[ 3.6679, 4.243 ,-3.8425, 0.2978, 2.0873, 0.987 ,-0.9921,-0.4142, 2.3836, 2.382 , 0.1559, 0.6914,-2.5761,-1.8105, 1.0362, 2.3576, 1.3394,-2.336 ,-2.6957,-0.9784, 3.0821]
[ 2.6709,-1.4214,-2.6914,-1.3128,-1.7797, 0.9695, 2.1902,-0.2422, 2.6949,-2.5174,-1.4377,-2.3399,-2.9221, 1.0719, 1.4502,-2.755 , 1.2897, 2.3231, 2.1078,-2.1182, 2.0271]
[-5.0329,-1.0853,-3.8767, 0.6872, 0.9002,-1.9127,-0.9905, 1.9502,-2.1748,-2.6648, 1.4768, 1.44  , 0.3702,-2.3261,-0.0444,-2.4224,-1.5303,-2.1468,-1.3893,-1.0595, 1.0471]
[ 2.0823, 4.4915,-0.2418, 1.4496,-2.2199,-3.0945, 1.0875,-2.0546, 0.2578, 1.4347,-2.0238, 1.4337,-2.3316,-1.5758,-1.9431,-2.8965,-1.2097, 0.0748,-2.1392,-1.5288, 0.8834]
[-4.1278, 1.7916,-5.0635, 1.561 , 0.3453, 2.5096, 1.1434,-1.2042, 0.6474, 1.3816, 0.6824,-0.0922, 2.2249, 0.059 , 2.8395,-2.2044, 0.1627, 0.5147, 1.1219,-1.4052, 0.1014]
[-0.2848, 2.291 , 4.9654, 2.0108,-1.5111,-2.5688, 2.8614, 2.8199,-1.2077, 2.0612,-2.7873,-2.7156, 2.2269,-1.1851, 1.7121,-2.1093,-0.7018,-0.9028, 1.0307, 1.426 , 1.4272]
[ 0.4987, 4.6791, 5.1298, 0.9616, 1.1315,-0.7935,-2.8508,-1.8049,-2.0926,-2.9944, 1.6115,-2.9093,-2.539 , 0.4138, 2.7165, 2.6032, 1.4868, 0.6798,-0.8232,-2.0639, 1.4901]
