[-4.6639, 1.6269, 0.8542, 1.4862, 1.9604, 3.1163,-0.2449, 1.7566,-1.8268,-2.6237, 1.0494,-1.5744, 0.2785, 1.4441,-1.6777, 2.7081,-1.2101, 0.3441, 2.078 ,-0.7586,-1.3559,-0.4381, 0.2989, 1.8999, 0.1843]
[ 2.6505, 4.2938, 4.1683,-0.1737, 2.4556, 1.6284,-1.6925, 2.871 ,-2.0867, 0.9189,-0.3117,-0.2129,-0.1164,-1.8305,-1.0371, 0.3454, 1.1793,-1.7935, 2.0886,-0.867 , 2.7421, 0.2805, 0.7056, 2.9149, 0.5229]
[-5.2932,-0.9539, 0.7927,-2.9064,-2.4916,-1.0318,-3.0544,-0.1019, 0.8889, 1.2871, 2.7281,-2.672 ,-2.4774,-2.0029, 1.2814,-1.6233,-0.7759,-2.9436,-2.342 , 2.5163, 1.5444, 2.9658,-2.632 , 0.3777,-0.7681]
[-4.4394, 0.7126, 0.9893, 0.3269, 1.8093, 0.0046,-2.7127,-2.0992, 2.7142,-1.6267,-0.8098,-0.8135, 2.519 , 2.645 ,-2.6047,-1.7563,-0.4135,-1.7824, 1.092 , 1.4024, 3.0422, 1.017 , 1.6451,-2.5083, 1.7982]
[-3.5401,-3.7523, 2.5112, 1.2057,-1.9472, 1.2826,-2.0285, 1.5218, 0.6679, 3.1005, 1.9137, 0.2094,-3.0175, 2.4168, 2.6897, 1.2981,-2.738 ,-1.991 ,-0.4533, 0.6121, 2.3293, 3.0258,-0.3149,-0.9493,-2.1726]
[-1.1466, 3.0144,-4.6094,-2.4295,-0.6502, 0.2417,-1.3585, 1.1344,-1.8327,-2.7257,-1.3546, 1.6913, 2.3446, 0.8917,-2.1227, 1.9226, 1.4296, 1.173 , 0.8302,-1.4077, 0.065 , 3.0423,-1.637 ,-1.884 ,-2.7558]
[ 0.7638, 0.9625,-3.8289,-0.5544,-1.0349,-2.2951, 2.4257,-1.2501, 1.4856, 1.0307,-2.8749,-0.8703, 2.6156,-2.5944, 1.5655,-0.7048, 0.1838,-1.2481,-2.6988, 0.5118, 0.8384,-0.4118, 1.2468,-0.118 , 2.5349]
[ 4.0713,-1.2658, 2.3729, 1.8882, 1.6593, 1.9323,-2.3817,-0.6269,-1.3627,-2.3285, 0.4593,-0.0202,-2.8591, 2.0481, 2.0117,-1.8307, 1.5444, 2.8497,-1.1013, 2.2492,-2.4928,-2.8956, 3.1229, 2.6337,-1.6607]
[-5.2363e+00,-1.0034e+00, 1.3228e+00,-1.8956e+00, 2.0615e+00,-1.9552e+00,-2.3607e+00,-1.2258e+00,-1.5559e+00, 2.1247e+00, 1.7869e+00,-1.6455e-01, 2.7805e+00, 1.0321e-01,-4.6517e-01,-1.0182e+00,-1.7233e+00,-4.5800e-03,-1.5590e+00, 1.9499e+00, 2.4737e+00, 6.4036e-01, 1.6354e+00,-5.6492e-02,-1.3763e+00]
[-1.5878, 1.7271,-3.2814,-1.7529, 2.9179,-1.2183,-2.2155,-2.8572, 1.7423,-1.1539,-1.0712,-1.0149, 2.6022, 2.9148,-1.6002, 0.12  , 1.0374, 0.603 ,-0.2247,-2.1872, 0.7888,-0.7979, 1.7894,-2.0275,-2.9994]
[ 2.5498, 0.1397, 1.8152,-3.0409, 1.4987, 2.2831, 1.328 , 1.8036,-0.3701, 2.3948,-2.9262, 0.7626,-1.0446, 1.4978,-2.3799, 1.7814,-1.0004, 0.8714, 2.4805, 2.9451, 2.5142, 0.8965, 0.7015, 1.7901,-1.4852]
[-0.661 ,-3.0579, 1.8202,-1.5726, 2.722 ,-2.1147, 1.105 ,-0.1592, 1.8325, 2.3902, 2.8717, 2.4012, 0.7161,-0.3685,-2.2347,-1.229 , 2.5195,-2.1136, 2.2258, 0.9683, 0.4512, 0.9172, 1.9384,-1.1898, 0.2996]
[-5.4424, 1.6791, 2.0786, 0.0473, 0.8255, 2.0571,-2.2388, 1.4313,-3.1157, 0.6004,-2.2457, 0.5718, 1.067 , 0.7319,-3.0745, 2.9386, 0.6779,-0.4941,-1.5445,-2.5896, 1.1305,-0.3479,-0.8505, 1.6767, 2.5661]
[-2.3604, 5.223 ,-3.4841,-0.8661,-0.5247,-2.6911, 1.9866, 1.7293,-0.4108,-0.245 , 1.2313, 2.5234, 1.4464, 0.8892,-1.3126,-1.1702, 2.3637,-2.3384,-0.9513, 2.6016,-2.3095,-1.9084, 0.4431,-0.7448,-2.2872]
[ 0.4609, 1.8728,-0.4265, 2.4941, 0.1183,-0.2803,-1.6756,-0.217 , 2.2191, 0.0077,-0.2869, 2.9119,-1.755 , 2.4006,-0.8694,-2.1214,-1.8201, 1.9361,-0.4424,-2.5311, 1.3103, 1.4097, 0.3991, 2.2377, 1.9489]
[ 3.9684,-3.4049, 5.4359,-0.7293, 1.571 , 0.4896, 1.8258, 0.3917, 1.3575, 0.3774,-0.9692, 2.075 ,-1.1539, 0.0288,-0.0705, 0.8487,-2.1297, 2.3395,-2.5336, 1.8925, 2.4392,-0.4013, 0.0435, 0.8645, 2.0346]
[ 4.3368, 0.2892,-0.8107, 0.5389, 0.3809,-1.7882, 1.6691, 0.8503,-1.6588,-0.3696, 0.316 ,-1.1198,-3.1232,-1.4207, 2.4402,-0.7217,-0.3339, 1.2175, 2.3981, 2.9272,-1.8838,-0.54  ,-0.0283,-1.2512, 2.3702]
[ 3.6843e+00,-5.1595e+00,-2.9357e+00,-1.9194e+00,-2.3519e+00, 3.8350e-04, 4.9082e-01, 2.5965e+00, 8.2021e-01, 2.4797e+00, 1.4045e-01, 2.6422e+00, 8.3453e-01, 1.1332e+00, 1.4413e+00,-2.8319e-01,-8.0385e-01, 1.2409e+00, 3.0578e+00,-1.2551e+00,-1.4198e+00,-1.1952e+00,-4.6465e-01,-1.9448e+00, 2.2092e+00]
[-0.4147,-0.8252,-0.8155,-1.685 , 1.8858, 0.653 ,-0.7948,-2.9337, 2.753 , 0.2496, 1.1011, 0.4718,-0.5307,-2.6488, 1.5201,-2.8059,-1.8298,-2.7952,-2.4429,-2.3818,-1.555 ,-1.7277,-2.26  , 2.6602, 0.9463]
[ 2.1029,-1.1731, 3.781 , 2.7772, 2.1878,-3.0479,-2.3166,-0.213 ,-1.7958,-2.1854,-2.4121, 3.0815, 2.3932, 2.487 , 0.1581, 2.0891,-0.2877,-1.7653,-0.8816,-0.5384, 3.0887,-2.5526,-2.4793, 1.8004, 3.0711]
[ 0.055 , 3.6721,-3.5797, 0.8159,-2.2506,-2.8168,-2.8394, 1.9488, 1.748 ,-1.1062, 2.4464, 0.6313,-2.4902, 0.2485,-2.573 ,-0.3709,-1.0697,-1.4838, 1.4834, 3.0293,-1.8495,-3.0676,-2.9322,-1.9403, 0.2327]
[ 0.7052, 5.1347,-4.1248, 1.51  , 2.709 ,-0.5047, 1.2588, 0.0553, 2.9544,-1.972 ,-1.3708, 1.8323, 1.7912, 1.8209,-0.5625,-1.0873, 1.2252,-2.5246,-3.0792,-0.6398,-0.7141,-2.8687,-2.4171, 0.6178, 1.5209]
[-1.2567, 2.8681, 2.5088, 1.3915,-2.9711,-2.3647,-2.5997, 0.0504,-1.4378, 0.4894,-2.1681,-2.2858, 1.0381,-1.3073, 1.1353,-2.1508, 0.638 , 0.8791,-0.4622,-3.0291, 2.7204,-1.3884,-0.3026,-1.0843,-2.5802]
[-4.8571,-3.0121, 5.049 ,-1.949 ,-2.4413, 1.1759, 1.057 ,-1.5363,-2.1253,-1.0152,-1.0733,-2.5157, 1.4299,-2.5262, 0.6515,-0.4889, 0.5358, 1.1604,-2.7439, 2.4705,-2.4045,-2.4863,-0.9646, 2.5218, 3.0264]
[-2.4063, 5.3196, 2.3125,-2.9402, 0.8319, 1.8292, 0.0589,-2.3223,-3.1063, 2.9631, 0.3532, 0.2671,-1.7832, 0.7752,-2.6724,-0.8503, 2.2468,-1.2418,-2.6521, 1.8971,-1.5648,-0.958 ,-1.2723, 0.2954, 0.2302]
[-0.6307, 4.0292, 3.6325, 2.4394, 0.7867, 0.3881,-2.2539, 1.2039,-1.5885,-0.1704,-1.5794, 0.2782,-1.9889,-2.4503,-0.2494,-2.354 ,-0.9965, 1.5054, 2.3281, 2.6652, 2.3355, 1.7699, 0.2806,-0.5004, 0.8024]
[-0.5952, 0.7109,-4.7632,-2.6617,-1.5871,-0.8796, 1.0406, 0.9415,-2.3778, 2.9502,-2.5086, 1.8173, 0.1649,-1.0959, 1.544 ,-0.1167, 0.448 , 0.7427,-0.9259,-0.9218, 2.978 , 1.0656, 1.6577,-1.9513, 2.3806]
[-0.3131, 3.581 , 4.8982, 0.9942, 0.7224,-1.5097,-1.9585, 0.985 ,-2.3226, 1.4868,-1.0029,-0.4209, 0.4317, 1.3694,-2.5229,-0.617 , 0.2593, 1.6292, 0.9604, 2.5834,-2.4607, 2.1363, 2.8646, 1.9595, 2.0599]
[ 3.133 ,-5.3496, 1.6699,-1.0894, 1.8807,-1.7982,-0.961 , 0.2353, 0.6354, 0.5888, 2.1202,-2.4336,-0.7233, 2.9468, 2.5155,-2.6037,-0.7821,-0.5469, 0.4844, 2.713 , 3.0088,-1.5117, 0.5973,-1.3043,-2.5632]
[ 1.6643,-4.1645,-5.0859, 2.5071, 1.6256,-1.9195,-2.05  ,-2.9199,-0.1626, 2.8828, 2.5745, 2.3916,-1.553 , 0.0361,-1.5944,-0.151 ,-0.7314, 1.1589, 0.723 , 0.1336, 0.5446,-2.9577,-2.1467, 2.0855, 3.0896]
[-1.6635,-3.2852,-1.9238,-2.1724,-0.6993,-1.3258, 2.0041,-0.787 , 2.1551, 0.124 ,-0.3483,-2.5193, 1.895 , 2.8027, 2.0028,-1.2507, 1.7706,-1.3038, 0.9552,-2.9899,-0.3692, 0.4219,-2.6681, 2.7613,-3.1335]
[-2.3173,-4.8039,-5.4341, 2.6528,-2.8145,-2.3936, 1.405 ,-0.1197, 0.8157, 1.4443,-1.7921, 2.5535,-2.5587,-0.7326, 0.57  , 1.5963,-1.8747, 0.0896,-2.7909,-1.2252, 2.2265, 0.3712,-2.9328, 2.6077, 0.4374]
[ 1.1117, 3.3534, 3.4706, 0.9821, 1.3015,-1.9439, 2.917 ,-2.9937, 0.6195,-0.4284, 0.9323,-1.716 , 1.9955,-0.7791, 1.7852, 0.9829,-0.9321,-2.0656, 0.4231,-1.2416,-0.7984,-1.3249, 1.1096, 2.5604,-2.8253]
[-5.3029,-3.2798,-5.3839,-1.7885,-2.4105, 0.5406,-1.7286, 0.6751,-0.0522,-0.9501, 3.1022, 2.8601,-2.6349, 1.4063, 2.748 , 0.3868,-1.3678, 2.8393, 1.8614,-2.3868,-2.159 , 1.9791, 1.7229,-1.7784,-2.0652]
[ 3.0318,-5.1204, 2.3755,-0.4723, 1.1805,-0.4944, 2.5978, 0.2154, 2.1143,-1.4159,-2.4064, 0.5742, 2.8018,-0.7534,-2.9439, 0.0392, 3.0296,-2.8943,-0.0762, 2.7834, 2.8419, 3.1149,-2.1405,-0.4353,-0.5477]
[ 1.988 , 2.8892,-4.3067, 2.4769,-0.03  , 1.9045, 0.9137, 2.6403, 2.816 ,-0.8245,-1.5483,-2.0453, 1.6619, 0.4659,-1.2207,-2.9661,-2.4273, 1.2971,-0.6794, 0.3513, 2.9646,-2.0843, 2.3884,-1.4682, 2.615 ]
[ 3.1346e+00,-4.8069e+00,-3.3427e+00, 1.8215e+00,-1.0669e+00,-1.5723e+00,-5.5117e-01, 7.4465e-01,-4.3429e-03,-2.0131e+00, 2.6857e+00, 5.1730e-01,-2.8877e-01,-5.1962e-01,-9.6070e-01, 3.1207e+00, 2.4283e+00, 1.7313e+00, 9.5445e-01,-5.3545e-01,-2.8639e+00,-2.1905e+00, 6.1264e-01,-1.5956e+00, 1.1223e+00]
[ 4.5447,-0.1517,-2.6102,-0.689 , 1.7589,-1.1158,-0.1471, 2.0303,-2.3854,-2.217 , 2.532 ,-0.5484,-2.5446,-2.633 , 1.81  , 0.0792,-3.0192,-1.4081,-1.1047,-2.9484,-0.654 , 0.5477,-1.1486,-0.647 , 0.181 ]
[ 4.9078, 4.1939, 4.9539,-2.4373, 1.3001,-2.8601, 0.6927, 3.1331,-0.9784,-0.2934, 1.3616, 1.0702, 1.8724,-0.011 ,-1.2868,-1.213 ,-0.2365,-1.066 , 0.4057,-0.9139,-2.4822, 0.9433, 1.45  ,-0.5327,-2.309 ]
[ 3.9577,-4.1626,-2.3404, 2.6206,-0.327 , 1.6611,-1.3538,-1.5146, 0.7212, 2.3962, 1.7145, 0.6169,-0.9766, 1.2174,-1.2819, 2.8395,-0.5533,-2.6603, 0.1846, 1.2156, 2.011 , 0.5946,-1.0109, 0.4412, 0.3591]
[-3.1107,-3.5397, 0.9205,-0.2342,-1.8313,-2.6461,-3.0602, 2.0566, 2.5636,-0.8233,-1.1488,-1.8795,-0.0798, 0.9454, 0.7568,-0.2195, 1.7057,-2.6097,-2.2884, 1.6746, 0.0487,-2.5807,-0.0464,-0.8589,-0.6019]
[-2.4246, 3.9325, 4.3356,-1.0725, 1.71  , 0.5401, 1.077 , 1.6618,-1.433 ,-0.6308,-0.9846, 2.7402, 1.8982, 1.5437,-1.6714, 0.8067, 1.0777, 2.8106, 0.7195, 3.054 ,-0.6623, 0.2393, 1.6707,-2.77  , 1.0332]
[ 3.517 ,-4.7996,-1.0569, 1.8067,-0.2405, 1.6904,-2.1583, 0.2493,-1.4045, 1.6826, 1.7387,-2.3594,-0.0587, 1.1724,-2.1683, 2.4637, 0.6417,-0.3814, 0.2807,-1.6721,-0.7187,-1.2222, 1.5197, 0.4264, 0.9897]
[ 1.2999, 3.6624, 5.0069,-2.7268,-2.2938, 1.1327, 1.0972,-3.1042,-2.0123, 2.0891, 2.4537,-2.1539, 0.0459, 1.0092, 0.561 ,-0.2074,-2.8436, 1.4726, 2.1143,-0.3348,-1.3352,-2.0521, 1.1335,-1.0489,-1.4265]
[-4.0337, 4.9161,-0.176 , 1.9363, 0.0987, 2.4478,-1.7527, 1.4425,-1.5159,-0.3047, 2.7744, 2.8567,-2.5416,-1.3159, 2.0448, 0.3122, 1.6123,-1.9903,-1.3314, 0.1765, 1.2821,-2.5788,-1.773 , 2.6068, 2.1479]
[-0.6672,-5.3007,-1.3274, 0.8605,-2.5394, 3.0367, 1.8651, 1.7158,-1.3687,-1.807 , 1.2131, 1.7218, 2.9355,-0.1448,-1.3713,-1.5749,-2.0674, 1.2468, 0.8731, 1.8524, 3.0733, 2.2825,-3.1221,-0.0858,-1.2751]
[ 0.8589,-4.0847, 3.2698,-0.889 , 1.61  , 0.7112,-2.6448, 0.4928,-0.0914, 2.4202, 2.3317, 0.5978,-0.7578, 2.3685,-0.6914,-1.1357,-2.6742, 1.2955,-1.1658,-0.5719,-0.898 , 0.1035,-1.1375, 0.1661,-2.8985]
[-0.2076, 4.4534,-4.5768, 1.1487, 1.9202,-0.1262,-2.7004, 1.8034,-0.7963,-0.0896, 0.2106, 2.8048,-2.1236, 2.6575,-2.043 ,-0.4643,-3.0135,-0.58  , 1.2061, 0.6728, 1.4974,-1.5066, 2.1453,-1.07  , 1.2504]
[-2.4955,-4.1463, 3.0578,-0.8283, 0.9364, 1.1889,-1.9582,-3.0087, 2.2786,-2.3062,-0.9388, 0.692 ,-0.3748,-2.5042, 0.0861, 2.5739, 1.9091,-3.0819, 1.3697, 1.0309,-0.8652, 1.5231, 0.6355,-1.3135, 2.3097]
[ 4.5375, 4.3911,-1.2883,-2.9529, 0.8499, 2.9299, 0.5843, 1.1355, 0.9253, 0.7326,-1.2049, 2.1782,-1.3422,-0.6439, 2.1829, 1.2957, 0.136 ,-1.8086, 2.348 ,-1.4934,-1.3135, 0.0359,-0.0269,-1.6457, 1.0692]
[ 0.6141,-1.1372,-4.1123, 2.0724, 1.6597, 0.7499,-0.8979, 2.3357, 1.0824,-2.1311,-0.2546,-2.9604,-0.4319, 0.8662, 2.4334,-2.217 ,-1.1951, 2.811 ,-2.1098,-2.9156,-1.6393,-0.4983, 2.0791, 2.8905,-2.6078]
[ 5.2811, 2.0744, 4.0372,-0.3211, 2.0883,-0.4075,-0.4252,-0.6826, 1.0941,-2.3255,-2.115 , 2.6744, 1.1747,-0.576 , 0.2354, 2.4683,-2.1175, 2.8324, 2.9159,-2.6801,-2.518 , 1.6739, 0.9959,-1.9307, 0.2337]
[-5.4131, 3.6623, 5.4373,-0.3598,-0.5023,-1.5466,-0.9777, 0.482 , 0.4302, 0.2315,-1.1572,-1.3978, 2.995 ,-2.1014, 2.883 , 1.1687,-1.9445, 1.3738,-1.8871, 1.4123,-3.0418,-1.993 , 2.3778,-2.2131, 0.8643]
[ 2.7291,-4.107 , 1.5299,-2.9583, 1.9278, 2.5939, 0.8692, 1.1046,-0.5501,-1.8168,-2.3788, 0.5654, 1.8635, 2.8564, 0.624 , 2.8412, 1.9254, 3.0295, 0.7381, 2.1564,-2.0584, 1.9207, 1.6624,-1.3806,-1.7884]
[-3.999 , 3.7271,-0.0048, 0.5055, 1.216 ,-2.6658,-2.2455,-2.5834,-1.7863, 1.485 ,-0.1329, 0.3484,-3.0046, 2.0668,-1.3801,-0.3758, 0.5214, 2.1299, 1.4885,-2.7205, 1.5897,-0.2906, 1.5908,-2.6751, 1.0104]
[-1.3053, 1.3773, 0.8498, 1.1693, 2.3604,-1.2544,-2.9115, 2.6559,-2.4589,-1.5189,-3.0225,-1.7195,-2.7036, 0.5381,-1.0653, 0.1644, 2.0251, 1.763 , 1.6586, 1.8218, 0.321 ,-3.1087, 0.4658, 2.8154, 0.0742]
[-2.8276,-5.3581, 4.4975,-1.9794, 2.7456,-2.337 , 0.4096, 0.6086,-0.1517,-2.5619, 1.3845,-1.4303, 2.4739,-2.0231,-0.8149,-2.0975, 2.6939,-0.1672,-0.1709,-1.542 , 0.9332,-0.4515, 1.6963,-1.0286,-0.069 ]
[ 1.1747,-4.6918,-0.4317,-1.8038, 1.8386, 1.0073,-2.115 , 0.3492, 2.2514,-2.9228,-1.5809,-3.0195,-2.2199,-2.2252,-2.899 , 2.5721,-1.1256, 1.9507,-2.6855, 2.3526, 1.0713,-1.2981, 1.6999,-0.8516,-2.1619]
[ 1.0466, 0.8316, 2.2033,-2.1642, 1.1207,-0.3763, 1.8838, 1.4479,-1.1762,-1.7533, 0.0878,-0.3174,-2.2079,-2.6193, 2.5454, 2.8618, 1.7694,-1.2947,-0.1678, 1.0304,-1.5412, 2.3533, 0.9262,-2.0207,-1.0128]
[ 2.9485,-0.2522, 0.7313,-1.1141, 0.5789, 2.0208,-2.442 ,-0.9128, 0.9749, 1.3711, 2.7191,-2.2606,-2.9209, 2.0961,-1.8896, 2.8021, 0.7675,-0.5214, 1.4255, 2.439 ,-0.0595,-2.0788,-0.6755, 2.7061,-0.7376]
[ 4.5437,-1.915 ,-4.7848,-0.6705, 2.2524, 2.0056,-2.1272, 0.4073,-2.4602, 1.3968,-1.2278,-2.6395, 1.5297, 2.3819,-1.342 , 2.4681,-1.2656,-2.6303,-2.3072,-1.5096,-1.4459,-1.1736, 1.4652, 2.7247, 1.4069]
[ 4.5684, 2.6857,-5.1148, 0.699 , 2.5666,-2.1938,-0.8966,-1.8127,-0.2446,-0.0341, 0.2283,-2.3576,-0.0108, 0.1583,-0.7323, 1.7957,-2.7932,-2.8895,-2.7556,-1.7193, 3.0469, 0.1259,-1.9193, 1.7642, 0.0757]
[-3.5906, 1.1851, 4.2307, 1.8376, 1.4601, 3.1274, 2.9864,-1.8622, 2.4561, 1.9592, 1.9538, 2.549 ,-2.465 , 3.0271, 1.0188,-1.3482,-2.209 ,-0.4921,-3.0075, 1.9844,-1.0202, 0.1639,-1.6287,-1.3505,-1.6691]
[ 2.358 ,-1.2399,-2.3843,-2.7132,-1.2504, 0.6347, 0.4971,-0.7001, 2.4048, 3.0797,-0.5901, 2.3364,-1.8989,-2.3759, 1.6181,-2.6603,-0.3524, 1.1727, 0.1184, 2.4818, 1.7885,-1.6468,-2.3833, 1.6139, 1.3086]
[-2.7891,-0.2276,-0.7795,-2.1742,-0.8807,-2.6705, 1.4998, 0.4675, 1.5969,-3.0586,-2.4618, 0.2598, 2.9327,-2.8097, 2.3605,-2.7586,-1.7917,-0.939 , 0.1235,-1.9659, 1.4341,-0.3402, 2.0954,-2.9597, 2.8999]
[ 3.0005, 3.2466, 1.7264, 0.3614,-1.7668, 2.717 ,-1.5618, 1.8611, 2.1724,-3.1067,-2.3579,-2.6813, 2.4816, 1.25  , 0.644 ,-2.6808, 2.96  ,-1.5256, 1.5972, 1.825 ,-0.1571,-0.3614, 0.4747, 3.0154,-1.0445]
[ 2.6892,-3.2424,-0.0393,-0.3732, 1.9952,-0.5942,-2.7789, 2.591 ,-2.3809,-1.2393,-2.0253,-1.7432, 1.6688, 1.9501,-1.4578,-0.2143,-2.2126,-0.0133,-2.9291, 1.2609,-0.7976,-1.5867,-1.548 , 1.4785, 1.1592]
[ 4.2489,-1.0166,-5.0166,-2.4966,-0.0264, 1.1834, 2.3115,-1.4438,-2.4752,-2.0784,-0.1519, 0.0387, 2.6496,-0.4145, 2.9507,-2.5522, 1.3306,-2.8022, 0.6027, 0.3183,-0.1361,-0.2515, 1.4626,-2.5539,-1.9941]
[ 1.8564, 1.5931,-5.077 ,-1.1718, 0.7088, 0.271 ,-1.3598,-2.7629, 0.8075, 1.9203, 2.3588,-0.5781, 0.938 , 1.464 ,-0.6348, 2.4933, 1.8253, 2.7194, 0.3353, 2.1987, 2.6881, 2.9611,-0.6126, 0.7085,-3.1042]
[-3.1288,-2.7913,-4.7192, 2.4664,-0.5581,-0.7523, 2.2429, 2.9097, 1.325 ,-1.008 ,-1.2569, 2.3471, 1.982 ,-0.2211, 1.8915,-2.6818, 0.3209, 0.8041,-0.5556,-0.2619, 2.5984, 2.6926, 1.9689, 2.1475,-0.7759]
[-1.8575, 2.9905, 1.5425, 2.1174, 1.8128, 0.0227, 3.0516,-0.1444, 0.3076, 2.5802, 2.3856,-1.99  , 2.1974, 1.7358,-2.1449,-1.277 ,-1.2661, 1.2783,-1.5287,-0.3718,-1.4471,-2.3514, 1.8265, 2.3563, 1.7049]
[ 4.5595,-3.0219, 4.1721, 3.1293,-0.1491, 2.7151, 0.2863, 0.9898,-2.737 ,-1.9407, 2.1714, 2.4876,-2.9489,-1.4311, 1.2003,-1.0712, 1.625 ,-2.2991,-2.5752, 3.1127,-2.1311,-0.4039, 1.5553,-0.2218, 0.0349]
[ 0.7808, 1.784 , 5.4188, 0.5728,-1.458 , 2.7066, 1.1757,-2.2923,-1.5937,-1.9079, 0.8237,-2.8469,-2.3873,-0.9042, 1.7406,-0.7397,-2.3827,-2.738 , 0.709 , 0.7593,-0.1337,-0.4838,-1.2179,-2.5628, 1.6249]
[-3.6384,-2.8825,-2.8027, 2.3764, 1.5137, 1.3826,-2.9775,-1.666 , 1.7614, 1.1378, 1.5934, 2.0751,-2.7558,-1.5287, 1.6218,-1.4486,-2.1409, 2.5872, 2.2191, 0.4716,-2.675 ,-1.5654,-1.5039,-1.3376,-1.44  ]
[-3.4896, 3.2256, 1.522 ,-1.3769, 1.8264, 0.506 , 2.6041, 0.5371,-1.8114,-1.4994,-0.9954, 0.9415,-3.0264, 1.5594,-0.2271, 0.9013, 0.7662, 0.8354, 1.6454,-0.4162, 1.3411, 2.0826,-1.5193,-2.7861, 2.7685]
[ 1.822 , 0.8217,-4.6835,-0.0584, 3.1197, 2.4926,-2.6542,-0.5957, 1.2286,-1.1275, 2.7781,-0.8389,-2.5959, 0.6757, 2.1787,-0.4562, 0.6679, 0.7021,-2.0601, 1.2569, 1.3065,-1.6072,-2.9438, 1.6808, 0.2249]
[-5.0063, 5.309 , 1.2871,-1.2261, 1.9437,-0.847 ,-2.1836,-1.2807, 1.5448, 2.4205, 2.7086,-1.3   , 2.9937, 0.4021, 1.0037, 2.6083, 0.5631, 0.076 , 1.4612, 0.2504,-1.4048,-0.298 , 3.1285, 0.3431, 1.9976]
[-2.2892,-5.4819, 4.0987,-2.3622,-2.0529, 0.0982, 0.1994, 2.5272, 2.1568, 0.965 , 1.4329,-1.1264,-0.3798, 2.5778,-1.5513, 2.7829,-0.2866,-1.7588,-1.0548, 3.12  , 2.912 ,-2.5146,-0.8254,-0.5219,-0.989 ]
[ 1.9877,-2.0642, 3.6103,-3.0553, 2.8069,-3.0981,-2.8817,-2.8056, 1.0994,-2.5384, 3.0111, 2.743 ,-0.2033, 1.6335, 0.9027, 0.7298, 2.875 , 0.78  , 0.4778,-0.8325, 1.0455, 2.7576, 1.1536,-0.8067,-0.913 ]
[-1.9043, 2.5222,-0.7939, 0.3295, 2.6888, 1.0858,-2.862 , 0.2608, 0.985 ,-2.6957, 2.6915,-1.6521,-1.7141, 1.5512,-1.2635, 2.8518, 0.9013,-2.1231,-0.6658, 2.0074, 1.8631, 0.9597, 1.507 ,-2.9899,-2.2479]
[-0.9562,-4.1314,-0.9599, 0.7215,-2.7092, 0.1972,-2.3987,-2.5071, 2.4409, 1.6931,-1.5099, 1.3636, 1.3544, 1.6123, 2.3776, 0.632 , 1.4814,-3.1244,-3.0937,-1.5595, 1.3068,-2.2003,-2.7996, 0.2484, 0.531 ]
[ 0.0718,-1.0857,-3.3684,-2.9509, 0.9997,-1.6004,-3.128 , 0.7733, 1.2737,-0.5889, 2.3138,-0.5485, 1.9599, 2.8939, 1.9219,-0.4388,-2.8705, 1.5622,-0.4058, 2.1955,-1.5108,-2.3266, 1.1679, 1.1425,-2.568 ]
[ 2.2409,-1.4631, 0.7316,-2.2302, 1.3172, 0.2401, 2.5749, 2.0076, 3.0808, 2.7595, 3.0998, 1.6677,-1.6138,-2.393 , 1.954 , 2.7429,-2.8057,-2.0267,-2.1873, 2.191 , 2.6082,-0.557 , 0.8644,-1.1841, 2.8736]
[-2.1814, 2.8921,-4.148 ,-2.1947, 2.1994, 2.4298,-1.9687,-2.4766,-0.7264,-2.3802,-2.1573,-0.3701,-1.2129,-1.4348,-1.1024, 1.7017, 2.4589, 0.2411,-1.7124,-2.4436,-0.8221,-0.5739, 1.2344,-1.3312, 1.7816]
[ 1.6991,-3.9531,-1.291 , 3.1183,-1.3421, 0.5678, 0.8581,-0.4049,-0.8081,-2.9936, 1.8162,-3.0672,-0.3589, 0.0113,-1.9085,-1.0024,-1.5063,-1.5086,-1.6745,-1.8113,-0.3746,-3.0942,-0.4757, 1.0326,-1.2655]
[-2.0307,-3.4311, 1.6822,-0.4476,-1.5433,-1.0445,-2.6106,-1.4338, 0.8008, 1.7064,-0.314 ,-1.1252, 1.3947,-2.541 , 2.4337,-1.0921, 2.5609, 0.4778, 1.4397, 0.4409, 0.4549,-0.6936, 2.6569, 0.5534,-0.5632]
[-4.8895,-5.2241,-0.2738,-1.9028,-2.6579, 2.1486, 2.2283, 2.2435,-0.1555, 0.7766, 2.4167, 1.2809, 1.899 ,-1.7888,-2.6659,-1.3578, 2.4618,-0.7907,-2.5195,-2.6466,-3.0927,-0.6373, 0.2203, 1.8898, 1.8557]
[ 3.4629e+00, 5.4964e+00, 1.1106e+00, 1.0806e+00, 2.5690e+00, 7.4961e-01,-3.7032e-01,-3.7311e-03,-1.5611e+00, 1.5791e+00,-1.2362e+00,-2.1699e+00,-2.2147e+00,-9.9408e-01,-9.5198e-01,-2.3086e+00, 2.1748e+00, 2.2690e+00,-2.2816e+00, 3.2584e-01, 3.0852e+00,-3.0643e+00, 1.4978e+00,-2.3698e+00, 5.6496e-01]
[ 0.3371,-0.8465,-3.547 , 2.6134, 1.7241, 1.5084,-0.1325, 0.6939,-2.7053, 1.5757, 3.0052, 2.9243, 0.052 ,-2.2979, 2.4764,-2.2831,-0.7671, 2.4865, 0.0392,-0.7674,-1.9555,-0.3212,-1.7029, 2.5666,-1.363 ]
[-2.9733,-3.1531,-3.3973,-2.6402,-0.4267,-1.5502,-1.4551, 2.861 ,-2.7997, 1.9283,-0.1263, 2.8712,-0.6719,-1.8466,-2.1667, 2.3134, 0.4257,-1.3415,-1.3898,-0.3821, 0.8246,-2.3763, 0.0904, 1.3784,-0.7551]
[-3.5756,-2.4262,-1.6049,-0.0749, 1.9395, 1.098 ,-2.175 ,-2.2378, 3.0634, 0.3113,-0.0967, 0.6381, 0.353 , 0.5062,-2.3676, 1.8894, 2.0798, 0.294 ,-2.9842,-1.5805,-0.5649, 0.8651,-2.6331, 1.9263, 2.0879]
[ 1.1265, 3.8668,-2.6891,-0.5093,-0.5099,-1.1182,-1.4746, 0.2804,-1.1824,-0.4721,-1.12  ,-2.7081, 2.448 , 1.7655, 0.35  , 1.5931,-0.0959, 2.9216, 2.5778, 2.5646,-1.212 ,-2.5943, 2.9747, 2.6256,-1.3258]
[ 2.9374,-2.882 ,-2.4247, 0.1581,-1.6981, 2.9487,-3.0549, 0.2046,-2.595 ,-1.422 ,-2.1668,-0.9735, 1.9618, 0.2966,-2.5419, 1.7557, 2.5965, 2.6428, 0.7063, 2.4263,-2.5655, 1.8457, 0.3483, 1.1953, 1.659 ]
[ 2.4171, 0.563 , 2.7823, 0.4852,-1.4281,-2.3834,-0.5662, 2.4374,-1.2273, 1.5082,-1.7932,-2.4142,-0.2283, 2.5968, 2.7017, 0.8776, 1.0037,-1.1646, 1.1721, 1.4308, 1.5743,-2.9855,-1.0252, 0.1501,-1.2696]
[-1.2396,-1.7451, 1.6563, 1.2143, 3.0764,-0.7892, 0.5043, 2.6354, 3.0556, 2.4507,-1.3389, 2.0089,-1.2565,-0.4944,-1.9598, 2.2375,-0.3814,-0.3138,-0.4753,-1.9201, 1.224 ,-3.0719,-2.4108, 1.9808,-2.6795]
[-1.6054, 3.5165, 1.4144, 3.0116,-0.5594,-2.9596, 0.7431, 1.0499, 2.3222,-2.108 , 0.5579,-1.3426,-2.34  , 3.0261, 1.611 , 3.0524, 0.8285,-0.5375, 2.8479,-2.0531, 2.9507,-0.0731,-2.9354, 1.4311,-2.2277]
[-4.9873,-2.2448,-0.0611, 1.1783,-0.8073,-0.1387,-0.6689,-1.6844,-0.4761,-1.3313, 1.3913,-2.7061, 0.786 ,-1.5558,-0.2594,-3.1003, 2.3637,-1.45  ,-0.3107, 0.5636,-2.7854, 2.6628,-1.7039, 0.7547,-0.2755]
[-2.6967,-1.0162,-1.6048, 2.0096,-0.5364, 2.9891,-0.4726,-1.9398, 2.0515, 2.027 , 1.0232, 0.067 , 1.3834,-1.7476,-3.0474,-0.6255, 1.0513,-2.8769, 2.3222,-0.1097,-2.4713,-2.3171, 2.741 , 2.1846,-0.5514]
[ 0.6735,-2.3409,-4.6601, 0.3405,-0.4061, 2.8774,-0.7116,-0.2478,-1.275 , 1.0843,-1.4219,-0.7479, 2.739 , 1.6833,-1.5197, 0.0845,-2.6639, 2.4191, 1.3912, 1.8922,-1.4548,-0.8621,-1.5251,-1.3979,-0.1388]
[ 4.6558, 4.2697,-4.2478, 2.7529, 0.8201, 0.1387,-2.717 , 3.0741, 1.7223, 0.2296, 2.7419, 1.967 ,-0.2631,-2.4898,-2.7125, 2.5695, 1.3961,-0.5447, 0.5195, 1.9161,-2.4801,-2.8197,-0.7884, 2.1711, 1.2449]
