[ 2.7699,-1.2764, 0.4581, 0.9973, 2.2781,-1.3974,-0.3418,-0.1558,-0.465 ,-2.7724,-1.9013,-2.932 , 0.9522, 0.3281, 0.9324, 1.5021, 1.876 , 2.5935,-2.4621, 0.2987, 0.1787]
[ 1.5728,-1.0291,-0.2104, 2.7104, 2.6262,-1.6091, 2.7189,-1.6377, 1.3234, 2.8271, 1.5858, 1.7623, 1.7676, 1.4131,-0.6154, 1.7437, 3.1347,-0.3814,-1.744 , 0.9947, 0.2994]
[-3.5721,-4.3683, 2.7811, 1.2929,-2.8648,-2.1131, 1.7279,-0.4334,-2.4458,-0.6283, 1.9958,-0.6214, 0.8835, 0.4215,-1.1463,-0.9326, 2.9996,-1.4146,-2.7499, 1.5064,-0.0577]
[ 3.5979,-1.395 , 1.352 ,-1.6383,-1.7891,-1.0823, 1.5341,-3.0533,-0.8077,-0.0863,-2.553 ,-0.9215,-0.1115, 0.6938, 2.4625, 1.8806,-1.3391,-2.5849, 2.5757, 1.8454,-0.9546]
[-5.31  ,-2.0495, 5.4074, 1.2053, 0.1042, 1.7614,-2.399 , 0.4992,-0.0142,-2.9163,-0.4607, 2.7433, 0.6811, 2.03  , 1.2074,-3.1228, 2.1057,-2.7589, 2.8362, 2.4889,-1.1346]
[ 5.4145,-1.2604, 3.678 ,-1.3337, 2.0748, 0.1042,-2.555 ,-0.7644, 3.0189, 2.8993, 0.5685,-0.998 ,-1.4382, 2.6422,-3.0841, 2.6548,-2.8673, 0.5235, 0.9325, 0.8234,-2.2203]
[ 2.4167, 1.7127,-0.9496,-2.5921, 2.4415, 0.2336,-0.708 ,-0.658 ,-0.3862,-2.6711, 1.7138, 2.9532, 1.1845,-2.9437, 0.7319, 2.1185,-0.5592, 0.7751,-0.9055, 2.0351, 1.6389]
[-1.4458, 1.0833, 5.3201,-1.5926, 0.6472, 1.761 , 2.3454,-1.9563,-0.2246, 2.4044, 1.8158,-0.4539, 2.6703, 2.6631, 1.0819,-2.1084,-0.4567,-1.7304, 1.883 ,-2.406 ,-2.3805]
[-1.0539, 3.4785,-4.6771, 0.5688, 0.6474, 2.6716,-2.274 ,-0.147 ,-2.9167, 0.6244,-2.7784,-2.7577,-2.3125, 1.5361, 1.1234, 0.898 , 2.8114, 2.2449,-1.5504, 3.1058,-1.9403]
[-4.1257, 1.6161,-3.1205,-2.7158, 1.7987,-2.1482, 0.2295,-3.014 ,-1.2989, 1.0315,-0.9955, 1.4766, 1.6547,-0.4934,-2.4922, 1.8298, 0.2431,-0.6158, 1.3534, 2.1096,-1.7893]
[-2.3294,-2.4847, 4.4359, 2.8262,-2.1256, 2.3132,-0.2906, 0.4176, 0.8501,-0.0866,-2.4882,-2.0785,-0.8209, 1.9912, 1.9468, 2.6016,-0.8284, 2.8763, 1.3141,-1.7287, 1.5059]
[ 0.4695,-0.2874,-0.0833, 0.4894, 2.2255, 0.5042,-1.3385, 2.7873,-2.829 ,-2.9801,-1.1019, 2.2768,-0.1512,-1.3604, 1.5099,-1.1224, 2.5827, 3.103 ,-0.2099, 1.188 , 2.1011]
[-0.9842, 4.6943, 3.5619,-2.3623, 0.7102,-0.7843,-1.2616,-0.4884,-0.5442, 0.562 ,-2.5464,-2.6069, 2.0785,-0.1937, 1.1945,-2.4471, 1.4238,-1.181 ,-1.4353, 2.9639, 0.0697]
[ 4.8168,-1.8374, 5.1311,-1.4732,-2.3237, 1.2574, 0.855 ,-1.3752,-1.2113,-2.8739,-2.9575, 0.8911,-0.277 , 1.7929, 2.5473, 0.2263,-1.4957, 2.1147,-2.2013,-0.619 , 1.3758]
[ 1.8353,-5.4435,-3.8811, 1.78  ,-1.0189,-0.319 ,-2.0474, 2.3192,-1.7543,-2.3462,-0.6622, 2.4329,-1.2521, 1.3684,-2.9451,-0.0983, 0.6018, 2.6417, 0.5941,-2.866 ,-0.0829]
[ 0.0833,-4.7162, 4.6423, 1.1997, 2.717 ,-0.4098,-0.0072,-2.0063,-0.9348, 0.6517, 2.2449,-0.5411, 1.5179, 0.1581, 0.6715,-0.1425, 0.3169,-1.6249,-3.0954,-0.4994,-0.6164]
[ 3.6661,-4.4096, 4.341 ,-0.3999, 0.2948,-0.345 ,-1.2924, 2.2106, 2.9803,-2.8942, 0.3051,-0.8739, 0.9365, 1.1729,-1.0309, 3.0068, 2.5468, 0.1997, 0.9313, 1.1849,-0.7141]
[-3.5501,-2.4082,-3.7772, 2.1693,-1.5659, 2.0678,-0.622 , 0.1209, 0.5959, 0.1073,-2.2466, 0.1331,-2.8357,-2.2631,-3.0557,-0.1546, 0.2916,-2.0192,-0.5528,-2.1071,-0.7084]
[ 3.9971, 2.4414, 3.56  , 2.0453,-2.4613, 2.8674, 1.7109,-2.127 ,-2.5995, 0.6184, 1.1029, 1.5815,-0.6452, 1.2353, 0.2735, 0.0902,-2.1619, 2.3275, 1.3418,-0.4919,-1.2556]
[-4.1898, 3.5405, 3.0462, 1.2803,-2.9756, 1.8221, 1.1449, 1.0922,-1.9355, 2.0753,-0.3147,-2.0489,-0.0609, 0.5311,-1.3199,-3.1066, 1.4414,-1.5575,-0.4015,-1.9752, 1.3321]
[-1.2208, 0.0243, 5.1873,-0.4729, 2.4948, 1.4016, 2.629 ,-2.808 , 2.8806, 1.1376, 2.9674,-0.6823,-2.0766,-0.755 , 0.5623,-0.6571, 2.1034,-2.0323,-2.9475,-1.5235,-2.166 ]
[-3.8462, 1.3508, 2.4069,-3.037 ,-2.8746,-0.3554,-1.463 ,-0.544 ,-1.2793, 1.7737, 1.2707, 2.1524,-2.1137,-0.1034,-1.8949,-1.8196, 2.0543,-1.0406,-1.5664,-3.007 ,-2.334 ]
[ 4.087 ,-1.2449,-1.4204,-0.7874, 2.5644,-0.856 , 1.5648, 1.441 , 0.3508,-0.992 ,-1.8391,-1.9447,-0.1308, 1.9581,-0.1845,-1.2384, 2.1991,-1.2954, 0.3474,-1.4722, 0.782 ]
[ 1.9222,-4.3391,-1.9813, 1.109 ,-0.7485, 2.0707,-0.2552, 2.1662,-1.1696,-1.2555, 0.6949, 1.8768,-1.5659, 0.4426,-2.6391, 1.022 , 1.1188, 0.9369,-2.6935, 1.0165,-1.4518]
[-2.7723,-2.7003,-0.8287, 2.8431,-1.4335,-2.2843,-1.0535,-2.9826,-2.8   ,-2.83  , 0.3152,-2.1108,-1.5058, 3.1199,-0.0889, 1.4497, 2.464 , 0.8025,-2.9067,-0.9953,-0.1445]
[-4.9879, 1.5096,-4.1443,-2.554 ,-0.533 ,-2.9964,-1.3593, 0.1051,-1.1658, 2.5838, 1.5499, 1.6728, 0.5834,-1.4049,-1.9541, 1.9029, 0.597 , 1.4672, 0.3889, 1.7227,-2.2875]
[-2.685 ,-3.3643, 0.788 , 0.0555,-2.784 ,-2.7459, 0.4999,-2.3696, 1.2521, 0.3591,-1.5151, 2.7227, 1.9826,-0.5439,-1.9672, 0.1732, 3.0999, 1.0876, 0.0342,-2.5798, 1.486 ]
[ 1.4678, 0.051 ,-2.0261,-3.0638,-1.1805, 1.6112, 2.4553, 1.1306, 0.7135, 0.3639, 1.0838, 3.101 , 1.5037,-2.2209, 2.5644, 0.7326,-1.7897,-2.211 ,-2.6148,-0.5516, 2.82  ]
[ 4.0572, 4.0413, 0.9458,-2.1884,-2.6432, 1.8443,-2.3623,-1.9239,-1.5403, 1.1017, 1.8653,-0.5829, 1.13  , 0.0676,-0.2795,-1.4908, 2.769 ,-2.8574, 2.1932,-2.3141,-2.6233]
[-3.1888,-3.921 , 0.2958, 1.7133,-2.0094,-2.995 ,-1.2117,-0.3353, 2.9337,-2.4774,-3.1051,-2.2696, 0.6758,-2.2386,-1.8618,-2.2499,-2.1209,-0.3875,-1.2742, 1.1533, 2.9227]
[ 3.8376, 3.8034,-0.4193,-1.6925, 1.9623, 0.605 , 1.7695, 1.6263,-3.0889, 2.183 ,-1.6341, 1.2676, 2.0471, 1.2591, 1.2898, 1.6759, 0.5936,-2.7986,-2.8052, 2.8127,-2.4232]
[-4.7016, 1.5781, 4.718 , 0.7353, 2.6091, 1.8214,-0.9143,-3.0863, 2.2775, 3.0333,-2.3854,-0.1914,-3.0459, 2.786 , 0.1717, 2.5379, 1.361 ,-0.421 , 2.274 , 0.0592,-2.6658]
[ 3.0778, 3.7186,-3.8038, 2.8602,-2.8512, 1.3534,-2.0997,-1.482 ,-0.9774, 1.2826,-0.1608, 1.5354, 2.8414, 1.6916,-2.4743,-0.3168,-1.1655, 0.5985, 0.7124, 1.3358,-1.6108]
[ 2.8476, 4.7895,-0.1199,-1.6394,-0.8528,-1.9389, 1.3123, 0.0122,-3.0322, 2.941 ,-0.7839,-2.742 ,-2.9723, 0.9637, 0.8219,-2.9505, 2.7397, 2.496 , 2.6326, 1.3658,-0.0573]
[ 1.8937,-1.3585, 3.1907,-2.0957,-1.2161,-1.8772, 1.4693,-0.6238,-0.3358,-1.6577,-0.7613, 0.8569,-1.5439, 0.7109, 1.1984,-0.6985,-1.8724, 2.7746,-3.0494,-1.618 , 1.4485]
[ 0.227 , 2.7814,-4.7695, 2.0024,-2.0854, 0.8083, 0.0733,-2.7078,-2.3515, 1.6171, 2.3867, 2.5588, 2.3257, 2.2267, 2.741 ,-1.357 , 1.9216, 2.9083, 1.8509,-1.0371,-3.0639]
[-5.2024, 5.3824,-2.0116,-2.1082, 2.0687,-1.1979, 1.4003,-2.9929, 1.0246,-0.5903,-1.908 ,-2.3106,-1.8885,-0.2521, 3.0297,-0.5052,-0.4958, 1.5888, 2.4348, 2.2152,-0.233 ]
[-0.8739,-2.3652, 0.6529, 2.3904, 1.0655,-2.7828, 1.8411,-0.9513,-0.8238,-2.2399, 1.6679,-1.5266,-2.4012, 1.8694,-1.3061, 1.4634, 2.9356,-2.4708, 2.4545,-2.313 , 1.7928]
[-1.7921,-3.7391,-2.3282, 0.9152, 0.291 ,-2.4015,-2.7448, 0.9292,-0.4943,-2.3867, 2.7838, 2.3395,-2.5384, 2.4072, 0.9316,-0.7478,-2.4016, 1.8361,-1.5443,-1.2203,-3.0037]
[-5.4499, 3.2661,-2.9226,-0.8921, 1.9698,-0.8735, 0.3254,-2.4411, 0.5232, 0.8451, 1.0726, 1.2417, 1.9124,-0.3841,-1.2375,-2.0786,-0.3519,-1.22  ,-0.8258, 2.5986, 1.3222]
[ 1.4798,-0.7592, 4.9371, 1.4605, 1.7205, 2.2655,-2.4169,-1.803 , 1.2555, 2.7201,-2.1378,-2.5832,-2.2427, 1.9283,-0.3095, 2.9041,-1.1312,-2.8868, 2.7252,-1.0379,-1.4727]
[ 4.2849,-5.2706,-5.1149, 1.5833, 2.9902, 0.9861, 0.1191, 0.8639,-0.5492, 3.0716,-0.0705,-1.3709, 1.8734,-1.1288, 2.4412, 2.0259, 0.8222, 2.9385, 2.8154, 2.784 , 0.2019]
[-3.9349,-1.0913, 3.8133,-0.1665, 1.5629,-1.3476,-2.9056,-0.6667, 2.632 ,-1.0799,-0.8425,-2.8854, 1.2641, 0.4764,-2.2302,-1.7304, 1.5097,-2.0938,-0.4405,-0.7361, 1.5341]
[-3.5522, 1.0411,-2.2907, 1.1478,-2.5283, 1.186 , 0.9939, 1.2712,-2.3935,-2.0957,-0.4946,-1.746 , 0.1926, 0.8259, 1.8705,-2.1618,-0.8362, 0.9114,-2.5579,-1.4454,-2.497 ]
[ 3.706 , 1.8982, 2.696 ,-2.0259, 0.3935,-0.298 , 0.5694, 1.1473, 1.5858, 2.3813, 0.556 , 0.5808, 1.2783,-2.3179,-0.4138, 0.5374,-1.1583,-2.7218, 0.4964,-1.4255, 1.4849]
[-3.6983, 0.781 ,-1.4686, 2.9381, 3.1402,-3.1148, 0.8178,-2.7587,-2.5255,-0.587 , 1.2429,-0.4114,-1.3957, 0.444 ,-1.554 ,-2.0631, 0.6862, 1.3487,-2.2611, 0.475 , 1.8697]
[-2.5588,-2.4394, 2.8892,-2.0774,-0.5296,-0.2374, 0.1211, 1.0896, 3.0761, 1.4668, 0.7884,-0.9321,-0.1634, 2.2415,-0.8382, 0.7763,-1.2267,-2.9819,-1.0407, 1.4814,-1.5193]
[-0.4232, 0.5506, 1.4929,-3.0996,-1.3176,-2.8775, 1.8724,-2.8303, 2.7796,-2.5722,-0.8247, 2.0753, 0.1016,-2.5951,-1.7601,-1.1377, 2.4006, 0.7805,-1.7034,-2.4474,-2.6321]
[-0.8656,-1.6129,-3.0061,-0.1008, 2.5986, 2.6106,-0.166 ,-1.8338,-3.1031, 2.2112, 1.8908, 1.223 , 0.8592, 3.0617, 2.8726, 0.2296, 2.0703, 2.4529, 1.2181, 1.5233,-0.0091]
[ 1.1082,-5.0549,-4.6835,-0.4428,-2.5059,-0.4053,-2.026 , 1.5212, 0.7325,-3.1104,-0.4589,-1.7666, 0.099 ,-3.1099,-1.2122, 1.9846, 1.4043, 0.4257, 2.9816,-2.3391,-1.1307]
[-1.9925,-3.0361,-2.2361,-2.2483, 1.3799,-1.2544, 2.7099, 0.3947,-0.349 , 0.5509,-1.4709,-0.764 , 0.0403, 0.3026,-2.2318,-2.6811,-3.0979,-1.5259, 2.3037,-0.9773,-0.7976]
[-3.1782,-4.7003, 0.1443, 0.0206,-1.1525,-1.5076,-2.5294, 2.1817, 1.7472, 0.6215,-1.8191,-2.6487,-2.0476, 3.0552, 1.1389,-0.8753,-1.6431,-0.9724,-1.9479,-3.0941, 2.0915]
[-1.41  , 3.9867,-0.32  ,-0.0719,-1.2509, 2.2628,-0.1684, 2.5135, 0.4086, 2.3548,-0.7004,-1.5481,-1.9664, 3.0386,-0.4184, 0.0963,-3.034 ,-1.3275, 2.3659, 3.0766,-0.196 ]
[ 3.4619, 2.0515,-4.7525, 1.6466, 2.7802,-0.6296, 0.4816,-0.8909, 2.7402,-2.9101,-1.3065, 0.2997,-2.3843,-2.2028,-1.5173,-2.5071, 2.2816,-2.8459, 0.7414, 0.4627, 0.6243]
[-3.1038,-4.4286, 1.9005, 3.0854, 1.1366, 0.1846, 0.2182,-0.3622,-0.2226,-0.0855,-1.7672, 2.5506, 1.6797, 1.077 ,-1.728 , 2.4158,-2.1817, 2.3589,-0.5348,-3.0758, 2.8786]
[-0.0165,-0.1486, 1.9849, 1.2293, 1.933 ,-2.5831, 1.4932,-2.9196, 0.438 ,-0.1321,-0.3963, 1.4561,-2.8909,-0.4305, 1.9749,-3.01  ,-1.2963, 1.9214,-0.7168, 0.9697,-2.4842]
[ 2.2186,-3.8862, 1.0255,-2.6902, 0.234 ,-1.8945,-2.9888, 1.9615, 2.3841,-0.078 ,-2.002 , 0.8226, 3.0733,-2.2792, 0.6923, 2.809 , 1.6254,-3.1028,-2.844 , 0.9662, 0.7088]
[ 0.8597,-3.1862, 2.0607, 1.5026,-1.4244,-2.5349,-0.9741,-0.0964, 2.5374,-3.0008, 1.514 ,-1.2572, 2.0497,-0.0118,-1.1597,-1.8036, 1.6164,-0.02  , 0.3421,-0.2707,-0.0691]
[ 2.0675, 1.0128, 2.0279, 0.4806, 2.5578, 0.4083, 1.4861, 2.5361,-0.069 , 2.9826,-1.4793,-1.9008,-0.5425, 1.1572, 3.0714,-2.0349,-2.3159,-0.1293,-1.0749,-2.6361,-2.5528]
[-0.0991,-0.6364,-0.216 ,-0.9121,-1.3802, 2.8851,-1.2864,-0.2691,-3.0415,-0.5816, 1.0139,-1.3167, 1.6476,-1.197 , 1.8832, 1.7379,-0.0035, 2.5794,-1.0571, 2.3716, 2.5404]
[ 4.5655, 4.6613,-4.8635,-0.3565, 2.8742, 1.515 ,-0.6922,-2.5313,-1.9174, 2.516 , 2.5101,-2.9733, 2.3733, 3.1026, 1.2869, 1.9437, 2.2583,-1.0325, 1.4329, 2.6987, 2.0446]
[-5.4932,-5.2878, 2.1342, 0.6914,-2.6202, 0.1532, 0.7566,-2.3983,-1.6157, 2.0393, 0.7475, 0.8872, 0.9735,-1.4115, 1.2895, 0.6759,-1.3288, 2.1975, 1.0677, 2.34  ,-0.4126]
[ 4.9209,-5.3122,-0.5236, 2.8882,-2.9294, 2.2095, 1.4198,-1.0044,-2.6575,-2.6097, 2.8191,-0.9238,-2.0127, 0.5352, 2.1507, 0.4384,-0.7233,-0.9573, 0.7677, 3.0853, 0.7705]
[ 0.7723, 3.3084, 4.0487,-1.6889,-0.976 , 0.6657, 2.6431, 1.7981, 0.1684,-1.7595,-0.9818,-2.7381,-1.1207, 0.851 ,-2.2834, 0.4381,-0.2066, 2.3274, 0.358 ,-2.952 ,-2.8665]
[ 2.7043,-2.9556, 4.8732, 0.7029, 0.1848, 1.0776, 0.0517,-1.3643, 1.4427, 2.6609, 1.0924,-1.6817, 2.8579, 2.0691, 0.7516, 2.5842,-0.3441, 2.4804,-2.9533,-0.2551, 0.1289]
[ 1.253 ,-1.6308, 4.9828,-2.041 , 1.9434,-1.1902,-1.2631, 0.5888,-2.036 , 0.8154, 1.8869,-1.9759, 1.0808, 1.616 , 1.5907,-0.8428,-1.2194,-1.3342,-0.8151,-2.8504, 2.3519]
[ 0.5915,-1.6951, 0.1807,-1.262 ,-2.1579,-1.7682,-2.7061, 1.9342,-2.5396,-0.6511, 2.1607,-2.6773, 2.2367, 0.3928,-1.6781,-1.7184, 0.1094,-1.4767, 1.9182,-2.7536,-2.5159]
[-2.3575, 3.9739, 2.1556,-0.1427, 0.8442, 1.0363,-0.7438,-2.9096, 0.8405, 1.0437,-0.3175,-1.2521,-0.0924, 2.7468,-1.155 , 2.6229, 2.4902,-1.5877,-1.1232, 2.6277,-2.9812]
[ 2.9889,-0.7949, 2.7776, 0.0758,-2.3944, 1.205 , 0.1537, 2.4985, 0.2222, 1.5733, 2.1075, 0.8749,-3.1365,-2.2778, 1.527 , 0.6262, 0.3587,-0.4172,-0.1465, 1.0055, 0.0856]
[ 4.3516, 0.8496, 4.6879, 1.7842,-2.3147, 1.6958,-2.8906, 0.9697, 1.4562,-1.6082,-1.5596,-3.0359, 1.9003, 1.7898, 2.6556, 0.442 ,-1.2887, 3.0234,-1.7957, 0.1629,-1.0951]
[ 0.7349,-3.0384,-0.6124,-1.9369,-0.0418,-0.6989,-3.0841, 0.6689,-2.8856,-0.3374,-2.916 ,-1.8102, 1.2341, 2.0504, 0.4998,-2.7179, 2.0987, 1.3737,-0.0604, 3.0172, 2.8919]
[-3.4388, 2.4063, 2.952 ,-1.223 , 2.8789,-1.5722, 1.3108, 1.7212,-0.7037, 0.7483,-2.9234,-2.7939, 2.2446,-0.8201,-1.8701, 1.5798,-2.1201, 1.3912, 2.1871, 2.1679, 0.1435]
[-1.034 , 5.2042, 2.7935, 1.4062,-0.1564, 0.3125,-1.1785,-0.9101,-0.3976, 2.4643,-2.9944, 0.8972,-2.4959,-1.7398, 2.4249,-1.9357, 2.0687, 0.6698, 0.5356,-0.5937,-1.0749]
[ 4.6084,-0.3091, 4.0129,-1.417 , 0.603 , 0.58  ,-1.5144, 1.3172,-1.8388, 0.3339, 1.5313, 1.474 ,-1.7963,-1.1404, 2.2367,-2.0548,-0.9269,-1.8712, 1.3193, 2.9827, 1.455 ]
[-3.7825, 2.6314, 2.244 ,-0.9447,-1.9208,-1.7138, 1.4478,-1.2282,-2.9703, 1.241 , 0.0644, 0.453 , 0.2921, 0.2336,-2.3173,-0.9591, 1.347 , 2.1991,-0.2223,-1.8557,-1.2863]
[-3.638 , 1.999 ,-3.3497, 0.5906, 0.0444,-0.7714, 0.9814, 3.0029,-2.4735,-0.5287,-2.2126,-2.403 ,-1.2608,-1.4715, 1.0703,-2.5267,-2.8016, 1.9919,-2.5612,-0.7042, 2.6471]
[-2.2726,-0.2006, 1.6291,-0.0958, 0.369 , 1.825 , 2.4413, 1.2223, 0.0726, 1.1018,-0.034 , 1.3246,-0.1617, 2.7598, 2.3309, 0.6286, 0.1717, 1.2629, 1.616 , 1.4769,-0.7846]
[ 3.6214, 4.1812,-3.2078, 1.6836, 2.3715, 1.0047,-3.0414, 0.6477, 1.356 ,-2.1998, 1.1088, 0.3504,-1.4217, 2.7852,-0.8348, 1.7325, 0.0852,-0.0831,-0.4066, 1.0646,-1.9043]
[-0.2347,-5.0349, 5.1548, 0.4059,-2.9755,-1.7621, 1.5738,-2.1856,-1.2899,-2.7012, 0.6314, 2.6553,-2.9214, 1.1093,-0.7486,-3.0883,-1.0325, 0.2642, 1.8992, 2.0239, 1.6179]
[ 3.3794,-0.7086,-0.6266,-1.8348,-2.6104, 0.1244, 0.3139, 1.0177,-2.9139, 1.5866,-0.7051,-0.1454, 0.5827,-1.072 , 2.679 ,-0.6844,-0.091 , 1.1484,-2.4482, 2.23  , 0.018 ]
[ 4.7012,-2.4853, 3.3442,-3.0736, 1.1636, 0.3579, 1.1237, 0.8115, 1.9329,-1.3749, 1.1224, 0.8911,-1.339 , 2.2523, 1.0614,-0.606 ,-0.7503,-2.8865,-0.1163, 1.9398, 1.9399]
[ 5.144 ,-0.7521,-0.3431,-3.0306, 0.3743,-1.066 ,-1.081 , 0.0954,-1.5481, 3.0352, 2.6522, 0.9807, 1.6261,-0.9473, 2.4285, 1.2792,-2.1936,-2.4658, 1.0094,-2.0697, 0.355 ]
[-4.2475,-2.0192,-0.7167,-0.1736, 0.715 ,-0.7428,-0.6621, 1.8921, 0.1506,-2.2088,-0.2967,-1.4314,-0.7531,-0.6833,-0.4489,-0.9825, 0.6172,-0.887 , 2.0911, 1.8105, 3.0226]
[-4.4244, 4.632 , 4.0047,-0.3591, 1.2288, 1.6138,-2.1923,-0.1109, 2.7366, 1.5806,-1.6845, 1.8399, 0.7758,-2.3677,-1.3592, 2.0374,-2.7388,-1.715 , 0.2811, 0.7807,-0.0185]
[-1.3167, 1.7838,-2.2074, 1.2723,-2.1111, 1.2193, 0.522 , 0.7287, 2.8366,-1.3458, 1.4101,-0.8046,-1.2959,-2.6328,-0.7375, 1.5422, 0.3859, 0.9156,-0.352 ,-1.121 , 0.4059]
[ 5.1236,-5.4422,-2.9432,-2.4382, 1.0239, 3.0298, 1.2858,-2.3417,-3.1273, 2.2739,-0.8086, 0.3942,-0.0357, 2.388 , 0.4305, 2.1594,-1.1318, 0.8263, 0.0975,-0.0453,-0.4483]
[-5.3925,-4.6083, 0.0593,-1.3028,-1.5493, 1.5415, 2.6187, 0.6065,-1.188 ,-2.9514,-2.8449,-2.1723, 1.4456, 2.4857,-1.8216, 2.3048,-2.2125, 1.8597,-0.9425,-2.7446, 0.6994]
[-0.1937,-2.5685,-3.2767, 0.83  ,-2.5558, 1.4215,-3.001 ,-1.1667, 2.4092, 1.2904,-1.7425, 2.2082,-2.2723, 2.9593, 0.01  ,-0.5519, 0.877 ,-0.245 ,-3.1276, 2.7907,-1.1624]
[-5.2575, 2.0753, 1.431 ,-0.6059, 0.2905, 2.3728,-0.7758,-0.3924, 0.5339,-2.947 , 1.9181, 0.0797, 0.3728,-0.0431,-1.8732, 2.352 ,-0.837 ,-0.95  , 2.4667,-0.6495,-1.5546]
[ 4.2048,-0.27  ,-0.4125, 1.5872,-2.4461, 1.9967, 2.304 ,-3.0251, 1.9192, 0.4906, 0.9909,-2.8361, 2.244 ,-1.9917, 2.056 ,-0.3496, 0.7485,-2.7054,-0.4515,-0.9311, 2.6379]
[ 1.4847, 4.0636,-3.3402, 2.45  ,-2.077 , 2.8378, 2.7186, 2.648 , 0.5362, 1.33  ,-0.9073,-0.0927, 1.5901,-0.7939, 1.3681, 0.4272, 0.452 ,-1.4673, 0.7595, 0.1981,-0.6129]
[ 2.3893,-0.934 ,-2.4837, 2.2004,-0.9034,-1.9082, 3.0421,-2.5425, 0.4427, 0.4744,-2.2906,-2.4438,-0.2206, 1.9389,-2.1364,-0.8705,-1.3105, 1.3265,-2.5193, 2.776 ,-2.4409]
[-4.4411,-4.9506,-4.5129, 0.5491,-2.6442,-1.524 , 0.359 ,-2.3509,-1.8921, 2.2759,-1.619 , 0.2702,-0.9711, 0.299 ,-1.6311, 3.0839,-1.128 ,-2.4644, 2.9513,-2.5382, 2.2418]
[-1.0489,-5.3932,-3.4617,-1.2798, 1.2307,-2.5506, 2.1431, 0.8496, 1.2111,-2.6816,-0.339 , 0.2922,-1.9903, 2.3698, 1.3771,-1.614 ,-1.0369, 2.6204, 2.5218, 2.144 , 2.9325]
[ 3.2875,-0.5327, 4.2473,-2.3678,-2.8996, 0.8797, 2.0036, 0.2048, 0.8578,-1.1528,-1.3673,-0.5656,-1.684 ,-1.6841, 2.2148,-0.9978,-2.3422,-0.8291, 2.0361,-0.0235, 2.6208]
[-1.5224,-0.1437,-1.9684,-2.9089, 1.4467,-0.3218, 1.2306, 2.8602, 1.0549, 1.8297,-2.6544,-2.026 ,-1.7438, 1.7882, 1.7157,-2.0616,-0.3152,-1.7027, 2.5386, 1.4594,-0.3573]
[-4.2563, 3.4966,-3.7923,-3.1061, 0.3634,-0.9387,-2.0549,-0.9504, 0.9021,-0.1081,-3.0091,-2.2528, 1.1978,-2.7682, 0.9819,-0.9107,-0.7064, 2.2653,-0.2832,-1.9867,-0.0134]
[-4.5386,-0.0071,-1.6488,-2.9455, 0.1609,-0.3986,-2.2253,-3.0162, 2.999 ,-0.3909, 1.013 ,-0.3021,-2.9697, 2.9316, 1.1195, 2.5513,-2.5788,-1.8648,-2.2399, 2.7502, 0.9377]
[-4.217 , 0.683 , 4.4464,-2.685 , 0.8985,-0.2866,-0.8346, 0.4138, 2.3754, 0.9176,-1.8451, 3.1315,-0.2045,-0.7892,-2.711 , 1.7734, 0.9045, 2.1151,-2.828 ,-2.8759, 1.6033]
[ 2.4871, 0.1161,-3.2296, 2.3034, 2.987 ,-2.1829,-1.5767,-1.1032,-1.2786, 0.8042,-1.8852,-0.3817,-2.9607,-1.6902, 1.2622,-0.6114, 0.6024, 2.1201, 0.5328,-0.4168,-0.1268]
