[ 3.706 , 2.1862,-2.6997,-2.7235, 2.4182,-2.2687,-3.0765,-0.7321, 0.1247,-3.0569, 1.0897, 1.3194, 0.297 ,-2.361 ,-0.6498, 1.1295, 1.0502, 0.5838, 1.6116,-1.7617, 1.0621]
[ 0.6005,-5.235 ,-3.7748, 2.9403, 1.5029,-0.971 ,-0.8576,-3.0353, 0.053 , 0.1423, 1.2674, 2.3792, 2.9224,-2.2569,-2.4966,-3.0792, 2.7724,-1.1193, 2.8556,-2.0139, 0.7891]
[ 4.7981, 4.8581,-0.1797, 1.03  ,-1.7532, 0.8629,-2.8665,-1.9046,-0.9393, 3.1334, 1.5371, 1.4918,-1.9953,-0.1838,-1.2629, 0.1188,-3.043 , 1.7252,-0.9129, 3.0864, 3.1124]
[ 3.2253, 4.6272, 4.5363,-1.6979,-1.8039,-0.3933, 1.005 ,-2.5341, 1.3533, 1.81  ,-0.6858, 1.7273,-1.1172, 0.7969,-2.5976,-1.4198, 0.6025, 1.5063, 1.4062,-0.1356,-2.5684]
[-3.9101, 4.9065, 3.1937, 1.1914,-2.1094,-0.7112,-2.5714, 2.2829, 2.3217, 0.0101,-0.0182, 0.7911,-2.6685, 0.7458,-0.1825,-1.8386, 3.1392, 0.9044,-0.3644,-2.5663, 0.8059]
[-4.005 ,-3.9112,-1.6916,-1.6088, 2.8983,-1.2949, 0.5031, 2.3413,-1.6599, 2.7809, 2.764 ,-2.0913, 0.6423, 0.1009,-2.8727,-2.4381, 0.9134,-0.8505, 1.1692, 1.0709, 2.6763]
[ 2.4555,-4.2007,-5.4996,-0.8309,-0.5087,-2.3524,-0.5505,-0.9593,-0.7405,-1.5862, 2.8327, 1.2598, 2.2167, 2.5199, 1.7918, 0.2712,-1.4985, 3.0494,-1.1209, 1.6915,-0.758 ]
[-2.3553,-0.8506,-1.1915,-0.0537,-2.7996,-1.6045,-2.6848,-0.9812,-1.8871, 0.8046, 1.0114, 2.3617,-2.8603, 0.7103, 2.4625, 1.6182,-3.0652, 0.3573,-2.0064,-2.1619,-1.3965]
[ 1.0179, 2.602 ,-0.1778,-1.2998,-0.9052, 0.1333,-1.5169, 2.303 ,-2.4704,-2.5624,-2.4517, 2.5614, 3.1348, 2.6833,-2.6837,-0.6743, 0.4237,-2.059 ,-1.77  , 1.0494,-2.1759]
[-2.7457,-2.0794, 1.4855,-0.2906,-0.4643,-1.3136,-0.9341,-2.5026,-2.485 ,-1.1079, 1.8403,-1.6827, 0.5335, 0.7459,-1.2052,-3.0835, 1.2799,-1.8284,-1.3949, 0.7025,-2.5843]
[-2.8682,-1.8822, 4.5343,-0.5975, 2.1343,-2.8349,-2.7333,-2.7133, 2.5651,-0.787 , 1.4784,-2.0879, 2.386 , 2.0579,-3.0102, 2.0009, 1.3825, 0.1159,-0.7787, 1.3287, 0.675 ]
[-4.0106, 1.8552, 0.1304, 2.0714,-1.4584, 2.0445, 1.298 ,-2.9774, 0.9659, 1.178 ,-0.9699,-1.8229, 2.4713,-0.1416, 2.4956,-0.1044,-2.7038, 2.0832, 2.6314,-0.3294, 1.0655]
[-0.7116, 3.8852, 1.7249, 2.5208,-0.3011, 0.7712,-2.6426,-1.5722,-1.7092, 2.4008,-2.6648, 2.7968,-1.7315,-0.8959,-1.7169,-0.7523, 0.8301, 2.9274, 1.5915, 1.2648, 1.9516]
[-2.3089,-2.9112,-1.5806,-1.4929, 0.9095, 2.0314,-1.9632, 1.4282,-2.3849, 2.9891,-2.2288, 1.3043,-2.9017,-0.3862, 1.979 , 0.1641, 0.6922,-0.4927,-2.059 ,-0.0318, 2.5882]
[ 0.9951, 2.6   , 2.0081, 2.3245, 2.6887,-2.7812, 1.787 ,-2.8575,-2.547 , 0.1254,-0.1448,-1.9775, 0.6541,-1.6584,-3.1238,-0.6081, 1.4828, 2.1614,-1.9357, 3.0216, 1.631 ]
[ 4.4461,-5.1057,-0.6219, 1.1004, 2.9901,-1.2528,-1.6837,-2.3025,-2.2737,-2.1352, 1.5143, 0.0681,-1.0998, 1.82  ,-3.0083, 0.4605,-2.4653, 0.4794, 1.0505,-1.1674,-0.9767]
[-2.3152, 0.9039, 1.7148,-0.5093,-3.1236, 0.299 , 2.0365,-1.0022, 2.9666, 0.5962,-1.7148,-1.0161, 1.88  ,-1.2705,-1.0428,-1.2677, 2.5731,-1.635 , 0.5181,-0.6922, 2.1041]
[-2.7625,-0.1642,-1.6242,-2.6537, 1.4033,-2.5978, 3.1132, 1.5579, 0.0058,-2.5387, 0.9838, 2.8481, 2.3673, 2.2231,-2.5283,-0.3608, 1.8385,-2.2957,-2.2175, 1.9524, 1.1429]
[ 2.0994,-1.3219, 1.5582,-0.1333, 3.0072, 0.9912, 0.5007,-2.2462, 2.0313,-0.1027,-0.4691,-0.1169, 1.1296, 1.1778,-0.6437, 0.8393,-2.3189,-2.3574,-0.835 , 2.4592,-0.1627]
[-3.4514,-4.3418, 0.1927, 3.0374, 0.9092,-1.8352,-0.4805, 1.3469, 0.5177, 2.2535, 0.6634, 1.2894,-2.2643,-0.0436, 1.8056, 2.4489,-1.8024, 1.1666,-2.541 , 0.727 , 1.3879]
[-1.439 ,-5.2931, 1.4132,-1.3351,-1.4931, 2.9537,-0.1815, 2.4923, 2.2227,-1.7987, 0.3643,-0.7724,-3.0513,-0.8042,-0.302 ,-1.48  ,-0.7205,-1.8924, 1.375 ,-1.1261,-0.867 ]
[ 4.7097,-2.1686,-0.8961,-0.4666, 0.1573,-1.5954,-1.7687, 2.5937,-1.7911,-2.9796,-0.9604, 1.629 , 0.3946,-0.3778,-0.2666, 1.4835,-1.789 ,-2.3977, 1.918 ,-0.1605, 2.4885]
[ 3.8483,-3.4561,-3.2868,-2.2928,-0.3927, 0.8937, 1.7707, 3.0157, 2.7407,-2.3733, 0.3796,-1.3854, 2.3173, 1.28  , 0.1938,-1.4029, 2.7563, 1.6343,-0.6748, 0.1621,-1.3024]
[ 0.0801, 1.7472, 2.4384, 1.2435, 2.8954,-0.3894,-1.84  ,-0.8367, 0.1752, 2.161 , 1.2862,-1.9014,-1.5147,-2.101 , 2.5299,-0.3911,-0.6016,-2.8766, 2.1601, 2.8718, 2.7787]
[-0.5239, 1.9305, 4.3473, 2.1648, 1.8539,-2.6285, 2.9333, 1.6481,-0.793 ,-2.9298, 0.7509, 0.9141, 1.4345,-1.3704, 0.6011,-2.0808, 0.5398, 2.9625,-3.0325, 2.7063,-0.9781]
[ 3.9336,-5.1791,-4.6987, 2.2716, 1.7393,-2.1766,-0.2713, 2.5618, 0.6153,-2.1551, 2.9327, 0.7219,-0.8272, 0.9627,-2.5875, 2.3145, 2.2823,-2.9141, 0.7253,-0.4288, 2.0086]
[ 3.7835,-3.6215,-0.0344,-1.4973,-2.7163,-3.1361,-2.0913, 2.3237, 1.0516,-1.9966, 1.9028,-3.0967, 1.1114,-2.3059,-0.4071, 0.5987, 0.5319, 0.5635, 2.0108,-1.1478,-0.5295]
[ 0.4692, 4.2109,-2.2893, 2.3745,-2.9503,-3.0603, 0.5564, 0.3382,-1.0421,-2.5245,-1.3424, 1.4751, 0.936 ,-2.9755,-1.1166, 2.4436,-2.7818, 1.9831,-1.9589,-0.9795, 3.0291]
[-0.0897,-1.9603, 2.8162, 3.1037,-3.1216, 1.5469, 2.6013, 0.4963,-1.6797,-2.4389, 0.7899, 2.0654, 1.5121,-0.4333,-0.7891, 1.6329,-2.9028, 0.2675,-2.9471,-2.3918,-2.4327]
[-3.479 , 2.5298,-1.0065,-1.7696, 0.6401, 3.0604,-0.5294, 2.5972, 1.2602, 2.8491,-2.4974,-0.0064,-2.9407, 3.1219,-2.9719,-1.6269,-0.099 , 0.3561, 0.5636, 1.5875,-2.9447]
[-3.6885, 0.3977, 2.2375,-1.526 , 2.4097,-2.9598, 1.3881,-0.4747,-3.1228, 1.026 ,-0.4279, 1.4754,-0.7038,-2.9901, 2.2473,-0.9463,-0.5163,-2.836 , 2.7768, 0.8965,-2.6311]
[ 3.4452, 3.876 , 3.8396,-2.7666,-2.9155,-0.4021,-0.2677,-2.4705, 0.2509,-3.0994,-2.1135,-3.0603,-0.1348, 2.5486, 1.3381,-3.0154,-1.3573, 2.3477, 0.4918, 0.5562,-0.6869]
[-5.2104,-5.3489,-4.7825,-2.8231, 1.0317, 1.9593,-1.7682,-1.9607, 0.7492, 3.1032,-1.4067, 1.977 , 2.0596, 2.5922,-0.6875, 2.1557,-3.1057,-0.0778, 2.0855, 1.8047, 0.5032]
[ 3.5833, 2.2496, 4.1464,-0.4262,-2.1942,-2.107 ,-2.8069, 1.2684,-2.6082, 1.6722, 2.4233, 0.7077,-1.5131, 0.9134,-0.3978, 2.2629, 0.5369, 2.6259,-0.1817, 2.9421, 1.9862]
[ 2.3238e+00,-4.9056e+00,-5.4118e+00, 1.1338e+00, 4.5572e-01, 2.1970e+00,-2.9653e+00,-3.0323e+00, 2.7344e+00, 8.6277e-01,-2.4457e-01, 1.5710e+00,-2.2185e-01, 2.5580e+00, 3.9628e-03,-2.3536e+00,-2.0205e+00,-2.6583e+00, 1.9627e+00, 2.9846e+00,-8.1667e-01]
[ 3.6091,-5.3887,-4.9029,-1.2636, 2.4357,-2.0764,-1.502 ,-1.4802, 2.9809, 1.3897,-1.2069, 2.1131,-1.2856,-1.6228,-1.5801,-2.4748, 0.7094, 0.0905,-1.3795, 1.2075, 2.7476]
[-0.3057,-1.1525, 0.968 , 2.0286,-1.8355, 1.015 , 0.1668, 1.4666,-2.9297,-3.0444, 0.987 ,-1.0965, 1.0705, 1.7844,-0.6045,-2.6163, 1.7098,-0.1417, 3.0306,-1.7017,-3.1237]
[ 1.119 , 0.1131,-1.8959,-0.2914,-1.8177, 1.978 ,-3.0869, 1.3599,-1.5435,-0.7635,-2.45  , 0.9791, 1.164 ,-1.4973,-1.6943, 2.1489,-1.048 , 1.8327, 0.5295,-2.6041,-1.9934]
[-2.0294,-0.8272, 2.41  , 0.6485, 1.4949, 2.1654, 0.2483, 2.0661,-0.0784,-0.6042, 2.6147, 1.6095, 1.769 , 2.758 , 2.1581,-0.5309, 0.4547, 1.3665, 2.0215, 2.5323, 0.9453]
[ 3.0815,-5.3199, 2.6633,-0.8029,-0.937 ,-2.8373,-1.4196, 1.3329,-2.0228,-1.5191,-1.4461, 1.5027, 2.913 , 0.3778, 2.4596,-2.2095,-0.6933, 2.433 , 0.7584,-0.6564,-1.0298]
[ 2.8491, 3.1052, 1.9619, 0.0305, 0.0647, 1.1617, 2.2109,-0.952 , 1.9543,-1.9493, 2.6844,-2.2623, 1.0651,-2.7092,-2.9183, 1.708 ,-0.9342,-1.1143, 1.1902, 2.2519, 1.4474]
[-3.4349, 2.0253, 0.2795,-0.7008,-0.4342, 0.656 , 3.0285, 0.8303, 0.3767, 2.0475,-2.1148, 0.5153, 1.918 , 0.1029,-0.0237, 1.296 , 2.4749, 0.3319,-1.0987,-2.6035, 2.21  ]
[ 0.4087, 3.4456, 1.7436, 0.8966,-1.6833, 1.3141, 1.2534, 2.7722, 0.3467,-0.7454,-0.1372, 1.8397, 0.192 ,-0.7826, 1.9262, 0.6917,-0.2316, 2.0917,-2.1762, 1.7713, 1.8234]
[-3.8862,-1.3825, 0.4989,-0.7329,-0.3773,-1.7714, 2.8801,-1.1102, 2.4342, 2.0558, 1.9376,-3.1319,-1.4967,-0.4222,-0.892 , 2.8781,-0.1216,-2.8227,-1.5962,-2.531 ,-1.573 ]
[ 5.2922,-5.138 , 3.8263, 1.7513, 2.7675, 2.6098, 0.3183,-2.9967, 1.8674,-2.8935,-2.024 , 1.5068, 0.9431,-2.7049,-0.313 ,-2.8831,-1.6031,-1.938 , 1.8054, 1.7277, 2.3268]
[ 1.058 ,-4.8011, 1.0581,-1.3355, 1.3215,-0.0924, 0.2362, 1.3602,-0.1737, 1.0788,-1.4345,-2.3605,-0.7581, 1.8362,-0.3552,-1.7969,-2.3701, 1.9386,-2.9701,-3.0353,-2.6355]
[-0.6502,-0.2282, 1.3049,-2.7044,-2.9395, 0.6435, 2.4212,-2.2491,-2.0038, 0.4952, 0.2925, 1.433 , 1.222 ,-0.4841, 0.1155, 0.641 ,-3.1222,-1.6159, 2.1877, 0.2172, 0.2282]
[-2.6458, 3.069 , 2.6564,-0.9276, 0.6528,-1.3205,-0.5533, 2.1492,-1.5564, 1.098 , 2.1455,-2.4999,-0.8083, 1.5496, 0.6577,-2.3426, 2.2873,-1.1468,-2.9293, 2.8255,-2.8205]
[ 2.2884,-3.8785, 1.305 , 2.8673, 1.0392, 1.9879,-2.6747, 2.2403, 2.9784, 2.7201,-2.7552,-1.2857,-2.9651, 1.447 ,-2.4343, 2.1111,-1.1576, 0.3652,-0.5543, 1.8905,-2.1716]
[ 2.9081,-1.8622,-4.5146,-1.9319, 1.1654,-1.001 , 0.1723,-0.2616,-2.7884,-2.5543,-0.5361, 2.9343, 0.2962,-1.6383, 2.9268,-0.2052,-3.0622, 2.4253,-1.0807, 2.2012,-1.0888]
[ 4.2461,-3.0449, 1.898 , 2.6317, 2.5623, 0.0879, 2.9732,-1.4062,-1.018 , 0.5626, 0.5466,-3.128 ,-1.5964, 1.1616,-1.5032,-1.1286, 0.5599,-0.5354,-2.8486, 1.5367, 2.937 ]
[ 3.7831,-4.4874,-3.4983,-0.5501, 0.5183,-2.3769, 2.0172, 1.3417, 1.0147,-0.8902,-2.2662,-1.705 ,-2.9177,-2.8942, 0.8822, 2.7294, 2.5746, 0.4809,-0.814 ,-0.2889,-1.1842]
[ 2.4745, 1.6042, 1.7692, 0.8031, 2.8877, 2.4091,-2.314 ,-2.0584, 2.9409,-0.4585,-0.9925,-2.1223, 1.0128, 2.0698,-1.1986, 1.669 , 3.0885, 0.4118,-2.9508,-1.6346, 0.9072]
[ 2.5211,-2.4628,-1.6051,-0.7953,-0.4349, 1.4221,-3.0155,-2.8163, 0.6898, 3.1372,-2.7561, 1.4547,-2.5958,-2.391 ,-2.263 ,-2.5351,-0.4428,-0.9182, 2.2754, 1.4221, 0.4254]
[-2.9286,-0.3498,-0.0403,-1.064 , 0.3447, 1.5792,-2.4097,-0.964 ,-1.3972, 1.5825,-2.9994,-0.371 , 0.13  ,-0.4732,-3.1314,-0.905 , 2.5933, 0.6849,-0.1686,-2.7241,-0.9334]
[ 0.9328, 1.0557,-0.5372, 0.1866, 2.4607,-2.2083,-0.418 , 0.9221,-2.1113, 0.8903, 0.8863, 2.1035, 0.7142,-0.893 , 1.6901,-2.8333, 0.2422, 1.0397,-1.3855,-2.1283,-2.4776]
[-3.5215, 0.2565,-1.6307, 2.9971, 1.1888, 2.342 , 0.033 , 2.8763,-0.8737,-0.4385, 0.6898, 1.8897, 2.3541, 0.8309, 2.8737,-2.9601, 0.8921, 1.7967,-1.8089, 1.1773, 2.196 ]
[ 0.5256, 4.1538, 4.6339,-1.2355, 0.3754,-2.5246, 0.0513,-2.757 , 1.9808, 1.8538,-1.3733,-1.1537,-0.285 ,-0.9362,-2.2937, 0.6219, 2.3116, 1.5623, 0.6095, 2.2427,-1.1456]
[-5.231 , 2.5421,-4.6011, 0.4241,-0.1796, 1.5316, 1.2454, 0.6421, 1.7034, 3.0967, 2.1162,-1.512 ,-0.772 ,-0.3517,-2.2689, 0.5841, 1.2449, 2.5114, 2.6358, 0.5891, 0.1353]
[-4.3334,-3.4146, 3.6876,-1.1897,-2.949 ,-1.676 ,-0.155 ,-2.7206, 0.7078,-1.7717, 0.6348, 1.0973,-0.6059, 0.4468,-2.0592, 2.9927, 0.0087,-2.8238, 0.9534, 2.011 ,-2.6357]
[-4.0631,-1.0752, 4.1286, 0.7685, 0.4274, 0.8305,-0.7436,-1.9263,-2.7704, 0.9088, 0.2768,-2.494 ,-2.5974,-3.0286, 0.3469, 3.0658, 0.5124,-0.9622,-2.3075, 1.7002,-1.3644]
[ 4.8709e+00,-4.2844e+00,-1.9204e-01,-1.9789e+00,-4.6554e-02,-1.0068e+00,-9.0094e-01,-5.0586e-01, 2.5637e-01,-8.6660e-01,-3.9296e-01,-2.1803e+00, 1.7452e+00,-2.6317e+00, 6.1508e-01,-1.9620e+00, 9.4955e-04, 8.8966e-01, 6.8929e-01,-2.5141e+00, 1.0442e+00]
[-0.3181, 2.1043,-0.2156,-1.7011, 0.2543,-1.7318, 0.5452,-2.0834,-0.4697,-0.8963,-2.0196, 1.1493, 0.4383,-2.9888,-2.8415, 0.3396,-1.7368, 2.1886, 1.7306, 2.4005,-0.0546]
[-4.3665, 3.8671,-3.2123, 1.655 ,-0.3439,-0.8019, 0.1992,-1.2986, 3.022 ,-0.7375, 1.4442,-1.3862,-2.6265, 1.3114, 2.4591,-1.2601,-1.5589,-2.7324,-0.3712, 3.1121, 1.5235]
[-1.7363, 4.2628,-1.1623,-2.0622, 2.4946,-2.192 ,-2.4298,-2.7659,-0.5715, 2.9228, 1.4347,-2.3531,-1.9806, 1.1748, 2.2454,-2.6813,-2.1226, 0.2784,-0.2168, 1.4437,-1.3054]
[-2.5539,-1.533 ,-0.8539,-0.9793,-0.1892, 0.4343, 0.1522,-1.9655, 2.9715,-0.4605, 1.5387, 1.5848, 2.9908, 1.4107,-1.7063, 2.8439,-2.9686,-1.7656, 2.4379,-0.6898,-1.5076]
[-1.0371, 3.7459,-0.76  ,-0.3457,-1.5455,-1.2355, 0.9474, 0.3577,-2.3689, 0.1792,-1.5577, 3.0676,-2.3864, 2.7233, 2.6779,-1.461 , 2.8672,-2.8146,-0.5719, 2.3888, 0.5251]
[-0.2002, 0.6607, 1.673 , 0.3592,-1.0302, 3.0732, 0.1575, 1.9995,-1.8724, 2.8734, 2.3897, 2.1266,-2.7101, 2.2768, 2.2054, 1.854 , 1.7207,-0.2165, 0.777 ,-1.5546, 1.9749]
[-0.9596, 0.6603, 2.5343,-0.1449, 0.2953,-1.2974, 1.3073,-1.2141, 2.901 , 0.4572,-2.5903, 2.7139,-0.8109, 2.5548, 0.8782,-2.0449,-1.1319, 1.7217, 2.9142,-2.9755,-0.3834]
[ 4.8936, 1.0365, 0.3091, 0.753 ,-2.5301, 0.1177,-1.9461,-2.8034,-1.0411,-1.5689,-2.1471, 2.8943, 0.7144, 1.2292,-1.7385,-2.3897, 3.038 , 2.7915,-0.6036, 2.9661, 2.7941]
[-2.9204, 4.2008, 0.1205,-1.0506, 1.7609, 0.5803, 3.0034, 1.7968, 1.145 ,-1.3579, 0.3157, 2.7324,-0.2616,-1.7083,-0.8044,-0.5672,-0.9379,-0.7957,-2.9691, 2.8121, 1.3429]
[-1.2257,-3.5438, 1.1179, 0.3254,-0.7926,-1.7335, 1.6321,-2.1656, 2.2219,-0.8841,-2.6755,-0.5047,-1.4534, 3.0817, 0.4814, 1.7496, 3.009 ,-2.8389, 1.7042,-2.3497,-2.9071]
[ 2.7071,-0.8473,-4.2756,-0.1824, 1.3355,-2.9622, 1.2174,-0.5001, 1.9688, 2.3531,-2.7764, 3.0805,-2.8075,-2.3515,-2.4233, 2.8541,-1.7242,-2.2074,-2.9007,-0.4771, 1.9934]
[ 4.5106, 1.1665, 2.4711,-1.3146,-1.3438, 2.5978,-1.9576, 2.0469,-1.0907, 2.6654,-0.538 ,-2.8649,-0.9895,-1.4652, 2.5598, 1.4444, 3.1331,-3.065 ,-1.0109,-0.8505, 1.3771]
[ 2.691 ,-5.006 , 4.7587, 2.9707,-0.5804, 1.0147,-1.1621, 1.7678,-2.5464, 0.4568,-1.0113, 2.9642,-0.1189, 1.5613, 1.605 ,-0.0261,-2.9272,-0.5888, 3.0832, 0.3576,-1.9105]
[-1.5827,-0.6693, 4.1637,-2.7348,-2.2456, 1.4231, 0.3367,-0.6385, 2.884 , 0.601 ,-0.4306, 2.4124, 2.9956,-2.0535,-0.5966,-1.0587, 0.7868, 1.2573,-2.4067, 1.2421,-0.0207]
[ 1.49  ,-4.4886, 3.4642,-1.6338,-2.8644,-0.7364, 1.7986,-2.5188,-0.7784,-2.9307, 2.9956, 1.8876,-3.1262, 0.7281, 2.6489, 1.536 , 1.4839,-1.3547, 1.791 ,-2.0133, 1.562 ]
[ 1.0558,-2.5049,-1.2771,-1.5549,-2.3372,-2.9656, 0.7609,-1.5328,-0.9706, 1.4695,-1.345 , 0.7879, 3.0399,-2.4733,-2.6644, 0.9399,-3.0649,-1.8106, 1.1521, 2.3516, 1.8752]
[-1.2276,-1.1193,-1.9572,-2.3444,-1.8908,-1.8566, 1.6423,-0.5106, 1.1672,-0.2897, 2.3968, 2.5188,-0.1061, 2.974 , 0.1403,-2.8578, 1.056 ,-2.9869,-1.6226, 2.7294,-2.6033]
[-4.9218,-0.7606,-2.8909, 1.5552, 1.5173,-2.7479, 2.6278,-1.6529, 2.6331, 2.7457,-2.3137,-1.9421, 2.7736,-1.6977,-0.188 , 0.5517,-0.4049,-0.1072,-0.8893, 0.2098, 0.6468]
[-3.5122,-2.3223, 4.7555, 2.3207, 3.0356, 0.4371, 2.3101,-2.9594,-0.0289,-0.5122,-0.1413, 2.9738, 1.353 , 1.5056,-2.4463,-0.6953, 1.7306, 1.3084, 1.2131, 1.5145, 2.3203]
[-5.0509,-2.7302,-2.7259, 0.3717,-1.6789, 1.8116, 1.7754,-0.3481,-2.8451,-1.3296, 0.1477, 0.9381, 2.5254,-2.6066,-2.91  , 0.8655, 0.2478,-1.0079, 0.8253, 2.7899,-2.5259]
[ 5.4362, 3.0331, 0.6535,-1.3132, 2.5586,-0.6515,-0.1102, 2.3329,-2.8424,-1.2217,-1.2577, 0.4148, 1.0527, 2.8857, 1.9998, 0.8756,-1.795 ,-2.0216,-0.7696,-2.8797,-0.7479]
[-3.4721, 0.8981,-0.7853,-2.9694,-0.616 ,-2.1826,-2.552 , 2.0807, 2.9307, 1.2919, 1.9996,-2.7207, 2.0534, 1.3155,-0.9977,-2.3853, 0.4547,-0.9935,-1.7201,-2.0915,-0.29  ]
[-1.331 ,-4.9272,-5.4381,-2.5677, 1.8837,-1.8034,-0.9863,-2.4478, 2.8759,-1.0317,-0.1531, 0.2517, 1.7485,-2.116 ,-2.7005,-1.7614, 2.8795,-0.4231, 0.033 , 3.136 , 3.0486]
[-2.5632,-5.2663,-2.234 ,-0.4032, 0.3052, 0.6353,-0.1478, 1.2568,-0.9832, 1.1308, 2.5368, 2.5898, 2.2685,-1.3909, 1.3494, 1.1905,-2.1055,-1.9594,-0.7398, 2.6218, 2.9203]
[ 2.8407,-1.7494,-4.76  ,-3.0253,-0.0745, 3.1103,-2.5557, 1.0956, 1.8931, 1.6771,-2.4444,-0.3397, 1.7235, 2.1095, 2.3408,-0.8819, 0.1015, 1.8988, 0.4369, 2.4409, 1.2394]
[-4.1164, 4.5088,-5.4042, 1.6656, 0.5651,-1.334 ,-1.8385, 2.7647,-1.5509, 2.9704,-0.2322, 0.1945, 2.1232, 0.4686, 0.1359, 2.3111, 2.512 , 1.8157, 1.3479, 0.1928, 2.1705]
[-1.0454,-4.829 ,-0.2433,-0.5937,-2.3564, 1.2757,-3.0936,-0.6185,-2.9338,-2.6975,-0.3027,-1.5942, 2.9119,-0.7931,-0.842 ,-0.8056, 2.3321, 0.7755, 2.5456, 0.4181,-2.5861]
[-1.1132,-4.9016, 5.2768, 1.9173,-1.5579, 2.589 , 1.0824, 1.0097, 0.3587,-0.9471,-0.359 ,-2.2462,-1.3161, 2.0096,-0.3434, 1.4702,-1.0072, 1.3265,-0.219 ,-1.0708,-2.7   ]
[-4.0732, 4.1705,-1.2628,-1.9275,-2.9922, 1.3257, 1.3748, 0.7068, 1.8504, 0.8622, 2.6218,-1.3385,-2.0858,-2.4568,-1.2244, 2.8436,-1.7362, 2.0036,-2.4901,-0.1589,-0.623 ]
[ 0.727 , 0.4335, 2.0748,-1.4788,-0.9911, 2.3266,-2.8913, 0.2983,-2.5804, 1.3762,-2.6202, 1.0827, 0.1994, 2.0705,-1.2265, 2.6018,-1.2794, 1.2689,-2.2892, 1.1751, 1.2051]
[-1.7124, 5.4193,-0.8454,-0.528 , 2.3045, 1.9195,-1.8829,-2.1797,-1.5399,-0.2282, 1.1841, 0.6412,-2.9317, 0.79  ,-1.4987,-2.0157,-1.5758, 1.6107, 1.3413, 0.6919, 0.6155]
[-3.1897,-5.4835, 1.3261,-2.1275,-0.3486, 2.431 ,-0.8102,-2.9488,-1.6154,-0.5736,-0.5699,-2.9165, 0.8137,-1.0887, 1.4724, 1.2398, 1.2322, 2.7732,-3.0288, 1.8961,-2.7234]
[ 3.7674, 0.8235, 3.388 , 0.3133,-1.5881,-1.8719, 0.6009,-1.1881, 2.8321,-0.8471, 0.1615, 1.4547, 0.5661,-2.0016,-1.7954, 3.02  , 1.8819,-3.0089, 0.0049,-2.4318, 1.9798]
[-2.1387, 4.9717, 4.6621, 1.4505, 1.9626,-2.8147,-0.9836, 0.7506, 2.8144, 1.0532, 1.1848, 2.7188, 1.3862, 3.1001,-2.0865,-0.9951, 1.2358, 1.9138, 0.49  , 2.6295, 2.7701]
[ 3.3915, 1.7176, 4.3304, 1.4585, 2.1509,-1.5093,-1.1919,-0.0683, 2.9772,-1.8581, 1.5169, 0.4785,-1.5039, 2.412 ,-0.047 ,-0.194 , 2.8165,-0.1288,-0.0441, 2.3399, 1.9517]
[-2.7623, 0.2627,-4.5492, 2.5069,-1.3057,-1.8198, 1.7673, 0.0622,-1.1113, 0.6269, 0.0211, 0.1694,-0.2143,-0.3026, 1.5378, 1.2578, 0.8726,-1.6753,-2.3046, 1.2873,-3.0919]
[-1.6085, 0.0671,-0.5974,-1.9071, 2.3485, 0.4291,-3.011 ,-2.3386, 1.4974,-0.5522, 2.693 , 0.7533, 0.7581, 0.224 , 0.3566, 1.7709,-2.8673, 1.0089,-0.3283, 2.041 , 1.4615]
[-2.8382,-3.468 , 1.5553, 0.4251, 2.539 , 2.8765,-0.755 ,-1.6815, 0.999 ,-1.0552, 1.8198, 3.1035, 1.4318, 0.5205,-1.7885,-1.2576,-1.0641,-1.0962, 2.9774, 0.7945,-1.8447]
