[-4.794 , 0.7778, 0.0124, 1.0541,-2.7133,-2.5595,-0.835 ,-1.4441,-1.3934,-2.7953, 2.8274, 2.7595,-0.8697, 0.9107, 1.9141,-1.352 ,-0.3973, 0.8687, 2.9417,-0.0741]
[-0.0675, 3.8629,-3.898 ,-1.4262, 2.5901, 1.3812, 2.5962,-2.7442, 1.0204,-0.9981,-2.9341, 1.4598,-1.96  , 2.9769, 1.5889,-1.1269,-2.3522, 1.2935, 2.7036, 1.3275]
[ 4.4426, 0.7962,-1.5841, 2.628 , 0.4462, 2.55  ,-2.9184,-0.7331, 0.7318,-1.1438, 2.4932,-1.0924,-1.0775, 0.0284,-1.6911,-2.9773, 0.4304,-0.3219, 2.4854, 0.4715]
[ 5.0147,-2.6834,-4.9016,-2.8454, 0.6146,-2.1123,-0.9947,-2.9483, 2.2112,-1.706 , 2.4468, 1.1738,-0.9154,-1.2706, 1.4702,-2.9706, 1.6408, 2.8634, 1.2433,-0.4627]
[-0.4526, 4.219 ,-2.9625, 3.0769,-0.1498,-0.407 ,-0.0494,-1.1145, 2.2822, 2.9766,-0.0278,-0.276 ,-0.1783,-2.2685, 2.3936, 0.9777,-2.1977, 1.0148,-2.748 ,-1.6502]
[ 0.8948,-4.8327, 3.8341,-0.2477, 1.4484,-1.4905, 2.7911,-1.2783,-2.0953,-3.0631,-0.3684, 1.6367,-1.1892,-2.4424, 2.4574,-0.8474, 0.9344, 1.8107,-0.3858,-2.6513]
[ 2.6355e+00,-1.7897e+00, 3.5562e+00,-8.1218e-01, 3.0200e+00,-1.4849e+00, 2.0501e+00,-1.8617e+00,-1.8459e-01,-2.3402e+00, 2.9588e+00,-7.7419e-04,-1.6485e+00,-2.7278e+00, 3.0702e+00,-2.1235e+00, 2.2203e-01,-3.0662e+00,-1.6621e+00, 3.0138e+00]
[ 2.1006,-0.6942, 0.6669,-0.8694, 1.853 , 0.3075, 2.1286,-2.3036,-0.2714, 2.9429, 0.6712, 1.3429, 0.5878,-2.4961,-1.0782, 1.0297,-0.5683,-1.9587,-2.7539, 2.4508]
[ 4.4909, 2.8832,-4.8322,-1.025 , 2.8898,-1.5881,-0.522 ,-0.6136, 0.0493, 1.2613, 0.5948, 2.8101,-0.335 ,-1.5956,-1.5099, 0.4053, 2.4388, 0.9767,-2.2117,-0.1864]
[ 1.9292,-4.142 ,-5.2339, 2.7219, 0.1691, 1.7784, 2.5158, 2.7096,-0.505 , 2.7641,-1.4017, 0.5018,-1.8262, 0.3917, 1.2364,-0.2237,-0.9833, 0.9065, 1.0956,-1.8453]
[ 4.508 ,-1.4059,-3.104 , 0.7468,-0.0502,-1.3457,-2.8515, 2.7668,-0.0686, 2.7931,-0.4259, 1.1027,-0.6925,-2.2813,-1.2043,-0.429 ,-1.3822,-2.7182, 2.5575,-1.494 ]
[-1.4423,-2.6132,-4.2102, 0.679 , 2.3318,-0.2077,-1.0443, 2.7429,-1.3164, 0.8416, 2.0196,-1.6953, 1.3191,-1.5418,-0.2157, 1.798 ,-0.1174,-1.2762,-2.6738, 0.4522]
[ 2.968 ,-0.7544,-1.2614, 0.7389,-2.3533, 0.4741, 0.9686,-2.8633, 0.0243,-1.5531, 0.6652, 2.7776, 0.0957,-1.5733, 0.8594, 0.2858,-2.9373,-1.65  , 0.2967,-1.0571]
[ 4.4433,-1.6234, 0.6521,-2.5743, 1.2751,-0.4895,-1.9847,-1.555 ,-2.5878,-0.1417,-2.5854,-2.0582, 2.5355, 2.0239,-0.1328,-0.5616, 0.1802, 0.8385, 3.0406, 0.0923]
[-3.8793,-2.0003, 1.2434, 1.5434,-0.8567,-1.6773, 2.4634, 0.4357, 0.7407,-1.1747,-1.3254, 3.0769, 2.0631,-0.6997,-3.127 , 0.6291,-1.2661, 1.7745,-0.6411,-1.1597]
[-0.3366, 2.5865, 4.5365, 0.3377, 1.2522, 1.9059, 0.4519,-1.9163, 1.7726, 1.6913,-2.9563,-2.1699, 2.4072, 0.9146, 1.1428, 1.7551,-2.7225, 0.0746,-2.5947, 0.5267]
[-1.3505, 5.2069,-1.6121, 2.3738,-0.396 , 2.9037, 0.3188,-2.2661, 0.434 , 2.0413,-0.7901, 2.177 , 0.6863,-2.6687,-2.4428, 2.1743,-2.6428,-0.597 ,-2.2198,-1.6573]
[ 4.0403, 2.6439, 1.884 , 1.4866,-1.1782,-1.8661,-3.0693, 1.8939, 2.0514,-1.7129,-2.1848, 0.4655, 0.8895, 1.5672,-2.5789, 2.8931,-0.0896, 2.0622, 0.7842,-0.3058]
[ 0.3776,-0.7565, 0.9958,-3.0578, 0.7866, 2.108 , 1.7476, 2.6771, 0.1651,-1.6768, 2.0573, 0.2357,-1.4423,-2.3527, 0.4854,-1.5902,-2.3437, 0.2079,-2.7955,-1.7322]
[ 0.1347,-0.4926,-3.7224,-1.8179, 2.9661, 0.2409,-2.8581, 1.2393,-1.5363,-2.3234, 1.7902, 1.0824, 2.7918, 1.7859,-0.3086, 1.1529, 2.8341,-1.028 ,-0.0641, 0.0497]
[ 0.571 , 0.7749, 2.1368, 1.6675, 2.657 ,-2.7713,-0.759 , 0.1244, 1.8484,-1.7221,-0.7482, 2.1834, 2.5001,-1.1682, 0.1682, 1.4854,-2.8547,-1.6147,-2.074 ,-2.0768]
[ 0.7949,-4.8556, 2.5953, 0.25  , 0.0508,-0.4612, 2.8773, 0.0629, 0.9092,-1.4661,-0.5648,-0.8966,-2.9164, 0.806 ,-0.6016, 0.1537,-2.6683,-0.3754, 2.593 ,-1.81  ]
[-3.4985,-2.803 ,-4.9637,-1.6166,-2.5826, 2.9764, 0.009 ,-1.4282, 0.3891,-1.2564,-2.9039, 1.9408, 0.3379,-2.5282,-1.1331, 1.5617,-0.8066,-2.6092, 0.6678,-1.3575]
[ 1.7779, 3.3706, 3.0612, 2.9171,-0.7066,-1.2255,-1.0605,-3.053 ,-2.0275, 2.0225, 1.929 , 0.096 , 0.8216, 2.993 ,-1.5346, 2.8917,-0.9786, 1.2665,-1.4623,-0.7549]
[ 3.0008, 4.6148, 0.8719, 2.999 ,-0.5641,-2.3024, 1.3856, 0.1691,-2.2355,-2.942 ,-1.8946, 0.2418,-1.8773,-0.1075, 2.8935, 1.5184, 0.0206,-0.3092, 0.2184,-2.7924]
[ 3.583 , 4.5189, 4.2631,-1.2205, 0.5772, 2.0036,-0.2122,-1.5095, 1.5031, 1.8971,-0.1314,-2.9705,-3.063 , 2.5476,-0.8964, 0.0264, 3.0574,-1.407 , 3.0613,-1.9722]
[-9.4873e-01, 2.2215e+00, 3.7487e+00, 1.0162e+00,-2.1343e+00, 1.9340e+00,-3.5529e-03, 1.8231e+00,-2.5981e+00, 4.4423e-01, 1.1451e+00, 7.6908e-01,-2.1812e+00, 3.4799e-01,-2.9066e-01,-7.2819e-01,-2.2540e+00, 2.9348e+00,-6.7132e-01,-2.0917e+00]
[ 5.3618, 3.2752, 2.1352,-2.2242,-2.112 ,-0.3375,-1.8731,-0.1704,-1.5522,-1.4648,-0.9006,-0.7602, 0.3306,-2.7238, 1.0645,-1.1304, 2.6232,-2.1669, 2.3783,-1.6154]
[ 2.4067, 0.9545, 1.8832,-0.7479, 0.5066,-0.1833, 0.9911,-1.457 , 1.348 , 0.7048, 2.5147, 1.0861, 0.9254,-2.7187,-3.0185, 1.5069,-2.9326, 1.5454,-3.0209, 1.9098]
[-2.8277,-4.087 , 2.0941,-2.2532,-1.9123, 0.7597, 0.4504,-2.1184, 0.5503, 0.6085,-0.656 ,-2.3091,-0.3696, 2.5297,-0.341 , 2.231 , 2.3678, 1.7589, 0.1652, 3.0875]
[ 0.9045,-4.1213, 5.4819,-1.4322, 1.9734, 1.3097, 0.6199, 2.5572, 1.9054, 0.8049,-0.5223, 1.8839, 1.8103, 0.9999,-2.7998,-2.9681,-3.1415, 2.9217,-1.7414, 0.6787]
[ 5.2175, 4.3439,-1.129 , 0.9537,-2.5367,-2.6297,-3.0289, 2.4077,-0.27  , 2.941 ,-2.3679,-2.4529, 0.7323, 0.8357, 0.5317, 2.8545,-0.5085,-0.9797,-0.5939, 0.9117]
[ 2.4503, 1.7505, 4.2498,-2.0051, 0.7861, 0.0086,-1.4063,-1.6208, 2.201 , 0.0307,-0.9774,-2.523 ,-0.8819, 0.0975,-2.4986, 0.2498, 3.0415, 2.3687,-1.2803, 1.9049]
[-0.422 , 0.5956, 2.0531, 0.6884,-0.8123,-2.6884, 0.6785,-1.6173,-2.3245,-0.5044, 0.3959,-0.732 , 1.7635, 0.4608,-0.4295, 2.8963,-0.4986, 2.2452,-2.7137,-0.2798]
[-1.9363,-4.3456, 1.0202,-2.211 , 2.9166,-1.1398,-2.8625, 2.4203,-1.4272, 1.9086,-1.5227, 1.3729,-1.8018, 0.7623,-0.8317, 2.7844, 1.96  ,-2.08  , 3.1323, 2.9924]
[-0.8913,-2.7206, 1.7447,-0.421 ,-1.0915,-2.4287, 0.8543,-2.582 , 2.3369,-2.7546,-0.132 ,-0.2156,-0.2412, 1.0226, 0.6329,-0.9261, 1.1492, 1.3093,-0.8827,-1.4053]
[-3.1008, 0.4494, 5.2211,-2.1695,-1.3572, 1.8572,-1.1698,-2.3409,-2.8034, 2.7179,-0.5117, 2.9388,-1.3294,-0.0925, 1.4552,-1.7347, 2.0458, 0.1365, 2.9355,-1.6874]
[-4.8931, 2.9487, 2.1312, 0.6393,-0.0623, 2.316 ,-2.3482, 2.7081,-1.8563, 2.9763,-1.7121,-2.5796, 2.6873, 0.0824,-2.7138,-0.9538, 0.5934,-1.4443, 0.3315, 1.2126]
[ 5.4421, 3.2612, 1.8743, 0.6843, 2.2169, 1.481 , 0.0332,-1.5467, 2.4644, 2.5369, 0.9478,-1.078 ,-0.775 ,-1.864 , 0.8328, 0.3524,-3.0627, 0.5665, 1.6043, 2.2894]
[ 5.436 , 3.5354,-2.593 ,-2.8227, 0.9286,-0.2508, 1.7476,-0.5369, 0.7853, 1.5012, 1.9838,-1.1494, 0.053 , 2.1093, 1.9845,-3.1246,-0.8306, 2.7507, 0.3233,-0.8727]
[-3.3603, 1.8431,-3.7547, 2.7621,-0.1023, 2.2637,-2.9095, 1.0387,-2.1898, 0.4669, 2.2178, 1.0887, 2.8256, 2.6517, 2.2022,-0.3111, 1.4187,-1.1267,-2.5963,-1.3343]
[-0.898 , 0.9097, 4.3628,-2.2051, 0.8667,-3.0302, 2.5926,-2.2857, 2.2684,-0.8449,-0.2218, 0.2069,-2.8599,-0.0133,-1.4461, 2.5637,-1.9238,-2.3882, 2.4187,-2.206 ]
[ 5.3853, 1.6977, 3.0132, 0.0707,-3.0953, 2.392 , 0.1871, 2.1973,-0.242 ,-2.4503,-2.6652, 1.8568,-0.0713,-2.5691,-2.9571,-3.0315,-1.8418,-0.4426,-1.3743, 0.8123]
[ 2.3634e+00,-1.0924e-01, 5.1100e+00,-5.3354e-01, 3.0747e-01,-1.4945e+00, 2.3368e+00, 1.1843e+00, 3.0367e+00, 5.5801e-01,-1.1563e-01, 3.4026e-03,-6.0466e-01, 3.9879e-01, 1.0315e+00, 1.1051e+00,-1.6440e+00, 1.9448e+00, 1.2211e+00, 1.0549e+00]
[ 2.1647,-5.0779, 3.6024,-0.9548,-0.6227, 2.808 , 0.0503, 2.8921,-2.9443,-1.3864,-2.7759, 2.0058,-1.2744, 2.1888,-3.1207, 3.001 , 2.5891,-0.195 ,-1.4145,-2.4319]
[ 4.2302,-0.2341, 3.7337,-0.2993, 1.7564, 1.9649, 1.4663,-0.5699,-3.0139,-1.0265,-1.5486, 0.3952, 2.2323,-0.3578, 2.9775,-2.7095,-0.7953,-0.2678,-0.9594, 0.5235]
[ 2.3034,-3.6021,-3.4522, 0.0209, 0.8021,-1.7013, 2.4204, 0.448 , 1.6363,-3.1046,-1.4833, 1.3021, 2.2797, 0.9583,-1.384 , 0.2025,-0.609 ,-1.4307,-0.0734, 0.99  ]
[ 0.1341, 3.0877,-2.3201, 1.2082, 2.9664,-0.3234, 1.8669,-1.9764,-2.3587, 0.7939,-1.3084,-2.6992, 0.6327, 0.6172, 3.0817,-1.4487, 0.3062,-2.9199, 0.4804,-0.1756]
[-0.0961, 2.8161, 4.4925, 2.4962,-0.0179, 0.214 ,-0.1244, 0.5101,-1.4566, 1.8848,-1.8969,-2.211 , 1.5034, 0.3925, 3.0484,-1.5717, 1.7095,-1.0331,-1.9426,-1.9452]
[ 1.7255,-1.5153,-1.888 , 2.1788,-3.071 , 1.0439,-0.9845,-2.4852, 2.4205, 1.0765, 0.318 ,-2.2698,-1.1512, 2.5243,-3.0066,-1.4505, 1.6263,-1.6554,-0.4975, 1.4557]
[-1.0118, 3.0304,-0.8264,-2.4233, 1.831 , 0.1517, 2.5263, 1.8427, 0.6558,-1.0368,-1.0719, 2.0954,-1.7043,-0.0824,-1.4582,-0.7188,-2.4972,-0.4513, 0.3259, 0.401 ]
[ 1.0851, 2.2028,-3.2941,-1.3068,-1.835 , 3.11  , 2.0382, 0.4785, 1.7773,-1.4364, 0.43  ,-0.5534, 1.2483,-2.6792,-1.3921,-0.209 ,-0.1139, 2.0413,-2.8159,-2.0855]
[ 2.6669, 3.491 ,-3.12  , 0.1921, 0.4259,-1.7313, 3.1239,-0.3278,-2.7976, 1.1607,-1.1772, 1.9816, 2.165 , 0.3828, 1.2517,-2.5565,-2.1698, 1.5609,-3.0477, 2.0567]
[-4.6847, 0.1151,-5.0326,-2.12  , 1.748 , 1.0668, 3.0515, 2.0321,-2.6513,-1.0348,-0.0892,-0.0924, 1.6528,-1.1359, 0.3071, 1.2987,-1.8317, 2.6893,-1.0018,-1.7557]
[-2.3574, 3.2864,-4.8862, 1.0668,-1.9917, 3.0864, 3.0033,-1.8637,-0.7171,-0.6312, 3.0505, 2.5646,-1.8996, 1.1771, 2.7269, 0.731 , 0.7717, 2.3022,-0.6362,-2.6517]
[-3.3656, 5.2106,-1.3048,-1.1271,-0.6295, 1.551 ,-2.8705,-0.0762, 1.9683,-2.7924, 3.0422, 2.3926, 2.7088, 3.0013, 3.0285, 0.9788, 2.3948,-0.4946,-1.9227,-1.6397]
[-5.2451, 1.8117, 0.5924,-3.0605, 1.4907,-2.8508, 2.0123, 3.1   ,-0.2612,-0.3287,-0.4581, 2.4596, 2.3368,-0.9008, 0.5676, 1.7413,-0.5759,-0.977 ,-3.0077,-1.2135]
[-4.5966, 5.043 , 4.2877,-0.2189,-2.0661, 2.5206,-0.591 ,-2.9307,-3.1118, 2.8325, 1.8018, 1.7946, 0.454 , 1.1551,-0.492 ,-1.013 , 2.0445, 0.1913,-1.5507,-1.7438]
[ 2.6935,-4.9329,-1.9543,-2.6884, 1.4798, 2.9432,-1.6984,-2.3872, 2.8995,-1.1619, 1.2954,-2.8507,-2.9322,-0.236 ,-2.3072,-0.7622,-0.5543,-1.9001,-1.9675, 1.2092]
[-0.2256,-4.656 ,-1.386 ,-0.8178,-1.3427, 2.3555, 0.2675, 0.6662,-3.1025, 0.3187, 2.058 , 1.9924, 2.3254, 1.1818, 1.1328, 2.1813, 2.0463,-1.2507, 1.748 , 2.2405]
[ 4.354 ,-3.2048,-1.2704, 0.922 , 0.755 ,-0.376 , 0.7353,-0.7389,-0.1848,-2.7322,-0.0775, 1.9244,-2.1411,-2.8031,-2.1662, 0.6801,-0.2608,-1.6658,-2.8571,-0.1056]
[-1.9341,-1.28  ,-1.1832, 2.8691, 0.2351,-1.3007, 0.3043, 2.7596,-3.1271,-1.6014,-1.3416,-1.144 ,-0.9133, 0.4752, 2.5076, 2.3998, 1.7678,-2.6238,-0.1618,-2.1474]
[ 2.8974,-3.7126,-4.4909, 0.7109,-0.3173,-2.909 ,-2.0445, 2.8339,-1.5431,-2.6204,-2.4641, 1.5367,-2.1279,-2.3148, 2.6642,-1.1602, 1.9917, 2.0679, 3.0927,-1.9072]
[-4.7167, 0.1004, 2.1718,-2.8032, 0.5173,-2.9634, 2.696 , 1.7741, 2.4165,-0.5067, 2.6159,-0.4662,-0.2604, 2.0878,-0.1731,-2.6483, 0.3347, 1.024 , 1.9084,-0.5241]
[-0.7396,-2.233 , 0.3939, 1.4474,-2.6873,-0.976 ,-3.1402,-2.5363, 2.8512,-1.0841,-1.4485,-2.4241, 1.1602,-2.6806,-2.8253,-1.4552,-0.6944, 2.2189,-2.7918, 2.1954]
[ 0.1532,-5.4478,-1.2481, 0.4655, 1.9625, 1.1596, 1.3713,-2.2663,-2.8994,-1.2042,-0.4562,-1.7841, 0.1656, 2.6868,-2.6965,-0.3257, 2.696 , 3.1112, 2.6215, 2.2226]
[-4.5605,-3.2672, 3.4257,-2.0615,-0.6047, 0.9868,-1.9474,-2.0046,-0.0819,-2.9407, 1.0218,-2.0421, 0.4923,-0.2201, 1.3605,-0.2657, 1.6552, 0.6428, 2.7513, 0.0644]
[ 3.0909, 0.4631,-3.5628, 2.93  , 2.6216, 3.0227, 1.5763,-2.5668, 0.2897,-2.4324,-2.0064,-0.5557, 1.6252, 3.0494, 1.4962,-2.268 , 0.7886, 0.5149, 1.8426, 0.5187]
[ 2.1458, 1.1118, 1.6139,-0.2121, 1.0939,-0.4334, 2.0393, 0.5365,-2.5513, 2.5751,-0.5813, 2.4751, 1.6729,-1.3585, 0.9833, 2.0684, 1.3723, 1.2053,-1.6261, 2.6027]
[-0.8882,-2.6943, 4.0172,-0.1746,-2.1427,-1.9347,-1.4043,-0.2121, 2.7101,-0.6564, 0.5272,-1.983 , 0.777 ,-1.8647,-2.1934,-1.9053,-1.8568, 1.0657,-0.973 ,-3.1143]
[ 3.9565, 3.6717,-2.4831, 0.5586, 0.3839,-0.7478,-0.6711, 0.7158,-1.3332,-0.7759, 0.0715, 0.3409, 2.7161,-2.1881,-1.0159, 1.8963, 1.0724,-2.2468, 2.8662, 3.0452]
[ 1.188 ,-3.3197,-3.9539,-0.9967,-3.0757, 0.9578,-2.7243,-3.0766, 2.3934, 0.8995,-2.9811, 0.9871,-2.4669,-1.6848,-2.6367, 1.1835,-0.6571,-1.9697,-3.0857, 1.59  ]
[-2.4562,-3.6039,-4.0007, 3.1043,-1.9743, 2.8399, 2.3239, 0.0895, 2.216 ,-1.6612, 0.5385, 1.8154,-1.7073,-1.9861, 2.5943,-1.9086,-1.0755, 0.2226,-1.7208, 1.0301]
[-5.1508, 4.8803,-3.5926,-2.5282, 2.0805,-2.6019,-0.518 ,-0.9665,-0.3899, 1.1859,-3.0949, 1.806 , 0.0749,-2.5503, 0.8095,-1.1697, 2.8303,-0.3301, 2.1027,-0.2478]
[ 2.6824,-1.641 ,-0.0186, 0.533 , 2.9764, 1.2927, 1.0224,-2.8306,-2.4069, 0.5032, 1.973 ,-0.3403,-2.8017, 2.8869,-0.9629,-1.2894,-2.5702, 0.7034, 1.8035,-1.61  ]
[-4.041 ,-0.6148,-0.5455,-0.9457,-0.245 ,-0.6571, 1.0103, 1.9138, 1.0395,-0.7684,-2.7949, 1.9385, 1.0979,-1.3053, 2.8617, 1.6825, 3.05  ,-0.679 ,-2.3991, 0.7391]
[ 0.4373, 3.1924,-4.5462,-2.9087, 0.6434,-2.9923,-2.0149,-2.256 , 2.1194,-2.6647,-0.2572,-3.0206, 0.5752, 2.367 ,-0.4889,-0.1203,-2.7174, 1.6051, 1.8061,-2.6609]
[ 3.5106, 5.0781,-0.3556, 1.4757, 0.64  , 0.6037,-0.5728, 0.1204,-0.6891,-2.2318, 2.8274, 1.5255, 2.2149, 1.6731,-3.0324, 1.4023, 1.7072,-2.1763,-1.2417, 0.3041]
[-4.7674, 3.1964,-5.2427,-2.2556,-1.4907,-0.6272,-0.2111, 0.0968, 2.3517, 0.9275,-0.5609, 2.7331, 0.7289, 1.6859, 0.7753,-1.8654,-0.0243,-1.0239, 2.0538, 0.4836]
[-1.1912, 2.8436, 4.6766,-1.3608,-0.9263, 2.4756, 0.3473,-2.0965,-2.7495,-0.2428,-1.912 , 2.6648, 1.9045,-0.6012, 1.868 ,-0.1988, 1.6775, 0.4128, 2.9422,-1.8979]
[-2.9686, 5.2122,-4.2139, 1.6904,-0.5272,-0.634 ,-0.1497, 2.13  , 0.9684,-0.5628, 2.8186,-0.7214, 3.1297,-0.6342,-0.6094, 2.9493, 1.6228, 2.9109, 2.5004, 1.7808]
[-4.6362, 3.5221, 4.9796,-1.986 ,-1.3064,-1.3124,-0.2375,-1.8223,-1.3964, 1.1875,-2.9096, 1.3682, 1.0329,-1.3803, 2.0155, 2.7838, 0.4653,-1.0889, 1.0001,-0.8309]
[ 4.0549,-1.2529,-2.5148, 1.3228, 2.0201,-1.3096, 1.9676, 1.6275, 0.7729, 1.4187, 1.3795, 0.34  ,-1.9264,-2.0621, 2.1379,-2.858 ,-2.6557, 1.6238,-2.9954,-2.6488]
[ 4.7258, 2.6554,-3.173 , 1.0419, 1.1849,-2.5536, 1.8223,-2.5877,-1.2368, 1.3557, 0.1715, 2.6857,-2.8014,-0.7036,-2.0434,-0.9537,-0.1481,-0.1754,-1.6998, 2.9005]
[-5.1939,-5.387 ,-2.3785,-2.6984,-0.4542, 2.1412,-0.0698, 0.7159, 1.2894,-2.0135, 3.0942,-2.4068, 0.144 , 0.0066,-0.2376,-0.3295, 2.1889, 2.2659, 1.8166,-0.4723]
[-4.609 , 3.832 , 0.1838,-0.3775, 0.8629,-0.424 ,-1.5256, 1.1914, 1.0328,-3.0099, 2.5943,-2.4426, 0.3107,-2.9222,-1.0817, 2.7058,-0.9168, 3.0755,-1.3914, 1.4901]
[ 3.7926, 2.3154, 1.1959,-0.9721, 0.7991, 0.4377,-2.4233,-2.0323,-1.9167,-2.8854, 0.6023,-0.2177, 1.9125, 2.1324, 0.4316,-0.0114,-2.5582,-2.373 ,-1.3436,-1.7108]
[ 1.1841, 4.8671,-1.6955, 0.4724, 2.6953, 1.622 ,-2.0003,-0.0342, 1.1138, 1.4454, 1.276 ,-2.6084, 1.9386,-3.0975,-1.5111, 2.6697,-0.1321, 2.0618,-2.1712,-1.3058]
[ 0.8411, 5.1357, 3.6006, 0.2392, 0.837 ,-2.8065,-1.7275, 3.0402,-2.9827,-0.034 , 1.7267, 0.541 , 2.3362, 0.6937,-0.4084, 2.5703, 1.0981,-2.7335, 3.1113, 2.5189]
[-3.4296,-2.2017, 4.9429, 2.0641,-1.8791,-0.4906, 2.6237, 1.2295, 1.9537, 0.0136, 2.7277, 0.5202, 1.5047, 2.4682,-0.7158, 0.6377,-2.5429,-1.203 ,-0.7274, 1.9455]
[ 0.0273, 0.6393,-4.3206, 3.0093, 2.2386,-1.3602,-0.7093, 1.6234,-1.1158,-2.0354,-0.3877,-2.2685, 1.598 ,-2.8678,-3.0127, 2.7866, 0.8324,-2.4086,-3.0606, 2.1829]
[ 0.1729, 0.189 ,-3.5397, 2.109 ,-2.6163,-1.3554,-2.5935,-2.0299, 2.2886, 0.8115, 2.8817, 0.0069, 0.1482, 1.4385,-0.9761,-2.0074,-0.0593, 2.8815,-1.0378,-1.7376]
[ 1.8441,-1.1701,-4.4269, 1.1731, 1.5746,-2.4316,-2.7927,-0.7194,-2.4053,-1.6664, 2.9616, 2.3591, 2.7445,-1.2479, 0.4181,-1.7395,-1.5302, 2.4623,-2.0968, 0.4082]
[-3.855 ,-0.8026,-1.5236, 0.0942, 2.0947,-2.7744,-0.2223, 0.4067,-1.7987,-1.4748,-0.6598,-1.8981,-0.701 ,-1.0022, 0.4618, 1.2413,-1.1347,-0.1255,-0.6561, 0.8012]
[ 2.4263, 0.3803,-5.183 ,-1.1001, 2.0497, 0.043 , 0.8402, 2.0691,-1.4433, 1.1723,-1.9255, 2.6707,-3.1229, 1.6123,-2.1488,-2.4943,-1.5168, 1.8713,-1.9339,-1.8274]
[-5.3041,-1.5915,-1.5804, 0.8277, 0.2483, 3.073 , 2.2961,-3.1275, 2.4637, 1.2725,-0.7328,-1.656 ,-1.7901,-2.426 ,-1.056 , 0.8432, 2.4487,-2.0252, 2.4097, 3.0392]
[ 3.6495,-1.4214, 0.5559,-1.882 , 1.0483, 0.8634,-0.2336,-1.7748, 0.7478,-1.3641,-0.437 ,-0.8815,-0.1941,-2.6593,-1.5913,-2.9059,-0.8324,-0.7564,-2.4745, 0.9634]
[ 4.2317,-4.2467,-5.3061,-0.1067, 2.3008, 1.948 ,-1.6521,-1.4414,-0.698 , 0.4964,-1.6087, 3.1215,-1.4002, 0.8959, 2.3481,-1.1946, 0.4933,-1.8274,-1.5283, 1.4113]
[-5.4353,-1.8473,-0.7872, 1.9945,-2.1271,-0.5746,-2.3933,-2.0197, 2.8187,-2.249 ,-1.7479,-1.8677,-0.1469, 0.0169,-1.8515,-1.4057, 0.1848,-1.9564,-2.0415,-0.1524]
[ 3.9529,-3.7845, 4.3072, 1.5315, 0.9905,-2.4688,-0.8256, 2.1395, 1.8562,-2.3493, 0.4488,-2.5528,-2.6223,-0.2898, 1.7627, 1.3334,-0.9551, 0.5035, 1.0234,-1.772 ]
