[ 5.068 ,-4.5183,-5.4736, 2.3033,-2.7409,-2.0427, 1.0491, 1.4608, 1.1996, 3.1372,-2.0129,-2.4408, 1.4482, 0.6707, 2.2328, 1.3492,-2.943 , 1.0853, 2.3917, 2.9744, 2.5519,-1.7217, 0.4468,-1.9765,-0.7012]
[-3.1542, 0.211 ,-1.2491, 2.4882,-2.3368,-2.2017, 3.0224, 3.0304,-1.4062,-2.6276, 2.5139,-2.4969,-2.9867,-2.2166, 1.5835,-1.3011,-1.2714,-1.6842,-0.9029,-1.5238, 0.4281, 0.9534, 1.913 , 2.5408,-0.9844]
[-3.5946,-1.213 ,-1.5545, 1.7176,-2.5355,-1.2162, 2.5304, 0.74  ,-0.3038, 2.131 , 1.8793,-2.2313, 2.205 , 2.8462, 2.1383,-0.8902,-2.6747, 2.5088, 0.1129,-0.4821,-2.9581,-0.7397, 3.0847, 1.7217, 3.035 ]
[-2.956 ,-4.8606, 4.6185, 0.888 ,-2.2667,-0.851 , 2.8154, 0.223 ,-2.3287, 3.1346,-0.0812,-0.088 ,-0.8408, 0.3934, 0.3229, 2.2193,-2.9977, 2.7232,-2.9621, 0.8265, 2.6162,-2.3867, 0.7385,-0.8531, 2.2682]
[-5.2644,-2.2317, 4.8734,-0.5891,-0.9316,-1.8545, 3.0737,-2.786 ,-0.4285,-1.2747,-1.3788, 3.1286, 2.6719,-0.9937,-1.1798,-2.8072, 2.3164,-2.2693,-2.1383, 1.5083, 2.371 , 2.6329, 1.2414, 1.5965, 3.1179]
[-0.3253, 3.842 , 3.2051, 0.1424,-2.7092,-1.1158, 2.2539,-1.0682, 2.8788,-2.4796, 0.2449,-1.3431,-2.9987,-1.967 , 0.0324, 0.3186, 0.3955, 2.8872, 2.3988,-2.8497, 2.8165, 1.0222, 2.3472,-2.2032, 2.1701]
[ 4.6583, 2.3626, 0.964 ,-1.8188,-2.7587,-0.93  , 0.3663,-2.1847,-1.1025, 2.6075, 3.1125, 0.6922,-0.5416, 1.3928, 2.0533, 0.0925, 2.8143,-2.2732, 1.6586,-1.7465, 1.0985, 0.8142,-2.6952,-1.7565, 1.1025]
[-3.3598, 3.8872, 2.0279,-1.3522, 2.7909,-2.3067,-0.7902,-2.832 ,-1.6828,-2.1216, 1.9001, 1.6086, 1.8641,-0.6336,-1.0324, 2.4514, 2.7508,-3.0751,-1.7526,-3.0895, 1.2248,-2.0847,-1.2514, 2.7701, 2.286 ]
[ 1.6734,-2.934 , 3.3825, 1.294 , 2.8126, 2.155 , 3.0488, 0.7834,-2.5795, 1.2526, 0.1268, 1.8562, 0.2048,-0.6408, 0.2897, 2.359 , 0.6911,-2.5837, 1.6384, 0.4718, 1.9419, 2.8783,-1.3614, 2.6206, 1.8856]
[ 3.809 , 4.5939,-3.3896,-1.8123, 1.4477, 2.6047, 2.5772,-0.3592,-2.6319,-1.7859,-1.9525,-1.025 , 0.7942, 3.0049, 3.0241,-1.5989,-0.7249,-2.3268, 0.9232, 0.7211,-2.3131,-0.6968,-0.071 , 0.8464, 0.5974]
[-3.5845,-2.0663,-0.5751,-0.7144,-1.1707,-0.5679,-2.9111,-0.6817, 1.4117, 1.241 ,-1.1214,-1.3911,-3.0591,-0.8442, 0.1442, 0.7442,-0.4418, 0.0154, 2.9048,-3.0863, 1.867 ,-0.3308, 1.7891, 2.661 ,-1.9186]
[-5.0199,-2.7524, 4.1347,-2.7213,-0.9143, 0.2721, 2.235 ,-0.8899,-0.1975,-2.7102, 0.0388, 2.2238,-1.2641, 2.3412,-1.4227, 1.4576,-1.51  , 0.1122,-2.6798, 1.0004,-0.7403,-2.5981,-2.7556,-0.5741,-0.0486]
[ 0.989 , 4.8781,-3.0765,-2.3491, 0.016 , 0.9031, 1.1893,-2.8194, 1.1535, 3.0748,-0.0984, 0.6218, 2.8835,-2.0348, 3.127 ,-1.3157,-1.7559, 2.2294,-0.2332,-1.7185,-0.9159, 0.5461, 1.0928,-1.5138,-0.627 ]
[ 3.1953, 3.3368,-0.5066,-0.6749, 3.0619, 0.8866,-1.7577,-0.5016,-0.6745,-2.1822,-0.4812,-0.8507, 1.4759,-0.8546, 2.7285, 1.2556, 0.0462,-2.2315, 0.3761,-2.7481, 1.6872,-2.2434,-0.4711, 1.6407,-2.2135]
[-5.3111, 0.8806,-4.7996,-2.5893,-1.3902, 0.0711, 1.5795,-2.7889,-0.3317, 2.8572,-2.8816,-1.8814,-1.0548,-2.2133, 2.328 , 2.1359, 2.2252, 1.3038, 2.0875,-1.8132,-0.291 ,-1.162 , 0.3211,-1.9749,-0.4512]
[-1.2796, 2.7138,-1.6334, 1.9369,-0.1644,-1.6226,-1.9194, 1.4907,-3.0709, 2.9065, 3.0071, 1.6686, 1.9584, 0.3721, 1.5738, 1.5228,-2.0392, 0.9518, 2.5278, 0.8894,-3.0617, 1.4767,-2.8898, 2.0115,-0.2154]
[ 3.4731,-4.3928,-5.1572, 0.7538,-1.2107, 1.2705, 0.2161,-1.8714, 2.5966,-0.6434,-2.1213,-1.1094,-2.2207,-3.017 , 1.1185, 2.1657,-0.1981, 0.345 ,-1.94  ,-0.6502,-2.4193,-2.4123,-2.6983, 0.0914,-0.0798]
[-2.0672,-4.3316,-3.8958,-1.5566,-2.2514, 0.6395,-2.7069,-1.5865, 2.6262, 0.6394,-2.2941, 2.4491, 3.0654, 0.5068, 0.1493, 3.0518, 2.9583, 2.6337, 2.9836, 0.9781,-2.2803,-0.0217, 1.7249, 2.5601, 3.0932]
[ 5.0967,-1.3824, 1.7479, 0.6323,-0.8283,-0.0477, 1.6539,-0.7974, 3.0522,-2.17  , 1.9762, 3.0768, 1.8397, 1.6177,-2.1223,-1.8981,-2.2291,-2.4881,-0.4949, 1.7696,-0.9845, 1.704 ,-2.0969, 2.3385, 0.5815]
[ 3.4308,-3.5984,-4.9925,-0.3146, 1.9199,-0.44  , 2.6912,-3.0077, 2.7277, 1.1825,-1.1016, 1.6025, 0.837 ,-0.7282, 1.5674,-2.9467,-0.3388, 0.2271,-1.9359, 1.9712,-1.3927,-2.7153, 2.6276,-1.2284, 1.2976]
[-1.1372,-5.0471, 2.5929,-1.4345,-2.7993, 1.7179, 2.6028,-0.3993, 2.4869, 2.6894,-0.0835, 2.4717,-3.0556,-2.2213,-3.1093, 1.0233, 0.6842, 0.6841, 1.712 , 1.966 ,-1.638 , 2.8128, 1.1718,-1.8798,-1.7862]
[-1.9831,-2.9327, 0.0304, 3.0503, 1.2261,-1.8115, 1.2705,-0.4327,-0.6393,-2.5818, 2.0861,-2.1878, 0.8545, 1.463 , 0.3172,-0.6386, 0.4481, 2.5447, 3.0424,-1.2976,-2.3712, 0.7939,-1.3555,-2.0188,-1.8863]
[-4.1874,-3.5045,-5.4546,-0.8066,-2.7517,-2.3428, 2.4961, 2.3142, 0.2599, 1.8128,-0.6644, 2.0704,-1.449 ,-2.6621,-1.0746,-3.0613,-1.1687, 2.9811, 0.0188, 1.6837, 0.7596, 1.1501, 2.5963,-1.002 , 0.8327]
[ 4.0626,-0.7137, 3.3332,-1.6173, 1.452 , 3.1058, 0.9368,-2.848 ,-0.7842,-2.7129,-1.6197, 0.0842,-2.3401,-2.8168,-2.8753, 1.7648,-1.8467,-0.6879, 2.1389,-2.8676,-1.8826, 1.612 , 2.2993,-0.1843,-1.1182]
[ 1.3165,-3.3993,-0.2434,-0.5394,-1.9061,-0.5761, 1.996 , 3.0249,-2.4269,-2.793 , 0.5915, 0.1519, 2.9706, 1.0704,-0.2107, 0.4732,-1.7937,-0.8176, 2.3403,-0.2924, 2.8404, 1.7921,-0.9431,-3.1262, 2.0452]
[ 3.0482, 1.4058,-2.2916,-0.4881, 0.2349, 2.7009, 0.6152, 1.0106, 0.574 , 2.9662, 2.2113,-2.5505, 3.055 , 0.8551,-0.4426, 0.6244,-1.403 ,-1.2176, 0.8587, 1.8039, 0.4534, 2.398 , 0.779 , 2.4163,-1.7616]
[-5.203 , 4.658 , 5.2733, 2.2189, 1.8304, 2.5221,-2.4702, 1.6922, 2.4271,-1.919 , 0.8119, 0.4953, 2.3152, 2.7839,-1.2086,-0.4231, 2.2895,-0.3243, 2.6854, 2.4093,-2.7523, 2.838 , 0.4004,-2.3647, 2.3391]
[-3.7755,-2.5352, 0.7518, 0.0983,-1.496 ,-1.5109, 0.4522, 0.3624,-0.3989, 0.9757,-0.5812,-2.1478, 0.9576,-1.7644, 1.8332,-2.1947, 1.4648,-2.8825, 0.5588,-1.8322,-0.596 ,-2.1646, 1.406 , 2.2128, 2.7765]
[-2.4851,-3.7661,-3.9985,-1.2903,-0.4856, 1.2562, 1.2565, 1.1298,-0.635 , 0.409 ,-1.5003, 0.7142,-0.0263, 0.7173, 2.3076,-0.0319, 0.3734,-2.0233,-0.3587, 1.5769, 0.4935, 2.4297,-0.5041, 0.4505,-2.3174]
[-3.4428, 3.179 , 1.0717,-1.1188,-1.999 ,-0.2751,-3.065 , 2.2028,-2.7756,-2.1186,-1.913 ,-0.0871, 0.1045,-1.5042,-1.3071, 1.0326,-3.0143,-0.7193, 0.5254,-0.9588, 1.89  , 0.1891,-1.2243,-2.5076,-0.9572]
[ 0.1505,-5.1832, 1.616 , 1.4966,-1.8451, 2.7725,-1.8066, 0.642 ,-0.3308, 0.3461,-1.8937,-0.5673,-2.5303, 1.6868,-0.5303,-1.6374, 0.0382,-2.9617, 2.5419,-1.1668,-2.4885,-0.2256,-3.1399,-2.9405, 2.3849]
[-3.1635,-4.7115, 0.1593,-1.6673, 0.8788, 1.5399, 2.0769,-1.3969, 0.2786, 2.8039, 1.2722,-2.8773,-0.8899, 0.4101,-2.6994, 0.5724,-2.0735,-0.4317,-2.3293, 1.1237,-1.3924, 0.6102,-1.4832,-1.4494, 1.6184]
[ 2.2447,-4.438 ,-4.3883,-2.1741, 0.5195,-0.4243,-0.4733,-1.4069,-2.8389, 0.0409, 0.6562,-1.7098, 0.3357,-2.361 , 0.8183, 1.5742,-2.9524,-1.3958, 1.3117,-3.1403,-2.8567, 1.5459,-0.7688,-1.5912,-1.5719]
[-3.3398,-3.5312,-5.0762, 2.6106, 0.1068,-1.9241,-0.7333,-2.1476, 2.0854, 1.2281, 2.1687, 0.1972, 1.2432,-0.6379, 1.5285, 2.999 ,-0.1014,-1.4254, 1.5215, 2.8036,-2.665 ,-0.8105,-0.384 , 1.3675, 2.7536]
[-3.6784, 0.8022, 0.1847, 0.0352,-2.7108,-1.2166,-2.0754,-1.8707,-1.6065,-2.6001, 1.1636, 0.296 , 0.809 , 1.0835, 2.2379, 0.3823,-0.0967,-0.5037, 2.2852, 2.0535, 2.555 ,-2.8061,-3.0441, 2.8073,-2.9747]
[-5.2574,-2.8991,-1.6193, 0.0283,-1.6275, 1.3653,-1.8994, 0.8158,-2.5047,-2.3744, 2.7396, 1.2949, 2.913 ,-2.4743,-2.907 ,-2.357 ,-0.1455,-1.9401,-0.2097,-1.6154,-3.0657,-1.4488,-0.4659, 0.7322, 2.796 ]
[ 2.4809,-2.8073,-4.4522,-2.3795, 0.6364,-2.1577, 0.6265, 1.7678, 3.1401,-2.4971, 0.1385,-2.2518, 2.8448,-1.888 ,-0.7576,-2.936 , 1.9572,-1.0848,-0.7258,-1.7799, 1.1038,-1.0487,-0.4919,-2.4524,-2.7021]
[ 2.1348,-3.2027, 2.2146,-0.762 ,-2.7484, 0.8864, 1.1081, 1.2454, 3.0852,-0.2823,-0.7882,-1.8748,-2.6467, 0.6985, 0.7321,-3.1279, 2.4734,-2.4104, 1.4474, 0.9902,-0.3375,-1.7264,-1.3258, 2.8342,-1.3763]
[ 1.9695,-0.737 , 4.2443, 1.6106, 0.2957, 1.6407,-2.9118, 1.3931,-1.1784, 1.8449, 0.4357, 1.3484, 0.3806,-2.3541,-0.4521, 0.5942, 1.6117,-0.349 , 1.4724,-0.8715, 0.3597,-0.1553, 1.5603, 2.3834,-0.0737]
[ 1.4043, 4.9899,-1.6275,-2.9975,-0.9354, 0.2961, 0.1543, 0.804 ,-1.1183, 2.8178, 1.8463, 1.9459, 0.9686, 2.6982,-0.6324,-1.6757,-0.5396,-0.8072,-0.5327, 1.8227,-0.1461, 0.4126, 0.8277,-1.2353,-2.7111]
[ 0.5889, 4.4538,-2.6179,-2.0249, 1.5716,-1.7056,-0.3402,-0.5486,-1.8669, 2.5117,-1.6509, 2.3508,-1.121 , 0.1166, 2.6981,-2.8567,-0.7279, 2.1138,-1.7446, 2.9186, 0.5241, 1.5321,-0.2794,-0.3679,-0.9629]
[-0.9376,-2.6167, 4.2731,-1.1573,-0.6217,-2.4105, 0.6486, 1.4337, 2.8553, 2.6628,-0.103 ,-3.1074,-1.9434,-2.1205, 2.0618, 1.3609, 1.1821,-2.9492, 2.9977,-0.9063,-0.6912, 0.9238,-2.083 ,-2.7924, 0.6711]
[ 3.3601,-3.5152,-0.6607,-1.63  ,-0.0865, 2.293 ,-0.9935, 2.8551, 2.3912, 0.4876, 1.2708,-1.2641, 1.2182,-2.4365,-1.9424, 0.8828,-0.7479, 1.0563,-0.6974, 3.0565, 2.1115,-1.5523,-0.3171,-1.1293, 0.7027]
[-5.1646,-2.0981, 5.1401,-2.8714,-0.8439,-0.2931, 0.2342,-2.717 , 0.068 , 0.8986,-1.3394, 0.7162,-0.0381,-2.7213, 0.6981,-1.5201,-1.7729,-2.0962,-2.5083,-2.48  ,-0.8187, 1.8487, 0.6872, 1.2044, 1.7498]
[ 2.0734, 4.3182,-3.3653,-0.8843, 0.8956, 1.2395, 1.6167,-2.2372, 0.6116,-0.345 ,-2.3471,-0.1237, 0.8375, 1.2794, 1.2011,-2.029 ,-2.9152,-0.0135, 2.6464,-1.4894,-1.8088, 2.5625,-1.2027, 1.246 ,-1.412 ]
[-4.9615,-3.0255, 0.0162,-1.3301,-2.9897, 3.0881, 1.0302, 1.6092, 1.4161,-2.1539, 2.2075, 0.918 , 2.023 , 1.6257, 2.2414, 1.9619,-1.7906, 1.654 ,-1.5879,-0.7836,-2.8193, 1.8795, 0.7089, 2.0836,-1.0538]
[-3.3491, 3.2068, 3.4344,-2.632 , 1.5494,-2.6617,-0.7808, 1.8044, 1.5735,-2.4646,-0.3871,-1.1941,-1.5133, 2.4517, 1.2468,-0.2615,-0.7614,-2.9848,-1.395 ,-2.6441, 1.5999,-2.7314, 1.3145, 2.4694,-1.1672]
[ 2.3885, 3.0967,-0.722 , 1.9785,-0.4188,-2.1435,-0.5143,-0.7881,-0.095 ,-1.4699,-1.1189, 1.7511,-0.5217,-2.4631,-1.2847, 2.8083, 0.4338, 2.7234, 2.2483, 0.0426, 2.751 ,-1.0826, 0.8407,-0.7562,-1.2695]
[-0.1281, 3.5107,-2.4127, 2.3045,-1.5912,-2.5022,-0.324 ,-0.1167, 1.4302, 0.5165, 1.1641,-1.6015, 2.4365,-0.2497,-0.9239, 2.988 ,-3.0106, 0.4147,-1.0912,-0.9143,-2.1132,-1.6275, 1.9879,-0.1569,-2.5503]
[ 0.9149, 3.737 ,-1.3498,-1.9846, 2.9102, 1.7269, 1.5307, 1.5653, 0.8868, 2.2276,-0.058 ,-2.3779,-2.1339,-0.8552,-2.0779,-0.2964, 2.4508, 2.8461, 1.3863, 2.4974, 2.9167, 2.7682,-0.6291,-0.9881,-0.2173]
[-0.5989,-2.7516, 2.503 ,-2.2179,-1.3975,-0.6737,-0.8721,-2.1051,-0.8301, 1.6307,-0.4148,-2.769 ,-2.9401,-1.5458, 3.0956,-1.4405, 0.2399, 2.8192,-0.5718, 0.8903,-1.5889,-3.0073,-2.3093,-0.5872, 0.3151]
[ 0.8314,-0.3338,-0.487 , 2.8163,-1.0414,-1.5183, 3.1079, 0.3434, 0.1125, 0.747 ,-1.179 ,-2.9912,-1.7521, 2.5812,-1.4565,-1.2963, 1.1875,-0.8144,-3.0615, 1.4842, 0.6969, 1.7264,-2.878 ,-2.3177, 2.6921]
[ 2.5524, 3.8407,-1.6443,-1.8852,-0.2467, 0.4385, 2.6974, 1.3066, 2.7353, 2.3805, 1.626 ,-1.5716, 0.6087,-1.941 ,-2.9792, 2.891 ,-2.6649,-0.8015, 2.5846, 0.8187,-1.1344, 1.0638,-0.8134,-1.614 , 2.5096]
[-4.9542,-4.7953, 3.7475,-0.9701,-0.9132,-0.1251,-2.8047, 0.3962, 2.4509, 2.2397, 0.896 ,-2.4387,-0.7334, 0.1871,-2.1125,-1.8042,-0.951 , 2.8145, 1.7098, 0.2772,-3.0933, 2.6674, 0.1684,-0.7659, 2.1182]
[ 0.8765, 4.6001,-4.6887, 1.4645, 1.0671, 1.2755, 0.1539, 1.9429, 1.768 , 1.9895, 2.1512, 2.1491,-1.2093,-1.9998, 0.3739, 1.9172, 2.8168, 1.4118,-2.3367, 0.032 ,-0.3164,-0.5176, 0.514 ,-0.6156, 1.532 ]
[ 5.2222,-0.4393,-1.2578,-2.6226, 2.2914,-0.5095,-1.6512, 0.2324,-2.6985,-3.0766, 0.8269,-0.9603,-1.2436, 2.292 , 2.4994, 1.3445, 1.2821,-2.0396,-0.6054, 0.2621, 0.1729,-1.7004,-2.6245, 0.0221,-2.8727]
[ 2.2541, 3.8876, 5.4179,-2.8432,-2.6925,-2.4574,-2.5432,-2.8441,-3.1404, 1.9994,-0.5518,-2.7668,-0.1659, 0.4718, 1.5159,-2.8113, 1.3885, 1.8362,-0.7808,-0.8813, 0.0431, 2.4715,-1.0924, 0.5695, 1.2215]
[ 3.7163,-1.2757,-2.2908,-0.7045, 0.1361,-2.4285, 2.89  , 0.9756,-2.1054, 2.7784,-0.5265, 2.2088,-2.0075, 2.8389,-3.0428, 2.9046,-3.023 ,-1.3543, 1.714 ,-0.9357,-0.7462, 0.6666, 2.5079,-0.8615,-1.3913]
[ 5.4018, 1.9559, 0.5939,-1.2063,-2.1952,-0.1851, 0.1802, 1.2007, 1.4104,-1.3615, 1.8904, 1.9107, 1.5294, 1.5659, 0.9086, 2.2157, 1.4372,-1.6562,-1.2356,-0.8189, 0.756 , 1.3637,-0.2267, 1.9487, 1.0283]
[-3.9708, 4.747 , 0.7969, 0.6411,-0.0192,-2.9555,-1.6029,-2.6997, 2.685 ,-0.6004, 2.2483,-2.3563,-0.0777,-2.9895,-1.4735,-2.1138, 2.785 , 1.8742,-2.6892, 1.3269, 0.4516,-1.841 ,-0.6013, 0.9005, 0.2897]
[-1.7764,-1.9435,-5.4455,-2.9228,-2.8371, 0.2995, 2.8279, 2.6742,-1.3507, 1.0597, 1.0277,-0.5265, 2.9153, 2.0508, 0.7255, 1.9601, 0.4376,-2.9247,-2.1087,-0.2412, 2.8773, 1.3288,-0.547 , 2.1647,-2.6604]
[ 1.9845,-3.1261,-3.9057,-2.3604,-2.9121,-2.605 , 0.6034, 2.6062,-1.1697,-2.2487, 0.3686, 1.1827, 2.0384,-0.1579,-0.4815,-2.449 ,-0.7414,-2.3675,-2.512 ,-2.6169,-2.9626, 2.9106,-3.0365, 0.2921, 1.1516]
[ 5.4467,-2.8105,-1.0944, 1.6289, 1.3926, 0.6414,-0.6257, 2.0077, 0.2085, 3.1082, 2.3356, 0.5845, 2.2168,-3.1123, 2.477 ,-2.8864, 1.6792,-0.9796,-1.7119, 3.0043, 3.0757,-1.2794,-0.7365,-2.7685, 1.8522]
[-3.3535, 2.2907, 1.9376, 1.0291,-3.0577, 0.6928,-1.5081, 1.7353, 2.9221, 2.149 ,-1.4368,-2.695 ,-2.1037, 1.6879, 0.2915, 0.8655, 1.8821,-1.7848, 0.424 ,-0.8714, 1.2087, 1.394 , 2.8662,-2.8197,-2.5009]
[-4.3892, 0.587 , 0.2198,-1.4716, 2.0669, 0.1314, 1.1978,-2.2774, 2.7739,-0.4152, 1.4431,-2.9886,-2.3311, 2.3082,-2.6614, 0.2007,-1.6939,-0.8654, 0.7359,-0.8675,-2.9936, 2.989 ,-1.4073,-1.3957,-0.4606]
[-3.0249,-1.9787,-2.2757, 1.2997, 0.487 , 1.1586,-2.2256,-1.5607,-2.7142,-2.8877, 1.6789,-2.6522, 1.6874,-2.6609,-0.9041,-0.8556, 2.7028, 1.7766,-1.2685,-0.7686, 2.1728, 2.0217, 2.2177, 1.2194, 0.2676]
[-3.1249,-3.8765,-5.3524,-2.3846, 2.3412,-2.0851, 0.5793, 1.63  ,-3.0859,-1.3869,-0.2403, 0.6135,-1.2362, 1.9963, 1.1169,-2.9542,-1.3406, 1.6711, 1.0859, 0.9288, 1.0357,-1.0156, 2.305 , 0.2957,-3.1206]
[ 2.1667,-5.4472, 2.109 ,-0.0181, 2.2761,-2.1072,-0.4842, 0.037 ,-1.4284,-2.3302, 1.5036,-0.8669,-2.9432,-1.4299,-1.9334, 2.0078,-1.8445,-0.5737, 0.3347,-1.1174,-0.8353, 1.5013,-2.3734,-1.1926, 0.0984]
[ 2.0743, 0.7773,-3.0498,-1.4732,-0.6154,-1.9636, 2.4423,-2.628 ,-2.218 , 0.5162, 1.2747, 2.6496, 0.8107, 1.292 , 0.7836, 0.8377,-2.0398, 0.36  , 2.3539, 2.1387, 0.6748,-0.3769,-2.574 ,-2.9531,-1.5663]
[-5.4443,-1.6748, 5.3674, 2.8714,-1.6178,-2.4313, 2.8931,-1.0677,-2.8081, 1.5659, 0.7242, 2.3271, 0.5061,-1.1565, 2.2058, 0.8336, 2.1235, 2.1577,-1.4167,-2.222 , 1.0151, 2.2002,-0.5583, 2.0097,-0.9324]
[-5.294 , 3.5125, 1.0474, 0.4451, 2.2019,-0.8389,-1.8869,-2.5733, 2.8049, 1.1499,-0.2008,-2.9972, 1.2297, 0.9907,-2.0423,-0.9121, 0.5867, 1.8137, 1.1682,-0.4774,-1.7671, 1.9052, 0.0929, 1.7376, 0.6463]
[-0.5326,-0.5445,-5.0709,-1.4079,-1.0774, 1.3905, 0.0504, 2.7817, 2.2561, 0.1486, 2.0467, 1.5694, 1.8948, 1.9802, 0.5354, 0.8035,-0.4644, 2.3226, 0.3524, 0.1173, 2.1407, 1.7436,-1.6701,-2.3393, 3.1144]
[ 3.5226,-2.1113,-0.1133, 2.8774, 2.7601,-0.5899, 1.2481, 1.0307, 1.4008,-1.6992,-1.8607, 3.0975,-2.2222,-2.8605, 2.5146, 0.5614, 1.2489, 1.7316, 2.0464,-2.6405,-0.5858, 0.9133,-0.3315,-1.1911, 0.2845]
[ 0.2259, 1.2775, 2.6329,-0.3819,-1.728 ,-0.0573,-3.1383,-2.0639, 0.1711, 2.8691,-0.2464,-0.0968,-0.8251,-2.2206,-0.0159, 2.1886,-0.6635,-2.2743,-1.6157, 1.2879, 0.5943, 0.5977, 2.8903, 1.8354, 2.3495]
[-4.4089,-2.3503, 1.1676,-1.5537,-0.7018, 2.5671,-0.9157, 1.698 ,-2.8568,-2.7085,-2.7884, 1.8285,-1.9845,-0.2326, 0.8454, 3.1067,-2.3729,-1.941 ,-1.6135, 1.6235, 1.5192, 0.6803, 0.0221,-2.4759,-0.5929]
[ 4.2356,-1.9639,-4.3632,-0.2161,-1.4344,-0.0852, 1.6627, 0.2065,-0.7325,-0.4646, 1.5361,-2.0666, 2.0476,-0.7894, 2.7853, 3.0216, 1.3285, 1.745 , 1.2739, 2.5936, 2.1466,-1.992 ,-0.9728,-2.6113, 0.6225]
[ 3.5668,-0.0968, 3.1313,-1.6562, 2.394 , 1.678 , 2.3427, 2.7006,-2.8526,-1.143 , 3.1304,-0.901 ,-2.7402, 2.1828, 1.0866,-0.7499,-2.9793,-0.4568, 0.4291, 2.8322,-2.0123,-0.5381, 2.3681, 2.9362, 0.0264]
[ 4.429 ,-5.2005, 0.8968,-0.1558, 2.5645, 2.4309, 2.2533,-1.3306, 2.5849, 0.3017,-1.536 , 0.9787,-1.8098,-0.8458,-2.4586, 1.7276,-1.6846, 1.5917, 1.2541,-2.972 , 1.8813, 1.7382, 0.2678,-1.3665,-1.9081]
[-0.5293, 1.2385,-3.7549, 0.7898, 0.9234, 1.3277,-2.6307,-0.5529,-0.3679, 1.4892, 2.8425,-2.746 , 2.7596, 2.5457,-2.5557,-2.536 , 1.9828,-2.6057, 2.6524, 0.9479, 1.0485,-1.4257, 0.9304, 2.8156,-2.8083]
[ 5.3705, 3.4807,-3.0063, 0.3123, 2.7822,-2.5707, 0.1882, 1.5604,-1.0476, 3.0511,-1.5832,-2.9738, 3.0043,-2.6129,-2.3333, 1.6992,-1.6425, 1.7433, 2.6048,-0.8383,-2.5604,-0.5746,-2.616 ,-2.3047,-0.6598]
[-2.9163,-4.0764, 1.4551, 1.9324, 0.1927, 0.8535,-1.3526,-3.0964,-1.7145, 1.5913,-0.8832,-0.3972, 0.6147, 0.3387, 2.8716,-0.2764, 0.5649,-1.6743, 2.1385,-1.8277, 1.2341,-1.9045, 2.3617,-2.0454, 2.3377]
[ 4.1543,-3.8091,-4.8552,-0.9244, 2.1569,-0.6172, 2.3103, 1.9746, 0.5717,-2.2908, 2.249 , 0.4254,-1.0853, 0.1909,-2.1645, 0.3125,-1.5062,-1.8228, 1.2671, 1.1142,-0.891 ,-1.3799,-1.0821,-2.1666,-0.2013]
[-0.7852, 2.2708,-0.7368, 1.048 ,-2.3369, 1.5902,-0.5328, 1.6387,-2.4806,-1.0226, 0.123 ,-1.4696,-1.0095,-1.4931, 0.8648, 2.6933, 2.5437,-2.2308,-1.1741,-0.0323,-0.8542, 1.8133, 1.4193,-3.0416, 1.1902]
[ 2.0476,-1.4731,-0.4977,-1.1167, 1.9958,-1.96  , 1.0989, 0.0251,-1.2992,-0.4419, 1.2025,-1.0132,-1.9017, 1.6385, 0.8226, 1.4735, 1.5536,-1.8148, 2.6166,-1.9247, 0.7044, 0.322 , 2.6588,-2.5392, 1.3248]
[-2.5282,-3.4291,-5.0708, 2.2576,-1.9681,-1.9995,-1.6501,-1.1369, 0.4018, 1.3488, 1.5565,-0.8042,-0.4033,-0.9493, 0.3135, 0.6744,-0.6242,-0.1778,-0.7716, 1.4405,-0.1064, 1.3132,-0.5819,-0.16  , 2.2629]
[ 0.7081, 4.5   ,-1.8891,-0.2505,-1.8084,-2.5447,-3.0854,-1.5806,-0.1437,-1.4844, 1.1371, 0.3465, 0.9622,-2.2707, 2.8923,-2.2553, 0.5094,-0.7781, 2.3879,-1.7226, 0.528 ,-0.8256, 2.5431,-1.8388, 1.2409]
[ 4.5282, 0.5484,-3.082 , 1.9362,-1.0217, 0.3123,-2.9846, 0.6425,-0.125 ,-1.3319, 2.8942,-2.4392, 2.2308, 0.6392,-0.2829,-1.1152, 0.8291, 3.1103,-3.0495, 2.6432,-1.7766, 2.8454, 0.7021, 2.8853, 0.394 ]
[ 2.233 , 3.5621,-0.0419, 1.7817,-0.5953, 0.0472, 2.1469, 1.2838,-1.927 , 0.4736,-2.913 , 2.5744,-1.8837,-3.0286,-1.2651, 1.7026, 1.2459, 1.9417, 0.2091, 1.9696,-2.6338, 1.1336, 0.9275,-0.7101,-1.6957]
[ 3.9509, 4.2053, 2.4902,-2.3939, 1.4851,-2.1894,-2.1658, 2.1293,-2.2845, 2.2875,-0.257 , 0.6133,-1.6851,-2.4122,-2.2069,-0.8795,-2.739 ,-3.1335, 2.67  ,-0.6822,-3.0332,-1.4691,-0.198 , 2.6906, 0.2944]
[-5.1498, 3.5661, 5.4794,-2.8815, 0.5067,-3.0017,-2.375 ,-1.8968, 1.1432, 0.1491, 1.8376,-0.9624, 2.1604,-2.8145,-1.4105,-3.1361, 2.9444, 0.6139, 2.3429,-2.9304,-1.3659,-1.9536,-0.9742,-1.2105,-0.6205]
[-3.159 ,-1.6533,-4.6554, 0.2322,-0.8263,-0.641 , 1.962 ,-0.1777, 2.0395, 2.9676,-1.6488,-0.6278,-1.0198,-1.0688,-2.3176, 2.8383, 1.5935,-1.3279,-2.5544, 1.4729, 1.5123, 0.9642, 2.0349, 2.1045, 1.1327]
[-4.079 ,-2.5335,-4.8101,-0.5161, 0.0676,-0.1934, 2.5633,-2.5583,-2.269 , 2.1077,-0.2071,-0.6783, 2.667 , 2.1402,-1.8381,-0.3465, 2.8444, 0.0598,-1.2791, 2.6018,-2.6221, 0.2241, 0.8995, 0.8664,-0.5913]
[-4.5383,-2.2995,-1.3609,-1.1734, 0.1827,-0.0618, 2.4257, 1.1233, 0.7866,-0.6225,-2.2691,-1.6947, 2.4115, 0.8249,-2.0389, 0.2895, 0.9428, 0.0783,-0.8483, 2.5655,-1.5808,-0.2345,-3.031 , 1.6198, 0.4698]
[ 4.5867, 3.2347,-3.6391, 1.0944,-2.5034, 1.6723,-3.1349,-0.1463, 2.1963,-2.9614,-1.7693,-0.6312,-2.6364,-2.5056,-0.9386, 0.1691,-1.6012, 0.1116, 1.7802, 2.1717,-1.8179, 1.0642,-1.0163,-0.175 , 1.477 ]
[-4.0773, 1.7176,-4.4607,-2.742 , 0.0697, 0.3558,-1.5568,-2.3235,-1.962 ,-1.8734, 1.6865,-1.2642,-3.0608, 2.6853, 2.5459, 2.6858, 1.7476, 0.9307, 1.6871,-2.5287,-2.2928,-2.0379, 1.9451, 1.8117,-2.8369]
[ 1.4754,-2.0955, 4.9501,-2.5714, 0.1446,-0.8129,-1.6547, 2.7904, 0.5669, 1.2632,-2.5611, 2.7788,-0.8859, 3.0953, 2.4633, 0.2374, 1.521 , 2.2089,-2.6455,-2.2424, 2.6998, 2.9121, 1.5502,-0.2676, 2.636 ]
[ 5.3976,-4.7473, 2.3718, 2.076 , 0.3815,-1.8046, 1.1996,-0.4798, 2.8703, 1.044 ,-1.8717, 0.7392,-2.0383, 0.1354,-2.8991,-1.2822, 1.5184, 0.8986,-1.475 ,-2.9561, 2.6738,-0.8632, 0.6346, 2.9579, 2.9067]
[ 4.1598, 0.312 ,-2.8557,-1.3664,-1.3332,-2.2869, 0.0461,-1.4369,-0.0672, 3.0624, 1.7985,-0.7411,-1.745 , 1.9138,-1.8782,-1.6887, 0.6851,-2.3701,-2.9924,-0.7544, 0.9699, 2.0186,-0.5916,-0.8965,-1.3633]
[-3.5154,-2.3885,-1.4468,-2.5793, 0.0979, 2.2708, 2.4057,-1.6665,-1.5851, 2.3405, 0.8971, 2.3118,-1.5877,-1.0721,-0.0045, 2.7289, 2.1566,-2.2915, 0.9753,-0.6361, 1.3683, 2.5759, 2.5735, 0.5138, 0.623 ]
[ 5.3662, 4.5573,-3.8982,-1.0855, 0.98  , 0.8349,-2.7626,-0.779 , 0.282 , 1.6276,-0.6832, 0.7953,-2.7874,-1.5101, 0.8342,-1.935 , 2.1932,-3.0451, 1.4832,-0.8672, 1.2281,-2.6668,-1.9757, 1.2852,-0.1604]
