[ 4.2107,-1.678 , 0.4975, 0.3338,-1.9554,-1.3543, 1.3544, 2.4717, 0.2529, 2.9999,-2.346 , 0.6424, 0.5283,-1.5514,-0.8829, 1.3346]
[ 3.0606,-2.1703, 0.281 ,-2.1415, 2.3181,-2.4077, 2.3266,-2.9508,-0.9809, 2.6665, 2.8012,-1.5193, 2.0718, 2.5657,-2.2976, 0.3121]
[ 0.9174, 1.1569, 3.9882,-2.0567, 1.3214,-0.6828,-0.5983, 1.4058, 1.9531,-2.6626, 2.6552,-1.9062,-1.1715, 1.8586, 1.2482,-0.1306]
[ 5.1926,-5.2979, 2.4529, 1.19  ,-2.2717, 2.8804, 2.1038, 2.3649,-0.0279,-1.9711, 0.3027, 2.1011,-0.268 , 0.2866, 0.0739, 1.5174]
[ 3.3223, 1.1275, 2.2521, 1.5585,-1.8262,-2.0426, 2.8017,-1.1527, 0.6744, 1.6883,-3.1157, 0.9285, 0.6106,-0.3676, 1.3415, 0.0358]
[-1.125 ,-2.7243,-5.2587,-0.5924, 0.2265, 1.5723,-0.7372, 2.3875,-1.6597,-1.2374, 2.9183, 1.6912, 2.8192,-2.2979, 1.6223,-0.8344]
[ 0.5758,-1.9694, 4.3897, 1.713 ,-2.8819, 0.7928, 0.185 , 1.8905, 0.4199, 1.8031, 2.6356,-2.3238, 1.8301,-0.7886, 1.7458, 0.9814]
[ 3.3602,-1.391 ,-0.1442,-1.3906, 1.5614, 2.2525, 2.0088,-3.1323, 0.3524, 3.0427,-2.4924, 1.8913,-0.2848, 1.6932, 0.8553, 0.9614]
[-3.268 ,-1.6155,-0.2605, 2.1457, 0.4882, 0.0033, 1.9902, 1.3964,-1.9649, 3.1185,-0.5827,-1.5248,-0.8214,-0.9439, 2.7384, 0.8928]
[ 0.9319,-0.9963,-0.3307,-0.4308, 0.9336,-3.0394, 0.9637, 2.9617,-1.9333, 2.429 , 0.4935, 2.1619,-0.8244, 1.2347, 1.0719, 1.1837]
[ 4.2922, 2.8198,-2.3511,-0.3989, 0.604 ,-1.619 ,-2.3603, 3.0493, 3.0563, 0.871 ,-1.0632,-0.0548,-0.8817,-1.7811,-1.6128,-0.5512]
[ 3.8929, 4.7322, 4.5376,-3.022 , 2.154 , 2.2386,-1.2789, 0.5046,-0.802 ,-0.8483, 0.355 ,-0.4619,-2.7575, 1.0536, 0.7333,-2.6112]
[ 4.2259, 0.9416,-4.2599,-1.0237, 1.5562,-2.1714,-2.1963,-0.682 ,-1.6543, 0.3568, 2.5625, 2.1956, 0.9626, 0.5332, 0.7713, 1.7448]
[ 0.7797, 4.9276, 1.3665,-2.8746, 2.8975,-0.0899, 2.3006, 2.0591, 2.3717, 0.3079,-1.5307, 0.0677,-1.3898, 0.603 , 3.0287, 2.7437]
[ 5.3428,-1.7643, 1.0119, 0.6715, 2.1907,-0.5295,-1.1189, 0.4418,-0.4469,-2.2009, 1.6146,-2.2002, 2.5987,-3.0113, 1.1741,-2.1543]
[-2.2247, 4.8918, 1.1993, 0.4484, 2.7536, 0.4527,-0.1216,-2.2612,-2.5736,-0.251 , 1.7212, 0.9747, 2.8106,-2.1545, 0.6392, 2.7573]
[ 2.1192,-2.2878,-2.067 , 1.0486,-1.7089,-2.5984,-0.8094, 0.5828,-0.8411,-1.8005,-1.4436,-1.0322, 2.7915, 2.54  ,-2.378 ,-1.9575]
[-1.4421, 4.0859,-4.0024, 0.0459, 1.3316,-0.118 ,-2.7991, 0.6047,-0.8045, 2.1824,-1.2803,-1.3992,-2.4031, 2.7646,-2.1081, 1.0062]
[-5.0253,-5.4142,-0.9626, 1.2508,-1.1972, 2.9785, 1.6   , 1.9164, 1.8378, 1.7382,-2.0539, 2.1696,-2.9875,-1.12  ,-1.7267,-2.9564]
[ 2.1577, 4.3211, 3.3484, 2.3714, 2.1732, 1.5866, 0.897 , 1.3521, 0.3601, 1.6686,-1.7933, 2.5669, 1.7595, 2.4803,-0.0178, 1.0273]
[-5.2358,-1.6045,-5.0759, 2.5561,-1.6946, 0.484 , 1.6081, 2.4284, 1.7459, 1.7215,-1.0967, 0.9233,-0.6401,-1.8773,-2.7263, 0.3225]
[ 1.4784,-2.1414,-2.2465,-1.1366,-1.2336, 1.5061,-2.7451,-3.1145, 2.8923,-1.9514, 0.1688, 0.4555,-2.4463, 0.1176, 0.4927,-2.4235]
[-3.6277, 1.8563,-0.948 , 1.242 ,-0.0885,-0.0592, 0.335 ,-1.7393,-0.3788, 1.4541,-2.0925,-0.2123, 1.7484,-0.2209,-0.689 ,-1.4932]
[ 4.8045, 3.4546, 5.0229,-0.8423, 2.6564, 2.924 ,-1.9458, 2.1503,-1.9339, 2.8395, 2.8044,-2.8025,-1.5117, 1.987 , 1.1402, 1.6871]
[-3.8344,-1.567 , 5.1675,-1.48  , 0.8425, 0.3698, 3.0995,-0.8436, 0.1893,-0.4199,-0.1886,-1.141 ,-3.1376,-0.719 ,-1.983 , 0.1212]
[ 3.9956,-5.4797,-3.5779, 2.1798, 1.1368, 0.1266, 1.7707, 1.0253,-2.5385, 2.1608,-1.7292, 1.6757, 0.3713, 0.6235,-1.5562, 1.7896]
[-2.4629,-1.7436,-4.7763,-0.6486, 0.3836,-2.9683, 1.5536, 2.5814,-2.0608,-1.3971,-1.2209, 2.1468,-2.8351,-2.3564,-0.5147, 2.39  ]
[-2.658 ,-4.3787,-1.7925,-2.1837, 2.778 , 2.7781, 1.6112,-2.8018, 1.1912, 2.5992, 1.0637,-3.0933,-0.0846, 0.8592,-2.6143, 1.9298]
[ 1.6201, 5.0493,-2.9928,-2.9149,-0.2383, 3.1309,-2.5059, 0.0625, 2.065 , 1.5538,-2.4752,-2.1849, 0.8611, 1.7242,-1.4907, 0.5664]
[ 5.1176, 0.0126,-1.0144,-1.0254,-2.216 ,-2.3695,-3.05  , 0.6068, 1.1383, 1.8494,-0.4656,-1.1698, 0.7763,-1.7504, 2.7695,-1.3639]
[ 2.83  , 5.4631,-5.2802,-2.2542, 1.9168, 2.3127, 2.3764, 2.9179, 1.0143,-2.981 , 0.9123,-2.5592, 0.72  , 2.7297,-2.4625,-2.2222]
[ 4.4576, 4.1443,-1.1978,-2.5318,-1.3832, 1.4893,-2.0969,-2.549 ,-1.9949,-2.8353,-2.4089,-2.5277, 2.376 , 2.3523, 2.8104, 0.8421]
[-3.546 , 3.6081,-0.4824,-2.5602,-1.0886,-1.5607,-3.043 ,-3.0143, 0.9908, 1.8394, 1.4304, 2.6826, 0.9002,-0.8273,-0.2974, 2.6325]
[ 4.3612,-4.5049,-3.08  , 1.9733,-3.1213,-0.3755, 1.3026,-1.0641,-0.7774,-2.5693,-0.7046, 1.1253,-2.0298, 0.3921,-1.5012, 0.4516]
[ 5.4136, 1.3633, 4.9958, 0.4866, 2.2817, 2.56  ,-1.5168, 2.1142,-1.1188,-2.0925,-2.4239,-2.0223,-2.8381,-1.5542, 1.1516, 2.3566]
[-0.1932, 2.6903,-5.4062,-0.4071,-1.2949, 1.2425, 0.6054,-1.2611, 0.363 , 2.8177,-2.6971, 2.5861,-2.6318, 1.1029,-0.0562, 0.3405]
[ 2.6794, 4.8452, 1.5621, 0.9631,-2.1374,-1.5641, 0.7443, 2.3954,-2.8021,-2.6764, 2.0528, 2.6765, 1.5681,-2.2934,-2.9709,-2.1359]
[ 1.8211, 2.8297,-1.0425,-0.4832,-2.844 ,-3.0639,-3.052 , 0.0111, 3.0989,-2.0765, 2.7908,-1.3634,-2.4655,-0.8428, 0.244 ,-0.2088]
[-1.6779, 0.5044,-5.2056,-2.0602, 0.6573,-1.8566, 2.9621,-2.8851, 0.7222,-1.8413,-1.5267, 0.3363, 2.2059,-1.4819, 2.2239, 1.6189]
[ 0.8325, 1.4528,-1.5992,-0.1529,-2.7601, 0.5955,-1.6067, 2.4769,-0.2087,-2.7625,-1.9454,-2.458 , 1.5195,-2.5522,-0.9813, 1.8239]
[-0.273 ,-2.1999,-5.2575, 2.931 ,-0.2018,-1.9663,-2.9257,-0.6171,-2.3589, 2.3439,-0.8948,-1.0567, 2.6466,-1.2992,-3.029 , 0.8391]
[-5.4494, 0.1555,-0.0619, 2.1694, 2.4787, 0.2799,-0.1836, 0.1077, 0.0389, 1.8852,-2.5424,-1.3894,-2.8554,-2.3803, 1.6028,-2.0229]
[ 3.568 ,-3.4723, 3.0512, 0.8234, 1.2516,-1.1936,-0.2921,-2.6729, 2.2836, 0.9784, 0.1657,-0.1837,-0.3691,-2.1199, 0.5862,-1.9424]
[ 4.9204,-3.4685,-2.8804,-0.4647,-1.7831,-1.5702,-0.067 ,-0.5152, 0.0319,-1.5847,-0.0152,-0.3292, 0.9164,-2.6658, 2.2378, 1.7275]
[-0.7871,-1.9836,-3.0749, 0.366 , 2.7818,-2.3693, 0.892 , 0.986 ,-2.3848, 1.336 , 2.6957, 2.8529,-2.1255, 1.6237, 2.4022,-0.8561]
[ 3.1398, 2.917 , 4.7065,-1.4551, 1.0734, 0.8681, 3.0334,-0.0829, 0.0452, 1.5007,-0.7045, 1.8406,-0.8851, 1.2439,-0.7851, 2.3316]
[-3.8876, 1.2467, 0.3194, 0.8488, 1.9869, 1.9442, 2.6491, 2.2454, 3.0282,-2.2966,-2.3879, 1.1366, 0.0935, 0.0767,-3.073 ,-3.0743]
[-4.029 ,-5.    ,-4.2805,-0.8246, 2.663 , 0.3371,-2.4571,-0.0414,-0.6956,-1.1587, 0.5746, 1.9968,-1.3277,-0.9856,-0.4109, 2.4502]
[-5.398 ,-0.2904,-3.9048, 0.9811,-2.0862,-0.2652, 1.7307, 2.0909, 2.6317, 2.8377, 1.3988,-0.3616,-1.5507,-3.0689, 0.8798,-0.3779]
[-4.1534,-3.1428, 5.4218, 0.7188, 2.2948, 2.7527,-1.5305, 0.4066,-1.5832,-1.3746,-2.8193, 1.6524, 1.8477, 2.0895,-2.8407, 2.2819]
[ 0.8941,-2.6658, 0.6696,-1.2316, 1.253 ,-1.1053,-1.8136, 1.5592,-0.9493, 1.5172,-2.9911,-0.6831,-3.0671, 0.1023, 1.9934, 0.0409]
[-2.2903, 1.9995,-2.1774, 1.7493,-2.5004, 2.1087,-0.1773,-0.4428, 3.0426, 2.8733,-0.2648, 1.7555, 0.4252, 0.8271, 1.9385, 1.8599]
[-3.4505,-0.9136,-2.1356,-0.2522, 1.4299,-2.6582,-0.9415,-3.0217, 0.63  ,-2.2765,-2.2384,-2.46  ,-2.8773, 0.255 , 1.9032,-2.1235]
[ 5.1112,-3.5184,-0.4698,-0.3952, 1.0286,-0.8713, 2.129 ,-2.3489,-2.9564,-1.4363, 3.1175, 2.4513,-3.1075, 1.9409, 3.0414,-1.9312]
[-4.479 , 3.0505, 5.307 ,-2.6894, 0.0544,-0.5119, 0.2867,-0.8875,-0.3649, 2.0203, 2.3464,-2.0497,-0.0395,-0.9891, 1.6611, 2.3538]
[ 3.1615, 4.4356,-3.3806, 2.2613, 0.9066,-3.0233,-2.9288, 2.9322,-1.4256,-2.9926,-2.3005, 1.0548,-2.9277,-1.8575, 1.4607,-1.8878]
[-4.8174,-4.6427,-1.4091, 2.5775, 2.9556, 1.8331, 2.5098,-0.3254, 2.8755,-1.4788,-2.8706,-2.3588, 1.602 , 2.6674,-2.0158, 2.8437]
[-2.6654, 4.9733,-5.3816,-1.1061,-0.2237,-0.7042,-2.6925, 1.5442, 0.7666,-2.0805,-0.8457, 0.34  , 2.5402,-0.1814,-0.1064,-0.2573]
[-2.4357, 0.1058, 2.9998, 3.0561,-1.0225,-0.2272, 0.6715,-2.0241, 0.4764,-1.0509, 0.4216, 1.1591,-0.9527,-0.4595, 1.043 ,-0.9509]
[-0.5249,-0.7338,-1.8074, 2.2593,-0.8229, 0.6733, 1.5901,-0.8359, 1.9087, 1.7035, 1.8441, 1.3226, 1.5001, 2.8361,-2.8073,-2.512 ]
[-1.4516,-1.9655,-0.6262, 0.7639, 3.0979,-2.8083,-2.8803,-1.8182,-1.2265,-1.0532,-0.4302, 2.4999,-0.7104, 1.3636, 2.4878, 2.6264]
[-1.2751,-0.4912,-2.9439, 0.6061,-0.7165, 0.7   , 0.8222,-0.9754,-2.3207,-2.4648, 1.6522, 1.9919, 3.1109,-0.2893,-2.7874,-1.947 ]
[ 3.3409, 0.7489, 2.9317, 2.39  , 2.2126, 2.6095, 1.8293, 2.5056, 0.6888,-1.1242,-1.1121,-0.6012,-2.3481, 2.4048,-2.468 ,-1.1773]
[-5.383 ,-1.4086,-1.9952,-0.4562, 2.3195,-0.9339, 1.1327, 1.6246,-1.6898, 0.7466, 3.063 , 2.5585, 1.4042,-0.86  , 0.1594,-2.0979]
[ 3.9683, 5.1314,-1.6887,-3.1399,-1.7323, 1.8949,-1.2701, 1.2061,-0.4068, 0.7885, 2.0979, 1.9794,-0.9461, 2.6309,-2.8385, 1.8893]
[-3.0618,-3.6738, 3.3219, 1.8156, 2.0857, 1.5432,-2.3102, 0.1807, 1.7763,-0.4232,-1.0826, 2.8448, 1.9431,-2.918 ,-0.3749, 1.1869]
[-2.5422,-4.7694,-2.1335, 1.8447,-1.2042,-0.8339,-0.0701, 2.5506,-2.9187,-0.0832, 0.5621, 0.7293, 0.0338, 0.4452, 1.3974,-1.706 ]
[-4.7681,-3.5297, 3.8831,-2.6838, 2.7312,-2.4225,-1.8474,-1.0814,-2.3186, 1.3705,-0.2916, 3.105 , 2.1793,-1.1448, 0.7572,-1.0536]
[-4.9594, 2.8043,-2.1468, 1.2232, 1.1175, 1.4273, 2.2232,-1.7646, 1.1058, 1.1688, 0.9389, 1.7287,-2.9182,-0.4619, 0.3085,-2.4912]
[-4.3995,-3.5898, 4.4999,-2.4091,-2.6367,-0.994 ,-0.4248, 2.6135,-1.9027, 2.5698, 1.0476, 0.9241, 1.188 ,-2.789 ,-0.1676,-0.006 ]
[ 4.9159, 3.6548, 2.8927, 1.696 , 0.6991, 1.9838,-1.4205,-1.6729,-1.9347,-1.0368,-1.7143,-0.3169, 2.3389, 1.177 ,-2.981 ,-0.6207]
[ 1.2261, 3.3327,-3.5101, 2.9485,-1.848 , 0.5688, 1.3421,-2.944 ,-1.2374,-0.6015,-3.0606,-2.5876, 1.8917,-0.8327, 0.3503, 0.7019]
[ 4.4321, 5.3794,-3.8069,-2.4867,-1.6422, 2.8205,-1.2669,-1.165 , 1.7677,-0.3623,-0.9526, 0.4591, 1.5398,-1.6998, 2.6598, 1.8735]
[ 3.2566, 1.0821,-4.2323, 2.817 ,-2.3937, 2.9081,-1.1297,-1.1128,-0.3065, 2.7391, 0.459 ,-0.6516,-0.6123,-0.7888,-1.4158, 0.5735]
[-0.0685, 4.6821,-1.1852, 0.7421,-0.9529, 1.8555,-1.2886,-0.2685,-0.9225,-1.4953,-0.3786,-1.3361,-0.2597, 2.7843,-1.7424,-0.9346]
[-5.2764, 1.33  , 2.0185, 2.4669,-1.8974,-0.4449,-2.2802, 1.7345, 3.0502, 2.99  , 0.6991,-3.0547, 1.6862,-0.9282,-0.9444,-1.6659]
[ 3.63  , 4.2288, 0.943 ,-1.5596,-0.6152, 1.5408, 0.5689, 0.6372, 3.0776,-2.1922,-1.5378,-2.8081,-0.8515,-0.5604, 0.3377,-0.9629]
[ 2.2129,-0.8005, 3.7786,-2.3775, 1.4341,-0.284 , 2.7   , 2.0395, 1.8819, 1.3528, 2.2091, 2.1857, 0.6537, 2.2777,-0.4575,-1.3136]
[-2.4134, 2.5904,-3.6277, 3.0726,-2.3756, 2.2563, 1.9202,-2.3307,-2.7963, 2.9598,-0.4117, 1.5359, 0.8847, 0.3949, 2.2138, 2.9284]
[-1.9223,-0.4344,-4.798 , 1.2379,-1.9197,-1.8698,-1.2473, 1.2786,-1.4215, 2.9174,-1.8257, 2.7154, 0.0214,-2.3058, 1.1232, 0.8761]
[ 0.1789,-4.3737,-3.1314,-2.4058,-1.5809,-0.5732,-0.4223, 1.9391, 0.514 ,-2.8409,-2.7654, 0.7348, 0.6963, 1.8772,-0.0855, 2.795 ]
[ 3.9392, 0.2191, 0.6033, 1.4942,-0.1914,-0.8362, 2.7958, 0.2224, 1.2225,-1.8972, 1.898 , 0.5736,-0.866 ,-2.0388,-0.4645,-2.3962]
[ 1.5763, 1.6947, 4.3082, 1.5353, 1.1771,-0.1845, 1.1068,-0.2027, 1.9733,-1.8299,-0.2246,-0.1448,-1.6517,-1.5675, 2.7475, 0.4602]
[ 1.0803, 1.3332,-2.2666,-0.186 ,-1.052 ,-1.5623,-0.1251,-1.8667, 0.1716, 2.8006, 0.787 ,-2.4585, 0.9636, 0.4119, 2.5497,-0.7923]
[ 1.6335, 2.5395,-1.6849,-2.4446, 1.6106, 2.6008,-2.5233,-2.3491,-1.8557, 1.3637,-1.4257,-2.3567, 1.9684,-0.8316,-2.2098,-1.7092]
[ 1.964 , 4.3689, 2.9612,-0.6079,-0.6542, 2.9436,-0.1738, 1.8367, 3.0808, 2.2599, 2.2549, 1.6821,-1.0739, 2.839 ,-1.6596, 0.6703]
[-4.5114, 0.4681, 2.0646, 1.2391, 1.0694,-2.5768, 0.9152,-2.642 , 2.6432, 1.2272,-0.2136, 1.8749, 1.5734, 3.0633,-1.8277, 2.4343]
[-5.3253, 5.084 , 4.3604,-0.7627, 0.164 ,-1.9839,-2.0446, 2.4718, 2.0659,-0.3153,-1.9584,-0.3219, 1.472 ,-2.5377, 3.0023,-1.0919]
[ 4.8489, 0.2851, 3.1871, 0.3012,-0.5448,-2.7592,-0.4418, 0.5937,-1.7406, 0.8162,-1.753 ,-0.2518, 1.6286,-3.112 ,-0.4993, 0.7417]
[ 1.3293, 5.233 , 0.7392, 1.4172,-2.8965, 2.9797, 2.463 , 2.6121, 1.4956, 0.4805,-2.9378,-0.1339, 0.6676,-0.1916,-1.3864,-2.3919]
[-4.5641,-2.8036,-3.3066, 2.5559,-1.5396, 0.7203,-1.1348, 1.2422,-0.1606,-3.0589,-2.6106, 2.1282,-2.3608, 2.725 , 2.1301,-0.5748]
[-4.464 ,-2.547 , 2.6185, 2.8566,-0.1299, 2.5153, 2.3264,-2.3076,-2.0727, 0.2849, 1.8687, 3.0804, 2.5302,-3.0048,-1.191 , 2.7769]
[-4.0863,-2.451 , 2.1949,-2.6069, 2.365 , 0.1291,-1.0345, 1.5993,-0.4104,-2.0001,-0.1894, 0.4267, 0.5435,-0.2212,-0.1563, 2.0679]
[-0.7298, 0.1006, 3.1801,-0.9023,-0.1094, 2.7029,-1.7534, 2.1405, 0.2648,-2.7305,-2.8143,-0.2603,-2.3051, 1.5011, 1.0415,-2.0275]
[ 4.5564, 4.0649,-1.2574, 0.895 ,-2.8566,-0.5726, 0.6417,-0.9398, 2.5521, 2.504 , 2.6629,-2.5397, 0.8206,-0.4316,-1.3213,-1.911 ]
[-0.0883, 3.3589,-5.1382, 0.9647, 2.342 , 0.044 ,-0.7107, 1.3962, 1.9268,-1.3255, 1.3004,-1.0355, 1.7312,-0.3506, 2.5346, 0.3033]
[ 2.3009,-3.4442, 4.5577,-1.61  ,-3.1197, 0.0223,-0.0713,-0.4242,-1.1636,-2.2629,-1.1551, 1.3909,-1.5955,-2.3594, 2.6246, 0.2633]
[ 0.7326, 2.8595,-2.5173, 0.066 , 0.565 ,-2.5153,-1.3534,-0.8377,-0.0147, 0.1254,-0.9615, 2.5156, 1.204 , 1.3655,-2.0349,-0.7767]
[-1.4968, 0.5138, 1.8414, 2.1266, 0.1113,-0.6754, 0.4352,-2.7373,-2.158 ,-0.609 , 1.9062,-1.4524,-0.03  , 2.3749, 2.3281, 2.8899]
[-3.9512, 3.2203,-2.8586,-0.0236, 2.3716, 1.8896, 2.567 ,-1.1108,-1.8547, 2.4977, 0.2218,-2.9658,-2.4543, 0.7499,-2.0768,-0.1945]
