[-5.3013,-3.1   ,-3.0142, 1.4406,-0.0623,-0.2965,-3.0267,-0.9895, 2.8106, 2.1779, 0.1776, 1.8563,-2.5505,-2.9672, 3.1093, 3.0912]
[-4.5799,-5.246 , 0.2951,-0.9163, 1.874 , 0.5355, 2.7845, 1.1478, 2.1649,-2.0215,-1.9137, 2.6642, 2.1656, 1.1991,-2.8254,-1.6016]
[-0.0773, 1.6471,-0.3944,-1.7468,-1.6583,-0.1544,-0.9697,-1.1905,-0.476 ,-0.949 , 1.4911, 1.6884,-3.006 , 0.3129, 2.1509, 0.1538]
[ 0.238 , 5.421 , 0.3641,-0.2825,-1.8832,-1.1294,-2.2391,-0.3986, 2.855 , 1.0781,-1.0171,-1.5599,-0.5051,-0.8615, 2.1873,-3.1342]
[ 3.8119,-1.0583,-0.6889,-2.4003,-1.1461, 2.1952, 2.7933, 2.9411,-2.0304, 0.4395,-2.9095, 1.8143, 2.2981,-0.9089, 1.2375,-2.8646]
[-4.7585,-3.829 , 4.5134,-0.9007, 0.7872,-0.0594, 2.5979, 1.6706,-1.4381, 2.3318,-0.8505,-3.0693,-2.3925,-0.8887, 2.1145, 0.0622]
[-2.144 ,-0.8649,-4.703 ,-2.7051, 0.2678, 2.837 ,-2.4094,-0.4241, 2.3454, 0.8847,-0.7859,-1.323 , 1.1424,-2.9585,-2.095 ,-0.2305]
[ 1.2671,-1.9587,-5.187 ,-0.3808,-1.3616, 1.7206, 0.4265, 3.0955,-0.9705, 1.6552, 2.2531, 2.6807,-2.0022, 2.788 ,-2.2178, 1.1995]
[-0.7332, 1.5715,-4.1945, 2.11  ,-0.9731,-2.5176,-1.9075, 3.0906, 1.4724, 0.7522, 0.4171,-2.6412,-0.5394,-1.5069, 1.2302, 0.5535]
[-4.4939,-2.7306, 0.9423,-1.8088, 0.651 ,-1.9708,-2.9183, 0.7664,-2.4706,-1.3053,-1.8711, 3.0029,-0.3809,-2.2931,-2.7538,-0.4463]
[ 0.0116, 1.3227, 2.65  , 2.3127, 0.9944, 2.8003,-3.0634,-1.426 ,-3.0136, 2.6384,-3.0619,-0.0615,-2.2811,-3.0021,-0.2174, 1.354 ]
[-3.4107, 3.4531, 0.7694,-1.676 ,-1.7089,-1.638 ,-0.2967, 0.3411,-2.6057,-1.2235,-0.5284,-0.9511, 2.5682,-1.4637,-2.3203, 1.4662]
[ 1.1193,-1.8442,-3.4599,-1.9315,-1.5871,-1.7288,-0.7727, 0.6113,-0.9702,-0.1659,-2.9892, 0.9155, 1.0239, 2.9005,-1.9362,-1.0042]
[ 2.504 , 1.9704,-4.0807, 2.7217,-1.2095,-0.5565, 0.9729, 0.3889, 1.4541,-1.5457,-0.9355, 0.4575,-0.4132,-0.4201,-1.4507,-0.2654]
[-0.551 ,-2.7552, 3.3939,-1.524 , 1.2841,-3.0255,-0.9185, 1.821 , 0.8222, 0.3799,-1.932 ,-0.0315,-1.6619,-0.5279, 1.6316, 1.0157]
[ 4.8745,-5.2352, 1.5876, 2.5056, 2.8006, 3.021 , 2.4198, 0.1853, 2.5273, 1.3854, 0.3396, 0.7499,-0.9388,-0.7907, 2.5361, 2.6759]
[ 3.2957, 2.2721, 2.499 ,-0.0932,-0.3889,-2.3272, 0.8234,-0.16  , 0.8461,-0.7742, 1.5698, 2.1425,-1.0299,-0.0255, 1.7038,-1.7242]
[ 0.5791,-3.3891,-3.0433, 0.3689, 1.7094,-1.8664, 2.6966, 3.1218,-2.7646,-1.869 , 2.6523, 1.2088, 2.7633, 0.9938, 1.6005, 1.2866]
[-0.6221, 3.0137,-1.1513,-1.4462, 0.5619, 0.4944,-0.5044, 0.4883, 2.2501, 1.8823, 2.2782,-2.2953, 2.3041,-1.5517,-2.8352, 2.3089]
[-0.2011, 3.5957, 5.021 ,-2.588 , 2.5568,-2.7918,-1.1682, 0.3264, 2.0372, 2.3097,-3.1306,-0.9765, 0.9536,-2.316 , 1.2186,-1.0797]
[ 1.9988, 4.8186,-0.1619,-2.403 , 3.0459, 1.9539,-0.8106, 1.6006,-2.9996,-2.9034, 3.0438, 0.3316, 3.1342,-1.3545,-3.0345,-1.3106]
[ 1.9195, 4.8995,-2.6612,-0.4901,-1.8493, 1.4766,-2.6623, 2.4087,-2.2897, 2.8606,-1.057 , 1.7257, 0.9328, 1.1088, 0.7526,-0.8561]
[ 2.2787,-1.4334, 2.703 , 1.1772, 2.8654,-0.0796, 0.3469, 2.0911,-1.5974,-0.4786, 2.6783, 1.4275, 1.1554, 0.4203, 1.4231, 2.7869]
[ 3.6356,-4.2949, 0.1588, 3.0274, 0.119 , 0.8912, 0.9477, 0.9881, 0.8089, 1.215 , 1.4185, 2.4604,-3.1048,-2.6584,-0.5576, 1.2074]
[ 2.5663,-1.978 , 2.8203, 0.5646, 1.8787,-0.3253, 1.2065,-2.1658, 0.4303, 2.1926, 2.555 ,-0.9307,-2.3607, 2.8611, 2.8904,-1.4475]
[-5.4918, 1.9657, 1.772 , 0.536 , 2.325 , 1.6938,-1.0092,-3.0099,-0.417 , 0.4254,-0.215 , 1.3917, 0.9199,-0.2602,-2.4026,-1.8333]
[ 1.9955, 5.0868, 0.5532,-2.6476,-0.0118, 1.0793,-0.5257,-1.3963,-1.9755,-1.9267,-2.8765,-1.1735, 2.9349,-0.4459,-3.0689,-0.5581]
[ 0.2995, 0.028 , 3.5721,-2.4569, 0.2648,-1.9873,-2.0333, 1.6305, 2.6228, 2.2711, 1.3457, 1.1357, 1.7858,-2.1546,-0.0875, 1.1343]
[ 4.0219, 3.0019,-4.7279,-1.5968,-0.7635, 0.2719, 0.951 , 1.1942,-1.8955,-1.4187,-0.9648, 2.4867,-2.2113, 1.4997,-2.6459,-2.8012]
[ 3.916 ,-1.3853, 1.7597, 0.3345, 2.778 , 0.1989,-1.0695, 2.3301,-0.5412, 2.9992,-1.2839,-0.2046, 1.2209,-1.3916, 0.9169, 0.8209]
[-9.1453e-02,-2.3780e+00, 2.4290e+00,-2.0355e+00, 2.2338e+00,-6.6285e-01,-1.0337e+00, 1.9637e+00, 1.1753e+00, 1.4386e+00,-2.7157e+00, 8.4044e-02,-7.7823e-01,-2.1628e+00, 4.0123e-04, 1.8517e+00]
[-0.0371,-3.6676, 2.2783, 2.5658,-2.5811, 2.8851,-0.5487, 0.4249, 0.2168,-0.3794,-1.4886,-0.8639, 1.3212,-1.0028, 0.0913,-2.1508]
[-0.4818,-4.4438, 0.2551,-1.9673,-2.1256,-0.8097,-3.003 ,-2.4205,-2.949 ,-1.0311, 1.6127,-0.3511,-2.5367, 0.8407, 2.8476, 3.0245]
[-0.2904,-5.1844, 3.4966, 2.6866,-1.9314, 0.3653,-2.3723, 1.41  , 2.005 , 1.9342, 0.4926,-1.5581,-0.7706, 1.2899, 2.5638, 0.182 ]
[ 1.3679, 4.5627, 3.2475, 1.7422,-0.9343, 1.7108, 0.9572, 2.7392,-2.5066, 2.0381, 2.674 , 0.0761,-0.291 ,-1.622 , 1.3808,-0.2043]
[-1.4735,-2.5493,-3.463 , 1.7879,-0.1144, 1.9167, 1.4755,-2.7898,-0.5608, 1.4553,-1.9622, 1.9963,-1.7428,-0.0789, 2.8635, 2.5151]
[ 1.7161, 3.2062,-3.2771, 0.9814, 3.0691,-0.3269, 2.814 , 3.0139,-2.3013,-0.3541,-0.7943, 1.0216,-0.0747,-1.849 ,-2.8031,-0.3356]
[ 2.4521, 3.5491,-5.3097,-1.1727,-0.2373, 1.2504, 0.5596, 0.352 , 1.4582,-2.4296,-2.5785,-1.8644,-1.9985, 1.7664, 1.3713,-1.7804]
[ 4.0046, 4.9198,-5.0912,-1.3423,-1.081 ,-1.5202,-2.2387, 2.2826, 2.5217,-2.8942, 2.2098, 0.634 ,-2.8922, 0.3586, 3.0872,-0.5769]
[-0.3911,-0.8419, 5.2433, 2.9511,-0.7251,-0.4674,-1.9971,-0.2649, 3.0703, 2.5921, 0.9781,-2.9447, 2.7659, 2.6927,-0.2946,-2.5868]
[-2.6739, 4.3852,-3.3722, 2.3315,-0.3937, 0.4507,-2.5802,-2.365 , 1.1896, 2.1907, 1.8888,-1.1118, 0.7571,-0.4502,-2.8419,-2.4487]
[-1.4007,-0.3068,-0.4494,-2.6625, 1.1204,-2.0653,-1.2723, 0.1393,-0.6845, 0.3913,-1.3475,-0.9801,-2.2466,-2.4223, 1.969 ,-1.5038]
[-3.0501, 0.1425, 1.8228, 2.4685,-0.9411,-0.2298, 2.2595, 0.914 ,-1.5353, 3.0013,-0.6527,-0.7216,-2.125 ,-2.1024, 2.9976, 1.2959]
[ 1.7472,-3.1197, 3.9839, 1.5884,-0.3808,-2.3763,-2.9996, 2.123 ,-1.861 ,-2.3565,-0.2736, 2.6015, 2.0622,-1.3077, 0.4394,-1.0016]
[ 2.2611, 3.0784,-2.9857, 2.7573, 2.7324,-0.0648, 2.6966,-1.6686, 2.7131, 1.6107, 2.9874,-0.2804,-0.3435, 1.6833,-0.4236, 1.508 ]
[-5.4209,-5.3475, 2.5873, 0.9099, 2.8665,-0.1365, 0.4734,-3.108 , 0.3292,-1.5537, 2.2039,-1.7717,-0.4954, 2.4587, 0.7239, 1.6743]
[ 2.7279, 1.9295, 3.1803,-1.3866,-2.2699,-1.1595, 1.4312,-1.7958, 2.4689, 2.8564,-1.7491,-1.2091,-3.0002, 0.402 ,-0.751 ,-2.8727]
[ 0.7656,-1.304 ,-2.1236, 0.0924,-2.0387, 0.4444, 1.0655, 1.7426, 0.9133, 1.8027, 1.5575, 1.6789, 1.7261,-0.8625,-0.9679, 2.7764]
[-2.9169,-2.822 ,-2.1246, 1.6026,-0.8109, 1.7315, 2.6266, 1.7443,-1.6503, 0.7761,-2.1169,-1.4757,-1.6248,-2.3189, 1.6176, 1.9468]
[ 0.6714,-4.1854,-1.2398,-0.8068,-0.3628, 1.498 , 0.0193, 0.0352,-0.1432, 3.0739,-1.9422,-2.8901,-2.758 , 2.6477, 0.5943, 0.1132]
[-4.0611, 2.5994, 4.5253, 1.7941, 1.3934,-0.4942,-0.9807,-1.6216,-1.6388, 1.9364,-1.7474, 0.035 ,-3.1026,-1.9227,-2.8461,-0.3894]
[ 2.7623,-0.1245,-3.4446, 2.2929, 1.5782,-2.4779,-1.2115,-2.609 ,-0.1689,-2.7718, 1.5621, 1.8639, 2.4146,-2.5109, 3.0271,-1.5978]
[-0.0329, 1.9584, 1.964 ,-3.0547,-0.2821,-2.2813,-1.4248, 2.9716, 0.9304,-0.6712, 1.3126,-1.7997,-2.9581, 1.227 ,-2.0484,-1.9823]
[-2.2823,-2.9266,-4.5962, 0.7703,-0.4538, 2.4348,-1.7813, 0.3764,-2.0957, 0.9668, 0.0229, 2.2153,-0.7088,-3.0006,-1.9986, 2.3089]
[ 1.1749, 2.8044,-2.2263,-2.5626,-1.7926, 2.2343,-0.4792, 2.1166, 2.0282, 2.5175,-1.0164,-0.7524, 1.0445, 1.5471, 1.4993, 2.028 ]
[-4.7096, 0.1335, 0.4898,-0.1542, 0.0978, 2.0576, 1.9159,-1.8332, 2.6515, 0.0444, 1.4844,-1.2884,-2.4411, 0.2205, 1.6899, 1.109 ]
[ 2.2958,-0.0989,-3.1065,-0.1923,-1.3655,-1.5642, 0.6316, 1.8782,-3.1277,-2.3401,-1.1813, 2.3276, 1.7885, 0.5193,-1.1496,-0.1599]
[ 5.1155, 0.0754, 4.3833, 2.9791,-2.6196, 1.8877, 2.8929, 2.0973,-0.4782, 3.1257,-0.0127,-2.3524,-1.676 , 2.5783,-1.5904,-2.4513]
[-3.4699, 1.7164, 2.8291, 2.1894,-0.8537, 0.1371,-1.0563,-3.0916, 2.5496,-2.2793,-1.3424, 2.6621,-2.7905,-1.4705,-1.3344, 2.2152]
[ 3.4026,-0.8518, 0.3021,-2.9058,-1.8086,-1.2777,-2.4232, 2.845 ,-1.7191,-2.8708, 1.2265, 0.6226, 0.4804, 1.6154, 2.1561, 2.5719]
[ 0.4527, 0.1836,-5.2128, 1.8908, 0.0163,-2.7905, 0.0948,-0.3379,-0.8427, 1.9587, 1.4556, 1.2213, 1.8688, 2.7594,-2.0405, 2.3672]
[ 1.4353,-1.3397,-2.6601,-2.2602, 2.85  , 1.4509, 1.9017,-1.1684, 2.8698,-1.8833, 0.5106, 0.1116,-2.9513, 0.8342,-2.7945,-1.0562]
[ 5.4447, 1.5744, 1.2501, 1.0819, 1.7515, 2.8931,-2.2164,-1.3376, 2.7915, 0.2967, 3.1259, 2.3987,-2.8756, 1.8464,-0.0774, 0.5351]
[-0.3288, 1.3989,-1.2612,-2.2678, 0.3267,-2.4175, 2.1715, 1.8355, 0.4569,-2.964 ,-0.9392, 0.6143, 2.243 ,-2.1839, 2.5793,-2.6789]
[-2.3333,-1.7115, 1.8814,-0.3083,-0.7601,-2.7323,-2.2476,-1.9883, 0.2878, 2.708 ,-0.6097, 1.0349,-1.527 , 2.7126, 0.1373, 0.1198]
[ 2.6389,-5.4475,-2.7483, 0.0701, 2.552 , 2.3417,-1.733 ,-0.2396,-2.4116, 2.4049,-1.1425,-2.5425, 2.7794,-2.946 ,-1.4557,-1.1002]
[-4.2706, 3.2333, 2.0371,-2.881 , 1.0065, 1.8575,-1.4105,-1.9281, 2.4151, 2.6342,-1.8317,-1.5269, 1.0691, 3.0155,-2.4203,-3.0497]
[ 4.1569,-2.2231, 5.1536, 0.6409,-0.7556,-2.0236,-1.7524, 2.8411, 0.1472,-0.3214,-2.7248,-2.6944,-0.4234, 1.6299, 1.1145, 0.3624]
[ 3.5223,-3.2194, 2.3604,-1.5279, 0.1979, 0.1451, 1.0935,-2.471 ,-0.4327,-1.6671, 0.4335, 2.2553,-0.8249,-0.7637, 0.3183,-0.0616]
[ 1.221 , 4.9185, 1.3548,-0.86  ,-1.8524, 0.7617, 0.6151, 1.6141, 2.7989, 1.8594,-3.088 ,-0.2355, 1.7733,-2.9433, 0.8673,-0.6585]
[-2.2111,-4.7092, 0.318 ,-2.6598,-1.1603,-2.787 ,-1.0292,-0.7226,-1.1426, 0.5799, 1.6534, 0.7959, 0.1425,-1.7466, 0.2218,-0.1461]
[-2.5594,-2.3369,-4.1041,-0.1802, 1.0263,-0.801 ,-1.1321,-2.8043,-2.287 ,-2.5328,-1.5119,-2.7731, 1.2355, 1.8195, 1.0401, 1.7953]
[-4.9504, 2.0443, 2.1061, 1.0071, 1.1169, 2.6001,-2.0395, 2.6159, 1.2821, 0.9138,-1.6396,-1.7543, 2.5213, 0.9584,-1.5018,-2.7471]
[ 0.0505,-0.414 , 4.2101,-1.2709, 2.2098, 2.2898, 2.9419,-1.2031,-2.3026, 0.7859,-1.7032,-0.6421, 2.0846,-1.4322, 0.9129, 2.6234]
[ 3.4741, 4.336 , 4.5666, 2.3935, 2.5818,-1.1629,-0.8026, 1.2544,-1.8006,-1.4255,-2.0911,-1.3977, 0.5772,-1.8424,-2.2036,-2.2179]
[ 4.7316, 5.4049, 3.8117, 1.7455,-2.3691, 2.2819,-2.4508, 2.3749, 1.8694, 2.025 ,-0.969 , 1.757 , 0.0576, 1.3295,-2.6422, 0.8007]
[ 2.4083,-0.362 , 5.0743, 1.4175,-3.0445,-1.9538,-2.8258,-2.5378, 0.3929, 3.048 ,-1.914 , 0.3335,-0.6469,-2.5569, 0.7849,-1.561 ]
[-1.0758, 3.0587,-2.4792,-1.4263,-1.5302, 0.8024,-1.331 ,-2.7487, 0.4477, 1.3132, 2.503 , 3.1119, 1.7322, 2.0175, 0.1117, 0.2536]
[-0.4643, 4.0612, 0.2213, 1.1838,-3.1377, 0.7076, 2.2879,-2.1043, 1.2146,-2.7765,-2.541 , 2.5621,-2.5515, 0.3625,-2.791 , 1.8095]
[ 5.1358, 3.7356,-1.9279, 3.138 ,-1.313 ,-2.4398, 1.8911, 2.8729, 3.1174,-3.1149, 1.176 , 2.9153, 0.3638, 2.7665, 1.838 ,-1.8041]
[-3.4598, 2.2345,-2.6992,-1.7395,-2.2676,-2.1192, 2.4424,-1.6966, 1.2014,-2.1711,-1.8598,-1.5827, 1.0091,-0.171 , 0.7952, 2.4854]
[ 0.5577,-4.5362,-1.6385, 1.3275, 0.8697, 2.5367, 1.1928, 2.6263,-1.2282, 2.7259,-2.4847,-1.1709, 2.767 ,-1.5925,-1.4665,-2.1272]
[-2.1054,-0.7285,-5.3571, 2.4216,-0.9912,-0.6061,-0.8029, 0.8361, 0.9735,-0.839 ,-2.7031, 0.9084, 1.0798, 1.7642, 2.6337,-3.003 ]
[-1.9115,-1.5508,-5.3945, 2.8266, 0.6034,-2.4246,-2.2401, 2.141 ,-1.1114, 1.3364, 1.0845, 1.5588,-2.1762,-0.5264,-2.6236, 0.3904]
[ 0.6314,-2.6409, 0.7875,-0.4152, 2.7256, 0.8113, 1.6764,-2.8641, 2.712 , 2.5278,-1.2108, 2.4269, 0.3045,-0.9506, 0.4671, 2.7372]
[ 1.0424, 1.1499, 1.4391, 2.6366,-3.0361, 2.1176,-1.9041,-2.0541,-1.1933,-1.7586, 2.0714,-2.3738,-0.0395,-0.8212, 3.0621,-1.969 ]
[-0.722 , 3.5004, 5.1069, 2.0751, 1.2433, 0.036 , 0.5491, 1.633 ,-0.6662,-0.4644,-2.7862, 1.3097, 0.1521, 0.7045,-2.3487,-1.8517]
[ 2.9326,-2.0283, 2.2447,-1.2561,-1.6288, 2.8363,-2.9575,-0.3642, 1.3678,-2.8729, 0.7857,-0.3568,-2.2681,-0.1732, 1.9928,-0.2634]
[-3.383 , 4.5256, 0.4962, 0.6008, 0.8556, 0.8034,-1.5704,-2.1999, 2.3241, 1.6917,-2.6183,-0.176 ,-0.9682, 0.734 , 2.3572, 2.2836]
[-1.9628,-3.2375,-3.811 ,-1.727 ,-2.0925, 0.6464, 0.8077,-0.0424,-1.2808, 1.1407, 3.006 , 0.1952, 3.0478, 1.7633, 0.0256, 1.2638]
[ 0.6026,-3.258 ,-2.2503, 1.8846,-0.052 ,-2.4996, 0.5274, 0.1671,-2.0474,-1.4085,-2.5045,-0.4231, 2.3297, 2.744 ,-1.7297, 2.009 ]
[ 0.9038, 5.4051, 1.9656, 1.0854, 1.6871,-0.3823, 0.3811,-1.2387, 0.4858,-2.2167, 1.8972, 2.1254,-2.8802,-2.6688, 1.3867,-1.442 ]
[-5.1984, 0.2811, 5.3651,-0.4763, 2.5411,-1.7668, 2.2746, 2.4714,-3.0684,-0.9358, 0.6751, 3.003 ,-2.3112,-0.8028, 2.5209,-3.0222]
[-0.6667,-0.5553, 2.5492, 2.4013, 0.9548,-1.5191, 1.973 , 0.0355, 0.1745, 0.6631, 1.6444, 0.4763, 0.08  , 1.7702,-1.6824, 0.2699]
[-0.3558,-3.8681, 4.6926, 0.1483, 2.6807,-0.0135, 2.0537, 2.6343, 2.2841,-1.1931,-1.4286, 2.2622, 1.7317,-0.4412, 2.919 ,-0.015 ]
[-3.8978, 4.4917,-1.7886,-0.8082,-2.0771,-2.8202, 0.7371,-1.846 , 2.5824, 1.9512, 0.8402, 0.5468,-0.215 , 3.0689, 1.312 , 0.9875]
[-2.9827, 1.7407, 1.2429,-1.4708, 2.0708,-0.0831,-3.0279, 0.903 , 0.3326,-1.2682,-1.3544, 0.3105, 0.2245, 2.2328,-1.0815,-2.5063]
[ 2.3021, 4.9238,-4.1788, 2.2977,-0.4961,-1.9614,-1.8739, 2.0888, 1.1168, 1.5565,-1.5644, 2.3293,-3.0409, 0.4171, 0.5704,-1.2267]
[-3.5254, 5.2703,-4.1933, 2.2252, 1.9741,-3.0846,-1.8511,-1.5933, 0.3093,-2.8154,-1.0216,-1.4987,-1.6718, 3.1145, 1.8138, 2.5357]
[ 1.9039,-4.4488,-0.9554, 0.2983, 2.5482, 2.206 , 0.2932,-0.4923,-2.8575, 2.6877,-1.9222, 1.8626,-3.0991, 0.0918,-0.9431, 2.3343]
