[-2.4882,-5.3378, 2.8805,-0.664 , 2.8043, 1.9137,-0.5288, 2.2352, 0.1536, 0.1791,-1.4021,-0.5501, 2.6272, 0.6641, 2.1109, 0.9618]
[ 5.4763, 3.3465,-0.1588, 2.2954, 1.043 , 1.7536, 0.0665,-0.0539, 2.4892, 2.9794,-2.0484,-2.4291,-0.2912, 2.6881, 0.7137, 0.6337]
[ 3.9221,-0.5547,-3.9588, 2.5163, 0.4657,-0.5827, 2.6188, 0.5284,-2.0765, 1.9312,-0.0766, 1.6967, 0.9761,-0.1269, 0.1699,-0.3694]
[-5.0652, 3.4744, 2.3866, 1.5154, 2.812 , 0.1   ,-1.3407,-0.3152, 1.1336,-3.0136, 2.9911, 3.0639, 0.8515,-2.7719, 1.3246,-1.1707]
[ 4.7008, 1.7434,-5.2141, 2.9531, 0.1459,-1.1117,-1.268 ,-2.1078,-1.8322,-1.0727, 0.5838,-1.192 ,-1.9287,-2.1051,-0.3416,-0.7465]
[-4.3308,-1.2812, 4.5055,-3.0353,-1.4287,-1.6935,-1.4124, 3.1242,-2.7876,-0.935 ,-0.624 ,-2.2876, 0.8082,-2.6487, 1.4128,-0.206 ]
[ 4.7217, 5.0989, 3.5519, 0.0094,-0.9152, 2.9526,-1.3676, 1.3388,-1.3281, 1.7722, 1.4176, 0.3589,-1.4023, 0.8215,-1.4391, 0.3613]
[ 2.2558, 4.7378, 2.6221, 0.1772,-1.3631,-2.3077, 0.9394, 1.6146,-1.8527, 2.1472,-2.1928, 2.2126,-1.4279,-0.7378,-1.1611, 1.8476]
[-1.5947,-1.4199, 4.1194,-0.9064,-1.3552,-1.9305, 2.7297,-3.0802, 0.7985,-0.878 , 2.1714,-2.1715, 2.9453,-1.3041, 1.571 ,-3.0269]
[ 3.6335,-3.2708, 0.5807,-0.6912, 1.4126, 2.4951, 0.2247,-1.0022,-0.5448, 1.9371, 0.1321, 1.7491,-1.0217,-1.8962, 0.2913, 0.7052]
[-3.224 ,-4.2641,-2.8775, 2.0062, 0.7873, 2.6799, 1.5544, 3.0052,-0.4855, 2.6397, 1.894 ,-2.4013, 2.8012,-2.0038,-1.4534,-0.6899]
[ 3.6211, 2.5636, 1.7185, 1.8822, 2.7544, 2.4755,-1.6671,-2.6331, 2.2747, 1.9425, 2.3929,-0.1749,-0.8308,-2.4577, 0.9512, 1.2993]
[-0.8934, 4.2352, 4.3102, 0.435 , 0.8102, 2.9021, 2.899 ,-2.8397,-1.767 ,-1.0807,-1.4491,-0.5051, 2.7444,-1.0142, 2.769 ,-0.6992]
[ 1.229 , 2.8804, 5.4206,-2.449 ,-2.8753,-0.6496, 2.1454, 1.6486, 1.7073, 2.513 , 3.1369, 0.3028, 0.9173,-0.4866, 1.6074, 0.3842]
[ 0.0155,-5.1559, 0.4966,-1.9906,-2.4089, 0.9239,-0.2158, 3.0984, 2.1604, 1.6492, 1.1107,-2.2288, 2.4239,-1.6566, 1.5737, 0.1152]
[ 2.0748, 1.0952, 4.4926, 0.2596, 2.0972,-1.3896,-1.0845, 2.8123,-2.7902,-1.0287, 1.6931,-0.5716,-1.5048, 0.7709, 2.6522,-1.046 ]
[-2.9848,-2.3886,-4.2289,-1.2131, 2.5242,-0.0306,-2.0432, 0.8124,-0.6375, 0.27  ,-2.1474, 0.9569, 0.8415,-1.1137, 0.7088, 1.7694]
[-1.9462,-2.8192, 1.0842,-3.1111, 0.0062,-0.2038,-0.4419, 1.2723,-2.1924, 1.4034,-2.0699, 2.6843, 0.8391, 2.297 ,-2.4678, 0.5591]
[ 4.1364, 3.9516,-3.1737, 1.9442, 2.85  ,-2.6253, 1.976 ,-1.3565, 2.2791,-1.7086,-1.9437, 1.8277, 0.8588,-2.9203,-2.7616, 0.426 ]
[-3.1577,-5.4401, 0.2852, 0.771 ,-0.5043, 0.5282,-2.2675,-2.219 ,-2.339 , 2.0021,-2.1654,-1.9657,-0.7026, 2.6199, 0.4092, 0.9731]
[-3.9571,-2.8308,-2.7371,-2.0363, 2.2484, 0.7683, 1.0016, 2.484 ,-2.2283,-2.8787,-3.0405,-0.7053, 1.7187, 0.9126, 1.5848,-1.4039]
[ 1.2104,-2.116 , 1.1825,-2.3779, 0.7718,-3.0766, 2.1313,-0.4022,-1.7154,-2.8994, 0.3856,-2.0762,-0.822 ,-0.7   ,-0.1783, 2.0338]
[-4.9281, 4.2587,-0.5773,-1.6501,-2.9887,-0.7065, 1.8359,-1.1265, 1.1439, 1.147 ,-2.1709,-1.2437,-2.8986,-2.2793,-2.2959,-2.6047]
[ 2.198 ,-1.2612, 0.5241,-0.1805,-2.4839,-0.8055,-0.34  , 2.9267, 1.8816,-0.6468,-0.6752,-0.3774, 1.1077, 2.9776, 2.397 , 0.4377]
[-5.1931, 3.6184,-0.683 ,-0.9558,-0.1263,-2.2289, 1.1213,-1.9526, 3.0945, 0.9756,-0.906 , 0.7152, 0.2779, 0.8953, 0.9176,-2.8117]
[-0.8006,-5.0765,-3.5228,-1.3848,-1.3794, 2.9071, 0.2523,-2.6239,-0.0899, 1.0593,-0.6618,-0.7837,-0.1696,-0.6051, 0.6664,-0.2255]
[ 0.9056,-0.1918,-1.6793, 0.7233, 1.7701, 1.9699,-0.6222, 3.0892, 2.8152, 2.736 , 2.3316, 2.6813,-0.4988, 2.1709,-0.1884, 1.2819]
[ 3.2476,-1.1377, 2.5783,-2.0565, 1.5855,-0.3733, 0.2459,-1.1649, 0.5508,-1.9738,-2.5513,-0.8405, 1.8402,-1.7775, 0.861 , 2.0772]
[ 2.5103,-0.8776,-3.6786,-1.4384,-2.5779, 0.7223, 2.312 ,-1.754 ,-1.9627, 1.0859,-1.1252,-0.4245, 2.0835, 0.2099, 1.5543, 2.7143]
[-4.4019, 5.3086, 0.5287,-1.1882, 0.6938, 0.0807, 1.4808, 1.2309, 0.9167, 2.4997,-2.8605, 2.4075,-0.7802,-1.2897,-2.695 ,-2.5362]
[-4.3558e+00, 1.1635e+00, 2.0373e+00, 2.7708e+00,-4.7094e-01,-1.7553e+00, 1.3564e+00, 4.1723e-03,-7.0865e-01, 1.7732e+00,-1.1153e+00,-2.6999e+00,-9.2958e-01, 1.3477e+00,-1.7130e+00, 1.5751e+00]
[-4.351 , 2.4167, 4.0721, 0.4256,-2.9674,-0.8962, 0.8854,-0.1349, 1.2241,-2.9112,-1.9191, 0.0816,-1.9577, 1.2067,-0.0059, 2.4085]
[-1.417 ,-5.1651,-0.0113, 1.8658, 2.1624, 0.0981,-0.9771, 2.7122, 1.2262,-0.6914, 2.8232,-2.1669,-1.3514, 0.3659,-2.9895, 0.4653]
[-2.5277,-2.5657, 4.0053,-1.4069, 1.735 ,-2.6097, 1.3212,-2.0724, 2.3529, 1.9595,-1.5247,-2.1917,-1.296 , 0.9629, 2.8575,-1.6315]
[-0.9529,-1.6659,-2.4751,-2.8894,-0.8321,-2.7037,-0.5722, 0.6947,-2.5172,-0.3589,-0.7421, 0.7923, 1.6689,-2.1928, 2.3542,-1.1652]
[ 3.8542,-2.3534,-3.0918,-2.758 ,-0.0686, 0.7507,-0.2448, 1.1333, 0.5888, 0.6867, 1.6609,-1.5233, 1.0708,-0.7427,-2.7918,-2.2956]
[-1.4897, 3.6226,-1.5238, 1.4244,-2.5016, 0.1691,-0.3035, 1.0673,-1.6965,-1.9399, 1.0503,-1.214 , 1.3624,-2.9748, 1.2984, 0.22  ]
[-1.2616,-2.6133,-4.9824,-0.4892, 0.8833,-2.1707, 3.0769, 0.0582,-0.6929, 1.7387, 2.1596, 2.6237,-1.4497, 2.3103,-0.357 ,-0.9936]
[ 4.9627, 2.6104, 4.1434,-1.6573,-1.2295,-2.6168,-0.5591,-0.8871,-2.5124,-2.4502,-0.0403, 0.9982,-3.0068, 0.985 ,-0.0728,-0.7726]
[ 4.3007, 1.2706,-4.9823, 2.754 ,-0.349 , 2.526 ,-1.897 , 1.0584,-1.7833, 0.9229, 1.816 , 2.0889, 0.039 , 1.2101, 0.9871, 1.7989]
[ 2.1317, 0.8395, 3.2846, 0.7574, 0.7002,-0.4284,-2.6753, 2.974 , 0.2707, 1.1759, 2.9666,-2.0257, 2.1695, 1.5512, 0.1075,-1.1144]
[-3.539 , 3.4168,-0.3404, 0.3638,-0.6171,-0.7655, 3.0146, 2.3127,-1.2346,-0.1144,-0.9388,-0.8447,-1.9722,-1.7015,-1.0917, 0.692 ]
[ 0.1428, 2.8264, 0.728 ,-0.5155, 1.2522, 1.8973,-1.2548, 0.8723,-3.0198, 1.0101,-0.9896, 2.8831,-2.4362, 0.4344, 2.9966, 0.8368]
[ 2.7441,-0.9457,-1.8278,-2.682 , 2.5871, 0.5459, 0.3691,-0.4025,-0.9726,-2.6933, 0.8912,-2.4403, 2.683 , 2.3612, 2.5603, 1.3375]
[-2.2772,-3.5992,-1.4867,-0.5245,-1.2228, 0.4404, 3.1029, 0.9193, 0.5683,-2.0054,-1.4429,-0.8461,-0.8164, 1.4366, 2.7749, 1.697 ]
[-3.4911, 3.4828, 4.0496, 2.7146, 0.1396,-0.0643,-0.22  ,-1.0469,-0.9848, 1.8427,-2.6848, 1.7745,-2.3607, 1.1856, 2.608 , 0.8016]
[ 2.6436,-1.4796, 4.3459,-2.8613,-1.6249,-0.0702, 2.9452, 3.0049,-2.9914,-0.5823,-1.8359,-2.0208, 2.5163, 0.3402, 0.2897, 0.2635]
[ 2.8247, 4.923 , 1.5874, 0.9553, 1.9308, 2.7874, 2.7649,-0.1383,-1.8119, 0.972 , 1.4285,-0.9163,-2.6373,-1.5094,-1.48  ,-0.6651]
[ 0.287 ,-4.5859, 0.3957, 3.0447,-0.0115,-2.9629,-3.1367, 1.6096, 0.6485,-1.8865, 2.5775,-1.2005, 2.7468,-1.7471, 1.6234,-2.7983]
[-5.0022,-2.0115, 1.9807, 1.9463,-0.9752, 1.3664, 2.3186,-0.6979,-0.4287, 2.1119,-2.2464, 1.6119, 1.5946,-2.3877,-1.6808, 1.4913]
[ 4.9371, 1.6974,-3.5395, 0.982 , 2.5418,-3.0212, 0.0968, 3.1077,-2.7642, 2.3258,-2.3508,-1.6746, 1.9959,-0.1201,-0.2563, 2.5686]
[-3.3795, 5.1695, 1.9815,-2.7308, 1.7953,-0.1355, 0.6804,-2.6033, 0.3971, 0.3149, 0.9959,-0.2092,-1.2022, 0.6371,-3.0915,-2.799 ]
[ 2.1248, 2.4015,-2.4683,-1.7202,-1.1617,-1.2642, 0.5467,-0.6732, 2.6884, 0.3169,-2.8206, 2.671 ,-0.3995,-1.3194,-1.2148,-0.4353]
[ 1.4499, 4.0885,-3.5222,-0.7827,-2.0583,-2.0499, 2.5505, 1.5864, 0.1599,-1.7965,-1.1659,-2.7869,-0.0801,-2.0017,-2.8776,-2.2817]
[ 4.763 , 2.2489,-4.1557, 1.9586, 2.6378, 1.1214, 2.8151, 0.3051, 1.3968, 0.6576, 2.3132,-1.0199, 3.0999,-1.0738, 0.0996, 0.2413]
[ 2.55  , 4.9209, 1.6256, 1.1749, 1.5835,-1.0564,-0.3948, 0.9235, 0.2445,-0.1316, 0.4563, 1.9551,-2.7833,-1.0974, 0.698 , 0.8828]
[-2.2998, 1.6441,-3.8767,-0.5925, 0.4378,-0.2471,-1.2697, 0.8976,-2.0255, 2.4218, 1.6042, 2.446 , 0.9103,-0.0467,-0.6355,-2.9411]
[-2.9481,-1.7265, 3.5498, 1.8108, 2.631 ,-1.1273,-0.8276,-2.2252, 2.3999,-0.776 ,-2.7926,-0.8642, 2.1264, 0.9492, 0.4031, 2.7817]
[-5.0807e+00, 2.9491e+00, 3.5319e+00, 5.0135e-01, 1.6301e+00,-1.0114e+00, 2.9903e+00,-2.7741e+00,-9.0423e-01, 2.4754e-01,-3.5794e-03, 1.9026e+00,-1.1098e+00,-2.0299e+00,-6.8380e-01,-1.5252e+00]
[ 2.9008, 3.416 , 2.1636,-1.5761,-2.3404,-0.9221, 2.5398, 2.4271, 2.6755,-1.9679, 2.9313, 1.4781,-0.9626, 2.9895,-2.4231,-1.8734]
[ 4.1434,-3.1425, 2.7386, 0.4897, 2.4282,-0.6463, 2.8901,-2.4926,-2.2092, 1.0776,-0.2503,-1.7954, 2.0464,-2.4672,-1.3971, 1.003 ]
[-5.3735e+00, 4.3927e-02,-1.9412e+00,-2.8923e+00, 8.5505e-04,-8.8894e-01, 2.0924e+00,-8.2666e-01, 1.0420e+00, 2.6387e+00,-2.5256e+00, 1.0425e+00, 1.2834e+00, 1.0127e+00,-1.2138e+00,-1.0588e+00]
[-5.118 ,-1.8923, 4.1655, 1.3289, 0.7811, 0.4469,-0.7991, 2.4872,-2.8893, 0.3086, 0.8508,-2.7743,-2.5658, 0.6005,-1.0919,-0.4294]
[ 0.9843,-4.7979, 1.7917, 1.0199,-2.1818,-0.4839,-1.9166, 1.0182,-1.1366, 2.5445,-0.6911, 2.5785,-1.9451, 2.5313,-0.9423, 2.6476]
[ 0.5307,-1.8881, 0.0534,-0.2685,-1.5884, 1.3372,-2.2797, 0.5584, 0.6911,-1.5744, 0.3598,-2.046 , 2.3462, 1.0349,-1.6447,-1.563 ]
[ 3.3894,-4.4953, 2.9426, 0.378 ,-1.4122,-1.2874,-0.48  ,-1.5027, 1.0834, 3.1405, 2.8347, 2.7247,-2.078 ,-0.2836, 1.8032,-0.6753]
[ 2.543 , 4.0027,-1.0584,-2.8653, 1.7932,-0.884 , 0.548 ,-0.863 ,-0.5961, 1.2279, 1.5537, 0.8517,-2.2045,-0.6046,-1.8002,-0.9283]
[-1.2999,-0.5047, 4.1718, 2.1969,-1.9577,-2.2493,-0.7726,-1.8066, 2.2258, 1.8002,-2.542 , 0.1512,-1.6204,-0.686 , 0.4566,-1.3593]
[ 3.1605,-0.4573, 3.924 ,-1.8826,-2.4848,-2.5574,-1.1497, 1.4802, 1.8722, 3.1325,-2.0561, 0.0922, 1.5163,-1.0359, 2.5215,-0.1586]
[ 3.9176,-1.1842,-1.0436,-2.5399, 0.2652, 0.2904,-1.1041,-0.2305,-1.0748,-2.8065,-0.3612, 1.9347,-1.1382,-2.7084, 1.1866,-0.6042]
[ 0.9703, 1.6717, 5.4251, 1.0079,-0.2423,-2.1373,-1.0267,-1.5903,-1.7124, 0.778 ,-0.9529,-2.8554, 2.9985,-1.2399,-2.0643, 2.1698]
[-2.2154, 1.0161,-2.1307, 1.0774, 1.5597,-2.7572, 2.9574,-1.6349, 2.0998, 0.7566, 2.5634, 1.4018,-2.6618, 1.1098,-1.2085, 0.2173]
[-3.482 ,-1.2614, 4.6962, 3.0753,-2.4485, 0.2227, 2.6177,-2.8236,-0.1148,-1.5846,-1.7801, 1.6225, 1.3055, 1.9751, 2.1867, 2.4498]
[-3.2621,-1.0465,-0.6964, 1.2866,-0.1483,-2.9065, 2.2893,-2.8302, 3.1384, 0.3769,-1.3616, 2.049 ,-0.1212, 0.6245,-0.8261,-1.9367]
[ 0.2822,-0.5623, 0.4597,-0.1006, 2.4111, 0.7095,-1.2611, 1.9344, 2.4832,-2.4372, 2.4639, 1.3177, 2.0558, 0.1783, 0.1944,-2.8172]
[ 2.778 , 5.163 , 0.7068,-1.2271, 0.7532, 0.7507, 3.0705, 1.0624,-1.5023, 2.3584,-0.0805, 1.863 ,-0.865 ,-1.3455,-3.1257, 2.8518]
[ 3.6249,-3.5819, 4.2608,-0.4329, 0.8755, 2.4063,-2.6707, 1.421 , 3.0651, 2.555 , 3.104 ,-0.3784, 3.0946,-1.8906, 0.9697,-2.1774]
[ 1.3952,-2.3127, 3.2485,-0.1883, 0.1219, 1.8322,-2.1497,-1.2821, 1.4982,-1.0219,-3.0623,-2.9742,-0.2896, 2.5171, 1.5802,-0.7356]
[ 2.1606, 0.0453, 4.0578, 0.6913,-0.7254, 0.4494, 1.1088,-0.1396, 0.7948,-2.401 , 0.2661, 0.2647,-1.3528, 0.7729, 1.452 , 2.5147]
[-4.9821,-4.2869,-0.3561,-0.6447,-2.9139,-2.4502,-1.3629,-0.8983,-1.9232, 1.6437, 1.9123,-1.5593, 0.131 ,-1.981 , 1.0677, 0.5264]
[-4.2195,-2.0091, 4.7431, 0.832 , 1.5742, 2.8331,-0.4833, 2.1854, 1.2392,-1.1722,-1.4321,-0.1756, 1.1759,-2.0511, 1.7568, 2.628 ]
[ 0.3676,-0.8559,-2.3532, 2.3883,-1.6945, 1.3933,-1.8857, 2.7166, 2.7592, 2.3593,-0.709 ,-2.3743,-2.6431,-2.0568, 0.4804,-0.694 ]
[-0.8632,-4.5993, 2.0509, 0.4235,-1.7572,-1.8086, 0.033 ,-0.8667, 0.6041, 0.3951,-1.3279,-0.0408,-2.7775, 3.0229,-2.9133, 0.7802]
[-0.3444, 3.5123,-3.8758,-1.2606,-0.5262, 1.0513, 0.8788, 0.2855,-1.7534,-3.07  , 0.8397, 2.794 , 1.0142, 2.732 ,-0.9878,-1.5285]
[ 3.4778, 4.3874, 0.7444,-2.9644, 0.62  , 2.9367,-2.5852,-0.3313, 0.4685,-2.9241,-0.3117,-2.6462,-1.8325, 0.2817, 0.7601, 0.0191]
[-2.8315,-3.8758,-2.3573,-1.115 , 1.6249, 3.0335,-0.9617,-2.0399, 2.2627,-2.8829,-0.3084, 2.7845,-1.9981,-2.3029, 1.6979, 2.0434]
[ 0.246 , 5.3045, 4.859 ,-2.0226, 2.3173,-0.4726, 3.03  , 1.9959,-0.1225,-0.4524,-1.5238, 1.1431,-2.4212,-2.3199, 0.5067,-0.388 ]
[-3.6031,-1.2601,-0.9958, 2.8969,-1.7133, 3.0572,-2.9997,-2.7293,-3.0137,-0.266 ,-2.8413, 1.9452,-2.2775,-0.6238,-0.9889,-2.8617]
[ 0.3355,-3.0996,-1.5839,-2.6974,-2.6727,-0.6618,-1.4834,-0.8753,-2.9012, 1.4182,-2.0899,-2.319 ,-2.2999,-2.4779,-0.8619, 0.0415]
[-3.8088, 0.755 , 1.5612,-3.1063, 0.6334,-2.3229,-1.6329,-1.1766, 2.3282, 2.7246, 2.2942, 1.1887, 0.2602, 2.7131, 2.8544, 0.6006]
[-4.2607, 5.4271,-2.6325, 2.2718,-0.5652, 2.352 , 2.7334, 1.6578, 0.6315,-0.7122, 0.3492, 1.3459, 1.4166, 2.8056,-1.943 , 1.2516]
[-2.6729,-0.7694,-3.0958, 1.7539,-0.8853,-1.7562, 1.0197, 2.6218, 2.533 , 2.2857, 1.3858,-0.7783,-1.8171,-3.068 , 0.9931, 1.5751]
[ 2.5708, 0.3157, 0.9967, 0.5062,-3.096 ,-0.7393,-0.0363, 0.4318, 2.5898, 1.763 ,-0.3764,-1.5526,-0.0255,-2.1867,-1.9732, 2.3316]
[ 4.9013, 3.9111,-3.2123,-0.0595, 2.3021, 0.9388, 0.6548,-1.6918,-1.7566, 3.1261,-0.8828,-1.838 ,-2.1095, 2.302 ,-1.3496, 1.9012]
[ 1.5581,-1.3522,-3.4875, 1.7566, 1.1898, 0.0982,-1.7921, 1.1277, 2.4721,-0.7552,-2.5802, 0.4319, 1.3912,-0.8174,-0.6262,-2.7398]
[ 1.9417, 3.2109,-2.3892,-1.8018, 2.0019,-2.5294, 3.026 ,-1.9694,-0.23  ,-1.5573, 0.5527, 2.1588, 2.2656, 2.9481, 0.9132,-0.0856]
[ 1.617 ,-1.9132,-5.0262,-1.9825, 2.3797,-1.9171, 2.7979, 1.8149, 0.6978,-1.2792,-0.8253, 1.5421,-1.636 , 2.3802, 0.7879,-1.3292]
[ 5.4745, 1.8275, 2.3255,-0.9715,-3.1396, 2.8587, 0.493 , 1.17  , 0.8202,-1.994 ,-1.9275,-0.0057, 1.8503,-0.1422, 1.6655, 1.1134]
[-5.4486,-3.111 , 4.2456,-0.8703, 1.5193, 1.6876,-0.9899, 1.9827,-0.0202,-0.9511,-1.7676, 0.6691,-0.4777, 2.2209, 1.4984, 2.2759]
[ 4.0879, 1.0311,-0.99  ,-0.6536,-1.08  , 0.9277, 1.2206, 1.5901,-1.1604, 2.4018,-2.0406,-2.26  ,-1.629 , 0.3158, 0.0443, 2.2751]
