[ 5.2586, 0.7773,-4.0154, 0.7648, 2.9918, 0.6627, 1.293 ,-1.7974, 0.0352,-2.1235,-1.1507,-2.4076, 2.2752, 0.1951, 0.5682,-1.034 ,-2.3506,-2.3945, 1.1255, 1.3379,-2.2007]
[-1.7959, 5.4682, 3.5369,-1.3701,-1.2079, 2.2043,-1.8453,-1.4043,-1.8002, 0.5855, 3.0094, 0.6438, 0.8868, 2.6746,-2.4584,-0.1108, 1.984 ,-0.8008, 0.8826,-1.8252, 1.2821]
[-0.3036,-2.7137, 3.7666,-0.7658,-2.4645,-2.728 , 1.3722,-2.6009, 2.4039,-3.0985, 2.4362,-1.2638,-2.2128,-1.2965, 1.5418, 1.1617, 2.0665, 1.1572, 2.8191, 1.7317,-0.4273]
[ 4.3313,-1.8354, 4.6937,-0.852 ,-0.816 , 1.0081,-0.4223, 2.289 ,-1.8759,-0.1736, 2.3809, 2.4327, 1.6079,-2.3264,-0.9288,-1.2839, 2.7154,-0.1372,-0.3459,-2.8079,-2.2756]
[ 0.6423,-0.6043,-2.4645,-3.1001,-2.6226, 1.6691,-0.2823,-2.775 ,-1.5974, 1.9059,-0.8213, 0.9522, 1.3778,-1.127 ,-2.7954,-0.3737, 2.8462, 0.4531,-0.3669, 1.9984,-3.1283]
[ 1.7258, 1.6323, 3.5957,-3.0329,-0.1035, 2.1783, 1.8508, 2.9501,-1.3524, 2.2255, 1.6717, 0.2058,-3.0527, 2.4928, 1.5235, 0.8957,-1.2256,-0.6512, 0.6557,-0.0521,-1.6052]
[ 1.6696,-3.8803,-2.5953, 0.2643,-2.1681, 1.0926,-1.2333,-0.6168,-2.3664, 1.6612,-1.3402,-2.8625,-0.8365, 0.0955,-1.5804,-2.6708,-0.8007, 1.1988, 2.8255,-2.5192,-0.8401]
[-1.193 ,-4.8434, 3.6679,-0.091 , 3.1178, 0.9205,-1.2058, 0.2159,-2.3591,-2.8263, 3.1264, 2.953 ,-2.1331, 0.6575,-1.8686,-2.8144, 0.0858, 1.97  , 0.3242, 2.9611,-1.8792]
[-4.7252,-3.7644,-0.1304, 0.3629,-1.9102, 1.0153, 1.7706, 1.7743,-0.4776, 0.6932,-1.2448, 1.481 , 3.0092,-1.6535,-0.5613, 0.0389,-1.3078,-2.4342, 0.8843,-2.8353, 2.1522]
[ 4.026 ,-1.9483,-0.8236, 2.5284,-1.6959,-1.6528, 0.8878, 2.4242,-0.8465,-0.1964, 1.3856, 0.4862, 2.3011,-2.1813,-2.517 , 2.2725, 0.3866, 1.7736, 2.4558,-2.7649, 2.6113]
[-0.7827, 5.4657, 1.8951,-2.6253,-0.6478, 0.6912, 2.9369, 2.099 , 1.0023, 1.4502, 2.9439,-0.1307,-2.8797, 1.0542,-3.1406,-1.9678, 0.7604, 0.8247, 2.8852,-1.6592, 1.0864]
[-4.0621,-5.1061,-3.2226,-2.0028, 0.3348,-1.0089, 2.3819,-0.3169, 0.2229, 0.4824,-2.1312, 1.7454, 3.0715,-1.8969, 2.0102, 1.3663,-2.8063,-2.0497, 3.0195, 2.2164,-2.2674]
[-2.3519, 3.5754,-3.7602,-1.0673, 2.2805, 1.5276, 0.4785,-1.8415, 2.686 ,-0.6603, 3.1277, 0.8645, 2.8501,-2.533 , 1.0305,-1.453 , 2.9034,-2.6007,-1.5781, 2.9881,-2.033 ]
[ 0.87  ,-2.066 ,-4.3346,-1.5175, 2.8807,-2.2951,-0.948 ,-1.2834,-1.8316,-1.6764,-0.3638,-2.4081,-1.8518, 0.1078,-2.7001, 1.8442, 1.7388, 0.1766, 2.6829, 2.718 ,-0.4442]
[ 4.3328, 1.1477,-3.8216,-0.812 , 2.9657, 2.2305,-2.2586,-2.8855, 2.8777,-1.9366,-0.5296, 0.1201, 2.3964, 1.7959, 1.617 , 1.1478,-0.211 ,-0.7697, 0.6016,-2.3152,-0.0824]
[-3.4468, 3.6313, 0.1068,-0.5364, 0.8835, 1.3974,-1.218 , 1.3778, 2.3614, 1.4406, 0.1877, 2.4762, 1.0483,-1.6971, 1.6898,-1.6609, 0.0934, 1.4623,-1.703 ,-0.4318, 0.1797]
[ 1.3291, 0.7626, 1.6387,-2.3718, 2.4371, 3.094 ,-2.5172, 2.7404, 0.6436,-0.3844,-0.548 ,-0.5136,-1.8891,-0.3533,-1.8818, 2.4279,-1.5557, 2.6802,-3.0273, 1.603 , 1.2551]
[ 1.2482,-0.1883,-4.6463,-0.8192, 3.0655, 0.419 ,-0.0586,-1.7093,-0.2956, 0.7875,-1.2993, 1.2391, 2.4371, 1.5498, 2.4901,-0.7021, 2.5362,-2.1963,-2.969 , 0.2007, 0.0222]
[-5.1156,-1.9272, 2.8953,-1.325 , 1.0025,-0.6973,-2.6034, 2.4252,-0.4175, 2.6425,-1.8479, 1.585 ,-2.5474,-0.8872,-1.9926,-1.0849, 1.7755, 0.726 ,-2.2146,-1.4141,-1.0748]
[-4.2365, 2.9695,-3.856 , 2.8012,-2.0156,-2.5187, 0.1681, 2.541 , 1.7038,-2.6732, 0.5693, 2.4173, 0.7313,-0.6961, 1.9129,-1.8272, 0.2054,-0.9687,-0.0069,-0.0664, 1.6052]
[ 5.0129, 2.2095, 0.9771,-1.2649,-2.4114,-1.9852, 1.5133, 1.2837,-2.4908,-0.9775, 0.0717,-0.6349,-2.9675, 2.187 ,-0.0841, 1.7202, 1.8862, 0.3266, 0.1846,-2.1835,-1.9577]
[ 4.9157,-3.8583,-3.1882, 2.2067, 0.9879, 1.2627,-1.0083,-2.1215, 0.4246,-1.7487, 2.017 , 2.7525, 2.4789,-1.9655, 0.925 ,-2.9349,-1.3018, 2.4581,-0.4377,-2.5622, 2.4476]
[ 3.459 , 3.0123, 4.313 , 3.1176,-2.5   , 2.5109,-2.0001, 2.7479,-1.7375, 2.6882,-1.1721,-1.0016,-3.0739,-1.5163,-1.0086,-2.9388,-2.7366,-2.5372, 0.9199, 0.8067,-1.0934]
[-2.0639, 4.4257, 4.8318,-1.2515, 1.5291, 0.2342, 0.2687, 2.8802,-1.115 ,-1.7169, 0.9808,-2.7354, 1.2062,-0.9386, 1.9539,-2.1106, 0.3342, 1.7237, 0.7862,-1.016 , 1.7791]
[ 2.3666,-0.5385,-0.4802,-2.0597, 0.0368,-1.4109, 2.1626, 1.1091, 3.0685, 2.0624, 2.3404,-1.0457,-2.9038, 1.6047,-2.1299,-0.6519, 2.5173, 2.4277, 0.5073,-1.5874, 1.7831]
[-2.9385, 0.5986,-0.429 ,-1.9136,-1.5518, 1.6868, 2.8777, 1.2232,-0.3225, 1.841 , 2.8433,-1.6276,-0.7767,-2.2394, 1.8487,-2.1049, 0.6542, 2.7089, 0.3501,-1.1919,-3.0082]
[ 0.9461, 1.6825,-5.4812,-2.6051,-0.3853, 0.8996, 1.5159,-2.6323,-0.7412,-1.6246, 2.5923, 2.1194, 2.3179, 1.4065,-2.6706, 3.1374,-2.2673,-1.1775,-1.7821, 2.7994, 2.3854]
[ 4.2245,-3.0469,-0.45  ,-1.2591, 3.0965, 1.6639,-2.217 , 3.0059, 1.7921, 0.5412,-1.5016, 2.7185, 2.876 ,-1.0021, 1.9741, 1.7815,-1.7259,-0.0154,-1.0851, 1.2558,-2.342 ]
[-1.6869, 2.3139,-4.828 ,-1.845 , 2.0087, 0.2239,-0.9161,-1.5886,-2.9801, 2.7599, 2.1169, 0.5147, 2.5208,-0.505 , 1.4382,-0.4702, 1.7705, 1.936 ,-0.8507, 0.2823,-2.2036]
[-0.106 ,-3.1313,-4.8056, 3.0191, 1.9382, 2.9475,-2.8405, 1.1276, 2.2383,-1.3811, 3.0799, 0.4051,-0.4613, 3.0861,-2.813 ,-2.3092,-0.8596, 3.1155,-0.3178,-2.3992,-1.1963]
[-1.0155,-2.417 ,-2.8205,-1.0637, 2.9159,-1.6286, 0.7315,-1.1479, 0.774 , 2.6175, 0.1365,-1.0372,-1.2972, 0.2177, 2.9248,-1.9864,-1.7842,-0.9207, 1.5091,-2.5621,-2.1431]
[-0.3761,-0.1588, 4.3855, 0.8342,-0.0761, 0.2195, 0.6167,-0.287 ,-0.8846, 2.915 , 2.7414, 3.0919, 2.6945,-0.7417, 2.0052,-2.9574, 2.8405, 1.3493, 1.272 , 3.0269, 1.0141]
[ 3.0698, 0.0447,-2.5826, 2.1993,-0.9327,-1.7144, 0.0502, 1.498 , 1.6947,-0.0061,-0.0222,-1.3893, 0.199 , 0.8489,-2.9098,-2.7063,-1.6936,-1.9886, 2.7668,-0.3888, 1.6061]
[ 4.4906, 1.5301,-0.4014, 3.0842, 0.0486, 0.4747, 0.182 ,-0.8742, 2.5504,-0.2595,-1.491 , 1.8004, 1.8673, 2.5524,-0.1184,-2.628 ,-0.585 , 0.3928, 0.6873,-0.8191,-1.4405]
[-4.8758, 1.1201,-3.8333, 1.848 ,-0.1388,-1.8804,-1.0346,-0.3826, 0.2797, 0.565 ,-0.0738,-2.5555, 0.4269, 2.5599, 1.9458, 1.3443,-2.6494,-1.346 , 0.0408,-0.8516,-0.0768]
[-2.5654,-2.3491, 3.6261,-2.6494,-0.3166,-2.0166, 0.9774,-2.7031,-2.1736,-1.4681, 1.6993,-0.3953, 1.2592,-0.5796, 2.8154, 2.2306,-2.4934,-1.2715, 2.6005, 0.9311,-1.8001]
[-2.4301, 0.9075, 3.1232, 1.3902,-0.4964, 1.2758,-2.7967,-2.8815,-2.9164,-2.5041, 2.5691,-0.5245,-2.853 , 1.6605, 1.9647,-2.0503,-1.8211, 1.8136, 3.0873, 2.7633, 1.4883]
[-2.6078,-3.7117,-0.3726,-3.1123,-3.0838,-2.6961, 2.5946,-1.6119, 3.0237,-2.2227, 1.1113, 0.6933,-3.0543,-2.5236,-2.016 ,-0.1766,-2.2261, 0.7825, 1.6981,-2.8703, 2.6222]
[-0.8841, 0.0948, 4.1421, 0.5654,-1.6846,-1.6656, 0.6   ,-1.9135,-2.242 , 1.3667, 2.0776,-1.7658,-2.8619, 1.2742,-0.9204, 0.1443,-3.1134, 2.0633, 0.4636, 1.8242, 1.7697]
[-4.0756, 1.1424, 1.303 , 0.5401, 2.4014, 0.7622,-2.4752,-2.2749, 1.422 ,-2.3985,-0.4063,-1.5682,-1.7833,-2.0004, 0.3602, 0.7601, 2.8392, 1.1727, 0.518 ,-2.3717,-2.0374]
[ 4.6124,-4.1152, 0.6013, 0.7151,-0.4288, 2.1437,-0.7824, 0.1174,-1.7541, 2.1741,-1.5426,-1.8883,-0.2424, 1.1706,-2.0461,-3.08  ,-2.1803,-2.6544, 0.0292, 1.0915, 0.6937]
[ 2.5033,-2.3719,-3.2671,-1.0878,-2.7937, 1.0551,-1.4267, 2.4414, 1.8854, 0.434 , 2.5816,-0.1562,-2.5474, 0.6296, 2.1388,-0.0703, 1.66  , 1.2257,-2.5598,-1.6795, 0.4074]
[-2.1111,-4.7717,-4.4437,-0.944 ,-0.3603, 2.2889, 1.9592,-2.6513, 2.9853,-1.7889,-2.8519, 1.0557, 1.722 ,-1.6521,-1.2353,-1.5613, 1.8713, 1.5506, 1.1017,-1.7384,-1.7689]
[ 2.5285,-1.3749, 3.0599,-2.8167,-2.7175,-0.7265,-1.4968,-0.6158, 0.164 , 0.0212,-0.1637,-1.5111,-1.3059,-2.7811, 0.0187, 1.4072, 0.7462,-1.418 , 2.0446, 1.9954, 2.5944]
[-2.1958,-3.6581, 2.3189, 1.7784, 2.6446,-2.6078,-3.093 ,-1.6391,-2.4297,-0.9238,-2.6898,-3.1322, 0.9308,-1.7197, 0.2448, 2.2437,-0.7023, 2.7178, 0.4475, 1.6074, 2.5179]
[-3.3785, 5.026 ,-4.3514,-0.6043,-0.2631, 2.8242, 2.7857, 0.3149, 2.8009, 0.1029,-2.7802, 0.4897,-2.3859,-1.7713,-2.3791,-0.8795, 0.712 , 0.851 ,-0.632 , 1.0249, 0.8192]
[ 0.9955,-1.2831, 3.3778, 1.6023, 0.2841, 2.9439, 1.0147,-2.6592, 2.6263,-0.1857,-0.5589,-1.579 , 2.8463,-0.5883,-0.0988,-0.0443, 0.8386, 1.276 ,-1.9014,-0.2464, 0.5165]
[ 2.4843,-1.3464,-2.014 , 1.2709,-1.2072,-0.704 ,-0.6338,-2.93  , 1.5962, 1.5507,-1.8603, 1.1523, 2.9904,-1.5035,-1.7735,-0.2031, 2.0764,-2.5502,-1.7743,-2.9912, 2.769 ]
[-3.3336, 1.5629,-2.5246, 0.9326, 2.7325,-0.9943, 0.3902,-1.1728,-2.7023, 2.6883, 0.4388,-0.3212,-0.897 , 0.6118,-2.8743,-1.7511, 0.771 ,-1.0572, 0.1111, 1.7841,-1.0145]
[-1.9347, 1.0585, 2.8863, 0.1272, 1.0096,-0.1382, 2.7852,-2.6514,-1.2774,-0.9894, 0.4419, 0.0079, 2.9551,-1.4765, 1.5495, 1.766 ,-1.006 , 3.0484, 1.7366, 0.1036,-2.1908]
[ 3.9627,-1.8542, 3.752 ,-1.1486,-2.8599,-1.3555, 0.9495,-1.85  ,-3.0251,-1.9291, 2.6241, 2.0908, 0.024 , 1.7615, 3.0759,-0.3202,-1.8261,-2.3966, 0.238 ,-1.9902, 1.7453]
[-3.6112e+00,-2.3471e+00, 1.7375e-01,-1.1968e+00,-2.3277e+00, 2.1344e+00, 2.7668e-01,-1.2917e+00, 2.1283e-01,-1.9288e+00,-1.1557e+00, 4.4359e-01,-1.7529e+00,-1.0887e+00, 1.8229e-03,-2.5998e-01, 1.1645e+00,-5.9786e-01, 2.0002e+00, 2.3941e+00, 2.9548e+00]
[-2.0684,-0.8636,-3.556 ,-1.86  ,-0.0715, 2.3098, 2.7469,-2.9516,-0.8748,-0.6242, 2.2761, 1.3691,-1.3961,-0.84  ,-1.376 , 0.4592, 0.9895,-2.2301, 0.4462,-0.3708, 0.5184]
[ 1.3157,-3.056 , 1.0143,-0.8656,-1.1416, 2.9635,-0.5448,-0.5051, 0.1278, 0.4454,-1.6924, 2.9259, 1.6727, 1.5731,-1.7437, 0.8359, 0.7096,-0.2462,-1.9197,-2.3107,-1.87  ]
[-3.343 ,-1.7187, 3.3977, 0.4389, 1.9697,-2.5242, 3.0515, 2.2193, 0.5376, 1.3981,-2.5817, 0.2536,-0.3555,-1.1364,-2.9893,-1.1009,-0.2002,-3.0459, 0.0563,-0.6855, 2.3483]
[-0.6722,-2.663 , 2.3735, 2.2611,-3.042 , 3.0987, 0.87  , 2.1078,-3.0234,-0.2336,-2.7792,-1.7385,-0.2786,-0.6648,-1.1507, 0.8316,-2.1073,-1.0993,-0.8629, 0.2274, 2.9732]
[ 1.2352,-3.5617, 5.055 , 2.9639, 2.3985, 1.9928, 2.5279, 1.1541, 2.1924,-2.5679, 2.2666,-1.753 ,-2.2076,-1.2138, 2.4178,-2.8087, 2.4145, 2.7303, 3.105 ,-0.8937, 2.2256]
[-1.0236, 3.459 , 2.4487,-0.8781,-1.5305,-2.8049, 2.4856,-0.146 , 2.1736,-0.3912, 0.991 ,-2.8234, 0.7946, 2.075 , 0.8536,-2.1178,-0.7138,-2.4421,-1.206 , 1.6303, 1.7103]
[-4.3869, 3.8268, 4.1613,-1.4227, 1.7696, 2.2454,-1.7883, 0.2765, 2.2465, 1.1487, 2.3446,-0.4016,-2.0112, 1.9242,-1.7847, 2.9828,-2.1599,-2.3776,-1.3159, 0.1906, 2.9263]
[-3.0119,-1.34  ,-4.0564,-1.9138,-0.604 , 1.6916, 0.7715, 1.9325,-2.423 ,-0.4784, 0.1541,-1.1624, 1.2935, 1.5239, 1.4244, 1.8553,-0.8362, 2.8733,-2.4975,-1.622 ,-2.6041]
[ 5.058 , 4.7096,-0.038 ,-2.3834,-2.5403,-2.96  , 1.5933,-1.0269, 0.8973,-2.7954,-1.6533,-1.2983, 1.2027, 0.2128,-1.8012, 2.3193, 3.1352,-2.0829,-0.2665,-1.672 , 0.1554]
[-4.9932, 1.7371,-0.047 , 0.3898, 0.3484, 0.6885, 1.0792,-2.4544, 1.0507,-2.1638, 2.1888,-0.3966,-3.1068,-2.9224,-0.5046, 0.3945,-1.7294,-0.477 ,-0.3318,-0.423 ,-0.6287]
[ 3.639 , 0.734 , 1.831 ,-0.4234, 0.7734,-2.7144, 1.1512, 1.4359,-3.0149,-0.9468,-1.935 ,-1.745 , 3.0784,-1.509 , 0.4034,-1.4494,-0.8018,-1.3396, 2.4603,-2.4614, 2.667 ]
[ 3.4504,-2.4783,-2.6788, 2.5004, 2.5231,-0.405 , 0.651 , 0.4468,-2.2196,-1.4559, 1.3159, 2.5279,-2.4367, 3.052 , 0.4491,-2.0068, 1.8488,-1.3231, 0.3304,-0.1783, 1.2339]
[-1.4938,-4.223 ,-0.2834, 2.6966, 1.3454, 2.9597,-2.9339,-1.0959, 0.1614, 1.6165,-0.665 ,-0.1301,-2.1498, 2.7395, 3.031 ,-0.0877,-2.4159,-2.8709, 1.4014, 2.329 , 1.8261]
[ 1.4899,-2.1876,-2.2098, 1.0589, 2.3045,-2.7515, 1.6604,-0.3291,-0.8452,-0.1558, 1.1047,-1.808 ,-0.7137, 2.8587, 0.3516,-2.6326,-0.3561,-2.4768, 1.4924,-1.8865,-2.9322]
[ 2.2518, 4.8822, 4.2476, 2.3985,-0.1045,-2.9351,-1.7118,-2.2434,-1.4216,-1.2075, 0.4713,-0.218 ,-1.5272,-1.9701, 2.9543,-1.5112,-1.3227,-2.7986,-2.969 ,-0.6182, 1.8182]
[ 1.7142, 2.0189, 4.5747,-1.9789,-2.3344,-2.57  , 2.5163, 1.2727,-1.6833, 0.5261, 1.2194, 3.0985,-0.3193,-0.7093, 1.1655,-0.4462,-0.6461, 0.416 , 1.2028,-0.7704,-1.8339]
[ 3.2928,-2.7094,-3.8315, 2.5055, 2.3846, 0.835 ,-2.5824, 2.3212,-0.5245, 0.2478, 1.0331,-0.8695, 1.6091, 2.2122, 0.9049, 0.121 ,-0.9181,-1.4912,-1.6091, 2.0399, 2.5104]
[-2.5161, 1.7697, 4.3205,-2.4155, 2.636 , 0.8263,-3.1254, 0.4168,-2.2501, 1.8521,-0.8985,-0.5664, 0.2769, 0.7599, 1.6977,-2.7031,-1.7145, 2.2007,-1.8192, 2.4659, 2.2341]
[-3.8981, 3.4067,-1.4855,-1.1972,-1.1847, 1.3442, 1.4832,-1.0102,-2.3887,-1.7241, 0.407 , 0.3246, 1.0335,-2.2919, 1.0505, 0.3714,-2.2771,-2.5777, 2.0926, 1.0287, 1.984 ]
[ 1.5189, 5.4234,-4.4892, 0.0454, 1.2901, 1.1789, 0.1805, 0.1987,-1.7863,-2.9924,-0.5748, 1.2429, 0.6721,-2.4939,-1.608 ,-0.4955, 1.906 ,-0.1805,-1.1772,-1.3735, 0.2343]
[ 5.2401, 3.0419, 2.8302,-1.2401, 1.4377, 2.9413, 0.3022,-3.0495,-1.295 , 1.446 , 2.8578,-1.9851, 1.511 ,-2.8007, 0.2605, 1.8188, 2.3439, 2.8924, 0.9883,-3.1359, 2.624 ]
[ 1.1163,-1.5698,-3.8838, 0.4848,-0.3336,-1.8291,-0.7078,-0.8989,-0.2082,-2.699 , 0.5537,-1.9727,-2.662 ,-1.9706,-1.2971,-0.2223, 0.5842,-1.4128, 1.8822,-1.546 , 1.8993]
[ 0.2026,-2.6812, 2.2069, 0.0519, 0.0541, 1.4672,-3.0494,-0.7097,-3.0946,-0.9164, 2.7344,-2.9156, 2.1712,-1.4434,-3.0539,-0.097 , 2.3638, 3.1298,-0.2243, 0.4882,-1.0439]
[-2.4456, 1.3393, 2.0799,-0.552 , 1.1507,-2.3389, 0.2216,-2.8078, 1.5352,-2.1982, 2.131 , 2.4613,-1.8869, 2.4669, 0.6127,-1.0544,-3.0404,-2.5412,-2.4208, 3.0412, 1.7307]
[-2.2713, 2.6748,-3.3202,-2.564 , 2.4817,-2.1455, 3.0391, 0.7471, 3.1117, 2.7588, 0.1038, 2.0438,-2.1264, 2.8815, 3.0482, 0.667 , 1.5279, 0.6792,-2.5367, 2.0902,-0.8574]
[-4.6114,-4.803 ,-3.1365,-0.1702,-0.3252,-2.8751, 0.3467,-2.3996,-3.1185,-1.0644, 0.069 , 1.3031,-0.5685, 2.3165,-1.2322,-0.2427, 0.9271,-2.5304, 0.8117,-1.7217, 0.2964]
[ 3.7495, 0.9945,-0.1969,-1.2481,-2.7483, 1.4262,-0.1074, 2.7643, 2.3999, 1.3559,-2.0908, 2.4707, 1.6237, 0.6721, 0.6778, 0.2066,-2.5449, 0.203 ,-1.5305, 0.312 ,-1.4836]
[ 1.212 ,-4.6659,-3.5204,-0.7362, 1.0896, 0.1247, 1.2744,-2.8495, 1.6146,-2.2431,-0.9872, 1.261 ,-0.6832, 2.6721,-2.9943,-0.4294,-1.9945, 0.59  ,-0.0949,-0.7024, 0.0234]
[ 3.5038,-2.9396, 5.4211,-2.6812,-1.8226,-2.6162, 1.074 ,-1.4161,-0.7331,-2.8187,-2.1179, 1.68  , 1.5739, 1.7959, 2.5063, 3.0068,-1.0474,-0.735 ,-0.1179,-0.8762, 0.4921]
[ 2.3957,-2.2786, 4.8456, 0.0241, 2.9168, 2.8264, 1.1046,-0.8325,-2.4901,-0.1984,-0.5404,-0.3897,-2.9424,-2.7892, 2.1089,-2.486 ,-2.0955, 1.3197,-0.8989, 0.5918, 0.9429]
[ 3.2248,-4.4209, 3.1628, 0.7169, 0.2484, 0.1161, 0.4893, 1.6516,-2.6763, 2.9847,-1.9206,-2.859 ,-1.8987,-2.5237, 2.1749, 0.3242, 2.1   ,-1.0823, 1.1123, 3.1138, 1.4789]
[-2.9632, 0.5597, 0.6542,-2.6369,-2.3885, 1.1576, 1.4917, 2.543 , 0.0726, 2.3953, 0.4251,-2.342 , 2.1695,-1.3687,-1.8946,-2.9643,-1.7416, 0.2566, 0.8319, 2.4419,-0.6974]
[-0.115 , 0.4589,-0.0161,-2.6419,-2.2907, 2.7405, 3.1324, 0.2986,-2.8724,-1.7632, 1.8195,-0.5391, 0.4998, 1.0209,-2.6048, 2.2117, 0.9302,-1.0904,-2.545 ,-2.4589, 1.8671]
[ 0.3463,-2.8617,-3.5702, 1.2609, 1.2656, 1.9479,-1.5705, 1.6233,-0.5635, 0.9556,-1.6991, 1.026 ,-2.4392,-3.0366, 0.3163,-0.2856, 1.3201, 1.831 , 2.5914,-2.108 , 0.8998]
[-2.06  ,-4.6208, 5.1429, 0.7319, 2.3748,-2.5002, 2.5867,-2.3826,-0.7801, 0.982 ,-1.4236,-1.9006,-1.2574, 0.5747, 0.4171,-0.2762, 1.0894,-1.4554, 0.3931,-0.6811,-0.5984]
[-1.5045,-0.6105,-3.2717, 0.0295, 1.9118, 0.545 , 1.5919, 0.8305,-1.065 ,-1.482 , 1.7281,-1.5561,-0.4323, 0.0368, 2.5432, 1.4344,-2.8241, 2.3691,-2.5516,-1.6454, 1.9184]
[ 2.1283, 1.7156, 1.3753,-2.678 ,-2.5756,-1.4061, 2.3372, 2.6743, 3.0193, 0.8908,-1.9715, 0.5889, 1.9351, 2.5974, 0.8472,-2.5775,-1.158 , 1.5447, 3.0406, 1.5755,-0.46  ]
[ 4.4841,-4.7301,-1.925 ,-0.2166,-2.9003, 1.8711,-2.0265,-2.9801,-2.674 ,-1.5255,-2.8532, 2.2281, 1.7637, 1.5108, 1.9781, 2.1632,-2.3513,-0.1018,-0.7327, 1.1197, 1.7915]
[ 4.4195,-1.8182, 3.3239, 2.1141, 2.0102,-1.8956,-0.6072,-3.0131, 2.1891,-2.2072,-3.1368, 0.7257,-2.8094,-0.5926,-3.0504,-3.0628, 0.6986, 0.9696, 2.8878,-0.6476,-1.2022]
[-1.0092, 1.4057,-0.6206, 0.1327,-1.7107,-2.2405,-2.6988, 2.01  , 2.7243, 2.8202,-0.6317,-0.3996,-3.0981,-1.8442,-1.3889, 2.1464, 1.4462,-2.9232, 1.0788, 1.4079,-2.5005]
[-1.9368,-1.0569, 0.225 ,-1.1724,-2.7499, 2.0331,-0.2264, 1.1837, 2.1296,-2.8999, 2.5849, 0.6272,-0.793 ,-0.6752,-1.6504,-2.6829,-1.7725,-2.9842,-2.7607, 1.4146,-2.4062]
[ 2.6777,-3.173 , 2.4694,-2.3353, 1.5846,-0.3128, 1.7038, 2.8376,-2.6333,-0.3535, 2.5265,-3.1189, 1.71  ,-2.6183,-0.7865, 1.6852,-2.2082, 1.6388,-2.7804,-0.345 , 2.5601]
[ 2.7459, 0.5268,-3.3207,-1.0386,-2.8975,-1.5362, 2.9904, 0.848 , 0.1351, 1.8743, 1.5427,-0.8747, 0.986 ,-1.8119,-1.7141, 2.3538,-3.0476, 0.1616,-2.3898, 0.1252, 2.4441]
[-4.6262,-1.9605, 4.5503,-0.325 ,-2.9073, 2.6308, 1.8456, 3.0164, 2.53  ,-0.8097,-1.6708, 0.7028,-3.139 ,-2.7411, 2.8388,-3.0478, 0.3533,-1.6736, 0.0651,-0.4498,-2.1301]
[ 3.2095,-0.3751, 1.9808, 2.3346,-1.7619, 0.9639,-1.7101, 0.6683, 0.5408, 0.8142,-1.9336,-0.9222, 2.7222,-2.0809, 2.083 , 2.2157, 1.1357,-1.9756, 0.2014, 0.7182, 1.0382]
[ 0.2085,-3.5414,-0.1262,-2.7686,-1.7499, 2.8847,-1.4603, 1.1248,-2.9129,-1.6932,-1.7303,-0.5555,-2.5385, 0.0868, 0.8805,-1.6802,-1.6637,-2.1598, 2.8519,-1.317 , 1.6373]
[ 1.88  ,-2.7561,-1.5821,-1.822 ,-1.7389,-1.7596, 1.5753,-2.7448,-0.703 , 0.9756, 0.8577,-2.9734,-1.2454,-2.2274,-0.155 , 1.6924, 1.551 , 1.6974,-1.9614, 0.4899, 2.8819]
[ 3.8076, 3.2208, 1.1094, 1.9109, 3.1013,-2.4085, 0.2462, 1.6006, 2.8565, 1.9836, 2.3338,-0.9361, 2.9244,-0.6202, 0.8204,-1.754 , 1.7482,-2.0503,-2.8454,-1.1766,-0.9111]
