[ 3.1101,-3.4663, 2.9616, 0.1418,-1.3369,-1.3913,-1.1875,-0.266 , 2.0155, 1.399 ,-1.5809, 1.9287,-1.1391,-1.8062, 2.938 ,-1.9683, 0.5187, 2.6968, 2.9685, 0.6588,-0.2307, 1.4136, 1.7131]
[-0.0912,-0.3626, 0.9635, 2.8437,-1.4287,-0.7628, 2.8629,-2.1248, 2.4829,-0.5808, 2.3399,-0.7822, 0.3757, 2.6153,-0.1963, 1.1917,-2.1133,-1.3371, 0.8227,-0.2146,-1.6792, 2.4392,-1.296 ]
[-1.7626,-2.4284,-3.1173,-1.1211,-2.4186, 1.209 , 3.1311, 0.498 ,-3.0465,-0.702 , 0.832 , 2.5486,-0.5705,-1.314 , 2.0781, 0.4633, 2.3287,-3.0594, 2.2062,-0.5082, 2.3291,-0.2887,-0.3852]
[-5.0879, 1.0866,-0.1226, 2.1128, 2.2503, 2.5618,-2.2049,-0.0107,-1.2446,-1.523 ,-2.4396,-1.9649,-1.8479, 0.8831,-1.8198, 2.5112,-1.8998,-1.379 , 0.4676,-2.7573,-1.377 ,-0.6883,-2.0461]
[-1.0083,-3.8549, 4.1153,-0.6133,-2.9451,-1.9129,-0.0706,-1.782 , 2.7423, 2.5562, 1.0047, 0.4311,-2.6502,-2.8412,-1.0336,-1.3404,-2.44  , 2.307 ,-2.2119, 1.8922, 2.7413,-0.2159,-0.7059]
[-5.3247, 2.4376, 0.2951,-0.7524, 1.6729,-1.7484, 1.1639, 2.5425, 1.9789,-1.6024,-2.7048, 2.4024,-0.4707,-1.0106,-2.0271, 0.7207,-2.6106,-2.1219,-1.4922,-0.0654, 0.0959,-1.8573,-1.8045]
[ 2.5492,-5.1528,-0.3886,-0.5054,-2.2765, 0.4965, 0.8118, 1.9092,-0.9348,-0.2937,-1.5408, 3.0968,-1.8631,-1.6263,-0.7019, 2.0764,-1.703 ,-1.3659,-1.7661, 3.1056,-0.6738,-1.0886, 2.5266]
[ 1.5348, 2.2494, 2.0267, 2.2233,-1.6967,-0.1427, 1.5939,-1.0434, 0.1416, 2.1481,-2.8948,-0.4819, 2.947 ,-1.2307,-1.4068, 2.9855,-1.6507, 2.9981,-0.5013, 2.8161,-1.0752, 0.0275, 0.7521]
[ 4.0839,-4.1634,-5.3082, 2.1428, 0.9604,-1.1977, 2.0125, 2.8085, 2.4907,-0.0844, 0.2107,-0.1827, 2.8701, 0.8342, 0.1911,-2.1327,-2.0003, 0.1711, 2.0405, 2.6761, 2.256 , 0.2268, 0.5357]
[ 2.7248, 3.3282,-4.3828,-1.1473,-1.3639,-0.9572,-0.8478, 0.1692,-1.8445,-0.8878,-0.2199, 0.6122,-0.8489,-2.3521,-2.9785,-0.7472, 0.7775,-1.3149,-2.3992,-1.401 ,-1.7391, 1.0732,-1.0682]
[ 1.0714,-0.5226,-1.7402,-1.8894,-1.4785, 0.5689,-0.9111,-2.7043,-2.0669,-1.8663,-0.1936, 0.8659,-0.5821,-1.2693, 1.1249,-0.9705, 1.1375,-0.5925, 2.33  ,-0.653 ,-0.6801, 2.4556,-0.3352]
[ 4.6233, 5.0776,-4.941 , 0.6545,-0.4258, 2.9838,-2.2291, 2.9163,-1.9527,-2.4339,-1.8962, 0.1687, 1.0307, 1.0982,-1.168 ,-1.8611, 0.0185,-0.7724, 1.521 , 2.4736,-3.0302, 1.5696,-1.5002]
[-1.6227, 0.5555, 0.5333,-2.0991,-0.7359, 2.1592,-0.8062,-1.1962,-0.432 ,-2.4915, 1.0931,-1.2101,-2.0463,-2.3102, 2.4765,-2.5869, 1.2432,-1.6306, 1.5931, 0.1151, 0.0424,-0.2866, 2.7973]
[ 3.0877,-3.2167,-4.7049, 2.5642,-2.5808, 0.5633, 0.9753,-2.1141, 2.4718,-0.9595,-1.833 ,-2.0193, 1.7147, 1.6735, 3.1056, 0.9924,-0.0227,-0.9171, 0.1538, 2.5578, 0.5875,-0.3656, 2.8151]
[-2.7178, 0.1708,-3.1141,-2.9659, 0.7009,-1.2531, 2.9286, 0.2117, 2.2571, 2.4957,-1.1327, 3.1218,-0.758 , 2.7808,-0.4435,-2.8895, 0.7296,-1.2495, 2.3618,-1.6361, 0.8399,-0.1456, 0.6528]
[-0.4406,-0.0368, 1.233 ,-2.3034,-1.9429,-2.9263,-2.7942,-1.4055, 0.7563,-1.179 , 2.9229,-0.172 , 1.6804,-0.3981, 0.6667, 2.6709,-3.0841, 2.3417,-2.6859,-1.5991, 2.6066,-1.8485, 3.034 ]
[-0.3827, 4.8503, 3.2549,-1.3552, 0.2617, 1.3557,-2.2281, 1.9823,-2.3733, 2.8558, 1.8074,-0.5268, 0.7281,-2.0414,-2.6034, 2.0957,-2.8432,-2.6446,-0.0576, 1.6876,-2.2328, 2.8633,-1.7786]
[ 2.9946, 0.6505, 2.7319, 0.7334, 2.6124,-0.6403,-2.7576,-2.5774,-3.1101, 2.4621, 1.4588,-2.9957, 1.3912, 1.8465, 2.3208,-1.8615,-0.238 ,-2.092 , 2.3251,-2.2834, 1.626 ,-2.9624,-0.1871]
[ 0.7585,-4.7635,-5.3008,-1.6404, 2.7557, 1.4258,-2.1379,-2.3252, 1.1438,-2.3854,-3.0866,-2.3674,-0.3376, 1.0651,-1.2163,-2.5344,-3.1243, 2.5746,-0.3025,-0.0608,-3.0659, 3.1023,-1.7334]
[-0.7668,-4.0282,-0.7165, 0.5897,-2.8794,-0.1497, 2.2222,-1.6993,-1.6257, 2.1261, 2.6656,-2.0578,-1.0727, 0.0792, 3.1281, 1.6837, 0.5773,-0.1937, 0.9766, 1.4395,-1.4322, 1.9937, 0.2544]
[-2.0336,-2.0311,-2.4233, 0.9467,-2.2667,-1.7939,-1.2023,-1.1107,-0.1119,-0.0915,-2.4549,-3.0018,-1.6987, 2.3907,-2.9852, 2.9398, 1.6305,-2.536 , 0.6282,-0.6167, 2.8394,-1.7351, 1.8429]
[ 2.4711,-1.9198, 1.9025,-1.5212,-2.8916,-1.0742,-2.6258,-3.1007, 2.0305, 2.7923, 0.3787, 2.2458,-2.3579, 1.4281,-1.9215, 0.4307, 0.3241,-0.6997,-0.6711,-2.2223,-3.1047, 0.3125, 2.1492]
[-2.4273, 1.3358, 0.033 , 1.6155, 2.8048, 2.3496, 1.0911, 3.092 , 0.1073,-1.284 , 2.3626,-2.5319,-2.6942,-0.2891, 2.4092,-1.6399, 2.0926, 3.1027, 2.4258,-1.2941,-2.0191,-2.6461, 0.5127]
[-4.8639, 4.4883,-5.3179, 0.8776,-1.9315,-1.1739,-2.462 , 1.3185, 2.1243, 2.7299, 0.3851, 2.416 , 3.1295, 1.734 , 1.6836, 1.9027, 0.9338,-0.8779, 2.7084,-2.3806,-2.8717,-2.0085, 1.0956]
[ 3.2214, 4.0198, 3.3581,-1.7153,-3.0167, 0.113 ,-2.7509,-2.9484,-0.5443,-2.7574,-2.5128, 2.763 ,-1.4981, 0.9974, 1.4654,-2.2915,-0.1178, 1.5915, 0.6598,-1.6835, 1.2725, 0.6889, 2.9929]
[-0.1865, 2.9093,-0.9753,-0.9076,-2.408 , 0.1879,-0.5212,-2.6873, 0.6056,-0.3652, 1.6894,-1.6467, 1.4763,-3.0621,-0.0287,-0.3416,-1.2225, 1.4486, 2.2401,-0.1105, 1.7642, 2.0609,-0.8544]
[-0.1847,-0.9776,-0.9168,-0.3444, 1.3872,-2.5648,-2.0306, 0.9777,-0.0245,-2.9029,-0.694 , 0.5385,-1.543 , 2.0654, 0.0719, 0.5186,-0.1065, 1.1832,-2.5245,-1.924 ,-2.9641, 1.1102,-0.139 ]
[-3.0515,-2.6143, 4.6774,-2.8106, 0.1999,-2.4865,-2.0339,-1.7732,-2.6391, 1.4931,-0.0872,-2.6094, 1.9972,-1.7182,-2.0677,-2.1976,-1.3572,-0.6123,-0.8719,-2.6529, 0.8644, 2.8998, 1.0038]
[-2.415 ,-4.624 , 0.3411,-1.8406, 1.4591,-1.3902,-0.112 ,-2.1836,-1.2619, 2.0377, 2.5921, 3.0937, 0.5911,-1.1505, 2.7468, 0.4317,-2.8903, 0.4303,-1.8927, 2.6501, 0.2786,-0.6577,-0.5458]
[ 5.1706, 1.8209, 0.4743,-2.9171,-3.0645,-0.834 , 1.614 , 2.9735, 3.0885,-3.1371, 1.2385, 0.363 ,-0.856 ,-2.5966,-2.1505,-1.0113,-0.7377,-1.9161, 0.5793,-0.7295, 2.3569,-2.007 ,-2.5802]
[-1.1848,-4.9992,-4.8299, 0.3653,-0.6034,-2.7386,-1.081 ,-0.1132,-0.434 ,-1.1612,-2.2482, 3.1396,-1.6028, 1.6719, 1.8825,-2.4912,-1.8803,-1.801 , 2.8361,-1.8547, 3.1092,-1.9936,-1.2291]
[ 0.5696,-2.9662,-2.7275, 0.1103, 2.9501, 2.5727,-1.2431,-2.3091,-2.1175,-0.2412, 1.7072,-2.3574, 3.0786,-1.9528,-0.3627,-0.1512, 0.1716, 2.0438,-2.2917, 0.8887, 2.9008, 0.3639,-3.0039]
[ 2.6336e-01,-1.5775e+00, 1.1531e+00, 2.7156e+00,-7.8046e-02, 1.0545e+00,-2.8401e+00,-1.4088e+00, 2.4869e+00, 1.7977e+00,-1.9185e+00,-3.0067e+00,-3.1049e+00,-1.0472e+00, 2.6404e+00,-1.5978e+00,-2.6532e+00,-2.0445e+00,-2.6123e+00, 2.6357e+00, 1.9990e+00,-2.7674e-03, 2.7606e+00]
[-3.4272,-1.7672,-2.341 , 0.0188, 2.1092,-3.0342,-3.0602, 1.9667, 1.7979, 2.7073,-0.38  , 2.3339,-1.0776, 2.5992, 1.5879, 0.1397, 0.0433, 0.796 , 2.5503,-0.4018, 2.1822, 1.0979,-2.7418]
[ 6.9379e-01,-6.3665e-01,-3.5240e+00,-8.9940e-01,-7.0828e-03, 3.0621e-01,-9.9297e-01, 2.3858e+00, 7.3049e-01,-3.0532e+00, 1.9654e+00,-2.5285e+00,-2.2382e+00, 2.8982e+00,-1.1093e+00,-2.4498e+00, 3.0998e+00,-1.3044e+00,-8.0912e-01, 1.9154e-03,-4.0284e-01,-7.3312e-01, 2.6330e+00]
[-5.0686, 1.1028,-4.0649, 2.0766,-1.4446,-2.9762,-0.5155, 0.262 ,-1.6382, 1.7937, 0.4545, 1.1386, 0.7027,-2.8335,-1.6142,-1.5645, 2.7527,-0.6173,-2.1026,-2.7965,-2.2636, 1.0011,-0.1034]
[-0.8839, 0.3438,-3.1978, 2.4934,-1.4645,-2.6274, 0.7988,-0.0356, 2.8836,-2.0656, 2.3196,-2.1925,-2.3235, 0.5793,-0.9231, 1.067 , 3.14  , 3.0893,-0.8133,-2.7481, 2.9819,-1.011 , 2.5494]
[ 2.8786,-2.8029, 3.4718,-1.1468,-1.3481,-1.38  ,-2.7897, 2.7865,-1.5154, 0.5416,-2.6696, 1.3536, 1.7549, 0.7373, 1.6154, 0.0745, 0.633 ,-0.9629, 2.1015,-1.2374, 1.7308, 1.9184, 0.1058]
[ 4.8033, 1.583 , 3.9837, 2.1147,-2.2879, 3.0922, 1.9271, 1.166 ,-1.5458,-2.2223,-0.0754,-0.4044, 0.2452, 2.9908, 2.7662,-2.3928,-0.8144,-2.8401,-0.5211,-1.7   , 1.8079, 2.0626, 1.7272]
[ 4.9691,-2.1188,-0.5233,-1.7183,-1.78  , 1.9094,-0.5668, 1.7704,-2.8649,-0.2301,-1.3326, 1.1803,-0.5731, 2.8684, 1.8942, 1.1468, 0.6639,-1.59  , 3.0562, 0.3363,-2.4884,-2.0401, 2.6249]
[-2.5603,-1.7909, 0.013 , 2.6991, 0.3287, 0.7995,-0.6196, 0.8382, 1.6083,-0.7378,-0.9958, 0.7539, 2.7355, 1.7926, 0.7459, 2.2328,-3.0785, 0.6834,-2.124 , 0.4158,-3.1307, 0.962 ,-1.4778]
[-0.8188, 4.3387, 0.9211,-1.2561,-2.6661, 1.5779,-1.4039,-1.4284, 1.4021,-0.6629, 0.0982, 1.932 , 2.9779, 0.7731, 0.9716,-2.2527, 3.1251,-0.9317,-0.455 ,-1.9178, 1.2515, 3.0094,-1.8566]
[ 4.0102, 4.963 , 2.5575,-0.845 , 1.4703, 2.3186,-1.9843,-1.303 ,-1.0317,-0.219 , 2.6921,-0.4607,-0.8684,-0.9501, 2.3603, 0.535 ,-2.2619, 1.7974, 1.2118, 0.9772,-0.4959, 0.571 ,-1.1646]
[ 5.0623, 1.8209, 4.7149,-1.168 , 0.2319,-0.7256, 1.1336, 0.75  ,-0.131 , 1.8194, 0.4995,-0.9834,-2.8373, 1.4064,-2.7964, 2.0087,-1.0563,-1.1809,-0.8715, 0.1887,-0.0231, 0.4884,-0.2099]
[ 4.377 ,-2.846 , 5.4407, 1.5366, 1.8858, 2.9382, 2.315 ,-2.4241,-0.318 ,-0.4243, 0.8559,-1.7828,-0.2324, 1.4893,-0.9352, 2.6201, 1.9806, 0.764 ,-2.9467, 1.1493, 2.5358,-1.9589, 0.136 ]
[-0.6198,-0.9493,-1.9305,-2.5799,-0.0234,-1.0737, 1.3423,-3.0161,-0.1016,-0.7177, 2.5823,-1.2645, 2.223 , 2.3397, 1.4593,-1.4431, 2.9413,-2.5863,-0.4193,-0.6436, 2.5107,-0.5283,-2.8624]
[-2.949 ,-1.8515, 5.1421,-1.6675,-1.5019,-0.9751,-1.5242, 1.8798, 1.2091,-2.0874, 0.9739,-2.4013,-2.9039,-0.999 ,-1.8739,-0.9298,-2.3684,-1.8377, 0.3857,-0.0281,-3.077 , 1.6085,-1.9198]
[ 3.3239, 4.2981, 0.7845, 0.5687,-1.587 ,-1.9274,-0.16  ,-1.899 ,-0.698 ,-2.1455, 0.0873,-0.507 , 1.0634, 1.3882,-0.8196, 2.595 ,-0.7691, 2.0398, 2.3955, 0.1728, 1.0416,-2.7168,-0.6509]
[-1.4064, 2.1725,-5.2126, 2.2677,-1.0304,-3.1033, 2.6952,-3.0559,-0.6658,-1.6428,-1.2246, 2.9155,-2.2796, 2.6375, 1.1692,-1.1653,-1.738 ,-1.1297,-2.6835,-2.0934, 0.471 , 1.3188,-1.0744]
[ 0.0112,-1.5467,-4.4463, 0.1002, 2.6481, 2.1697,-0.66  , 2.9905,-1.1153,-0.3553,-1.1697, 2.7256,-3.087 , 2.5493, 2.5586, 1.7846,-1.6045,-1.3881,-1.3311, 2.9827,-1.0873, 1.2915,-1.927 ]
[ 5.1601, 1.5979, 3.4018, 1.433 , 0.2292,-1.5477, 2.3759, 2.1516, 2.93  ,-1.2195,-0.505 ,-1.9236, 2.2352,-1.354 , 0.6968,-0.1638,-0.0142, 2.8039, 1.475 , 2.7474,-1.6962,-2.3115,-1.2346]
[ 0.0901, 3.1933, 4.9199, 2.7365,-2.5985, 0.6376,-2.9386,-1.6078,-1.5578,-0.4242,-1.6767,-3.0527,-1.0842,-1.732 , 0.4684,-3.0382,-2.1579,-2.0047, 1.1142, 1.854 ,-1.4688, 1.1057, 2.2485]
[ 0.0987, 1.358 , 1.2378, 2.9176, 2.4833,-0.4691, 2.3505, 1.8358,-0.9261, 1.1979,-1.628 , 2.9416, 2.984 ,-0.2638,-1.9544,-1.8625, 0.2967,-0.5401, 3.0301, 1.4763,-0.9324, 2.2907,-1.7697]
[ 1.7217,-0.5361,-2.7622,-1.7339, 2.8754, 1.5874, 2.5698, 0.6229,-1.8317, 1.4962, 2.8938, 2.6875,-2.6046,-3.0283, 2.751 ,-3.1341, 0.775 ,-1.9773,-0.9286,-2.3637, 2.6573,-1.4656, 1.81  ]
[ 2.8025,-3.175 ,-0.054 ,-2.2146,-0.063 ,-2.9181, 2.18  ,-0.4386,-0.7542, 1.1798,-2.8491, 1.7549,-1.6359,-0.868 ,-1.1695, 0.8563,-2.2217,-1.5032,-1.7337,-2.4141,-1.5196, 0.2608,-1.1498]
[ 2.2871,-0.9317,-0.9854, 2.2191, 1.4093,-1.3239,-0.1091, 1.8221,-0.2065, 2.8733,-1.2217, 3.0269, 2.6953,-1.6052,-1.9202, 0.8269,-1.1928,-0.9031,-1.5783, 2.4135,-3.0414,-2.9072,-0.2108]
[ 3.3666,-3.295 ,-4.1754, 1.3744, 2.8719, 1.5394, 1.2834, 2.6596, 1.0684,-1.5088,-2.0155, 0.9837, 0.1284, 1.0527, 3.128 , 1.3829,-0.5024, 1.7005, 0.5023, 2.3327,-0.127 ,-2.3583, 0.6846]
[ 2.6111,-0.2316, 4.6382,-2.4088,-0.3859, 1.8586,-1.6657,-0.4949, 0.6494, 2.2826,-2.0899,-1.2129, 1.9022, 2.5683,-2.4329, 1.5163, 1.0692, 2.3443, 1.4454,-0.6308, 0.5534,-0.7057,-2.7324]
[ 4.1586, 3.6527, 1.6769, 0.8535, 1.595 ,-1.6681,-2.2614, 1.647 , 2.3037, 2.1626, 0.7558,-1.4847,-2.1082, 1.9685, 1.101 ,-2.3326,-1.1576, 2.1264, 2.8126,-1.3307, 2.0976, 0.8108, 1.1689]
[ 0.8746,-2.1859, 4.6218, 0.8737,-2.4464,-1.7264, 0.2148, 1.2674,-1.7957,-1.0037, 0.9542,-2.5195, 1.8417, 1.2785,-1.4727, 0.7551,-2.9561, 2.5259, 0.0272, 2.9006, 1.9709,-2.7395,-2.512 ]
[-2.5351, 4.728 , 0.7704,-1.1937,-2.8913,-0.6555,-0.7277, 1.8449,-0.4855, 1.3142,-1.3831,-1.2255,-0.7278, 2.5626,-2.1158,-2.2742,-1.3255,-0.1618, 1.7983, 0.0941, 0.1568,-1.1425, 1.9191]
[-0.853 ,-2.9276, 4.8009, 0.0863,-0.4231, 2.4834, 1.48  ,-1.9398, 0.833 ,-0.5464, 0.0551, 0.8915, 2.9268, 1.7616,-2.9329, 2.4156,-2.0309,-2.1299,-1.4387, 0.6712, 1.5149,-1.8794,-0.0717]
[-3.2954, 3.8621,-5.0358,-0.2619,-1.6117, 1.526 ,-1.3201, 2.1107, 3.1038, 2.8751, 2.8156,-2.3049, 0.2376,-0.4134,-1.7885, 2.6741, 2.5498,-1.8413,-1.1662, 1.6123, 0.5798,-0.0529,-0.7124]
[ 0.3217, 1.8282,-0.2124, 1.6018, 2.6415, 1.9947,-0.0198, 1.0632,-1.541 ,-2.2013, 1.5894,-1.0737,-2.529 ,-1.8102,-2.6341,-0.74  ,-1.0359,-0.242 , 0.6208,-1.585 , 1.0188,-2.0516,-1.7923]
[-2.9918,-3.8398,-3.7674, 2.8407,-0.563 , 2.0343, 0.7878, 1.0042,-1.3439, 1.8325,-1.9058,-0.8061,-0.9146,-0.4301,-1.8679, 0.9122, 0.9173,-2.5487, 1.7387,-0.7687,-0.8915,-1.5242, 1.4105]
[-3.6451,-0.3785, 1.3534, 1.1436,-0.0102,-1.5591, 2.1117, 2.7731, 2.2881,-1.7479, 1.7191, 0.6089, 2.1623, 0.3374,-2.9283, 2.6972, 2.3668, 0.2343, 1.3466, 1.9321,-1.474 , 0.0522, 0.6955]
[-5.4543,-0.1404, 1.5453, 3.0338,-0.8362, 0.5529,-2.8089,-0.5486,-3.0744,-1.726 , 0.8493, 1.7515,-3.1232,-1.3826, 1.2968, 2.375 , 0.6118,-1.5352, 0.0058,-0.2256, 1.5329,-2.2016,-0.6404]
[ 3.0233,-0.0628,-1.8195, 1.2873, 0.0492, 2.1561,-0.5084,-1.1721,-2.3622, 2.8261, 1.966 , 0.0703, 2.6544,-2.0229, 1.5641,-0.9976, 2.6987, 1.5206,-0.6692, 3.0363, 1.0554, 3.1285, 0.2414]
[ 3.1594, 3.6085, 4.6551,-3.1102,-0.1926,-2.9148, 0.2103, 0.7335,-2.6566,-2.4002,-1.372 ,-2.4038,-0.83  ,-2.1674,-1.5015,-1.6622,-2.0866, 2.8635, 1.7668, 1.6298, 0.1727,-0.5346,-1.3382]
[-3.1133, 1.3841, 3.2576, 1.0635, 2.0983, 2.3823,-0.1086,-2.081 , 2.3381, 1.0782,-1.4126, 2.9683, 1.5868,-2.3794,-3.021 ,-0.8944,-1.6466,-0.8966,-0.2347, 0.3315, 0.6113,-1.4531, 1.2724]
[-2.9867,-4.7793,-1.5781, 2.5005,-0.7056,-2.2601,-2.9026,-2.2095, 1.8966,-2.7787, 3.0801,-0.5481, 0.2615, 1.6849, 0.3508, 0.9614, 2.901 , 1.1162, 2.0463,-0.8788, 1.1147,-2.3813, 0.8278]
[-0.9044, 2.788 ,-1.2422,-2.7264,-2.2601, 3.0123,-2.7169, 2.3934,-2.0855,-0.6027,-1.0806, 2.6014, 0.8207,-0.0809, 0.5484, 0.7904,-0.1906,-0.7375,-1.8036,-0.5834,-2.7801, 0.9062,-0.093 ]
[-5.4398, 5.2679,-3.1043,-2.6788, 1.9656, 1.0945, 0.6145, 2.8744, 2.3095,-2.3733, 1.9112,-1.3301, 1.8939,-2.3407, 1.8534,-2.9671,-2.5548,-2.8684,-2.38  ,-0.3436,-2.2602,-1.555 ,-2.2113]
[ 0.3221, 1.0558, 3.7819, 0.8935,-1.5285,-0.3034,-1.7115, 0.5218, 2.948 ,-3.0338, 0.1418, 1.6614,-2.7392,-2.7393, 1.3355,-1.2104,-3.0672, 2.1937,-0.5851,-1.419 , 2.4271, 0.6887, 3.1379]
[ 3.6625,-2.1435, 1.8939, 0.4058, 1.5856,-0.4882,-0.2509, 1.6637,-0.638 ,-1.8197, 0.3954, 1.1477,-1.459 ,-1.6766, 0.1083,-1.156 , 0.2777,-0.3825,-2.1501,-2.7233,-1.4011, 0.1738, 2.1756]
[ 2.4636, 2.766 ,-3.559 ,-0.1285,-2.5266, 1.2128,-1.8869,-2.8564, 1.1614,-0.4575,-1.2502,-3.0934, 2.2065, 2.6395, 1.6024, 0.575 , 1.445 ,-0.104 , 3.1124, 0.3587, 1.6038, 2.3823,-2.9168]
[ 3.7157,-1.0822, 2.0282, 1.2663,-0.9441, 3.0037,-1.7212,-0.2713, 3.0758, 1.8967,-2.1016,-2.9214, 2.8324,-1.4469,-1.4795, 3.0095, 0.0182,-2.1964,-1.0592,-1.2098, 2.0823, 1.2808, 2.0654]
[-5.2792,-0.0679,-2.2523, 1.5118,-1.6864,-2.6684, 0.0466,-1.7424, 1.141 , 0.0303, 0.369 ,-1.7812,-0.9095,-0.3902,-2.8483, 0.7312, 2.2852,-0.5102,-2.8439,-2.6663,-2.5223, 2.6658,-1.7172]
[ 5.0692, 1.1352, 0.1782, 2.4458,-1.0945, 1.3335, 2.7921, 1.8546,-1.3838,-0.1017, 2.8763,-1.497 ,-1.9769, 2.3522,-0.6804, 2.4275, 0.9327, 1.1817, 2.9606, 1.3189, 1.3086,-2.2197,-0.9537]
[-1.9184, 0.4373,-3.2304,-2.8323,-2.4404, 2.4553,-0.2201,-0.1698,-0.4154,-2.9846, 0.7249,-2.021 ,-2.7557,-2.0801,-0.0231,-0.3619, 0.7201,-2.0443, 2.1016, 1.2562, 1.7746, 2.0732, 2.8703]
[-3.3292, 4.4616, 3.5809, 0.0848, 2.0685, 1.7368, 1.2093,-1.648 , 0.5373,-0.2403,-2.377 , 1.741 , 2.1097, 2.919 , 2.6902,-0.0912, 2.5714,-0.6364,-1.521 , 1.1769,-2.0813, 0.8757, 1.5638]
[-2.1067, 2.3421, 0.0938, 1.0932,-0.972 ,-0.8137,-0.3334, 2.1031,-2.1837,-2.2843,-1.7803,-0.2165, 3.1388,-1.4726,-1.5462,-1.5812,-0.9297, 1.9157, 2.6755, 0.5317,-0.7312,-2.8012,-1.3048]
[-5.097 ,-5.3413,-1.3542, 1.7279,-1.859 , 0.041 , 1.4229, 0.9545,-0.1321,-1.3068,-0.7276, 2.3242, 1.2293,-1.0995, 2.385 , 2.7864,-0.4054,-2.0491,-2.4552, 0.6589,-2.1841,-0.3168, 0.0293]
[-0.9255, 1.    ,-4.5439,-2.3192, 0.6164, 2.2682, 2.0458,-0.0599,-0.5711,-2.4017, 2.4052, 0.4023, 1.1062, 0.3413, 3.0906, 1.9697,-0.3631,-0.7335, 0.1363, 1.0855, 1.1702, 2.672 , 0.7553]
[ 4.2328, 0.1381, 3.8964, 2.4349,-0.4569, 2.0843,-1.1738,-2.243 , 0.9426,-2.7876, 1.191 , 0.0681, 2.2925, 2.0377, 2.3843,-3.0673,-2.5668, 1.8268, 2.4405, 1.0559,-2.0183,-1.6665,-2.2345]
[ 2.235 , 4.4036, 3.3911, 0.0303,-2.7575, 3.062 ,-2.5099, 0.2166, 1.4836,-2.6937,-0.3046, 2.3152,-0.111 , 1.3273, 0.6127, 2.7098,-2.8123, 2.7716, 3.0445, 2.4173, 0.9219, 2.4807, 2.2473]
[ 2.3691, 5.4332, 2.3023,-2.35  ,-1.1215, 3.0777,-0.6171,-2.689 , 3.0674,-1.3304, 1.718 ,-0.1153,-2.4968, 1.5261,-0.1503,-0.6225, 0.8284,-1.5498,-0.4326, 2.8776,-0.3712,-2.2413,-1.8424]
[ 2.919 , 4.2316,-3.7068,-2.4443,-2.4346, 0.1388, 1.7926,-1.5989, 0.0262, 2.6808, 1.2241,-2.3449,-3.0568, 0.8513,-2.252 ,-2.6157,-1.3534,-1.519 ,-0.9865, 1.274 , 0.3563,-1.5849, 2.4429]
[-2.6799, 3.403 , 1.4094,-2.3379, 1.4644, 2.487 ,-2.9414, 0.399 , 2.2002, 0.4313, 0.5149,-2.1442, 0.4768, 0.8614, 0.0204,-0.9627, 2.1526, 0.8506,-0.7758,-2.1961, 2.8583, 1.4738, 0.6039]
[-3.3425, 1.043 , 1.6699, 1.4539, 2.0686,-2.6974, 1.8079,-2.2487, 0.6698, 1.2192,-1.6505, 2.8018,-2.1347,-0.7975, 2.2114, 1.528 , 2.4009,-2.5552,-2.2912,-1.3415, 1.3853, 0.1742, 2.2552]
[ 2.1884, 3.5543, 0.2273, 2.9975,-0.9128,-1.9856, 0.6284,-0.6173, 2.4193,-2.5497,-1.624 ,-2.5928, 0.8181,-1.3283, 1.6709, 3.0019, 2.1989,-0.468 ,-1.5083, 2.8223, 3.0434,-1.6034, 1.3222]
[ 0.2702,-4.2386,-4.8098, 1.6862,-0.4185,-0.1401,-2.9165, 2.6001,-0.3296, 1.0393,-1.9981,-1.749 ,-2.0295,-1.1853,-2.5782,-0.4057, 2.704 , 0.4633, 0.985 ,-1.3896,-2.3515,-2.6155,-2.8027]
[-0.9195, 3.034 , 5.3448, 0.3326,-0.9635,-0.6487, 1.0385,-1.5856,-0.0193, 1.5904,-0.2463,-2.8286,-2.5647, 0.9701, 2.7318, 0.8048,-0.4848,-1.6444,-1.1977,-0.1347,-0.5548,-1.441 , 0.1947]
[ 3.7761, 4.1644, 0.7016, 2.12  , 0.6042,-0.1589, 2.6547,-1.4268, 0.7608,-1.2995, 1.4766, 0.6406,-2.2826,-2.5429,-3.0036,-2.3067,-1.8666, 2.071 ,-1.3801,-1.7902, 0.9306, 0.2141,-0.2538]
[-4.3136, 0.9684,-2.4858, 1.7541,-1.1363,-2.858 , 1.6952, 1.7624, 0.824 ,-0.3321,-1.8247, 1.64  , 0.396 , 1.9047, 0.3332,-1.6038, 2.6496,-0.4987,-0.011 ,-0.8448, 1.966 ,-1.3317, 0.0903]
[ 0.285 , 0.4416, 3.737 ,-1.5059,-1.421 ,-1.5401,-0.5832,-2.0425, 1.2306, 0.0596,-2.4294, 0.1419,-1.8079, 1.5323,-0.6903,-2.0841, 2.9321,-0.3296,-2.7453,-1.3038, 2.4583,-3.0277, 2.8305]
[ 3.2073, 0.6759, 0.2917,-0.7332,-2.5126,-3.0443,-3.1363,-2.2566, 0.8378, 1.9387, 0.6515, 0.0674,-2.6807,-1.7326,-1.6009, 2.7295,-0.8708, 1.2334,-1.4339,-2.7655,-1.1512,-1.9716, 0.2909]
[ 2.681 , 5.4022,-4.0621, 0.1435, 1.2397,-0.9337,-1.0413,-0.7909, 1.7174, 2.8719,-1.8254,-1.4612,-2.7438, 2.3836,-0.7908, 1.2248, 0.711 , 1.558 ,-2.3519,-3.0231,-2.3912,-2.8146, 2.5599]
[ 0.4376,-1.208 ,-0.7202, 2.9615, 0.5108,-0.9223,-0.0867,-0.8199,-3.0685, 1.7636,-0.087 ,-1.7946,-1.5468,-1.4965, 3.1022, 1.7993,-2.8453, 1.2457, 1.4742,-0.0488, 0.732 ,-1.9697, 0.1372]
[ 5.0648,-4.5657, 1.6319, 1.2463,-0.7373, 1.6713, 2.4372, 0.9002,-0.6072, 0.9211,-0.2641, 2.547 , 2.0186, 1.5944, 2.6677,-1.9815,-2.7622, 0.4736,-1.6657,-1.727 ,-1.4805,-0.1818,-2.9226]
