[ 4.6298,-0.2212, 1.995 ,-0.6517, 0.9618, 2.8467,-0.9763,-0.1775, 2.3968,-3.0064, 0.4048, 0.8788, 1.4572, 2.8627, 2.6796, 2.2799,-2.4414,-2.9228, 0.2053,-1.6531]
[ 5.0342,-0.1921, 1.4606,-2.8111,-1.2824, 2.3379,-3.0071, 0.833 , 1.7456, 1.2096,-0.145 ,-0.1023, 0.0592, 2.3278,-1.4026, 2.8656,-0.8388, 2.6902, 1.612 , 0.9064]
[-2.4109,-5.3515, 2.4632, 2.5836, 0.6653,-2.8429,-1.6179,-1.1561, 3.0157, 1.2695, 0.5709, 2.242 , 0.4758,-0.9663,-0.9184,-0.2144, 2.6315,-0.9059,-0.3764, 1.4   ]
[-2.0426,-0.7346, 2.5137, 1.8739,-1.3333,-1.2066, 1.0234, 1.4525,-2.8114,-1.9997, 1.0174,-2.8127, 1.2012, 1.2846, 2.3784, 1.7236,-0.2776,-2.5577,-3.1346,-2.5015]
[ 0.7507, 0.8483, 2.4741,-2.8562,-0.8797,-1.6175,-0.3234,-2.0016, 0.8374,-1.4768,-2.9899,-2.5863,-2.3118, 2.1722,-2.2979,-2.2403,-2.4831,-1.4912,-2.2712,-0.1542]
[-1.5381, 4.8402, 3.5921, 1.446 , 1.2752,-1.4675, 1.8453, 0.1153, 2.3774,-1.6109,-2.5113, 1.663 ,-0.8301,-1.8197,-2.8099, 0.0411, 0.1435,-0.6056, 1.0176,-1.3712]
[ 0.0872,-0.5533, 0.5141,-2.1854, 3.1212, 1.4992,-1.8225, 0.6353,-1.8027, 1.5975, 1.3117,-0.6333,-0.3082, 2.3377, 0.1408, 1.2718, 2.3346, 1.8325,-1.2959,-0.4938]
[-1.8189, 3.977 , 3.4006,-1.1637,-0.6504, 2.5674, 2.6948,-0.8652,-1.8721,-1.3671, 0.1446, 0.8459, 0.9889, 2.1467, 0.8789, 2.0211,-0.6575, 1.3274,-1.7467,-2.9144]
[ 2.1804, 4.125 , 2.547 , 0.3722, 2.712 , 0.2139, 2.8331, 1.401 , 2.5394,-0.0737, 1.4329, 0.3824, 2.2106, 2.8976, 0.6854,-0.3362, 2.2151, 0.5948,-1.6835, 0.9707]
[ 0.8733, 1.3334,-5.188 ,-2.0302,-2.1387,-0.418 ,-1.4518,-1.0675,-0.3934, 0.8311, 2.0574,-2.1092,-1.9843,-1.5296,-0.7361,-3.0762, 1.3384,-1.6641, 1.0391,-2.706 ]
[-4.7006,-3.7829,-4.7221, 0.5811,-2.1574,-1.1009,-0.7743, 0.7748,-2.9939, 2.4776,-0.9531,-1.9611,-0.3344,-0.7946, 1.347 ,-1.8909,-0.6468, 2.5369, 0.502 , 0.8938]
[ 1.9249,-2.4335, 4.771 ,-0.1505,-1.2062, 1.5821, 2.1495, 2.7826, 0.1462, 2.9951, 0.6227,-2.4058, 0.1966, 3.0481, 0.8472, 0.3679, 0.9923, 2.2249,-2.7613,-1.5807]
[-2.6866, 2.3011, 1.4632,-0.3881,-2.4245,-2.4382,-0.087 ,-0.4128, 0.8412,-0.5965, 2.9595,-1.2133, 0.639 ,-0.1142,-0.4489,-2.2276, 0.7377, 0.1   ,-1.5943, 1.8163]
[ 3.0103, 4.4502,-4.066 , 1.7345, 1.3224,-2.5585, 1.6103,-0.1311,-0.9434, 0.0285, 1.3107, 0.5338, 0.1733,-2.4746, 1.3468, 2.4497,-0.307 , 2.3475, 2.776 ,-0.0952]
[-0.118 , 4.7925,-2.9775,-0.9886, 2.4448, 0.3258,-1.5388, 1.5677,-2.9127, 2.566 , 2.5523, 1.5033,-2.0382,-2.3331, 0.2097, 2.4606,-2.0683,-2.4521, 1.6236,-2.3542]
[ 2.4163,-5.3793,-5.3504, 1.6658, 1.1343, 0.4351,-2.2307,-1.4887, 0.215 ,-1.7709,-1.3941, 1.6723, 0.7095, 0.5376, 2.1429, 0.2251, 0.9859, 1.4979, 2.2461,-1.107 ]
[ 1.8539,-3.6774, 1.0743,-2.9318, 0.9962,-1.7858,-1.8684,-2.0176, 0.0666, 0.4431,-2.4228, 2.454 , 1.1449, 0.9288, 2.6521,-0.8267, 0.8702, 0.5712,-1.5736, 2.0755]
[ 0.3049, 2.9717, 0.4131, 2.0125,-1.0907, 2.3649,-1.0182,-3.0541,-0.6376,-1.0869,-1.3612,-2.5112,-0.82  ,-0.3829, 1.8675, 2.2122, 0.1907,-0.8112,-1.8855, 0.21  ]
[ 1.6732, 1.4351,-4.6403, 2.667 ,-2.2916, 1.495 ,-0.5332,-0.5543, 2.5332,-1.6031,-0.2394,-1.65  ,-0.771 ,-0.63  , 1.8433,-0.3683,-2.4898, 1.3567, 1.7532,-0.3204]
[-0.5481,-5.2233,-1.0115,-2.7703, 2.9931,-0.7513,-2.7535, 1.3562, 1.8341, 0.0858, 2.1331, 1.4818,-0.1585, 0.4675,-0.7985,-2.9713,-0.4875, 0.0119,-0.8485, 1.6233]
[ 0.5366, 4.7843, 4.4981,-1.272 ,-1.3775,-2.3252, 0.3635, 0.7623,-1.2463, 2.9649, 2.6039, 0.9217, 0.8675,-0.9888,-1.5028,-0.3765, 3.0645,-0.7476, 2.1188,-2.7025]
[ 3.6268,-0.103 , 4.0239,-2.9636, 1.001 , 0.8616,-1.4533, 2.8244,-1.0152,-0.9836,-0.5335, 0.2158,-2.1293,-2.3288, 0.1242, 1.9616,-2.2719, 2.3891,-0.3081,-0.9388]
[-0.2566,-5.4612,-0.7504, 1.9967, 2.6718,-1.6774, 2.3157,-1.5421, 1.6979, 1.8348, 1.8106,-1.35  ,-0.1645, 2.5071, 1.2698, 0.3049, 1.9714, 2.7764,-2.4925,-0.1689]
[-4.9171, 2.2075, 2.508 ,-1.9756,-0.2245,-2.6429, 2.4925, 2.0363,-3.0855, 2.0957,-1.2273,-1.9326,-1.0728, 2.9177, 2.915 ,-1.1621,-0.6739, 1.8294, 1.4114,-0.2431]
[-1.3419,-1.2624, 5.3181,-2.0096, 2.9381,-3.1392, 2.7711, 0.6385, 0.1293,-2.8274, 2.9492,-0.6844,-2.1567, 2.3318, 1.0469,-2.4966,-1.7602, 0.4007, 2.9501,-0.6611]
[-2.1526,-0.2131, 2.0301,-0.7544, 1.6703,-1.2074, 3.1403, 1.7951,-2.4323,-1.0539, 3.119 ,-1.0247,-2.8636,-1.2922, 2.4931,-0.6358, 2.7905, 1.6289, 2.144 ,-1.8514]
[ 3.7181, 4.7244,-1.2649,-1.2869, 0.3632, 0.8192, 2.5308,-1.344 ,-2.4013,-0.6809, 1.5551,-1.631 , 2.8007,-2.9127,-0.2565,-0.8091, 1.7372, 0.63  ,-0.2164, 0.9449]
[ 5.4016,-3.866 , 3.4459, 0.9496, 0.0425, 1.4322, 1.383 , 0.4234, 2.8827, 1.6044,-0.4316,-0.404 ,-1.9225,-2.3373,-0.7514, 1.7249, 1.7186, 0.0841, 1.1465, 1.3817]
[ 6.1916e-01,-4.3256e+00,-4.5052e+00, 3.3436e-01, 5.4768e-02, 2.4813e+00, 2.3316e+00,-3.0718e+00,-3.1028e+00,-3.5092e-03,-1.4529e+00, 1.3477e-01,-1.4400e+00,-3.1502e-01,-2.8617e+00, 1.7080e+00,-4.8211e-01, 8.3048e-01,-1.3930e+00, 1.9142e+00]
[-1.0511,-4.0227,-0.3348, 0.2071,-1.339 ,-1.4683,-0.08  ,-0.2298,-2.4985,-0.773 , 1.1232, 1.1316,-3.0068,-2.7379,-0.2754, 0.7831, 1.9564,-0.9477,-0.7263,-2.8109]
[ 3.4988, 4.1222,-3.9608, 0.2522, 1.1346, 2.0531,-1.349 ,-2.5465, 2.0525, 2.4979, 2.4722, 3.0264,-0.4553,-0.8018, 3.0369, 0.1485, 2.5326,-2.3071, 2.4615, 0.2792]
[ 0.2178,-0.5745, 2.5194, 1.3927, 2.0319,-0.7603,-1.8727,-2.7569,-2.4958, 0.7714, 2.5074,-2.1746, 1.5694, 1.8111,-0.0931, 1.1964, 2.4374, 3.041 , 2.9867,-0.88  ]
[-4.5071, 4.9004,-4.7217, 0.0823,-1.9114, 1.9926,-2.3033, 2.9989,-3.1045, 2.0917, 1.1984, 1.0691, 1.7315, 1.8325,-1.8309,-1.4527, 0.9708, 1.488 , 2.3783, 2.2179]
[ 0.0273, 0.0504, 4.7678, 1.9073,-2.3949,-2.8755, 3.0491, 2.5928,-0.89  , 1.6813,-0.7773, 1.569 ,-2.1957,-2.8392, 1.6365, 0.4515,-0.8277, 3.1202, 0.6045,-1.0946]
[ 1.905 , 4.813 ,-0.9029,-1.0527, 0.2172,-2.4876,-2.6282, 0.0769,-1.6359,-0.3079, 0.6534,-0.4169, 0.2227,-2.4225,-0.4529, 2.3505,-2.9699,-2.4226, 0.7751,-1.4342]
[ 1.3965,-4.6566,-4.5359, 0.1819,-0.4475,-1.1037, 2.4745,-2.1954, 2.474 ,-1.6052, 2.9822,-2.446 , 1.0073, 1.7643, 2.4939, 1.4703, 0.5663,-1.6294, 3.0759, 2.587 ]
[ 4.9345, 4.483 , 2.4747, 0.0665, 2.9992,-2.9056,-0.0685,-3.0729,-0.4438,-1.0398,-0.9582,-0.313 , 2.1303, 2.585 ,-1.428 ,-0.2125, 1.8104, 2.0473,-2.1103, 1.6397]
[ 1.2907, 0.9094,-2.8987,-1.4947,-2.5006, 2.667 , 0.3032, 1.8331, 2.688 ,-0.4597,-2.4544,-2.2665, 0.7383,-1.4383,-2.5085,-1.8797,-2.0753, 1.2059, 2.0076,-0.6426]
[-0.3758,-4.7854,-3.1198,-0.4734, 2.9051, 3.0735, 1.5141,-1.0164, 1.6739, 0.2045,-1.8165,-0.5562, 0.2108, 3.006 , 0.5643, 1.7967, 2.3392, 2.9591,-1.9463,-1.353 ]
[ 0.0676,-4.3857, 3.0372,-0.8215, 1.938 ,-1.64  ,-1.5689, 1.7126, 0.5001,-1.1209, 1.7136, 0.0185, 2.6961, 2.9706, 0.6628, 0.2589, 1.2354, 1.301 ,-3.0031,-1.276 ]
[-5.2722,-3.8768,-1.3636,-3.1046, 1.8202, 0.7277,-1.4941,-2.4019, 0.2984, 2.3092,-0.912 ,-1.7082,-0.9325, 0.0369, 1.9745,-1.4521,-1.6334,-2.841 , 2.8073, 1.8577]
[-3.3407, 0.9981, 2.1576,-2.5219,-1.4223,-1.2957,-1.8732,-0.4834, 2.2248,-2.669 , 1.2481,-1.4896, 1.9871,-2.5181,-0.3535,-2.4836, 0.5406, 2.5668,-0.5223, 2.4818]
[ 0.3608, 0.7546,-3.6822, 0.4541,-1.2805, 0.1927,-2.0731, 1.9787,-2.3332, 1.708 ,-2.338 ,-0.5947,-0.614 ,-1.0923,-2.8982,-0.4689,-0.9423, 0.7365, 2.3065, 1.2631]
[-0.3456, 2.9112,-0.324 ,-0.3941,-2.428 ,-2.5718,-2.6707, 0.3604,-0.9297,-1.9795, 1.6974, 1.8581, 0.9346,-0.384 , 2.9243, 2.5466,-1.9257,-0.2441,-1.9018, 1.8925]
[-0.7834, 1.5244,-0.5247, 2.171 ,-0.7761, 2.5986,-1.2773,-2.6916,-1.7069,-2.2058,-1.3395,-1.7022,-0.9063, 1.9299,-2.1906,-3.1288, 2.2385,-0.5342,-0.7842, 2.7283]
[-1.5651,-4.8804,-0.2628, 0.693 ,-1.3207, 1.3141,-2.0954,-2.4877,-2.1122, 2.4035, 2.7358, 1.9981, 2.349 , 1.7609, 1.6522,-2.7213,-2.2144, 3.0054,-2.7242, 0.3073]
[ 5.4691,-5.1055,-3.5884,-1.018 ,-2.9378, 1.3315, 0.1131,-3.0783,-1.6824, 1.0281,-0.0496, 1.6778, 1.273 ,-1.3192,-0.9524, 1.4282,-0.6741, 2.5933,-2.2456,-1.2309]
[-2.8833,-3.7542, 4.4178, 2.2937, 1.1516, 0.8685, 0.0148,-0.55  ,-0.3041,-2.9106,-2.4183,-2.0626, 2.2876, 0.179 ,-1.7543, 1.0697,-0.5735,-1.6528, 0.6512,-0.8363]
[ 2.2254, 3.6917,-3.7216, 2.0492, 3.0758,-1.3099, 0.9965,-0.947 , 1.5679, 2.6084,-2.3257,-1.7979, 2.3899,-2.0293,-2.8708, 2.1704,-2.5076, 0.8901,-0.9802,-2.1582]
[-5.0334,-5.4995,-4.9048,-2.5907, 1.8387,-2.3222, 1.9046,-1.93  , 1.6614,-2.0181, 1.433 , 2.0077,-2.5904,-2.3078, 1.7249,-1.8216,-2.844 , 2.0551,-0.3748,-1.2037]
[ 3.0439, 1.3161,-1.7065,-2.9098,-0.3425,-1.1311,-0.2456, 1.4844,-1.5143, 1.4137,-0.3925,-2.2693, 2.9791,-2.1978, 2.9461,-0.8436, 2.5523,-0.5637,-2.9748,-3.1056]
[ 0.6964, 1.054 ,-3.6731,-2.6356, 2.8764,-1.5402,-1.337 ,-1.3443, 1.1897,-0.7727,-1.8953,-0.4683,-0.3271, 0.031 ,-1.4627,-2.1292, 0.2046,-0.1446, 1.6723, 1.6447]
[-2.3237, 1.7779,-2.6663,-0.7691, 0.79  ,-2.0784, 3.1161, 2.4596, 2.3032,-1.6863,-3.0078, 2.8481,-0.8759,-2.235 ,-2.3543,-0.0347,-2.9675,-2.7917, 2.3551, 2.6568]
[ 5.1463,-3.6278,-3.0939, 1.467 ,-2.214 , 1.9682, 0.4777, 2.1891, 1.8536,-1.2914,-0.8233, 2.7232, 1.8942, 1.313 ,-3.0038,-0.0918,-0.0803, 1.7818,-1.3229,-1.9189]
[ 4.0317, 2.1858, 0.1561,-0.093 , 2.759 ,-0.4041, 1.855 , 2.9879,-0.4178, 0.3512, 2.0991, 0.6492,-0.959 ,-0.3958,-1.5837,-0.8845,-0.703 ,-2.0062,-0.6467, 2.1054]
[ 0.5855,-0.0157,-4.4465,-2.0831, 0.0172, 1.1896,-0.8216,-2.957 , 1.5043, 3.1357,-1.6763, 1.4017, 2.8518, 1.4862,-1.4961, 1.8263,-1.8218, 2.9338, 2.2767,-1.8231]
[-5.4371,-2.3007,-0.7242, 0.6246,-3.1212, 1.315 , 2.6381,-1.6269, 1.4617,-1.0184,-1.308 ,-0.6459, 0.4579,-1.5947, 1.2013, 1.0732,-0.4001,-1.2659,-0.2833,-0.027 ]
[-4.1351, 1.8053, 3.4883,-1.8988, 0.4536,-1.1509, 0.2101,-0.0425,-0.0741,-0.4842,-0.7258, 1.5128,-1.2976, 1.4816,-1.4726,-2.3133,-2.8864,-2.8154, 1.2606,-0.338 ]
[-2.4239, 3.3314, 2.3885,-1.8962, 2.7775, 2.9434, 2.7094, 2.962 , 0.7957, 1.8587, 0.4892, 1.1135,-2.7141,-0.0166,-2.722 ,-0.6803,-2.3121, 1.5413,-0.2636,-2.9842]
[-3.1665,-3.3168,-1.3483, 1.8594, 0.7776, 1.9238, 2.2957,-0.1473,-2.9983,-0.2033,-0.9746,-1.3591,-0.5075, 1.2772, 1.5381,-0.3743,-0.98  ,-1.9151, 1.0353, 1.8191]
[-2.4051,-4.8975,-2.2167,-2.5625,-0.2946,-2.8952,-0.2292, 0.7106,-3.0921, 2.0275,-0.7055,-0.9948,-2.286 , 2.4014, 2.9963, 0.7433,-0.7909,-2.5158, 0.4678, 2.1347]
[ 5.2967,-1.8435,-1.7616, 1.3431,-2.8119,-0.7082, 2.6904,-0.8509,-0.4232,-2.7754, 1.605 ,-1.4444, 2.5022,-1.8312,-0.512 , 0.0483, 0.8941, 1.9213,-0.2755, 2.0897]
[ 2.9673,-0.3589, 3.5751, 2.0891, 0.0963, 0.4786,-2.6136, 2.6552, 0.6952,-2.5827, 1.2504, 2.8151, 1.5728, 1.2705, 1.4549, 0.9082, 0.8139,-2.2158, 1.0946, 1.2577]
[-1.1502,-0.7126, 3.5988, 1.5432,-0.2826,-1.5898,-1.4777,-1.3388,-3.0199, 3.1005, 1.1053,-0.6786, 2.7995, 0.8974, 0.7144, 2.5261, 2.0361, 2.9973, 1.5213, 1.9931]
[ 3.8931, 0.8442,-2.1863, 2.1636,-2.4319, 2.6792,-2.2384, 1.0245, 2.7448,-1.1214, 1.3623,-0.2175, 2.3286,-3.0551, 1.9341,-0.7116, 0.2954, 2.0323, 2.4974,-0.5019]
[ 1.3142,-4.5995,-1.3901,-3.1051, 3.0192,-1.9491,-1.7175, 1.4436, 1.2727, 0.8684,-2.47  , 1.2933,-2.4834, 0.1512, 0.2312,-2.6219, 3.1303,-2.7825,-1.3083, 1.0034]
[ 4.3962, 4.7294,-5.0061, 0.4297, 1.0772,-2.5011, 0.2943, 2.4276,-0.1978, 1.7562, 0.72  ,-2.7259,-1.5985, 1.5644, 0.5248,-1.8212, 1.136 ,-1.2688, 2.4197,-0.3112]
[-4.2551,-1.7673,-4.915 , 2.3739,-1.4892, 0.4857,-0.852 , 2.5009,-0.3667,-2.5407,-0.3856, 2.6007,-0.9891, 2.4312,-0.9317, 1.3522,-1.0343,-0.2051,-1.9995, 0.76  ]
[-1.7848, 1.1655,-3.6002, 0.4359, 1.0131, 0.7695, 1.8576, 0.9804, 1.9293, 1.0975,-1.5637,-0.4063, 0.5065, 0.0203, 1.5051, 0.7103, 0.3052,-2.6191,-2.3156,-1.4317]
[-3.9854, 2.0293, 2.1613, 2.4575,-1.118 , 2.2968,-1.116 ,-2.6769,-1.0482, 0.945 , 2.825 ,-2.96  , 0.939 ,-2.1232,-2.3131, 0.7424,-2.1319,-1.8004,-2.8638, 2.9997]
[ 0.089 , 1.0273,-4.6864, 0.4882,-0.3194,-0.0411,-0.9032, 0.9152,-0.7343, 1.5854, 1.3128, 2.7377, 2.7126, 1.2078,-1.716 ,-0.1689,-0.5533, 1.1417,-1.0246, 2.1765]
[ 4.2414, 2.7975, 1.2951,-0.2934,-2.8668, 3.0975, 0.4796,-1.6863, 2.9918, 0.8331, 1.087 , 0.9755,-0.7376, 2.1864, 2.377 ,-0.0986,-1.7571, 1.8039, 1.0406, 0.4111]
[-4.8278, 2.6645, 1.8179,-1.1825,-0.3128, 2.3958, 1.8356, 2.654 ,-0.8151, 0.6636,-1.935 , 0.8425, 0.3392, 2.8185,-1.5336, 1.2394, 2.9495, 1.7112, 3.0862,-1.879 ]
[-0.442 , 2.2189, 0.5523,-0.5978,-2.5156, 0.9285,-2.8023,-0.6337,-2.3751, 1.7649,-3.0968,-0.6813, 2.8893, 0.3139, 0.4856,-0.0272,-1.0214,-0.536 , 1.7459, 0.2797]
[ 2.1294,-2.3901,-2.7712,-2.3013, 0.7462, 0.602 ,-0.8047,-2.4911,-0.0951, 0.0042,-1.4805,-1.9581, 3.0283, 0.5466,-1.7373, 1.5616, 0.9941, 2.9814, 2.269 , 1.9031]
[-0.2595, 3.9051, 2.8383, 2.2321, 0.5175, 1.1569,-1.0445, 1.5598,-0.0797,-1.222 ,-2.7812,-0.9925,-1.1277, 0.2692,-0.5816, 2.4458,-0.3035, 1.604 ,-2.1578, 2.6148]
[ 3.5392,-2.9814, 0.9284,-0.496 , 2.6069,-1.9004, 2.7886,-0.118 ,-3.107 ,-1.4292,-2.0145, 1.54  ,-0.541 ,-2.458 ,-1.3793, 1.5754, 2.184 , 2.7231,-0.7704,-0.8613]
[ 3.5645, 2.0416, 2.2521,-2.8578,-0.314 , 2.2929,-0.4132, 3.1229,-1.3873,-0.7792,-0.1026,-0.2478,-1.6075, 2.524 , 1.6389,-1.5933, 2.8084,-2.6168,-0.138 ,-1.678 ]
[ 0.8954, 2.899 ,-0.4754,-1.4016,-1.0453,-1.8893,-2.3381,-1.4549,-0.501 , 2.6278, 1.4835,-1.5049,-0.5567,-2.1   , 0.496 ,-0.7358, 2.8786, 1.2903,-0.4404, 1.6142]
[-0.9974,-5.2102, 3.191 , 2.2662,-0.784 , 1.2067,-1.4352,-0.8564,-1.5211, 2.9462, 2.7529,-1.1973,-0.0974,-1.8927,-1.21  , 2.5928,-0.4196, 1.1705,-2.3807, 1.5358]
[-4.4158,-2.0139, 3.912 , 2.4417,-2.7335,-1.3071,-0.805 ,-0.4744, 2.8274, 2.9403,-0.1713,-1.4727, 1.988 , 1.0835,-1.0755, 0.5339, 0.5893, 1.5345,-2.0156,-1.7427]
[-3.3833, 1.0336, 1.6879,-1.3622,-2.6494,-1.784 ,-1.4259,-0.3302, 0.835 , 0.2708,-2.7432,-1.2235, 0.7581, 2.707 ,-0.4939, 2.7863, 1.8159, 0.8264,-3.1171, 2.5047]
[ 0.2207,-3.1993, 4.3906, 0.6066, 1.4066, 0.5116,-0.9816, 0.7778, 0.4353, 2.9612,-0.519 , 0.8609, 2.1276,-0.6425,-1.9983,-0.5524, 2.6175, 1.9453, 0.6565, 1.2574]
[ 1.0603, 1.0497,-4.0658, 0.5422,-1.56  , 2.6029, 1.4798, 1.7368,-0.9368,-0.689 , 0.5693, 0.428 , 2.7419, 1.4032, 1.9255, 0.6209,-2.9122,-2.7848,-1.7029,-1.0212]
[-5.0195,-1.5588,-4.8452, 2.22  , 1.2808, 1.2363,-1.4865,-0.5461,-1.4565, 0.0933,-2.4851,-1.0716, 0.4999,-1.9289,-1.1832,-2.5411, 0.661 , 0.9915, 1.6265, 1.7282]
[ 2.0089,-2.7322,-3.8176, 1.1189,-0.4278,-0.5533, 0.9328, 0.2186, 2.5826, 0.8576,-1.8279, 1.8895, 3.0108, 2.0263, 2.8072,-0.0784,-0.9561, 1.6529, 1.8453, 1.5204]
[-0.7402,-4.5886, 5.007 ,-0.2775, 0.5583,-3.085 , 0.7228,-2.0443,-2.3097, 2.7742, 2.4762,-0.0927,-1.0431,-0.1514, 2.1364,-2.8014,-0.4435, 1.3621, 2.4518, 2.4267]
[ 3.0757,-3.0929, 3.878 ,-0.8266,-1.0223, 0.451 ,-0.9541, 2.3327, 1.4758,-3.0394, 0.3191, 2.2834, 1.8654,-1.102 ,-3.0847, 1.8555,-0.5271, 2.4156, 1.996 , 1.007 ]
[ 2.6408,-4.2144,-4.9582,-1.3895,-0.6815,-1.2048, 1.6944,-1.2842,-1.5617,-2.7682,-1.7512, 2.1717, 1.054 ,-3.1411,-0.264 ,-2.5897, 0.719 , 2.5169, 3.109 , 2.3898]
[-2.9796, 4.1457,-4.2156, 3.064 ,-1.2067, 2.0079,-1.2617,-1.7189, 1.4603, 2.98  ,-2.146 ,-1.1868,-0.9143, 2.336 ,-0.6286, 2.0902, 1.0507,-1.6541, 1.5593,-2.9822]
[-2.1018, 1.3187,-0.6379,-1.196 ,-2.4084, 1.0026, 1.4412,-2.8219, 0.0725,-0.2829,-2.08  , 0.8937, 1.9145, 2.3335, 1.3469, 0.5953, 0.09  , 1.3679,-1.0065, 1.7017]
[-0.0142, 0.8838,-3.6078, 1.4644, 1.5115,-0.6802,-0.9577,-1.1867, 0.9208, 0.6919, 2.5482,-2.5884,-1.9977, 2.9145,-2.2278,-0.1395, 0.9723,-1.0269, 0.5213, 2.7189]
[ 1.7074, 0.6442, 1.036 ,-0.4367,-1.1541, 0.5882, 2.8028,-1.3133,-1.5675, 0.06  ,-2.6644, 2.3076, 3.0368, 2.3191, 1.1155,-0.5706, 1.3542, 1.8832, 2.9856, 2.577 ]
[ 2.6505,-2.3756, 0.6692, 0.9423,-0.6485,-2.4019,-2.0468, 2.792 ,-0.9394, 0.7135,-1.4372,-1.7479,-1.9963,-2.8844, 1.8146,-2.2591,-2.363 , 1.5226, 1.5609,-0.6439]
[-3.9688, 1.3286,-1.8961,-0.019 ,-0.5912, 1.9574,-0.7687, 2.4547, 1.6391,-2.6531,-3.136 , 2.3956,-0.9177,-0.4852, 0.4343,-0.6208,-2.9646,-2.0975, 0.7036, 0.3491]
[ 4.3317,-0.5706, 3.083 ,-1.3566,-1.8409, 1.4282, 0.3768,-2.5177,-2.6488, 0.1898, 1.9458,-1.387 , 1.6709, 2.1106, 2.2314,-1.2855, 2.9931, 0.9456, 0.3246, 1.6781]
[ 1.2122,-3.7277,-0.4512,-1.9523, 2.7978,-2.888 , 0.5287,-2.4302, 2.3442,-1.2576, 2.6699, 2.3862, 2.3708,-1.858 , 2.6867,-2.7086,-1.2689, 1.4377, 0.1269,-2.6895]
[-4.789 ,-1.2784,-1.1756, 1.1713,-1.8092,-2.6855, 2.9032,-0.7261,-0.4098, 2.031 , 2.4828, 0.7073, 0.6826, 2.8605, 0.5628,-2.0984,-0.3019, 0.4275,-2.2277,-2.8831]
[ 1.4075,-1.4599,-2.6177, 2.5992, 0.9973, 0.2538,-1.0514,-1.0566,-1.754 ,-2.5653, 2.2931,-0.0221,-2.5834, 0.2413,-2.3809,-2.2586,-1.3678, 0.3559, 1.584 , 0.9448]
[-2.881 ,-4.143 , 0.8456,-2.1351,-0.8714,-1.3476,-0.4628,-1.726 , 0.8251,-2.7588,-2.0799,-0.2036,-0.6951,-0.48  , 3.1318, 1.4066,-2.5607,-1.336 ,-2.1781,-0.4798]
