[ 2.23  , 0.6597,-3.6261, 1.6627, 0.9348,-2.6355, 2.9259, 2.4848, 2.3482,-1.7624, 2.5647, 0.7321,-0.4719, 1.6772,-2.0409,-1.1964, 0.386 , 0.0645,-3.1118, 0.1885,-0.2441]
[-1.028 ,-3.9125,-1.4213,-1.4327, 2.9909, 0.9924, 0.3762, 0.8156, 2.1281, 2.2687, 2.2923,-2.4532,-2.2265, 1.7552, 1.2846,-0.9719,-0.274 , 1.6463,-1.8984, 2.3942, 0.0051]
[-3.8411e+00, 1.1147e+00,-1.2547e+00,-2.2031e+00,-2.7820e+00,-4.1952e-04,-9.4274e-01,-9.5001e-01,-2.8849e+00, 1.3578e+00, 7.6248e-01,-1.1583e-01, 1.3088e+00, 2.3473e+00,-1.8500e+00,-3.9681e-01,-5.4214e-01,-2.1628e-01, 7.8251e-01,-1.4109e+00,-1.0996e+00]
[-5.4453, 0.6394, 5.1131, 2.5382,-1.4691,-1.9344, 2.1076,-2.5606,-0.6   ,-2.5639, 2.9402,-2.1304,-1.8342,-2.1774, 1.0256, 0.2499, 0.9719, 1.4816,-1.4722,-2.85  ,-0.8507]
[-3.2476,-3.1194,-4.0973, 2.5429, 0.0209,-1.0178,-0.6466,-2.7295, 0.8035, 1.4656, 2.1713,-0.5444, 0.0201, 2.9461,-0.6532,-2.8687,-2.3594, 2.4567,-2.8367, 2.8559, 1.2806]
[-1.1071, 3.5744, 3.2889, 0.5984, 1.8309,-2.7815,-1.5628,-2.5106, 2.6246,-2.1056,-1.0182,-1.0694, 2.6551,-2.0978,-0.6045, 2.086 ,-1.6303, 2.8286, 2.6656, 2.5149,-1.7584]
[ 1.4864,-1.7697,-1.8421, 1.8244, 1.4848, 2.968 , 1.3178, 2.2349, 1.419 , 0.1479,-1.7954, 0.3623,-0.7078,-1.2965, 2.0174,-2.8538,-0.0996,-1.9028,-2.0094,-2.5435, 2.8128]
[ 1.4249, 1.7984, 4.0718, 2.2529, 0.0852, 2.2422, 0.3352,-1.1274, 0.3982, 2.8568,-2.1437, 2.1925,-2.8065, 1.1301, 2.5018,-3.132 , 2.5137, 0.9261,-2.931 , 1.2673,-1.8482]
[ 3.0929,-2.0571, 2.1178, 0.3391, 2.8236, 1.2059, 0.578 , 1.2865, 2.9622, 1.4621,-0.8536, 0.3036,-1.7339,-1.1449,-0.3683,-1.5749,-0.3747, 2.2051,-0.5692,-0.3779,-0.2243]
[-1.8754,-0.053 , 0.1249,-2.1023,-1.4453,-0.5828, 0.7012,-0.0762, 1.1715,-0.9833, 1.1617, 1.0513,-3.0193,-3.0691, 1.3301, 1.2706, 0.7181, 0.6508, 2.3262,-0.722 , 1.2778]
[-1.994 , 0.1283,-0.9563,-1.1973,-0.0229, 2.0174, 3.0433,-2.6026,-3.0231, 1.0432, 1.2213,-1.4752, 3.0067, 0.8739,-2.8754,-1.7167,-1.5495,-0.0046, 2.3142,-1.0946, 3.1377]
[-4.2058,-0.7567,-1.0299,-2.9914,-0.8825, 2.2329, 1.6703,-0.8735,-2.3605, 0.0601, 2.3011,-2.0788,-1.1244,-2.5086, 2.0074,-1.3786,-1.4032, 1.0222,-1.2901,-0.6117,-0.7361]
[ 5.2374,-3.373 , 3.9153, 1.5043, 0.9905, 1.3696, 2.6083, 0.6548, 0.6061,-2.482 , 2.3054, 2.5025,-2.7903, 2.8225,-0.6731,-2.9624, 0.8064, 0.3601, 2.205 , 1.5962, 2.8998]
[ 4.1931, 1.9324,-2.7087,-2.6116, 1.6833,-2.0075,-0.6294, 2.1377, 2.5373, 0.9072,-1.8443,-0.0262, 2.7988,-1.1384,-1.8577, 0.9295, 1.6903,-2.0073,-2.1038,-0.3809,-2.5769]
[-0.5907, 4.9457, 3.0394, 0.4007,-0.7514, 1.3824,-0.6393, 0.6159, 1.5736, 0.3218, 0.8811,-3.1048,-2.2469,-3.0934,-2.3808,-2.9127,-0.7491,-1.3071,-0.3981,-0.5503,-0.7259]
[-2.2241, 1.3098,-4.0446,-1.5286,-2.3041, 1.9977, 0.3221, 0.6025, 1.6572, 2.4834, 2.0162, 0.5836,-2.725 , 0.7719,-1.8842,-0.9527,-0.6272, 2.642 ,-2.5636, 1.2682,-1.8447]
[ 4.4319, 1.2994, 2.9723,-2.3042,-2.7236, 2.6661, 0.9318,-2.9988, 2.8745, 3.0145, 0.9996,-1.0946, 2.4314, 3.0462,-1.6338,-0.0151,-0.5989, 0.2225, 1.462 ,-0.4418,-1.5634]
[ 0.2779,-4.8635, 4.7299,-0.348 ,-0.9015, 2.7572,-2.7736, 0.5245, 1.3003, 2.4878, 0.0327,-1.1717,-1.9458, 0.0119, 0.7263,-1.3912,-1.7665,-2.2182,-1.5769,-2.0604, 1.2568]
[-2.1065,-4.1076, 5.0024, 1.0762,-1.9147, 3.0085,-0.4285, 0.8749, 0.4422, 1.5387, 2.4972, 0.9166, 1.9855, 2.8337, 1.3423,-0.18  , 0.445 , 1.7187, 0.615 ,-0.7133, 2.781 ]
[ 0.8866, 5.4507,-3.1114,-2.9343,-0.1605, 1.3277,-2.9557,-0.5754, 1.0259, 2.8867, 0.2954,-2.0989,-2.2439, 0.1988,-1.8256,-2.1894,-0.9928, 1.0842,-1.3584,-0.6555, 0.6878]
[ 1.1321,-4.9723,-3.0551,-0.6286,-0.8309, 2.3321, 1.7422, 1.9691, 1.2778,-2.719 ,-2.5076,-1.2374, 2.2193,-0.1944, 1.3077,-2.9422,-2.7748,-0.7596,-2.5667, 1.7429, 1.8522]
[-1.1105, 0.6805, 2.1454,-1.9553, 0.6155, 1.7218,-1.6979,-2.5391,-2.0883,-0.1175, 0.2379,-1.8171, 1.2195,-0.7501,-2.5904, 1.7556, 0.6642, 1.0474, 1.3664, 2.8658, 1.8904]
[ 2.5835, 4.0863,-3.7439,-2.4116, 3.0298, 1.0235,-1.1761,-0.3342, 1.5561,-0.4756,-1.7321,-2.6998,-2.7655, 0.6806, 0.3186,-1.589 ,-0.9735, 2.6799,-0.5576,-2.1223,-0.7679]
[-0.8271,-3.1801, 5.0963,-0.7813, 2.2566,-2.7607,-0.0397,-2.2346, 1.2425, 1.9151, 0.9027, 2.7468,-1.3777,-1.069 ,-0.2425, 2.4475, 1.4409, 2.7675, 1.802 , 0.0804, 2.5509]
[-2.1321,-3.8313, 3.5369, 0.883 ,-1.7555,-2.2394, 0.4354, 2.1691, 0.842 , 3.0475,-1.0747, 2.3312,-1.6401,-1.8126,-2.9384,-1.3847, 1.5317, 1.489 , 2.9075, 1.1319, 2.3554]
[ 2.5506, 3.5552,-2.5647, 1.9504, 2.8397,-2.6153, 1.8867,-3.0944,-2.658 ,-2.4408, 1.433 , 0.0596,-2.1516, 0.3861, 1.5496,-1.0158, 1.5782, 2.2662, 0.0933, 1.1166,-1.5279]
[-3.8396, 4.7813,-2.4438, 2.9002,-1.9006, 0.8447,-2.8732,-1.6383,-2.3403,-0.8005, 0.3953, 0.9954,-1.2654, 2.0417,-1.9357,-2.2444,-2.5622, 2.1026,-1.2575,-1.2134,-0.1478]
[-5.3304, 4.2649, 2.7566,-0.8547, 1.2249,-2.6794, 2.5709,-2.184 ,-2.183 ,-0.0734, 3.1401, 0.1172,-1.9551, 2.1668,-2.183 , 1.3655,-2.979 ,-2.971 ,-2.2692, 0.6204, 0.046 ]
[-2.5076,-0.9612, 2.4569, 3.0326,-2.4523,-0.1942,-0.3566, 2.8974, 2.6023, 0.1324,-3.1057, 2.3398,-1.0014, 0.3241, 0.0695,-1.5834, 0.058 , 2.748 ,-1.7669, 1.6905,-2.9836]
[-3.6707,-4.2982,-2.075 , 1.6883, 1.3619,-0.6601, 0.384 , 1.9134,-2.4011, 2.2019,-1.4826, 0.4952, 2.1464, 2.0752, 2.6129,-2.0505,-1.133 , 1.5549,-2.8426, 2.5863,-0.968 ]
[ 1.9625, 5.174 , 0.9249, 1.9413,-2.1944,-0.2501,-1.0352, 1.0231, 0.4096,-0.9966,-0.712 , 1.0062, 2.6167,-1.4101,-2.3465, 2.8127, 1.8235,-2.6127, 2.9934,-3.0425,-1.8216]
[-3.9456, 0.0682, 4.9454, 1.5731,-0.0834, 2.8542,-0.7542, 2.2287,-2.2564, 1.7596, 0.8018, 1.0441,-0.8056, 3.1347,-0.6943, 1.6145, 3.1306, 2.5394,-0.2417, 0.0454, 2.2797]
[-3.9131e+00, 4.7372e+00,-3.7148e-02,-8.8230e-01,-1.8914e+00,-2.5087e+00,-1.6816e+00,-2.5879e+00, 1.0320e+00,-4.3636e-03, 2.6627e+00, 7.6948e-01,-2.6669e+00,-1.4709e+00, 2.6414e+00,-1.6019e+00, 5.8052e-01, 1.8141e+00,-7.1352e-01, 1.4394e-01, 2.4581e+00]
[-1.5578,-4.1146, 0.059 ,-0.0942,-1.9353,-0.8866,-2.9628, 2.1658,-1.5062, 0.5892,-0.4416, 3.0265,-1.4404, 0.0195,-2.05  ,-0.5948, 2.4276, 1.3562,-0.0637, 1.1893, 0.5053]
[ 0.4182,-0.85  ,-5.0728,-2.2561,-0.8568, 1.0438, 2.1818, 0.6102, 2.0049,-1.1987, 2.1874,-0.7559,-2.5959, 2.2805,-2.3757,-2.3943,-2.1744, 0.3287,-3.1272,-0.4991,-0.2494]
[-1.1742,-3.5919,-3.8651, 0.1621,-1.3767,-2.5759,-0.9907, 1.6442,-2.6634, 2.4779, 1.1286,-0.4082,-3.0981, 1.0907,-0.9278,-2.8874,-2.4211, 0.8043, 3.0792, 1.9903, 0.1028]
[-1.4967, 1.5425,-4.9007, 0.32  ,-2.246 , 0.9765, 0.3536, 1.8895, 2.4579, 1.6315, 0.199 , 2.7717,-2.994 ,-2.3775, 1.4674,-3.0467,-1.3398,-2.1238,-2.7938,-1.3075, 2.8604]
[ 1.6552, 2.3691, 3.0786,-2.9699, 1.8948, 2.1493, 1.4744, 2.9718, 0.5165, 1.3526, 1.4084, 3.1285,-1.6325, 1.6157,-2.5269,-2.1095, 1.9941,-2.5558,-0.357 , 0.0662, 2.9805]
[ 0.9697, 1.5046,-2.2965,-0.1168,-0.3158, 3.1169,-1.5512, 1.9095, 3.015 ,-1.3105, 0.1913,-2.034 ,-1.8721, 0.0462, 0.0645, 1.5296, 1.9093, 1.9155,-2.9804,-1.6269, 1.6429]
[-4.0787,-1.5128,-1.1782, 0.6171, 1.5645,-2.1057,-2.1876,-0.9984, 2.5862,-1.213 ,-0.7837, 1.9895,-2.6064,-0.0583,-0.1897,-1.2284,-0.2524,-3.0122, 1.4526, 1.1813, 2.706 ]
[-2.8344, 4.1984,-1.5959, 0.2651, 0.2213, 1.616 , 0.9179,-1.2592, 2.3087, 1.4018, 0.3172, 2.9191, 1.4281, 1.9812, 2.9925, 1.2463, 1.0143,-0.9526, 1.9543,-2.2823, 0.693 ]
[ 3.2611,-3.9579, 3.8147, 1.6809, 1.6945, 2.5796,-0.8958,-0.7751, 2.7201, 2.1677,-0.3266,-1.6868, 1.7971, 2.3538, 2.877 ,-2.3198, 1.3172, 0.8033, 1.7622,-2.4579,-1.758 ]
[-2.6578,-4.7568,-3.6755, 2.7374, 2.6095, 2.3379,-0.7678,-0.3679,-2.6695, 2.1757, 1.9181,-3.0302,-1.563 , 1.113 ,-0.4565,-2.9942, 1.3969, 1.2584,-2.6567, 1.119 ,-2.6316]
[-1.1001, 3.156 ,-4.3435, 1.8999, 2.1653,-1.635 , 1.1499,-0.0911, 2.425 , 2.4621, 2.4474, 0.3473,-0.203 , 0.5508, 2.246 ,-2.5382, 2.5049, 1.8708,-1.4751,-0.7418,-1.7494]
[ 2.8862, 1.6638, 4.1359,-2.5537, 1.2831, 2.48  , 1.2608, 0.7464, 1.1061, 0.316 ,-0.019 , 0.5016, 1.8575,-2.9388,-2.3765,-0.2158, 1.6852,-1.7584,-1.5984,-0.7503, 0.8366]
[-2.7739,-2.5419, 3.7222, 2.5982,-1.0876,-1.6473, 1.2489,-2.4804, 0.265 , 1.8247, 2.5327,-2.7268,-2.3024,-0.8727,-1.7376,-2.569 ,-2.9833,-2.2707,-1.9782, 0.3746,-1.1124]
[ 2.5704,-2.5909, 0.6341, 0.16  ,-2.9164,-2.9336, 2.5203, 2.0757,-2.4537,-2.5876,-2.1419,-0.9632, 2.5336,-0.3369, 0.0279,-1.5255, 0.535 , 0.5707,-2.9437, 2.6883,-1.6892]
[-1.0959,-1.653 , 5.2238, 0.8193,-1.2432,-0.5379, 2.6922, 0.7424,-1.2278,-2.1781,-2.2756,-2.1398, 2.6954, 0.6169, 3.0877, 2.7033, 2.0452,-0.546 , 2.5081, 2.6121,-1.932 ]
[ 4.4671, 4.4074,-0.698 , 0.2334,-0.9657,-0.3563,-0.2754,-1.161 ,-2.883 , 1.1236, 2.2524,-2.9795,-2.918 ,-0.4154,-1.6498, 1.8124, 3.0768, 2.0695, 1.9212, 0.2325,-1.8556]
[ 2.9635, 0.8363,-2.6072,-2.7074, 1.2908,-2.8218,-0.6744,-2.933 , 0.3154,-1.3764,-0.7492, 0.396 , 0.5256, 1.9664,-0.6883,-2.7934, 1.6795,-0.668 , 1.7362,-1.5975,-1.1198]
[-5.1876,-0.4159,-4.0296,-1.4494,-2.1747, 0.8907, 1.6721, 0.5109,-0.075 , 1.2075,-1.4504, 2.248 , 1.5629,-3.0673,-1.962 , 2.5819, 2.09  ,-1.1193,-0.5876, 2.7054,-2.0718]
[-5.1997,-3.2223, 3.4964,-0.0528,-2.932 , 1.8257,-0.7751, 0.656 , 1.541 , 1.8132, 0.7077, 2.2159,-1.7333, 0.2521,-1.3418, 1.0204,-0.2373, 2.7465, 1.8871,-1.5844,-0.0486]
[ 2.0322, 5.106 ,-3.4925,-0.2313, 0.8536,-1.7913, 2.8551,-2.3776,-2.3012, 1.7456,-1.9886,-2.7113, 0.5146, 2.3879, 1.3965,-1.2476, 0.1134,-0.4938,-1.3666, 1.9633,-2.1122]
[ 3.5594, 0.596 ,-0.1804,-0.9468, 2.1616, 2.9387, 1.192 , 1.637 , 2.12  ,-1.367 , 1.2532,-0.3637, 0.4353,-0.1918,-2.0685, 3.1293,-2.5675,-3.1123,-0.4465,-1.4571, 0.407 ]
[ 5.1199,-0.1687, 5.2925, 0.8832,-2.109 ,-1.4654,-1.0522,-2.3393,-0.0827, 0.2384, 2.3815, 1.0739, 0.8397,-1.9048, 1.9841,-1.0206, 0.7851,-2.1419, 1.8952,-1.3447,-0.9602]
[ 0.0333, 0.7745,-0.2622,-1.2674,-0.3022, 2.1365, 2.7682,-0.5279,-2.3798,-2.5429,-2.9707, 1.0129,-0.2493,-0.6838,-1.3853, 0.6972, 1.7627, 3.059 , 1.1883,-2.7008,-1.1306]
[ 0.1851,-2.0242, 4.549 ,-2.891 ,-2.1304, 2.6135, 2.9418, 2.615 ,-1.0574, 2.8536, 1.4436,-2.0756, 2.6179,-0.1146, 0.4987,-0.5287,-2.0594,-2.9394, 0.1421, 0.7003,-2.1405]
[ 0.0886, 2.1103,-0.4915,-1.6415, 1.6963,-2.5552, 2.3194, 1.1309,-1.2088,-0.9938, 0.0799, 2.8877, 1.7458, 0.6581,-1.612 ,-1.5704, 0.5194,-1.2733, 1.1865,-2.9611, 1.1952]
[-4.2584,-0.5128,-0.1508, 0.8284,-1.1719, 0.3003,-2.3882,-2.9604, 2.4652, 2.1033, 2.6412, 0.7501,-1.2267,-3.1264, 3.1415,-0.9079, 1.6322,-0.6197, 0.7201, 2.4651,-2.1826]
[ 4.023 ,-0.309 ,-2.6837, 2.6666,-2.1499,-1.2816,-2.4635, 0.5505,-0.8769,-0.2931, 1.3885, 0.22  ,-0.948 , 0.4161, 0.5619,-2.2625,-1.8303,-0.3419,-1.5173, 0.1515,-2.3797]
[-5.077 ,-1.5928, 2.7935, 0.0364, 0.5693,-2.8028, 0.3753, 0.9228,-1.6835, 2.386 , 0.5325,-1.173 , 3.1323,-1.7683, 1.4813, 2.6238, 0.336 ,-2.3497, 2.8072, 0.9309, 0.2293]
[ 4.0443, 2.548 ,-4.6977, 2.6469,-2.156 , 2.1037,-1.569 , 1.4609,-1.9281, 2.9113, 2.3618,-2.3743, 0.1846,-2.1646, 2.4741,-2.1497,-1.3485,-1.1148, 0.3952, 0.0975,-2.2617]
[-1.3116, 2.7211, 3.8256, 0.3754,-1.9084,-0.5245,-1.5019,-0.945 , 1.4631, 1.9958, 2.2117, 1.9096, 1.792 ,-2.0713,-1.644 ,-2.5206,-2.9763,-1.5302,-1.8155, 0.0433,-0.6267]
[-2.1918, 4.4056,-5.0425, 0.6156, 2.3818,-1.5652, 3.1156, 2.5119, 2.9435,-2.3864,-0.2378,-1.3171, 0.1024,-1.5561, 1.1009, 2.1971, 0.8019, 2.4608, 0.5839,-0.2969, 2.1506]
[ 4.2701,-4.5502,-1.8392,-2.1725,-2.2337,-0.2127,-0.3886, 2.4833,-1.9119,-0.9084, 0.5168, 1.4361, 0.6324,-0.6737,-0.4206,-2.9016, 2.3408, 2.8197, 2.2484, 1.1149, 2.1002]
[ 1.6718,-0.8985,-3.0607,-1.6016,-2.6261, 0.3575, 2.3584,-1.1729, 1.2447, 3.1108,-2.5405,-0.2552, 0.3676,-3.1249, 0.7169, 0.5231, 2.8705, 0.3028, 2.0186, 1.9501, 1.4017]
[-1.9757, 1.8012, 0.6173,-2.7533, 1.5638, 0.5611, 3.038 ,-0.8664, 2.7792,-2.5762,-0.4906, 0.2701, 1.1901,-2.8598, 2.7604, 0.6124,-2.0386,-1.6852, 0.8225, 1.2088, 0.32  ]
[ 4.8853,-2.9704,-1.3037,-0.9081,-2.7729, 2.2672,-1.21  , 0.0667, 1.6879,-1.9799, 0.8364,-0.1466,-0.9185, 2.347 , 0.6553,-0.4207,-3.011 ,-2.9668,-1.2065,-1.2941, 0.3178]
[ 4.7667, 5.1794,-0.396 ,-2.4857, 2.9759,-2.8409,-0.7843, 1.8395,-0.4099, 0.4003,-1.5458, 2.9213, 0.5953, 1.203 , 0.9243,-2.073 , 1.1775, 0.1249,-0.3056,-1.48  , 0.3261]
[-0.1615, 4.3539, 0.9258,-1.0468, 2.1504,-1.4977, 0.1555, 2.8529,-2.1761, 2.9331, 2.8546,-0.7575,-2.5117, 2.5285, 1.653 ,-1.0926, 2.506 , 1.9993, 0.1286, 2.9432,-1.7006]
[ 1.1402, 2.3832,-4.6882,-2.056 , 0.5043, 3.1272, 0.3115,-1.5169,-1.3443, 0.9372,-1.3106, 1.2446,-0.4435,-0.4589,-1.2735,-1.6617,-1.2636, 1.107 ,-1.3669,-2.9051, 0.7188]
[ 0.1903,-3.8562, 2.7197, 2.4575, 1.6294,-1.8729,-2.2429,-0.1692, 2.4511,-0.9336,-0.6445, 1.7444, 0.4364,-1.8596, 0.6252,-3.0423,-0.9222,-2.6614, 0.3398, 2.5159,-1.8817]
[-5.131 , 4.7071,-2.2006,-2.0829,-1.754 ,-0.2889, 2.5496, 1.4529, 1.6293, 2.9108, 1.7172,-0.9468,-2.1808, 2.8435,-2.5068,-2.7009,-2.3449, 2.3299,-0.3699,-0.4022, 1.877 ]
[ 4.9308, 5.3271,-4.6046,-2.2288, 1.5696, 1.3199, 0.1756, 2.7433,-0.2253, 3.0773,-1.9059,-2.194 , 2.1275, 0.7002, 2.7027, 2.5511, 1.8892, 1.2223,-0.9723, 2.9188,-0.4724]
[ 4.2984,-0.482 , 4.2871, 1.7814,-1.2027, 2.9391,-0.489 ,-1.5518,-0.1654, 0.9161,-0.7153,-2.4795,-0.4781,-0.2583,-0.4256,-1.873 , 2.521 ,-2.2626, 0.1463,-0.637 , 0.4673]
[ 2.1905, 0.6737,-5.1616,-2.411 , 2.7253,-2.8438, 3.0364, 0.5095, 2.643 ,-1.0638,-1.6626, 2.7777,-0.4518, 2.3723,-1.5821, 2.8251,-2.2462, 2.431 , 1.8917, 1.3008,-2.2868]
[-3.7894,-1.4938,-3.7835, 1.6826,-0.5583,-0.3101,-0.7495, 2.7472,-3.1196,-0.8413,-0.9362,-1.4459,-2.4497, 2.4572, 1.1913,-3.0727, 1.798 , 0.9172, 2.9893,-0.4201, 0.8495]
[ 4.981 , 3.9488,-1.6447, 2.8528,-2.5854,-2.0237, 1.9214, 1.9326,-2.321 , 1.8061, 2.4425, 0.3411, 0.2928,-2.2808,-1.7917, 1.1077,-0.2817, 2.5363, 2.6747, 0.4807,-1.3818]
[ 0.2201, 5.3411, 0.8902, 2.0762, 2.4824, 2.6099, 1.7651,-2.4001,-1.6607,-2.254 , 2.0904, 0.854 , 2.5513, 2.5167, 0.3612, 2.0174, 1.2981,-2.8133, 1.2089,-2.8567,-2.4073]
[ 1.4063,-3.5055,-5.2507, 0.2433, 2.1409,-0.0532, 2.3057,-1.4126, 1.6566,-1.7366,-1.1322, 1.4333,-1.7111, 2.9679, 1.7309, 1.472 ,-2.4055, 1.0508, 0.7204,-2.4254,-0.1194]
[-3.2675, 4.2339, 5.1595,-3.1215, 2.8306, 2.3771, 0.9957, 2.2711,-0.0409, 0.906 , 1.1016,-1.7815, 1.9233, 0.2164, 2.1824, 1.4308, 1.8669, 1.9322,-0.7933, 3.086 ,-3.0412]
[-1.7614,-3.8274,-0.6811, 2.1096, 2.2944, 1.5973,-1.5999, 1.0719,-2.8661,-1.1468, 0.6388,-0.414 , 1.0879, 0.0386, 0.1025, 1.8826,-1.6844,-3.0405,-2.8343, 0.5411, 1.6286]
[ 1.8194, 3.3869,-0.2943,-1.1391,-0.3988, 0.2534,-2.4221, 0.5136,-1.2439, 0.922 , 1.1861,-1.7092,-2.9547, 2.86  , 2.37  , 0.5075, 2.6035, 1.3327,-0.2919, 1.762 ,-1.3389]
[ 1.3114, 1.055 , 1.4581, 2.0487,-0.6054,-2.4604,-2.3574,-0.6096, 2.1552,-1.8565,-2.4737, 2.3345, 0.9853, 2.2522,-1.7901, 1.2911,-2.1909, 1.801 ,-2.28  , 1.6097,-2.4044]
[ 0.0086, 2.2911,-1.857 , 1.6273,-0.2386, 0.912 , 2.1957, 0.156 , 2.2692,-1.517 ,-2.8671, 2.9108, 1.6181,-1.9231,-2.3105, 0.2964,-3.1351, 0.6963,-2.4206, 2.4802,-2.4137]
[ 2.7656,-2.9259,-3.5351,-1.1528, 1.4313,-2.9149, 1.9111, 1.6699, 1.4427,-0.6819,-2.1767, 1.0984, 0.9814,-0.5631, 2.1168, 1.5214,-1.8778, 2.1942, 2.7366,-0.6025, 0.445 ]
[ 5.1659, 0.5968, 4.0449, 1.5374,-2.4333, 0.4718, 1.7973, 2.263 ,-0.1461, 0.8823, 0.6913,-2.2766, 0.6577,-0.8614,-2.4066, 2.3461,-2.2229,-1.7115, 1.9799,-1.8318, 3.0888]
[-1.5365,-4.2728, 2.0892, 0.3665,-2.3704,-0.5982,-3.1039, 1.1878, 2.111 , 2.3014, 0.5339, 0.2211,-1.0959, 2.78  ,-0.3906, 1.5964,-1.4786, 2.3609,-1.6833,-1.1879, 2.9354]
[-0.1581,-3.9241, 1.4444,-2.2839, 0.9308,-1.8429, 0.9672, 3.1005, 0.5936, 0.0538, 3.07  , 2.7286, 1.0739, 1.0645, 0.0957, 0.7361,-2.751 ,-2.9475,-2.7057, 1.1241, 2.0244]
[-3.7297, 5.023 ,-1.9469, 1.7953,-0.6408, 2.4123,-0.7594, 0.0123, 0.4949,-1.0841,-1.4214,-2.1949, 0.7958,-1.647 ,-1.0968, 2.8355, 2.2428, 1.8607, 2.5536, 0.1228,-0.8494]
[-4.1961,-2.4932, 5.169 , 0.7222, 2.1015,-1.1898,-1.0369, 0.0369, 2.0005,-2.7305, 1.5378,-1.6319,-0.3195, 1.2623,-1.1008,-0.01  , 0.5571, 0.5098, 3.0036,-2.1082,-2.2836]
[-3.0313, 1.3367,-2.456 ,-1.5509,-2.0223, 0.8749,-2.375 ,-3.0935,-0.3169, 0.7146,-0.6238,-1.0323, 0.2383,-0.3328, 2.8934, 0.2682, 0.2798, 2.6953, 1.1635, 2.0788,-1.1173]
[-0.1204,-2.0605, 0.2868, 0.1778,-0.2936, 1.3989, 0.2453,-1.234 ,-1.5087, 3.1324,-0.8164, 2.3358, 2.078 , 1.6971,-0.5987,-1.4697, 3.0498,-2.723 ,-2.3838,-1.5946,-2.5919]
[-2.1596, 0.9022,-0.1358,-1.4401, 1.9562,-0.6825,-2.058 , 2.8333,-0.9351, 0.4293,-0.197 , 2.8226,-2.6368, 2.5498, 0.9338, 1.4929,-3.03  ,-3.0464, 2.1685, 0.2519,-1.6485]
[ 5.0495, 4.7139, 1.1639, 1.0058,-1.7749,-1.0834, 2.302 , 2.1756,-0.3627,-0.8115, 0.6704, 1.7472, 1.1711,-2.4844, 1.9762,-2.9777, 2.2483, 0.0069,-0.3897,-3.0648,-1.1365]
[ 3.8715, 4.3534, 4.47  ,-1.2852,-1.7323,-1.7412, 2.4565,-0.7714, 1.377 ,-0.917 ,-1.8319,-2.2574, 1.1498, 2.3677, 0.9538,-2.2132, 1.1663, 0.7461,-0.4063, 0.3084,-2.8921]
[ 1.3312,-2.052 , 4.0221, 1.6901,-1.2016, 1.4283,-1.4785,-0.4144, 0.0142, 1.141 , 2.01  ,-0.7179, 1.0851, 0.0885,-2.4355,-1.4354,-2.3583, 2.2541, 0.816 , 0.3191, 2.1196]
[-0.3529,-5.0373, 0.208 , 1.6062, 2.0903,-2.4777, 2.8702, 2.3582, 0.7454, 0.0364, 2.6015,-2.6102,-1.2256, 2.1288, 0.155 ,-2.1491, 2.1503,-1.1678, 0.2265,-1.7116, 0.5842]
[-4.104 ,-4.2749,-1.336 ,-2.6005,-0.8982, 2.5653,-2.4099,-2.3033,-1.9945, 2.1598,-1.1418, 1.6675,-3.0061,-0.7931, 1.2986,-2.2899,-0.4496,-0.5038, 0.0068,-0.6176,-1.7327]
[ 1.322 , 3.1702, 0.7089,-1.7672,-0.4494, 1.1421,-1.7805, 2.9139, 1.0991, 1.3455, 0.041 ,-1.1997, 0.5971,-1.5624, 0.3545, 2.8478,-1.771 , 1.142 ,-0.8723,-1.7397, 2.0816]
