[-0.5936, 5.296 , 4.7693, 2.1847,-3.0761,-1.0627,-1.0041,-0.3909, 2.3622, 0.8184,-1.6034, 2.3841, 0.7075, 1.019 , 1.7935, 2.2796,-1.3274, 0.1306,-0.9061,-1.3395,-2.2445, 3.1239,-2.2461,-2.9526,-1.3868]
[ 1.6174, 4.4806, 4.4808,-0.0336,-0.1266,-2.2346,-2.7491, 2.0927, 2.8328,-1.2957, 2.3988, 0.3894,-1.7902, 2.1598, 1.4896, 0.2767,-2.4374,-1.3816, 0.891 , 0.2176,-1.4045, 2.7522, 0.4129,-2.5606,-1.3077]
[ 0.322 ,-3.6343, 4.2071, 2.6726,-2.2321, 2.0612, 0.2036,-0.4845, 2.4456,-3.0376,-0.1276, 1.4691, 2.1779,-0.4078, 0.501 , 1.3838, 0.1255,-0.5594, 2.5393,-1.5155, 0.324 ,-0.9705, 0.3831,-0.5407, 1.4818]
[-3.5934,-2.6904,-1.0853, 2.5941,-2.4947,-1.7775,-1.4927, 0.4068,-2.3994, 2.6999, 2.1253, 1.0725, 0.7067, 0.0739,-2.9086,-2.9661,-2.7803, 2.5895, 2.5385,-2.3113, 2.9237,-3.0367,-2.0043, 2.245 , 2.4256]
[ 2.1305, 3.1676,-2.244 ,-1.2454,-1.9678, 0.747 ,-0.7547,-0.4826,-0.7192,-2.0302, 2.5367,-1.5558,-0.0271,-0.7704,-2.0078, 2.861 ,-2.4418,-1.9063, 1.1241, 0.3032, 2.0956,-0.4631, 0.6918, 1.1703, 1.8987]
[-1.5055,-0.5679,-4.663 ,-1.4029,-1.2475,-1.1902, 0.7757,-2.598 , 3.095 , 1.9858,-1.7517, 1.7383, 1.7469, 3.1027, 1.1672,-2.1097, 2.1953,-2.9905,-0.413 ,-1.3908, 1.5554,-1.6926,-0.9004,-1.7784,-2.6987]
[ 1.7923, 2.8171, 2.278 , 2.462 , 0.3988,-0.9765,-0.1639, 1.8499, 0.3334, 0.9666, 2.3025,-1.9204,-0.2165,-2.9274, 3.0721,-2.2703, 0.9942, 0.7569, 0.995 , 1.2869, 1.1696,-1.3889, 0.2915, 2.8895, 2.3062]
[-3.181 , 3.0994,-1.4706,-2.7343, 1.6707, 2.1291,-0.7801,-1.3576, 1.3783, 2.8723,-1.3426,-2.6455, 1.7071, 0.6058,-1.1578, 1.422 , 2.7194, 0.0198,-2.725 , 0.0054, 0.4082,-1.7517, 2.0996,-0.0725,-2.3784]
[ 0.5324,-3.9972,-2.7448, 2.7784,-2.1453, 0.7101,-0.3838, 0.5786,-2.9092, 1.2342, 2.5471, 1.5562, 1.8185,-1.4087, 1.5394,-1.1442,-1.5459, 2.818 , 1.293 ,-3.0675, 2.4606, 2.4113,-0.6207, 1.8963, 2.9325]
[ 5.4585, 3.0609, 1.917 , 2.3968,-1.0881,-3.1319, 2.6025,-2.1908, 1.7542, 2.6661, 0.3695, 2.9342,-2.7447,-1.9469, 0.2792,-0.3721,-0.7961,-0.4213,-1.4195, 0.1251,-0.9572,-1.7839, 0.1417,-2.1269, 1.1733]
[-2.5742,-1.0313, 3.3048,-0.3207, 2.7405,-1.1679,-0.546 , 2.8484,-3.0664, 2.6453,-2.2714,-2.3321,-1.2001, 0.1867, 2.5675,-1.7493,-1.0347, 1.4558,-1.9838, 2.6428, 0.9279,-0.8809,-2.6598,-0.4822,-0.0803]
[-3.7289e+00, 4.7333e+00, 3.5912e+00,-1.3322e-03,-2.3222e+00, 1.9332e+00, 1.3559e+00,-9.1449e-01,-1.6658e+00,-2.2422e+00,-1.1551e+00,-1.5650e-01,-1.9278e+00,-2.3956e+00, 2.3379e-01, 2.9232e+00,-2.3674e+00,-3.9996e-01,-2.5913e+00, 2.5123e+00, 8.9547e-01, 3.8538e-01,-2.8146e+00, 6.9372e-01,-2.4152e+00]
[-4.5589, 4.6338, 3.9117, 3.072 , 0.9364, 1.5598, 1.8327, 0.2799,-0.8911, 2.4901, 1.3682,-0.1231, 2.09  ,-2.4922,-1.9944, 1.3542, 1.6741,-0.7079, 1.09  ,-0.0049, 0.1252, 1.0419, 2.3995,-2.9562,-0.7159]
[-2.4724,-2.1273,-2.2064, 1.0341,-2.2124,-1.054 ,-1.7983,-3.0436,-2.6113, 1.6046,-1.3246, 1.6918,-0.0964, 2.6357,-0.39  ,-2.9934, 2.6789, 1.4359, 2.9184,-0.6152,-0.9413, 1.7361,-0.2688,-0.6018,-2.0362]
[-4.033 ,-2.5992, 0.4117,-1.2286,-1.3265,-2.6839,-0.6537, 0.6739, 1.0201, 0.2048, 1.3001, 2.3838, 2.2542, 2.4065,-1.8812, 3.0094, 0.4385,-2.3473,-1.3559,-2.1027,-0.4521, 1.2368, 1.321 ,-2.3893,-0.9002]
[ 0.2249, 4.3059,-1.016 , 1.649 ,-1.2974, 1.7259, 0.9585,-1.1689, 0.4041, 1.2895,-0.6934, 0.2602, 0.7307, 2.4229, 2.4639,-2.9005,-0.0139, 1.3309,-1.555 , 0.9734,-0.7725, 2.2434,-2.8279, 3.0927, 1.1603]
[-4.2868, 1.0431,-4.3961,-1.0668,-2.9949,-0.2266, 0.6534, 0.7421, 2.2602,-2.8197,-2.3713, 0.899 , 2.6139,-1.7033, 0.6262, 0.4006, 1.0405, 0.2608, 0.8295, 0.6077,-0.6085, 0.5927, 0.8826, 1.1216,-1.1532]
[ 4.0518, 2.0587, 2.1741, 2.0076,-0.693 , 2.1755, 0.7983, 1.4939, 2.5874,-2.4905,-2.7864,-1.9207, 1.5752,-0.6435, 0.7102, 1.7824, 2.7593, 0.0071, 2.8596,-1.1836,-0.4397, 3.0285,-2.1748, 2.8717,-0.1741]
[-0.8751,-3.0755,-5.036 ,-1.7205, 2.8713, 0.4706, 2.756 ,-0.5998, 1.5765,-0.8319, 0.0554,-0.3973,-2.1526,-0.3537, 1.8605, 0.7676,-1.7616,-2.9454, 3.1347,-0.0249,-0.1607,-1.9872,-2.1385, 0.2147, 1.2134]
[ 3.4027,-2.3283, 1.6   ,-0.3234,-2.3975, 2.7191, 1.6465, 2.5768,-2.662 ,-3.0759,-0.6797, 2.0173, 0.9742, 3.0337,-2.4188,-1.3841, 3.0211, 0.9438,-1.2004,-0.136 , 0.5858,-2.767 ,-1.1623, 1.8456,-0.4747]
[-4.1936,-4.343 , 1.7499,-2.4264,-1.4764, 0.5927,-0.2511,-0.1308, 3.0259, 0.3358, 1.7941,-1.6268,-1.2446, 1.7669,-3.028 ,-0.7175,-0.656 ,-1.4104,-0.5951, 0.8019, 0.2003, 3.0695, 0.2321,-0.8845,-1.5859]
[ 5.1776e+00,-2.7006e+00, 2.3515e-03,-2.7418e+00, 1.5437e+00, 5.8851e-01,-1.1182e+00, 5.7355e-01, 1.1579e+00, 2.2596e+00,-1.0538e+00, 1.4540e+00,-1.3137e+00, 2.0910e+00,-2.5662e-01, 1.9952e+00, 2.3461e+00,-9.2699e-01, 2.0032e+00,-7.2722e-01, 1.1329e-02, 1.6214e+00,-2.0049e+00, 1.7633e+00, 5.2772e-01]
[-3.3663, 2.1399, 0.053 ,-0.0399,-1.1808, 0.762 , 0.1183, 0.9509,-1.1784, 3.1187, 0.7645, 2.6872,-1.7757,-2.2456, 1.6878, 0.3204, 0.5357,-0.3061,-1.1488, 1.2322, 1.6749, 2.7737,-2.0899,-0.9727, 2.2072]
[ 1.9322, 5.2729,-3.6713, 0.7447, 0.3149, 1.0668, 2.9334,-2.512 ,-1.4443,-1.354 ,-2.7996,-2.5732,-0.8485,-0.6539,-0.2211,-0.8859,-1.1042,-0.8533,-0.4711,-1.8878, 2.7765,-0.1877,-1.3278,-2.3637, 2.0408]
[-2.4584e+00, 1.8425e+00, 5.2205e+00,-2.4211e+00, 2.4933e-03, 7.1413e-01, 1.1620e+00,-3.0923e+00,-8.1942e-01, 9.7759e-01,-2.8211e+00,-1.0403e+00, 5.9857e-01, 2.7923e+00, 1.7927e+00, 1.8686e+00, 2.8434e+00, 3.1269e+00, 2.6910e+00, 1.4385e+00, 6.2540e-01, 2.4842e+00,-2.7380e+00,-1.3012e+00, 1.6208e+00]
[-0.4814, 3.2773,-1.6085,-1.0898, 0.3155, 1.0781,-3.0464, 2.763 , 2.5568,-0.0548,-1.9502, 1.9526, 2.4446, 0.4205, 1.7777, 1.2989,-0.8396, 3.0871,-1.7907,-2.4069, 1.0047,-0.5552,-0.3784,-2.2422, 1.5481]
[ 0.0098,-5.362 ,-3.4196,-0.4493, 1.8821,-1.3721,-0.8834,-1.8503, 2.4253, 1.7399,-2.4283,-0.3567,-2.0939, 1.5322,-2.582 ,-0.5002,-2.6312, 3.0833, 0.4669, 2.4838, 3.1222,-2.7947,-2.9341, 2.4385, 1.2394]
[ 3.3305,-4.7136,-3.7503, 2.5749,-1.1551,-0.6962,-1.938 , 2.823 , 1.723 ,-2.6498,-1.6985, 0.9893,-2.115 , 2.5315,-0.6296, 1.3355,-0.0254,-3.0844, 0.0468,-2.6693,-1.0793,-1.8632, 3.0048, 0.5534, 0.1301]
[-5.4164, 3.1487,-1.3588, 1.7889,-1.8328,-3.1122, 2.9715, 0.3923,-1.4307, 2.4112, 1.0764, 2.1897, 1.8433,-3.0346,-1.3098,-2.3677, 2.904 , 1.125 , 2.8439, 3.0224, 0.7525,-2.7112,-2.0252, 0.5589,-0.1394]
[-1.192 , 0.5986,-2.0619,-0.7938, 1.9301,-1.6482,-2.0748, 1.0851,-1.1271, 1.9515,-2.171 ,-2.1334, 0.1594, 2.4233,-0.6236,-1.6766,-1.8362,-0.2322, 0.7389, 3.1118, 1.3205,-2.5786, 0.1004, 2.4403, 0.821 ]
[-4.4098,-0.3453, 2.2151,-1.651 , 0.851 , 1.1777, 0.1854,-1.2854,-2.0746,-0.2709, 0.6666, 1.6123,-0.872 ,-1.5563, 2.5189, 2.0854,-0.6456, 1.9571, 1.3371, 0.2343, 0.7063, 1.1308, 0.9228,-2.3018,-0.1848]
[-3.3408, 2.3617,-0.2262,-0.4768,-2.7709, 0.9998, 0.0695,-2.9725, 0.9222, 2.8541,-1.3005, 2.2824, 2.9088,-0.6572, 0.7224,-0.2881,-0.5858,-1.5294, 2.5674, 2.1301,-2.9584,-0.7045,-2.7598, 1.5404,-2.3633]
[-3.3241,-4.0882, 1.6569, 0.3666,-1.3234,-2.6963,-2.4112,-2.2226,-0.2331,-0.4496, 1.4508,-0.3544, 2.568 ,-0.1153,-2.9402,-2.8063,-2.0614, 2.5493, 1.2896,-1.7682, 1.7233,-2.5223,-2.5002,-0.9427,-1.8526]
[ 0.6877, 4.062 , 2.1085, 1.1699,-1.909 ,-0.7257, 2.2254,-1.4032,-1.1356, 0.4018,-3.1159,-0.5953,-0.5101,-2.3267, 0.8314,-0.9917,-0.3022,-0.3474,-0.0869, 0.8591,-3.009 ,-2.409 , 1.544 , 0.4019, 2.8222]
[-3.464 , 4.7981,-1.4256, 2.4325, 1.7799,-0.3484,-1.6723,-0.0526, 1.3475, 2.8607,-2.3823, 2.5821, 0.4426,-2.9963, 0.9416, 2.7759,-2.8436,-0.0535, 0.6479, 3.0973,-1.4104, 1.4376,-0.248 , 0.8893, 2.0158]
[ 5.1615, 0.8964,-4.396 , 1.7768, 3.0296, 0.4103, 1.9716, 1.2298, 2.2175,-1.806 , 1.0902,-0.9123, 0.5997,-3.0394,-0.956 , 0.5068, 2.5054, 1.768 , 2.816 , 2.1078,-1.983 ,-0.0188,-1.2394, 1.5936, 1.9657]
[-2.7853,-3.8181, 3.6646, 1.7334, 2.0582, 0.2   , 2.2174, 0.6024,-1.716 , 1.9024, 2.2392, 2.3999, 0.1933,-2.2079, 1.4256,-1.6895,-1.7703,-3.0312, 0.3042, 2.2318, 1.0968, 0.2858,-2.5673, 0.517 , 1.8559]
[-4.1615e-04, 1.4591e+00,-4.6603e+00,-1.3295e-01,-1.8525e+00, 3.0968e+00, 1.1929e+00,-1.3822e+00, 1.9992e+00,-1.2701e+00, 2.8711e+00, 2.6725e+00,-3.4450e-01, 2.8590e+00,-1.6577e+00, 2.4951e+00,-1.2580e+00,-2.8116e+00, 2.1285e+00,-2.8097e+00, 8.7482e-01,-5.3031e-01, 1.8769e-01,-1.2089e+00,-2.4987e+00]
[-5.1669,-2.3887, 2.3467, 2.9318, 1.0589,-2.8746,-1.5098,-1.3793, 0.8196, 2.0103,-1.463 , 2.4462,-2.5876, 2.9037, 1.3352,-2.7776, 2.072 , 0.5425, 2.3678,-1.4195,-0.7587,-2.3179, 2.81  , 2.3342,-1.9843]
[ 1.0883,-4.2307,-5.0662, 3.0999, 0.5481,-2.0505, 1.8778,-0.495 , 2.3143,-0.5033, 0.7288, 2.3156, 1.4742, 0.3645,-2.2821,-1.5059,-2.0292, 1.1495, 0.5462,-1.1804, 0.7989, 2.6508, 1.7861, 0.3281,-1.0122]
[-1.5586, 3.5078, 2.36  ,-2.8764, 2.6489, 0.0406, 2.5315,-2.5061, 2.1328, 2.2024, 2.89  , 0.9781,-2.5131, 1.2314, 0.4375, 1.3666, 0.5307,-2.3322,-1.8986, 1.9446, 1.9864, 0.5958,-1.2317, 0.7227, 2.3857]
[ 0.1871, 3.7073,-3.4703,-1.3865,-1.6049, 0.1751, 1.4658,-2.6002, 0.3501, 2.0446,-0.5234,-2.6656,-2.6811, 0.3821, 0.8163,-3.1052, 2.7257,-1.9543,-1.2465, 1.9244,-1.7167,-0.5409, 3.0558, 0.1732,-1.2737]
[-0.9052,-3.5021,-0.6352,-2.4235,-1.9405,-0.7291,-2.8195,-2.6375,-0.8406, 1.8761, 2.6662,-2.1204, 2.3255,-1.7388,-3.0041,-2.9639, 0.2055,-0.0449,-1.1636,-2.9216,-1.9812, 1.4371,-3.0937, 1.7952, 1.3897]
[ 2.2531,-4.4371,-4.3134,-2.9264, 0.4878,-1.8615, 1.355 ,-1.4018,-2.8443,-0.2274,-2.0791,-1.4402,-2.423 ,-0.4858, 0.5387, 2.8473, 2.5048,-0.0806, 1.7255,-2.4777,-1.6978, 0.6282,-1.8475, 1.2801, 2.4115]
[-4.4055, 5.3466, 4.9322, 0.1598, 2.7052,-1.4878,-1.0379, 0.6045,-2.05  , 2.53  , 1.866 , 1.6185,-0.2617,-0.399 , 0.1445, 1.7989,-0.0735,-2.6481,-2.1044, 3.1271, 1.5503, 1.4966, 2.0236,-2.0588, 2.5561]
[-0.2565,-5.2379,-1.1718,-1.6076,-3.0742, 0.2436,-2.1457, 1.0895, 2.6199,-0.9433,-2.6446,-1.3154, 3.1167,-2.9112,-1.054 ,-0.2137,-2.0647,-1.2521, 3.0935, 2.5443,-2.42  ,-0.7155, 1.5015, 2.1231, 2.2137]
[-1.6371,-2.5506,-2.2931,-0.3351, 1.3544,-1.818 , 2.5268, 0.3688,-2.8886,-0.6177, 2.4881,-2.091 ,-1.2533,-0.2802,-1.1642,-2.5173, 2.8046,-0.1647,-2.7498, 2.1296,-0.7264, 2.1762,-1.8956,-0.7226, 1.6491]
[-1.3203, 5.0264, 2.4035, 0.3232, 3.1306,-2.0589,-0.4108, 0.2913,-0.5115, 2.1099, 2.4077,-1.2108,-1.5698, 1.7488,-0.1592, 2.8991,-0.151 ,-0.7341, 2.3126,-2.2058, 2.9873, 1.9499, 1.5527,-2.9643, 2.6292]
[-1.4328, 0.2202,-5.2141,-0.7631,-2.6   , 0.7061, 0.4411,-2.9719,-2.7276,-0.5285,-3.0806,-1.0095,-0.8338, 0.9679,-1.4104, 0.5527,-0.877 , 0.0336,-0.1804,-1.4189, 0.807 , 1.6412, 2.2485,-1.8879,-0.0442]
[-5.3191, 3.1958, 2.7484, 1.3984,-1.5816,-1.5465,-0.9007, 0.4171, 1.7183, 2.7037, 2.9504, 1.6931, 0.3417, 2.0664,-2.9857, 1.1728,-0.9706, 0.1746,-0.9284, 0.2268, 0.4187, 2.9959, 0.9426,-2.0772, 0.9144]
[ 0.2794,-0.4999,-3.862 , 0.9131,-1.9135, 3.0903,-1.3969,-1.0811, 2.3862, 1.8887, 0.9545, 0.1423,-0.8182,-1.7533,-0.2135, 3.0904,-2.3868,-0.5234, 1.1196,-2.1934, 2.4298, 1.1501,-0.5716,-0.4945,-1.3647]
[ 5.1118,-4.9572,-4.6579,-1.7222, 2.6054,-2.7585, 1.5322,-2.4821, 2.7083,-0.3385,-2.0408, 1.9745, 2.8305, 0.6909,-0.0344, 2.3408,-1.5501,-0.6126,-1.9784, 2.1584, 3.0571,-2.3582, 2.4801, 2.8868,-1.0157]
[-1.0829, 0.2501, 1.0827,-3.1145, 2.3678, 0.7208,-1.3929, 2.5203,-2.6401, 2.7473, 1.267 ,-2.3637,-1.6235, 2.4216, 0.4276, 0.7717,-2.2226,-2.6284,-1.6634, 3.0812,-2.8364, 0.3817,-1.7396, 2.3555,-0.6917]
[ 4.0997, 5.4837, 0.3774,-0.3139, 1.2787,-2.2819, 2.4738,-0.323 ,-1.8492,-2.1252,-3.1109,-2.3165,-1.6472, 0.107 ,-1.6915,-0.8926, 2.7856,-0.853 , 2.1586, 1.6529,-1.9165, 1.7808, 3.0399,-1.3746, 1.9463]
[ 3.5024e+00,-2.9939e-01, 1.5090e+00,-2.7553e+00, 1.0337e+00,-1.7515e-03,-6.3827e-01, 2.7370e+00, 4.4659e-01, 2.5794e+00, 8.5407e-01,-1.3908e+00, 2.5155e+00, 2.9479e+00,-3.1145e+00, 5.1988e-01,-3.7657e-01,-1.6378e+00, 1.3176e+00, 7.5373e-01,-2.1197e+00,-1.3085e+00, 2.6740e+00, 1.9899e+00, 3.1416e+00]
[ 1.8878,-1.4537, 5.146 , 1.5467, 0.2272, 0.3237,-0.5792,-1.6924, 2.1883,-2.877 ,-3.019 , 0.8373, 3.0793, 2.7287, 1.921 , 1.9053,-0.897 ,-2.1251, 2.7709,-0.4787,-0.2889,-2.0555,-2.6604,-0.4756,-0.9009]
[-4.6426, 5.2666, 0.5848,-2.2138,-2.9636, 2.0058,-2.5379,-0.3782, 2.9705,-0.7568, 0.7229,-0.1026, 1.3005,-0.0523, 1.2239, 1.2624,-1.432 , 3.1333, 2.5038,-1.2094, 0.537 ,-1.3433, 2.2117, 0.8025, 2.2968]
[-0.4822, 0.5046,-2.0153, 2.7641, 1.2895,-0.9076, 2.0412, 1.8119,-3.1127,-0.9255, 2.526 , 0.4509,-2.3147, 0.2615,-3.0423, 2.9045, 2.5213,-0.5365, 0.4842, 0.3481, 2.7824,-2.1257,-3.1389, 2.2288, 1.1473]
[ 0.5566, 1.8272,-2.4097, 0.3682,-0.7685,-1.2378,-1.0196,-3.1124, 2.0665,-0.6403,-1.0833, 2.7051, 1.3584, 2.4756,-2.8779, 2.5821,-1.0181,-0.242 ,-0.8509, 1.6197, 2.434 , 2.6935,-1.1086, 0.7735, 1.2353]
[-3.1244,-0.8948,-5.0885, 0.4247, 0.4423, 1.3626, 3.047 ,-0.4334,-0.2836,-0.9093,-1.7447,-0.7331,-0.0476, 1.3486,-0.4782,-0.4459, 1.5611,-1.1493,-2.2126, 0.0989,-3.0629, 2.1008,-0.2431,-0.9191, 2.6953]
[-5.3809, 3.2626,-3.898 , 1.5351,-2.7216, 0.3723, 2.128 , 1.8685, 1.0827,-1.1916, 0.2725, 2.0736,-0.8357, 1.5923,-2.8056,-1.5951, 1.5107,-1.7527,-1.5093, 3.0129,-2.0643, 2.3795,-2.7906,-0.0534,-3.019 ]
[-2.9149,-4.6701, 2.437 ,-0.8989,-2.1513, 0.8269,-3.0303,-0.1691,-2.7288, 0.9257, 0.2687,-1.1214, 0.8965, 1.2509,-0.5273,-1.1033,-1.6274,-0.3462, 2.6187, 1.8518,-1.3479, 2.8624,-2.3115,-1.2439, 1.8937]
[-2.9556,-2.3764, 4.5695,-0.3906, 3.0524,-2.2442, 0.4595, 2.3191,-0.8462,-0.811 ,-2.7464,-0.9087, 0.335 , 0.2874,-2.9614, 2.7599, 0.4612,-1.6656, 0.0962, 1.9589,-0.2058, 0.045 , 1.3176, 1.6738, 3.0977]
[ 4.6298,-2.0866,-3.5001,-0.9253,-0.3627,-1.2433,-1.9719,-2.0493,-2.9104, 1.3238, 1.3454,-0.9168, 1.0139, 0.2271, 2.9071, 0.5342, 0.7629,-1.218 , 1.4424, 1.8304,-0.138 , 1.5893,-1.1821,-1.4699,-1.7097]
[ 5.3886,-2.3885, 2.916 ,-2.6379,-0.6861, 1.7457, 0.1554,-3.0799, 2.2312, 2.9865,-0.5282, 1.5558, 1.0245,-1.7605, 0.428 , 2.8321, 2.0019,-2.3196, 2.9042,-0.7453, 0.6933, 0.3833, 2.5402, 0.6934, 2.8551]
[-1.7202,-5.1569,-0.4065, 1.0515, 1.2657,-1.759 ,-0.175 ,-0.5551, 2.2802, 0.7073, 0.6212,-1.8073,-0.2938, 0.2305, 0.4382, 3.075 , 2.9626,-0.5837,-1.0485, 1.8414, 0.0649, 1.2898,-1.1383,-1.7237,-2.7888]
[ 1.0895, 4.251 ,-1.7834,-0.2109,-1.0339, 1.8913,-0.8355,-0.359 ,-1.9605,-1.8735, 2.272 , 1.7992, 1.7145,-1.4331,-2.5104, 2.278 , 1.141 , 2.3052, 2.0502,-1.2315,-3.1004, 2.4446,-0.7559, 3.0121, 1.3561]
[ 0.8168, 0.1236, 0.8482,-0.3938, 0.6716,-3.1063, 3.0915, 2.993 ,-2.6776,-1.1942,-3.014 , 0.898 ,-2.5174, 1.571 , 0.316 , 2.8841,-2.2088,-0.6257, 0.898 ,-2.0736, 0.5504,-2.7228,-1.6777, 1.3091,-0.8146]
[ 4.2088, 1.8321,-3.9247,-2.5949,-0.1253, 2.3372, 0.2504, 1.248 , 2.1618, 2.5502, 3.14  , 2.2368,-2.1672, 2.0698, 2.4308,-0.8321,-2.2804, 1.0339,-1.0524, 0.3216,-1.5364,-0.2952, 1.4047, 2.9799,-1.4324]
[-3.2116,-1.6826, 2.527 ,-0.2797,-0.3059, 0.0794,-1.5965,-1.2733, 2.9924, 1.9393, 2.4019, 1.3088,-3.1345, 1.2447, 1.9544,-1.4402, 2.1846,-2.0994, 1.5058,-1.2262, 2.2387,-2.4096,-2.0631, 2.6872, 1.6037]
[-3.8683, 0.314 ,-3.128 ,-2.5686,-1.0598, 2.3466, 1.1089,-2.5563,-0.6213,-0.4851,-2.2456,-0.4563, 1.9953,-2.8425, 0.5817,-1.5729, 0.2752, 0.051 , 2.1452,-1.7413,-0.0205,-3.1127,-2.8607,-1.5469,-1.1149]
[-2.9014, 3.7667, 0.3671,-2.0088, 0.6137,-2.7754, 1.9703, 1.216 , 2.5406,-0.3957, 1.163 , 1.8605,-0.9923, 0.5474, 1.7126, 2.4021,-1.7197,-1.5558, 0.0762,-2.8708,-2.302 ,-2.1779,-0.7122, 1.97  ,-0.0357]
[ 4.6987, 0.0542, 4.973 ,-2.1072, 1.3042, 1.881 , 1.976 , 0.5038,-0.6866, 2.1198, 2.6386,-1.8126, 0.5033,-2.1989,-1.8368,-1.2252,-0.7831, 2.908 ,-0.2003,-3.134 ,-1.3715,-3.1198,-1.2281,-1.8736, 1.1126]
[ 2.4873,-2.2759,-0.6609,-0.014 , 3.016 ,-0.2414, 0.7379,-0.2307,-3.0138, 2.2508, 2.6913,-1.9895, 1.9674, 1.158 , 1.533 , 1.3673, 0.1914,-1.914 ,-2.3905, 0.542 , 1.4332, 0.5335, 2.892 ,-2.23  ,-1.313 ]
[ 1.3525,-3.812 ,-1.3528, 2.3235, 0.7575,-3.0517,-1.8931, 2.8186,-2.6017,-1.6441,-3.0558,-0.7507,-0.6417,-0.7895,-0.5308,-2.698 , 3.0743, 2.2809,-0.1609,-0.6385,-3.0319, 1.9469, 1.9463,-2.162 ,-2.4189]
[-1.8401, 3.5444, 3.4995,-0.9624, 2.3918, 1.1677, 2.8157,-2.5267,-0.5522,-0.4899,-1.5346, 2.2152, 0.5966, 0.9392, 0.633 , 0.2299, 2.9459,-1.4237,-1.3668,-1.3627,-2.7462,-1.7079, 0.1269, 1.9346, 1.5067]
[-0.7469,-5.2711,-0.4419, 0.6191, 2.1626,-2.9217,-1.223 , 2.1421,-0.2036,-1.5843,-2.2071, 2.9871, 2.8661,-0.9373,-0.9348,-1.73  ,-0.2256,-3.1165, 1.1926, 1.2928, 0.1143,-2.9625,-1.7212,-2.1802,-1.1567]
[ 5.0217, 3.2569, 0.4079,-0.375 ,-2.1954,-2.6275, 2.9642,-1.4616,-0.4008, 2.2132,-0.067 ,-2.2748, 1.0649, 2.5301, 0.5814, 1.541 , 1.1925,-0.1681,-0.5183,-2.6312,-2.5911,-2.5572,-1.7018,-0.627 ,-1.774 ]
[ 2.6427, 2.8344,-4.1819, 1.1572,-0.6215, 0.7201, 2.0971,-3.0771, 1.0547,-3.0444,-0.7985,-0.0478,-2.4706, 0.8428, 0.2372,-2.8614, 1.6098,-1.9494, 1.2035, 3.0799,-0.916 , 2.4415,-2.2609, 2.7333, 3.0776]
[ 0.5397, 3.9641, 1.954 ,-0.8772,-2.2731,-1.7439,-1.1386,-1.7687, 2.3547, 0.7557,-2.5338, 0.3573,-0.3516,-2.9985,-1.1303, 0.1848, 0.1667,-0.9404,-0.5395,-2.1727, 2.6299, 2.7133,-1.6606,-0.4771,-0.8683]
[ 2.9298, 2.5934, 0.9157, 0.7294,-2.4062, 3.0126,-0.3957, 1.5257,-1.7152, 1.4097,-1.3904, 0.6565,-2.5033,-1.0128, 2.5908, 1.2579, 0.9111, 2.5262,-1.8524,-1.8005, 2.8317, 2.9212,-2.9577, 1.914 ,-2.6438]
[ 1.3105,-0.4993, 1.6611, 0.8806,-3.056 , 2.8995,-1.2241,-2.2513,-1.4221, 2.0181, 0.2096,-2.3687, 0.188 , 1.6737, 2.9902, 2.7191,-0.7036, 0.2164,-1.9115,-0.8097,-2.8616, 1.8752, 0.2445, 2.9582, 0.724 ]
[ 4.7938, 0.1931, 0.9194, 2.9444, 0.2063,-0.5522,-2.679 ,-0.1112, 2.4039,-2.1125,-0.9577, 0.2134,-0.7062,-1.3064, 2.2717,-1.9162, 0.6983,-0.7562, 0.4628, 2.9495,-1.8556, 0.7219,-0.5999, 1.8564,-3.0524]
[ 2.1067,-3.132 , 0.8801, 2.5317, 0.2043, 0.6242,-0.7537, 3.0142, 1.878 ,-1.4563,-1.7126,-0.9179,-2.3675, 0.9744,-2.7851, 2.8219,-2.6412, 1.8819,-1.9631,-2.0437, 0.8166,-0.5419, 1.6272,-1.2198, 2.0416]
[ 2.5026,-3.2704,-0.7579,-0.6746,-3.1314,-2.0692,-1.0184, 0.164 , 2.443 ,-0.6993,-0.6656, 1.5211, 2.5042, 2.0502,-1.8003,-0.5132, 0.2109,-1.765 , 1.2265, 0.9619, 0.6529,-1.225 , 2.4208,-2.5685,-1.5893]
[ 2.558 , 1.5862,-2.3764, 2.1938, 2.0051, 0.4238,-0.4047, 0.4522,-1.5531, 1.9737, 1.6799,-2.062 , 1.1985,-2.3537,-1.2597, 1.4377,-0.9858, 1.5704, 1.3303,-2.9103,-0.6856, 1.3059, 2.8789,-2.4906, 1.8458]
[ 3.209 , 3.3419,-5.024 , 1.6849,-2.8656, 0.2506, 0.399 , 2.8229, 0.258 , 2.8397, 1.179 , 0.584 ,-2.2601,-2.2104,-2.0596,-2.7776, 1.8176, 2.907 , 3.0539, 2.233 ,-2.7272, 2.2911, 1.5519,-3.0539, 0.9741]
[-1.8084, 2.1339, 5.0758,-0.6748,-1.8662,-2.5816, 2.325 , 3.0618, 0.8247, 1.4314,-1.1368,-2.9947,-1.9501, 0.3967,-1.3415,-2.1263,-1.799 , 1.0309,-1.7794, 1.4977, 2.1138,-3.0672, 1.4987,-0.6614, 1.2796]
[-4.5881,-0.3888,-0.5411, 0.6659, 2.2588,-2.8079, 0.8502, 1.9932, 1.012 , 2.9447,-0.4907, 1.8851,-1.2003, 2.3239, 1.7963,-2.2134, 2.8042,-2.8269, 3.0628,-0.6424,-2.0977, 0.874 , 2.3662, 2.943 , 0.5193]
[ 0.2179,-2.8855,-1.9399, 2.3731,-1.7226, 0.2109,-1.0766,-1.0376,-3.0208, 1.4071, 0.3262, 2.5572,-1.6828, 1.5225, 2.868 ,-1.1185,-0.2474,-2.4334, 1.0564, 2.9123,-2.2181, 1.4135, 2.6523, 0.8904,-0.4015]
[-5.4589, 4.1823, 2.5796, 1.0494, 1.2785, 0.2701, 0.0876,-0.7392,-0.6811, 1.7297, 1.6309,-0.831 , 2.2155, 1.2602, 1.8417, 2.5676, 0.8787, 1.1477,-1.6713, 2.6111,-1.2048, 1.5141,-1.6597,-2.8249, 1.4972]
[-3.7651,-3.1054,-3.3397, 1.16  ,-0.8575, 1.9539,-3.0525, 2.4184, 2.8372, 2.507 , 2.2919,-1.2049,-0.2629, 2.2479, 1.1289, 2.3046,-1.6347, 1.1499,-1.1461, 1.0177, 1.4435,-3.1318,-0.0138, 0.9234,-2.6563]
[-2.8885,-4.3926,-2.9711, 1.8324,-0.5689, 1.6105,-2.9995,-1.075 ,-1.6974,-1.0119,-1.0164,-1.7253,-3.0856,-1.6134, 2.5356,-0.4951, 1.4901, 2.2327, 2.3405, 2.7105,-2.281 , 1.6226, 1.4714, 1.4037,-3.0317]
[ 3.8866,-5.12  , 0.5986,-0.2176,-2.4094,-2.9977,-2.5282,-0.8306,-0.8612,-1.3897,-2.6092,-0.0893,-0.9345, 1.0332, 2.2245, 1.5315, 2.4545,-0.7453, 1.2529, 2.4082, 2.8567, 3.0832,-0.8051, 0.9917, 0.1329]
[-1.9961, 3.9276, 4.974 ,-0.3728, 0.8701, 1.0046, 1.0303,-1.0522,-2.1901, 0.0577, 0.7743,-0.2032,-2.5484,-1.2674, 0.8157,-2.1953,-0.1577,-0.4944,-0.2525,-1.5992,-2.1244, 0.3307, 1.3498,-2.2016, 2.9513]
[ 2.0463, 5.4171, 3.1393,-2.8892, 1.4246,-0.9555,-2.1261, 2.0419,-1.2536, 3.0687, 1.2974,-1.6492, 2.0477, 1.735 , 1.6539,-2.414 , 1.4166, 3.0813,-0.7544, 1.7902,-1.3966,-0.488 ,-1.7431, 1.6924, 1.2063]
[ 5.1944, 4.5898,-0.8666, 2.1059, 2.6006, 2.2064,-1.781 ,-1.3504,-1.4023, 1.3083, 2.5115, 1.1441,-3.061 , 0.5782,-2.9352,-0.1664,-2.4371, 2.1746, 0.6284, 0.9153, 2.3409, 0.8146, 1.1772,-2.5176, 2.8047]
[ 2.3187, 2.373 ,-0.951 ,-1.0502, 1.0514, 2.5237,-1.4531, 1.6756,-0.1835, 2.4458,-1.6183,-1.4602,-0.4335, 2.2305, 2.7567,-0.4862,-1.5829, 2.4133,-1.5814, 2.4611,-0.6887,-0.4274, 2.6685, 1.7916,-0.0873]
[-2.9946,-2.9792,-1.9956, 0.9952, 1.7597, 2.8089, 0.2967, 2.5285,-0.5398,-0.4767,-0.4494, 2.6726,-2.4221,-0.8312, 0.0298, 2.0158,-0.6629, 3.0525,-0.1095,-0.244 , 1.1492,-1.8295, 2.7916, 1.4629,-1.9425]
[-1.9142, 3.1698, 2.729 , 1.1902, 1.2369, 0.1047,-1.297 , 2.455 ,-2.32  , 1.9336,-2.2356,-2.2183, 1.9761, 1.9899,-0.4665,-0.2401, 1.488 ,-2.6111, 1.59  , 0.1375, 0.3418, 1.1826, 2.9979, 2.8384, 1.5323]
