[ 3.8435,-4.3107, 2.6732, 0.4936,-2.1693, 2.7847,-0.9753,-1.2731,-2.7079, 1.0398,-3.098 ,-2.7336,-1.4512, 1.4224, 0.6567, 1.4918]
[ 4.3086,-4.0982,-1.9445, 1.5993,-0.0631, 1.4265, 2.4435, 1.0149, 2.2735,-1.4183,-0.0682,-0.6105, 1.9855, 1.3034, 1.5844, 1.6798]
[-4.9435, 1.1055,-0.6391,-0.9933,-1.1979, 0.5872,-0.7234,-1.8465, 2.4932,-1.8202,-0.7709,-3.0469, 0.7351, 1.2349,-0.8394, 1.9147]
[-0.4136, 2.0604,-4.2532, 3.0478,-1.9974,-1.5393,-2.9035, 3.047 ,-1.686 , 2.6879, 2.9072,-2.7405,-1.6334,-0.0119,-2.4584, 2.1103]
[ 0.722 ,-0.7491, 0.4494, 0.2854,-0.4562, 1.2418, 0.6841, 1.0973,-1.2844, 0.6729, 2.7582,-2.7431,-0.7409,-0.3523, 1.5357,-1.825 ]
[-1.0298,-0.137 , 0.5048,-2.8049, 2.4085, 2.1943,-0.9319,-1.584 ,-0.1193, 2.2359,-0.5923,-0.499 , 1.6481, 2.5317, 2.9803,-1.0405]
[-2.9292,-5.3836,-3.44  , 0.8673,-1.5933, 1.0751, 0.5042,-0.2679,-1.8367,-0.0783, 1.3733,-0.7833, 2.6188, 1.9505,-2.101 ,-0.7224]
[ 4.8409,-1.735 , 0.5419, 2.5555, 0.0635,-1.0287,-1.236 ,-3.0285,-2.6532,-0.4908,-1.8554, 0.4964,-1.4091,-0.9167,-1.5512,-1.0924]
[-0.1681, 2.0389,-0.1333, 3.0076, 3.0547, 0.8019, 2.529 , 1.882 , 2.6083,-1.9859,-2.8588, 0.1987, 3.1065,-1.9159,-0.2095, 1.472 ]
[ 2.7395e+00, 1.6922e+00, 4.0738e+00,-2.1100e+00, 1.2913e+00,-2.8186e+00, 1.2846e+00,-5.9196e-01,-7.6954e-01, 1.8371e+00, 7.5231e-01,-6.2043e-04, 2.0839e+00,-1.7450e+00,-2.9215e+00,-2.8069e+00]
[ 5.254 , 2.2062, 5.2085, 2.7847, 3.1015,-2.2273,-2.2836, 1.723 ,-1.4889,-2.4252,-1.4762, 0.3687, 0.9458,-2.5238,-1.3793,-0.3804]
[-4.1107,-4.2831,-2.3103, 1.5628, 1.3332, 0.6278,-3.0739, 0.6706, 2.0265, 0.2842,-0.2658, 0.6242, 1.6056,-2.0947, 1.3493, 0.8119]
[ 4.2424,-0.1658,-4.2039,-0.9638, 2.0751, 1.153 , 0.5757, 2.3335, 2.4216,-0.4943,-1.6449,-0.7633,-2.0949,-1.3895,-0.3865,-1.6848]
[ 2.6124,-3.6085, 2.9355,-2.3158, 1.9977,-0.8942,-1.0335, 2.1417,-2.8624,-2.8889, 1.2528, 2.6251,-1.196 , 0.7021, 1.627 ,-2.5376]
[ 2.6774, 2.3728,-2.7362, 2.0532, 1.4818, 2.4089,-1.4485,-0.6796, 0.6487,-1.8158, 1.2121,-2.5592, 0.4812,-3.0417,-0.8441,-1.095 ]
[ 2.676 ,-2.5029,-0.0161, 2.9126, 1.5663, 3.0316, 1.186 , 2.1521, 1.6209, 3.0893, 1.4385,-1.6254,-1.2486,-0.0735,-1.5558,-0.5697]
[-4.217 , 1.4636, 5.2663,-2.1757,-1.615 ,-2.8002, 0.7881,-1.7257, 1.6526,-0.4654, 0.0911,-1.8787,-2.0388,-1.3395, 0.3633,-1.1328]
[-4.2908, 4.8045, 3.9482,-2.471 , 0.0294, 2.0237,-0.5877, 0.4986,-0.8873, 0.7547, 1.8994, 0.8113, 1.0271, 1.2305, 1.3244,-3.0803]
[-2.0902, 1.1729,-5.2209,-2.2423, 0.1486,-2.8963, 0.1637, 2.3215,-2.4733, 2.4776,-2.028 , 2.8007, 1.2915,-2.6398, 0.9553,-0.0077]
[-1.657 , 1.1931,-1.4358, 0.6965, 2.5432,-0.2828, 2.9206, 1.7838,-3.0067,-0.3489,-0.1929, 2.9026,-1.2924, 2.2327,-0.7604,-0.998 ]
[-2.958 , 4.544 , 5.0784,-2.0206,-2.6681, 2.8852,-2.6544, 0.9856,-2.7355, 0.9394,-3.0442, 0.5968, 2.6102,-2.0188,-0.8545,-2.8574]
[-2.9197,-2.3071,-2.0906,-2.7739, 1.7279, 1.6373,-0.9725,-0.8458,-0.261 ,-3.0249, 0.2249, 2.7745, 0.6389,-1.2485, 0.6752, 1.42  ]
[-1.561 , 2.5157, 1.8383,-0.193 , 0.1013, 1.6326,-0.2895,-2.852 , 1.1168, 2.4452, 0.3918,-1.1093,-3.0638, 1.9729, 3.0136, 2.7633]
[ 3.9926,-0.2729, 5.1109,-2.1247,-0.0794,-1.9611, 1.2042,-1.3263, 0.9605,-0.8796, 0.7987, 1.758 ,-1.7178,-0.7271, 2.3014, 2.6959]
[-1.9353,-2.8522, 0.8812,-2.1056,-2.4201,-1.8985, 0.4895,-2.6192, 2.8018, 2.0546, 2.054 , 2.6586,-1.5902,-2.0833, 2.9834, 0.2578]
[-4.2595,-5.1562, 2.7321,-2.6519, 3.0809,-1.6862, 2.4836, 1.1698, 1.0542,-2.1747, 2.6608, 1.2551,-0.0792,-2.5941,-0.1469, 0.9711]
[ 1.8841, 4.0229, 0.6671, 1.3328,-0.8207,-1.5786,-2.929 , 1.948 , 3.0467, 2.0903, 2.6831,-1.3356,-2.587 ,-1.4343, 2.3882, 2.0463]
[-0.9825, 4.9494,-4.7864,-2.5547,-2.6239, 1.889 , 0.6561,-0.7289, 0.6117, 2.0231, 2.7474,-0.4053, 2.7884,-2.8173, 2.0205, 0.7301]
[ 4.9335, 4.3974,-4.6089, 2.5672,-0.0148, 0.1076, 3.0256,-1.2865,-0.3253,-2.7613, 2.0425, 0.1197,-2.9126,-2.3671, 0.7146,-2.7444]
[-1.6574, 3.4302, 1.6529, 2.236 , 2.6091,-1.4301,-2.6412, 2.5385,-0.3125,-1.7893, 1.1604, 1.9771, 0.1235, 1.0942,-1.7388,-2.9768]
[ 0.2717, 4.9311,-0.1035,-2.7837, 2.2898, 2.6105,-1.5523, 0.2003, 2.1033,-1.4963,-1.2214, 2.6875, 1.1358,-0.5972,-1.9694, 1.5564]
[ 4.1737, 0.9392, 5.0025, 2.0396,-2.8321,-1.3059,-2.3484,-0.0663,-1.4763, 1.9924, 0.948 ,-2.6906, 2.279 , 1.6208, 1.4742, 2.1944]
[ 5.3054, 0.8051,-4.9368, 2.1726, 2.42  , 3.0012, 2.3353, 0.0282,-0.5192,-1.0632,-0.0314, 2.5622, 3.0833,-2.8269, 0.9734, 1.8151]
[-1.1698,-2.5426,-2.6494,-0.1044,-2.1795, 0.721 ,-2.6553,-1.3981,-0.4022,-0.3346,-2.3477,-0.1555, 1.1209, 2.8429, 2.7671, 2.4666]
[-1.6625, 3.2722,-4.1674,-1.1758, 0.5987, 1.9527,-0.8216, 2.1466,-0.1566,-1.5487,-0.3863, 0.5896, 0.6278, 1.752 , 1.5787, 1.0815]
[ 3.922 ,-2.1951, 4.55  , 1.4024, 1.5656, 1.7985,-2.1929, 2.7425,-3.1009, 0.2139, 0.9093,-2.4115, 2.0463,-0.1767, 1.2056,-0.1892]
[-3.6891, 3.4049,-2.2507,-0.3856, 0.0821,-1.018 ,-0.6241, 2.6259,-2.5503,-2.2148, 3.0613, 1.9597,-0.3605,-2.5394, 2.6023, 2.7754]
[-3.9313, 3.4817,-0.9279, 0.765 , 2.7815, 1.0262,-1.7901, 2.1432, 2.4647, 1.5237, 2.6071,-0.4984, 0.6589, 0.7254,-1.3185,-2.9846]
[-0.1469,-2.9223,-0.4972,-2.9597,-0.7635, 2.3102,-2.091 ,-2.7824, 2.9431,-0.7775,-1.9805,-0.1248,-0.1514,-2.8484, 2.4324, 1.7595]
[ 2.7896,-4.8831,-1.8066, 1.1269,-2.1863, 2.9117,-1.5201, 2.408 , 2.6649,-2.9493, 1.83  , 2.2242,-1.7172,-2.8027,-0.605 ,-3.0587]
[ 1.0651, 3.2349,-5.324 , 1.4115,-2.073 , 1.1374, 1.7664, 1.2798,-1.9395,-2.5202, 2.4655, 2.3888, 2.2189,-1.7496, 1.5002,-0.7302]
[-2.0394,-0.1765,-5.464 ,-2.076 , 1.6512,-2.6922,-2.6177,-2.538 ,-1.2753,-1.9968,-0.3795,-2.2062, 0.5446,-0.1948,-1.0267,-0.6871]
[-3.2986,-4.9347,-5.4957, 3.0058, 2.9132, 1.0315,-0.5753,-1.0088, 1.1019,-0.936 , 0.1791, 2.8044, 0.6301,-0.8369,-2.8296,-1.3628]
[-1.0993,-5.4388, 5.3903,-0.7667,-2.4388, 2.048 ,-0.1247,-0.9015, 2.843 ,-2.5687, 0.5256, 1.8323,-0.0898,-2.3873,-0.369 ,-0.8277]
[-1.9667, 4.6851, 2.2283,-3.1376, 2.0196,-1.1977, 2.    ,-0.5412, 2.5324,-0.7101,-1.5088, 2.5627,-1.1965,-2.5453,-2.5201,-0.9643]
[-5.3862, 3.6688,-3.6747,-0.0521, 0.8684,-1.8743,-2.8945,-3.0325,-1.9911, 2.2352,-0.0872,-2.2271,-0.235 , 1.1715, 0.6965, 0.6667]
[ 4.3623,-5.148 , 2.9775, 0.6645,-0.7006, 0.9792, 1.7836, 0.2219, 1.564 ,-0.7576,-3.0464, 0.3271, 0.9789, 2.3398,-1.8728,-1.4976]
[-3.8205, 4.2408,-4.6803,-2.9489, 1.6294,-1.1134, 0.0864,-2.583 ,-2.5188, 0.9129,-2.6875,-1.7503,-0.0288, 1.7127, 2.2731,-1.7042]
[ 3.43  ,-3.6678,-1.8185,-0.4151, 2.962 , 2.6863, 1.7611, 0.8384,-2.4083,-0.9921, 0.3854, 2.3664, 2.6048, 2.1572, 2.3262,-3.0594]
[-3.9878, 1.153 ,-4.4319, 0.738 ,-0.3115,-1.8332,-0.7799, 1.8757,-1.5795, 0.0341, 1.8739, 0.6111, 2.3255, 1.9315,-1.6707,-1.0395]
[ 2.5265, 4.9943, 1.0466, 0.9958, 2.3974, 1.6387, 2.8785,-0.7585,-1.0048, 1.712 , 0.0684,-0.9187, 0.2684, 2.5087, 0.6948,-2.0524]
[ 1.3133, 1.0928, 4.9293,-1.5111, 1.9396, 1.4672,-1.9685,-0.2317, 1.974 ,-1.5277, 2.309 ,-1.2261, 0.3217, 1.3032, 2.4933,-1.5977]
[-0.44  , 2.4117,-1.3555,-1.2121, 1.965 , 2.3841,-0.6706, 2.752 ,-0.6033, 0.2418,-0.4329,-1.2562,-0.2493,-2.2037,-0.7677,-2.5144]
[-4.2943,-4.0566,-4.2124, 2.156 , 1.5943, 2.3541,-0.5309,-0.9796, 2.6208,-1.63  ,-0.2093,-2.102 , 2.1553,-1.8132,-1.7436, 1.7247]
[ 0.636 ,-0.0808, 0.7064,-2.2058,-1.657 , 2.7168, 2.5022, 2.8796, 2.9768,-0.201 ,-1.2749, 0.2528,-1.3641, 2.6788,-1.9833,-2.0667]
[ 0.3155, 4.4129, 4.9218,-1.9999, 0.6695,-2.7139, 1.856 ,-1.1997,-0.2455,-3.115 ,-1.6707,-2.7386,-1.2594,-3.0337,-1.322 , 2.7908]
[-4.0131, 0.9954,-2.533 ,-0.8209, 0.8001,-0.2813,-2.551 ,-2.7909, 1.6153, 1.3069, 0.831 , 2.1424, 2.6729,-2.1352, 2.7425,-2.3513]
[-2.5909,-1.2619,-3.4854,-0.6685,-1.8001,-0.8844, 0.396 ,-1.9516, 2.2482, 0.7176, 0.0404, 0.3189,-3.0102,-2.0634,-1.6669, 0.9794]
[ 3.6811, 3.1435, 3.6774, 2.8976, 0.068 ,-0.9727, 0.3894, 2.9301,-2.2189,-1.8591,-0.8793,-0.2904,-3.0935, 1.0281,-1.6039, 2.146 ]
[ 3.4455,-2.937 , 1.5395,-2.6156, 1.1418, 1.5049, 1.1787,-0.1106, 2.5306,-2.674 ,-1.9058,-2.1703,-0.231 , 0.5915,-1.794 , 1.291 ]
[-4.2488, 2.0995,-2.9801, 1.137 ,-0.9871, 0.8015,-1.2092, 2.2149, 0.6013,-2.8337,-3.076 , 2.4671, 2.8512,-1.7281, 1.3939, 1.4497]
[ 4.6730e-01, 1.2516e-03,-4.8360e+00, 1.2169e+00,-1.5978e+00, 2.1148e+00, 2.3952e+00, 1.8687e+00, 1.2198e+00, 1.0882e+00,-1.5925e+00, 5.1097e-01,-1.0629e-01,-1.1628e+00, 1.3862e+00,-2.6220e+00]
[-2.1674,-1.5081,-2.6275,-1.7667,-2.9809, 1.0747, 0.1486, 0.8294,-0.8961, 0.6629,-1.5962,-1.4386, 2.019 , 0.2386, 0.6908,-0.1371]
[-4.3979, 3.0612,-4.6005,-0.5049, 0.8331, 2.0435,-1.5021, 2.9678,-0.0312,-0.5053, 1.9567,-1.9472, 0.128 , 2.3681, 2.8862, 2.3154]
[-4.2179,-4.2458,-0.6331, 0.9482, 1.6876, 3.0685,-0.2027,-1.0078, 2.5061, 1.8164, 0.1388, 2.7222,-1.9259, 1.5475,-2.0767, 1.1286]
[ 2.2877,-0.3496,-1.1903,-2.594 ,-1.8242, 2.234 ,-0.3524, 1.5805, 2.1442, 0.5282,-2.6107,-3.0761, 2.9473,-0.2186, 2.0186, 1.8053]
[ 0.0236,-5.2864, 4.0793,-2.6258,-1.5853,-1.9098,-1.8902,-1.8732, 1.6322, 2.4748, 1.2137,-1.7548, 3.0061, 1.3695, 2.1182,-2.1621]
[ 3.7134,-3.8802,-2.6728,-1.0155,-1.396 , 2.5803, 1.7418, 0.9865, 1.6373, 1.1431, 2.8727, 1.4128,-2.7586, 0.3663,-0.3929,-1.2848]
[-0.5178,-1.5737,-1.3965,-2.1676, 1.3864,-0.4531, 0.2491,-2.7411,-1.5311,-1.3634, 2.1523, 1.2352, 0.6362,-2.1617, 0.7401,-1.1957]
[-2.0612,-4.8914, 2.4515, 1.5048,-0.6918, 0.0522,-1.9242,-1.4857,-1.4803,-1.5962, 0.3234, 0.9152, 2.6776, 0.7381, 0.9814,-1.6326]
[ 1.8254,-3.5827, 2.6977, 2.6729, 0.6341,-2.2705,-2.5471,-1.7579,-0.7359, 0.2096, 2.9421,-1.0652, 2.0575, 3.101 , 2.019 , 1.4079]
[ 2.3028, 3.7008,-3.1813,-1.5814, 2.688 , 1.9555,-2.5853,-2.061 , 0.421 , 2.1258, 3.0671, 0.5824, 2.7865, 1.1118, 0.8169, 0.7357]
[ 1.3487,-3.2688,-1.5834, 1.9609,-2.6785, 0.1803, 1.2404,-1.3589,-3.0259, 0.9289,-0.743 ,-1.2008, 0.0514, 2.7087,-0.231 , 1.3187]
[-2.5942,-3.1967, 0.6993,-2.6351,-0.9779,-0.7738, 2.9746, 1.8499,-1.3445,-2.5332, 2.3495, 1.492 , 2.2262,-1.5257, 1.2097,-0.9045]
[-1.4044,-1.7787,-3.4537, 1.9723, 3.0173,-1.7339,-0.1779, 3.1095,-0.7015, 2.3201,-2.9474, 1.9044, 2.9478,-2.9102, 2.905 , 2.8276]
[ 4.321 ,-1.4698, 0.2128, 0.543 ,-1.8653,-1.4   ,-3.0181,-2.7515, 2.6175, 2.8179, 1.2044,-1.1122, 1.648 , 0.4202, 1.2898,-0.3392]
[-2.1738,-2.9085,-0.8777,-0.1456,-0.2655,-1.6358,-2.2491,-0.5055, 2.577 ,-1.1059, 0.3266,-0.3549,-2.3236, 0.94  , 2.196 ,-1.2916]
[-4.334 , 3.8488,-5.0197, 0.1325,-0.9281,-1.8418, 1.0564,-1.3359, 2.1817, 2.4966, 0.6799, 0.7001,-1.6615, 2.6234, 2.9304, 3.1146]
[-4.1834,-1.7307, 1.6372, 2.6024,-2.6058,-1.8363, 0.6641,-2.4655,-1.121 ,-0.0517,-0.3136, 1.828 , 1.127 , 0.8889, 3.0995,-0.0286]
[ 5.4265,-5.0756,-0.2623,-1.624 ,-2.5477,-0.8102,-0.0213, 1.5254, 1.7663, 0.7037,-3.1244, 2.5087,-2.8458, 0.5358,-2.362 , 0.8596]
[ 0.4293, 4.3159,-2.5726, 0.3361, 1.442 ,-1.6496, 2.7082,-0.837 , 0.4667, 2.6677, 1.4309,-0.1786, 0.0659,-1.4065,-0.544 , 0.6321]
[ 3.2266, 1.0006,-0.7179,-2.8273,-0.3054,-0.5671,-2.0776, 0.3522, 1.5043, 2.6359, 2.621 ,-0.7397,-1.3419,-1.1308, 1.1171,-2.0549]
[-0.1155,-3.2445, 2.8849, 2.3169,-0.7706,-1.7395,-2.5287,-0.645 ,-0.515 ,-1.1543,-0.4506, 2.8934, 1.2898,-2.6281, 2.5271,-1.1634]
[-0.4565, 5.4668,-0.261 ,-2.0415, 1.0721, 2.8866, 0.5498,-2.4599, 1.2823,-2.3923, 1.8949, 0.1081,-2.9693, 3.1273,-2.6497, 0.3973]
[-0.9193,-5.2845,-2.925 , 0.959 ,-2.8835, 2.3653,-0.0547,-1.3158, 3.1368, 1.3968, 0.4705,-1.718 , 1.5742, 0.7149, 2.1972,-0.9211]
[ 3.7289, 4.7246,-0.5781, 1.1339, 1.8483, 3.0658, 0.2145,-1.737 , 1.7035, 2.7984,-1.316 ,-0.6635, 0.8375, 1.7027, 0.3622,-2.8832]
[-3.9675, 5.0018, 2.3315,-1.0934,-1.1491, 0.454 , 0.3444,-1.199 , 0.2512, 1.1215,-0.4522, 0.8226, 1.8261, 0.614 , 2.5453,-1.4856]
[ 4.135 , 1.8548,-4.9377,-1.9595, 1.2587, 2.2212,-1.8724,-0.7995,-1.3239, 2.2167,-0.8584, 1.7234,-2.7637, 0.0922, 2.0645, 2.2684]
[ 0.83  , 5.4231, 2.2718,-0.6973,-2.8329,-2.2164,-2.9355, 0.766 , 0.5409, 1.9868, 1.1768, 1.0021, 2.8036, 2.8896,-1.1284,-1.5373]
[-1.9375, 0.6298,-3.0572,-0.2   ,-0.3039, 1.6705, 2.0874, 2.4363,-0.9823,-0.2503, 1.9812,-2.4572,-1.5046,-2.1106, 0.2828, 2.8084]
[-3.6843,-0.3558, 4.9473,-0.0609,-2.5405, 2.4074, 2.9792, 2.9372, 1.6696, 0.2888,-0.1527, 2.0629,-3.1003, 1.905 , 2.0768,-0.9461]
[ 1.8983, 5.3462, 1.9197,-3.0042, 0.6482, 2.9375, 0.6394,-2.0134, 2.7403, 2.0072, 0.3344, 1.1906, 2.838 , 1.016 , 0.1035, 2.5113]
[-0.4876,-3.3335,-3.0433,-2.8959,-1.6989, 3.0549, 1.1546, 1.623 ,-2.7883, 0.0843, 1.75  ,-1.9189, 2.2752,-2.9122, 0.1207, 2.2949]
[-3.0263, 0.555 , 3.9165,-0.5199, 0.7568, 1.9986,-2.4233, 0.1949, 1.7678,-0.2897,-1.2669, 2.5899,-2.3904,-1.3347,-0.692 , 1.7206]
[ 5.3657,-1.7082,-0.1426,-0.2902,-1.2814, 2.2456,-1.8398, 1.8898, 2.1643, 1.7746,-0.8126, 0.431 ,-2.9688, 0.4131,-1.4514,-0.6573]
[-2.1361, 4.8616, 3.8104, 0.761 , 2.3681, 0.6051,-0.8612,-1.4071, 1.9295,-3.0077,-0.0506, 0.1761,-0.9181, 2.6658, 0.1788, 1.3854]
[-3.798 ,-4.9255,-1.3867, 2.5677, 1.2196,-1.9791,-2.5573,-0.125 , 1.8912,-2.5192, 1.7485, 3.0478,-1.6018, 2.8292, 3.1   , 0.3484]
[-5.4501, 1.0391,-4.3733, 2.4255, 0.7915,-1.7568, 2.7661, 0.047 ,-2.8295,-2.0661, 0.5435, 1.6137, 1.0026, 2.859 , 3.1131,-1.5898]
[ 4.7622,-3.1429,-1.8514, 2.5022,-1.5066,-0.6318, 2.4097, 2.1544,-1.9298, 2.1519,-1.7489,-3.1071, 3.0142, 1.9309,-0.0468,-1.8307]
[ 3.0793,-1.7756, 2.1806, 1.0085, 0.6203,-2.294 , 1.0847,-0.907 , 2.7547,-1.9943,-0.5059,-1.6465, 1.3757,-2.6134,-0.4886,-1.5076]
