[-4.9422, 4.5208,-2.9593,-3.0417, 1.2952,-1.8629, 1.7931, 0.0496, 0.0226,-0.9458, 2.6184, 1.0492, 0.2096,-2.1245, 0.3472, 2.7019,-2.605 ,-0.7748, 2.34  , 2.0614, 2.9397,-0.6237,-0.2939]
[ 1.6209, 4.5738, 1.7491,-3.112 , 0.8003,-2.3374,-1.6242, 1.4057, 0.2692,-2.8914,-2.967 , 2.7956,-1.9212, 0.6893,-2.344 ,-3.0702, 2.6338,-2.0344, 0.9839, 2.2723, 0.3665,-2.9914,-1.1706]
[ 0.9558, 1.9993,-5.1352, 1.5659, 0.2625, 2.0359, 2.5789, 0.0706,-2.7004,-0.1084,-2.969 , 1.7392,-1.7894,-0.6717, 1.1611, 0.4507, 2.2425,-1.4458,-2.5345, 0.2452,-0.7019,-2.4796, 2.8524]
[-0.6053,-4.7429,-2.7437,-0.6718, 0.8776, 2.3572, 1.4407, 0.3431, 1.5727,-0.0216, 2.8916, 0.7797, 1.9678, 0.6286, 2.8907, 3.0967, 0.1874, 2.9623,-1.7289, 1.0862,-1.2425,-0.6237, 2.1825]
[ 1.1549,-5.3512, 1.844 ,-1.2937,-0.9298, 0.5847, 0.4764, 0.5622, 0.2384,-2.8308, 1.3113, 1.0711, 0.2325, 1.5866, 2.1335,-0.9531,-1.8318, 2.2778,-0.6988, 1.7083, 0.634 , 0.8656, 1.6278]
[-0.6928, 3.4101,-4.9685, 1.4298, 2.6933, 2.3604, 3.053 ,-0.8576, 0.5815, 2.9522, 0.8253, 0.3468, 1.3237,-0.5766, 2.3572, 1.5008, 1.2239,-1.9961, 1.7863, 0.7697, 2.7626, 2.5352, 0.298 ]
[ 2.0872,-2.7207,-2.2118,-2.3216, 1.5811,-0.1923, 3.0818,-1.1849, 0.5796,-1.2773,-2.0025, 2.9125, 1.7157,-1.2504,-2.5545, 1.6292,-2.0397,-1.9266,-1.2884, 0.9338,-2.0412, 0.6722, 0.0753]
[-4.6325,-5.1514,-1.2258,-2.743 ,-1.2044,-1.9478, 2.2293, 2.8141,-0.4489,-0.835 ,-1.9516, 1.1422,-1.7027,-0.6556, 1.3123, 0.4604,-1.8297,-1.7382,-0.6515, 2.6373, 2.6671, 2.2234, 2.9083]
[ 3.8466, 5.1566, 1.8347, 1.8308,-1.1756,-2.7267, 2.9176,-1.655 , 0.6158, 2.6755,-2.9177, 1.7173, 0.184 ,-1.2009, 0.8127,-0.4704,-1.8482,-1.9129,-1.0181, 2.4617, 1.9669,-2.0814,-0.1557]
[ 1.1354,-0.9815, 1.4644,-2.139 ,-1.5441,-1.8796,-3.0258, 1.8993, 2.5846,-0.2912,-1.6977,-1.2636,-0.3781, 0.3038,-2.6659,-1.54  ,-1.6637, 1.5487, 1.9387, 1.188 ,-2.0249, 1.2955, 2.1494]
[-0.989 , 3.9161, 1.0067,-2.6174,-2.4491, 2.2155, 1.6721,-1.9879, 2.826 ,-1.4102,-0.4363, 1.0091, 1.465 ,-0.4035,-2.5573, 1.7089,-1.0398, 2.8325,-0.1951, 2.4813, 0.5618,-1.3954, 2.1061]
[-5.1434, 4.3706, 2.36  ,-2.6968,-1.6055,-1.5826,-0.8438, 1.554 ,-2.6424, 2.0008,-2.6264,-1.1207, 2.6024, 2.3903,-0.3023, 0.8928, 0.6089, 2.2385, 0.8216,-0.4942,-0.4857,-2.998 ,-0.1127]
[ 4.1559, 0.5744,-1.4866, 1.0736,-2.0386, 2.711 , 1.8576,-1.4163,-0.4916,-1.0619,-1.9009,-2.7535,-3.069 ,-0.1971,-1.5509, 2.965 ,-3.0867, 2.5249,-0.0327,-2.2131,-2.3985, 2.9084, 2.9685]
[-5.3163,-2.756 ,-4.0533,-0.4663, 1.3479,-2.5832,-1.5812,-1.579 ,-1.8295, 0.6945, 2.002 , 3.0088, 2.7812, 2.4741, 1.1798, 1.4917,-0.6072, 2.2285, 2.2992,-2.6696,-0.1575,-1.1122, 1.2086]
[ 4.2037,-3.4305,-1.3536, 2.6757, 1.1791,-1.1979,-3.0237,-2.9299,-0.4349,-2.6768, 1.153 ,-0.3887, 1.266 ,-1.6702, 1.094 ,-1.2441,-2.1505,-2.8573, 0.2925, 1.3431, 1.7386,-0.7654,-0.1763]
[ 2.2741, 4.7023,-2.4667,-0.2224,-0.9776,-0.6607, 0.2895, 0.8692,-2.4198,-2.6648,-0.9629, 1.3791, 1.9338,-1.7314,-1.4366, 1.0439, 0.863 ,-2.4509,-1.1012, 1.7295, 2.0192, 2.4962,-2.4412]
[ 2.6372, 4.7424,-3.0999,-1.9017, 3.0685, 0.2557,-2.9856,-0.8328,-2.1855, 1.6075, 0.1707, 3.0014, 2.2464, 2.7953,-2.4586, 0.0614, 2.7092, 2.1096, 1.1707, 0.2718, 2.7627,-0.7793, 0.8691]
[ 1.3473, 4.958 , 4.1491,-0.5139, 1.5323, 2.1263,-2.075 , 0.3695, 1.6483,-2.1467,-0.4155,-2.6207,-1.4836,-2.9264,-1.8177, 2.0006, 0.8764,-1.6755, 1.2683, 0.2334, 2.1181,-1.253 , 2.8589]
[-4.8311,-4.2622, 1.4447, 3.0754, 0.0309,-2.9782, 1.0269,-0.4664, 0.153 ,-1.203 , 0.0121,-1.9616, 1.0922, 1.8703, 1.2364,-0.4536, 3.1029,-2.3999,-1.2743,-1.561 , 2.366 ,-2.3685,-1.5001]
[-3.7011,-3.0259, 4.6648,-0.2953, 1.674 , 3.1406, 2.2103, 3.0873, 0.699 ,-2.1685, 3.1122,-1.9924,-2.9149,-1.927 , 0.3724, 3.0925, 3.0167,-0.2791,-2.6731, 2.9747,-0.7758,-2.5936,-0.0525]
[ 1.8604,-2.1425, 0.0584,-0.3268,-2.3274, 0.3905,-2.3768, 3.0484, 1.9068, 2.4547,-1.2755,-1.0469,-2.3117, 1.4398, 2.5027,-1.0621, 0.5107,-0.7349,-1.0743,-1.6641, 0.9681,-2.5476, 0.9317]
[-0.4038, 3.6066, 2.5835,-0.859 ,-2.96  ,-3.0164, 1.9472,-2.7275, 0.6135, 2.0957, 0.7425,-1.3807,-1.9946, 2.1904,-0.9029, 2.2328,-2.1764,-0.3606,-2.6733, 2.3812, 0.6557,-0.2382, 1.7642]
[-4.5436,-5.313 , 3.1094,-3.0702, 2.7572, 3.0094, 0.1884,-1.7044, 0.5521, 2.0029, 2.7249,-3.0104,-2.9173,-0.2508,-2.3933,-2.3053, 1.0118,-2.0098, 1.9392, 0.2184, 0.8331,-0.1398, 1.8747]
[-2.188 ,-4.8435,-3.433 ,-2.7544, 1.988 ,-0.1422,-3.1303,-0.0706,-0.595 , 1.191 , 0.3296, 2.0759,-0.896 ,-0.1273,-0.6322, 2.2314,-0.6307, 1.6942,-2.7665,-0.88  ,-0.1935, 1.8645,-1.5199]
[ 1.8909,-2.1968, 2.0671,-0.4937, 2.2272, 1.8903, 1.9422, 0.8348,-1.295 ,-2.8599,-1.717 , 2.1744, 0.6655,-1.2218,-2.8271,-2.1886,-2.43  , 2.9198, 0.4943, 2.082 ,-0.0665, 0.1768, 0.625 ]
[-6.8610e-01,-1.8338e+00, 3.5947e+00, 1.0519e+00, 1.9329e+00, 8.0743e-01,-1.1480e+00, 1.0370e+00,-4.8728e-01, 2.2334e+00,-9.1504e-01, 2.2827e+00,-3.1122e+00, 2.2277e+00,-2.0085e+00,-7.0430e-01,-5.3853e-01, 9.2846e-01, 2.1911e+00, 2.6318e+00, 2.6114e+00, 2.3573e-03, 2.1262e+00]
[ 1.678 ,-1.1952,-2.1498, 1.2035,-3.0995,-2.3479,-0.344 ,-1.0496,-1.4705, 0.9076,-2.5122, 1.4718, 1.2865,-1.9057, 1.6244, 2.8522,-2.2143,-0.6155,-2.4851,-0.3927, 1.7645, 1.7373, 0.0831]
[-0.265 ,-0.9431, 1.5441, 0.8614, 1.4873,-1.7377, 2.6716, 0.7767,-0.9035,-0.6289,-0.4289, 0.557 , 1.4031, 2.3995,-0.4452,-0.9947, 2.3146,-3.0927,-1.6783, 1.8215, 2.7776,-0.7004,-1.7855]
[-5.035 ,-5.0218,-4.5458, 2.7005,-2.5245, 2.7064,-1.0985, 1.6516, 1.8614,-1.8015, 0.2901, 1.7445,-3.0076, 1.0849,-0.1706,-2.5787,-2.1194, 2.7615,-1.9243, 1.2754, 1.0407,-1.1649, 2.4749]
[-0.6776,-3.4271, 4.5687,-0.0799,-1.7267,-0.6171, 1.1096, 1.0956,-1.0382,-1.1136, 2.907 ,-2.2173, 1.4717, 3.1335, 1.2993,-0.8684,-1.5823, 2.7146,-2.8518,-1.0397, 0.3847, 2.0694, 2.9186]
[-1.5816, 0.084 ,-3.5834,-0.3625, 1.4869, 1.9303, 1.8715, 1.1338, 2.4213, 0.5778,-0.3687, 1.621 ,-2.4834,-1.3796, 2.9067,-0.9285,-2.2897,-2.0162,-0.3036, 0.1019,-2.9622,-0.4711,-2.9509]
[ 5.1631,-4.6229,-3.5589,-1.0943,-2.276 ,-0.4586, 0.9515,-1.4952, 2.4559,-0.062 , 1.4662,-1.9921,-0.5754, 2.2916,-3.0823,-0.2587, 0.9155,-0.2294, 2.0424,-1.1286,-2.1378,-2.3176, 2.5555]
[ 4.2002, 0.3727,-3.2353, 0.8317, 0.8023,-1.4511, 3.1314,-2.8667, 1.4349,-1.662 ,-2.6281, 2.3423, 0.9609, 0.5167,-2.5835, 1.6457,-0.0616, 0.7139, 1.0846,-2.8758,-3.0029, 2.5844, 0.6502]
[-2.9658,-3.1357, 1.4821, 2.6729, 2.8697,-1.5289,-0.3393,-1.8122, 1.1857,-0.1883, 1.9497, 2.6236, 1.4317, 2.6058, 1.979 , 1.583 ,-0.771 , 1.8485, 1.1933,-3.0771,-1.1951,-3.1216, 0.5073]
[-4.5195, 4.834 , 3.758 ,-2.1127, 2.5786, 0.6067, 2.6629, 1.7247, 2.7718, 0.9036, 1.0587, 0.0615, 2.7291, 2.4258, 2.4736,-1.0966, 2.0007, 2.0524, 0.8203,-2.578 ,-1.802 , 0.1111,-1.1731]
[-3.3656,-2.9177, 1.2135, 0.5168,-1.6579,-2.2305,-0.0463, 2.3497, 1.3236,-2.7585, 1.044 , 1.2991, 0.534 , 2.2675,-2.5152,-1.6097,-1.7023, 3.0729, 1.3199,-2.0668, 2.8658,-1.1995, 1.7435]
[ 2.1199,-2.8274,-0.2737,-1.593 , 2.9182,-3.1038,-1.9939, 3.0794, 0.3706,-2.2634, 2.2327,-3.0415,-1.2713, 2.4454, 0.0306, 1.9888,-3.0033,-1.8981, 0.8333, 0.582 , 1.5302, 1.4473,-1.7508]
[-2.6026,-1.7597, 3.4617,-2.4497, 1.2819,-0.4106, 2.7173,-1.5319, 0.7001,-2.5887, 1.1898, 2.6376,-1.1969, 2.8077,-2.2231, 1.9247, 1.9294, 2.4641,-1.0284,-0.8855,-2.6079, 0.3421,-3.0265]
[-3.6506, 0.6193,-4.87  , 0.5384, 3.054 ,-2.5158,-2.4735,-0.5925,-1.0898,-0.8755, 2.7028,-1.7053, 2.5219,-2.2403,-0.624 ,-0.6949,-2.2879, 2.5541, 0.9145,-2.073 ,-2.174 , 0.1785, 1.7325]
[-1.9704,-3.3177,-0.4437,-1.567 ,-0.5856, 2.9006,-2.5182,-3.074 ,-0.7238, 0.2205, 2.3427,-2.2042, 2.0368, 2.0857, 1.293 ,-2.9061,-0.5772,-1.5509,-2.7126, 2.8216,-1.0926,-0.1942,-2.724 ]
[ 1.2492,-3.3144, 0.6472,-1.2744, 1.0132,-2.0176, 2.606 , 0.2307, 0.6693, 1.6093,-2.8093, 1.7248, 0.991 ,-1.7059, 1.7889,-1.4762,-1.2412, 2.4816,-0.8294,-0.575 , 1.2177,-1.0548, 0.2055]
[-4.0794,-1.8819, 0.6962, 2.043 ,-0.6892,-1.6292,-0.6174, 2.3432, 0.7424, 1.2201, 0.7998,-0.7017, 1.2555,-1.3965,-2.7598,-0.4329,-1.1995,-1.7381, 2.0227,-2.9628,-2.1759,-2.1843,-2.2981]
[ 3.4122,-3.9792, 0.166 ,-3.0012,-1.2684,-0.2706, 0.5847,-0.5995, 2.4654,-0.6021,-0.1569, 2.2318, 1.8454, 0.4653, 2.3635,-1.9994,-2.9504,-1.9966, 1.1877,-1.6632,-0.1389, 1.32  ,-2.5339]
[ 1.4885,-2.8846, 2.9768,-2.5515, 0.9012,-2.323 , 0.6816, 0.7196,-2.1663,-2.9805, 2.6015,-2.1923,-2.0279,-3.0431,-1.5955, 0.1021, 2.273 , 2.203 , 2.1842,-1.6702,-0.0499,-0.569 ,-2.8995]
[-1.0343, 2.1594, 0.58  ,-3.0252,-2.9455,-2.9235,-1.8157,-1.6031, 0.8553,-1.092 , 2.4689,-0.6113, 1.8833, 0.3277, 2.5991,-0.0863, 1.6696, 1.1238, 3.035 ,-1.5638, 3.0658, 1.5837,-1.005 ]
[ 3.0293, 1.935 ,-3.6403, 2.7833,-1.118 ,-1.5907, 0.2792, 1.9094, 1.1083,-1.2625, 3.0258,-0.2554,-0.3376,-2.8105,-0.9631, 3.1378,-0.2907,-1.836 ,-1.7533, 2.071 ,-0.6325, 3.0974, 1.9631]
[-4.2661,-2.5489, 3.1439,-1.0824,-3.1063,-0.9588,-0.9967,-2.8126,-0.6731,-2.1007,-0.4062, 0.9003, 0.5665,-0.905 , 0.4707,-2.8261, 2.0296,-2.0153, 1.4453,-3.1137, 2.0442,-0.5766,-2.3818]
[ 3.2696, 4.1074, 0.6439,-2.309 ,-1.857 ,-1.8002, 0.8058,-1.5825,-0.5585,-1.6461,-0.8537,-0.0119, 0.5542,-0.1578, 0.1042,-2.9814, 0.0837, 0.6075,-0.872 , 0.4481, 0.0573,-1.9949,-1.1338]
[-3.762 , 0.6015,-3.7148, 1.3719, 0.5353,-0.56  ,-2.1358, 0.9605, 0.0549,-0.2509, 0.3843,-0.3319,-2.8257, 0.4493,-2.2742,-0.4456, 1.6614, 2.7488, 2.3539, 0.3301, 2.4643,-1.6061, 1.3327]
[-0.3825, 2.2332, 2.3483,-2.9078,-2.1545,-2.2289, 0.2183, 1.0868,-2.852 ,-2.5416,-1.4586,-1.9322, 1.1507, 1.8793, 1.2681,-1.8056,-0.0172,-0.1544,-2.4448, 0.6364, 0.324 ,-1.4585, 0.1724]
[-3.7637,-2.5481, 4.6418,-0.4439, 2.8655,-1.3314, 0.0766, 2.9283, 1.4105,-1.2734, 1.4367, 2.4922,-0.9786, 0.2762, 2.8796, 0.0169,-2.3774,-0.7762, 2.0639,-0.7626,-1.804 , 1.5015, 0.6741]
[-2.0165,-4.0167,-2.6062,-2.1431,-2.944 , 0.9282, 2.7729, 3.13  ,-0.4768,-1.6713, 2.3824,-1.0871,-0.1376, 1.8661,-0.8742,-1.3478,-0.5001, 1.7097,-2.0013,-1.8675, 2.4047,-1.8396,-0.1846]
[-2.7975, 2.587 ,-2.9824, 2.1348, 1.1453,-0.9549,-1.5855, 3.0965,-1.3876, 0.4684, 1.4314, 2.0199, 0.8486,-1.9666,-3.0816,-3.0793, 2.0455, 2.6603,-1.4829,-1.8867, 1.6888,-1.2848, 0.3296]
[ 0.7028, 1.4322,-0.5469, 0.2019,-1.651 , 0.4733,-2.7992, 1.8717,-1.4916, 1.7669,-2.9838,-0.904 ,-0.4795,-1.0135,-0.3766, 1.894 , 0.6369, 2.4727, 1.754 ,-3.0872, 0.8747, 0.2865,-2.5259]
[ 3.815 ,-3.2607, 1.7772, 2.4901,-2.3555, 1.3197, 0.0971, 0.3216, 2.9813, 0.0739, 1.7917,-2.3568, 0.0914,-0.8347, 0.7322, 2.1113, 0.4566, 1.0287,-1.7585, 1.5401,-1.5617,-3.0097, 0.2295]
[-3.1585,-5.2347, 4.995 ,-0.2135,-0.3257,-0.6183, 0.611 , 2.5412,-0.5456,-0.3696,-0.3941,-2.1897, 2.7055, 2.9187, 2.1533,-1.5375,-0.6514, 2.9082,-0.7398,-0.812 , 0.4415,-1.8453, 2.0658]
[ 4.8522,-2.858 , 4.416 , 1.5563,-2.4698,-2.0196, 1.2867,-3.0017, 1.1058, 1.1589, 0.8732, 0.9362, 0.453 , 1.3473,-0.124 ,-1.5578,-2.7367,-1.113 ,-1.4599,-3.0014,-2.9305, 2.0475,-1.0662]
[ 1.9259,-5.083 ,-2.5338,-0.0571,-2.9251, 0.9713, 0.2777, 1.1529, 1.2604, 3.1101,-1.61  , 2.2921,-0.1093,-1.5263, 1.7951,-1.6425, 0.1681,-1.4614,-2.1978,-2.1786,-0.3629,-2.415 , 2.5833]
[-3.475 , 0.1079,-3.9849,-1.9918,-2.3352,-2.6974,-2.9145, 1.0017,-1.5718,-0.8809,-2.8031,-2.4956,-0.1188, 0.8478, 1.8851,-2.6329, 1.0148,-3.0786,-2.1274, 2.8438,-2.396 ,-1.6646, 0.4538]
[-1.9705,-3.8626, 1.3398, 1.5946,-2.8476, 2.8443, 2.0453, 2.4653, 3.0449, 2.7468, 2.992 ,-1.3882,-1.7283, 2.5929,-1.0501, 2.1613, 0.6879, 0.2692, 0.8141, 1.4627, 1.1197, 2.8492,-0.5114]
[-4.0797,-5.0672,-0.3489,-1.809 ,-1.7137,-1.4608,-0.1066, 0.3564, 2.8736, 0.8107,-1.5994,-2.7803, 1.4028, 0.732 ,-2.1985,-2.0745,-2.288 ,-1.0548,-1.7253,-0.9332,-2.0663,-1.7944, 0.3298]
[-4.929 , 4.0784, 3.0591, 2.1688, 2.1432, 2.7884,-2.236 , 0.3195, 2.5375,-0.5541, 0.6797,-2.0078,-2.971 , 0.8319,-0.5297, 2.5364, 2.0701,-0.3284, 0.5412,-0.3274, 3.1341,-2.0473,-2.4413]
[-0.0302,-3.1054,-0.7602, 0.1229,-2.3296, 0.7555, 0.1514, 0.6872,-1.2627,-0.7804,-1.4267,-2.6425,-0.8729,-1.4037, 2.0234, 0.472 , 0.6902,-3.1058, 1.0184, 2.5757, 2.3667, 1.25  , 1.3493]
[-2.3918, 2.9138,-0.9213,-0.7999, 1.1309, 0.9064, 3.0573, 0.4248,-0.4985, 1.8694, 0.4377,-0.4293,-2.8088,-0.4243, 1.3158, 0.5369,-2.5019, 2.4611,-2.1664, 1.2412, 2.6104,-2.8674, 1.127 ]
[ 4.5861,-2.7641,-0.0867,-2.1285,-0.7513, 2.6996,-0.6486, 2.1632, 1.4829, 2.8621,-0.2328,-1.1224,-1.0318, 2.4856, 1.6217,-1.9213,-3.0344,-1.7678, 3.0776, 0.6322, 3.0142,-1.002 ,-1.1414]
[-2.8575, 2.0382, 3.6135, 0.2399,-2.9124,-2.71  ,-2.705 , 2.2841,-1.377 , 2.7629, 2.5192, 0.8709,-0.4271, 3.1108,-0.1297,-2.4987, 1.9042,-0.9311, 1.6146,-2.8242,-0.0176,-1.5314, 3.0935]
[-4.4195,-3.3443,-2.6677,-2.9084, 2.3528, 1.9146, 0.7962,-0.5831, 3.1065, 2.2006,-0.0389, 1.4992, 1.7434, 1.4043,-2.3279, 2.4429,-0.0865,-2.9929,-1.121 ,-1.3715, 2.0404,-0.1248, 2.0353]
[ 2.7261,-0.2967, 3.1923,-0.3985,-2.7272,-1.9334,-0.2402,-1.2733,-3.0858, 1.1754, 2.5695, 1.1659, 2.1776,-0.1614, 1.4229, 2.8596, 2.3074,-1.795 ,-0.1906,-3.1309, 1.6409,-2.5181,-2.3106]
[ 2.0971,-1.433 ,-0.8134, 3.0285, 3.113 , 0.8073,-1.1152, 2.1115,-1.2484,-1.7577, 2.1169,-0.9491,-3.0976,-3.0772, 2.0193, 0.2047, 0.9627,-1.0489, 0.0673, 3.1097, 2.2536,-2.5182,-2.3906]
[ 0.2336,-4.2844,-4.5431,-2.267 ,-0.6815, 2.3355, 0.8029, 0.9615, 1.5442,-1.6895,-3.0923, 0.3834, 0.8904, 0.3721, 2.5947, 1.2625, 1.9302,-3.022 , 3.0141,-2.7027,-2.0849,-2.6265, 2.21  ]
[-0.6309, 0.8162,-3.3276, 1.6609,-0.1745,-0.855 , 2.5748, 0.9944, 2.7385, 0.7434,-2.5492,-0.365 ,-0.2374,-3.0509,-1.3335,-0.1635, 1.717 , 2.6749,-0.3155,-2.9464,-1.9333,-0.6707, 1.8427]
[ 0.3824,-0.8482, 0.4613,-0.8437, 0.5273,-0.9248, 2.323 ,-2.8573,-1.7952, 2.0564, 0.3978, 0.2185, 2.1387,-3.1156, 0.4443,-2.6593,-1.5073, 0.868 ,-0.448 ,-1.2528, 1.2642, 0.1832, 2.1358]
[-2.0905, 5.0637, 2.3198,-0.3046,-0.894 , 1.7001, 0.5988,-0.7423, 2.132 ,-2.6612, 1.9753,-1.829 ,-1.3012, 3.1022,-0.799 ,-1.8181,-3.0336, 0.0265, 1.0442,-1.7781,-0.2498, 2.5448,-2.6677]
[ 4.4995,-1.1976, 5.1597, 0.2568, 2.2202, 0.6465, 1.4054,-2.0021, 1.2902,-0.4961, 2.3385,-0.4114,-1.7677, 1.1749,-1.0513, 1.0777,-2.5778,-0.9756,-2.5298, 1.1793, 1.888 ,-2.0144, 2.9959]
[-3.6002,-4.9966,-4.5686, 2.5452,-3.0443, 0.0987,-2.9667,-1.9154, 1.6247,-0.3403, 1.062 ,-0.5349,-2.7875,-0.7393, 2.1783, 1.5333, 1.7487, 2.1734, 0.9213,-0.0385,-0.1172, 0.8587,-0.9165]
[ 0.8232,-4.7566, 3.9832, 1.6144,-0.2131,-1.9362, 2.5987,-3.0838, 1.5216,-0.011 , 1.9622, 0.9712,-0.1233,-0.9194, 1.992 , 2.6444,-1.9528,-2.8631, 2.5336,-0.3056,-0.4902,-0.6829, 1.7712]
[-4.2777, 2.19  ,-4.1918,-1.4715, 0.1428, 2.9847, 0.7177, 0.4156,-2.346 , 0.2797,-1.2993,-0.3489, 1.7874,-0.0119, 2.8828,-0.6109, 0.1346,-1.604 ,-2.6282, 0.9295, 3.0832,-1.2123, 1.0994]
[-1.8643, 1.596 ,-2.64  , 2.5204, 2.0396,-1.6254,-0.9611, 1.4838,-1.7204,-1.3743,-1.8222, 1.9801,-0.0119, 2.7179, 2.6305, 0.5413, 1.8995,-1.0258,-2.4042,-2.6164, 1.0023, 0.5164,-0.7592]
[-4.6067,-3.0796, 3.8121,-3.0117,-2.8823, 2.832 ,-1.4643, 0.3112, 0.2159, 1.4544, 0.5498, 2.964 , 1.8654, 1.8112,-2.1281, 3.0908, 1.6018,-0.7858, 2.5231, 0.1018,-2.5306, 2.3435,-1.0379]
[-1.6373,-2.8112, 3.2112,-1.3977,-2.1644, 3.1234,-2.0804,-0.3762, 0.4159,-1.4273, 0.1519,-2.9005, 1.2257, 0.1743,-0.0962,-0.4186,-0.9146, 2.9644, 1.3676, 1.9256, 0.339 , 1.5865,-0.8013]
[-4.9107, 2.9194, 1.4535, 1.6271, 1.8774, 0.3058, 0.9511, 2.1313, 0.0313, 0.271 ,-1.1601,-2.7255,-1.0448, 2.7159, 2.1815, 3.0082,-2.1447,-0.0296, 0.751 ,-1.5263, 2.7723, 1.3331,-0.6759]
[-4.2745, 5.1537, 0.6161, 0.236 ,-2.7277,-0.3764,-1.1356,-2.6285,-1.7685, 1.5458, 1.1859,-1.9433,-0.6409,-1.3994,-1.0721,-0.1138, 2.6466,-1.2194,-0.3985,-0.6757,-2.7031, 1.7066, 2.7187]
[ 1.9678, 4.7203,-1.7966,-1.7229,-1.6339,-2.3881,-2.4896, 1.6152, 2.7072,-2.9321,-1.4289, 2.1794,-1.8511,-0.2154,-0.4547,-1.9419, 2.6073,-2.5156, 0.4194, 1.952 ,-1.5468, 0.0739,-1.6325]
[-5.1236,-2.6691,-1.1777,-0.0345, 0.9731,-2.6527,-2.4255, 2.4094, 2.0851,-1.6772,-1.9399, 1.689 , 0.6094, 0.699 ,-0.2813,-1.9169,-3.0262,-2.9824, 1.0993,-2.5417,-0.0101,-0.9584, 0.1992]
[ 4.0036,-0.8215, 3.9069,-1.9857, 3.0724,-2.9423, 2.1264,-2.2879,-2.6683, 2.7654,-3.1031, 1.3722, 0.2705, 2.3953, 0.0558, 1.8025, 2.0882, 2.3104, 1.0955, 1.5878,-0.0245,-0.3877,-0.7654]
[-5.4892,-1.4566, 5.0136,-2.5365,-2.7922, 1.3247,-0.5499,-1.741 ,-1.9   , 1.4151,-2.8046, 2.1802, 0.9269, 0.3882, 2.082 ,-1.7489, 2.2549, 1.9003, 2.8989,-2.9356,-0.7068, 2.3526,-1.2058]
[-0.3877,-1.2785, 4.0047,-2.5744,-0.239 ,-2.2694, 1.6413,-0.3503,-0.4697,-2.776 ,-1.8862,-2.2948,-0.9372,-1.9557, 2.2327,-2.1002,-0.4986, 1.6238, 2.0785,-2.3261, 1.2403, 1.9307,-1.2852]
[ 4.548 ,-4.4175,-2.9184,-2.2811, 0.7588, 1.2346, 1.877 , 2.376 ,-3.025 , 1.592 ,-2.6149, 1.3043,-2.7694,-1.5065, 0.3649, 0.9163,-2.8528, 1.6197, 2.9318, 0.2949,-0.9942, 2.3881, 0.0143]
[ 2.4571,-2.061 ,-3.4805,-0.1156,-1.0375,-1.3437, 0.3777, 1.7862, 0.948 ,-0.6854,-2.0624, 0.077 ,-0.7615, 1.83  ,-0.7256, 0.3653,-2.9616,-1.2519, 2.3966,-2.2728,-0.1222, 0.2122,-2.5116]
[ 4.1886,-5.4528,-1.6605, 1.888 ,-0.2301, 0.0118,-2.2236, 1.2048, 0.312 , 2.335 ,-2.9022, 0.7395, 0.2696, 1.0941,-0.0698,-2.8246,-1.012 , 2.5059,-0.4819,-0.9797, 0.691 ,-1.3133,-0.671 ]
[-0.2077,-0.8251,-4.2182, 1.2495,-1.6879, 0.1727,-1.9046, 0.1989, 3.0676, 2.7207, 1.8671,-0.4774,-1.1288,-0.3021, 0.3227,-2.493 , 1.9804, 0.4811,-0.514 , 1.1886,-0.5769, 0.7888, 2.7812]
[-4.9421,-2.0625, 3.6612,-0.0616, 1.8258,-2.8204,-2.0307, 2.2365, 1.6108, 2.0045, 3.1066,-0.2288,-1.1151, 0.8966,-2.564 , 2.5189,-0.6445, 2.6557,-3.0219, 0.2352,-1.0177, 1.0912,-2.8114]
[-2.8732,-1.6162,-4.8762,-1.9665,-2.2136,-0.5118,-1.7598, 1.3626,-2.3861, 2.7461,-1.471 , 1.7891,-1.3522, 2.9793, 2.1707, 1.8004, 0.5466,-2.3076,-0.1084,-2.4583,-2.84  ,-1.1907, 0.5474]
[-3.2815, 5.0531,-0.9829,-2.8479,-1.1553, 0.4894,-1.0935,-0.5427,-1.1065,-2.8468,-0.6518,-0.1825,-2.6361,-1.8946,-2.8584,-2.6688,-0.8865, 2.5239, 1.5946,-1.5149, 1.8379, 1.5045,-1.9151]
[ 1.9891, 4.4027,-2.5267, 2.1106,-2.8752,-0.0302,-0.8289,-1.9377,-2.1033, 1.8973,-1.2023,-0.5905, 1.4391,-2.6648,-0.4228,-2.9592, 0.9148,-0.028 ,-2.9829,-1.3826,-1.4574,-1.4842,-3.1158]
[-0.3824,-2.6216, 4.1268, 1.4778, 2.8611,-2.9069, 2.178 , 0.039 ,-0.6678,-0.3029, 0.0862, 1.8731, 2.3097, 0.2504,-1.8082,-2.6117,-3.109 , 0.5152, 0.4403, 0.7298,-1.5005,-2.1952,-2.8994]
[ 4.0686, 1.4084, 4.192 ,-0.8759, 2.3074,-1.532 , 2.3749, 0.9065, 2.4636,-1.017 , 0.6092, 2.8681,-0.2028,-2.7667, 3.0804,-3.0765,-2.3755,-2.7789, 1.8574,-1.8328, 0.1653, 2.5922,-0.9405]
[-3.91  , 1.2158,-0.0887,-1.6029,-0.7467, 3.0199,-2.8323,-0.6446,-0.6362,-2.6748, 1.4864,-3.1192, 0.7367, 0.1352, 0.6253,-0.2921,-3.068 ,-1.4196,-2.4281, 0.8449, 1.2347, 0.6951,-2.7275]
[-4.818 ,-0.8539, 3.9223, 1.298 ,-2.8429,-0.6919, 0.4066, 0.486 , 2.2086,-1.0622, 0.8722,-1.5362,-2.3868, 1.8084,-0.7103, 0.4178,-0.3096, 2.6885,-0.8154,-0.2073, 3.1197, 0.2314,-2.2839]
[-3.9699,-0.9392, 4.146 , 2.5778,-1.0023,-2.9229,-0.7968,-0.3901, 1.1085,-0.4869,-2.7076, 1.6717, 0.6547,-2.6172, 1.4733,-2.6951, 2.574 , 1.8211, 1.2309,-2.7487, 2.8261,-1.7875, 2.3117]
