[-4.3217, 4.2482, 0.5284, 0.8255, 0.0855,-2.0911, 2.0922,-2.7766, 1.3084, 2.3074,-0.6533,-2.6307, 2.7845, 1.6402,-1.6402,-0.3379]
[-2.5606, 3.1184,-5.4653,-2.6628,-1.2771,-2.5484,-2.3083,-0.0905,-2.4945,-3.0767,-2.9216,-0.847 ,-2.769 ,-0.5479,-2.7944, 1.0099]
[ 2.3883,-2.6777,-2.8401,-1.0863,-1.5029,-1.7187,-1.4235, 1.5566, 1.9584, 0.519 ,-1.9025,-2.8974, 0.6288,-0.6059,-2.5005,-2.6742]
[ 0.1795, 0.2188,-4.968 ,-2.9878, 0.0333, 0.8614, 2.2443, 1.0136,-1.6017,-1.8354, 3.0761, 0.7021, 0.8196,-0.6829,-2.5791, 2.7899]
[-2.0087,-1.0245, 0.5139,-1.666 , 0.3577, 0.9565,-2.0399,-1.451 ,-1.0178,-1.1352, 0.5636, 1.6766,-1.2279, 1.2086,-0.4005, 0.7829]
[-3.1912, 3.7284, 2.1177,-2.3339, 3.1405, 2.6958, 2.9115,-0.0548, 1.5448, 0.9428, 2.8315,-0.6111,-1.6944, 2.2496, 0.0869, 0.0395]
[-5.4563, 0.9176, 4.1178, 2.8864, 1.9276, 2.9165,-1.4169, 1.0105,-0.8382, 3.0272,-2.9103, 2.6305,-2.5425, 0.8   ,-0.177 , 0.6163]
[ 2.1652,-0.3929, 3.8173, 1.1108,-2.443 ,-2.0269, 1.078 , 2.8071, 2.6045,-2.553 , 0.2126, 2.4805, 1.0816, 0.3157, 0.2917,-0.4401]
[ 1.6552,-4.8656,-2.43  , 2.5652, 2.4342,-2.8011, 1.0804,-1.1787,-0.5866, 2.43  ,-2.8101,-2.9143,-2.4359,-0.5968, 0.2179,-0.2653]
[ 0.7622, 4.7059, 0.5055, 2.8852, 2.5156,-1.2004, 2.5017, 2.2541,-1.9054, 2.0812, 0.8643, 2.0563, 0.2985, 0.0404, 2.5359, 2.7244]
[ 1.8843,-3.1879, 5.3717,-2.8561,-2.7218, 1.4023,-0.1017,-0.8937, 2.367 ,-0.8345, 0.9352, 0.4048,-0.4341, 0.9867, 1.7274,-2.5069]
[-3.188 ,-3.9831, 0.113 ,-1.1351,-2.2398,-1.7184,-1.254 ,-2.0172,-0.8757, 0.1959,-2.5136, 1.4589, 1.7191, 2.5787, 0.6001,-0.9856]
[ 4.1499,-5.4797,-3.8182,-2.573 ,-2.0138,-1.5234,-2.8892, 2.448 , 2.9353,-0.3495,-1.7788,-2.2892,-3.0497,-0.6778, 0.6495,-1.9022]
[-1.2235, 5.2369,-4.3328,-0.8447, 2.2998, 1.456 ,-0.1489, 1.3052, 0.6809, 0.7698,-0.5459,-2.6935,-2.1444,-2.4205,-2.4914,-0.4703]
[ 1.216 ,-1.4139,-2.1775, 2.5614, 0.6449,-1.4501, 2.0493, 1.1036,-2.5541,-0.229 , 3.1235, 2.1714, 1.0994, 1.9422, 0.4487,-0.6621]
[-2.1802,-2.8512,-0.2834,-1.4873, 2.4427, 2.7519, 1.7509,-2.512 , 2.1875,-0.4819, 0.6867, 0.1874,-3.0992,-0.2482, 1.2625,-2.511 ]
[ 4.5153, 0.0613, 5.0616,-0.1763,-0.9926, 2.0944,-0.5785,-1.1399, 0.4985, 0.0938,-2.7006,-2.5189, 1.852 ,-2.2022, 2.9799,-0.9381]
[ 2.3896, 2.9689, 0.8798, 2.8723, 2.7773,-0.162 ,-2.9101,-1.6906, 1.6486, 1.6445,-2.1185,-2.4153, 0.8438,-1.4259, 1.1944, 0.6889]
[-4.1587, 3.9848,-3.0291, 2.1495, 2.6102,-2.9918, 2.1348, 1.6487, 2.7323,-0.7448,-0.2073,-2.64  ,-1.8622, 1.8895,-0.249 , 0.9571]
[-4.748 , 3.4134,-1.5269,-2.6734, 0.3852,-2.9895,-0.6532,-0.8341,-0.1822, 0.6265, 1.7931, 2.5521,-2.6979,-3.1357,-1.676 ,-2.9581]
[-1.648 , 0.4814,-4.2406, 1.0633, 1.5999,-0.7484, 1.6324,-1.669 ,-1.0902,-3.0759,-0.4873,-1.3486,-2.1949,-0.9192, 0.4536, 1.1884]
[ 2.5837e+00,-3.7855e+00,-7.1589e-01,-2.1718e+00,-1.3212e+00, 3.9443e-01, 3.4569e-03,-2.2314e+00, 1.6428e+00, 1.3332e+00,-2.7390e+00, 5.9696e-01,-1.8286e+00, 1.5242e+00,-8.3295e-01, 2.4614e-01]
[-5.2345, 0.2614,-2.0685,-0.8028,-0.3886, 1.9416, 2.1542, 0.5806, 0.6903,-0.1702,-2.2556, 2.0922, 1.0927, 2.3745,-0.0998,-1.2695]
[ 1.1385, 4.969 ,-5.4306, 1.3456, 3.0966,-0.8613,-2.6481,-1.198 ,-0.1448, 0.4998, 0.7773, 0.6372, 2.805 ,-0.9446,-0.6561,-0.7557]
[-4.844 , 2.0073,-5.2648, 2.3076, 0.4307,-2.9934,-2.148 , 0.0319,-2.5924, 0.3108,-2.3149, 0.1667, 2.4471, 1.1222,-0.4651,-0.4177]
[-3.728 ,-5.4864,-2.1136,-1.2957,-0.0602, 2.8339, 1.7966,-2.9681, 1.421 ,-1.5198, 0.5443, 1.4888, 2.381 ,-2.5584,-2.636 ,-2.6576]
[-1.8882, 1.8208, 2.0805, 0.5923,-1.5755, 3.0638, 1.0836, 1.8378,-2.5897, 2.1279,-0.2294,-0.2631, 2.8022, 2.8779,-2.8005, 2.9378]
[-5.4382,-2.0092, 4.2248, 1.3025, 2.729 , 1.3053, 0.3327, 0.4695,-2.0494, 1.2896, 1.5695,-0.6235,-3.0471, 2.6599,-2.7463, 0.0917]
[-4.4841,-3.7562, 5.4175,-1.4226, 0.6153,-0.4878, 1.2959,-2.2349, 2.9078,-2.5081,-0.3428,-2.0605, 0.0193,-2.5055, 0.6695, 0.497 ]
[-0.2837,-5.1147, 4.6407,-0.3558, 1.8159,-2.1717,-1.5558,-2.2685, 1.3618,-1.7179,-2.9752,-2.5039,-1.7078, 0.357 , 1.3788,-0.0233]
[ 3.9842,-4.9646, 3.6874,-1.8333, 1.5657,-0.8865, 0.1314, 1.5743,-2.3758, 2.9339, 0.8367,-1.5115, 1.9256, 3.1186, 1.5523,-1.6671]
[-3.153 ,-4.3882,-3.0478, 1.9575,-2.4058,-1.7454, 2.7997,-1.8298, 2.8117, 2.6003,-1.5576,-0.9546,-2.7027, 3.0919, 0.0974, 0.6039]
[-1.5322, 5.4614,-3.3437,-1.9371, 1.3289,-1.403 ,-1.5965,-3.0438, 2.2383,-1.5435, 0.9105, 1.8323, 0.3035,-1.3087,-0.0359,-3.0181]
[-1.1021,-1.422 , 4.7446,-0.0835,-1.616 ,-0.8507,-0.4692, 1.3142,-2.0498, 3.0509, 2.2963,-0.9639,-0.7907, 2.4829,-1.5492, 2.3801]
[-5.4664,-3.4599,-4.0331, 2.5705, 0.481 ,-1.2096,-2.1495,-2.8018, 0.8455, 1.9721, 0.7435,-0.3312,-0.9081,-1.1757, 0.6716,-2.9869]
[-4.8749,-3.5103, 3.9578,-3.0617, 2.6743, 0.2351, 0.9805, 1.177 ,-0.8603, 2.7548, 2.2193, 0.6299, 0.9246,-0.5989,-1.2792,-0.2662]
[ 3.1031, 0.9579,-0.8313,-0.6439,-0.2816,-1.0363,-2.1462,-1.7858,-1.6203, 1.373 , 0.433 , 1.4722, 1.2345, 2.2522, 1.752 , 2.9516]
[-2.7746, 2.8412, 3.7557, 0.1401,-2.2603,-1.6838,-2.8429, 2.9363, 1.2565,-0.356 , 0.2999,-2.2346,-2.207 ,-0.0549,-1.0713,-0.5738]
[-3.8241,-2.3326, 2.1428, 3.0541, 2.7047, 1.4068,-0.0151,-1.6165,-0.8607,-2.8608, 0.5492,-1.1898,-2.2104, 1.1838, 2.3491,-1.6622]
[ 3.2137, 2.0588,-0.5714, 1.4564,-2.3062, 1.9243, 0.5016, 2.8291, 0.4999, 0.991 , 1.4277, 2.6689, 0.1861, 2.5427, 0.6982, 1.7501]
[ 3.9671, 3.3434,-2.8506, 1.0236,-1.9918, 1.3496, 0.7823,-0.9228,-2.5789, 2.1001, 0.308 ,-0.0214, 0.8784,-1.8211, 0.1042,-1.0345]
[ 2.1815,-4.7149, 3.0486, 0.0613, 0.5382,-1.0342, 1.5632, 0.6958, 0.2023, 2.8876, 2.8145, 2.4702,-0.2213, 2.8731, 0.5479,-0.9558]
[-3.1435,-3.0703,-0.2987,-0.7753, 2.2771,-1.5873, 1.0034,-1.6898,-1.6429,-0.7367, 2.6236, 1.2101,-0.4734,-1.0578, 2.3038,-2.637 ]
[-2.4218, 4.4298,-5.2465,-0.2468,-1.9333, 0.7379,-1.7066,-1.2593, 1.0368, 0.3815, 2.0481,-2.1167,-2.2381,-2.9047,-0.766 ,-0.6346]
[ 4.0831,-2.4793, 1.7774, 1.9462, 1.4974, 0.2443,-1.6215,-1.7824, 2.6904,-0.6032, 2.3895, 1.5352, 3.0915, 1.0064,-1.8889, 2.1422]
[-0.6327,-0.2174, 3.5961,-1.1891,-1.7944, 0.4152, 2.526 , 2.1988,-0.5039,-1.2447,-2.6829,-1.4599,-0.6415,-0.6631,-3.0482, 1.1452]
[ 5.1214,-2.5462,-4.7982,-3.0801, 0.7827,-0.8944, 0.7382, 1.631 , 0.6173,-2.9243,-1.7128, 2.3013, 1.4491, 1.7518, 1.8332, 1.1543]
[-5.2645,-2.0523, 4.1051,-1.0457,-1.7636, 1.1249, 3.0401,-2.2637, 1.196 ,-0.3657,-0.9771, 2.0134, 0.9898,-2.8027,-2.1413,-0.3784]
[-5.1223,-1.9149, 5.0883, 1.1993, 1.3721,-1.205 , 2.4916,-0.9994,-0.0805,-2.9838,-0.9432,-0.5961, 2.1752, 1.3194,-0.6794, 1.6609]
[-4.8903, 3.2244, 0.7058,-0.6762, 3.0516,-0.4507, 1.954 ,-1.0904,-1.4112,-1.4351, 2.2762,-0.9221,-2.7527, 1.0103, 2.4621, 3.0384]
[ 5.2455,-4.8531,-0.3804, 2.8588,-0.852 ,-1.6094,-1.8415, 0.3272, 1.1377,-2.4347, 2.3526, 2.1458,-0.4947,-0.2141,-1.7434,-1.5891]
[ 3.1642, 5.2596,-0.5052,-3.0649,-2.3053,-1.4902,-0.0186, 0.4048,-1.5579, 0.6465,-0.4317, 2.9742,-2.7454, 0.9274,-0.3731, 2.5604]
[ 3.097 ,-0.5166,-2.7284, 2.3095, 0.9045,-0.1844, 1.0143,-0.3766, 1.0667, 1.9916,-0.6755,-0.4577,-2.3036,-0.7725, 1.5419, 1.0219]
[-1.6147, 2.8149,-2.4424, 1.8446, 2.6145, 1.2638, 0.3039,-2.8109, 0.8383, 2.2369, 1.8063,-1.0697,-2.6917, 2.6461,-2.8058,-0.914 ]
[-3.2161, 4.9626, 1.2712, 1.8046,-2.3241, 0.5355, 1.0551,-1.3133,-0.2235,-0.0866, 2.4812,-2.4422, 2.0414,-0.7171,-1.3251, 0.0848]
[ 5.1047, 3.5842,-3.2589,-1.8827, 1.296 , 2.4619,-1.0187, 1.1616, 1.9335, 0.7332,-2.4986,-0.2542,-1.5192, 0.2309,-2.2571,-1.549 ]
[-5.2255,-0.7242,-4.7209, 1.7214,-1.2434, 2.8161,-2.5204, 0.6847,-2.5667, 2.4125, 2.7034,-2.2812, 0.1588,-1.5242, 1.4898,-1.4046]
[-0.5776, 2.6593,-5.2558, 0.3175,-2.1186, 2.2013,-2.6124,-2.0409, 2.9704, 1.7076, 0.2931,-1.5223, 2.9768,-2.9269, 0.8163, 2.3811]
[-0.5809, 0.317 , 3.5361, 1.9148,-2.924 ,-1.8389, 1.1934, 1.9081, 1.5268,-2.8395, 3.0874,-1.0001,-3.0883, 1.9957, 2.3733,-0.5039]
[ 2.9579, 4.5094, 0.0751,-1.6049, 0.9226, 0.5793, 2.979 ,-1.0664,-2.8695,-0.4686,-1.8771, 1.3241, 2.6819,-2.4801, 1.8787,-2.8626]
[ 2.5827,-0.4675, 3.2577, 2.788 , 1.9054, 2.0796,-2.2805, 2.8558,-0.7762, 2.8484, 0.0512, 0.3896, 2.3041, 0.3368, 2.9107,-0.5058]
[-4.3555, 3.8661,-0.2084, 1.5511,-2.6785, 0.2641, 1.4163, 1.1199, 0.9922,-0.6888,-1.0241,-2.2881, 0.3861,-0.9807,-2.8965, 1.6827]
[ 0.0226, 4.7227,-3.9883, 0.6064, 3.0585,-1.9984, 0.3597,-2.1315,-1.2505, 0.0707, 0.2044,-0.3622,-0.8192, 2.9376, 1.9074, 2.9704]
[-0.73  ,-4.1206, 2.9981,-1.9926, 2.1919, 2.1603, 1.4087, 3.0696, 1.8175,-2.961 ,-1.589 , 2.6755, 1.041 ,-1.0166, 1.3074,-1.3519]
[ 1.4809,-0.7505,-2.7454, 1.5502, 2.7892,-0.4943,-1.745 ,-2.3285, 2.0174,-1.8423, 2.8006, 1.1203, 1.9552,-2.8044,-0.7054, 1.0517]
[-2.6641,-4.3376, 0.3665,-1.5705, 0.1049,-0.9494, 2.1328, 0.8125,-1.9479, 2.8467,-0.0311, 2.2336,-2.9321, 0.0788, 2.7235,-1.1031]
[ 4.2919, 2.5084, 0.8428, 2.2225, 0.8565,-3.0854,-1.6917,-2.6842, 2.9897,-1.8421, 2.0182, 0.1057,-1.3548, 3.0777, 2.4277,-3.0425]
[ 3.5705,-3.2951,-0.1333,-3.044 ,-2.868 , 0.4783, 2.5664,-3.0863, 3.1305,-1.4751, 2.846 ,-2.8478,-1.6431, 0.5315, 0.918 ,-2.1652]
[-4.5839,-4.8294, 5.4068, 1.9235,-1.8829, 2.2445, 0.2539,-0.1769, 1.7252,-3.082 , 2.9601, 2.2226, 1.2796, 1.0699,-0.1439,-2.1209]
[ 5.252 , 3.4287, 1.4561,-0.36  ,-0.389 ,-2.34  ,-0.8506,-2.1679, 0.0115,-0.436 , 1.419 ,-0.4595,-0.8035, 2.3114,-1.8758,-2.6008]
[-2.1199,-0.3144, 3.5091,-2.7457, 2.9933, 3.053 ,-1.4362, 1.7356,-0.3856,-0.0175,-0.5734, 1.6027, 2.53  , 0.0355, 2.2259,-1.023 ]
[-3.6737, 2.0371,-2.3786,-0.0174, 3.1241,-1.5402,-1.1418,-0.1064, 2.7356,-2.5604,-2.9848,-0.5764,-2.3735,-0.2825,-0.2951,-2.876 ]
[ 0.6536,-0.5481, 2.4932,-2.1029, 1.0052,-0.972 ,-0.5096,-0.3984,-0.9926,-2.896 ,-0.5504, 3.0984,-0.5229,-2.8223, 2.0523,-2.5633]
[-4.5298,-2.6897, 4.1518,-2.4601,-1.2035,-0.8016,-0.4698, 2.2505,-1.0779,-0.7362,-0.3571, 0.5646,-2.6203, 2.5162, 0.0633, 0.4282]
[ 2.7342,-3.0751, 0.5316,-1.7084,-2.9459,-2.6915, 2.6475,-0.0917, 3.1415,-0.3683, 1.6586,-2.652 , 2.7689,-0.3601, 1.7075, 0.9378]
[-0.8443, 2.5435,-2.6839,-0.6371, 0.869 , 0.1021, 1.4649, 2.9874, 1.9473,-0.7082, 0.053 , 1.8712,-2.0053, 1.6936, 2.7459, 1.0435]
[-1.6046,-5.1706,-0.4665, 2.4568, 1.821 , 0.8324, 1.6964, 2.3684, 0.7527, 2.0151, 0.7203,-1.9709, 2.2219, 0.3121,-0.9671, 2.5741]
[ 0.311 ,-2.4131, 3.6801, 1.2979, 0.1424,-0.9782,-1.8052, 2.7822, 1.7606,-0.481 , 1.209 , 0.2569, 1.8218, 1.7015, 2.6813,-0.3723]
[-3.8538, 2.3578,-5.3219, 1.1975, 0.6782, 1.5946,-0.7019, 2.9807,-0.8061, 2.026 ,-0.7935, 1.5628,-0.1239, 2.5588, 0.7912,-0.9569]
[ 1.2823,-3.154 , 1.7181,-0.6642,-0.3237,-2.2804, 2.318 , 0.6564, 0.6349, 0.2202,-0.2106, 0.9884, 2.1273, 1.0214,-2.0543, 2.1863]
[-1.8321,-2.9021,-2.1221,-2.5251,-2.652 ,-0.5909, 1.3307, 1.2069,-0.8606, 1.8478, 1.8361,-0.7227,-2.3999, 1.1722, 3.0704, 1.0029]
[-1.1057, 1.6424, 5.0199, 1.303 , 1.3947,-2.8134,-2.3629, 1.488 ,-2.8454,-0.876 , 2.4753,-2.4709, 2.1111, 1.1797,-2.1997, 0.1433]
[ 3.9102, 4.9492, 5.2068, 3.1137,-1.0387,-0.8282,-0.7817, 0.7676, 1.1585,-0.9958,-1.788 ,-2.4656,-3.0305, 2.5127, 1.1818,-0.9758]
[ 0.8564, 5.1719,-5.3979, 3.0199, 1.5164,-1.7893, 0.346 ,-0.0548, 0.0111, 0.7999, 1.4789,-0.491 ,-0.4904, 0.5428, 2.7096,-1.5243]
[-4.2877,-0.1746,-3.6815,-0.0898, 2.9459,-2.0238,-0.925 , 2.1441,-1.4668, 2.9329, 0.9099,-1.4862,-2.9903, 2.4194,-2.1506, 1.1155]
[-3.1866, 4.234 , 0.6782, 0.1867,-0.1214,-0.215 , 1.0685,-1.0561,-1.3652,-2.4246, 2.491 ,-1.9605, 1.7619, 1.6488, 0.1994,-1.5983]
[ 2.7918,-1.5624, 2.5758, 0.8985,-1.2149,-2.2048,-0.3205, 1.0862, 1.4534,-1.1039, 0.8861, 2.8988,-0.9714,-0.1746,-2.3225, 2.162 ]
[ 0.9867, 2.7526,-4.8546,-2.2087,-3.1313, 2.665 , 2.7506, 2.1665,-2.7921,-1.6478,-2.5897,-3.0537,-2.3452, 0.1718,-2.1966,-1.8998]
[ 4.6229, 1.9187, 0.3278, 0.4921,-1.5482, 0.6041, 2.9052, 1.94  , 3.0756,-1.8489,-2.4039,-0.1719,-1.4778, 1.1704, 2.7774, 0.2352]
[-2.1838,-0.7262, 1.4131, 1.1843, 0.7363, 1.2977, 2.8536,-2.8978,-2.981 , 1.6163,-2.5499,-1.3458,-3.0131,-1.6167, 1.7046,-0.4016]
[-0.8534, 2.5981,-1.675 ,-0.9367, 1.3772,-0.0607,-1.3525,-2.8301, 2.3439,-2.5756,-1.4108,-1.0813, 2.8354, 2.7029, 1.8326,-1.7116]
[-2.4353,-2.6079, 5.4538,-0.043 ,-0.5159,-1.5526, 0.548 , 2.4572, 0.8949,-1.3347,-1.2281, 2.1872,-1.7308, 3.0562,-2.7665,-0.1753]
[ 4.062 ,-5.1823,-1.7779,-2.7102, 0.6585,-1.0057,-0.8909,-2.8969,-2.2529, 2.3628,-0.738 , 1.1607,-0.4872, 0.0762, 0.4992,-1.2227]
[-5.4135, 0.6913, 2.7797,-2.5298,-2.5567,-1.2768, 0.6222,-1.8543, 2.2549, 1.7365,-1.859 ,-0.4797, 1.2541, 2.452 ,-2.0728,-3.0036]
[ 4.0262, 0.1949, 4.5723,-2.3791, 2.3583, 1.4875,-0.7972,-0.651 , 2.9338, 2.7102, 1.3492,-2.0174, 1.1569, 2.0712, 3.0707, 2.829 ]
[-2.2853,-0.8387, 0.3347, 1.6637, 0.2104,-3.0601,-0.311 ,-0.8931,-0.0173,-0.3871,-1.6136,-0.0924,-0.5267,-2.1457,-2.2637, 2.8366]
[ 3.8665,-2.4371,-3.2938,-0.6249, 2.8294,-1.7683,-1.6894,-0.576 , 0.8833,-2.6073,-1.4029,-0.1712, 2.95  , 2.0729,-1.3409, 1.844 ]
[-2.0661, 4.879 , 2.6793,-0.6621, 2.2182,-2.4752, 0.9565, 2.145 ,-1.9755, 0.922 , 3.0078, 3.1151, 0.0949, 0.5683,-2.1638,-2.6604]
[-5.1148, 2.3402,-3.965 , 2.7195, 3.1398, 1.8971,-2.2112, 2.0335, 1.0602, 3.0748, 2.2266, 1.0939,-1.3907,-1.2762, 2.485 ,-2.0494]
[ 1.0526,-3.3572,-3.1816, 2.0117, 0.325 ,-0.0496, 1.9469, 2.1386,-2.4344,-2.3532,-0.84  ,-0.9694, 2.4025,-2.3695, 2.681 , 0.9495]
