[ 2.6257e+00,-3.5578e+00, 3.1271e+00, 1.9710e+00,-1.5737e+00,-5.7156e-01,-1.2853e+00, 1.6221e+00, 4.3198e-01, 1.1703e-01,-7.6652e-01, 6.7974e-02, 5.1534e-01,-1.6401e+00, 8.1426e-05, 3.5399e-01, 2.5704e+00,-1.7711e+00, 1.0797e-01,-1.5039e+00, 2.9230e+00, 8.7442e-01,-2.6862e+00]
[-1.3169,-3.2235,-3.1499, 2.4673,-1.9726, 0.1079,-2.7152,-1.3399,-1.6717, 0.5843,-0.8333,-2.6429, 3.0353, 0.433 ,-2.3697,-0.6525, 0.321 ,-2.1647,-1.6925, 1.6648,-2.1592, 0.0693, 2.8804]
[-2.5218, 4.3647,-5.4124,-1.917 , 0.6191, 1.8014, 0.8052, 1.1706, 3.0088, 0.4672, 2.0334, 0.5367,-1.262 , 2.5203, 1.8521,-1.3027,-2.0935, 0.1617, 2.201 , 1.5915,-0.4211, 2.1222,-1.081 ]
[-3.138 ,-2.598 ,-3.9449, 2.5294, 2.9656, 3.0367, 0.0665, 2.8029, 0.8493,-2.3765, 2.0939,-2.718 ,-1.1205,-2.0762,-0.7822, 1.303 ,-3.0346, 1.3802, 3.0197, 1.0277,-1.3287,-0.5429,-0.1503]
[ 1.0772,-1.7312,-3.0424, 0.9247, 0.847 ,-3.1302, 2.6866, 1.3124,-2.5624, 0.7613, 2.7099, 1.0055,-0.2245, 0.1879,-0.045 , 0.8015,-2.376 , 2.9802,-2.5687,-1.308 ,-2.4113,-2.0446, 1.6246]
[ 1.6084,-2.0533,-0.0695, 0.5362, 0.1632,-0.291 , 2.433 , 0.2268, 0.417 ,-0.4203, 1.2276,-2.8951,-2.0693,-2.5138,-2.1765,-2.438 ,-2.7798,-2.7019,-3.0041, 0.796 ,-1.8423, 1.1012, 1.7681]
[-0.6678, 2.8742, 2.1693,-3.0623,-2.7973,-0.1339, 0.9828, 2.5211,-1.5089,-2.2373,-1.1914, 2.8055,-1.6576, 2.431 , 2.1927,-2.8259, 1.1591, 0.7125,-2.0727,-0.8958, 0.7838, 0.6225, 1.042 ]
[ 0.7063, 1.5068,-0.5592, 1.5435,-0.9688, 0.0624,-2.7038,-2.9817,-1.9424,-0.1505, 1.3585, 2.979 , 1.9196, 1.2679,-2.9019, 1.6688, 1.2086, 2.7472, 2.6033,-1.788 ,-2.2136, 1.6542, 0.5481]
[ 5.4396,-5.3261,-4.2814, 1.3402, 0.6799, 2.6067,-1.528 ,-0.0354, 2.9157, 1.6876,-2.1747,-2.1741, 1.5389,-0.866 ,-2.6996,-2.4269,-2.5691,-2.4406, 0.8509,-1.6567,-0.5303,-0.6725,-2.3342]
[-0.9339,-0.3422, 2.5227,-2.93  ,-0.931 ,-0.5213, 1.5912, 1.4845,-0.051 , 2.4111, 2.4861, 2.1594,-1.0778, 2.1224,-1.5928, 2.2447,-1.7761, 0.0313, 3.1331,-0.0549, 2.4424, 1.5143,-0.0712]
[ 4.519 , 0.0824, 1.8339, 0.0289,-1.8878, 1.0091,-3.1057, 0.1564,-0.9309,-0.0615, 2.7337,-2.7727,-2.5338,-0.2425,-0.9689,-0.6176, 0.2788, 2.3603, 2.3155, 1.3722,-0.3744,-2.9092, 1.4751]
[ 0.805 , 3.4161, 0.0658,-1.6569, 3.0852,-1.5743,-1.4352,-2.8429, 0.6391, 0.1077, 0.8681,-2.836 , 0.3856,-0.0754, 2.2984,-1.8427,-0.0727,-1.6338,-1.2063,-1.0537, 2.1844, 1.7286, 0.4697]
[ 0.1649,-0.0616,-3.4046, 1.9918,-1.9998,-2.3973,-1.8343, 0.9408,-3.0235,-2.6093,-1.2537,-2.3329, 0.0113, 0.7564,-0.712 , 0.7433,-2.7723, 1.0088,-2.1327, 0.7365,-2.6832,-1.291 ,-0.6112]
[-2.7873,-0.1544, 0.1141,-0.6471, 0.9785,-0.4482,-1.3423, 2.724 ,-2.3145, 1.8143,-1.0181,-2.5007,-1.154 ,-2.512 , 2.476 , 2.0285, 0.2898, 2.8187,-0.301 ,-0.4599, 1.8363,-2.0106,-0.0838]
[ 5.082 , 3.2859,-0.6145, 1.7651,-2.2963, 2.9597, 0.0259,-2.2924, 1.3505,-1.7733, 1.6866, 2.9787,-1.7245,-2.2553, 2.0667,-3.141 , 1.9678, 1.7054, 0.5366, 1.913 ,-0.443 , 1.873 , 1.6572]
[ 3.7102, 5.151 , 5.4892,-2.5398, 0.2739,-2.5986, 0.9098,-1.8601, 3.1389,-1.5016,-1.2695,-3.008 , 1.7367,-2.1574, 1.3322, 2.8002,-2.3312,-2.8204, 1.1074,-0.7985, 1.1506, 2.9937,-1.6802]
[ 4.785 , 4.2428,-0.6838,-3.0976,-1.1978, 2.6706,-0.2263,-3.0298,-1.7809,-1.4975, 1.9727,-2.9354,-2.5423,-2.364 , 0.8836,-1.5742, 0.1922,-0.2624, 1.9069,-2.827 , 0.9506, 1.4339,-1.8511]
[ 4.4176,-2.845 , 3.8519, 0.697 ,-2.7669, 0.1749,-0.1577,-2.502 , 0.0639, 1.604 ,-3.1359, 2.1286, 2.3265, 0.1645, 0.8697,-1.7129, 0.6496,-1.6106,-0.8641,-0.0495, 2.0755,-2.3662,-0.7731]
[-4.7522, 0.5532,-4.371 , 0.7512,-0.6637, 2.2361,-1.0553,-1.4232, 0.7425,-3.1334,-2.8846,-1.8441,-1.9755,-1.8218, 1.2444, 0.2784,-1.6821,-1.7911,-2.8561, 1.458 ,-0.4527, 2.2909,-2.6826]
[-3.3672, 0.4265, 5.3407,-1.4347,-0.3869, 3.1106, 2.1208,-1.2873,-2.287 ,-2.8437, 1.1799,-1.6996, 2.2641,-1.5593,-3.0122,-0.176 ,-2.5404,-2.7114,-0.6519,-1.9643, 1.0982,-1.2254,-2.2446]
[-0.5712, 2.2818, 2.7194, 2.4904, 3.0936,-0.4748,-1.7106, 0.6193, 2.1288, 2.3813,-0.8153,-1.595 ,-2.3046, 2.4235, 0.5733,-2.2179,-2.2101,-0.5414,-2.1342,-0.2472,-0.0308,-0.7371,-0.1076]
[ 2.3762,-3.5831, 2.7794, 1.3542, 0.1587,-1.8933, 0.1525,-0.9367, 2.5026, 2.8164,-2.7859, 0.776 , 0.2146, 2.7885,-1.9548,-1.5029, 0.6756,-0.2917,-0.2542, 1.6015,-2.755 ,-2.8318, 1.9785]
[-3.1303e+00,-3.0283e+00,-2.0088e+00, 3.0079e+00,-1.5892e+00, 2.2351e+00, 2.5235e+00,-6.8576e-01, 2.1691e+00,-1.5523e+00, 2.1635e+00,-9.6367e-01, 2.5083e+00,-2.5904e-01, 3.1159e+00, 7.5893e-04, 8.0243e-01,-2.7660e+00, 1.0237e+00, 2.8796e+00, 2.0409e-01, 2.6021e+00, 7.4533e-02]
[ 2.4545, 2.2276,-1.6549,-2.2265, 1.973 , 1.3129,-2.6939, 1.6032,-0.246 , 0.7736,-2.0686,-2.2444,-1.8135, 1.362 ,-1.1826, 1.0817, 0.2197,-3.0686, 0.0644,-0.1916,-2.588 , 0.0145,-2.7661]
[ 4.7625, 2.2826,-2.9064, 1.2231, 1.7163,-1.4743,-2.6641, 1.8985, 2.6716,-2.3141, 1.6751, 3.132 ,-2.5023, 1.5001,-2.6569, 3.0166, 2.6745, 2.4077,-0.3108, 0.9075,-2.2384,-0.2471,-1.828 ]
[-1.3289,-3.9457,-2.3952,-0.635 ,-2.3558, 2.0729,-1.4321,-2.8367, 1.7166,-1.9962, 1.0774,-0.436 , 2.0868,-1.2293,-0.5499,-3.0404, 1.8203,-2.5262,-0.6341, 0.3397,-1.4686, 1.6902, 0.0424]
[-5.2214,-3.3879,-3.9892, 3.0834,-2.5829,-1.9096, 2.9572,-1.1963, 1.7674,-1.6915, 1.0561, 2.5645, 0.8766,-1.7807,-2.3955,-0.8638,-2.551 , 1.2549,-2.3589,-0.402 ,-1.3086,-2.0514,-0.2853]
[-1.3125,-4.7823, 3.1361,-2.6982, 0.0201,-1.7297,-0.0626,-0.5157,-0.076 ,-2.6397, 2.5682, 0.4024, 1.5686,-2.2853, 1.1901,-0.8048, 1.7191, 2.2274, 1.909 ,-2.6624,-1.5896, 2.6656, 1.3764]
[-2.2763, 3.8739,-2.318 , 1.1986, 0.7672, 0.5585, 2.5476, 0.0584, 2.0942,-1.6186, 0.5362, 0.2711,-2.2998,-0.6246, 2.8153,-3.0753,-1.9089,-1.7581, 1.4258, 2.7328,-0.0847, 2.4266, 1.3982]
[-1.4618,-0.0066,-1.2492,-0.8886, 1.8726, 2.3028, 0.2865,-0.8397, 2.7084,-2.6765,-1.0457, 1.4865,-2.029 ,-0.0746, 0.7634, 2.7657,-2.7136, 1.7916,-1.7741, 1.2316,-1.5133, 2.5279,-2.5698]
[ 3.2775,-2.1896, 2.8653,-3.0719,-2.9485,-0.5909, 0.4008, 1.998 ,-2.4591, 2.6905,-2.0253,-1.4613,-0.0351,-2.2766,-1.0824, 1.0179,-1.8317, 0.0544,-0.8362,-3.1243, 0.2461, 2.9013,-1.7438]
[ 3.6252, 3.5084,-4.2032, 1.6749,-1.9689,-0.4915,-1.6779, 1.8559,-3.124 ,-2.7998,-0.6843,-0.7404,-1.811 , 0.0402, 0.5559, 0.0744, 2.8634, 2.1242, 2.5076, 0.72  , 1.055 ,-0.6509, 1.5941]
[ 0.5958, 5.4029,-2.7543, 0.0946, 0.9532,-1.7229,-2.2846, 2.1139, 0.6759, 1.155 , 2.8194, 2.0357,-0.2437,-0.2985,-0.3731, 2.5466, 0.8966, 0.2146,-3.0409,-2.0751, 0.3553, 1.1965,-1.9002]
[-2.6275,-4.5274,-1.4776,-1.7609,-0.8656,-2.2887, 2.4622,-2.6798,-2.5151, 0.3761,-1.157 , 0.1532,-1.8332, 2.222 , 1.0486,-1.1652,-2.6776, 0.9866, 2.2453,-3.102 , 1.4269,-0.7711,-0.52  ]
[-2.8823, 0.3558,-0.1029, 3.0917, 2.7658,-0.7962,-1.8172,-2.5811,-1.3072, 0.252 ,-0.453 , 2.0846, 0.5566, 1.112 , 2.0083,-1.4254, 0.75  , 1.4223,-2.0143,-0.966 , 2.6162, 0.8986, 2.5889]
[ 3.0135,-3.3234, 2.9011, 1.3021, 2.9201, 1.8485,-0.2243,-0.2624, 1.9564, 1.0563,-2.872 , 2.6106, 0.9872,-1.0177, 0.0512,-2.9367,-0.4972, 2.4737, 2.3137,-1.5076,-0.6256,-2.8305,-1.8387]
[-1.5592, 4.0686, 1.7339, 2.342 ,-1.8651, 0.9538, 2.431 , 2.4304,-1.0511,-2.5036, 3.1324, 2.2078, 2.2578, 1.7473,-0.5101, 1.1238,-1.2167,-0.1376,-3.1257,-1.3948, 0.3646, 1.2256, 2.1641]
[-0.5721,-2.9726, 3.6751, 1.7872, 0.5149, 0.6877,-2.7714,-1.7004,-0.8509, 2.986 ,-2.2885, 1.5992,-2.8302,-1.0763,-2.5451,-0.9123, 0.2353,-0.3594,-2.3148,-0.5576, 0.6143,-2.6038,-1.2744]
[ 2.5527, 4.5383, 2.1447,-1.1167, 1.8672,-1.7128,-1.2561, 0.0561, 0.8863, 0.2819,-0.5738,-2.1972,-3.0369, 1.0808, 1.6327,-1.6504,-0.9482, 2.8199, 0.8226,-1.0654,-2.2514,-2.7488, 1.1968]
[-4.7175, 2.6229,-0.2965,-0.1658,-2.7994, 2.0102, 2.9427,-0.2604,-2.2774,-2.8707,-1.7378,-2.7232,-2.9809,-0.9687,-0.1543, 0.7439,-1.8316,-2.6816,-2.4038, 1.2022,-1.8056,-2.3773,-1.2735]
[-3.2613,-1.3043, 2.3085, 0.108 ,-1.7092, 1.7758, 0.012 ,-2.4748,-2.8672, 3.0541, 0.5169, 0.3668, 2.0832, 0.9921,-0.9911, 2.8495,-0.6501, 0.2401,-0.4477, 2.7473,-0.8051, 2.3256,-2.6917]
[ 2.6909, 4.9694, 1.1286,-1.0956, 1.3338,-2.6417, 1.1165,-0.2511, 2.8611, 2.7899, 0.7835, 2.5057, 1.2927, 2.4503, 2.654 ,-2.1595,-3.0052,-0.2502, 2.2565,-3.0966,-0.0315, 2.3783, 2.8422]
[-3.9816,-1.7205,-0.3825, 1.771 ,-0.6943,-2.8375,-1.2086,-1.8899, 0.7302, 2.3974,-1.6143,-2.6431,-0.4756, 1.3653, 2.6375, 2.5886,-1.4026,-2.1694,-2.0113, 2.2589,-1.1708,-0.8317, 2.9255]
[ 1.9532, 0.4148, 3.0617,-1.9509, 1.8897, 2.6879, 2.7627, 0.881 ,-0.523 ,-2.3242,-0.8324,-2.1657,-2.0929, 0.2906,-0.2661, 1.5513, 2.9311,-1.3798, 2.5897, 0.1499,-2.9105, 1.6896, 2.6973]
[ 0.6247, 2.453 ,-1.5042, 2.3377,-1.2759,-0.2593, 2.1013,-0.6973, 1.1672, 1.9256,-2.3923,-2.7128,-2.3717,-2.5247, 2.514 ,-0.6667, 1.618 , 2.3198,-2.7848, 0.1616, 1.3449, 0.5305,-1.4352]
[ 0.6544,-5.1614,-5.2356,-1.5982, 0.1451, 1.058 , 2.1776,-1.3597, 0.8449, 0.3096,-1.0233,-1.0163,-3.1227, 1.8512, 2.0791, 2.5138, 2.4974,-0.5473, 3.0342, 1.3978, 0.4949, 2.9808, 0.6847]
[-0.3427, 0.7223, 0.3626, 1.1906,-2.9165,-1.4619,-0.0243,-2.4541, 2.2087, 1.0057,-1.0453, 1.6547, 2.5256, 0.5505, 2.6484,-1.3889,-0.5619, 2.3052,-1.1156, 1.8624, 0.9048,-2.7075,-2.5487]
[ 5.1883,-5.0126, 4.2719, 2.698 ,-1.1052,-2.9803, 0.7602, 2.0944,-0.5112,-0.1891,-2.4668,-0.2286, 3.1287,-2.0674, 2.6474,-1.3962,-0.7092, 2.0472,-1.9807,-1.6986, 1.3051, 1.0443, 1.5495]
[-2.5627,-3.4517,-2.0048, 0.1099,-1.3568, 2.0811, 0.3941,-0.995 ,-1.9721,-1.8581, 2.8538,-0.6446,-0.5724,-2.4925,-2.5975,-2.3888, 0.0555,-1.7688,-1.268 , 1.1704,-0.439 ,-1.5006,-0.0801]
[-3.2651,-3.1258, 4.1158,-2.766 ,-1.9038,-1.3984,-2.7138,-1.0453, 2.5327,-1.4279,-0.7155,-2.0343, 0.3712, 1.7382, 0.6064,-2.4217,-2.7894, 1.7594,-1.8186, 0.3089,-0.9897,-1.0962,-1.2233]
[ 5.3876,-2.5862,-2.232 ,-2.4454,-0.1502,-0.0993, 1.2699,-1.4854,-2.8881,-2.8993, 1.4597, 0.1253,-0.5686, 1.4772, 1.5863,-2.0934,-2.9651,-0.3385, 3.05  , 0.1346,-1.2744,-0.143 ,-0.0519]
[-4.668 , 3.3325,-2.3311, 0.7247,-1.5313, 1.7315,-1.977 , 1.7825,-1.319 ,-0.8481, 0.802 , 0.3519, 1.8508,-1.6156,-0.5038,-0.4149,-1.3729, 0.5726,-1.0987,-2.8611,-1.1063,-2.601 , 2.5576]
[ 2.3419,-0.3908, 4.4543, 3.0308,-1.9463,-0.2763, 0.57  ,-1.3562,-2.0601, 3.1189,-3.0306,-0.3562,-3.0999, 3.123 ,-2.4688,-1.8783, 0.4144, 1.9892,-2.2599, 0.261 ,-2.2035, 2.231 ,-2.4301]
[ 1.4073, 3.6116,-2.7963, 0.6944,-2.6726,-1.8574, 1.0918,-0.1745,-2.4783,-0.6011,-2.2943, 1.4769, 0.6882,-0.256 , 0.0231,-2.8781, 0.1369,-2.4811, 0.2925,-0.733 , 0.5178,-2.6948,-1.503 ]
[ 1.1943, 5.1354, 2.7977,-2.2248, 3.0838,-0.4592,-2.0321,-0.0523,-0.2963, 1.9247, 3.0707,-0.1849,-0.6184, 0.05  , 1.5739, 1.3377,-2.0844,-1.407 ,-2.0209,-1.6734,-1.7431,-3.0608, 2.7009]
[-4.8723, 2.4286, 2.6514, 2.733 , 1.5205,-0.6089,-0.7148, 1.6699,-3.0727, 0.5409,-1.6491, 0.4029, 0.5686, 1.8405,-2.1967,-1.0713,-0.3713,-2.4699,-0.4844,-1.0489, 2.1085,-2.6756, 2.5058]
[-2.0985,-1.1486, 5.3871, 0.2822,-1.2928,-1.496 ,-2.0811,-2.4709, 0.0311, 2.7228,-2.3682,-0.1029, 1.4349, 2.3146, 3.0863, 1.6343, 2.831 ,-0.2023, 2.6816,-0.8129, 2.6238,-1.3241,-0.6644]
[ 0.0112,-5.3414, 1.9401, 2.072 , 1.3668,-2.2772, 1.6553,-2.2554,-0.7841, 2.8512, 1.2599,-0.7933, 1.4223,-1.5877, 1.6061, 0.0874,-3.0588, 2.6731, 0.7329,-0.2736,-2.2245, 2.1763,-0.6883]
[-3.5887,-0.9006,-2.295 ,-0.6217,-0.3439,-1.9307, 0.5676, 2.6145, 2.9474, 2.5304, 3.1132, 2.4551,-1.0022,-1.2198,-1.9757,-3.1066,-2.7065, 2.416 ,-1.0548,-0.7331, 2.067 ,-2.8505, 3.0648]
[ 5.0762,-2.0797, 5.471 , 0.3383,-1.3279,-2.1561,-0.9732, 1.4813, 2.3509, 2.9419,-1.592 ,-1.8788,-2.7345,-1.57  , 1.7393, 2.138 , 1.7665, 2.9047,-0.7109,-2.3417,-0.988 , 2.5987,-0.2007]
[-1.7797, 3.167 , 3.6169,-0.6538, 2.1754, 2.2499, 2.5696, 0.0478,-0.1814, 3.1072, 0.7832, 0.7326, 2.7167,-2.293 ,-0.026 , 1.1086,-2.3499, 2.625 , 2.4345, 0.9146,-2.9439,-0.1466,-3.1324]
[-1.2975, 1.9964,-2.8987, 0.0064, 2.1307,-1.1068, 1.133 , 0.1913, 2.2004, 2.8767,-1.443 , 1.0948, 2.0954, 1.0254,-2.8524,-0.0343,-3.0712, 0.3865, 1.0737, 0.2222,-0.8736, 1.2095, 2.785 ]
[-3.4407,-1.9873,-2.8349, 0.2112, 1.4602, 0.1494,-0.3743,-0.5432, 0.3518,-2.6167, 2.3845, 0.3734,-2.5663, 0.5061, 0.5643, 1.8519, 1.4371,-2.7128, 2.8075,-2.9299,-1.6855, 1.7966,-1.3356]
[ 0.8747, 4.191 ,-0.8856, 2.9633,-1.636 ,-0.5048, 0.9381,-0.2433,-0.2814,-2.5158, 0.6916,-3.1023, 3.0662, 1.4334, 1.5218, 1.2022,-1.4703, 2.0414,-1.5251, 2.6083, 0.5967,-2.7388,-1.9426]
[-2.3368,-4.1494, 1.6999, 1.4833, 2.8606, 3.1048, 2.9614, 2.4918, 2.1983, 1.0535,-1.1822, 3.0072, 0.2957, 2.3666,-1.8242,-1.3733, 0.7174,-2.4799, 0.5255, 1.5238, 1.0836, 1.6734,-0.7891]
[-2.081 ,-0.7629, 1.9532,-1.7141, 2.2893, 2.9623, 0.8173, 0.4116,-0.3615, 0.7761, 2.2185, 0.9572,-2.5289, 1.5862, 1.4532,-0.6717, 2.671 , 3.09  , 2.4315, 1.5833, 1.132 ,-0.1842,-2.143 ]
[-4.108 ,-2.3188,-5.2201,-2.2004, 0.7217, 1.7075,-1.5549,-2.9986,-1.8708, 2.2565,-1.1127,-1.1647, 2.6279,-0.8799, 0.6589,-1.3934, 0.2663,-2.2406,-0.5473,-1.6942,-1.3475, 2.7445, 2.7058]
[ 5.1361, 3.5545, 2.0069, 2.7151, 0.1539,-1.9173,-0.8769, 0.7098, 2.9773,-1.7123, 2.7155,-2.1626, 1.4286,-0.153 ,-0.9407,-0.1349, 2.7822,-1.2862,-0.2914,-1.6958, 0.0796,-0.269 , 1.3417]
[-1.3419,-1.6648, 4.4281, 2.3212, 1.3246, 0.0965, 1.5423,-1.0086,-3.0471, 1.2201, 1.0429,-2.5986, 0.0652, 0.4368, 2.9112, 0.3327, 0.5966, 2.1801,-2.3939,-1.6965,-1.5203, 2.4185, 3.0867]
[-0.7634, 1.5254,-4.3422,-0.5463, 0.517 ,-1.22  ,-1.3051, 2.6732,-0.8829,-1.9645,-0.8168,-1.3917, 1.8148,-1.7596,-1.9704,-0.5388, 2.7212, 1.3452, 0.6055, 1.3728, 0.2143, 2.9508, 0.2483]
[-0.4475,-4.2814, 2.4899,-0.6707,-1.1549, 2.1614, 1.4263, 0.7409,-1.473 ,-0.5394, 1.1597, 0.7741, 2.2832, 1.829 , 1.798 ,-1.5565, 0.3985,-0.2908,-1.6232,-2.9266,-2.4475,-2.7235,-1.4579]
[-3.0902,-4.7111,-0.2863,-2.1019, 0.0251, 1.2414, 0.3224,-1.9037,-2.5018, 1.7161,-0.7538, 2.5525,-2.3246, 0.7191,-1.6813,-3.0918, 2.8231, 0.7659,-2.6801,-2.2923,-2.976 , 0.2147,-1.4693]
[ 3.291 ,-4.3251,-1.1388, 1.6221,-2.7627, 2.1068,-2.5701, 2.6421,-0.9462,-0.8067,-0.6895, 1.5848,-2.8237, 2.871 , 1.1725, 2.2261, 0.797 ,-2.6152,-0.9602, 2.1557,-0.7694,-0.3954, 1.6068]
[ 3.5161, 4.0261, 2.045 ,-1.0739, 1.0383,-2.2489,-2.7355, 1.7228,-0.2976, 0.8703,-1.7269, 2.8517, 2.5203, 1.8791,-2.0493,-2.256 , 2.7588, 2.4314,-1.102 ,-2.9952, 2.357 , 3.1175,-2.3611]
[ 4.1774, 3.3942, 2.9677, 1.9431,-2.3326, 2.5866,-1.9458, 1.132 ,-1.708 , 0.1434,-2.3831, 1.8636, 0.9649,-2.6017,-0.0792,-2.5838,-0.3144,-2.2441,-0.6515,-1.0334, 1.6962, 1.3649,-1.498 ]
[-1.8897, 3.7968,-2.8752, 1.9552, 2.0557,-2.2351,-0.062 , 0.416 , 0.864 ,-2.0599,-0.9894,-1.8224, 0.6697, 2.0209,-2.3819, 0.3506,-1.097 ,-2.1337, 1.5741,-2.748 ,-1.6261,-0.6957,-1.5691]
[-2.2709,-0.5464, 3.1185,-2.9421, 2.8279, 0.4176, 1.3291, 2.2229, 0.5012, 1.3315, 0.7929,-2.9836,-0.526 ,-1.0217, 0.6235, 0.2351,-0.566 , 0.6952,-0.6041, 2.4488, 0.3137, 0.6883, 0.7921]
[ 0.8616,-1.7344, 1.5983, 2.6509,-1.4893,-0.0856,-2.429 ,-2.7585, 0.4804,-2.7237, 1.5231, 3.1023, 0.4245,-3.1392, 1.5069, 0.9502, 1.3437,-1.36  , 0.3177, 0.9008, 2.0054, 1.257 ,-1.3893]
[-1.8971, 3.0788,-0.0753, 3.0084,-2.3787, 0.59  ,-0.5207,-0.4614,-2.553 , 0.1877,-2.7806,-0.3041, 3.1311,-1.2297,-0.8143, 1.4731,-0.3615, 2.4418,-0.7081, 1.659 , 0.6225, 1.9535, 2.715 ]
[ 4.432 ,-3.4718, 4.9913,-1.0738,-2.8875, 2.6287,-2.5084,-1.6521,-0.5946, 1.0048,-2.0071,-0.6752,-0.3167, 1.0777, 0.4301,-1.2   ,-0.516 , 2.2921, 2.9842, 0.6043,-2.0936,-0.5779,-2.1947]
[ 3.1722,-2.5889, 3.7356,-0.3708, 2.8035,-2.8589, 1.7019, 1.2875, 0.3304, 2.991 , 1.6772,-1.6973,-2.1173,-1.959 , 1.1524, 0.7314,-0.6967,-2.2963,-0.3648,-0.3722, 1.7037,-0.114 , 1.1012]
[-3.9567, 2.4271, 0.5874,-1.0147,-0.3939, 0.0874, 0.6425, 2.2952,-2.3458,-2.7512, 2.5318,-2.5294, 1.3247, 1.876 , 2.1587, 2.6198, 0.0234,-1.6477,-1.5979, 0.7045, 2.2493,-2.2185,-0.5069]
[ 2.4986, 2.0677,-1.3122, 2.176 , 1.2282, 2.3481, 0.1879, 2.5804, 1.4539, 2.2445, 1.1265,-1.1834,-3.097 ,-2.1463,-2.6912, 1.7901,-2.2629,-1.4312,-0.8631,-0.7716,-0.7416, 2.3333, 2.403 ]
[-3.684 ,-4.6887,-0.5448,-1.1027,-1.9327,-1.5119,-2.2737, 2.238 , 0.4382,-1.721 , 0.4409,-0.4339,-1.9837, 0.9076,-1.0792,-2.5571,-1.0361,-1.4878,-2.6591, 2.3029,-2.8818, 0.937 , 2.4308]
[-4.0253, 4.5385, 4.9289,-0.7402, 2.5843, 0.0696, 1.008 , 2.4769,-0.7338,-1.178 , 1.8403,-0.4303,-1.7072,-1.9687, 2.418 , 0.3237, 1.4446, 3.1356,-0.5171, 2.786 , 3.0915,-2.92  , 2.5957]
[-0.8908, 3.7921,-2.771 ,-0.7003,-2.4809, 0.4514,-1.3789,-1.8981, 0.2826,-2.8258,-2.7228, 2.8527,-0.3524,-1.9144, 2.6685, 1.4319,-1.9806,-0.4862,-0.7604,-0.5568, 1.232 ,-2.5896, 0.9702]
[ 0.145 ,-2.3473,-4.9551,-3.0112, 2.5427,-3.1095,-0.0772, 0.9321,-2.5697, 1.4829, 2.8437, 2.325 , 1.6279, 0.7337,-0.4913,-2.5502, 0.2329, 2.8224, 1.9273, 1.9463,-1.5506,-0.6756, 1.2443]
[ 4.8062,-4.287 , 2.9755, 1.8115, 1.9413, 1.8773, 0.2174,-0.8333, 3.0973,-1.8828, 0.6623,-1.9706, 2.8464, 0.1891,-1.2299,-1.1672, 2.8444,-0.8103, 2.4671,-1.412 ,-1.5554, 1.6682,-1.828 ]
[-2.3406,-0.0654,-0.3473, 1.8555,-0.3776, 3.0133,-2.0289,-2.619 , 1.0119,-0.3732,-1.6736,-0.2863, 1.0865,-0.5363, 1.2169, 0.3726, 0.1315, 2.6391, 1.1409,-2.8601,-0.9252,-2.2971,-2.9687]
[ 0.711 ,-1.3958, 2.9481,-0.7682, 1.5696,-2.0505,-2.9193, 1.6723, 1.7248,-0.7511, 0.0083, 0.1302,-0.1459, 1.2133,-2.6272,-0.8258,-1.1033,-0.9126, 2.6702, 1.9868, 0.579 ,-2.785 ,-1.3789]
[-0.3523, 5.307 ,-5.4746, 0.0137,-0.8778, 1.2813, 0.5459,-0.1076, 0.2275,-1.2507, 2.5114,-0.6653, 0.0415,-2.9678, 1.344 ,-0.6451, 2.177 ,-3.0906,-2.4307,-0.7958, 0.9025,-0.5305,-1.4831]
[ 0.8061,-4.9445,-3.2138, 1.3516, 0.9063, 0.8497,-0.9672,-1.3754,-2.9958, 3.1281, 0.2466, 2.51  ,-1.8404, 2.6905,-2.8722,-1.4907,-0.2977,-2.1185, 2.2155, 1.5302,-1.9189,-2.6077, 1.9232]
[-0.5973, 1.975 , 0.7782,-0.1975,-2.099 , 1.8636, 1.6579, 2.6007,-1.6362, 2.4715, 2.5104, 1.8359, 0.2307,-1.8902, 1.642 , 1.3175, 0.5339, 1.3456, 0.7276,-2.2834,-1.3472, 0.3935,-2.9939]
[ 2.4414, 2.7253, 4.27  , 0.3813,-0.2855,-3.1252, 2.4321,-1.0841,-2.8051, 1.0069, 1.3198, 2.0927,-1.5221, 2.7425,-0.3867,-1.5451, 2.356 , 0.443 , 0.5034,-0.6729, 3.0884, 0.6752, 1.9902]
[-2.8531, 0.7317,-1.6762, 1.6451, 1.4398, 2.4062, 0.3772, 1.05  , 1.1597, 0.2481, 1.0729,-2.3136, 2.9324, 0.8489, 1.6174, 1.6976, 1.5962,-2.9321,-1.5718,-2.8558, 2.9478, 2.5634,-3.1119]
[-3.4099,-1.6115,-1.5184, 2.1949, 2.9522, 1.7105,-2.6183,-1.1338,-1.7215, 1.1617, 0.1897,-1.2662, 0.1838,-0.5399, 1.843 , 2.2973,-3.0837, 0.3473, 2.3229, 3.0147, 0.6479,-0.816 ,-0.451 ]
[-2.8612,-2.8523,-1.338 , 0.0516, 2.8988,-1.7631,-1.0958, 0.9072,-1.1099, 1.9711, 1.4796,-0.2336,-2.6654, 3.0676,-1.8169, 2.6095,-1.953 ,-2.6439, 2.5578, 2.7959,-2.2143,-1.5799, 1.6308]
[-4.0597,-2.7282, 3.6025,-2.4125, 1.3224, 1.2015, 0.9798,-1.3236,-2.0239, 0.9569, 2.528 ,-2.6163, 2.576 , 2.7769,-3.0274, 1.9267,-2.1789, 2.4735, 0.8762,-1.4736,-3.1191,-0.2414,-2.622 ]
[ 1.2663e+00,-4.6841e+00,-5.2141e+00,-2.8686e+00,-2.9242e-03,-1.8759e+00,-1.1853e+00,-6.8283e-01, 2.2187e+00, 9.5150e-01, 1.9177e+00, 3.8716e-01,-3.4282e-01,-2.1426e-01,-1.7646e+00,-1.4656e+00,-2.0483e+00, 2.5327e+00,-2.6760e+00,-2.7839e-01, 2.7839e+00, 4.2371e-01,-2.7224e+00]
[-5.1845,-3.0969, 4.8255,-1.9268,-0.3294, 2.1955, 0.3088,-1.0866, 0.2024, 0.3402, 2.0531,-1.2505, 2.3887, 1.657 , 1.741 ,-2.8417, 0.9238, 2.755 , 0.5247,-2.0515,-0.4121,-2.371 , 0.4525]
