[ 0.4066,-2.1812, 3.3624,-2.8987, 1.0505, 1.1302, 2.6375,-1.7645,-2.0519,-1.0704,-0.4868, 0.2256, 1.7775, 1.4681,-1.4994,-0.869 ,-2.5683,-0.9599,-1.6429, 1.7853,-2.2099,-1.5434, 2.1086]
[-1.4273,-2.7649,-1.0006, 0.7902,-0.7942, 1.2759, 1.3841, 0.5708,-1.1688, 0.154 , 2.9787,-3.0689, 1.1447,-0.8127, 2.364 , 0.8382, 2.0023,-0.238 ,-1.4191, 0.6178, 1.0218,-1.1711, 1.4055]
[ 1.1114,-4.5241, 1.9099,-1.9855,-0.4047, 0.1184,-2.5694, 3.0808, 0.0174,-1.2504, 3.0762, 0.3045, 0.1516,-1.1783,-0.8121,-1.4592,-2.9069,-0.7264, 2.2929, 2.4781,-2.392 ,-2.3669, 2.5887]
[ 1.5541, 4.9986, 1.0098,-0.2718, 0.0582,-1.4602, 0.0903, 0.3669,-1.2963, 1.305 , 0.4246, 0.2438,-1.0276,-1.4947, 1.0007, 1.2985, 1.4741,-2.7606, 1.858 , 1.1823,-0.5224, 2.5902, 2.6412]
[-1.288 ,-5.4744, 4.6301,-2.8332, 0.4738,-2.2799, 0.545 ,-2.9709, 0.1222, 0.3822,-0.9439, 2.1605,-2.6881,-0.2272, 1.4614, 1.5031, 1.302 ,-0.321 , 0.1269,-2.5906,-2.6594, 1.4636, 0.7249]
[ 5.277 , 2.9027,-0.206 , 2.7967, 2.3183, 0.8171, 1.9441,-1.2908, 1.4314,-0.5959, 0.3231, 0.1994, 2.4172,-0.6946, 0.4724,-2.7394, 3.039 ,-0.7418, 2.9596,-1.3063,-1.4191, 1.4106, 3.0388]
[ 1.1783, 2.4122,-1.7439,-2.1256,-2.5259, 0.0675,-0.405 , 1.0686,-2.1335, 0.9751,-1.645 ,-2.803 ,-2.8746, 0.6125,-0.43  ,-1.0461, 1.6425, 2.7616,-2.9509,-2.9167,-2.5103, 0.0156, 1.5521]
[ 1.4389, 1.7493, 1.6749, 1.6293, 1.1307, 0.8684,-2.3531, 0.3074,-1.4224,-0.6888, 1.9003,-0.4234, 2.7979,-1.5296, 1.8847, 2.8459,-1.3518, 0.1446, 2.9302,-0.4114, 1.4925,-0.5237,-2.1975]
[-0.3472, 4.4945,-3.2035,-0.8375, 2.8526, 1.4326, 0.822 ,-1.6284,-1.6526,-1.7594, 1.1117,-1.4304, 1.4742,-1.701 , 1.7454, 1.3579, 1.8002,-0.983 ,-2.3805,-2.5512,-0.712 , 0.4509, 0.7016]
[ 2.7483, 4.409 ,-0.8182, 1.6276,-0.5935, 0.3095,-0.6227, 0.8657,-0.334 ,-0.1086, 1.2465, 1.1152,-1.5995,-2.5722,-1.0165,-1.7742, 0.7773,-1.1885, 0.2529, 1.0284, 3.0314, 3.0916,-0.8256]
[ 2.817 ,-3.075 ,-3.9803,-0.7489, 2.6657,-3.0498,-2.5213, 1.2427, 0.0847, 2.262 ,-0.297 ,-0.4788,-0.2363, 1.7699, 3.0812,-2.8963,-2.5404,-1.4554,-2.1841, 3.11  ,-0.7172,-2.9471, 2.0994]
[ 4.4546e+00, 2.0675e+00, 2.6954e+00,-2.9564e-03,-1.7438e+00, 9.4105e-01, 3.0040e+00, 1.4532e+00,-8.0743e-01, 2.7807e+00, 6.0849e-02,-2.1417e+00,-2.5990e+00,-1.9575e+00,-2.4130e+00,-1.2757e+00, 2.7313e+00,-9.2820e-01, 1.4521e+00, 8.9617e-01, 1.7264e+00, 1.6693e-01,-1.2629e+00]
[-3.8548,-0.842 ,-5.3468,-2.0812, 1.5122,-1.3958, 1.5543,-1.0271, 2.0647, 2.8107,-1.3014, 0.7851, 0.8761,-1.2294, 0.5528, 1.8588, 0.068 , 2.1305, 0.1554,-0.1552, 1.0813,-3.0602,-1.5196]
[ 0.9066,-4.17  ,-4.5536, 2.6489,-2.4591,-2.7069,-1.6576, 0.7669, 2.3109,-0.8557,-0.892 , 2.7371,-2.6934, 2.6961,-1.0989, 0.726 , 2.6328,-2.553 , 0.5379,-1.3169, 2.0132, 1.5587, 0.7204]
[ 1.2685, 1.571 , 3.8494,-0.1859, 2.415 , 1.7041, 1.508 ,-0.6255, 1.203 ,-2.4903,-0.5791, 3.0407, 2.7668,-1.8331, 2.744 , 0.1175,-0.6777,-1.2769, 2.7924,-3.1083,-2.5363, 1.868 ,-0.8607]
[-2.3402,-1.9406, 3.7466, 1.9769, 1.8064, 1.9955,-1.9894, 2.7821, 0.7276, 0.4143,-1.8188,-0.189 ,-1.3366,-2.3045,-2.3738, 0.8374, 1.6582, 2.547 , 1.5666,-3.1138, 0.3147, 0.9262,-0.5743]
[ 0.3185, 3.3003, 4.1983,-0.4242, 0.4253,-1.0868, 2.9464, 1.5116,-2.9936,-2.4116, 2.0759, 1.1532, 1.8804, 2.8997, 2.5391, 2.4262,-1.6086,-1.9581,-1.5239, 1.8793, 0.3205,-0.7189,-0.6626]
[ 2.3944,-4.352 , 1.6139,-2.8847, 2.1389, 0.7615, 1.7902,-2.3571, 3.0248,-1.9566,-2.4091,-1.8367, 0.983 ,-1.2134, 0.0809, 1.2146,-2.1289, 0.0144, 1.9657, 2.1631, 1.9202, 1.9582,-2.2407]
[ 2.3128, 1.7525, 4.8411,-2.3932, 1.3435, 3.0816, 1.7377,-0.3169,-1.3779, 2.686 , 1.1826,-1.2619, 2.8298, 1.288 ,-2.3791, 2.537 ,-1.0388,-2.3885, 0.7477, 1.6984,-0.7525, 0.4856, 0.8442]
[-2.8725, 2.8833,-2.7161, 1.3676, 1.3085, 1.2561, 2.7521, 0.7785,-2.8452,-1.8189, 2.2307, 2.7488,-0.7222,-2.4108,-2.9827,-2.8378,-1.5037,-1.6416,-2.4373,-2.8165, 2.5242,-0.2564, 1.9741]
[ 4.9649, 2.234 , 3.0116, 2.3175,-2.2442,-0.5986, 1.4144,-0.3413, 1.6249, 0.0541, 2.2955,-1.7579, 0.0202, 1.5652, 1.274 , 1.25  ,-2.8329, 1.6437,-0.4691, 1.979 ,-3.0105, 0.1885, 2.335 ]
[-2.1956,-2.6703,-0.0735,-3.1048, 2.2247, 2.0291,-2.7475, 0.6459,-1.8037,-0.4185,-0.454 , 0.2838,-0.3789, 1.1218,-0.1285,-1.5309, 0.8642, 0.4078, 1.3582, 1.0191, 0.558 ,-0.8162,-0.3451]
[ 3.8759,-3.9174, 0.8733, 0.5807, 1.7138, 2.2615, 0.4022,-1.6782, 0.5555,-2.4677, 0.1045, 2.9889, 0.885 , 1.2163, 0.3004, 0.8864,-1.9856, 3.0257, 1.2109, 2.7103,-2.2721,-2.7946,-2.645 ]
[-0.0621, 4.3005, 1.3141,-0.7313,-2.4816, 2.5678, 2.1354,-2.0166, 2.7302, 1.4388, 2.1861,-2.8462,-1.5377,-0.4575,-0.3236, 2.3982, 3.0768,-1.4376,-2.9719, 3.1057,-2.7779,-2.0078,-1.4968]
[ 0.4863, 1.7665, 1.2025, 0.7406,-1.2123, 0.8012, 2.0085, 1.6101,-0.7932,-0.7242,-2.6629, 0.5468, 2.564 , 0.435 ,-1.6104, 0.2135, 2.2319, 0.106 , 1.4397, 1.6773,-1.1226, 1.4046,-0.4308]
[-0.5612,-0.7819,-4.3125,-0.0723, 2.1818, 2.2477,-0.7457,-2.7155,-1.0891,-1.0656,-1.3883,-0.1116,-1.8805,-0.3019,-1.7383, 1.5343,-0.313 , 2.7295, 1.4028, 0.8821, 3.08  , 2.3353,-2.8852]
[ 4.896 ,-4.0353, 5.0822, 0.9018, 2.8914, 2.4813,-2.4422,-1.7718, 2.2206, 0.4439,-2.5174, 0.0082, 0.6538,-1.7476,-3.0931,-0.6854,-0.8575,-0.9596, 1.1656, 0.0524,-2.9333, 2.3603,-2.3046]
[ 5.2385,-1.2024, 5.0699, 1.0666,-1.3927, 0.0921,-1.8816, 0.5386, 0.1857, 3.0891, 3.1209,-3.1099,-2.2334, 0.8396, 1.6871,-0.7759,-0.3266, 1.861 , 0.1919, 0.1278,-2.9251,-2.5485, 1.7023]
[ 2.9346,-4.4807, 1.9405,-0.0756,-0.3274,-0.6378,-0.9135, 0.7525,-1.6164,-2.4615, 1.0657,-0.7385,-0.6647,-0.3184, 1.1559, 2.729 ,-1.0941, 1.8368, 1.1   , 2.0943, 2.9355, 2.7665,-1.8167]
[ 3.9649,-5.156 , 2.1437, 2.3095,-0.4841, 1.391 ,-1.6255,-1.4399,-2.5502,-1.992 ,-3.1265,-1.8381, 1.0737, 1.2842, 0.769 ,-1.3885,-0.1075, 0.4384,-1.0062, 0.5201,-0.053 , 1.5935,-0.4875]
[-4.3878,-4.8205,-5.1403, 2.1685,-3.0959, 1.6181, 2.2921,-1.6229, 1.3668,-0.9079, 2.2397, 0.9011,-2.2763, 2.1573, 0.9862,-2.5987,-1.6158,-0.4276,-1.139 , 0.672 ,-0.9291, 1.7872,-0.575 ]
[ 4.6668, 4.5598,-3.4469, 2.6622, 2.6333,-1.3654, 0.6563, 0.3059,-2.8826,-2.5526, 2.7169,-3.019 ,-0.7409, 0.9173,-1.6903,-1.8551, 0.8133,-0.7135,-2.6267, 2.2698,-0.1516,-1.9435, 0.3561]
[-0.2467,-3.0161, 5.4448,-1.6306, 1.5119, 2.8582,-0.9399, 1.5263,-1.4027, 0.1383, 2.8647,-1.3459,-0.3019, 2.7779, 0.2075,-0.7444,-1.4736,-0.2882,-2.5676,-2.705 ,-0.7577, 1.412 ,-1.9286]
[ 3.9635, 2.8905,-0.4754, 0.298 , 0.8744,-1.0837,-0.4949,-0.7988,-0.2543,-2.1325, 1.5048,-0.7356,-2.4641,-0.5875,-0.2042, 1.1686,-0.3834, 2.6008, 0.2755,-1.322 , 2.0686,-1.1012,-0.9177]
[-1.583 , 4.8208,-5.1447,-1.1781,-1.5871,-0.2798, 0.7792,-1.7901,-2.5305, 1.143 ,-2.7729,-0.8507,-1.7694,-1.245 , 2.7415, 0.1953,-1.8296, 0.5584, 1.4497,-0.8021,-1.9294,-1.1308, 1.1974]
[ 4.2008,-2.4489, 1.8337,-0.1304, 1.1122, 1.6513,-1.4501,-1.7119,-2.2679, 0.6665, 1.6881,-2.1324,-0.5803,-2.964 ,-2.6998,-0.0255,-1.1869,-0.5233,-2.6706, 3.1281, 2.0456,-3.1368,-1.1143]
[-5.232 , 3.7074, 5.0601, 1.7052, 2.339 ,-1.2068,-2.2365,-0.0816,-1.6479,-2.6958,-2.2847, 1.6847, 1.3825, 0.346 , 0.4174,-2.4557,-2.5584,-2.018 ,-1.6793, 1.2258,-1.2075, 0.3052, 2.7175]
[-1.1085,-4.1017,-4.5648,-0.6442,-1.4532, 3.1383,-1.0109,-2.1554,-2.7454, 2.9411,-1.8751,-0.493 ,-0.994 ,-0.0838,-1.591 ,-2.4655, 1.0368, 1.5986,-0.6212, 1.1542, 0.9921,-1.5027, 0.9847]
[ 3.4057, 0.3955, 0.3446, 2.2634, 1.646 ,-1.6602,-2.5566, 1.9163,-0.6175,-2.4629,-1.3656, 1.8571,-1.2615, 0.8487, 0.7754, 1.9125,-1.9558,-2.7069,-1.6755,-2.0418,-2.5696,-1.5611, 0.142 ]
[ 4.7739,-4.3398,-3.4296, 2.4945,-1.5982, 1.8016,-1.284 , 1.7417,-1.5247, 0.6525, 1.5939, 2.3741, 1.1158, 2.742 ,-1.5124,-2.5199,-2.8123, 1.8923,-1.6915, 0.5331,-0.4721, 0.326 , 2.466 ]
[-1.4506, 1.0382,-3.3079,-0.9448,-1.8878, 1.8548,-1.2423,-0.7739,-2.7077,-0.2515,-2.9098, 2.1943, 2.2466,-0.781 , 0.9707, 1.2371, 0.3011,-1.6403, 0.5546, 1.5874, 2.3364, 1.8221,-0.3076]
[-5.3358, 5.405 , 2.763 , 1.2381, 1.2654,-2.4086, 1.4934,-1.5244,-1.137 , 1.4202,-2.307 , 1.1924, 3.1123, 2.2521,-2.7603, 1.9674,-2.958 ,-0.2299, 2.6475,-0.852 , 1.8454,-2.9326,-1.6997]
[-4.2985,-0.8924, 3.7931,-0.4055,-1.8256, 1.4548, 1.2777,-1.3845,-0.2269, 3.0858, 0.9096, 0.8133,-1.1669, 1.8001, 2.6836, 2.746 ,-2.0348, 2.6299,-1.1871,-0.1042,-2.9015, 2.8047, 2.7391]
[-4.5803,-0.2465,-5.1795,-0.2811,-2.209 , 2.8555,-0.2472, 0.9589, 1.498 , 0.7613, 1.3605,-0.1146,-2.1645,-2.3053, 0.7855,-1.5415, 2.1984, 1.8943,-2.4081,-0.2928,-2.408 , 3.1263, 1.6223]
[-2.9462,-1.5614,-4.3367,-1.2244, 2.2662,-2.9134, 2.1717, 3.0662,-0.5524,-1.0727, 0.5616,-1.8385,-2.0858,-0.912 , 2.5077,-0.5218, 0.7081,-0.9292,-2.0481,-2.7859,-1.3574, 2.8813,-0.4539]
[ 4.5314,-5.1329, 5.2003,-3.0649,-2.196 ,-2.6541, 1.2552,-2.7347, 2.1153,-2.1312, 2.0848, 0.1076, 2.371 ,-2.9169, 2.1427,-1.7558,-1.9319,-2.969 ,-2.439 ,-3.0933,-1.2228,-1.8959,-0.3294]
[ 0.703 ,-5.305 ,-0.106 , 2.486 , 0.4311, 0.561 , 0.5929,-0.468 ,-1.2882,-1.9325,-1.6977,-1.2577,-2.3571,-2.8894,-2.869 ,-2.7022,-0.0395, 1.22  , 2.0459, 0.0266, 2.018 ,-2.3129,-2.7519]
[-4.7287,-3.6687, 2.9199,-1.725 ,-2.5906,-2.7361, 2.5227,-0.8536, 0.7482, 2.8506, 0.0929,-2.2621,-2.2625, 0.1156, 1.7125,-2.7588,-1.4016, 2.3033,-1.995 , 2.72  ,-2.4343, 1.0761, 2.1606]
[-2.3262,-4.5844, 4.6666,-2.4745,-0.243 ,-2.9294,-3.0319, 2.523 , 1.1759,-3.1287, 2.9714, 2.2002,-0.925 ,-0.0452,-1.1281,-1.6497, 2.0223, 0.5869, 0.5491, 2.1269, 2.7042,-0.7144, 2.3219]
[ 0.1021, 1.2602,-2.6535,-1.3111,-1.8107,-2.7827,-2.1684, 2.9619,-1.8972, 2.1912, 2.9727, 2.0773,-2.2997, 0.3336, 1.4797, 1.4401,-1.6744,-0.7575, 3.1015,-0.9899, 0.3474, 0.8237,-2.4784]
[-4.2374, 2.2386,-3.3217,-0.145 ,-0.5724,-2.5515,-0.1229,-0.5886,-1.486 ,-1.5366, 2.3295, 0.7672,-2.0105,-0.6021, 3.0286, 2.4006, 2.3614, 1.8176,-1.4024, 0.4966,-0.2923, 1.9286, 1.6459]
[-3.1145,-3.0524,-0.4976,-2.5874, 0.8565, 2.736 ,-2.4979, 1.2694, 0.862 ,-0.0213, 2.3354, 0.2638, 2.9622, 2.0479,-2.97  ,-1.9736,-2.3564, 2.6648, 1.3912,-1.7192,-0.0172, 0.9209,-0.9097]
[ 4.1881,-5.3107,-4.0067, 0.7837,-2.4531, 0.8306, 2.2479, 0.4884,-2.9741,-0.0969,-1.8707,-0.9552, 1.6904, 2.4345,-1.7285, 0.8506,-2.2303,-3.122 ,-0.9751, 2.5186, 2.8225,-0.8106,-1.1887]
[ 2.7157,-3.1   ,-3.6492,-0.067 , 2.2013, 3.0001,-2.5312, 1.5157,-0.8563, 1.3612,-1.0996, 1.5209,-1.3149,-0.4584,-2.7546,-1.2102,-2.1347, 0.0749, 0.9195, 0.5644, 0.0067,-2.7074, 0.0531]
[-3.2198,-1.2841,-3.2861, 1.9686, 0.0441, 1.1018, 2.5608,-1.0644, 1.6271, 0.4478,-0.3219,-2.8705,-2.8069,-1.1711, 1.3573,-2.2239, 2.8294,-1.946 ,-1.7082,-2.4574,-0.2758,-0.3531, 1.214 ]
[ 2.8821,-0.354 ,-4.3183, 2.7679, 1.1678, 0.5541,-0.4608, 1.5211,-1.1649,-1.6062,-0.05  , 2.2424, 2.6263,-2.6177,-0.4436, 2.8074,-1.6116,-1.024 ,-2.4681, 1.0803,-1.4591, 1.6506,-1.5999]
[ 3.6067, 3.8024,-1.5714,-1.2418,-2.0194,-2.7029,-2.9743,-0.3504, 2.1457,-0.2879, 1.2114, 3.0189, 0.9062, 0.4918,-1.6141, 1.2348,-1.4055, 2.4328,-1.7296, 2.4993, 2.6548, 0.8813,-0.4121]
[-4.6242, 1.7275, 2.6401, 0.5372,-2.2479, 2.1271,-2.0655, 0.9967,-2.4632, 1.2376, 2.8474, 1.0789,-3.1383,-2.0399,-2.9792,-0.1667,-1.3585, 2.4495, 3.0541,-0.1851,-0.8232,-1.6389, 2.5232]
[ 2.1259, 0.3139,-2.2774,-1.262 ,-1.2934,-2.7451, 3.0929,-1.323 ,-2.061 ,-2.6103,-0.4498,-2.0571, 3.092 , 1.5358,-2.741 , 1.3798, 0.9133, 2.1389, 1.3642, 1.2198,-1.411 , 2.9278,-0.4463]
[-2.2397,-3.5976,-4.7815,-0.9986, 2.1964,-1.089 ,-1.8671, 2.5587, 1.6264, 0.6148,-1.7062,-2.0462,-1.4537, 1.6624, 0.5825, 3.0442,-1.5489, 2.2514, 1.707 , 2.4119, 3.0539,-3.0929,-2.2017]
[ 0.2827,-5.3104,-1.4219,-3.0456,-1.5518,-1.1295,-1.7571,-1.4854, 0.3272, 1.3921, 2.8931, 2.5071,-2.5149,-1.8463,-1.6771, 1.3078,-3.1103, 1.3796,-0.2491,-0.152 ,-2.8362,-0.6336, 0.2719]
[ 2.1251, 1.1737, 3.8273, 1.0615, 0.7368,-1.7598, 2.9998, 0.1917, 0.5101,-1.2207,-1.7948,-0.723 ,-3.1104,-3.1191,-1.2293, 2.6062,-0.9342,-0.6542, 0.6028,-0.3745, 0.0562, 2.3069, 2.2006]
[ 1.1176,-3.8614,-0.4498,-1.7039,-1.8822, 2.5765,-1.974 ,-0.5126,-1.0611, 0.856 ,-0.7289,-1.5238,-2.5575,-1.248 , 1.7353,-1.9333, 1.2785, 2.6098, 1.8039, 2.5939,-0.8103,-2.0722,-0.5288]
[-5.0106,-2.8317, 0.6944, 2.2731,-2.9566,-1.7008, 1.8817,-0.7219, 0.6262, 1.1404,-2.9101, 2.3585, 0.113 ,-0.7463, 0.7494,-3.025 , 1.5042, 0.4142, 1.9933,-0.2092, 2.5738, 1.304 , 2.071 ]
[ 5.4584,-4.2729,-0.8513,-0.5363, 0.4635, 1.6499,-1.2785, 0.1655,-2.0206,-1.8096,-0.154 ,-0.9861,-1.8658,-1.4246, 1.6313, 3.0208,-1.2399,-1.7622,-0.8417,-1.9805,-1.9357, 0.6487, 2.1153]
[ 4.3415, 4.1765, 3.7992, 1.67  , 2.6682, 1.1157, 2.6908,-2.9052, 2.1424,-2.7156, 0.9299,-1.4832,-2.0311,-2.2324, 2.2085, 0.9068,-1.702 ,-2.4034,-2.0487,-1.4691, 1.7194, 2.6484, 0.8005]
[-1.0697,-1.388 ,-3.1573,-2.0616, 1.1244,-1.7476,-1.5941, 1.3244,-0.1341,-1.1613, 0.5317, 0.1423,-1.1192, 0.4452,-2.9271,-0.9089,-2.7464,-0.0327, 1.9945,-0.9219,-0.9473,-1.7369, 0.9474]
[ 0.7955,-0.3618, 2.8699, 0.1632, 0.9558,-0.5304, 1.4894, 2.9655, 2.6286,-2.3762,-1.1838, 2.9392, 1.6609, 2.2622,-1.3136, 1.7696,-0.7303, 1.3868,-0.9741,-0.6057, 2.7851, 0.6827,-0.0834]
[ 1.7649,-1.1687, 0.3639, 2.8257, 2.0932,-0.1383,-2.5874, 2.3171,-0.0722,-2.6046, 0.8815, 1.3952,-0.293 , 0.3701,-1.7609, 2.5653,-2.1441, 2.3307, 1.5549, 0.27  , 1.6271,-0.9042,-0.9591]
[ 1.9307, 2.9419,-3.5364, 1.3587,-0.9785,-2.4254,-1.9865, 2.8835,-2.8482,-2.3209, 0.807 , 0.9494,-2.6649,-0.3069,-0.2287,-2.7426, 2.3298,-2.9901,-1.6239,-2.1279,-2.1561, 0.0882, 1.2578]
[ 5.1908,-3.6615,-1.648 ,-0.7822,-0.2101,-1.8349, 1.9835, 0.3411,-1.1873,-2.5642,-0.1717, 1.17  , 2.1813,-1.7473,-0.2529,-0.0282,-2.5326, 0.9934,-0.853 ,-0.4177,-1.73  ,-1.8297,-0.5015]
[ 0.3967,-5.261 , 2.4478, 2.5232, 0.0315, 1.5272, 0.0514,-0.0182,-0.4462,-1.0845, 0.0552, 2.3611, 0.5759, 1.7843, 2.0843,-2.3859,-0.482 , 1.72  , 2.5292,-0.2947,-2.5852,-1.5273, 3.1405]
[ 4.3611, 1.656 , 2.9111,-0.4302, 1.5569, 1.4814,-1.467 , 0.3548, 1.3086,-1.9195,-1.2883, 2.8197,-0.475 , 0.4127,-2.5422,-2.881 ,-2.0237,-0.9347,-3.0479,-0.8868, 1.7715, 0.1358,-2.4219]
[-0.1215, 0.2787,-3.7603,-0.0049, 2.9157, 2.2719, 1.0755,-1.1484,-0.313 , 0.6643, 1.3068,-3.1371, 0.7483, 2.6236,-2.0653,-0.5246,-1.7263,-1.336 , 1.7086,-2.0022, 1.8261, 0.914 , 0.2289]
[-5.1419,-3.5827,-2.9694,-2.205 ,-0.106 ,-1.2122, 0.8724,-0.2568, 0.2692,-2.7381,-1.1486, 1.7873,-2.2999, 2.1502,-1.5404,-1.1461, 0.1584,-2.7647, 0.4619,-2.8081,-2.3773, 2.5253, 1.9097]
[-4.4089,-4.2595,-4.9211,-0.487 , 2.4245, 2.2119,-3.0244, 1.4503,-0.4165,-0.018 ,-2.8342,-1.0091,-0.5978, 0.7975,-0.7816, 2.4183,-3.0701, 0.8345, 2.5653,-1.6833,-2.9014, 2.9871, 1.7263]
[ 2.5223,-2.2583,-1.4854, 1.2692,-1.9719,-0.818 , 0.6207,-1.2858, 2.2093, 2.0331, 0.0201,-1.8346,-2.0362,-2.1438, 2.2115,-3.0421, 0.4814, 2.9778, 1.0282, 1.3595,-0.9813,-2.1888,-1.5493]
[ 3.4478, 4.3856,-5.1432,-0.6462, 0.6813,-0.7522, 1.5571, 0.4442, 2.5864,-1.3821, 0.6857,-2.0802, 2.6434, 2.9109,-0.6582,-0.5385,-3.079 ,-2.1143, 2.5784,-0.5769,-1.402 ,-0.4454,-1.7948]
[ 1.8368e+00, 5.3593e+00,-3.0180e+00, 1.1387e-01, 1.8184e+00, 9.0660e-01,-1.6014e+00, 8.2653e-02,-1.3101e+00, 3.3970e-03,-2.1074e+00,-3.1164e+00,-1.5943e+00,-6.3876e-01,-2.8433e+00, 2.6063e+00, 2.7184e+00,-2.7257e+00,-1.6854e-01, 1.2830e+00, 5.8622e-01, 1.7750e+00,-2.6739e-01]
[-4.4834,-3.9388, 5.0393,-2.2298, 1.432 ,-0.0285,-0.4489, 2.5484, 1.8396, 2.5416,-2.1752,-1.412 ,-1.9367,-1.0195,-0.5128, 0.155 ,-1.1227, 1.8462, 2.6901, 0.1622,-0.2069, 2.2048,-3.0768]
[-0.1674, 4.9938,-1.3766, 0.0224,-2.8083,-1.0083,-0.8848,-1.8426, 1.9219,-2.178 ,-2.1037,-2.79  ,-2.7082,-0.6082,-2.111 , 0.957 ,-2.6475,-1.3881,-2.1687,-0.609 ,-2.797 ,-1.108 , 3.0335]
[-1.0274,-1.282 , 3.4909,-1.0486, 1.7874,-0.9867,-1.4398, 0.2781, 0.4361, 0.363 , 2.3517,-2.0416, 1.7995, 2.0693,-2.2582, 1.7811, 2.1933, 2.0268,-2.4353, 1.4635, 1.2124,-0.7748,-2.6769]
[ 0.799 ,-2.8255, 0.3689,-2.3154, 1.8767, 2.1396,-2.2403,-0.3955,-2.1101, 1.2121, 0.663 ,-2.7523, 2.6455, 2.9376,-1.9672,-0.5513,-0.7912,-0.8999,-0.752 ,-1.2746,-0.4224,-2.3156,-2.2456]
[-4.9183, 3.591 ,-2.7205,-1.1504, 0.0915,-0.1068, 1.5103, 2.7164, 0.2727, 0.1436,-0.7368, 0.1462,-0.0227, 2.525 ,-2.2464,-0.2619,-1.1905, 0.7295, 0.5335,-1.9054, 0.9163,-1.9005, 0.6442]
[-4.5075, 1.3404, 0.8487,-3.0255,-1.0494,-0.1944, 1.8957,-0.1866,-1.0781, 2.2986, 1.1426, 0.3679, 2.6609,-1.7462,-2.3459,-2.1706, 2.8845, 0.3612,-2.3636, 2.4585,-1.1791,-2.0759,-2.2201]
[-3.7609, 0.1966, 5.1734,-2.171 , 1.4313, 2.5657,-1.2821,-1.7631,-0.0763,-2.2176, 0.1291, 0.4449,-1.1021,-0.4291, 0.2171, 1.348 ,-1.3732, 3.002 ,-1.73  , 2.2189,-0.2706, 0.1221, 2.1758]
[-2.5394,-2.1767,-1.8552, 2.1056, 1.0122,-1.8264,-1.0867,-2.4685,-1.0844,-2.9844, 3.087 , 2.5416, 0.3418, 0.581 , 2.3998,-0.4382, 2.1837,-0.5283, 1.4912, 1.5213,-3.0379,-1.9534, 0.0782]
[ 1.9001, 4.0593, 2.4505,-1.6416, 2.2287,-2.1348, 1.6536,-0.1533,-3.0996, 2.8792,-0.5924, 0.4324,-0.785 , 1.8543,-1.7656,-2.2663, 0.0366,-3.0651, 3.0489, 2.5403,-0.2122,-1.263 , 2.4074]
[-4.6148, 5.3432,-0.7315,-1.8449,-2.5422,-0.8558, 1.986 , 0.8078, 3.056 , 2.1466,-2.2379, 2.5432, 0.5693,-2.7643, 1.0995, 1.4647,-0.6252,-1.6372, 2.1119,-2.504 ,-1.0607, 2.2171, 1.7729]
[ 0.4019, 5.2724,-1.9644,-1.1045,-0.1757,-2.4235, 1.0251,-0.1016,-1.2242,-0.0093, 1.4482, 0.5244, 2.2694, 2.1684, 2.075 , 0.436 ,-2.2589,-1.2245,-1.5796,-1.7746, 3.1409, 2.2484, 2.0255]
[ 1.9148,-3.4325,-5.4083, 1.0624,-0.7049,-2.1976, 0.0719,-2.6383, 0.2326,-0.7065, 1.3038, 1.3738, 1.7637, 1.5162, 1.3683,-0.1377, 0.976 ,-2.1197,-1.9079,-1.7   ,-0.81  ,-2.4996,-2.8484]
[ 3.3326,-4.5907,-3.1982,-2.5685, 1.3841,-3.0633, 0.3814, 1.1346,-2.2934,-1.4471, 2.3953, 1.4047, 1.3714,-1.4225,-3.0552,-1.5199, 2.2933, 1.4219,-3.0096, 2.8242,-1.939 ,-0.4566, 2.6845]
[ 5.2288, 4.1905,-1.7965,-2.2382, 1.504 , 0.8585,-1.0804,-0.2287, 0.6763,-2.7879, 0.2428,-0.3993,-3.0152, 1.4003,-2.7947, 2.8692,-1.2348,-1.0731, 0.6084,-1.7461, 3.0431,-0.6415,-0.4828]
[ 3.8621, 2.475 , 1.7708, 0.6699,-0.8666, 0.3378, 2.6446,-1.2528, 2.9275,-0.9594, 0.8618, 1.6468, 0.5991,-0.0867,-1.1368, 1.7391, 2.9009, 1.4214, 1.2598, 2.8583,-2.6081,-0.603 , 1.5781]
[-2.7942,-1.9049,-2.2141, 0.5964, 1.4453,-2.4509,-1.1793, 2.4251,-3.0681,-0.9929, 1.1179,-0.4975,-1.6088, 1.029 , 0.3989,-0.1994,-0.5431, 0.9301, 0.7226, 3.1177, 2.5007,-2.5108, 2.4516]
[-1.3533,-4.6732,-0.7746,-0.829 ,-0.8062,-2.1871, 1.6486, 1.1664, 2.3056, 2.4167,-1.5181, 1.4041, 0.2528,-2.0993,-0.4931,-2.1913, 1.5367, 1.655 ,-1.5094, 1.2596,-3.1092,-1.5806,-2.3197]
[ 4.0316,-4.6864,-2.9014,-0.6781, 0.9769, 2.784 ,-1.6328,-0.3039, 3.0902, 0.0739,-2.616 , 0.3904, 1.624 , 1.4457, 2.9564, 0.6489,-2.7287, 2.0154, 0.1567,-2.6961,-2.4747,-1.1334,-2.2456]
[ 1.2923,-5.4077,-1.357 ,-3.0702, 2.7463, 0.0526, 2.4227, 2.1987,-1.3312, 0.0347, 1.6032,-1.0982, 2.7159, 0.0842,-0.085 ,-0.5333,-1.189 , 2.2505, 2.1158, 0.046 ,-1.7484,-1.563 ,-2.5814]
[ 3.5358,-4.7834,-2.2601, 1.9143,-1.7986, 1.8556,-2.4569, 3.1099, 0.5925,-1.6489, 0.4043, 2.8496,-2.3423, 0.144 ,-1.9183,-2.7534, 2.3179,-2.7655, 2.0182, 2.0346,-1.7825, 2.122 ,-2.6961]
[ 4.0362,-2.3192, 4.4594, 1.1878, 2.6043, 2.8862,-2.8527,-0.3825, 1.8413,-0.8232, 1.5947, 1.184 ,-0.2541,-1.2498,-0.2612, 2.396 ,-1.6345, 2.6565, 1.6165,-1.2715,-2.3683,-0.6021, 0.3524]
