[-5.0747,-4.781 , 3.6557,-2.015 ,-2.3559, 2.5892,-2.5443, 1.2785,-2.7519,-0.1917, 2.1601, 2.4798, 0.2633, 0.067 , 0.7037,-1.4781, 1.8455, 2.5183, 0.709 ,-1.5217]
[ 1.0648,-2.7449, 2.2336,-0.0402,-1.2044, 2.3504, 0.2227,-1.0181,-2.6434, 0.1604, 3.018 , 0.7914,-1.2837, 0.3253, 2.5484,-0.3431,-2.0478,-1.614 ,-2.3315,-1.0166]
[-1.5524, 1.7274,-0.635 , 1.6386, 1.3888, 2.0035,-1.9541,-1.8497,-2.5059, 2.4007,-0.634 , 1.6492,-0.4044,-1.9079,-0.7579, 2.4814,-2.9415, 1.7224,-1.5473, 2.4911]
[-2.7981,-4.491 ,-4.8396, 3.1104,-0.2304, 2.8642,-1.3302,-2.8652, 0.0974,-0.1897, 1.3412,-0.0679, 2.4204, 0.9594, 0.654 ,-2.5678,-2.0489,-2.0956,-0.3418,-2.2361]
[-4.1883, 4.5577, 1.2142,-2.6841, 0.3649,-2.0267, 1.2907,-0.9146,-1.8487,-2.4071,-1.042 ,-1.2949, 2.6124, 0.5644,-0.106 , 2.9713, 2.031 , 3.0997, 1.6069, 0.7215]
[ 0.2625,-5.0455,-2.4135, 2.1934,-0.6212,-1.9712,-1.1076,-0.9702,-1.5185,-1.7413,-2.4325,-0.0857,-1.0983, 1.5143, 0.5516,-1.4889, 3.1147,-2.1042,-2.5116, 2.3271]
[-1.8525,-2.9451,-4.8338,-1.8386, 2.9754,-1.6881,-2.8055, 2.0542, 0.5768,-1.8959, 0.5901, 2.9796,-0.6998, 0.8147, 1.8813, 0.8919, 2.7713,-1.4664, 2.8584, 2.1573]
[-1.5106, 5.4664,-1.2995, 2.2731, 0.1883,-2.9021,-0.8517, 2.6587,-1.588 ,-0.5352,-1.9857, 2.8862,-2.2218, 1.6871, 0.8664, 1.2355,-1.5781, 3.0408, 2.1296, 1.8506]
[-5.2967,-4.6036,-1.4524, 1.674 ,-2.9799, 1.9582,-0.0259, 0.0419,-2.8819, 2.1496, 1.8034, 0.5771, 3.0838,-1.8204,-2.749 ,-0.9024, 0.013 , 1.0533,-0.3801, 2.6996]
[ 5.2276, 2.5354,-0.1188, 0.0454,-1.0722,-0.1481,-0.7909, 1.3125,-2.2383,-2.8903,-2.7169,-0.2408,-0.6976,-2.352 ,-2.5154, 1.4433,-2.0383,-0.9194,-0.3202,-1.8623]
[-4.9232, 1.1086, 3.0687, 1.2922,-0.1684, 2.0171,-1.7758,-2.5762,-0.9314, 2.5487,-0.1418, 1.3286, 1.6514,-0.0507, 1.5962,-1.9148, 0.0612,-1.3453, 0.5755, 1.4211]
[-5.2721, 3.1573,-4.031 , 0.1994,-1.0518, 0.5044, 2.0321, 1.6157,-2.6398, 2.7282,-1.0353,-0.1958,-1.8514,-1.7952, 0.4718, 1.8651, 3.074 ,-0.3343,-0.9705,-0.9177]
[ 4.2348,-2.0245, 5.4292, 3.0445, 0.8877, 1.5211, 0.7327, 0.8024, 0.5091, 2.7952, 2.2394, 2.3936,-2.0751,-1.8646, 0.8822,-0.5718, 1.2848, 2.1434,-2.1226,-3.0611]
[-2.8638, 2.2189, 3.7651, 2.8253, 0.6541, 0.535 ,-1.7395,-2.4814, 0.0791,-0.1519, 0.011 ,-2.9088,-2.8282, 0.9582,-0.1521,-1.0119, 0.8865,-2.0312,-1.5662, 1.9484]
[ 1.8783,-3.826 ,-5.087 ,-2.5449, 0.4716,-2.23  ,-1.5255, 2.939 , 0.7883,-0.113 , 1.0396, 2.9479,-0.6326, 0.5881, 2.5866,-3.1354,-2.6954,-2.6679, 1.0761, 0.5437]
[-4.9269, 4.3933, 3.463 ,-0.6695, 2.5187,-0.6898,-0.1536,-0.5848, 0.0205, 2.7362, 1.0024, 0.2992, 1.6107, 2.1439,-1.2006, 0.0437,-0.6235,-1.8026,-0.647 , 1.9441]
[-2.6513, 0.256 ,-5.0068, 0.2881, 0.5385,-0.3997, 1.3989,-1.8974,-0.9659,-2.619 , 0.0734, 1.1965,-3.0583, 2.5147,-1.6974,-0.1441, 0.1851, 1.9277, 1.4721, 2.1503]
[-5.2478, 5.0775,-1.4195,-0.6361,-1.6588,-1.8174, 0.9501, 1.1011, 0.9468,-2.0866, 0.716 ,-0.6327, 2.6584,-0.1333, 3.1167, 1.9916, 1.4081,-2.7357,-2.0304,-0.9934]
[ 2.3481,-1.5138,-1.9871,-2.5838, 3.1214, 2.7025, 2.7237,-1.9904,-2.4616, 2.6131, 2.6765,-0.6516, 1.3   , 1.9282, 3.1412, 2.2168,-0.0563, 2.4087,-1.4975, 0.3133]
[-2.8605, 2.7818, 1.4468, 0.6427, 0.7502,-2.0096,-2.7019,-1.7377,-3.0471,-2.5029, 0.3276,-2.6452,-2.2881,-1.3405,-0.7776,-2.882 , 1.0875,-2.3375,-0.5722, 1.6571]
[-5.1234, 2.2613, 1.115 , 2.8385, 1.1934, 1.3664,-2.7007,-1.5819,-0.4345,-2.2862,-1.0503, 0.3011, 0.02  ,-0.2073, 1.6219, 0.077 , 0.0479, 0.2758, 0.3155,-1.9705]
[ 4.9376,-4.4763, 2.6886,-0.4917, 2.0169, 0.5495,-2.9019,-0.9293, 0.7187,-0.4642,-1.8409,-0.2089, 2.6705, 1.8039,-0.8941,-2.4287,-1.8577,-2.46  ,-2.9876,-2.9205]
[ 0.1573,-0.3601,-3.2224,-1.1737, 1.4503,-0.3271, 1.4919, 1.5557,-0.0799, 1.1235, 2.8961,-2.232 , 1.0981,-0.6249,-0.9287,-2.7975, 0.5529,-1.6598,-2.8304, 0.3909]
[-5.433 , 5.0552, 2.0031,-1.0632, 2.3842, 0.7646, 2.8276,-0.5149,-0.2685,-0.5715, 0.9202, 2.648 ,-0.5089,-2.9218, 2.7142,-0.1216,-0.2593,-0.3441,-0.2895,-2.2017]
[-5.1191,-3.5374, 2.2458, 2.9884, 0.4934, 1.0375,-1.7176, 2.1892, 0.5711,-0.1728, 1.2662,-0.7963,-1.3973, 0.9675,-2.5543, 2.1472,-2.2811,-3.0008,-0.4926,-0.2577]
[-3.561 ,-2.6889, 4.4005, 2.415 ,-0.1242,-1.1014, 1.1871,-2.351 ,-0.4731, 0.1175,-1.4336,-2.5901,-0.9148,-2.0626,-0.7133,-3.1117, 2.3835, 2.68  , 0.7983, 2.7966]
[ 2.9468,-5.0527, 4.0216, 1.7958, 0.7424,-1.0118, 1.3527,-2.7727, 2.5032,-2.0365, 0.656 , 0.3854, 1.3389,-0.0552,-1.3959,-2.1938, 0.6245,-0.198 ,-1.4652, 2.0334]
[-5.2565e+00,-3.3790e+00,-5.1180e+00,-1.0631e+00,-3.5810e-03,-1.7994e+00, 2.1452e+00, 4.9243e-01,-1.0024e+00,-2.3881e-01,-2.0855e+00, 2.3076e+00, 2.8886e-01,-8.4239e-01,-1.7530e+00, 2.4369e+00, 2.1383e+00, 1.8515e+00, 1.7499e-01, 2.7961e+00]
[-1.7999, 3.0457, 0.7488, 0.63  ,-2.0608, 3.0152, 1.377 ,-1.8082, 1.3056,-1.2079,-2.1632,-2.146 ,-2.7072, 3.0324,-0.1683,-1.6468,-2.7286,-1.3458, 0.6244, 1.0894]
[-3.9254, 5.1554,-4.3326, 1.0016,-1.0919,-1.347 ,-0.4507,-2.7572, 1.3577, 2.2833,-2.6624,-0.1563, 1.0043, 0.1751, 2.339 , 0.4409,-0.9387,-0.2224, 1.7877, 2.663 ]
[ 1.9229, 4.7053,-0.7371, 0.5195, 0.2679,-2.4499, 2.7605,-0.7681,-2.5618, 2.5507, 2.0871, 1.955 ,-1.0185,-0.3479, 2.1946,-0.6091,-0.9267,-0.7383,-0.1807,-0.3952]
[ 3.7939, 0.2352,-5.2148, 2.7978, 1.9449,-3.0812, 3.1359,-3.0771, 1.6896, 2.8115, 0.83  , 2.8314,-0.6535, 1.1994,-2.997 , 0.5023, 0.5608,-2.6232, 1.767 , 1.3496]
[ 1.0375,-2.7455,-2.1815,-1.0187,-2.7422, 2.4534, 1.2389, 1.5772, 1.3248,-2.1958, 1.3452,-2.529 , 1.1592, 0.7011,-2.1082,-1.6281,-2.4766,-2.7801,-0.742 , 1.9325]
[-3.8571,-0.8467, 3.358 , 1.9037, 2.3465,-3.1092,-2.7758, 1.19  ,-1.0506, 1.7504, 0.8675, 2.2907,-0.7026, 1.4653,-2.5526, 1.5285, 2.57  ,-0.5475, 2.3356, 1.3382]
[ 1.17  , 3.1001, 4.2501,-3.011 ,-1.0424,-1.0595, 0.1657,-0.6693,-1.8507, 0.0588, 2.7452, 0.2297, 1.051 ,-1.8555,-1.3112,-1.6432,-2.4686, 2.6889, 2.308 ,-0.4729]
[ 0.367 ,-3.0438,-3.5721,-2.0018,-0.0191,-1.5006,-2.8638,-1.9284,-2.8176,-2.1661, 1.5468,-2.2934, 2.9076,-0.8345,-1.5632, 3.0588,-1.5642, 2.6405,-0.3435,-0.19  ]
[ 5.4794, 1.6837, 5.1546,-0.5556, 0.5958,-0.9564,-3.0654, 0.5571, 0.49  , 1.0877,-2.2851,-2.1477, 0.9481,-1.7115,-0.1444, 2.3844,-2.4296,-2.5931, 2.3414,-2.4078]
[ 2.3405, 3.9156, 0.9321, 0.9828,-0.8736,-2.0958, 2.2298, 0.6713, 2.2877, 0.7171,-1.3343, 0.0929,-1.2056,-2.1075, 2.01  ,-0.9962, 0.6472, 2.4558,-0.1497, 0.1863]
[-1.1772,-1.7365,-1.6645,-2.0166,-0.8526, 2.6727, 0.9132, 0.8416,-0.2246,-0.5889,-2.8188,-1.4022, 1.1111, 2.5835,-0.1565, 2.5054, 2.6285,-2.1052,-3.092 ,-0.3036]
[ 4.0053, 5.0567, 0.5254,-2.8251, 1.3464, 1.1165,-0.1793,-1.8603,-1.5205,-0.5213, 2.1099,-3.0133, 2.5042,-2.2874, 2.2375, 1.6367,-2.3852, 0.0612, 2.0126,-2.4471]
[-1.7502,-4.2918, 1.7809,-2.4029,-1.7551,-1.066 ,-0.4938,-0.0094,-2.6186, 2.3196, 0.2941, 2.9639, 0.0217,-1.7229, 2.8358,-2.3574,-2.7624, 1.9861, 1.4934, 0.0377]
[-5.4124, 1.7437, 4.2599,-0.8466,-2.8338,-0.9114, 1.7018, 1.5752,-0.7026,-0.2553,-2.3725,-0.9354,-1.1196,-1.3637, 1.1038,-1.7456, 0.3468,-3.0178, 0.2445, 1.8928]
[ 4.0087, 3.7883,-0.7515, 0.0283, 2.0841, 2.4952,-2.2221, 0.0703,-0.2464, 1.6367,-1.78  ,-1.551 ,-0.1415, 1.1483,-0.551 , 1.8034, 0.1898, 0.4263, 1.5892,-3.0096]
[ 5.4398, 0.1519, 4.4822,-2.7422,-1.0904, 1.0149, 2.1867, 2.8075,-3.0359, 2.2512, 2.833 ,-1.4931,-0.0811, 1.3844, 2.8889,-1.8331, 1.9995, 2.219 , 1.3994, 1.9398]
[-2.5866, 5.0682,-1.53  ,-1.7118, 0.3261, 0.8293, 0.5955,-2.6546,-2.6698,-1.2276, 0.4185, 2.1831, 2.36  , 2.7599, 1.8081, 0.0122, 1.9855,-1.6766,-1.1643, 1.0726]
[-4.4962, 0.7337,-4.4403,-0.4682, 0.7913,-1.0994,-1.6423, 0.634 , 2.8117, 0.276 ,-2.5757,-1.1634, 1.2345,-1.4644, 1.9102,-2.6408, 1.5265, 0.9317, 1.3592, 0.3769]
[-3.6213,-5.4431,-2.9629,-0.8796, 0.7047,-2.6242, 0.0885, 1.4011, 0.4424,-0.2122, 1.4924, 1.9627, 2.9633,-0.112 , 2.934 , 2.8756, 2.5418, 0.3727,-2.0561,-2.8349]
[ 3.1725,-1.9568, 2.6591, 0.6616, 3.1227, 1.7502,-2.1283,-0.3715, 2.7758,-2.0662,-3.0202,-2.8587,-3.0991,-1.0771, 2.0587,-2.6265, 1.4983, 1.0371,-1.5561, 1.061 ]
[ 3.2391,-0.5705, 4.2488,-0.1772,-1.6326,-3.0136, 2.6139, 2.6527, 3.0271,-2.0629, 3.0575, 2.9314, 1.4983,-2.0688, 2.1378,-2.7411, 2.692 ,-2.3905,-1.2308,-1.8095]
[-1.7352,-3.8892, 1.9265, 1.9588,-2.376 , 2.4113,-0.2005, 2.7234, 1.2224,-2.9592,-1.3907, 1.2719, 0.8446, 0.7421, 2.2958,-2.6783,-0.5275,-2.6953, 0.36  ,-0.7988]
[ 4.3401,-0.541 ,-3.5707, 2.9382,-0.2257, 2.0762, 0.5135,-0.6984,-0.2838,-1.3693,-1.8793, 0.663 ,-0.1145,-1.6754, 2.5122,-0.5857,-0.2868,-1.8861, 0.8466,-3.0405]
[ 3.4535,-5.0237, 4.5044,-0.4359,-1.0545,-0.3282, 0.0778, 1.1634, 2.5874,-1.3593,-1.9391,-2.1103,-2.1333, 2.7601, 2.5552, 1.4528, 2.3183, 0.6375,-2.3888,-0.2206]
[ 3.3319, 3.0616,-5.1631, 1.6473, 0.1203,-2.0389, 1.0279, 2.7075, 2.513 ,-1.1183,-1.099 ,-1.9212,-0.2893,-2.4214, 1.1663,-2.2793, 0.9356, 2.8168,-3.1272,-2.5341]
[ 1.7397,-0.9208,-3.3746,-1.9966,-2.6083, 3.0443, 2.3374, 1.1094,-2.1062, 2.5696, 1.5658, 0.8276,-2.8241,-1.6729, 0.7417,-1.4726,-2.3773, 2.1185, 1.1786,-1.1746]
[ 4.6704, 1.4704,-4.613 , 2.1292,-3.0236, 2.5232, 2.0801, 0.7763,-1.2159,-3.1261,-0.5386,-1.7437, 2.5118, 1.0195,-0.4652,-1.0377,-3.1379,-2.9078,-0.7286, 1.4892]
[ 2.0904, 0.7114, 4.7757, 0.4571,-0.3675, 0.0958,-0.7382,-3.1071,-1.4753, 2.3687, 2.4695, 2.9194,-0.3594,-2.0188, 2.2992, 1.7118,-0.5489,-1.1196, 1.4357,-2.0616]
[ 2.6112,-3.1933,-3.7498, 2.7609, 1.4191, 2.6581,-1.5792, 1.4842,-1.1048, 3.141 ,-2.9842, 2.4125, 2.9225, 2.1545, 1.7643, 2.4765,-1.3436, 1.8013, 1.3065, 3.0715]
[-1.424 , 2.2225,-0.9108,-0.7547,-1.3998, 2.4003,-2.6807, 0.1507, 0.6634, 0.3279,-2.6368,-2.29  , 2.9564,-1.1863,-0.1511,-1.0591, 2.7986, 2.7067,-2.4752, 1.8101]
[ 3.4662,-0.4814, 4.5266, 2.354 , 0.8843, 2.3935,-2.6251,-0.1219, 2.9069, 0.3952, 0.7821,-2.6924,-0.925 , 2.7652,-0.5324, 1.7229,-2.4244,-2.6598, 2.671 ,-2.9456]
[ 0.4735, 4.315 , 1.2007,-2.8953, 2.9484, 0.9775,-2.0844, 2.5852, 1.9636, 1.6678, 2.1203, 1.1762,-2.4811, 0.7218, 0.2612,-2.5602, 0.0969,-1.0011, 1.6245, 0.155 ]
[ 4.987 , 3.0126,-1.8719,-2.2269,-2.0091,-0.2082,-1.1015, 2.0942,-1.9429,-2.3145,-0.904 , 1.5569,-2.0639,-2.3319, 0.7794,-0.2548, 1.7348, 1.5465,-1.5592, 0.4271]
[-3.2818,-4.316 , 3.0861, 2.4864, 0.187 ,-0.708 , 2.8597,-1.8591,-2.1078,-1.8346, 1.4842, 1.429 ,-0.1876,-1.8129,-1.3564, 1.757 , 1.9428, 2.3211, 3.1037,-1.6789]
[-1.4705, 1.6656,-1.7703, 1.118 , 1.2796, 0.5755, 3.0666, 0.5055, 0.7624, 1.9994,-3.0333,-2.2818, 3.0168,-1.0926,-2.3242, 2.3841,-2.7135,-0.3266, 0.4009,-1.7789]
[ 3.3159,-2.343 , 3.9331,-2.4738, 1.5904,-1.2045,-1.7499, 2.92  ,-2.1562,-0.6185, 2.904 ,-1.2473, 0.7857, 0.9766,-2.9032,-2.5357, 0.1084,-3.1374, 1.5872,-1.1428]
[ 1.8082, 2.0904,-4.0852,-0.4982, 2.767 , 3.1031,-2.7636, 1.3654,-0.2779,-1.5159, 0.5503, 1.5939, 2.7997,-0.1257,-2.7326,-3.0993,-0.1095,-1.0804,-2.7327, 2.5323]
[-4.9722,-2.9492,-0.3764, 0.3408, 0.8283,-0.189 , 1.0213,-1.9286, 3.1306,-1.253 , 1.1915,-0.6454,-0.4698,-1.8472, 3.1398, 0.5989,-0.3376,-1.1182, 1.0103, 1.1476]
[ 3.6047, 4.0019,-3.4047, 2.7056,-2.8448, 0.0135, 0.9087,-2.1661,-0.8776,-0.7337, 1.1187, 2.1453, 2.3927,-1.2229,-2.6356,-0.2773, 1.889 ,-1.5433,-0.4976,-2.9487]
[-2.7236,-3.6697,-5.3256, 2.5019,-2.398 , 2.1981, 1.1276,-2.6941, 2.282 ,-0.2041, 1.9553, 2.3247, 2.3429, 2.982 ,-0.454 ,-2.1865, 0.2775,-0.7685, 0.7371,-0.0459]
[-3.3025, 4.1696, 0.9308,-1.9643, 3.001 , 2.2066,-2.7902,-2.5949, 1.1183, 1.5169,-2.6717, 2.1675, 2.3494,-1.7059, 1.0333, 1.6401,-1.669 ,-3.13  ,-0.3474,-1.2586]
[ 5.2687, 1.4372, 0.3888,-1.7673, 0.7622,-0.9593, 1.0224, 1.6599, 2.0856, 0.8547, 1.2133, 2.1291,-1.303 , 0.4635,-2.4973,-1.0902, 1.8485,-0.0882, 2.0972,-2.1204]
[ 5.1684, 4.3807, 3.6758,-0.7411,-0.0729, 2.1055, 1.6951, 2.3458, 3.1235,-0.9816,-0.8563, 0.0609,-3.0121, 2.1509, 2.1397,-0.2059,-1.048 , 1.3236, 2.5903, 1.4339]
[ 1.8709,-4.3336,-4.0211,-1.4207, 0.7315,-1.8735, 2.5083, 3.0786,-0.7827,-1.8993,-1.2782,-0.1968, 2.8075,-2.0363,-1.1944,-1.1331, 0.2204, 2.1997, 3.0876,-0.8831]
[ 2.2966, 0.5521, 0.3601,-3.0091, 1.9502,-2.1519,-2.8874,-0.3905, 2.2744, 1.5107, 1.7183,-3.0186,-1.9615,-0.5496, 0.6651,-0.668 , 0.9065,-2.3051,-2.9347,-0.9525]
[-0.5524,-0.1363, 2.3413, 1.8256, 0.6492,-2.6367,-2.6471, 2.9612, 2.2563, 2.8679, 1.422 ,-2.9582,-1.4462,-1.0465, 0.0912,-0.0998, 2.09  , 1.7635,-2.2539,-0.6151]
[ 4.2413, 0.4075,-4.0711, 0.489 , 2.4877, 1.2584, 2.3223,-1.488 , 1.8747,-1.1549, 0.5325, 2.9216, 3.053 , 1.0472,-1.7324,-1.3504,-2.9461,-2.133 ,-0.9699,-0.3024]
[ 1.5433,-3.374 , 2.7415,-1.4569, 0.6087, 0.1638,-1.7315, 1.546 , 1.2965, 0.8015, 1.1521, 1.9334, 0.2365,-3.0008,-2.4711, 0.8154,-2.4792,-0.3034,-2.2408, 0.9139]
[-1.9696,-0.556 ,-3.6318,-2.4997,-2.9376, 3.0488,-0.1888, 1.9973,-2.0018, 0.0675, 2.9865,-1.9417, 0.7395,-1.6355, 1.2428,-1.2643, 2.5891,-1.9197,-1.9065, 2.5418]
[ 2.8964, 3.1081,-4.8441, 1.5355,-1.738 , 2.7618, 0.533 , 2.8785, 1.4343,-1.7365, 2.1908, 3.0388, 0.1214,-2.0665,-3.1298, 2.067 , 2.6503,-0.0111, 2.4631,-0.5249]
[ 1.4329, 0.347 ,-3.3637,-1.0264,-1.4954, 2.0215,-2.7104, 1.4036,-2.0003, 0.4321, 2.7154, 1.1101, 1.6722, 2.8694,-1.8134, 1.2254,-2.3906, 2.6978,-2.1331, 1.7673]
[-4.3449,-5.1012,-3.9428, 2.5993,-2.2149,-0.8043, 0.9296,-1.3465,-2.0652,-0.1121,-0.5729, 2.2328, 2.9636,-1.4832, 1.8103, 2.9794,-0.8047,-2.7558,-3.1246,-1.5595]
[-3.2206,-4.6336,-4.9529, 0.1001,-2.3932, 0.7174, 0.1298, 2.2966, 0.4185,-0.1845,-1.8154,-2.9568,-2.6057, 2.503 ,-2.9131,-1.0633, 2.6754,-1.6858, 3.1327,-0.9898]
[-2.544 , 1.8967,-2.9912, 1.0015,-2.5677, 1.7187, 2.9862,-0.4579,-1.7629, 0.7105, 0.9255, 0.2386, 2.4976, 2.4001, 2.6138, 2.1624,-2.0136, 2.1006,-0.9022, 1.2048]
[ 1.9997,-0.4903, 1.6801,-2.6932,-0.7414,-0.48  ,-2.5973,-1.316 ,-0.7362,-0.4612, 0.7444, 0.5553, 1.1614, 0.6682,-0.7595, 0.445 , 2.4208,-0.0709, 1.2316, 3.0458]
[-1.385 ,-1.4248, 0.5778,-2.1658, 2.0686, 0.4627,-2.8891,-3.1171, 0.8063,-3.0511,-1.6592,-0.3477, 1.1525, 0.5833,-0.3919, 1.268 ,-1.6133,-0.9131,-1.2574,-0.9649]
[-1.8379, 4.8613,-4.5852,-1.2204,-2.2631, 2.1774,-0.28  ,-1.7161, 2.5926,-2.6356, 1.188 , 0.4131,-0.9296, 1.5978,-0.9241, 2.8496, 0.4709, 0.5693, 1.2824,-1.1386]
[-3.4515, 4.2557,-0.5818, 2.7313, 0.82  ,-0.5835,-2.5481,-1.8966, 0.8855,-1.995 ,-0.3213, 1.6033, 3.085 ,-2.4778, 1.6797,-2.8972,-0.519 ,-2.0256, 2.7956,-0.579 ]
[ 0.414 ,-1.2299, 4.5465, 0.1392, 1.2181, 1.105 ,-1.042 , 1.5166, 1.9962,-0.5431, 2.7027,-2.4692, 1.5887, 2.6551, 0.1958, 2.672 , 1.6161, 0.1294, 1.7887, 1.6761]
[ 2.114 ,-0.3316,-4.7994,-0.5276, 1.9815, 3.1371,-2.2393,-2.8344,-1.4798, 1.7809, 0.6409, 1.7978, 2.0555,-0.1995,-1.841 , 2.1278,-1.7816,-1.0872, 1.5627, 1.3674]
[ 1.4738,-1.2211, 0.2357, 0.4394,-0.8334,-1.8823, 1.9536,-2.4804,-2.4879, 1.8509,-0.6378, 2.9985, 1.9077,-0.6542, 1.8962, 2.5105, 2.8384, 0.4924,-2.0103, 0.0963]
[ 1.3636,-2.1107,-2.0382, 1.4751, 1.0212,-1.6669, 0.2512,-0.823 , 0.2155,-0.0399,-2.6205, 1.9987,-1.181 , 2.7664,-0.3794, 0.6807,-2.4177,-1.7965, 1.2899,-2.322 ]
[-4.3679, 3.3499, 3.0191,-1.3797, 1.0369, 2.2139, 2.5663, 2.2547, 1.1254, 1.9701,-0.1171,-1.1822,-0.0681,-1.8549, 3.0758, 1.7689, 0.7493,-1.1172,-1.5573,-0.832 ]
[-5.2596, 0.2233,-3.5055,-2.4192,-0.881 , 0.1617,-2.318 , 2.7755, 2.5123, 0.7484,-2.8582, 0.3723, 2.3793,-0.7849,-0.7941, 0.0238, 0.9692, 2.0656, 0.5936,-0.8699]
[ 5.3442, 0.5808,-0.7221, 2.3523, 1.3985, 2.9466, 2.4656,-1.2831,-0.4372,-0.7048,-1.296 , 1.1951,-0.4104,-0.6316,-0.91  , 1.1501, 1.9214, 0.9159,-2.594 ,-2.8048]
[-2.6844,-3.4886,-4.9607,-0.2545, 1.1916,-1.663 ,-0.9757,-1.1948,-2.7668, 2.8701, 2.6646,-1.8959, 0.8287, 0.7104, 1.8553,-1.0352, 0.7473, 2.7729,-1.2323, 2.9475]
[-4.6156, 4.6984,-1.9517, 0.9093, 1.8977,-1.7122,-2.9211, 0.1716,-0.5919,-1.9215,-0.5727, 2.3085,-2.7589,-0.2206, 0.2772,-1.8652, 2.314 ,-0.7879,-1.2147,-1.6661]
[ 0.9309, 1.0576,-4.0535,-0.7809,-3.0952,-0.5998, 2.4909,-0.13  , 1.2323, 0.3001,-2.824 ,-2.0795, 0.6929, 1.2418,-0.3926,-1.7755, 2.3425,-0.2331,-0.1864, 1.3934]
[ 4.3827,-5.1807, 0.3087,-2.802 ,-1.5839,-3.101 ,-1.9687, 1.4167,-2.66  , 2.0996,-0.7545,-0.9533,-2.3372,-3.1402,-0.2626, 1.2956, 2.098 ,-3.0537, 1.5556, 3.0108]
[-3.5127,-2.3399,-4.994 , 1.4994,-1.4101,-1.8048, 0.2567, 2.4045, 0.2045, 0.1208, 2.219 , 2.4342,-2.6339, 1.7483, 1.5438, 0.4269,-1.4839, 2.433 , 1.4746,-1.1636]
[-2.9161,-2.4851, 3.1146, 0.1471,-2.2251,-1.7449, 2.0572, 1.5138,-1.6196,-1.3362, 1.6532, 0.7187, 1.4434, 2.1025,-1.8422, 2.8677,-1.8404, 0.4381,-2.3755, 1.783 ]
[ 4.7195,-4.9087, 4.7778, 0.5519,-0.0407,-0.8974, 0.9242, 1.3943, 1.4734, 3.1176, 3.0764,-0.8807, 2.7013,-2.6221,-2.1486,-2.9827, 2.2362, 2.0516,-2.8364,-2.6758]
