[-1.431 , 3.917 , 4.9254,-0.1497,-1.0071, 1.3286,-0.8465, 1.0825, 1.5317,-1.6953,-2.9297,-3.0416, 2.9289, 1.9033,-1.4626, 1.8453]
[ 1.6075, 2.678 ,-3.4723, 1.8152, 2.9112,-1.1559, 2.4479,-0.5221,-0.8145, 1.0765,-2.1736, 0.7194, 0.3679, 1.0457, 0.0523, 2.462 ]
[-5.2095,-5.4175, 4.6037,-0.0117, 2.8222,-2.9888,-2.3601,-0.209 , 1.6922,-2.234 ,-1.1375, 2.596 , 1.1083,-2.0745, 1.4663, 2.4182]
[-4.8876,-0.0608, 4.3374, 0.3007,-0.7146,-1.0998,-0.2121,-0.0119,-2.6306,-0.6804, 2.6898, 1.0937,-0.6697, 1.5596, 0.0512,-0.7174]
[ 1.669 ,-0.9943, 0.9504,-0.8414,-2.6499,-0.6669,-1.3651, 0.2524, 2.3232, 0.007 ,-2.0358,-1.656 , 1.3246,-2.5944, 0.4383, 2.4919]
[ 1.3406,-5.2156,-0.9933, 2.5846,-0.6325,-2.0895, 0.8954,-0.6616,-3.0918, 2.9043,-1.1191, 1.794 ,-1.4202,-3.1034,-1.0326,-0.0317]
[-5.0119,-0.4412,-2.5999, 1.3639, 1.8542, 3.0954,-2.4361, 0.1207, 1.3296, 0.8565, 0.8225, 0.0224, 0.2058,-2.6002,-2.0372,-2.9837]
[ 2.8045e+00, 3.0084e+00,-4.8636e+00,-1.9586e-01,-1.9553e+00,-6.4145e-01,-1.7461e+00,-2.3508e+00, 3.1109e+00,-4.0699e-03, 2.5836e+00, 3.1204e+00,-9.3164e-01, 3.0083e+00, 2.5113e+00,-6.3074e-01]
[-0.8568,-1.1601,-1.8865, 2.7727,-2.3429,-1.0806, 2.3727, 1.6652, 1.5372, 0.1557, 1.3262,-1.9432,-2.5255,-2.7669,-0.7936, 2.7216]
[ 4.3812, 0.8585,-4.4896, 1.9889,-0.5738,-2.7203, 0.7956,-3.1004, 0.1758, 2.2034, 1.6879, 1.9779, 1.7291,-1.6322, 2.9429,-1.5537]
[-4.6989, 4.1255,-4.6503,-2.6358, 0.3354,-0.9912, 2.5519, 2.9974,-2.3386, 1.7154,-2.2172,-2.1332, 1.3265, 2.7244,-2.3302,-0.3044]
[ 0.7178,-5.184 ,-1.8283, 2.9544, 0.8065,-3.0964, 1.3101,-1.7354,-3.0666,-2.2081,-1.5617,-0.7227,-1.9381,-0.989 ,-1.7147,-1.3325]
[ 3.5501, 2.2547, 0.4919, 1.4754, 0.4733, 1.7071, 0.2246, 0.2208,-3.0433, 1.3278,-0.0209,-2.863 , 2.3755, 0.7445,-1.7488,-1.9925]
[-0.0573, 4.8211, 1.0283, 0.7236,-0.8876,-2.2736, 1.2612, 0.4091, 0.7654, 2.9009,-1.9511, 0.9368,-1.795 ,-0.5155, 2.6198,-0.7192]
[ 0.8869, 1.86  , 5.4315, 3.1278,-2.4687, 1.0006, 1.3588,-1.0924,-0.6487,-2.2986, 1.3023,-0.6576,-1.0185,-2.7811, 2.075 ,-2.193 ]
[-0.9685, 3.0763, 0.0682,-0.3805, 2.9791,-1.4973, 2.5728, 2.8018,-0.0752, 0.8368, 1.662 , 0.371 ,-1.1706,-1.784 ,-2.9125,-1.7524]
[-1.1849, 2.2364, 4.0946,-1.037 ,-3.0702, 2.8399, 2.068 , 0.0553,-1.3363, 0.424 ,-0.8894, 2.6092, 2.6651,-0.9022,-0.3913,-0.0607]
[-4.9409,-3.9819, 0.4788,-2.2039, 1.0698, 1.9215,-2.768 ,-1.2001,-1.0297, 1.0308,-1.9471, 3.0683,-1.6926, 2.156 ,-1.9581,-0.3307]
[ 0.5414,-2.0607,-3.0429, 0.8733,-2.1625,-1.6793, 1.8637, 2.0703, 1.5851,-2.9628, 2.9523, 1.1756,-3.0685, 2.2286,-2.3494,-1.2077]
[ 2.8438,-0.508 , 0.6506,-2.9492,-2.4581,-0.0234, 2.1128, 2.6075,-1.2442, 1.8233, 1.1508,-2.2623, 1.0058, 2.8768,-2.0657,-3.0993]
[-0.424 ,-0.8903,-5.3329,-1.2985, 0.7661,-1.0746,-2.5797, 2.451 ,-0.0286, 2.4314, 1.4741, 1.2197, 1.0594, 2.4596, 0.3087,-1.282 ]
[ 3.9831,-4.868 , 1.1742, 1.9746, 0.3535,-0.1787, 1.8069, 0.9755, 2.9307,-0.3057,-0.6478, 1.4978, 1.958 ,-2.8162, 1.1891, 1.8052]
[ 2.8491,-4.236 ,-0.2544,-2.46  ,-0.3642,-0.4855,-2.2389, 3.0848,-1.8809, 1.6464, 1.1363, 2.2073,-2.6268,-2.5933, 1.2386,-3.1014]
[-0.1092,-4.5451,-1.8107, 0.8813, 1.6832,-0.9924, 0.4051, 1.4226, 1.8077, 0.019 , 1.2452,-0.5828, 2.6126, 1.4662, 0.1602, 0.1303]
[ 5.4234,-2.8946,-5.3017,-1.6737, 1.3144,-0.461 ,-1.2412,-3.1055, 2.6239,-1.0943, 3.0768, 0.4169, 1.6259, 1.1926,-2.2291,-3.0841]
[ 3.442 ,-2.8245, 3.1038, 2.7906,-3.0226,-2.6222,-2.154 , 2.7706, 2.6185, 2.9646,-0.8483, 2.516 , 2.8888,-0.2872,-1.1894, 0.1389]
[-4.3385, 2.2913, 0.0424, 0.9045,-0.216 , 1.1519, 2.093 , 0.597 , 1.2456, 1.2245,-1.379 ,-1.3647,-3.0364, 1.1327, 1.3337,-1.1871]
[-0.4858, 1.4992, 1.3641,-0.9845,-1.1767,-2.2199, 1.5735, 2.6084,-1.783 ,-1.3034, 2.4192,-1.3554, 1.2789,-2.4799, 0.2773, 1.2253]
[ 4.9235,-2.5493, 1.097 , 2.8508,-2.4774,-0.372 ,-2.41  ,-0.7398, 1.7329,-0.7   , 2.8166,-0.7576,-2.4404, 2.6723, 0.2453,-1.6366]
[ 0.3029, 2.2709, 0.0848, 2.0384, 0.6499, 0.7843,-2.8592,-0.8476,-1.7761, 2.1059, 1.1254,-0.3683,-3.099 ,-1.494 , 2.861 , 1.7768]
[ 3.6991, 4.8616,-2.0773, 2.5758, 0.8858, 2.5585,-0.1247,-0.7187,-0.1223, 0.0765,-2.408 ,-0.0173, 2.4699,-2.5091,-2.5739,-2.3587]
[ 3.0993,-1.9456,-4.2545, 0.8808, 2.1246,-2.2389,-2.5993,-0.8711, 0.0112, 0.8262, 3.007 ,-0.5469, 1.3199, 1.3959,-3.0884, 0.7995]
[ 0.0066, 5.1611, 2.2002,-2.1974,-2.6069, 2.3775,-1.176 ,-0.4711, 2.2446, 3.0708, 0.7721, 2.634 ,-0.8719, 0.8721,-2.5328, 0.188 ]
[-3.6305, 0.8352, 5.207 , 0.854 , 2.5837,-2.4918,-0.3175, 0.0594, 0.9762, 2.9949,-0.6847,-1.3101, 0.1161,-1.0069, 0.3178, 1.0723]
[ 1.2891,-2.1144, 0.617 ,-0.9726, 1.3355, 1.0412, 2.4573, 3.0214,-1.9091, 1.9209,-0.12  , 1.3781, 2.4454,-0.7138, 2.5825, 2.5475]
[-4.3579,-3.6542,-2.4202, 2.024 , 1.4319,-2.1418,-0.4097,-2.2431, 2.1275,-0.8155, 0.1289, 2.9508, 1.6892, 0.1662,-0.3052, 0.6859]
[ 3.2995,-0.9226, 5.387 , 2.5137, 2.6988,-1.6144,-2.9759,-0.3681, 1.36  , 2.7871,-2.2172,-1.4861, 2.4597,-1.3177,-2.9709, 2.7106]
[-4.0101, 1.1708, 5.2034,-1.7218, 2.7749,-1.4147,-2.4734, 0.463 , 2.9654, 1.3463, 0.4113,-1.8961, 0.4526, 0.7613,-2.1793,-0.5976]
[ 4.0746,-2.7948, 1.0532, 1.5056, 2.4409, 1.8485, 1.3126,-1.3191,-0.9666, 2.8162,-2.4346, 0.2263,-2.7219, 2.8711, 1.8698,-2.7601]
[ 5.0217,-1.6426, 0.4934, 1.7113,-1.5359, 0.3963,-2.6099, 2.1306,-2.828 ,-2.3552, 2.6075, 0.4223,-2.7432, 2.994 , 0.6747, 1.4355]
[-4.8497, 2.4687, 4.9798,-1.5421, 1.616 , 0.0862,-2.9569,-0.5669,-1.8494, 0.7253, 1.3695, 2.6042,-0.4354,-2.5538,-1.7251,-2.0955]
[ 0.8472,-4.0863,-2.06  , 2.474 ,-2.2692,-2.6838, 1.2595, 2.7558, 0.7162, 2.9668, 0.0644, 1.1351, 2.9871, 1.6301,-1.6119,-0.4136]
[ 1.3558, 2.6675, 4.4929, 0.086 , 2.5643, 1.1936,-1.1695,-2.0983, 2.4241, 3.1229, 0.7636, 0.056 ,-2.3211,-2.139 ,-1.4915, 3.1022]
[ 1.1737,-2.5974,-1.4836, 1.0301,-2.5196, 0.7244,-3.1193, 2.4339,-2.1048,-2.7444, 1.1485, 2.6916,-2.5134,-3.0941,-0.8869, 3.0204]
[ 2.1285,-2.501 , 4.8364, 2.8203,-2.1877, 1.6698, 0.3911, 3.0225,-1.0962, 0.988 , 2.825 , 2.9261, 0.7185, 0.7762, 3.0093, 3.0028]
[ 3.5293,-0.2594, 0.4656, 0.7254, 0.3893, 0.2167,-1.7557,-2.9506, 2.3145, 0.7268,-2.3299, 2.1189,-1.8342, 1.0242,-2.9882,-0.5136]
[-1.5646, 4.2432,-0.1474,-2.9954, 0.3724, 0.4361,-2.3343,-2.7976,-1.7151,-0.6643, 1.4134, 2.5188, 1.9614, 2.98  , 2.3414,-0.6572]
[-3.9177,-4.8082, 3.8625,-1.0213,-1.0368,-1.5124,-1.1949, 1.8025,-1.2582, 1.9604,-0.4343, 1.5937,-0.6049, 2.2736,-1.3711,-2.2081]
[ 2.5149, 0.8395,-1.2612, 1.29  ,-0.3724, 2.9105,-0.4669, 0.1725, 0.8058, 1.991 , 0.3278, 0.5357,-2.2053, 0.5785,-0.8924,-2.077 ]
[-2.8666, 0.9039,-3.9197, 1.5615,-2.8759,-1.1383,-2.1244, 0.5995,-0.7696,-2.5955,-0.2657, 1.3342, 3.0244, 0.4497, 0.1345, 2.7472]
[-0.0656, 3.0917,-1.384 , 0.606 , 1.2025, 1.7026, 0.3068,-0.3452,-1.991 ,-3.0648, 1.1139, 2.5053,-0.625 ,-0.566 ,-1.7676, 1.6099]
[ 2.973 , 1.796 ,-1.2954, 0.9875, 0.4214, 0.2788,-0.9089, 2.5189,-2.6346, 0.6508, 2.989 ,-2.8675, 3.1386,-1.8632, 0.7041,-0.8105]
[-1.8349, 1.4856,-1.4841, 0.1019,-2.147 , 2.4491, 2.2242, 2.1346,-1.1542, 1.237 ,-0.4243, 0.9743, 1.8119,-0.1294,-1.5883, 1.8286]
[-3.6749, 0.216 , 1.9421,-0.8216,-3.055 ,-2.1219, 1.0656, 3.0908, 0.8301,-1.912 ,-2.9731,-0.8336,-1.9201, 0.7104,-2.8112, 0.7022]
[ 3.3506,-0.2096, 1.5787, 1.4135, 2.2293, 3.1023, 2.3448, 1.6143,-2.3108,-1.1561, 0.0949, 1.9079,-0.4643, 1.3686,-1.3843, 2.6744]
[-4.0692,-4.4263,-5.3524,-2.7763,-0.3624,-2.1083,-2.0624, 2.811 ,-0.6442,-2.3324, 0.3079,-1.9738,-0.9852, 1.4794, 2.1097,-1.3103]
[-0.2454, 2.2631,-0.5043,-3.0125, 0.4581, 1.2374, 1.6302,-0.6595,-2.3296, 2.3338, 1.0669,-2.4407, 0.2446, 1.0099, 1.3468, 1.372 ]
[-0.5406, 4.4097,-0.3231,-2.8278, 1.4186, 1.0789, 0.0343, 1.5874, 0.7303, 1.838 ,-1.6318,-2.8969,-1.8369,-0.7324,-1.6743,-0.43  ]
[-3.4964, 0.2536,-3.5762, 2.6032, 0.6488,-1.8739, 2.9044,-1.1264, 0.0167,-2.0591,-2.8882,-3.122 ,-0.6738,-1.2462, 2.8223, 1.5694]
[ 5.3363, 5.0061, 4.087 , 3.0462, 1.1067, 1.15  , 2.2697,-0.1862, 1.6626, 2.5203,-0.1964,-1.4141,-0.9067,-0.009 ,-2.0855,-2.6707]
[-0.4443, 0.0716,-4.2885,-3.0491,-2.6729,-1.8428,-0.6225,-1.1719, 1.9661, 2.6154,-1.6149,-1.4594, 2.4273, 0.3815,-0.4731,-2.5155]
[ 4.8602,-4.3305,-4.4851, 2.8785,-1.0615,-2.3968,-0.9808, 0.2089, 0.665 ,-2.8623,-0.1944,-1.4935, 0.7782, 1.9076, 0.8845, 1.4849]
[ 1.3375,-0.1278, 3.4855, 1.7044, 0.2385,-3.0668, 3.0937, 2.163 , 1.8357,-1.3637,-3.0073,-1.5451,-0.3336, 2.3905, 2.6919, 0.8551]
[ 2.2139,-3.4415,-1.8227,-2.5099, 1.1413, 1.9893,-1.4601,-0.968 ,-2.8029, 2.6573,-0.9924,-1.2157, 0.2801,-2.7001,-1.158 ,-2.2787]
[ 3.3299, 1.5564, 3.9896,-3.0148, 0.3506,-1.9638,-1.0866,-2.3667, 0.5691,-1.949 , 2.3448,-1.962 , 2.8522, 2.527 , 0.1498, 1.8126]
[-2.0745,-2.5529, 5.3746, 2.5136, 1.7581, 2.971 , 1.8038, 1.7898, 1.6865,-1.329 , 1.9922,-1.3891, 2.6599,-1.8775, 0.2154, 2.4549]
[-4.7253,-5.4122,-1.3366,-0.9731, 2.4212,-0.9895,-0.7968,-2.6284,-0.9787,-2.2126,-1.0309,-3.1257,-2.1151,-0.5532,-1.9467,-0.184 ]
[ 0.1026, 4.9033, 1.6234, 2.3759, 0.4993, 2.025 ,-2.6929, 1.7157, 0.9834,-0.1144, 3.0604, 1.4793,-0.5282, 2.813 ,-2.8993,-0.6829]
[-0.0852,-4.7414,-3.1204, 2.0445,-2.8324,-1.8448,-0.779 ,-0.4804, 0.5393, 2.382 , 1.4119, 2.3049, 0.1512, 0.1639, 2.8514,-0.2632]
[ 0.0955,-4.1571,-1.1733,-1.7704,-2.6732, 3.0282,-0.3858,-2.1334,-1.0059,-3.0083, 2.6761, 0.5214,-1.3649, 0.5334, 0.8659, 0.5173]
[ 4.6838,-1.2535,-1.5031, 0.0905,-0.347 , 1.1502, 1.9772, 2.3339, 2.5805, 0.9163,-2.0984,-0.3486, 3.0928, 0.7444,-0.3212,-0.7887]
[-2.967 , 4.3045, 5.4151, 0.7603,-0.6702,-1.0417,-0.9765, 2.1691, 1.4174,-0.684 , 2.8126, 0.5851,-2.5105,-2.311 , 2.5159, 2.1667]
[ 2.3105,-1.8676,-2.7148, 0.263 , 1.2488, 1.6244,-1.4406,-3.0942, 0.8955,-2.1831,-1.1735,-0.0649,-0.6163, 1.658 ,-1.3555, 2.1962]
[-0.3964,-3.0159, 4.585 , 1.5526,-3.0628,-2.6672, 0.8947,-0.56  , 2.9903, 0.3295, 2.0537,-1.3856, 2.8235,-1.3264,-0.8115,-0.4803]
[-0.1135, 1.6961, 4.8065, 1.7982,-2.0647, 2.955 ,-1.7828, 0.675 ,-1.4651,-1.1916, 2.5116,-1.7107,-1.993 ,-1.2537,-0.2601,-1.6395]
[ 3.5199, 2.0471, 3.7965,-2.7362,-2.6293,-2.5125,-0.78  , 0.0266, 0.4683,-2.9242, 2.4019,-1.8755,-0.9439, 0.4888, 1.8759, 2.5371]
[ 4.3131, 2.0436, 1.6757,-0.8535,-3.0814, 2.9792,-0.1713,-1.7203, 0.1493, 0.3784, 2.6993, 2.5519,-1.6899,-2.8446, 0.3297,-0.0622]
[-1.2481, 2.569 , 1.7335,-1.22  , 0.9322, 2.6433,-1.1041, 2.8426,-1.0476,-2.674 , 0.3867, 1.7764, 0.9366,-0.0293,-0.3702, 0.0986]
[-0.3786, 0.5769, 4.548 , 2.5856, 0.8066,-1.0213,-1.4627, 2.7918,-2.7313,-1.5774,-2.8848, 1.3299,-2.6132,-2.7407,-0.8427, 0.3501]
[-1.8679, 4.4485, 1.4556,-2.3686, 1.2779,-2.8848,-0.1776,-0.0511,-0.5154, 0.6259, 1.6146,-1.7375, 0.2296,-0.2743,-0.4712,-2.023 ]
[ 6.3095e-01, 3.9717e+00,-4.8716e+00, 3.0070e+00,-1.6954e-01, 6.1688e-01, 3.5063e-01,-3.9691e-01,-5.0555e-01, 2.8152e+00,-1.6833e+00,-1.2297e+00, 2.2154e+00,-2.8976e+00, 2.5878e+00, 4.4536e-03]
[ 5.0205, 3.2084, 3.9704, 2.1431,-3.0304,-1.0784,-2.4473, 1.3659,-1.6439, 1.2827, 2.9433, 1.4764, 2.4911, 2.7897,-2.2568, 2.3221]
[ 0.333 , 2.5612,-2.3303, 0.0854, 0.6281,-1.1745,-0.6813, 2.707 , 1.0097, 0.4439,-2.1079,-0.3199,-1.7405, 0.32  , 0.6467, 1.7952]
[ 5.2297,-3.3037,-3.6995, 0.3605,-2.3741, 1.1721,-2.8607,-1.8593,-0.8996,-1.4734, 1.269 , 2.8348, 1.7441,-1.0976,-0.6557,-2.4932]
[ 5.4127,-3.4397,-3.7201,-1.6369, 0.0788, 1.042 ,-1.4829, 1.1051,-0.0627, 1.4061, 1.5055,-1.1741,-0.4362,-2.4713, 0.3655, 0.7254]
[-1.5507, 3.2621, 2.057 , 2.0312,-1.336 , 2.0962, 2.9781,-1.8895,-2.7908, 0.8372, 2.7562, 0.4568,-1.7443,-2.8272,-1.6915, 1.7536]
[-4.4708, 0.9796,-3.4024,-0.9237,-2.9871, 0.9536,-0.2391, 0.8662,-2.105 ,-0.7651,-1.298 , 0.324 , 2.4087,-2.3133, 2.3291,-0.2243]
[ 0.9362,-2.5925, 2.9372, 0.0146,-1.5152, 0.32  , 1.6277,-2.7925,-2.7124,-1.6926,-2.9325, 1.4587,-0.941 , 2.3996, 0.3774, 1.9483]
[ 1.2504, 1.574 , 4.3471,-1.5636, 0.3406,-0.9724, 2.1906, 2.4065,-0.2833, 1.1553,-1.8308,-1.8575,-1.7032,-0.8958, 1.5992,-2.8301]
[-1.3646, 3.8874,-4.7086, 0.2271,-1.4269, 0.6859,-1.278 , 1.4231, 0.5078, 2.0258,-0.9091, 1.2376, 1.2199, 0.2758, 2.9682,-1.2207]
[-0.8647,-2.5918, 0.1467, 0.7984,-0.8731,-1.6653,-1.498 ,-2.4836, 0.8554,-1.3359, 3.0684,-1.7253,-1.6783,-0.0559,-2.3649,-2.2492]
[-0.0209,-1.1409,-2.0614, 2.1051, 1.0915,-2.6844,-1.0775,-0.8343, 1.8974, 0.8586, 0.276 ,-1.1182,-0.8643, 0.278 ,-0.006 ,-1.1643]
[-0.2248, 2.2444, 0.0292,-1.7827, 2.5192,-0.5967, 0.1069,-1.4075,-0.0849,-2.3121, 0.7488,-2.0198, 2.9422,-0.9757, 1.6974, 1.7873]
[ 4.7475,-3.2006,-3.7184, 1.6606, 3.0099,-2.0382, 0.8635,-0.8476, 0.2969,-2.557 , 2.4783,-2.2792,-2.3127,-0.738 , 1.5288, 2.4233]
[ 1.5998, 2.5312, 2.7174, 1.9139, 2.2446,-2.8441, 2.9477, 2.0917, 3.1409,-3.06  ,-2.8775, 2.8612,-1.8039,-1.6375,-2.5938, 2.9308]
[-2.6925, 1.7282, 4.4657, 0.2986,-3.0188,-1.4364, 0.5557, 2.1639, 3.0848, 1.8735, 2.0322,-1.5529, 2.5402, 2.5058, 1.3918, 0.4771]
[-5.2756, 1.7625, 2.7427, 2.4398, 2.7276,-0.6171,-1.2385,-0.0347, 2.2238,-2.9882,-0.4262,-1.4417, 2.3091,-1.3219, 0.8199, 1.5281]
[ 1.2318, 4.4136,-3.1233, 0.2024, 0.1881,-2.9119, 1.1013, 0.2731,-2.6813,-1.147 , 0.0705,-0.0485,-2.6939, 0.9642,-0.0087,-3.053 ]
[ 4.6525,-2.5819, 5.2079,-1.0801, 0.6207,-3.0836,-0.2691,-2.612 , 1.4523,-1.536 ,-1.7706, 0.3519, 2.8546, 2.0396,-0.3244, 2.5773]
[ 3.1217,-3.4182, 1.9885, 1.8444,-0.5166, 0.255 ,-1.5173,-3.1344,-2.9671, 0.5361, 1.7917,-2.823 ,-1.4728,-1.4978,-0.9294,-1.0488]
