[-4.6603,-0.6932, 4.5347,-0.8256, 1.5681,-3.1173,-2.7874,-0.6873, 1.1403,-0.3441, 1.0382, 2.9826, 2.0063,-0.7756, 2.7886,-1.4048,-0.2932,-3.1014]
[ 1.0847e+00,-4.4392e+00, 3.5264e+00,-1.4560e+00,-1.9133e-01, 6.0513e-01,-1.8241e+00, 4.3318e-03,-2.4488e-01,-6.2974e-01, 2.5521e+00,-1.1172e+00, 8.3803e-01,-2.5711e+00, 1.2691e+00, 1.4927e+00, 4.3545e-02, 2.9321e+00]
[-2.203 ,-4.2563, 5.1872,-0.1138, 2.9183,-0.2197, 3.1215, 1.7599, 2.4758, 0.4756,-0.8119,-3.0309, 1.6141, 0.7691, 1.0801, 2.189 , 2.8841, 1.8857]
[ 1.3149,-4.0244, 1.0168,-2.7806, 0.2344,-2.5241, 0.947 ,-1.0417, 2.5224,-0.0658,-1.7773,-1.6002,-3.1088,-1.3137,-2.9985,-0.8696,-1.2773, 0.0069]
[ 2.5141, 4.7511,-2.6036,-2.7135,-1.084 , 2.2596, 0.7414, 1.5354,-2.4768,-0.388 , 1.2935, 0.5553, 0.1609,-1.6727, 1.5724, 1.5999, 0.4958, 1.6113]
[ 3.0488,-1.8304, 2.6005,-0.7355,-0.8115, 0.9877, 1.6928,-2.3479,-2.2211,-2.5046,-2.3913, 3.0426,-0.5843, 1.9891,-1.7731, 0.8272,-1.0268,-2.4235]
[ 2.3233, 2.3607, 0.4373,-0.4141, 1.6632,-0.2454, 1.5861, 1.0375,-2.2182,-1.0711, 1.9509, 2.4257, 1.1911, 3.1033,-1.8186,-1.8935,-2.4388, 3.1218]
[ 2.2527, 2.7477,-4.2553, 0.2566, 0.9736,-1.3287, 1.7217, 1.7021,-0.1278, 1.4496,-2.8788, 2.7985, 1.2395,-1.8232,-0.4601, 1.7313, 2.3027,-0.0774]
[ 0.7693, 0.2051,-4.5853, 0.2639,-2.1219,-2.5041,-0.034 ,-1.1478,-0.7754, 2.2966, 1.6698, 0.7596, 2.7693, 1.9301,-0.6784, 0.463 , 1.6447,-2.7772]
[ 3.5365,-2.5293, 0.8603, 1.701 ,-2.9   , 1.9768, 2.4828,-2.1127,-1.3233,-0.1737, 2.5226,-2.4292,-2.4677,-1.9264,-0.4531,-2.0117, 0.6511,-1.0875]
[ 1.5575, 3.4762, 2.547 , 2.885 ,-0.0243, 1.1466, 0.5059, 3.0117,-2.8004,-1.8443,-2.8738,-0.8771, 0.8496, 2.3205, 0.786 ,-1.5218, 0.3728, 0.2454]
[-1.7831, 3.46  ,-3.9548, 1.1122,-3.1325,-0.3892, 1.7411, 1.9313,-2.2102, 2.4859, 2.6542, 2.1741,-0.9094, 2.5171,-0.4172,-1.7782,-0.0268, 0.3146]
[-1.4961,-0.7311, 4.9109,-0.5641,-2.7112, 1.0231, 0.2722, 2.2851,-2.4164,-0.0231,-1.7604, 2.7886, 3.0877,-1.2253, 1.3124,-2.075 ,-2.4138, 0.12  ]
[-5.4641, 1.6889,-3.5188,-2.3384, 2.4671,-1.0655, 1.4127, 0.8761, 0.1367,-1.499 , 0.8289, 1.2641,-1.5727,-2.5683,-1.9331, 1.2945,-0.2308, 2.8925]
[ 1.8142,-2.467 ,-3.5732,-1.7884, 1.5142,-2.3187, 0.4972, 2.0094, 0.2091, 2.6205, 2.1152, 1.0914, 2.334 , 0.1162, 2.2248, 0.0733,-1.2434,-3.1191]
[-2.2554, 3.7542, 1.3509,-2.7035, 0.9836,-1.5475, 2.2638, 2.908 ,-3.0409, 2.8839, 0.8978, 0.4797,-1.9289,-1.7423,-2.5142, 1.3892,-1.5283, 1.6494]
[ 4.9218,-1.8021,-2.0752,-1.2963, 0.8708,-0.537 , 1.5766,-1.019 , 0.925 ,-2.5364, 0.4336, 2.83  , 2.5411, 2.3289, 1.719 , 2.433 , 1.0443, 2.6996]
[-2.6445,-2.7763, 0.0831, 1.2868,-0.5881,-1.8206,-1.976 , 0.6402, 0.7178, 0.6781, 2.3848, 1.6106, 2.145 , 0.8778,-1.6917, 2.0969, 2.0677, 1.1281]
[-5.4221,-1.4545,-5.2808, 1.9105, 2.2631, 2.4826, 0.2733,-0.0826, 2.8162,-2.6551,-1.9792,-1.3914,-0.922 ,-0.6463, 0.6468,-2.9305, 0.0279,-0.9833]
[-1.4462, 0.6078,-3.4128,-0.888 ,-2.3339,-0.016 , 3.0472,-2.4578, 2.3527, 1.9869,-3.1376,-1.8055, 0.6932,-0.2827,-2.3006,-0.9056,-1.7495,-0.7189]
[ 3.7098,-5.0126,-2.8296,-0.8626, 2.6319, 2.348 , 2.4332,-2.2612, 2.5408,-3.1046, 2.4127, 1.9422, 0.116 ,-0.4064, 1.4381,-0.4717, 0.6998,-1.5892]
[-0.5176, 0.8178,-4.7174,-2.1233, 0.6433, 0.3184,-1.382 , 1.24  , 0.5027,-1.3068, 0.3147,-0.5075, 0.5079,-2.5718,-0.1424,-0.5147, 2.6412, 2.6567]
[ 5.3687, 0.7664, 3.0235,-1.2553, 0.7276,-2.7687,-1.1182,-0.4245, 3.1275, 2.5466, 1.6184, 3.0371, 3.1215, 0.5701, 0.3146, 1.8079,-0.8807,-1.2645]
[ 4.6578,-0.5699,-4.0246, 0.7674, 3.1365, 1.1336,-1.8485,-1.4282, 1.6207,-0.9722,-0.1081, 2.4102, 0.8182,-1.8336, 0.5177, 0.7827, 0.6602,-2.6029]
[ 0.3575, 2.0565, 0.9429,-1.9397,-0.0649, 1.1131,-2.5233, 2.7068, 0.2876,-1.7287, 3.0327,-0.3931,-0.5656, 0.792 , 2.0136,-0.3948, 2.116 ,-0.9442]
[-3.2798, 1.708 , 4.2119,-0.0869,-1.0812, 2.7608, 1.0868, 2.4161, 0.6086, 0.987 , 0.4075,-1.0416, 1.4007,-0.1353, 1.7481, 1.7085,-1.8646, 1.4628]
[-4.6343, 2.8061,-5.0213,-2.4837,-1.4418, 0.3811,-0.3887, 1.61  ,-1.648 ,-2.9255, 1.7612,-2.4446,-2.8931, 0.2339, 1.3258, 0.872 , 3.1237,-3.0375]
[-2.0651,-4.8809, 2.4609, 0.3632,-1.7375, 2.6854, 2.1033, 2.5145, 0.7072,-2.622 , 0.2006,-2.9308, 2.2544,-1.6122, 3.0567, 0.8475, 2.2304,-3.1189]
[ 4.1626, 3.3276,-2.3033, 0.1807,-1.7238,-0.9554, 0.2523, 2.3111,-2.248 , 1.6856,-2.3751,-3.1296, 2.123 ,-0.0066, 0.3176,-0.1266,-1.3567,-0.7115]
[ 4.7875,-0.1106, 5.0945, 0.5629, 0.4479, 2.1588, 0.7284,-2.9915,-1.6875, 0.1769,-1.1442, 2.8672,-2.5233,-2.0045, 0.3355,-1.8491,-2.1328, 0.1193]
[ 4.3202, 4.8109,-1.5785, 2.8074,-1.1358,-0.5457,-0.5557,-0.8658, 0.0566,-1.1786,-0.8826, 0.13  , 0.0604, 0.7637, 2.099 ,-1.9212, 1.9579, 2.9163]
[-2.003 ,-3.6844,-2.2549,-1.8796, 0.2804,-1.2518,-2.7826,-2.6904, 1.5028,-0.9989,-1.572 , 1.828 , 2.8097,-1.2508, 2.4517, 0.3608, 1.5277,-1.7918]
[ 0.8396,-3.8203, 2.8931, 0.9362,-0.2312,-0.9901,-1.6156, 1.5359,-1.3759, 1.6161,-2.1918, 1.7425, 2.588 ,-0.6565,-1.4264,-1.6308, 2.1883,-0.779 ]
[-1.2496,-5.0543,-2.7055, 1.6272,-1.1164, 2.6468, 0.7026,-1.7407,-2.4625, 1.4701,-1.2963,-1.8178,-0.4261, 2.7242, 0.1769, 2.6765, 2.7714,-2.2454]
[ 2.0003,-1.0842,-3.9185, 0.4302,-1.2046, 1.447 , 1.4056, 0.8026,-1.1191, 2.1734, 0.6288,-3.1405,-1.3138, 0.6958,-0.7897,-2.8236,-0.0645, 2.929 ]
[ 3.3847, 1.7038,-2.3302, 0.3992,-1.3741,-2.5083,-2.1836, 0.8712,-2.3921,-1.3028,-2.0313,-1.1482, 0.2983, 1.4212,-0.347 ,-1.5779, 0.4347,-2.5511]
[-4.6941,-0.8642,-3.9151,-0.4898, 0.0885, 2.678 ,-0.9455, 2.9153, 1.4005, 0.1837,-1.6981, 0.6777, 2.3088,-1.0152, 1.1527,-1.556 , 2.8491,-1.2018]
[ 1.1569,-2.6335, 2.3968,-3.0288,-1.7377,-0.4265, 0.0472,-2.8776,-0.8156, 0.6747, 2.1503, 1.6674,-0.7294,-1.5092,-0.8717,-0.737 ,-1.1301, 0.437 ]
[ 5.0203,-5.1479, 0.4737,-1.9499, 0.5212, 0.4829,-1.7466,-1.8881, 0.5085, 0.7205,-1.691 , 0.661 , 0.3511,-2.3327, 2.6602, 1.3202,-1.0128,-3.1283]
[ 2.9826, 3.4811,-4.3415, 1.4791, 0.5078, 2.9036,-1.9925, 1.1287,-0.7862,-1.7078, 0.5146,-1.5864,-0.8557,-0.303 ,-0.4576,-0.9872,-0.1207,-0.0449]
[-2.7327,-2.2926, 2.5226, 1.9125,-1.1121, 1.4519, 3.0599, 1.7693, 1.8508, 0.16  ,-1.0941, 1.7603, 2.5368, 0.9811, 1.8148,-2.3863, 0.0877, 0.5111]
[-0.1783, 1.9249, 4.515 , 0.023 ,-0.5504,-2.9115,-2.3017,-2.4592, 2.6674,-2.7776, 2.9466, 2.4912, 2.4619,-0.1642, 2.9633,-0.598 ,-0.3173, 1.4882]
[ 3.0233,-2.1415,-2.5925,-1.904 , 0.0922,-0.5961,-0.8056,-1.5174, 0.835 , 0.412 ,-0.6153,-2.6531,-0.442 , 2.4935,-0.4985,-1.4259,-1.5076, 1.2175]
[ 0.6442, 5.2691,-4.7467,-1.4831, 1.6213,-3.1073, 0.0871,-2.7598,-0.5702,-0.9976,-2.9198, 0.2132,-1.7716, 1.2355,-1.2681, 2.287 ,-0.1241, 2.9596]
[ 4.1285, 3.7498, 4.6101, 2.8317,-1.6273, 0.7901,-2.5765,-0.9692,-2.5588, 0.7107,-1.1423, 0.7701, 2.1905,-1.852 , 2.4228,-3.1222,-0.6816,-2.973 ]
[ 3.122 ,-4.776 , 0.0437, 2.7825,-1.6093, 1.6042, 0.2023, 0.9325,-2.494 ,-0.6672, 2.1029,-2.2043,-0.254 ,-1.9606, 0.8033,-1.7615,-0.1707,-1.1823]
[ 1.4415, 1.6983, 4.2349, 1.1748, 2.9107, 3.1089,-2.8649, 2.7559, 0.3343, 0.5022,-1.1742, 1.4156, 0.0456, 0.2065, 2.5908,-1.718 , 0.0201,-1.5384]
[-1.1787,-3.824 , 4.1698, 2.2795,-1.7236, 1.3702, 1.0416, 2.0364,-2.2004, 0.3207,-2.5587,-1.7544, 0.0241,-2.838 ,-2.7091, 2.2944,-1.9455,-2.0305]
[-2.993 , 1.555 , 3.4958,-0.4345,-1.0978,-2.1327,-2.2099, 0.4639,-1.8575,-1.642 , 0.8847, 2.5149, 1.5047,-2.9733, 2.2785,-1.8732,-2.5753, 2.6286]
[ 4.9225, 0.6225,-1.9905, 1.0144,-1.702 , 2.5824, 0.6159, 1.1785,-3.105 ,-2.8245,-0.7152, 0.1804, 1.2425,-0.7356,-0.8276, 1.8636,-1.1502,-1.6817]
[-0.6487,-1.48  ,-0.2932, 2.795 ,-0.6675, 1.4981,-2.1127,-2.121 , 2.4463, 0.5215, 1.9709,-2.1625,-1.3955, 2.2039, 1.265 , 0.8868,-1.9151, 3.0889]
[ 3.7478, 0.5833,-5.2847,-2.2881,-1.1097,-2.2453, 1.3744, 1.6965,-0.7992, 0.3514, 0.0233, 2.5323, 1.2668,-2.5476,-1.3113,-0.3612,-2.7467, 0.465 ]
[ 3.2315, 0.8078, 0.1924,-1.9293, 1.3895, 1.686 , 0.5733,-0.867 ,-0.597 , 0.3154, 0.6215, 2.3366,-0.2407,-1.6915, 0.7494, 1.6166, 2.2631,-2.818 ]
[-2.7035,-2.854 ,-0.2441,-1.6072,-2.2408,-2.7316, 0.1602,-1.0849, 2.4572,-2.6881, 1.8501, 0.9702, 0.3313,-0.2797, 2.997 ,-1.0068,-0.3111, 2.7987]
[ 2.4331, 1.8536,-0.6638, 2.9456,-2.238 ,-2.1084, 1.5991,-0.4043, 0.1203, 3.0771,-1.8583, 3.0281,-2.3228,-0.4041,-1.1033, 2.1561, 2.3923,-0.9965]
[-1.9826,-1.1989,-1.5381,-0.6603,-2.637 , 2.0653, 1.8981,-2.7276,-0.8004,-1.6044,-2.0985,-2.9793, 0.2738, 2.2146,-1.2334, 0.856 ,-0.8989, 2.3882]
[-4.5799,-1.1134, 3.5177,-1.4634, 1.9608, 1.8198, 0.876 ,-1.952 , 3.1166,-2.1251,-1.757 , 2.9366, 2.7055,-1.5219,-1.2021, 0.2023,-1.6135,-1.749 ]
[ 1.0206,-0.3841, 4.9569, 2.0951, 1.9267, 0.3802,-2.5831,-2.9515, 0.8197,-1.3705, 1.7804, 0.2563, 2.0405,-0.4107,-1.6192,-2.8843,-2.2058, 0.7271]
[ 4.6684,-4.04  ,-3.0502,-2.0151, 2.9707,-2.7042, 3.067 , 2.3138,-2.6584,-0.5151, 2.6189,-0.4449, 2.4415,-2.4882, 1.0344, 0.5464,-1.5094,-0.1124]
[ 2.8991,-5.3205, 3.1299, 0.0146,-0.7629,-2.0556, 0.188 ,-1.7984,-2.5404, 1.5347,-1.4952,-1.1877,-0.9941,-0.6017,-0.352 ,-2.8527, 3.0911, 2.8678]
[ 0.2546, 1.3606, 0.701 ,-0.7254,-3.0158, 0.0377,-2.1795,-1.7717, 1.9349, 2.8695, 0.7862, 2.718 , 1.9404, 0.1189, 2.4326, 0.3829,-2.5048, 0.4798]
[ 5.2192, 2.0792,-2.3366, 2.9565, 0.0612,-3.1124, 0.7092,-2.1097,-0.3013, 2.7304,-3.0335,-2.5915, 3.092 ,-0.7224, 0.7394,-0.875 , 0.8097,-0.0218]
[ 3.4219, 2.2985, 2.8188,-0.3197, 0.8335,-2.7854,-1.2966, 1.5664, 0.1353, 0.8376, 3.0115,-2.1218,-2.9349, 2.7367, 1.1737,-2.386 , 0.8671,-0.9571]
[ 0.1306,-0.2092, 0.4799,-2.0505,-1.7825,-1.2562, 3.0849,-0.829 ,-1.999 , 0.2733,-0.7403, 0.3241,-0.5764, 2.2686, 1.5906, 1.4745,-0.3274,-2.5179]
[-1.076 , 1.5365,-1.8893,-2.3827,-2.3175,-0.609 ,-1.6619,-2.3155, 1.5505,-3.1352,-2.645 ,-2.2675, 3.0109,-2.3616,-0.2739, 2.0132, 1.1124,-1.9167]
[-0.7572,-0.9733,-1.2273, 2.1682,-2.9392, 2.2923, 0.2172, 1.2136,-2.9635, 1.8559, 2.5287,-1.3399, 0.9828,-1.0602, 0.4947,-2.2618, 2.3855,-1.6578]
[ 2.2577, 5.3471, 1.3342,-2.2483, 1.2743, 0.2178,-1.6774, 0.9786,-1.1414, 0.3641,-1.5005, 0.7765, 1.209 ,-0.9337,-0.1181, 2.5884,-1.9852,-0.8006]
[ 4.4043,-2.5338,-4.412 , 1.4647, 3.0352,-0.3789,-1.8123, 0.3421, 0.2967, 0.9505,-2.6827,-1.743 ,-0.2093, 1.3598,-3.0344, 0.6166, 2.1731,-0.0867]
[ 2.7892,-4.7129,-4.6725, 0.7568,-0.2719,-1.5203, 0.3144,-0.3151,-0.8243, 1.5445,-2.1555, 1.2966, 2.9563, 2.9126, 1.6536, 1.9307,-2.7059,-0.7352]
[ 0.9582, 1.7102,-4.2728, 2.5632, 0.4882, 1.7123, 1.1764, 2.5065,-3.1381, 1.1222,-0.3782, 1.0767,-0.2152,-2.0817,-0.825 ,-2.2846, 2.2696,-0.7518]
[ 1.7037, 2.4483,-2.3139, 2.158 , 0.2871, 1.8683, 2.3402, 0.5839, 1.0678,-0.8938, 0.5899, 2.3895,-1.252 , 0.0811, 0.5255, 1.3456,-2.2356, 2.1956]
[ 0.1684, 1.6842,-0.6414, 2.0796, 1.1593, 0.8369, 1.6847, 1.3918,-1.2899,-3.0078, 2.1283, 1.6102,-0.47  , 0.3633,-1.993 ,-2.7186,-0.0273, 1.6575]
[-3.4324, 0.5629, 2.5894,-2.8864,-0.4063, 0.8138,-2.8796,-2.5159, 0.3397, 0.4542,-1.8721, 1.154 , 1.6376,-2.1881,-2.9816,-0.0601, 3.1103, 1.2642]
[ 1.2458, 4.9851,-3.2524,-3.0806, 1.9537, 0.5991,-0.4483, 0.4972, 2.38  , 1.3022,-2.5436, 1.818 , 2.9565, 3.128 , 0.015 , 1.4122,-2.6102, 2.57  ]
[-1.9204,-3.4671,-3.9217, 1.7365,-2.2463, 0.6705, 1.2869, 1.0838, 2.4025, 2.7178,-2.8837,-1.761 ,-1.4028,-0.8019,-2.5146,-0.6826,-2.3209,-0.8718]
[ 3.0199, 0.3695,-1.2508,-1.9531,-1.4797,-1.8927, 0.6899, 0.1452, 1.8443, 1.8869,-2.0726,-0.4201, 2.7685,-0.3394,-2.1898, 1.081 ,-0.9673,-1.6777]
[-1.1684, 1.3974,-2.2541,-1.6241,-0.0452, 1.9635, 1.2341, 3.0689,-0.8308,-1.5976, 0.8991,-1.0594,-0.9117, 0.8786, 1.3959,-2.1186, 1.3982,-2.4593]
[ 0.5079,-1.6118,-4.8464,-2.8998, 2.077 ,-2.7614, 0.4433, 0.4   ,-0.2685, 1.4899, 0.6794,-0.5728, 2.2185, 2.3272,-2.3432, 2.2447, 2.2643, 2.8022]
[-0.7937,-1.486 ,-2.597 ,-0.0281, 1.5626, 2.9058,-0.7619, 0.1603,-1.2147, 1.3958, 2.6911, 1.6798,-2.6254, 1.1316,-0.6918,-0.9264,-1.5506, 0.0733]
[ 4.1608, 1.4394,-5.1367, 1.2081, 2.7726, 0.1166, 0.6137,-2.7194,-2.2263, 2.3868,-0.1949,-2.5881, 1.6057,-0.7929,-2.7291, 2.7862,-3.1192,-1.3478]
[ 2.5299, 5.3476, 5.1716, 1.5794,-1.8175,-2.7334,-1.6903,-1.7251, 0.6169, 2.6811,-0.4341, 0.6264, 0.3247, 2.4388, 2.7945,-1.531 ,-3.0595, 0.3073]
[-2.0317, 3.1065,-3.543 ,-1.8387,-0.0707,-2.2605, 1.5906,-1.5994, 1.6643, 0.736 ,-1.3327, 0.7553, 2.7795,-0.4513,-2.9984, 0.49  ,-2.364 , 2.6586]
[ 4.7017,-4.3173, 0.4396, 1.1168,-0.4742,-0.2581,-1.9246, 2.7343, 0.2356, 1.6475, 3.0893, 1.8451, 1.2172,-0.7977, 1.9521,-0.047 , 1.2486,-1.0465]
[-4.085 ,-0.9473,-0.1502, 1.4754,-2.6096, 0.3633,-0.5565, 1.9728, 2.6192, 0.185 ,-2.9408, 0.8949,-2.0364, 2.9578,-2.6342, 3.1366,-1.8834,-2.8049]
[ 4.2621, 1.2337, 3.3056, 1.5514, 1.1993, 2.8531,-2.7712, 1.6586, 0.2121, 2.1431, 0.2765, 1.426 , 1.0977, 2.1333,-3.1262, 1.7797,-2.5537, 2.3346]
[ 1.333 ,-0.3314,-3.6592, 2.8896, 0.5197, 0.1283,-1.9331,-1.5734, 0.9487, 2.4297,-0.165 ,-0.2943, 2.0624,-3.1075, 0.823 , 0.4736, 2.4154,-0.2772]
[ 0.5348, 4.3656,-2.0569,-0.4246,-0.1675, 1.4545, 0.1235,-1.4945,-1.2887,-2.4191,-1.7367,-1.8456,-1.5851, 1.2692,-1.0162,-1.4163,-2.8424,-1.6549]
[-5.0364, 3.9287,-4.9854, 2.034 ,-0.611 , 1.7579,-0.8618,-1.5472, 2.3827, 2.6163, 1.5665, 0.8389,-0.292 , 0.2003, 1.5133, 2.0254,-2.178 , 1.0522]
[-4.0117,-1.5382, 2.4408, 0.6542,-2.0628, 0.2355,-1.0262,-1.8322, 0.3596, 1.8417,-0.5404,-0.2987,-1.0198,-2.2145, 1.3899, 2.8421,-2.1101,-1.1409]
[ 2.2519, 4.6046,-4.0913,-2.1907, 1.5744, 2.9012, 1.9574,-1.1343,-0.5884, 2.32  ,-1.6435, 2.3847,-0.8433, 2.9283,-2.8742, 2.3673, 0.772 , 1.7064]
[-0.9583, 1.067 , 2.6609,-3.0393, 2.7876,-2.4007,-0.3091,-1.2616, 1.4244,-2.6909,-2.0615,-2.3288, 0.2689, 1.2774, 1.2348,-2.761 ,-2.4672, 3.0922]
[-4.3694, 5.1152,-4.2368,-3.1225, 2.118 ,-0.6476, 0.1149,-0.7555,-0.6445,-0.5131,-1.9386,-1.5687,-2.0987,-1.5826, 2.0328,-0.0235, 0.6713, 1.6217]
[ 4.3704, 0.0673,-4.398 ,-2.77  ,-1.2624, 0.5998, 1.1305, 1.2943, 2.8231,-2.1261,-1.6637, 1.265 ,-2.4961,-0.791 ,-1.2704,-0.5746,-1.0271,-0.5132]
[ 2.0354,-1.6049,-4.1345, 2.2532,-0.0995, 2.7438, 1.6218, 1.0453, 2.0366,-1.5344, 2.8363, 2.8527,-2.6999,-0.1893,-2.0019, 1.2358,-0.868 , 1.5742]
[ 3.3639, 2.4161, 4.6206,-0.1448, 2.8609,-1.585 , 1.9156,-1.4141,-1.245 , 1.3545,-0.4438,-2.8837, 0.3949,-2.1522, 0.3244, 1.8387,-0.0214, 0.9796]
[-3.0243,-0.5628, 1.3755, 0.6732,-2.7797, 2.4012,-0.873 , 2.5196,-2.2794, 0.768 , 2.0026, 1.1801, 1.2204,-1.5044, 1.1701, 1.7881,-0.0672, 1.5295]
[-3.1274, 4.1674, 5.4322,-0.1678,-1.56  ,-2.8299,-0.5067, 0.5748,-2.9518, 2.49  , 1.1417,-1.1516,-1.5566,-1.85  ,-0.1459,-0.1574, 0.2956,-2.0014]
[-4.7134, 3.3799,-3.3285, 1.8893, 3.0415, 3.0247,-2.8863,-1.2293,-1.3645, 2.5829, 2.6319, 2.8774, 2.943 , 0.7749,-1.4624, 1.4912, 1.6954, 2.5445]
[ 4.1934, 4.839 , 1.8229, 1.335 , 2.5696, 1.5135, 2.4147,-2.0686, 2.8927,-1.4336, 1.2197,-2.8158, 1.5935,-1.2195,-0.3401,-2.2505,-0.5592,-1.8753]
[-4.0117, 2.9645,-3.1235, 1.1822, 2.8125, 1.0694, 2.2682,-1.7852,-1.1288,-0.6504,-2.8098, 0.6931, 2.1685,-0.3444,-0.9753,-2.7849, 0.7351,-0.1068]
