[ 3.7607,-1.3409,-5.0549, 0.6079,-2.5865, 0.861 , 1.8575, 1.2753, 2.1913,-2.5622,-1.1214, 0.4913, 1.384 ,-2.9049,-1.7813, 0.744 ,-2.0622,-1.9105,-0.2908,-1.6837]
[-3.867 ,-3.0756, 1.2687, 0.8536,-1.4155,-3.1025, 1.4365,-2.2679, 0.3385, 1.7055,-0.3251, 2.5185,-0.337 ,-1.4613,-2.9837,-0.6485,-2.0384,-1.1828, 1.8866, 3.0104]
[ 2.2678, 2.5389, 2.712 , 0.7292, 3.0391, 1.0121, 1.0305,-0.2304,-1.9006,-0.8832, 1.0291,-2.155 , 2.9017, 0.1499,-2.4136,-0.9677, 0.6967,-0.0299,-0.0187,-2.9852]
[ 1.6556, 1.2872, 3.1571,-0.7551,-0.7249, 2.4307,-0.2682, 1.8372,-1.138 ,-2.9198, 0.6202, 1.4668,-1.7679,-2.0914, 2.2441, 0.3497, 1.739 ,-1.0255,-1.3114, 0.9624]
[-1.0174, 1.7139,-3.3806,-0.5147, 0.2898, 2.8454,-0.3947, 2.111 ,-2.8196, 1.2321, 0.3951,-0.7666,-2.851 , 2.5257, 0.022 , 3.1309, 1.7852,-1.5239,-0.3444, 2.0372]
[-0.7202,-3.8382,-4.5777, 1.8599,-1.9269, 2.7153,-0.2784,-1.4333,-0.0154,-2.9505, 1.6353,-1.2127,-0.193 , 0.5494, 2.2563,-0.1496, 2.8294, 2.1418,-0.2548,-1.9489]
[ 5.0941e+00,-2.8893e+00, 4.4089e+00,-2.7546e+00,-5.0507e-01, 2.4781e+00,-1.6916e+00, 2.7966e+00, 1.4620e+00,-2.2667e+00, 2.3656e+00, 2.4740e+00,-2.7641e+00, 5.1306e-01, 4.2523e-01,-2.1064e+00, 5.5724e-04, 2.7765e+00, 2.6280e+00, 2.1564e+00]
[-4.5955,-0.539 , 2.5249, 3.043 ,-3.0124, 0.8847, 2.4881, 0.2585,-0.741 , 2.349 ,-1.5063,-2.0539,-0.5859,-0.3545, 2.6495,-0.6105,-2.2887,-0.0086,-1.5681,-3.0842]
[-0.7122,-1.947 , 1.8221, 1.0604,-1.3592,-2.6116,-0.0806, 2.4998, 2.1056, 2.019 ,-1.0446, 1.8318,-2.3586,-1.1646, 1.698 , 1.0206,-1.9057, 2.5771, 1.746 , 0.5176]
[-5.3592, 0.8622,-4.3156, 3.0211,-2.2365,-0.8782, 2.1873,-1.8878,-1.4629, 1.3131,-2.6739, 1.0293,-0.9112, 1.8385,-2.6995, 1.0051,-1.776 ,-0.5948,-2.3204, 2.1366]
[ 1.7032e-01,-4.3420e+00,-1.7780e+00,-6.9564e-01,-2.3079e+00,-1.9736e+00, 1.9242e-03,-2.2107e+00, 5.4059e-01,-1.7216e+00, 2.6620e+00, 2.5222e+00, 4.5949e-01,-5.6556e-01, 2.9824e+00, 5.4526e-01, 2.0903e+00, 2.0697e-01,-1.2631e+00,-2.5291e+00]
[-2.4282,-1.8617,-4.1282,-0.1355, 1.5152, 2.6238, 2.4163, 2.1398,-2.8991, 0.6184, 3.0239, 2.5444, 2.9246,-1.9621,-1.952 , 2.7861, 0.3148,-0.0616, 2.4881,-0.4022]
[ 2.5198, 1.8019, 4.3452, 2.3272,-0.21  ,-2.9075,-1.8931,-1.7061, 3.0503, 0.1754,-0.8192, 2.9667,-1.4078, 0.8669, 2.9109, 0.1414, 0.5826,-1.0807, 1.7089, 2.1032]
[ 4.3893,-1.9849, 2.9629, 1.9158,-1.9995, 0.962 , 2.3976, 2.5861, 0.9832, 1.7111, 2.0289, 2.9304,-1.7581,-2.961 ,-3.132 ,-1.1401,-2.757 , 1.0733, 1.3146, 0.941 ]
[-3.0425,-1.229 , 4.1888,-1.5989, 1.597 , 1.9318, 2.085 , 3.025 ,-2.1279,-0.4082, 0.9705,-2.0456, 2.5153, 2.1619, 1.5595,-0.2235,-0.879 ,-0.4521, 0.2368,-1.3465]
[-1.5624,-3.4995, 5.3152,-0.0305,-3.0469,-1.0165, 0.1173,-1.2248, 0.7859, 1.9643, 0.0665,-2.2985, 1.621 ,-1.4983,-2.0228,-2.1675,-2.586 ,-1.1781,-2.269 ,-2.1928]
[-3.8955, 4.3874,-5.345 ,-3.0296, 1.13  ,-3.0683,-3.1253,-3.066 ,-1.387 ,-0.3647,-3.1169,-0.9047,-0.7985, 2.4161,-2.6436,-1.6632, 0.1092,-0.2845,-1.9195, 2.9682]
[ 0.6127,-4.5874,-1.7779,-0.24  ,-0.891 , 1.8045,-2.7775,-0.7728, 1.5361, 2.534 ,-3.0486, 2.0471,-2.5395,-0.4717, 0.4351,-2.5896,-2.8281,-2.9199,-2.3685, 1.9009]
[ 4.375 ,-2.1638, 1.048 ,-2.7131, 1.8904,-0.8989,-1.6364, 2.8525,-2.0916, 0.0856, 1.0279, 2.6311,-0.1339,-0.8149,-0.7309,-1.737 , 0.3491,-0.7348, 2.3357, 2.0188]
[-2.4334,-4.4904, 4.5196,-0.1142,-0.9749, 1.9866, 0.4388, 2.7163, 1.1371, 0.7393, 0.8324,-0.6282,-0.3936, 2.4054,-2.4351, 2.5117,-2.5502,-0.2501, 1.278 ,-1.3471]
[-2.9444, 3.5198,-3.3368,-0.5111,-1.2417,-1.4543, 1.1903,-2.1875, 0.8625,-0.8197,-2.1466,-0.4003,-2.1826,-3.0021, 1.432 , 1.3451,-2.5178, 1.6382,-0.3045, 0.7818]
[ 0.3444,-3.3684,-1.2151,-1.5264, 1.2138,-2.3989, 0.9815, 2.7682, 1.0825,-0.8518,-1.7112, 0.6602,-0.2477, 2.9133,-3.0445,-0.793 , 0.7136, 2.4523, 1.2913, 3.1285]
[ 5.2774,-3.4159,-4.7219, 2.7119, 1.4988,-1.6047,-2.6205, 1.7105, 0.8793,-1.2825, 1.3054, 1.3023, 2.6094, 1.745 ,-2.5637,-1.2089, 0.2542,-1.7762, 2.9567,-0.3584]
[ 1.0293,-4.9939, 4.5295,-0.8232,-0.6928,-2.1617, 2.2672, 1.5337,-0.9808, 1.0668,-0.6116,-0.9894, 0.6508,-3.0938, 1.7576,-0.8931,-2.1603,-0.7252, 0.724 , 2.6849]
[ 4.8802,-2.3605,-2.6418, 2.8778,-1.3857, 0.0622, 1.2483, 3.0832,-0.4751,-1.8491,-2.5406,-2.5141,-0.3246, 0.6146, 1.7212,-2.197 ,-1.082 ,-1.4876,-2.3452, 2.9636]
[-0.2911, 1.4437,-0.8112, 1.5762, 1.0537,-2.3755, 2.6271,-1.542 ,-2.922 ,-0.4111, 1.7003,-0.8   , 2.3206, 1.8639,-2.1071,-0.0161,-2.5422, 1.604 ,-2.2708,-0.7089]
[ 4.3563e+00, 1.3927e+00,-1.9356e+00,-3.0416e+00,-1.7336e-01, 2.6531e+00,-2.8712e+00, 1.8333e+00,-2.7589e+00,-7.3620e-01,-2.0490e+00, 2.2133e+00,-3.3690e-03, 4.9346e-01,-8.9628e-01, 2.2513e+00, 2.5077e+00, 1.0762e+00, 2.8425e+00,-2.4823e-01]
[-4.5612,-5.4018, 2.3856, 1.1446,-1.6691,-1.0099,-0.873 , 1.145 , 0.2219, 2.5781, 0.55  ,-2.7117, 1.8291, 2.5768, 2.0876, 1.1184, 1.0019, 1.3189, 2.4279,-1.8977]
[-5.2901, 2.8888, 0.6499, 2.4476,-1.9871,-1.5501, 1.9825, 1.0364,-1.5342, 2.0569,-1.7281, 2.5704,-0.8344, 1.8138,-2.8113, 1.5216, 1.2705,-0.8498, 1.887 ,-0.3242]
[-0.1134, 0.7943,-4.2501, 1.8206,-0.6272, 1.2201,-0.2522,-0.881 ,-1.5664,-0.7381,-2.5079, 0.5964,-1.9838,-1.619 , 1.9766, 2.8004,-1.5216,-2.9614, 2.1274,-2.104 ]
[ 2.3131, 4.3043, 1.8764,-0.77  , 1.565 , 3.0318, 0.7477,-2.1241,-1.6779, 0.3793, 1.5961, 2.5313, 1.129 , 3.0909,-0.5241, 2.8863,-1.1024, 2.3551,-1.9418, 0.8452]
[ 0.1814, 4.743 , 4.4867, 0.9908,-3.0436,-0.419 ,-2.9814, 0.5257,-2.861 , 2.7376, 0.6686,-0.2342,-0.0242, 1.7739, 3.0685, 1.9757, 2.4456,-0.4668,-0.5104, 0.0652]
[ 3.332 ,-3.4473, 5.3572,-1.542 ,-1.8704,-0.4563, 0.549 , 1.4461, 3.1268,-2.1579,-0.7433, 0.9955,-0.3407,-2.5942,-0.0117, 2.2102, 2.0121,-1.6379,-2.3242, 1.4218]
[ 1.2467, 3.9012, 1.9611, 0.0643, 1.109 ,-0.2758,-1.6208,-1.172 ,-2.6367, 2.4711, 1.9187,-3.0815,-2.069 ,-1.96  ,-1.0785, 1.4989,-0.5584,-1.5417, 0.6093, 2.0934]
[ 3.6961, 4.332 ,-3.2039, 0.7397, 1.3071,-0.6437,-0.4785, 1.5243, 2.0592, 2.7839,-0.5805, 1.9707,-2.2083,-1.0726, 0.4713,-2.0815,-0.2254, 2.3681,-1.7387, 3.0655]
[-0.2875,-4.7933, 3.6713, 0.5559,-0.0775, 0.3196, 0.5158,-0.4077, 0.109 , 2.4805, 0.9394, 2.9239, 2.0488, 0.6015,-1.2265,-0.4344,-1.9512,-0.3733,-1.1837,-2.8108]
[ 1.8392,-2.9741,-5.0537, 0.0487,-0.2831, 2.5834,-1.4291,-2.7781, 1.5171, 0.9415, 2.5206,-2.9777,-0.5863,-1.5502, 0.242 ,-0.9815,-0.224 ,-2.1324,-0.6186,-0.285 ]
[-2.8753,-5.3373, 4.3544, 1.6855,-1.7121,-1.8737,-0.4986,-1.6986, 0.0142,-1.1345, 1.5124,-1.2187,-2.4294, 0.4247, 0.558 ,-1.5873,-1.5708, 1.4834,-0.0619,-0.2966]
[ 3.5351,-2.1313,-0.1733,-0.4399,-1.3184, 2.1476,-0.1533, 1.8539, 0.8159,-2.2581, 1.9904,-1.6773, 2.3958,-0.1897,-1.5578,-0.3971, 1.3725,-0.5087, 1.0621, 1.2705]
[-5.3194,-4.9796, 5.2202, 0.158 , 1.7267,-2.7917,-2.4383, 2.5471, 0.0392,-1.4439, 0.5196, 1.4709,-1.7686,-1.2122, 1.7654,-1.0497,-0.7392,-1.6907, 0.8084, 0.3301]
[ 1.3243,-2.9865, 2.683 , 3.1107, 0.0704,-0.651 , 2.3776,-0.453 ,-0.6361, 0.5841, 0.9482,-3.0625, 2.5348,-0.2131, 2.0945,-2.9036, 0.8321,-2.4189, 2.7234, 3.0035]
[-5.0028,-4.9734,-1.3129, 1.3691, 0.6274,-1.963 , 1.6232,-2.3938,-1.0962, 2.8835, 1.5795,-2.5279, 1.0729,-0.4908,-1.6075,-1.5793, 0.9917, 2.3208,-2.3335,-1.7897]
[ 4.2685, 4.8022,-0.5001, 1.2817, 0.0199,-1.3512, 0.6637,-2.5496, 3.015 ,-0.217 , 0.5865, 1.5738, 2.9377, 0.9829,-0.4653, 1.2589,-1.2375, 1.4972,-2.5004, 1.2695]
[-0.5196, 4.8732,-3.7169,-0.0209, 0.2119, 0.867 , 2.8164,-1.6297, 2.554 ,-2.1117, 2.7431,-1.0472, 2.1074, 1.1735, 2.5862, 0.0882, 1.9179, 1.5747,-1.4647,-2.8866]
[ 4.0474, 2.6391, 5.3735,-1.2684, 2.237 ,-2.1751,-1.2388,-2.8409, 0.6121, 0.1055,-1.2276, 0.9705, 1.4999,-2.5678,-1.3794,-2.8053, 2.5948, 0.8092, 1.55  , 2.1207]
[-3.7626, 2.1322,-2.1788, 0.8498,-0.4412,-1.322 , 1.276 , 0.0472, 1.7259,-1.4076,-0.257 , 2.0878,-1.0896,-2.3574, 1.4425,-3.0658,-1.2827, 1.6982,-0.7582,-0.6411]
[-4.5444,-1.2474,-1.1801,-0.4381,-1.5301, 1.9673, 2.2443, 2.5871, 0.2069, 0.305 ,-0.2543, 2.3584,-1.4613, 2.9362,-2.3869, 2.2222,-2.3983, 0.1861, 1.3639, 2.0306]
[ 4.4796,-1.256 , 4.7794,-0.805 , 0.8424, 0.8303, 1.8556,-0.8105,-0.2684, 0.2125,-0.7342, 0.2525, 0.8685,-0.7052, 2.6121,-0.9878, 2.3467,-2.3799, 1.7503, 0.1329]
[ 2.9655, 2.5047,-3.0405, 1.3371,-0.145 ,-0.7412, 1.8439,-1.0976,-2.6253,-0.4652, 0.3195, 2.7247,-0.7128,-1.8748, 0.098 ,-2.317 , 2.4812,-0.7843, 2.6257, 0.1214]
[-5.0343,-0.609 , 4.7944, 2.5513, 2.4498,-2.7712, 1.0977,-0.9766, 0.2466, 1.6619, 0.0087, 1.1103,-2.8945,-1.567 , 1.3772, 1.6476,-0.8374, 1.2339, 0.0799,-1.0248]
[-3.7438, 3.8337,-2.2848, 1.7492,-0.7152, 2.9622, 0.4681,-2.2982,-0.8877,-0.1545, 1.7073, 2.3337, 0.8619,-2.1214,-2.639 ,-2.4651,-3.0898,-1.3795,-0.4208, 1.5231]
[ 2.6481,-0.0471, 4.5081, 2.0728, 2.1777,-2.3556,-3.0932, 0.1474,-2.5471,-0.4776, 2.0892, 2.7964,-2.5234,-2.294 , 1.0851, 0.4396,-0.7144, 2.0397, 0.6491, 2.2856]
[-0.4203,-3.3762,-2.8804, 1.5717,-2.5214,-2.9462,-2.215 ,-1.1272, 2.3044,-2.1394,-0.9827,-1.5956,-0.5564,-0.8834, 2.9512, 1.752 ,-1.1341,-2.2411,-0.6362,-3.1222]
[ 2.9565, 5.3059, 1.0453,-2.3377,-0.6283, 0.6524, 1.4564,-1.4536,-1.1554, 2.1495, 1.675 ,-2.4897,-3.0947, 2.0753,-0.264 , 2.3237,-3.0645, 0.7946,-0.21  , 1.3818]
[-3.408 ,-4.4121, 4.0025,-1.0891, 3.0387, 1.2293,-2.2154,-3.136 , 0.2182, 2.4212,-0.3578,-2.5871,-2.2605, 0.6785, 2.4182,-1.1861,-2.5406,-0.9588, 2.0578, 2.8877]
[ 0.7424, 2.3385,-0.0294, 2.2856,-2.1773, 0.3075, 0.5099,-3.1232, 2.3106,-0.5375,-1.6352, 1.0759, 0.2251,-0.5754,-2.7801, 0.3256, 1.2959, 1.6908,-2.3917, 0.0343]
[-2.2687,-5.0324,-0.8735, 0.567 , 0.7687, 0.4125, 0.0472, 2.3904, 0.0448,-0.7822,-2.8394,-2.804 ,-1.3114,-1.8415,-2.9816, 1.9494, 1.3262, 1.0709,-2.8086, 2.4529]
[ 4.2381, 5.3921, 5.4921,-2.5719,-0.2484,-3.0316,-1.3501, 0.903 ,-1.6169, 1.2132, 2.9453, 2.074 , 3.118 ,-1.1899,-2.2929,-0.8235,-2.5215, 0.8377, 2.4079, 1.8792]
[-1.6363,-4.713 , 0.6045,-1.9721,-1.6649, 3.0361,-3.0648,-0.3036, 0.4581,-1.4656, 2.5125, 0.2592,-1.7844,-1.054 ,-1.8395, 2.7277, 0.4369,-1.0132,-2.6352, 0.2191]
[-2.4465, 1.2513,-1.0583,-0.6889, 0.4717, 1.3994, 2.5235, 2.9702, 1.5767, 0.4089, 0.8407, 1.0359, 0.3436,-1.4498, 1.0507, 2.795 ,-1.8078, 0.9473, 2.1805, 1.5719]
[-1.4165,-4.5386, 4.2709, 1.6599, 1.5722,-0.7325,-1.5187, 0.4194, 2.975 , 0.2682,-2.5393, 0.3869, 0.6607,-1.5669,-1.6549, 1.7397, 1.4619, 2.6916,-1.2471,-1.305 ]
[-2.6726,-2.2408, 5.0142,-0.6379, 2.4253, 2.9017, 1.2408, 2.0614, 1.1953, 2.7141,-2.4376,-0.3022,-0.4823,-1.5006, 2.369 ,-0.1922, 2.3832, 2.5208, 1.3002,-1.8913]
[-4.0596,-4.1522, 0.9014,-0.209 , 0.5152,-0.5028, 1.6943, 1.4741,-2.9176,-0.8208, 1.2933,-2.8387,-2.5934, 2.7886, 1.0131,-2.3134,-2.2655, 2.5549,-0.9572,-2.0103]
[-1.9194,-0.4841, 5.3589, 1.0244,-2.115 ,-1.7542,-2.4858,-0.3928, 0.9829,-1.9676, 3.1048, 1.587 , 0.3241,-2.5209,-1.7439, 2.6339,-0.074 , 1.8396, 1.1044,-1.0827]
[ 1.1052, 3.1819, 0.5496,-0.8261,-2.9955,-2.3125, 2.0776, 1.9717, 0.9975, 2.6061,-0.1022,-2.2979, 1.2718, 2.8261, 2.5923,-0.0203, 1.7524, 1.1723, 2.9572,-2.3106]
[ 1.912 ,-0.0089, 1.2257, 0.1117, 2.6916, 2.525 , 0.8098, 2.9765,-1.5861,-0.3312,-3.0263,-2.5711,-0.7728,-0.5626,-0.8055, 1.6917,-1.4385,-0.9393, 1.0269, 0.4802]
[-4.1305, 3.5498,-4.0439,-1.074 , 1.211 , 1.3456, 0.4186,-0.651 , 2.8911,-0.7393, 0.1804, 0.2145, 1.9316,-2.1436, 0.3953,-0.5486, 0.161 ,-2.9616,-2.8587, 1.6883]
[ 0.4658, 4.5006,-5.1236, 1.3744, 1.3522, 0.252 ,-1.8185, 3.1366, 2.7983,-2.9834,-0.0855,-2.17  ,-2.5558,-3.1085,-0.2504, 1.2591, 0.5807, 1.4236, 2.4625,-0.2801]
[ 4.2918, 2.3362, 4.4366, 0.6657, 3.0845,-3.0899,-1.7356,-2.2858, 0.435 ,-1.7856, 1.0335,-2.4216,-1.1804, 0.8373,-2.2783,-2.7388,-2.9869,-1.7381,-1.7199, 1.407 ]
[-4.2719,-5.0865, 2.4   , 2.2222, 0.3125, 0.3937, 2.3288, 1.5169,-2.9852, 1.3909, 1.1541, 0.5532, 1.1895,-0.0165,-3.1216,-0.546 , 0.6909,-2.1068, 0.4733,-2.8063]
[-3.6498, 5.097 ,-0.9045,-2.8227,-1.381 , 0.9631, 0.5898, 2.6858,-3.0154, 1.3309,-2.5182,-1.8473,-2.7402,-2.8213,-2.2849,-0.7953, 2.6461,-2.8605,-0.6707,-1.7083]
[-5.2601, 2.4598, 5.0928,-2.1187,-1.779 ,-0.5141, 1.3339, 1.3152,-0.2107, 2.8218, 0.7582, 1.9933,-1.7309, 0.6188,-0.3718,-1.1022,-0.3577,-2.5241,-2.0028,-0.8877]
[-4.4259,-1.9232, 1.1034, 1.533 , 0.391 , 2.9868, 0.6818, 2.6287, 1.473 ,-1.882 , 3.0149,-1.1537,-2.5674,-1.0913,-1.7394,-0.7786,-0.4657, 2.5951,-1.1023, 3.0081]
[-4.913 ,-4.2418, 1.6499,-1.6947, 0.0156,-1.6942, 0.3551, 0.1177, 2.3624, 0.0388, 2.6797,-0.7691,-2.3063,-2.5261,-1.4615,-2.9639, 1.7652, 1.5397,-0.6794, 2.5722]
[ 3.8561, 3.4273,-0.3807,-0.5292,-2.3742,-0.7519, 1.4952, 2.4287, 0.0871, 2.2181,-1.1671, 1.4216, 0.1176, 2.3423,-1.9509, 3.0409, 1.2717, 0.1872,-2.4497, 1.1854]
[-2.7038,-3.2761,-0.0327,-1.0849,-0.7702, 0.1127, 0.2938,-2.9635, 2.2362, 3.0101, 1.9284,-2.81  , 1.849 ,-2.1987,-1.7246,-3.07  ,-2.3826,-1.7906, 1.7974, 0.1331]
[ 0.501 ,-5.2876,-1.7838,-1.5797, 2.5192, 1.8776,-1.9794, 0.6787, 0.5   ,-0.7988, 2.4618,-1.8901,-2.4798,-0.933 ,-0.7026,-0.2068, 1.261 ,-1.219 ,-1.43  ,-0.3341]
[ 1.0523,-1.5312,-4.134 , 1.7183,-0.2834,-2.7822, 2.918 , 1.578 , 1.7044, 1.4873, 1.756 ,-2.4592,-2.1008, 1.7896,-0.2998, 1.6508, 1.0012, 1.4421, 0.1206, 0.022 ]
[ 0.728 , 1.1846,-0.0624,-1.4461,-1.2128, 1.6721, 2.7325, 2.1313, 0.103 , 0.0795,-2.6851,-0.3611,-0.0118, 2.8764,-1.0285,-3.1176,-0.3556,-1.694 ,-0.0691,-2.5987]
[-1.9459,-0.2013, 3.7716,-0.9246, 1.4848, 1.1189,-0.7019, 1.6128, 0.6773,-2.1798, 2.2715, 0.8801,-0.5708,-1.526 ,-1.9571,-0.9217, 1.1189, 1.3358, 2.636 , 1.1379]
[-4.564 , 5.4463,-2.4223, 1.1586, 2.4461, 1.6459, 1.2386, 1.6718,-2.2106, 3.1381,-0.8457, 1.3953, 1.0938,-2.8398,-1.509 ,-0.1589, 2.3444,-1.438 ,-0.2053,-0.7877]
[ 0.832 ,-3.9987,-5.1217,-1.9289, 1.4852,-1.8768,-1.6842,-0.2472,-2.4888,-2.6629,-0.2896,-0.746 , 2.3438, 0.5662,-1.568 ,-2.9378,-1.9625,-1.9207, 1.1201, 2.302 ]
[ 1.9391, 2.44  ,-3.0059, 1.735 ,-0.5508,-2.7349, 2.132 , 3.0355,-1.5017, 1.7133,-0.713 , 1.8924,-2.4555,-1.5657,-2.2421, 1.6666,-0.8326, 1.0909,-1.9725,-1.4482]
[-3.8979, 0.7083, 3.8426,-2.308 ,-1.3655,-1.3923,-2.0109,-2.0372, 1.4727,-1.98  , 3.0367, 0.237 ,-2.6636,-0.6023,-1.0619, 2.0589,-1.9306,-1.5558,-1.0988,-2.9219]
[-4.4146,-5.2143, 4.7248, 0.8552,-0.5923, 2.964 ,-1.9956, 0.7843, 0.8218,-0.0512, 0.7669, 0.9999,-2.4035, 0.3085,-0.6896, 0.4486, 1.8838, 1.405 , 0.2351,-2.0325]
[-2.703 ,-4.7737, 2.1492,-1.5661,-2.2268,-0.3083,-0.969 ,-2.7224, 1.7533, 0.8128, 1.5932,-2.9915, 2.066 ,-1.2407, 2.1471,-0.3903,-2.5205,-2.5011,-3.1141,-2.9537]
[ 4.2571, 1.964 ,-2.7439, 2.5898,-2.5623,-0.6883,-0.5719, 0.8355, 0.4664,-2.5612,-2.4403,-1.0716,-2.5975, 2.6816, 1.5291,-1.743 , 1.1411, 0.3343,-0.7099, 0.2131]
[-3.4758,-4.1424,-2.5877, 1.2606,-3.0827, 1.4766, 1.7375,-1.1361, 2.4783, 1.7084,-2.6321,-1.1132,-0.9252, 1.4511,-1.5498, 1.4851,-2.7632,-0.9021, 2.8499,-1.9938]
[ 4.3752, 0.7765,-5.2362,-1.631 , 3.0988, 1.0907,-0.3088, 2.8149,-2.3099,-2.9133,-2.9107,-1.1888,-1.8131, 0.9506, 2.9395, 2.0748, 2.6339,-1.3218, 2.4748,-1.3094]
[ 0.6276,-0.7824, 2.198 ,-1.3244, 1.7242,-0.5689, 2.4013, 1.2343, 0.6728,-2.4687,-1.0295,-1.6813, 0.9996, 0.0122, 2.0058,-0.7819,-2.2154, 3.1076,-0.0569,-1.9845]
[-0.6137,-3.4941,-1.1018, 0.361 ,-1.8253,-0.6804,-0.0799,-1.2915,-2.5653,-0.7425, 1.154 , 2.4676,-2.7445,-1.8971, 2.2544,-1.089 ,-0.0498,-1.1675,-2.6626, 0.0538]
[ 1.386 ,-2.1073,-0.1257, 1.7941,-0.9389,-1.2806, 0.1115, 2.5603, 1.8402,-0.842 ,-2.2846, 1.0105, 1.9592, 1.9683,-0.4445, 0.0748, 2.6652, 2.1422,-0.3646, 2.0361]
[-4.3409,-1.7447, 2.9807,-2.2804, 0.9835,-0.4224, 1.4965,-0.2012,-0.1454,-0.0107, 1.3727, 2.5317,-2.6634,-1.5857, 0.3106, 2.4658,-0.6808,-0.7385,-1.7066,-2.0731]
[ 4.8013,-1.3205,-0.7224, 1.7321,-0.6421, 2.7998,-1.039 ,-1.7477,-1.296 ,-1.1179, 1.3107,-2.9139,-0.0057,-0.1382,-1.8421,-1.4373, 2.38  ,-0.3969, 0.404 ,-0.4903]
[-4.9531, 0.0667, 0.3211,-0.7515, 2.8009,-2.4498, 0.1291, 0.7466, 1.5481,-2.0886, 2.014 ,-0.8795, 3.1124, 0.612 ,-0.0934, 2.6121, 1.0389, 2.5084, 1.2522, 1.3886]
[ 2.1212,-2.5511,-0.7107,-2.7381, 2.5004, 1.8995,-1.1381, 1.5856,-1.7715,-1.5607,-1.7891, 1.6392,-1.9386, 0.0918,-0.5023, 1.1253, 1.4931,-2.0451, 1.9717,-2.7737]
[-2.206 , 3.9554, 0.8421, 1.3256, 1.3038,-2.9129,-0.0278,-2.0443, 1.4117, 0.3256,-1.6662, 1.7354, 1.8313,-2.107 , 2.3857, 2.5179,-0.8686, 0.6805,-2.2581,-0.0955]
[-3.5788, 0.6691, 4.0784, 2.3678,-1.7011,-0.5437, 2.2294,-1.7427, 0.3811,-0.6826, 1.5924, 2.8289, 0.5289, 2.0348,-0.6896,-1.0888, 0.3165, 2.7619,-1.3605,-0.3035]
[ 2.5641, 5.0144, 0.2215,-2.6993, 2.201 ,-2.2503,-1.8981, 1.4453, 3.0245,-2.0915,-0.3645,-2.5365, 1.9685, 3.097 , 0.6342, 2.4808,-2.8953,-3.1396, 0.9621,-0.2799]
[-3.8161, 3.8883,-4.2444, 0.3029,-0.8491,-1.7881,-0.3538, 2.4065, 0.5895, 2.3356,-2.0014,-1.7142, 1.0065,-0.3535, 2.9926, 1.1908, 1.9882,-0.7546,-0.3216, 0.4952]
