[ 2.78  , 4.8998, 0.6298,-1.3669, 2.9345,-1.9168, 1.3272, 0.0527,-1.7039,-2.2998,-2.7639,-1.9228, 3.0845, 1.8877, 2.5801, 2.2077, 2.7999, 0.1961, 0.6732,-0.3465,-2.0232, 3.0478,-2.8576, 0.2113,-0.2424]
[-4.9852,-1.7558, 4.6575, 0.4234, 2.7653,-2.6474, 0.1459, 1.2507,-2.8436,-1.9361,-2.4204,-1.2953, 2.8494,-1.7072,-2.4967, 0.8041, 1.0795,-1.0751,-3.0459,-0.7818, 2.5416, 2.9489,-2.4925,-1.1757, 0.6898]
[-1.3376, 0.347 , 3.5811,-0.8014,-2.6311,-1.2274, 0.4137,-0.7111,-0.9407, 2.4878,-2.6281, 2.3333,-2.2844,-0.6695, 2.4122, 2.8346, 2.5538,-1.233 ,-0.5278,-1.0283,-1.4164, 2.7985,-1.7615, 1.0088,-2.6069]
[-0.2133,-4.9298,-2.7457, 0.4937, 2.5207,-2.1589, 1.9233, 3.0637,-0.0304,-3.0874, 0.983 ,-2.2605,-1.9988,-0.4743, 1.3047, 0.3549,-1.6532, 0.4682, 1.5363,-2.0472, 0.4061,-3.0751, 2.4294, 0.7577, 0.0928]
[ 3.0832, 3.0062, 2.5437,-0.526 ,-0.4319, 0.1045,-1.5944,-0.4944,-0.8311, 3.0516, 0.7586, 2.4003, 2.9902,-0.8664,-2.0598, 3.0714,-2.106 , 1.9142, 1.0428, 0.7572, 1.5046,-0.1744, 1.5334, 0.2464,-2.3983]
[ 2.2946,-0.3406, 1.1291,-0.113 ,-2.5514, 0.6958, 1.328 ,-2.1701, 1.4281,-1.1741, 1.9209, 1.5588,-1.3665,-0.3961, 0.6221,-0.4518, 1.5813, 1.9716, 2.8904, 1.5312,-1.3841,-2.7783, 2.8031, 0.3564,-2.6507]
[-3.0538, 2.312 , 1.7858,-0.8196, 0.3119, 1.2717,-2.2879,-2.8378, 0.1231,-2.2973, 2.5933, 2.2611, 2.1199,-2.3003,-0.9184,-1.5214, 1.3194,-2.2703, 2.5892,-2.0408,-0.7446,-1.0449, 0.3951, 1.206 ,-2.0215]
[ 3.9748,-4.4791,-4.2307,-1.1044, 2.1147,-2.9067,-0.6979, 2.9318,-2.0813, 0.8115,-2.7113,-1.4975, 2.802 , 2.3337,-1.1062,-2.0708,-2.7401,-3.0024, 0.8619, 0.6809,-2.6974,-0.1627,-2.882 , 1.922 ,-0.5714]
[-3.5131,-0.9305, 1.4004,-2.1588,-0.3141,-2.7082,-1.388 ,-1.0771,-1.6952,-3.0292, 2.0236,-2.2414,-1.9702, 0.0842,-3.0955, 0.8762,-0.3264, 1.415 , 1.4298,-0.4859, 1.0584, 0.9629,-2.1568, 0.4353,-0.2329]
[-2.4121, 2.8646,-0.0175, 2.5174, 2.545 ,-0.502 , 0.4826,-1.5992, 2.4278, 1.6186, 2.3886,-2.8703, 1.2907, 1.9954,-1.4981, 1.4565,-2.6582,-2.0174,-0.4392,-2.9516, 1.9887, 1.7193,-0.4329, 2.6666,-1.3857]
[ 3.8279,-3.9392, 0.4078, 0.3827, 3.0369,-0.2182, 0.0465,-1.852 ,-2.5621,-1.9819,-1.1568,-0.7412,-0.9957,-0.4528,-2.249 ,-1.103 ,-0.3883, 2.5305, 1.5948,-2.0992,-0.8935, 0.3685,-1.6534, 2.6503,-3.1383]
[-2.728 ,-4.2797, 0.6321, 2.7644,-1.9652,-1.1101, 2.4641,-2.0321,-0.8281, 3.0686,-2.4809, 1.939 , 2.4535, 2.3049, 1.3623, 2.7708,-1.5592, 1.6845, 2.9804, 1.9689, 0.668 ,-1.0656, 3.0205,-2.5782, 2.117 ]
[-3.3243, 1.1593,-4.4201,-1.8034,-2.984 ,-2.3326,-0.2072,-0.2272,-0.7293, 2.5798, 0.9482, 3.135 , 0.8479,-0.1159, 3.0809, 3.1041,-1.351 ,-1.0832,-1.0588,-2.9844,-0.1763,-0.1934,-0.558 , 0.0485,-0.1132]
[-4.1266, 3.1438, 5.413 , 0.6874, 1.6282,-2.7175,-1.8956, 0.7109, 1.9495, 2.2581,-0.1128,-2.7966,-1.8394,-3.1194,-0.422 ,-2.8451,-1.7267,-0.8488,-0.6084, 2.5395,-2.3225, 1.3804,-1.5282,-2.2867, 1.0273]
[-2.9341, 2.2884, 2.4897, 2.4472, 1.8247, 0.9171,-1.8961, 0.6859, 0.4985,-2.558 , 2.037 , 2.228 ,-0.2275,-1.4851, 0.4308,-0.1969, 0.6759,-2.237 , 0.2921,-2.3135,-2.6256, 1.7602,-0.7904, 3.0073, 2.1352]
[-5.1115, 5.4064, 1.1626, 1.0113, 2.5858, 1.8759, 0.5974,-1.7259, 2.5161,-1.8362,-2.0636, 0.4519,-1.3263,-2.1613,-2.399 , 1.5102,-2.7574,-1.0549,-1.4068, 3.0633,-2.8019, 2.3358,-0.3672, 1.1092,-2.3941]
[-0.3448,-4.519 ,-2.4586,-1.3716, 2.2693, 0.0958, 1.0852, 1.3818,-2.5575,-2.3896, 1.8193,-1.3908,-2.0374, 1.7101,-1.5389, 0.0813, 0.0149, 2.6379,-1.0676, 1.3065, 2.6251,-1.9097,-0.4667,-2.0206,-1.9242]
[-5.2204,-2.7017,-1.7556, 0.6933, 0.9771,-1.3511,-2.7315,-0.1462,-1.1881,-2.7209, 0.3503,-0.4136, 1.7991,-2.9493,-2.8076, 2.3668, 0.2541,-0.276 ,-2.5899, 2.9484, 1.2514,-2.6399, 1.1651, 2.8939, 0.9025]
[ 0.2775,-4.3338,-1.4142,-1.8847,-1.0491,-2.7643, 0.4471,-0.0713,-0.6261, 1.8775,-1.0494, 0.8565, 0.0412, 1.5761,-0.744 ,-0.2096,-2.7711,-0.873 , 1.045 , 1.685 , 0.6176,-0.5966, 1.4555,-1.6073, 2.8736]
[ 0.6664,-3.0269, 0.2875, 0.3638, 2.0787,-0.8729,-3.089 ,-1.369 , 1.9018, 3.1393,-2.8335,-2.6675, 0.0346,-2.7601, 0.9744,-1.9825, 0.2306, 2.1039, 0.4346,-1.467 , 1.8529,-3.0391, 1.5497,-1.3078, 1.7908]
[-3.205 , 3.5714, 0.9504,-1.343 , 0.5684,-2.2846, 0.8707, 1.4596,-2.2849, 0.8215, 1.1064, 1.7362,-2.6466, 0.4541,-2.3895, 0.1068, 0.5649, 0.4406, 0.6574, 1.823 , 1.0596, 0.3836, 2.4741, 0.0527, 0.6538]
[ 4.4227, 1.5923, 1.9485, 1.4681,-3.1218,-2.3075,-2.9395, 3.0316, 1.7963,-2.315 ,-1.4154, 0.4195,-1.0915,-2.7209, 0.1321, 1.0013, 0.1254,-2.8972,-3.0158,-0.9438, 0.2933, 3.0624, 1.1447, 0.1032, 2.6178]
[ 1.2992, 0.3684,-0.6582,-1.7874,-2.0859,-1.3547, 0.5326, 2.0453, 2.0382,-1.3807,-1.7897, 1.6144,-3.1124,-0.5142, 1.5217,-0.7577, 1.1217,-0.7504,-2.8231, 2.8183,-2.6342,-1.8837,-2.4541,-2.0386,-2.928 ]
[-1.0918, 0.6051,-1.7322, 0.1016, 0.0622, 2.96  ,-1.6779, 1.9272, 0.0527, 2.1775,-0.3702,-2.3123,-3.0598, 3.0512,-2.4789, 0.6368, 0.6334,-1.0494,-0.1517,-1.199 , 2.162 ,-0.4322,-2.237 ,-1.3529, 0.1147]
[ 2.506 , 4.895 ,-2.8422,-2.7534, 1.5106,-0.3272, 1.857 ,-2.1594, 2.7193, 2.3402, 0.6941, 2.0527,-0.0878,-2.2227, 1.4358, 3.1021,-0.5645, 0.7243, 2.968 ,-0.7422, 0.5922, 1.5939,-1.3188,-1.1486,-0.6641]
[ 1.8671, 4.7798, 2.0853, 0.3159,-2.0579,-2.7563, 2.3866, 1.7717,-1.3477, 0.1608, 1.6013,-1.6122, 2.3676,-0.9316, 0.5886,-2.0073, 0.2634, 2.4428,-3.0427, 2.4848, 1.7698, 3.0163, 1.5077,-0.9535, 2.7717]
[-0.9355, 4.0824, 1.973 , 1.5495, 1.0244,-1.0314, 1.9346,-1.7715,-2.4788, 1.0897,-1.2941, 0.4782,-0.3076,-0.3765, 0.2662, 2.4473,-0.382 , 0.4012,-1.2203, 0.1677, 2.646 ,-0.9251, 3.041 ,-0.5684,-1.1623]
[ 0.482 ,-4.8944, 2.2321,-1.184 ,-1.5677, 3.1168,-1.7277,-2.4498, 3.115 ,-2.0649, 2.887 , 3.0229,-3.0358,-0.9348, 2.9946,-0.098 , 0.8655,-1.4401,-2.0529, 1.0729, 0.8885,-1.6799,-0.6635, 0.4607,-0.5857]
[ 3.0107,-0.1484,-2.6567,-1.4412, 2.7012,-1.2297, 1.116 , 1.5287, 2.9829, 1.6921,-0.7884,-0.8505, 2.8627,-2.9443, 1.9715,-0.2739,-1.8894,-2.8312,-1.7053, 0.8638,-2.8384, 2.6049,-1.4787, 1.509 , 1.3404]
[-4.1005, 2.1475,-5.4035, 0.518 ,-0.1426,-2.9373,-2.6738, 2.3533, 1.9523, 1.0256, 2.9646, 2.6481, 0.4288,-0.4726,-2.3442,-2.86  , 2.857 , 2.8771,-3.0041,-2.774 , 0.29  , 2.6674, 2.4021, 0.4824, 2.0121]
[-1.6654, 1.1964, 0.3401, 2.8669,-2.0088, 0.8699, 1.0782,-0.5357,-1.6394, 1.6145, 0.315 , 1.9993,-0.0331,-1.0051,-1.6723, 0.2293,-2.6024,-2.5158,-2.5307,-0.4732,-1.8786, 0.193 , 2.455 , 2.0874,-3.0615]
[ 4.5964, 4.3644,-4.3246, 0.0919,-2.9446,-1.1767,-0.4067, 1.9412, 2.2752, 2.2523, 2.7172, 1.8059, 1.3428,-1.5326, 0.4494,-2.805 ,-2.6966, 0.9019, 0.8272,-1.3228, 1.    ,-1.8896,-3.0996, 1.559 , 0.4078]
[-3.2581e+00, 1.7027e+00, 4.3820e+00, 1.3684e+00, 2.8732e+00, 8.3663e-01,-2.7088e-01, 2.3040e+00,-3.0932e+00, 2.2799e+00,-1.4144e+00, 1.9045e+00,-1.7753e+00,-1.1206e+00,-4.6825e-01,-7.5108e-01, 2.4465e+00,-1.2000e+00, 3.3233e-01,-2.8477e+00,-2.5851e+00,-1.3087e+00,-2.1619e-03, 2.7089e+00,-1.5718e+00]
[ 2.6355,-1.6858,-1.6748,-0.241 , 0.1988,-0.6245,-0.5949, 2.3575, 1.2416, 2.9785,-1.7785, 0.4483, 3.0229, 0.9073, 0.2939,-1.617 ,-1.3252,-1.6359, 1.4612, 2.947 ,-2.0772, 0.9123,-0.1354,-3.1294,-1.5043]
[ 2.0177,-5.0281,-4.7718,-2.0154, 3.1096,-2.4991, 1.7725,-1.404 , 2.6407, 2.8314, 2.1492, 2.7424,-1.7418, 2.4975, 2.1315,-0.6073, 2.8042,-2.6902, 1.7279, 2.4129,-1.0686,-1.8713,-1.9323,-1.6688,-0.0842]
[-3.6021,-1.8992, 2.43  ,-3.119 , 0.0516,-2.4826,-2.891 ,-1.9859, 0.1938, 2.7326,-1.9902,-2.477 , 1.6302,-0.0169, 0.4299, 0.9888,-1.9037, 1.219 , 3.0154,-0.3021, 0.3187, 3.0762,-0.8489,-2.2871,-2.4077]
[ 2.3605, 4.5936, 2.1748,-0.4398,-0.1944, 2.2018, 1.4541, 2.0891, 1.5152, 2.7217,-0.1266,-1.6572,-1.4882, 0.4371,-0.8297,-1.9837, 0.2239, 0.9748, 0.5533,-0.0109, 2.6481, 0.97  ,-1.6012, 2.3494,-1.6986]
[-1.8851, 3.9238, 0.0691, 1.9947,-1.6965, 1.9426, 1.7879, 2.2239, 0.1006,-0.5094, 1.6053, 0.3278,-0.6594, 0.5368,-2.2351, 2.2427,-1.309 ,-0.6609, 2.3479, 0.8205, 2.1416,-1.4277,-2.1436,-0.252 , 0.2419]
[ 5.1385,-5.2171, 0.0892, 2.688 ,-2.778 , 2.945 , 0.1473,-1.5146, 2.7945,-2.6145, 0.1175, 1.3622, 1.3687, 1.0411,-3.0369, 0.5199, 2.3597, 0.3605,-2.8674, 0.2629,-1.072 ,-1.4189,-1.4393,-1.9598, 0.6152]
[ 1.5997,-0.8719, 4.547 , 2.1696, 0.9745, 2.0105, 0.7734, 1.2534,-2.716 , 1.9905,-2.1322, 1.4406,-1.8578, 2.1519, 0.2499, 1.8317,-2.9636, 0.5922,-2.1756, 2.3967, 1.8807,-2.9895,-2.9171,-0.9659,-2.3014]
[-0.1614, 3.6626,-1.395 ,-0.5237, 2.8573, 2.3935,-1.0179,-2.9855, 0.5074, 2.9628,-0.9123, 0.9423, 0.8383,-1.9654,-1.9548,-2.3252, 0.8385,-0.6076,-2.8231, 0.6792, 0.0812,-1.766 , 2.2331, 1.254 , 2.0609]
[ 4.2152,-5.0148,-0.7055, 2.2702, 2.4637, 2.661 , 0.3172,-0.8897,-3.0294, 0.9972,-2.8444,-2.5022,-1.152 , 2.8851, 2.6926,-1.827 , 0.4077,-0.2953,-2.5567,-0.6507,-3.126 ,-0.5148,-2.5624, 1.4088,-2.1064]
[-3.1462,-0.8125,-4.717 ,-0.3379, 1.1262,-2.8345, 2.7499, 3.0338, 1.1215, 0.4011, 2.8375, 1.7134,-2.7643,-1.7798, 1.1605, 0.4819, 0.2194,-2.9228,-1.7428, 2.9245,-1.4134,-2.274 , 1.393 , 0.0492, 1.2714]
[ 1.4823,-4.1594,-2.9996, 0.6105, 2.0205, 0.1299,-0.3138,-1.0157, 0.8514, 1.5798, 3.067 ,-3.1276,-1.1031,-0.0766,-2.3585, 0.7663, 0.2662, 2.2227,-0.5492, 2.773 , 0.0732,-0.2806,-0.4246, 1.7285, 2.7609]
[ 1.6518,-2.5771, 5.1567, 2.0961,-3.0345, 0.2972,-2.6694,-2.8531,-1.0784, 3.0391, 1.4438, 2.3666,-0.3062, 1.1084, 2.4188, 2.9953,-0.5223,-1.7863, 0.0257, 0.1658,-2.5093,-1.4153, 1.4875,-2.9379, 1.6347]
[-3.4175, 2.8299,-4.1466, 0.1077, 0.2147,-0.39  , 2.8467, 1.9662, 1.0225, 1.9513,-2.9991,-1.0197, 1.6633, 2.9717,-0.045 ,-0.0312,-0.7849,-0.7089,-1.909 ,-0.5121,-2.8617,-1.0136, 1.3842, 2.3832,-1.5607]
[-2.5731e+00,-4.8201e+00, 5.4766e+00,-2.9083e+00, 2.0922e+00,-2.0795e+00,-1.7511e+00,-1.8858e-01,-5.3536e-01,-4.0431e-03, 1.1532e-01, 2.0560e+00, 1.4314e+00,-2.8989e+00, 2.2876e+00,-1.9660e+00,-5.6887e-01,-2.0157e+00, 1.7778e+00,-2.7050e+00, 4.1811e-01, 2.4085e+00,-7.5767e-02, 1.7627e+00,-2.7875e+00]
[ 5.2361,-4.9669,-4.6183,-2.9353,-1.1422, 1.7334,-0.4491, 1.4058,-0.0511, 2.041 , 0.6396,-0.3959, 0.6699, 0.592 , 1.3368, 3.0699, 0.1609,-0.4191,-1.2922, 1.3408, 2.5754, 0.9805,-2.052 , 2.0745,-2.1591]
[-2.15  , 1.3144, 4.3427, 1.4396,-1.0414, 1.5761, 0.1248,-1.1259,-1.2409,-1.4595,-2.9772,-3.1414,-0.3261,-2.6169,-0.0988, 2.985 , 0.4422,-2.688 , 0.9488, 1.9047, 1.7875,-2.2912,-2.4969,-1.5866, 2.8563]
[-3.7233e+00, 4.7227e+00,-1.6958e+00,-1.4287e+00,-2.6368e+00, 1.4005e+00,-2.8912e-01, 2.9959e+00,-1.4372e-03,-1.9029e+00, 9.1886e-01, 1.8510e+00, 1.5201e+00, 2.3865e+00,-1.1151e+00, 1.0251e+00,-2.6812e+00,-4.6881e-01, 2.7742e+00,-2.3539e+00,-1.4957e+00, 1.6165e+00,-2.3192e-02,-2.1807e+00,-4.3473e-01]
[-0.4397,-1.6959,-1.1596, 2.0203,-0.5179, 2.0258, 0.0217,-0.4109,-1.6597,-2.1482, 3.1045,-1.626 ,-0.2562, 1.0571, 1.8387,-2.6207,-3.0057, 1.7888, 1.7416, 2.4912,-1.0913,-2.6389, 1.3   ,-1.0674,-2.1439]
[ 2.8759, 4.9904, 4.3863,-2.1426, 3.0415,-1.6485,-1.367 , 2.7451, 2.0199,-1.9799, 1.3429,-2.5258, 2.0123,-2.2626, 0.0884,-2.8671,-1.9121,-1.3986, 0.4963,-0.8833, 0.5358, 2.2839, 1.2001,-0.7488, 0.4377]
[-4.0829, 4.7314, 3.2944, 2.3195,-0.9924,-2.0229,-2.011 ,-0.3506, 0.7205, 2.9478, 2.4735,-1.6584, 2.1944,-0.9001,-2.0942,-1.7764,-2.4771, 1.6772,-1.3466, 1.9218, 0.1555, 1.5371,-0.8783,-0.715 ,-0.5093]
[-1.7379,-0.2519, 4.9003,-1.8094,-0.0066, 2.2277, 2.729 ,-0.3611,-1.2442, 2.8284,-1.869 ,-0.3547, 2.8415,-2.3044, 1.5222,-2.4168, 0.7403, 1.3889, 0.2822,-1.9975,-0.3432,-1.4184,-0.5012, 1.9232,-0.6512]
[ 1.9255, 2.5265, 5.126 , 1.936 ,-1.6049, 1.3957,-2.0808, 0.4584,-2.1646, 0.7227, 1.68  ,-2.7839,-1.0806,-1.2176,-1.4119,-2.642 , 1.8759,-0.7513, 1.1093, 2.5736, 0.7117, 0.1471, 1.1612, 1.6771,-0.3346]
[-0.586 ,-0.97  , 0.4437,-0.1188,-2.2195,-1.4934, 1.335 , 2.5533, 0.6238,-1.8275,-2.66  ,-0.8686, 3.0391,-2.5108,-1.4807, 1.5447, 1.7315, 1.4835, 0.502 ,-0.2058, 0.7952,-2.5648, 1.0707,-0.8208,-2.7558]
[ 3.9104,-0.0998,-3.5624,-0.6391,-0.5487,-1.9876,-1.1392, 2.3825, 3.1175, 1.7087,-1.2712,-2.2138,-1.9866, 1.0236, 1.5005,-0.2097,-2.1618,-3.1128,-1.0435,-1.9172,-0.4948,-0.9813,-2.6143, 1.752 ,-2.7178]
[ 2.2372, 3.8295,-3.282 ,-0.6879,-2.4545,-0.5142, 2.6421,-0.5449,-3.075 , 3.1156,-1.8821, 2.3307,-0.785 ,-0.4864,-1.6516,-0.8634,-2.3189,-2.1234,-2.501 , 0.1977, 0.3375,-2.0178, 0.5399,-0.6543, 1.0127]
[ 3.2153,-1.3897, 1.9161,-1.2496, 2.275 ,-0.9041,-3.0455,-0.5695, 0.2386, 1.6518, 1.9064,-2.9152,-0.1309, 0.7862, 1.3211, 2.415 ,-2.6814,-0.9963, 1.6707, 0.3762, 0.5265,-0.7518,-1.9572,-2.5163, 2.2918]
[ 3.995 , 1.58  ,-4.0412, 0.4255, 2.3364,-1.8627,-0.3796, 2.627 ,-1.6295,-0.6802,-0.3   ,-0.728 ,-2.9502,-1.1134, 2.5397, 2.653 , 0.9017, 2.1086, 1.1705, 0.7696,-1.7652, 0.3871, 1.7053, 2.7015,-0.3417]
[-0.8847,-3.251 , 1.1062, 2.2539, 2.9772,-1.1233, 2.8497,-0.7707,-0.3454, 2.6593,-2.7235,-2.9618, 2.1099, 0.9813, 0.7017,-1.9703,-1.9315,-2.2872, 1.7744, 2.2068, 2.6691,-2.4426,-2.6549,-1.5931, 0.0274]
[ 2.193 , 3.5202, 4.4016,-0.9765,-2.3904, 3.0899, 1.0753,-1.7927, 2.3978, 3.119 ,-1.8152, 1.0396,-1.0119,-1.4926, 1.7962,-0.7993, 1.4573,-2.4374, 1.5438,-1.0266, 0.0952,-2.8394, 3.012 ,-2.9008, 1.3635]
[ 5.1794, 1.5717, 0.0842,-1.869 ,-0.5598,-2.0629, 0.2299, 2.6964,-0.9062, 1.3416, 2.547 ,-0.1979, 1.8495, 2.1721, 1.5235, 1.7181,-2.5452, 2.7618,-2.5872,-0.7599,-2.8887,-2.2524,-0.6316, 0.0073,-2.2445]
[-4.8947,-4.6665,-1.3058,-2.4637, 0.1207,-1.5532,-0.1345, 0.2541, 2.3593,-0.5017, 1.2812, 1.9609,-1.2749, 0.4953,-1.9223,-1.3931, 2.1463,-0.9917, 2.4542, 1.746 ,-0.7478, 3.093 ,-0.1361,-1.737 ,-2.9251]
[ 1.9381,-2.1956,-3.0369, 2.97  , 1.258 , 0.5971, 0.3977,-1.3765, 3.1339, 2.4765,-0.0198, 3.1371,-0.6812,-1.5142, 2.6064,-1.1441,-2.7578, 0.0164, 2.9146, 2.1362,-0.3657,-2.3238, 2.6325, 2.0642,-1.666 ]
[-2.4977,-4.4354,-1.3691,-1.1531,-3.1096, 0.6727,-1.3223,-1.7152,-1.2875,-2.4375, 1.701 ,-2.36  ,-1.4063, 0.0786,-2.7028,-1.9899,-0.7806,-2.883 , 0.6184,-2.4506,-1.3365, 1.6646,-2.2473, 3.0158, 2.0675]
[-3.6723, 1.3467, 1.335 ,-0.827 ,-0.783 ,-3.0901, 0.9963, 1.286 , 2.1664, 1.2904,-2.7013,-0.4649, 2.6347,-1.5913, 2.5407,-0.275 , 1.9893, 2.4329, 0.85  , 2.8825, 1.049 ,-0.0556,-2.9057, 2.6436,-0.8381]
[ 1.9842, 4.5483, 5.1947, 1.4617,-1.7803,-1.7086,-1.2966, 2.4143, 0.8611,-1.3748,-1.0386, 1.269 , 1.4314, 1.6416,-0.1775, 2.495 ,-0.7978,-1.1484, 0.9095, 0.5856,-1.3507,-0.949 ,-1.3445, 0.1292, 2.2484]
[-4.5667,-4.8171, 0.2375,-0.8107, 2.6533,-3.1326, 0.0509, 1.2196,-0.8736, 0.3574,-0.2728, 3.0939, 1.7553, 2.5809,-1.2278, 0.0584,-0.3002, 2.1159, 2.9649, 1.8992,-0.0091,-2.121 , 0.0643,-0.8777,-2.4082]
[ 3.6128, 3.8947,-4.4306,-1.0931, 3.1342,-1.5082,-0.5086, 1.5541,-1.4716, 2.3149, 2.5419,-2.3198,-2.7628,-1.2245, 2.2969,-2.5318, 0.279 , 2.1263,-0.3793,-3.0113,-2.7563, 0.3869,-3.0873,-2.703 ,-2.5535]
[-3.7022, 1.9242, 2.8694,-1.0011, 1.8418,-1.2703, 1.7451, 0.3414, 2.8476,-2.3545, 0.8094,-2.7286,-0.0601, 1.5354, 2.8591,-0.9418,-1.0237,-2.7895, 0.4594, 1.6997,-0.7167,-2.9701,-2.7614,-0.5819,-0.133 ]
[ 3.2754,-2.8415,-5.3335, 2.8849, 1.9739,-0.9579, 0.1895, 2.1602,-1.7497, 2.5231,-1.8631, 1.663 ,-3.0146,-1.8406,-0.9654, 1.1897, 0.8843, 2.8971,-0.8831, 2.4775, 1.3172,-0.0347, 0.3909,-2.4179,-1.7439]
[-4.8454, 2.4261,-2.8009,-0.4546,-1.7977,-0.2333, 2.7662,-3.1301,-0.0358,-1.3128, 2.9127,-1.1959, 2.3531,-1.4935, 1.4578,-2.0481,-1.0204, 2.9511, 2.0863, 2.8455, 0.1425, 2.6585, 1.6282,-0.6141,-2.7891]
[-3.3486,-3.2182,-2.5823, 0.8616, 0.6037,-1.0651,-1.7994,-0.244 , 2.0511,-1.5211, 2.529 , 1.7727, 2.7597, 2.6053, 1.6136,-2.6537,-0.7714, 1.3101, 1.0248,-2.8671, 0.4155, 2.0921, 0.1992,-2.0631,-2.5006]
[-0.6626,-2.0805,-2.7364, 3.0544,-0.1928,-2.6877,-1.4923, 1.7275,-0.0498, 1.8951, 1.7285,-2.9358, 2.375 ,-2.8336,-0.4811,-2.5373, 0.0207,-0.915 ,-1.1799, 0.8373, 2.8188, 0.5809,-0.3269, 1.5546, 1.9539]
[-2.6075e+00, 3.2627e-01,-3.1954e+00, 1.1217e+00, 1.5274e+00, 1.3474e+00,-1.7215e+00, 1.9887e+00,-2.3163e+00,-2.6637e+00,-9.4843e-01, 7.7774e-01, 1.6679e+00, 1.7022e+00,-1.7134e+00,-1.0016e+00,-9.7572e-01,-1.4277e+00,-7.4143e-01, 2.8612e+00,-1.9526e+00,-1.9595e-03,-2.6722e+00,-4.7915e-01, 2.6968e+00]
[ 5.2969, 5.0859, 3.4307, 1.7539,-0.5885,-2.2144, 0.9477, 0.6005,-1.1152,-2.1379, 1.3815,-1.0512, 2.5353,-0.5636,-2.3411, 0.7114,-0.212 , 0.257 ,-0.2354, 2.1463, 0.8737, 0.7356, 1.1683, 2.4942,-2.0117]
[-3.4647, 2.6576, 2.6922,-1.6606,-2.4141,-1.8076, 0.7415, 1.5056,-0.3274, 3.1411, 3.019 , 2.8562, 0.9887,-1.7913,-3.0556, 0.4865,-1.6668, 0.6715, 0.1907, 2.2261, 0.4194,-0.1725, 2.9754, 0.0997,-0.1261]
[-1.8807,-2.8952,-3.5681,-0.6303, 1.2243,-2.2694, 1.3593,-0.8547, 1.4784, 1.6865,-1.6622, 0.8218,-0.0895, 1.375 ,-2.7945,-0.1307,-1.8609, 1.2973, 1.157 ,-0.0584, 2.8335, 2.8016, 0.7429,-0.6649,-1.855 ]
[ 5.4554e+00, 1.3371e-01,-3.8375e+00,-2.6866e-01, 7.0566e-01, 1.8022e-02, 2.4179e+00, 3.0862e+00,-2.8683e+00,-1.5475e+00, 1.1806e-01,-1.5071e+00,-2.1321e+00, 1.1545e+00, 4.0485e-01,-2.9880e+00,-4.4470e-03,-3.4080e-02, 1.3945e+00,-2.5552e+00,-8.5004e-01, 4.3910e-01,-1.0561e+00, 2.8329e+00, 2.4994e+00]
[-3.6251e+00,-1.3024e+00, 2.9837e+00, 5.8366e-01, 1.6087e+00, 3.1113e-01,-2.8177e+00, 2.1442e+00,-1.8546e-03,-1.7509e+00,-2.0983e+00,-1.3237e+00, 4.3858e-01, 1.6309e+00, 3.0216e+00,-1.5374e+00, 5.6057e-01, 6.0981e-01, 1.0685e+00, 9.7367e-01, 4.8519e-01,-3.0836e+00, 8.1956e-01, 1.2102e+00,-1.2434e+00]
[ 3.8911,-3.5651,-3.2126,-1.8881, 1.1254,-1.64  , 2.3317, 1.5531,-2.4441, 2.7238,-1.3628, 2.7981, 0.7348, 0.1328, 1.3995,-0.3737, 3.1209,-2.1838,-1.2944,-1.6082,-2.43  ,-0.2777, 1.7885,-0.5953, 1.739 ]
[ 3.772 ,-0.7299,-0.3983,-0.5005, 2.6937,-1.7288,-2.6375, 2.696 , 0.3724, 2.3781,-2.6308,-3.062 , 2.596 ,-3.0668,-3.095 , 2.0409,-0.0851, 2.9092,-2.7065,-0.4875,-1.6159, 0.2961,-1.5045, 3.1208,-0.9152]
[ 5.2762, 2.2731, 5.4095,-0.9397,-1.9871, 0.0664, 0.0611, 1.7137, 3.0803,-0.8783, 2.2132,-1.9455,-1.7665, 0.0653, 1.9627, 1.6197,-0.6537,-2.3091,-0.0667,-1.7979, 2.0376,-1.3845,-1.0861,-2.3789,-3.0078]
[-3.3433,-3.8325, 4.4749, 2.623 ,-0.1467,-1.0401,-1.3461, 1.1667,-2.899 ,-0.0916, 0.3345,-2.4654,-1.4066,-0.7035, 1.3146, 0.3714, 1.6168, 2.3825, 1.3005, 2.7121, 1.2493, 3.0423, 1.7066,-1.1655,-1.9446]
[ 4.8257, 2.4086, 5.2946,-2.4866,-2.8369, 2.808 , 0.3394,-1.7292, 0.0513,-0.294 , 1.0791, 1.0791,-0.922 , 2.3107, 2.1413, 1.7729, 1.1115, 0.0738, 0.6899,-0.7664,-2.8761,-0.3932, 1.5097,-1.2105, 2.5436]
[ 4.6382, 3.496 ,-3.274 , 3.097 , 1.9317,-1.541 ,-2.0078, 0.2422,-1.705 ,-2.5865, 3.1157,-2.6779, 1.4269, 0.8887,-2.6493,-0.9031,-2.0448,-1.6226,-2.6686,-0.6257,-2.5772, 2.1899,-2.1715,-1.2297, 0.1429]
[ 0.8242,-1.502 , 2.879 ,-0.2559, 0.1138,-1.2795,-2.3213,-0.2829, 2.0551, 0.7988, 3.031 ,-0.1122,-0.2387, 3.1172, 0.0745,-2.6471, 2.3739,-2.3995,-0.863 , 0.6894,-0.2875, 0.7885,-2.6683,-2.6588,-2.8029]
[-4.3055, 2.096 ,-5.0084,-2.173 , 1.3796,-1.2011,-0.1056,-0.6799, 1.9146, 1.5712, 2.7372, 1.1567,-1.9959,-2.3579, 1.4338, 0.4649, 2.1446,-2.394 ,-0.3475,-2.8193, 1.2752,-0.6448,-0.6552,-0.9384, 2.8955]
[-5.3767, 1.7982,-2.3271, 2.8252,-2.5989,-2.4799, 1.4637, 3.1136, 0.787 ,-3.0297, 1.3667, 1.4206, 0.649 ,-0.7387,-3.0042, 0.2523,-1.5826,-1.0064, 0.836 , 2.4538, 1.2225,-2.8576, 0.6513, 0.7466, 0.5284]
[-3.993 , 3.233 , 0.8751, 2.7911,-2.8559,-1.9257, 0.6252, 2.4385,-2.5362,-2.0094, 2.1472, 0.1198,-2.5079,-0.8309,-0.4514, 0.4453,-2.475 , 1.8889,-2.185 , 2.6554, 0.6012,-1.1365, 1.1646, 2.4716, 2.5951]
[-0.5215, 5.1546,-0.0473, 2.1723, 2.7274, 1.3002,-1.6001, 3.0628, 3.0188,-1.5218, 0.507 , 0.2372,-2.8462, 1.8495, 2.6514, 2.2869, 2.5157, 3.0379,-0.6744,-2.3133, 0.7426, 1.2927, 1.2786,-1.8291, 0.5649]
[ 4.0377,-4.9623, 1.6725, 3.0352, 1.2756, 0.3138,-2.0714, 0.0817,-0.4408,-2.3277, 1.5701, 0.415 , 2.2356,-1.1532,-0.1997, 0.1045,-1.678 ,-1.8776,-2.277 , 2.3427, 2.4719, 1.4085,-0.8041,-2.1132,-1.0653]
[ 3.3277,-1.439 ,-4.9743, 1.7409,-1.0352,-0.7714, 0.9166, 2.6149, 1.6424, 1.9542, 2.7244, 2.8975, 3.022 , 0.4833,-2.5577, 2.6945,-2.6213,-1.2934, 2.1208,-0.9156,-0.4231, 3.0203, 1.9204,-3.1133, 2.5141]
[ 0.0871, 1.7651,-0.5387,-1.5469,-0.3879, 0.6622, 0.1778,-2.4452,-0.8918, 0.9992, 0.4845, 0.5722,-0.1947, 2.3489, 0.1038, 3.0504,-3.0678, 0.7626,-0.0694,-2.8598,-2.5889,-2.9727,-2.2719,-1.6833, 2.3663]
[-3.1159, 1.0452,-2.9925,-1.4063,-1.5124, 2.9294, 2.2595,-0.2532, 2.3899,-0.6402,-0.9024, 3.0389,-1.1514,-2.8116,-2.3135,-0.8523,-1.8916,-0.943 ,-2.3636,-1.6958, 0.2207, 1.2205, 0.1665, 0.7782, 1.1509]
[ 5.339 , 3.6478,-4.0652,-0.5267, 3.0574,-1.7419,-0.3538, 0.1274,-0.6755,-0.8373, 3.1147,-0.0387,-1.9698, 0.4206,-2.7093, 2.988 , 1.1973,-0.5269,-0.8758,-0.183 , 0.7576, 1.6088,-2.0853,-1.5968,-0.6975]
[-3.8257,-3.4156,-0.1631,-0.0357, 0.9408, 2.7567, 2.5847,-1.1874, 1.4552, 0.2596,-0.3804,-2.2416,-3.0341, 2.9812,-0.3806,-1.249 ,-0.9945,-0.9757,-0.6652,-2.6602, 1.5038, 1.2404, 1.1458, 1.1777,-1.0314]
[-3.5531,-1.592 ,-1.6581,-0.2541,-1.1141, 2.5075,-0.9682,-2.6866, 0.4609,-1.4139,-1.8121,-0.706 ,-0.3303,-2.2251,-0.4534,-1.3751, 0.0191, 0.1519,-0.2519,-0.0205,-1.1594,-0.2379,-1.0847,-0.5672, 2.0479]
[-1.3128,-2.4511, 3.1733, 0.832 , 1.9329, 0.7029, 1.5607, 1.2807,-0.8784, 1.151 ,-2.4768, 1.115 , 0.3888, 0.8879,-1.7822, 2.6206, 0.4574,-1.4248, 0.7145,-1.6397, 1.0822, 2.2593, 0.4421,-1.0747, 1.3201]
