[ 0.9872,-5.2895, 3.0651, 0.084 , 0.6545, 1.4725,-2.1385,-2.2979, 0.9698,-2.4898, 1.8676,-1.5909,-2.0137, 3.1178, 2.2649, 1.6267,-3.104 ,-2.9951, 0.8718,-0.0143]
[-0.0373,-1.9684, 1.2852,-1.0803,-0.3202, 0.9661, 1.0806, 0.7611,-1.212 ,-1.6426,-0.5456, 0.367 , 0.1847,-0.305 , 2.0789,-0.8311,-1.4204,-1.5364,-0.5816,-1.3413]
[-3.4043, 0.2741,-1.2055,-2.8254,-1.7712, 1.5432, 0.8141, 2.9587, 1.8781, 2.7457, 0.8188,-2.554 ,-2.0485, 0.8513,-0.804 , 1.5351,-0.9186,-0.3659,-1.6788, 1.3753]
[-1.2815,-2.3176,-1.2427, 1.2883, 0.5511,-0.1122, 2.314 , 1.0006,-2.1195, 1.6746,-0.9912, 2.9027,-2.009 ,-2.8039, 0.2498, 0.6642, 1.2872, 2.3109,-2.8964, 2.041 ]
[-3.1487, 3.3015, 1.4945, 2.0129,-2.5355, 1.908 ,-0.8606, 0.913 ,-0.5771,-3.1006, 1.4039, 2.9738, 2.4918, 2.1873,-0.5472,-0.51  , 2.2334, 1.9602,-1.4825, 1.9859]
[ 2.5078, 0.6961,-5.199 , 0.7755, 2.3276,-0.1667, 2.1214, 0.066 , 3.0595,-0.3453,-0.2579, 1.7328, 0.3866,-1.5765,-0.1006, 1.3661, 1.6116, 0.5154,-0.2668, 2.7176]
[-4.0293, 0.1543, 2.3044, 2.3412, 1.4099,-0.489 ,-3.1402, 2.435 ,-2.7463, 1.0799, 0.9203,-3.1162,-1.9936,-2.9326, 0.2007, 0.6544, 1.5768, 1.7678, 1.1347, 2.6762]
[ 1.0602,-2.8091, 2.9916, 0.6295, 0.9323,-2.1842,-2.1214, 1.2848,-2.0841, 0.3462, 1.5935,-1.7616, 0.7839,-2.8264, 2.6403, 0.7829,-2.2399, 1.0743, 0.177 , 2.411 ]
[ 1.3319, 0.1203, 1.2316, 0.2421, 1.2238,-0.6002,-1.6847,-2.6073, 2.7576, 3.0219, 3.035 ,-2.2633,-0.2352,-2.7052, 0.2989,-2.2033, 2.006 , 2.0288, 1.7363, 1.8952]
[ 0.4685,-4.3835,-1.0055,-2.7466,-1.0364,-0.4141, 1.0893,-1.0052,-0.8674, 0.2175,-0.9247, 1.6466, 0.3832, 0.964 , 1.7723, 0.2274, 1.7942,-2.3467,-2.2049, 2.9896]
[-1.0784,-1.3149,-3.1279, 2.0018,-0.3417, 2.48  ,-0.7477,-1.203 , 0.6751,-0.3599,-0.3073,-2.3437, 2.7111, 3.0554, 2.281 , 2.749 , 2.74  , 0.4249,-1.5652, 0.5929]
[ 0.9818,-3.4989, 2.4673, 1.2952, 0.8955, 2.7067,-1.0751, 2.669 , 1.983 , 1.9394, 1.2538,-0.6128, 1.8777, 0.1689,-1.2424, 1.2976,-0.2463,-1.0853, 2.4406, 0.3166]
[-5.2983,-1.8454, 3.5079, 2.7706,-0.8982,-0.6379, 1.1628, 0.6188, 0.7472, 0.6012, 2.1445, 1.7949,-2.4779,-2.9452,-2.9209,-0.4333,-1.6577,-2.7352, 1.3565,-0.5556]
[ 0.3431,-4.3512, 4.8384, 0.5445, 2.553 ,-1.334 ,-2.7639, 0.568 ,-1.5252,-1.0852,-0.3151,-1.4269, 1.4506, 0.2464, 2.7399,-2.6613,-2.6532, 0.5511, 1.8217, 2.2293]
[-5.0527, 4.1136, 2.1245, 1.2489,-1.871 ,-0.155 ,-1.4182, 1.4429,-0.2143,-0.5266,-2.1149, 2.575 ,-0.3183,-0.502 , 1.8069,-1.8188, 1.4033,-0.9519,-2.4986,-2.089 ]
[-1.2235,-0.2477, 0.5611,-0.1524,-2.5894,-0.4019,-2.1244, 0.741 ,-1.9784,-2.6546,-1.3485,-1.4189,-1.8005, 2.684 ,-2.2979, 2.2275, 0.4139, 0.4973,-1.6721,-0.8218]
[-0.3907, 4.6184,-0.6738,-0.7948,-0.588 ,-0.2985, 3.0702,-0.3532,-2.2482, 0.3749, 2.0376, 2.518 , 0.1188,-2.8662,-1.9796,-2.9582,-1.0408, 3.1314,-2.8145, 0.1471]
[-4.7524,-3.429 , 2.4995, 0.0585,-0.1424,-1.9267, 1.1477, 0.0073, 2.8798,-2.0352,-2.1568,-1.4038, 1.7752,-0.0534,-0.4916, 3.0741, 2.8224,-1.289 , 1.4951,-2.6331]
[ 1.106 , 3.4149,-1.8528,-2.5579, 0.7422,-0.8663,-2.5343, 1.5709, 2.9446, 0.345 , 2.7416,-1.4269,-1.1452,-1.4091, 2.3295, 0.7677, 2.9845,-1.8312,-1.6017,-0.238 ]
[ 4.8468, 3.0605, 5.0328,-2.4764, 0.6475,-2.582 ,-0.2367, 0.1935, 1.5242, 0.4847,-0.374 ,-2.4122, 0.3408,-0.573 , 0.1748, 0.2081,-0.5012,-0.0374, 0.9013, 2.0901]
[-2.5175,-0.2383,-4.8925, 2.5519,-2.5618,-3.0972, 0.6173, 1.1566, 2.0656,-1.7894,-0.1511,-2.8679, 0.8076, 2.8449, 0.1489, 1.1331,-2.4274, 1.3155, 2.6828,-0.9602]
[ 4.0819,-5.0265,-1.1479,-0.309 ,-2.4746,-1.8811,-1.6356,-0.7562,-2.4123,-0.6612,-1.2795,-0.699 , 2.1377,-1.0201,-2.7955, 1.2734,-0.7496,-2.773 ,-0.5386,-0.5118]
[ 4.4414, 4.8373, 2.5421, 1.3237, 0.4991, 2.9439,-2.362 , 1.821 ,-2.2823, 0.8586, 0.496 , 1.7979, 0.0968, 1.4442,-1.5513, 2.3759,-1.8594,-1.5575, 0.3898, 1.3928]
[ 3.4052, 1.0587, 2.8273, 3.0205, 2.2894, 0.2567, 1.8777,-0.0252, 2.2355, 2.1033,-2.3767,-0.1675,-1.4287,-3.062 , 0.0496,-3.0439, 1.9819, 1.8849,-0.1304, 1.239 ]
[-1.0742,-1.1531, 3.6937,-1.9423,-1.8485,-2.7963, 0.3851, 1.5999,-0.3169, 1.118 , 0.2043, 2.259 ,-0.0495,-0.6261, 0.8761,-1.6133, 2.9832, 0.0177,-0.3373, 2.6544]
[ 3.9656, 1.0671, 3.115 , 1.0233,-0.1999, 2.7818, 3.0021,-0.074 ,-2.312 ,-0.714 ,-2.7607,-2.1697,-0.953 ,-0.4981,-2.4227, 2.4593,-0.5797,-0.5704,-1.5015,-1.4567]
[ 5.2633, 4.6718, 0.4061,-3.1366,-0.1352, 0.2177,-1.407 , 1.5832,-0.3885,-1.6207,-1.0901,-1.5501, 0.6967,-1.5455,-1.2166,-2.2489, 0.1186,-2.1887, 0.9263,-2.9177]
[-0.2428, 0.2487, 4.2193,-2.4273,-2.1863,-2.1069,-2.6698, 2.9162,-2.9629, 1.1423,-1.0721,-1.5379, 2.0218,-0.9517, 1.1713, 0.3023, 0.5412, 1.1433,-1.3438,-0.1374]
[-1.5256, 2.3568,-4.5758,-0.3347,-2.3299, 0.6237, 2.2609, 0.755 , 0.9044,-2.8042,-1.1063,-3.0585,-1.3904, 2.8541,-2.7119,-1.1439, 2.1355,-1.7245, 1.8206, 1.3311]
[-4.2669,-3.6623, 2.0868,-0.3033, 1.5107,-1.1857, 0.615 ,-1.1363,-3.1095,-2.1972, 1.1753, 2.2166, 2.4136,-0.7749, 0.1923,-1.9309, 2.6329, 0.6429,-1.0768,-0.2202]
[ 4.5528, 1.0884, 3.4233,-0.4368,-0.5457,-1.216 ,-0.6552,-1.9371,-0.7058,-2.8268, 0.4544, 1.2736, 0.956 ,-1.1623, 2.5057,-1.3017, 2.7356, 1.0067,-2.9531,-0.5539]
[ 1.1414, 3.9809,-5.219 ,-1.6304,-2.2568,-2.9441,-3.0276, 2.0415,-0.4537,-1.5175,-0.6645, 0.5526, 0.7379,-0.794 ,-0.3957, 2.3197, 0.0779, 2.52  , 1.5693, 2.3432]
[ 4.6434,-1.3202, 0.4875,-0.7677, 0.7768,-0.7071,-2.754 ,-0.2672, 1.2772, 1.9084, 1.9165,-1.9064, 1.2797,-0.1618,-1.9784,-2.1091, 1.8164, 2.7584, 1.1319, 1.245 ]
[-0.0178,-4.0933,-0.5295, 2.3692, 2.2162,-2.309 ,-2.1011, 1.4542,-2.9971,-0.4402, 0.907 ,-2.9227,-3.1013,-2.3059,-2.5941, 2.1562,-2.9689,-0.484 ,-1.7089,-0.755 ]
[-3.0544,-3.6886, 0.1263, 1.3984,-0.0281,-2.628 , 2.3356,-1.3356,-0.8786,-1.3567, 2.5212, 2.8875, 0.324 ,-0.4036,-0.8527,-1.5978, 0.6915, 2.5424,-1.1083,-2.456 ]
[ 1.0141,-2.6046, 1.9448,-2.1391, 0.7645,-1.907 ,-2.6667,-1.7343, 0.9515,-1.0443, 0.4235,-1.5472,-0.4021,-2.3807,-0.6656, 0.2502,-0.0117, 0.8864, 1.0272,-2.8993]
[-4.8856, 5.1058,-2.0765, 2.1426,-1.1179, 2.464 ,-1.195 ,-0.589 ,-2.6113,-2.681 , 0.1386, 3.0612,-1.0635,-1.5528,-0.4275, 1.8498,-0.6171,-0.2933, 0.1057, 2.1733]
[-0.9561,-1.8789,-3.8602, 0.0623,-3.1394, 2.9273,-2.8485,-3.0652,-0.8887,-2.6627, 2.2964, 1.2929,-0.4166,-0.0792, 2.9243,-0.9317, 2.9635, 0.3657, 0.9039,-2.2104]
[ 4.0259,-2.4634,-2.3701,-1.0342,-2.5702, 2.6979,-1.159 ,-3.0231, 2.6913,-0.9872, 2.4537,-0.8118, 1.0536,-0.685 ,-1.0114, 1.9771,-2.8898,-2.8944,-1.1728, 2.736 ]
[ 3.9317, 3.1185, 4.6147, 0.3773, 3.0918, 0.4926, 0.9918,-0.6913,-2.2658, 0.3837, 1.6039, 2.91  ,-0.6677, 1.9577, 1.2275,-0.9244,-1.9644,-1.2923,-1.9586,-0.7368]
[ 4.5976,-0.5895,-0.4444, 1.3167,-2.1086,-2.1361, 2.9648, 1.6415, 1.0727, 1.2682,-2.4004, 2.1706, 2.0752, 1.6258,-0.6023,-2.3688,-2.7458, 2.3292,-2.2959, 1.044 ]
[-3.8101,-3.658 ,-3.4047,-0.7812,-0.7126, 1.5857,-2.5405,-0.6913,-3.1049,-1.9105, 0.6336,-2.2366, 1.2821, 0.4929,-0.2383, 2.5158, 2.3711,-0.7198, 2.0242, 0.7319]
[ 4.74  ,-0.5808,-5.3315,-2.2357, 0.4486,-0.3254, 2.6014,-1.6505,-2.2352, 2.5233,-2.134 , 2.7863,-2.7904, 0.5963, 2.0211,-1.217 ,-1.8649, 3.1288,-1.777 , 1.2631]
[-4.5926, 1.4036, 1.925 , 1.6046,-2.4951,-2.3021, 2.2526,-2.5067,-0.405 ,-3.0624, 2.1249,-1.0165, 0.9985,-2.9555,-0.5696,-1.9377, 1.8756, 0.6621,-1.8617, 2.788 ]
[-0.7339,-0.2439,-0.2145,-1.8623, 1.338 , 1.4366, 0.5885,-2.5341,-2.399 ,-2.3091,-0.1207,-2.9832, 2.3567, 2.7174, 2.9399,-1.9867, 0.532 ,-3.0309, 0.4139, 1.3514]
[ 0.1362, 4.1491, 4.1297,-0.5156, 2.7278, 0.2922,-1.35  , 1.0696,-1.5238, 2.5621, 3.1018, 2.4352, 2.6274, 2.0494, 0.6574, 2.1278,-1.1869, 1.2782,-0.947 ,-2.131 ]
[-0.4856, 0.8038, 3.099 , 0.6961, 0.4092, 2.2318,-1.441 ,-2.3676,-1.483 , 1.4874,-1.7692,-0.641 ,-1.6511,-0.3837, 2.9842,-1.1262,-1.1681,-0.4014, 0.1059, 0.5309]
[-2.1404,-4.2108, 3.5092, 0.2717, 1.6813,-1.3461, 2.7928, 1.6355,-2.0723, 0.2882,-0.1708, 3.11  , 0.2661, 0.1257,-1.7583, 0.6293,-2.5233, 0.8489, 1.1282,-2.9935]
[-4.4592, 5.0329, 4.6772,-0.8098,-0.6905, 0.4525, 2.2072, 2.302 ,-1.2141,-2.8833,-1.094 , 2.0497,-2.5625,-2.2677, 2.6572,-0.0967, 3.1029, 1.8146, 2.4045,-1.5614]
[-2.7691,-2.7244,-4.3933,-1.6783, 0.6444, 1.5258,-0.9776,-0.0102, 1.8857, 0.9702, 2.1314, 2.7539,-0.4721,-1.9063, 0.2927,-1.1055,-0.7331,-2.1156, 0.4294,-0.4985]
[-4.9646, 3.6298,-2.3199,-2.4497,-2.3697, 0.3922, 0.9768,-1.0929, 2.759 , 0.5494, 2.4674, 0.0111, 2.1381, 2.823 , 1.0005, 1.3144, 1.6361,-1.5916,-2.1082,-0.3317]
[ 2.7381,-1.5728,-4.0382, 1.1524,-2.5968, 0.6517, 1.5395, 2.4372, 2.9596,-0.7268, 2.6031,-1.1133,-2.9139,-0.1855, 0.5156, 0.2216, 1.1175,-2.9311,-2.0561,-2.7559]
[-3.2544,-2.8431,-3.6438,-2.8819,-0.4409,-2.0188,-1.6448, 2.5388,-1.4891, 2.6643, 1.2387, 2.4683, 0.2361, 2.7322,-2.919 , 1.2023,-0.9897, 0.9695,-3.0584, 0.8297]
[-2.066 ,-4.183 ,-5.1998, 2.3728,-2.9797, 0.7479, 0.3662, 1.423 , 3.03  ,-2.4394,-2.0166, 2.4232, 2.2848,-0.1076, 1.078 ,-2.5984,-1.6188,-0.9716, 2.7161,-0.5073]
[-2.7634,-0.5603, 2.3263, 0.9516,-1.9385, 0.1128, 1.0479,-1.2362, 0.352 ,-1.8018, 0.7586,-0.8969, 1.7955, 0.7272, 3.1185,-0.4227, 2.6854,-0.7672, 1.0468, 0.4372]
[-0.1805,-3.4254, 0.1377, 2.7385, 2.4231, 1.6365, 0.8938,-2.26  , 2.1545,-2.9325, 2.5784,-2.2101,-1.7718, 3.023 , 2.9329,-0.0985,-1.4672,-2.6026, 2.2447,-2.97  ]
[ 1.3582,-3.7034,-3.5511,-0.0748, 2.2385, 1.0986, 3.0476,-1.1505, 1.8015, 0.208 , 1.2417,-2.2598, 0.6744,-0.8321, 1.7176, 1.1491, 1.8213, 2.7976,-2.8076,-0.1943]
[-0.9127,-5.2378, 2.4659,-1.9737,-1.596 , 1.0507, 1.8728,-1.5145,-2.9579,-1.0051, 0.6924, 0.5724, 3.0082, 0.1293,-1.2912,-2.7035, 2.9188,-2.2241, 2.5559,-3.0492]
[-3.2473, 4.9941, 2.7143,-2.9559,-0.2004, 0.5527,-1.5512,-1.408 , 3.0268,-2.8818,-3.0818, 1.7728,-2.0403,-0.8599, 1.9703,-0.4052,-2.7085, 1.3011, 0.0075,-1.9925]
[ 0.9731,-4.9868,-3.6603, 2.7496, 0.0346, 2.7261, 0.7057,-2.6393,-3.1011, 2.3718, 2.6235,-0.084 ,-1.4953,-0.0244,-2.2807,-2.1877, 1.4284,-2.6043, 0.5225, 0.3566]
[ 0.1356,-5.107 , 4.4261,-0.095 ,-0.8131,-3.1315, 2.3388, 2.5579, 0.1468,-0.6886,-1.3979,-2.3328,-1.8154, 0.7893, 0.2574, 0.3444, 3.0295,-2.7979, 0.6095,-2.0959]
[ 2.985 ,-0.5808,-0.0708, 0.5997, 0.8607, 1.4986,-0.4256,-0.0184,-2.9381, 1.1006,-3.0651,-0.3838, 0.6196,-0.4736,-0.3864, 2.1133, 1.1306, 1.5943, 2.6172,-0.105 ]
[ 4.7482,-5.0843, 2.2772, 1.197 , 1.4359,-2.1745,-1.8058,-0.3446, 1.4952,-2.8882,-2.8533, 0.8933,-2.5359, 0.3634,-2.1026, 2.4521,-2.2811, 0.4549,-2.975 ,-1.8571]
[-5.2119,-4.2462, 2.2013,-1.2767, 2.7283,-0.1733, 1.7177,-0.8082, 3.1081,-0.7409,-0.2957,-2.6715,-1.6112, 1.1164, 1.707 ,-1.5695,-2.7428, 0.5911, 1.6691,-1.444 ]
[-0.0254, 2.1047,-1.3734,-2.6085, 0.8681, 1.5816,-3.0099,-2.7942,-2.0777,-1.5393,-0.0416, 1.0477,-1.6621,-2.2628, 2.6868, 2.8939,-1.7702,-1.2348, 2.0278,-2.0066]
[ 3.3368,-4.1523, 0.7127, 1.4439,-2.5379, 0.7879, 1.9839, 0.4672, 3.0695,-0.8325,-2.6044, 1.7247,-0.4263, 3.0687,-1.9828, 0.2878,-2.0741,-2.0484, 1.1863, 1.851 ]
[-5.1256,-3.6628, 3.072 , 2.6878,-2.6692,-2.4919, 2.5471, 1.2205,-2.6908,-2.1636, 1.4768,-0.8783,-0.1179,-1.7492, 2.3066, 1.9662,-0.8979,-0.5502, 2.3419,-0.4876]
[ 3.0686, 0.5412,-0.5415,-2.9485,-2.9727,-0.3364,-2.9672,-0.5862, 2.1717, 2.4924, 1.6984,-2.2764, 0.7163, 2.9421,-2.6344,-2.1007,-0.6704, 0.8745, 0.641 ,-2.2063]
[ 2.3503,-1.9144,-1.2074,-1.077 ,-1.6499, 0.9888,-0.7864,-0.4898,-0.2626, 2.2899,-1.7559, 2.1861,-1.8511, 1.0687, 2.5359,-0.8968, 0.3261, 2.4261,-2.5967, 0.0705]
[-1.278 , 2.5392,-4.3673,-1.8714,-1.0916, 0.1734, 0.1387, 2.8413, 2.9714, 0.8886,-3.1032, 0.7954,-2.7654,-2.4468,-2.3059,-1.952 , 1.9369, 2.2963,-0.7474, 0.8787]
[ 3.8441,-0.2901,-3.5002, 1.1527,-0.5709,-1.2793, 2.8118,-1.0227,-0.8719, 1.4925, 1.3064, 0.4895, 0.1473, 0.1495,-2.4271,-0.5508, 2.2294, 2.1395, 2.6075,-0.3331]
[ 3.0272,-0.7209, 3.6847, 2.9418,-0.7833, 0.4844, 1.7006,-1.9149, 0.9358,-2.4594, 0.9561, 1.894 , 2.2889,-2.7064, 0.4583,-3.0192,-2.8488,-0.0885, 2.9578, 1.178 ]
[-3.8235,-5.2538, 1.744 , 2.6953,-1.0572, 0.8032, 1.4586,-0.132 , 2.6543, 0.1875, 1.2061,-0.9044, 1.0059, 2.2194,-2.5975, 2.7626,-0.8329, 1.1904, 2.508 , 2.735 ]
[ 4.6159, 3.9935,-1.8768,-1.1962,-0.2635, 2.8777, 0.7874,-0.0242, 1.1656, 2.0628,-1.1299,-2.8906, 1.4702,-1.6199,-0.9802,-0.9535, 1.2803,-2.09  ,-0.3735, 1.6023]
[ 3.1784, 5.156 , 1.8967,-0.3765, 2.3856,-1.5004,-0.6484, 0.8461, 2.0624, 1.659 , 2.5941, 0.6896, 0.3251, 2.6605,-1.262 , 0.6312, 0.6744,-0.531 , 2.3587, 2.4094]
[-5.2201,-4.4353, 2.6708,-1.1413, 2.5399,-0.2683, 0.0828, 2.7984,-3.045 ,-2.0986,-1.2174,-0.2193,-0.3514, 2.4827,-1.7074, 2.1703, 0.5673, 2.5913, 0.4429, 1.6707]
[ 3.4775,-4.8045,-0.5058, 2.5843,-1.8808,-0.7692, 1.8903, 1.1586,-1.5718, 1.857 ,-2.3897, 0.993 , 0.2907, 1.6875, 1.4554, 1.7941,-2.6593, 2.9436, 0.9331, 0.5573]
[-3.1033,-2.5665, 1.1732,-1.4911,-2.7374, 2.706 , 1.4148, 0.0097,-2.1251,-3.0629,-2.2001, 0.8582,-0.3382,-2.2521,-1.7792, 2.7802, 2.5351, 1.3114,-1.9895, 2.0987]
[-3.4778, 4.6065, 2.7913, 2.1471, 0.8604,-2.7571, 2.5658,-2.6691,-0.6888, 0.7277,-2.5088,-2.9489,-1.0582,-2.151 ,-3.1268,-2.532 , 2.6255, 1.9328, 0.7816, 2.6664]
[ 1.2136, 4.1551, 4.557 , 2.1646, 0.2397,-2.3107,-1.1242,-0.8347,-1.9722, 1.6821, 0.1744,-2.797 ,-3.0807, 1.6506, 1.9754, 1.9418,-0.4694,-1.9869, 2.9202, 2.8379]
[-3.0213, 0.8338, 3.7732,-1.1938,-1.3119,-0.9234, 0.2567, 2.187 ,-1.6339, 1.0519, 2.0053, 1.5769, 1.5696, 3.0243, 0.9664, 0.4221,-2.9029,-1.2877,-2.7529,-2.572 ]
[-1.0988, 5.2569, 3.9155,-0.3231, 1.565 ,-1.2213,-1.6138, 2.8109,-0.3965, 2.6771, 0.4647,-1.89  , 1.495 , 3.0008, 1.9434,-1.1709,-3.0727, 3.0429, 2.6247, 1.2707]
[ 1.2616,-2.6773,-1.5149,-0.4134,-2.6988,-1.2638, 2.7255, 0.8766, 1.84  , 2.0859, 2.6216,-2.4827,-2.8445,-2.8624, 2.7874,-0.1323, 0.3208, 2.8611,-0.6811, 1.1648]
[-0.4518, 1.7902,-4.2034, 0.3645, 1.1532,-1.2003,-2.2239, 1.3526, 0.2502,-1.8022, 2.2778, 0.1358, 2.8105,-0.0413, 1.6466,-1.7715, 2.2034, 1.651 , 2.8731,-1.3322]
[-5.0676,-0.8332, 1.3013,-2.5465,-2.9851, 2.3907,-3.0127, 1.5134,-1.2398,-3.022 , 2.2791,-2.7671, 0.2405,-0.9056, 2.0903,-2.3124,-0.5061,-1.6209,-0.0932, 1.1002]
[-4.8273,-5.031 ,-5.2629,-1.7515,-1.7898,-1.9216,-1.6984, 2.442 ,-2.5843, 2.0076,-2.8723,-0.4281,-1.5784, 1.1861,-2.4047, 2.4954,-1.013 ,-2.6151, 2.3145,-0.1127]
[ 3.7134,-2.3714,-1.3808, 1.4789,-1.5627,-1.6649, 2.8919, 1.355 ,-1.2078, 2.5442,-1.7273, 1.5496,-2.3265, 0.7898,-0.3906, 0.7457, 0.8497,-0.3184,-1.2763,-1.0203]
[ 1.6354, 4.6362, 1.2323,-2.5433,-0.8085, 1.0282, 2.5286,-2.0007,-2.4625, 0.4051,-1.4395,-2.2193, 0.0563, 0.9907, 1.4894,-2.9844,-3.0354,-1.5732,-0.5142,-2.9242]
[-1.2146,-1.5556,-5.2769,-2.7791, 1.0356, 1.0955, 2.2264, 0.6457,-0.7469, 0.4528,-1.7211, 1.5562,-0.7193, 0.1186,-2.4698, 0.4825,-2.3866, 2.3957,-0.2157, 0.2174]
[-1.6934, 0.8584, 1.3745,-2.4357, 0.6603,-1.164 , 1.5705,-0.2907,-0.2478,-0.8339, 0.9445,-0.4802, 1.5977,-1.7889, 0.7505,-0.8216, 3.0353, 1.768 ,-0.8021, 0.1784]
[ 2.0826, 3.8375, 1.8975,-0.2362, 1.3897,-1.2413,-2.1963, 2.6929, 0.7289, 2.0728, 2.3069, 0.5904,-3.0855,-2.5952, 1.6775,-0.2343,-2.7126,-3.0884, 2.8447, 0.7205]
[-5.1461, 4.3281, 2.3224, 1.3023, 1.5107,-1.3769,-1.7565, 0.9915, 1.7814,-0.0319, 2.4353,-1.2667, 2.2075,-1.5306,-2.1192, 0.3083,-1.879 ,-0.6695, 1.7964, 1.2909]
[-4.5704,-3.0765,-1.4361,-1.9645, 2.7446,-2.1279, 1.628 ,-0.1073,-2.8802, 3.1239, 1.3573,-3.1213, 0.3378,-0.1812, 1.264 , 1.4348,-1.1174, 1.9605,-1.2385, 1.7408]
[ 4.3052, 4.1521,-0.3044,-1.9909,-2.2396, 0.4748, 2.5424,-0.6267, 3.0949,-1.4584,-1.4077,-1.0531,-0.0146, 1.5539,-1.3685,-0.4728, 2.7349,-0.8712,-2.8991, 0.3478]
[ 2.9579,-3.3057,-3.0761,-1.3987, 1.9494, 2.0107, 1.9102, 2.0128, 1.5421, 2.3829, 0.185 ,-1.0863, 0.664 , 2.1319, 1.0442,-1.8422,-3.    , 2.1223, 2.5643, 2.7704]
[ 5.2743, 4.4249,-5.1584, 0.8193, 0.5935,-2.7669,-0.5433, 2.4111,-1.1093, 0.0358,-0.427 ,-1.9243, 1.0307, 2.7098, 0.814 , 0.5825, 1.5362, 1.6222, 2.6313,-1.8731]
[ 0.9133, 4.1131,-2.3837,-2.9329,-1.8098,-2.99  ,-1.6956,-2.9018,-2.5105, 0.8627,-2.8309, 1.6263,-2.0799, 2.5462, 2.862 ,-2.1719, 2.7253,-1.5344,-1.4389, 0.0325]
[-0.2912,-3.6754, 5.3362,-0.7274,-1.0084,-0.8559, 0.1052, 2.455 , 0.9819, 0.2224, 2.6136, 0.0059, 1.3174, 1.8886, 0.5705,-1.537 , 2.2675, 2.022 ,-0.25  , 1.5467]
[-4.4972, 3.0931,-3.3762,-2.8978, 1.1041, 1.2202, 2.3605, 2.4398, 2.7809,-0.6028,-0.4788,-2.3471,-1.1885, 0.513 , 1.2547,-0.6298, 0.8121, 2.2714, 1.9979,-1.5402]
[-1.4124,-1.9716,-2.93  ,-0.5251, 2.5996,-2.6775, 2.5375, 0.1383, 2.8142, 0.7582, 0.662 , 2.5487,-2.7514, 0.7088,-2.6816, 0.5495, 2.9934, 1.2675, 1.1803,-1.0769]
