[ 4.3583e+00,-3.7393e+00,-4.6942e+00,-2.9702e+00, 7.3007e-01, 1.1729e+00, 2.1669e+00,-2.2168e+00, 1.3505e+00,-4.3157e-01, 6.5158e-01,-7.5272e-01,-5.8552e-01, 2.7088e+00,-2.9463e-03, 2.0710e+00,-1.6168e+00,-1.3255e+00]
[-5.2418,-0.1949,-4.5811, 2.8577,-3.1025, 2.4483,-0.4984, 1.7171, 0.3614, 0.9638,-3.1073, 0.7867, 1.6176,-1.8333,-0.0291,-0.8607, 0.9852,-0.7651]
[ 1.7857, 5.3487, 2.7784,-2.1656,-1.2748,-1.7674,-2.5476, 1.9151,-2.9739,-2.1418, 1.03  ,-2.3737,-2.9077, 2.7322,-1.2174,-1.566 ,-0.0522, 2.6497]
[ 1.1227, 1.2412, 1.1521,-1.988 , 1.5431, 3.0699,-0.9515, 1.2065,-1.0273,-2.6617, 1.4246, 2.3137, 2.4086, 2.7184, 0.8327, 1.8056, 2.9726,-2.0257]
[-3.1625,-2.4151,-2.736 ,-0.3859, 2.1855,-0.7195, 1.1243, 0.2433, 2.7295, 2.3568, 1.3013, 0.6367,-0.2365, 2.8634, 2.679 , 1.9125,-2.7206, 0.8349]
[ 0.1978, 4.965 ,-1.8175, 2.1812,-0.3878,-1.545 , 2.9725,-0.1066, 1.8254,-0.423 ,-2.4249, 1.8998, 0.4723, 0.6049,-2.5635,-2.7095, 2.8874, 1.7733]
[ 2.3993, 4.7883,-3.4758, 2.2698,-1.4432,-1.6455, 0.0722,-1.1297, 0.0756, 1.2197,-2.5989,-1.3757, 1.1053, 0.6408,-1.8273,-2.7872,-1.1594, 1.0585]
[-0.6404, 1.6584,-5.3171,-1.9365,-1.2591, 1.5517, 2.9952, 2.7571, 2.5754,-2.1886, 1.6328,-1.1569, 0.045 ,-2.8449, 2.4966, 0.0238,-0.33  , 0.0729]
[ 2.8571,-0.5942, 5.1983,-1.7996, 1.8518,-0.5188, 1.2909,-0.2405,-2.4268, 2.6474, 0.3746, 1.6176,-1.6617, 1.4447, 1.0808,-1.1468,-2.1495, 0.9277]
[ 1.128 ,-2.3382,-0.8048,-1.3272,-1.3435, 2.664 ,-2.1799,-1.936 , 0.3734,-1.538 , 1.9658, 2.4242, 2.4379,-0.2043, 2.5526, 2.9704, 0.027 , 2.9927]
[ 3.8624,-4.4755,-3.889 ,-1.5894, 1.2543, 0.5053,-0.0573,-2.7149, 2.2727, 0.1496,-0.4755, 0.4217,-1.9968,-0.5159,-0.4644,-0.813 , 1.2896, 0.7276]
[-1.4239,-4.1145, 4.3962, 0.2886, 0.2816,-2.8298, 1.7791,-2.7184, 2.4125, 2.6761, 1.9955,-0.7305,-2.0258, 0.0871,-2.2704,-0.9758, 0.2942,-0.8465]
[ 0.3052,-1.1643, 2.1706, 0.1576,-2.5973,-3.0703, 0.6217, 1.2941, 0.5259, 2.6765, 2.2229,-2.6641, 2.6413,-1.5281,-2.2019, 0.4459, 3.1285,-0.9034]
[-1.9715,-0.8609,-0.8802, 2.7841,-2.4967, 0.1187,-0.7213,-2.2892, 2.9285, 2.9014, 1.3741, 2.7059,-1.7344,-2.1959, 0.8276,-0.5643,-0.9404,-0.5874]
[-4.6337, 1.2219, 2.7972,-1.2365,-2.2884,-0.39  , 1.9181, 1.8935,-0.7068,-2.7299,-2.4023, 1.8083, 1.4301,-3.0242, 0.896 ,-2.2722,-1.629 , 2.455 ]
[-4.5275,-0.6855, 0.3617, 2.8272, 0.5017, 2.6272,-2.4347,-1.9304, 0.1737,-2.1273, 1.0292,-0.9728, 0.7785,-1.8006, 1.8606, 0.106 ,-2.9405,-0.7623]
[-4.7011, 4.5779,-2.1386,-2.3475,-1.4652, 1.472 ,-2.7952,-2.8013, 1.7529,-0.201 , 0.1466, 0.7745,-0.1562,-2.6201,-0.9034,-2.8705, 2.4932,-0.699 ]
[-0.5722,-0.6981, 1.88  ,-0.534 , 2.0537, 0.3552, 2.5674, 0.9   ,-2.694 , 2.0594,-1.5787,-0.3369, 2.5795,-1.2063, 2.0355,-0.8592,-1.5498,-1.9763]
[-4.6235,-0.7743,-3.0771,-2.0644, 2.8725, 2.1104,-1.0229, 2.2705, 1.0461, 1.1901,-1.8628,-0.4788,-1.665 , 0.0727, 2.4305,-0.8229, 2.4821,-1.6078]
[-0.0997, 4.2736, 0.3755, 0.3703,-0.6755,-2.9095, 0.8433,-3.0523, 0.8635, 2.555 , 2.9772, 0.8428, 1.6574, 0.745 ,-1.6095, 0.2849,-1.9486, 2.9412]
[-2.7646,-0.9609,-1.9049,-2.2134,-1.3456,-2.8721,-0.8225,-2.954 ,-0.6056, 1.9404,-1.1266,-0.4123,-2.6375,-0.4727,-2.7481,-2.8665, 2.8844,-2.1629]
[ 2.3118, 0.432 , 4.0215,-1.4532, 2.4218,-0.9651, 0.4093,-1.1916, 2.0034, 2.385 , 2.7402,-3.0836,-0.4701, 2.015 ,-0.4063,-2.5678,-0.6949, 2.1044]
[ 1.0523,-4.2475,-1.6453,-1.7015, 1.1363, 2.4769, 2.6293, 1.4492,-1.9316, 1.5753, 2.2514, 1.6918, 1.6173,-0.7484,-1.3123,-1.6626,-1.0966, 2.1491]
[-1.4008, 3.0518, 2.4304,-2.7443, 0.2955,-2.7841,-1.0045, 0.2165,-1.4279,-1.7261, 0.7545,-0.2515,-0.8704, 0.2415,-0.3561, 2.5478, 0.6886,-2.4622]
[-4.7512,-4.4487,-3.9494,-0.1229,-0.104 ,-2.5702,-1.1374, 2.9961, 1.6013,-0.9378,-0.9821, 2.5989,-1.0407, 1.3223,-0.9897, 1.4348, 2.5213,-1.5629]
[-4.6573,-1.2362, 4.2374, 1.901 ,-0.2363,-2.115 , 1.4606, 0.466 , 1.5783,-1.3596,-0.4297, 1.8367,-0.4398,-3.1286, 1.911 , 0.2679, 2.1351, 2.6635]
[-1.5893,-0.9223, 3.6727, 0.144 , 2.1836, 1.1399,-1.5137, 2.8544, 2.7336,-1.6353, 0.6604,-2.3558,-0.7957, 2.6584,-1.5966, 2.6865,-0.9616, 1.6481]
[ 4.2819,-0.0586, 2.0409, 3.0796,-0.744 , 0.8953, 2.1185, 0.9312,-1.008 ,-2.3673,-0.7802,-2.2885, 0.7092, 2.8068, 2.1327, 2.1509, 0.6471, 1.2574]
[-2.3485, 0.1825, 4.3459,-1.8021,-2.8801,-2.6619,-2.0916,-0.4395, 1.0682,-1.8323, 1.0621, 3.1001,-0.9606,-1.4979,-1.0907,-3.1077, 0.897 , 0.5442]
[ 0.5805, 4.1753, 2.3333,-1.6453, 1.0255, 1.959 , 0.5854,-0.4586,-0.0054, 0.6323,-2.623 , 0.5744,-0.9013,-2.6186,-2.5958, 2.2189,-0.0262,-0.8603]
[ 0.9614,-4.2791,-2.4801, 0.4011,-1.0179, 2.522 , 2.3821, 1.1621,-1.2528,-2.1154, 2.2808,-1.0972, 0.5113, 2.2714,-0.902 ,-0.7493,-2.03  ,-1.0373]
[-1.892 ,-2.8802, 0.9808, 2.2174, 1.9091, 1.1753,-3.0054,-2.4972,-2.8847,-1.8383, 1.7193,-1.7921, 3.0021, 2.1025,-1.3778,-0.5633,-0.528 ,-1.0559]
[ 5.1503, 3.7099,-1.4387, 0.6531, 0.028 , 1.761 , 0.0516, 2.989 ,-3.0015,-1.4274,-0.9555, 2.7573,-0.0187, 2.9635,-1.9028,-2.8837,-2.9633,-3.0295]
[-2.0289,-4.2187,-0.8956, 2.7062, 3.0137,-2.5921, 0.1228, 2.6289,-1.0359, 2.8896,-1.6867, 2.3306,-3.1345, 0.7634,-2.6765, 1.7906, 1.8351,-1.9836]
[ 2.484 , 4.228 , 1.0926,-0.4596, 1.9957, 1.5122, 0.3787, 1.7545,-1.2024, 1.5422,-1.8468,-0.0574,-0.9149,-0.2544,-2.5539, 0.4806,-0.843 , 2.1605]
[ 4.2814, 1.7012, 0.9981, 1.0083,-1.7177, 1.4117,-2.2525,-0.836 , 0.7552, 2.8073,-2.5329,-1.9845, 1.2815,-1.6648,-0.4234,-0.2456, 1.9033, 1.7341]
[-3.3365e-04, 6.1458e-01,-3.4687e-01, 4.4031e-02, 2.8916e+00, 1.2848e+00, 1.4921e+00,-1.0552e+00, 2.5886e+00,-1.8639e+00, 2.3844e+00, 2.8947e+00, 1.1870e+00, 8.1836e-01, 2.2233e-01,-6.3600e-01, 2.0153e+00, 6.5569e-01]
[-2.0616,-4.9249,-2.4857,-2.3335, 0.7375, 1.8195,-0.5084, 2.0169,-1.0113, 1.9505,-1.2958,-2.6521, 0.6576, 1.3642, 1.5281, 0.1848, 1.0094, 0.435 ]
[ 3.4299, 3.1036,-1.9103, 0.2684,-0.9395, 0.4966, 1.1759, 2.402 ,-2.8794, 1.9859, 2.8823, 2.9341,-2.9919,-2.6723,-1.5698, 1.0488,-3.0376,-0.2545]
[ 4.5093,-3.908 , 3.7038, 2.0444, 2.3439, 0.5263, 1.6735,-2.597 ,-1.1123,-0.2761, 1.9583, 3.1374,-1.1405,-1.6825,-1.341 ,-2.9796,-2.7463,-2.8301]
[-1.4843, 2.3874, 4.4153, 2.1255, 0.0961, 0.1281,-3.0479, 2.528 , 1.6997,-2.9923, 2.8612,-0.4446, 0.4763, 0.5117, 2.2192,-3.1327, 3.0326, 0.6719]
[-2.7513, 3.1059, 5.2241, 2.5682,-2.368 , 0.1492,-3.0531,-1.2932,-0.4053, 2.2417,-1.2727, 2.7901,-1.0841,-2.5983, 2.716 , 0.2251, 1.7238,-1.9385]
[ 1.9715, 0.1745, 0.4435, 3.088 , 0.835 , 0.9619,-2.4522, 2.1719,-0.3745, 2.9844,-2.7706, 0.843 , 2.462 , 2.8869,-1.3114,-1.2891, 1.0933, 0.2395]
[-0.9827, 4.8835,-0.6226,-2.1796, 2.6537, 2.4835, 0.1384, 0.9408,-2.4195,-0.2134,-1.4353,-0.6119,-1.7366,-0.433 , 0.0954,-2.5061,-1.1915, 1.2361]
[-0.3033,-4.0849, 0.3313,-0.6614,-1.7471,-2.2951, 1.1631,-0.8785, 1.2317,-1.369 ,-2.8479,-2.0756, 2.8216, 1.153 , 1.517 ,-0.5365, 0.0973, 2.9939]
[ 1.4232,-1.3127,-0.8476,-2.9138, 2.5694,-0.836 , 2.6583, 0.2726, 2.4631, 1.3606, 2.2557,-0.7748, 1.056 , 0.9235, 0.9623, 1.9749,-0.1751, 2.3966]
[ 3.5632,-4.5836,-4.4442, 2.7289,-2.0737,-1.3525,-2.6217, 2.8664, 1.797 , 1.8144, 0.8274, 1.1243,-1.2753, 1.3204, 1.8594,-0.0316, 0.3308, 2.8825]
[-1.8246, 1.0379, 2.3198, 2.0932,-2.7909, 1.5943,-1.4537, 2.5882,-2.9835,-0.6556, 2.0831,-2.4467, 2.752 , 1.4079,-2.0424, 1.8415,-2.2004, 0.3958]
[-3.3913,-3.6417, 5.3145,-0.65  , 0.0228, 0.2573, 2.3275, 3.0262,-1.8669,-1.8202,-0.7241,-2.9788,-1.7211, 2.1833, 1.9449,-2.3336, 1.5933,-2.9674]
[ 1.798 , 2.4776,-1.2566,-1.6797,-2.0309,-1.6384, 0.5638, 2.8322, 1.4744, 2.418 , 1.1327, 2.1301, 0.4547,-2.1332, 0.1492,-0.219 ,-0.5942,-2.3054]
[-2.9643, 1.2491,-1.2788, 0.8003, 2.3043, 1.0077, 1.4266, 1.1079,-1.3328,-1.5039, 1.7317, 2.814 , 1.9967,-1.4438,-2.4054, 2.5315, 0.7075,-2.2224]
[ 5.3132, 2.7456,-5.0624,-2.3436, 2.1485, 0.6214,-2.5427,-0.0403, 2.6504,-1.4254,-0.4346,-1.9523, 2.1586,-3.1139,-0.1715,-1.4314,-1.3555, 2.4441]
[ 4.6542, 2.4424,-0.3084, 0.3936, 2.6853,-1.1507,-0.5282,-2.5435,-0.2924,-2.1524,-0.6475, 1.6337, 2.3764,-0.5662, 2.8256,-1.2043,-2.1703, 1.0862]
[-0.1352,-0.3656, 4.3317,-2.2972, 0.436 ,-1.8347,-0.3048,-1.4256,-1.3157,-1.7273, 0.3675,-0.1953,-2.2138, 0.6305,-2.2645, 1.8369,-2.076 ,-2.9836]
[-2.1303, 1.8861, 5.097 ,-2.3909,-1.2662,-1.8291, 0.9095, 2.9874,-0.4139, 0.3545,-2.8314,-2.0956, 2.0057, 1.8498, 0.3901, 3.0738,-1.5914, 2.8048]
[-5.0341,-3.8707,-5.1407,-1.3451,-3.    , 1.7693,-2.3223,-2.2691, 0.2756,-1.0509,-1.5937, 0.0872, 0.0532,-2.0354, 1.7076, 0.2032,-0.7887,-0.532 ]
[-2.6491,-0.3613, 5.3511,-2.4844, 2.6179,-0.8397,-1.9671,-0.7939,-1.5249, 0.2248,-0.1033, 3.0056,-1.1036, 2.7972,-0.3814, 0.5926,-2.6811,-1.9379]
[-4.5659,-0.3427, 2.4961,-0.8224,-0.7776,-2.1167,-1.1474,-0.5569,-0.6249, 0.2708, 0.4362, 2.9642,-1.792 ,-1.3194, 2.3539,-1.7605, 1.519 ,-0.2461]
[ 4.0692, 5.1684,-3.5781, 2.8068,-0.9257,-2.5205,-2.906 , 1.4967, 2.918 ,-0.5807,-2.4921,-1.9629, 2.7726, 2.7012,-2.2207, 0.943 ,-0.8833,-2.9785]
[-1.2362,-2.7428,-3.7649, 0.2895,-0.1395, 0.4472,-0.375 ,-1.2877, 0.9375, 0.8459, 1.0714,-1.0056,-2.1571, 1.5706,-0.2503,-2.1111, 2.4647,-2.1375]
[-2.1233, 4.573 ,-2.7163, 0.4301, 2.9423,-0.4351,-0.276 , 1.5535,-2.5782, 1.5108,-2.8736,-0.7033, 0.9228,-1.6442,-1.1971, 0.0615, 0.4317,-0.2354]
[-2.8698, 3.2139,-5.3689, 0.9632, 2.6609, 1.2203,-2.2072,-1.966 ,-2.7941,-2.4339, 2.6337,-1.1834, 1.7618, 1.8022,-2.8588,-0.5338, 1.2057, 1.656 ]
[-2.7637, 2.0558,-4.7905, 1.35  , 2.6639,-1.0949, 2.6576, 2.0084, 2.1405, 2.9995, 2.9562,-0.7497, 0.2228, 1.8223, 1.6783, 1.8359, 3.0017,-0.7338]
[ 1.4188, 3.8786,-4.0713, 0.5786, 1.1636,-0.7911, 1.6426,-2.9222, 1.3416, 0.2009, 2.9494,-0.8029,-0.789 ,-2.3002, 0.0753, 1.9556, 2.4368,-0.3631]
[ 3.6305,-1.1886, 0.5028,-1.069 ,-0.8611,-2.7256, 2.7231,-1.3517, 2.6136, 0.6308,-3.0782,-1.5153,-1.4172,-1.3916,-1.3233, 2.9858, 1.2409, 1.7415]
[ 2.1408, 2.1674, 1.5213, 0.4442,-2.5507, 0.466 , 2.7723,-0.0746, 2.8817, 1.7435,-2.1124,-0.4485,-2.5289,-2.2022,-3.1286,-0.6932,-0.7757, 0.8433]
[-1.9702, 3.2234, 1.302 , 1.7692,-1.3013,-2.7996,-1.9442,-1.2079,-2.4595, 1.0787,-0.1546,-1.4201,-2.9487, 2.6599, 1.1343, 1.6042,-0.7397,-3.1345]
[ 1.6413,-4.3765,-4.7733,-3.0969, 0.311 , 1.7338,-2.9233, 2.9066, 0.8692,-0.2098, 2.7119,-1.2549,-2.836 ,-2.413 ,-0.7345,-2.6488, 0.2654,-2.8449]
[ 4.6138, 0.1423,-1.2754,-0.3905, 1.7641,-2.2609, 2.8939, 1.393 ,-0.41  ,-1.4447,-1.5597,-2.6102, 0.5041,-2.048 ,-2.6684, 1.0446,-2.0928,-1.8953]
[ 4.0415,-2.8409, 1.9802, 1.7502,-1.8668, 0.5161, 0.6317,-1.2445, 0.3138, 0.1697,-1.3046,-0.7172,-0.6214, 2.1707,-1.1292, 0.1238, 0.3179, 1.7458]
[-0.5066,-0.215 ,-2.064 , 2.1424,-2.9179,-2.0652,-0.6026,-1.6734,-1.1643, 1.2012,-0.5085, 2.0366, 0.9629,-1.7832, 1.7773, 2.0567, 2.5647, 2.5399]
[ 5.0237,-4.6539,-2.4498,-2.7972,-1.4032, 0.0497,-1.0981,-1.4539, 3.0896,-2.7795,-0.1661,-0.6107,-1.7523, 1.2331, 1.8955, 0.4852, 1.51  ,-0.1786]
[ 1.2685,-4.3431, 3.1806, 2.4662, 0.9092,-3.1186,-1.081 , 1.6584,-2.7712, 0.7029, 1.2176, 0.51  ,-1.6779,-1.8978, 2.7169, 2.9575, 2.453 , 1.196 ]
[-3.4083,-3.3949, 3.7535, 1.8131, 0.9434,-0.8245, 0.0297,-0.4863,-0.2312, 2.5938,-1.7089, 1.2413,-1.9328, 3.0028,-1.2729, 0.0665,-1.4465, 1.0186]
[-0.559 , 5.1962,-1.4586, 0.6975,-2.1569, 2.5884, 2.3184,-2.1854,-3.0082, 2.3641, 1.9807,-0.1922, 2.9081,-1.7664, 0.0073,-2.6886, 1.6478, 1.787 ]
[-0.7039,-2.9647,-3.7904,-0.6784, 1.7196,-0.8636,-1.7252,-1.7429, 0.0877,-2.4728, 1.5648,-1.8108, 2.3764, 1.5762, 2.1019, 1.063 , 2.3763, 1.7156]
[ 2.827 , 4.2959,-2.5591,-0.6512, 1.7855,-3.0544, 2.8669, 2.4241, 0.9753, 1.1471,-2.9962,-2.6063,-0.2739,-2.1715, 0.6428, 0.9397, 1.731 ,-0.0343]
[-5.0197,-1.6946,-3.7211, 3.0566, 1.2601, 2.1285, 0.292 ,-1.0667, 2.7066,-2.7065, 2.5772,-0.266 ,-0.2566, 3.075 ,-0.5099,-1.2503, 1.1197,-0.0242]
[-5.4524, 1.6345, 5.3445,-1.0039,-0.2039,-2.1845, 2.0611, 0.0369, 1.4682,-0.2421, 1.3231,-0.3754, 1.9591,-1.6187,-0.9775,-2.767 , 2.2081, 1.3878]
[-3.2178, 3.4249,-1.6768,-0.0162, 3.0806, 0.8475, 1.5389, 2.2277, 1.0877,-1.1954, 2.6172, 0.1476, 1.9443, 1.3375,-1.6468, 2.9269, 1.4104, 2.8173]
[-1.0718,-3.2822,-1.3876, 0.6593, 0.2337,-0.7159,-1.2341, 0.4451,-3.0693,-2.8071, 1.3455, 0.3447, 2.5045, 1.5564,-1.873 , 1.6073, 1.0202,-2.9216]
[ 4.4582,-1.7803,-4.3358, 0.2913,-1.9993,-2.7452,-2.1268, 0.0156, 3.1157,-0.9393, 1.2319,-0.5993,-0.0541,-1.452 ,-0.0528,-2.7216, 2.8906,-2.8788]
[-2.9122, 0.631 ,-0.0798, 0.5751, 1.967 ,-3.065 , 0.428 , 1.3541, 1.9625,-1.0905,-2.5168,-0.9249, 1.3027, 2.9173,-2.782 , 3.134 , 0.4579,-2.9039]
[ 1.9511, 0.2176,-4.2071,-2.9479,-2.9073, 2.0686,-1.6683,-0.9164, 1.0864,-1.989 ,-2.5248, 2.4319, 2.0681, 1.7187, 0.5401, 1.1153,-1.3758, 0.7698]
[-3.8107,-2.3751, 3.7295,-1.1511,-2.3774,-1.8463,-2.7865,-2.152 , 1.6804, 1.9987,-2.8339, 1.5968, 2.1814,-0.8298, 2.3849, 0.1264, 0.5705,-0.7899]
[-1.4464,-3.9562,-0.955 , 2.45  ,-0.3261, 0.1972,-0.0746,-1.5087, 0.663 , 0.6824,-0.7447,-2.3863, 0.1599,-2.4471,-1.2087, 3.0757,-1.2993,-0.0118]
[ 3.4232, 3.9262,-5.3943, 2.5701, 0.4418,-2.3192,-1.206 , 2.3179,-2.7784, 1.4148, 0.7688, 1.926 , 0.2595,-0.9927, 1.2936, 1.285 ,-0.1419, 0.3416]
[ 3.0935,-3.943 , 1.9848, 1.2553,-0.4961,-0.3145, 2.4027, 1.0472,-1.9717,-1.1758,-2.7295,-1.6044,-1.1818,-2.1946,-0.9238,-0.5533,-2.8062, 2.7404]
[ 4.2174, 1.1036, 1.7056, 0.8487, 0.0046, 2.5101,-2.5086,-2.8705, 1.4056, 2.8197, 1.1309, 1.4099,-1.1789,-1.1229, 0.0725, 2.7868, 2.6276,-1.3057]
[ 2.925 ,-4.3791,-1.3695, 0.6184, 2.4967,-2.9987, 1.1064, 0.6736,-1.6625, 0.5767,-1.2724,-2.0176,-0.5225, 0.53  , 1.9343, 0.8334,-2.9804, 2.7113]
[-2.2973,-4.3483,-2.1032,-2.573 ,-1.954 ,-1.4781, 2.3656, 1.2981,-0.6203,-1.3636, 2.421 ,-2.2494,-2.4845,-2.2998, 0.6173, 0.5942, 0.7643, 0.6287]
[-1.7543, 0.3335,-3.7246,-2.7102,-0.7111,-1.8621, 2.9788, 2.1749,-2.3765,-1.7876,-0.3616,-0.0242,-0.6696,-1.3425,-2.3627, 0.3709,-2.6234, 0.4427]
[ 3.2415, 1.8655, 2.2378, 2.1588,-0.3292,-1.7017, 0.6019, 2.0365, 1.9337,-2.8366,-2.2468, 1.332 , 0.1993,-0.1766,-2.689 ,-1.2292, 1.7386,-1.9629]
[ 1.6426, 0.4383,-1.9902, 1.5069,-1.386 , 2.1409,-1.7752,-1.9927,-0.0469, 2.6803, 3.1067, 2.3044, 0.1305,-2.1041, 0.7384, 0.2688,-0.3465,-1.0406]
[-5.245 , 4.7862, 1.15  , 1.8027,-3.0165, 2.6095, 0.1054, 2.2405, 2.5374,-3.0631, 2.3449, 2.8042,-0.8204, 1.6496, 1.6753, 1.1515,-0.7228,-1.1711]
[ 0.8622, 3.6537, 1.2112, 0.9894,-0.6272,-1.6018,-3.1068,-2.7408, 0.4756,-0.4402, 1.8804, 2.2688, 0.5544,-1.5184,-2.3082,-3.03  , 0.9887,-2.3808]
[ 2.6301,-5.3015, 4.7899,-1.0884, 0.6903, 0.5221,-0.8998, 1.574 , 1.0287,-1.0516,-0.3435, 3.0395,-0.9688, 0.4916,-1.0573, 2.9881, 2.7766, 2.2319]
[ 4.4057, 0.8907, 1.356 ,-0.2633,-3.0007,-2.4717, 0.0738, 0.9647, 1.4691,-0.2236, 1.5979, 0.0548,-0.8291,-2.8114,-0.6915,-2.065 , 1.6194,-1.0212]
[-4.1019,-4.9161, 0.2662, 1.9786,-1.1478, 2.5232,-1.7215, 1.6777,-2.9908,-2.4129, 2.1863,-2.7786, 0.4717, 1.9544,-0.3644,-1.1103,-0.2725, 2.6512]
[-0.466 , 3.2097, 3.2573, 2.3372, 0.3864, 0.4971, 2.9189, 1.3432,-1.7688, 1.7391, 0.8743,-1.3349, 0.0565, 0.2491,-1.8884, 0.5794,-1.5172, 0.1899]
