[-0.2092,-0.9896, 4.7534,-2.9058, 1.3856, 1.0224, 0.2009, 1.8646,-0.6744, 0.69  ,-2.4453, 3.0667,-1.389 , 2.2349,-2.0752,-0.5204, 2.0235, 2.2528, 3.0782, 2.1357, 0.8951]
[-4.063 , 1.6885,-3.7789, 0.2213,-0.907 ,-0.9615,-0.6169,-3.0154, 1.1035, 2.5798, 1.4447,-1.0536, 2.1044, 0.7291, 1.2423,-0.3951, 0.2309,-2.3243,-1.8632, 1.7343,-1.2552]
[-5.1456,-4.4922, 4.2668, 1.8804, 0.4082,-0.9318, 0.6053,-2.2223,-1.3698,-1.2058, 1.3454, 3.0809, 0.0715, 0.0502,-1.0295,-3.0393, 0.7998,-0.47  , 2.2925, 2.4958,-0.6632]
[-1.1217, 3.3961,-0.246 ,-2.0479, 0.8166,-2.6319,-1.6405,-0.4213, 0.7483, 0.4632, 1.0621,-0.115 ,-2.7229, 1.3206,-2.4653,-1.8022,-0.3797, 1.9818,-1.1934, 0.4555, 1.6675]
[-3.2507, 2.6654, 0.2404, 1.0933,-2.1942,-0.0968, 0.9152,-0.9426,-0.6679,-1.6632,-1.9663,-2.4355, 2.2105, 0.9952,-2.7295, 0.0253, 0.7105,-0.782 , 2.6425,-1.6958,-0.6713]
[ 1.0094,-2.8897, 2.6687, 0.7383, 2.0643, 1.5915,-1.9555, 1.6249,-1.9527, 3.0851,-2.906 , 2.0418, 2.9276,-2.6166,-0.3295, 1.9197, 0.0462, 2.4588, 2.2517,-2.9294,-0.0646]
[-3.7521, 2.7039,-2.7409,-1.6636, 0.5848,-0.316 ,-2.7291,-1.3656,-2.2532, 1.6585,-0.067 , 2.0618, 3.0943, 2.8475,-0.0436,-1.1845,-1.4719,-0.2552, 0.2011, 0.9207, 0.7388]
[-5.0804,-1.9543,-3.7655, 2.8181, 2.79  ,-2.1033, 0.6646, 2.2794, 1.0086,-1.7911,-2.7975,-1.2958,-0.7019, 3.0825, 1.7005, 0.6982, 2.973 ,-1.7927, 1.7335, 2.1415,-1.6047]
[-5.4466, 4.0414, 1.5016, 1.2934, 2.7008, 1.7146,-1.4363, 2.5702, 1.2462,-0.6892, 1.7549,-1.3108,-1.0493,-2.0387,-2.5228,-1.475 , 1.9229, 0.3539,-0.7011,-2.4212, 0.4302]
[-4.5798, 2.0994, 4.9643, 2.4951, 1.3125, 1.7326,-2.7257, 0.1757,-2.2899,-1.9754, 2.1992,-1.806 ,-2.9748,-0.5648,-0.4489, 0.8969,-0.4919,-3.1154,-1.1135,-2.6014,-1.746 ]
[ 1.3381, 4.0194,-3.2404, 2.6843, 2.7016, 1.316 , 2.9989, 1.8087, 0.8293, 2.6102, 2.4688,-0.7761, 1.1419, 2.7679, 2.0224, 1.1355,-1.4448, 0.5538,-0.5501,-3.0316, 0.5146]
[-3.0471,-3.6688, 4.7407, 0.8252,-3.1265, 1.4522, 2.1765, 0.2117, 2.5555,-0.7595, 1.0731, 0.8382, 1.7857,-0.4054, 2.0557, 0.3402, 1.3271, 1.4923, 0.5003,-0.4177, 1.5733]
[ 3.2534e+00, 1.3370e+00, 5.4313e-01, 1.2955e+00,-1.1842e+00,-2.7299e+00,-1.5400e+00, 1.9616e+00,-2.7558e+00,-1.4437e+00, 1.7185e+00, 2.0553e+00,-2.5241e-03, 3.0454e+00,-4.4125e-01, 1.4467e+00,-3.0650e+00,-2.0595e+00, 9.9084e-01,-2.1467e+00, 2.0705e+00]
[ 0.1848, 3.1209,-2.0405, 0.2666, 0.4195,-2.4622,-0.6041, 2.67  ,-0.9842,-2.5122, 3.0986, 1.9467,-1.2558,-1.6985, 0.6249,-0.8685,-1.8858, 0.2006,-2.2192,-2.9812,-0.2555]
[-1.4353, 0.8805, 4.6156,-2.3589, 1.5452,-0.554 ,-1.6611,-0.3271,-2.7779,-1.3474,-1.565 , 0.6422, 2.4277,-2.2592,-1.4223, 1.9507,-1.9198, 1.4107, 1.2149,-2.6894, 2.0474]
[ 0.5717,-5.2468,-4.0086,-2.2101, 3.1396,-0.4693,-2.9148, 2.9735, 1.731 ,-2.3351,-0.2545,-0.8667,-2.6156, 2.1975,-2.4086,-0.4287,-0.5813,-0.5747,-3.0597,-0.9609, 1.1592]
[-4.6061, 3.0859, 0.0512,-0.869 , 1.6813,-3.0609,-1.561 , 1.822 ,-1.7035, 0.973 , 0.4311, 2.158 ,-0.8079, 2.4371, 2.9311,-2.3528,-1.0745, 0.4481,-0.6866, 1.2484, 2.6723]
[-1.2093, 5.1109,-3.0835, 2.3313,-0.5585, 0.4433,-1.8643,-0.5044, 2.6682,-0.7925,-1.7892,-2.8182,-1.6672,-1.7939, 0.1103,-0.8289,-1.9296,-1.5618,-1.5385,-1.7027,-0.4569]
[-3.7167,-1.6568,-5.1646,-0.1518, 0.0321,-2.0583, 1.4609,-2.1756, 2.496 ,-2.9894, 2.506 ,-1.3973, 2.4728, 2.9383,-2.5517, 3.1065,-0.224 ,-1.2519,-2.3217, 0.3745, 1.9482]
[ 4.7185,-2.1477,-0.036 , 0.473 , 1.703 ,-2.4509, 0.5932, 1.8635, 2.2557, 0.1002, 0.1541,-1.4203,-0.8502,-0.7133,-2.5551, 1.4889, 0.6965, 2.1445,-0.9132,-0.0084,-0.085 ]
[ 2.6196, 2.3376, 3.9489,-2.0705, 1.7471, 1.9193, 1.5325, 1.5033, 2.1154,-2.9599,-3.1   , 0.2583,-1.8744, 1.3117,-1.4248,-2.759 , 0.6297,-0.5779,-1.8255, 2.1653,-2.2387]
[-3.6972,-2.5242,-0.5625,-2.0225,-3.0251, 2.0442,-1.962 , 2.6782,-1.2011, 1.8266, 1.5366,-0.894 , 1.9129,-2.6859, 1.3378,-0.9616, 2.1113, 1.9777, 2.7884,-2.4921, 2.3493]
[ 0.2806, 2.8222,-2.0878, 0.0469,-1.111 , 0.4232,-1.813 , 2.7191,-1.068 ,-0.1357,-0.5908, 0.4871,-0.6906,-2.7337,-0.8307, 1.8722,-0.97  ,-1.6284,-0.2759,-1.1328, 1.6528]
[ 0.8166,-0.1628,-0.6769, 1.6429,-1.4249,-2.9185,-1.0186, 1.8977,-0.9397,-2.4889, 1.3927, 0.697 ,-0.1805, 0.7456,-1.6517,-2.5996, 0.8537,-1.4637, 1.2476, 2.7829,-1.9648]
[-4.7234,-2.3277,-2.2255, 0.7101, 1.4887, 2.6568,-1.5839,-1.344 , 0.5877,-0.3029,-1.2202,-0.3317, 2.5111, 0.5045,-2.9942,-2.6573,-0.5495, 1.7968,-1.4878,-1.5065,-0.4177]
[-4.3732,-2.964 ,-4.9475,-2.0001,-1.6084, 0.4249,-2.6929, 1.7827,-0.3226, 2.1872,-2.8276, 2.9752, 1.0256, 0.2253,-1.0608,-2.3425, 0.4502,-2.691 ,-0.8534, 1.2121, 1.8415]
[-4.5445,-5.3364, 2.1379,-2.2728,-0.2017,-2.6621, 1.9678, 1.0099,-0.8023,-2.618 , 1.8638,-2.4744,-1.7267, 0.2305, 2.6622, 2.2651, 2.1285,-0.9472,-0.1017, 1.6468, 1.5997]
[-4.1749, 3.9634, 1.0623, 0.2304, 0.7478, 3.08  , 0.2879, 1.4773,-2.4549, 1.6986,-0.4029, 1.6936, 1.7597, 0.8722,-2.9587, 1.2958,-0.2106, 3.0806,-1.0473,-2.805 , 2.7495]
[-3.8366,-3.3642, 2.6192,-2.3176,-3.0779, 0.0145, 1.881 ,-2.3508,-1.9509,-1.5882, 0.1615, 1.0896, 1.1178,-2.1197,-1.5815,-1.0529,-0.0607, 2.4189,-2.6111, 1.7851,-1.3171]
[-4.5502,-2.3074,-1.0656,-2.033 , 0.6166,-1.9635, 2.689 , 1.9618, 1.7065, 1.2802,-1.8184, 2.463 , 2.9408,-1.5068, 2.545 ,-1.1778,-1.7592,-1.4018, 2.2874, 2.8385,-2.7296]
[-2.9937,-3.6377,-0.1653,-1.3868, 2.3942, 0.5243,-2.0532,-0.9325,-2.4417,-2.0736, 0.4126,-3.0185, 0.8191,-1.0316, 2.5942,-2.5137,-1.8521, 0.9455,-2.4521,-1.65  ,-1.7379]
[-1.4955, 2.9433, 3.9337,-2.2323,-0.9439, 0.2875,-0.6141, 2.9992,-1.6991, 1.7112,-2.3631,-0.5366,-0.5244,-0.1813, 3.0816, 1.0727, 1.8023,-0.7449,-2.7989, 1.7436,-1.5862]
[-3.3442, 3.3031, 1.4415,-0.1683, 2.5166,-0.4254, 1.0031, 1.3635, 0.3971, 3.0327,-0.0909, 0.8144, 2.0704,-1.5306, 1.2063, 2.0158, 2.3349, 2.5418, 0.5572,-0.3475,-2.9581]
[ 4.3461,-3.0379, 1.8794,-0.8137, 0.013 , 0.069 ,-1.7362, 0.9142,-2.6322,-2.5983, 2.7573,-0.5488,-1.6607,-0.3041,-2.4965, 1.6545, 1.5918, 1.526 ,-1.0192,-0.6675, 2.8429]
[-1.4692, 3.0161,-1.0789,-1.3275, 0.6559, 1.2706, 0.624 ,-1.4605, 2.0296, 2.1605, 1.4243,-2.3059, 1.9808,-1.451 ,-0.5141,-3.0591,-1.318 , 1.3809, 3.0127, 2.6135, 2.5019]
[-3.9986, 1.4654, 2.1583,-0.5768,-0.0788, 1.1512, 3.0597, 0.397 ,-0.7779, 2.0035,-0.1097,-1.4619,-1.4659,-0.8066,-1.059 ,-1.002 ,-2.4642, 1.9811,-0.4506,-0.6444,-0.6108]
[ 5.4221,-1.6817, 5.449 , 2.6647,-1.2236, 0.3778, 1.3689, 2.2684, 1.017 ,-1.8729,-3.1173,-1.3796, 1.8888, 1.878 , 2.3654, 1.2002,-2.5554, 0.977 ,-2.6704,-0.6567,-1.4724]
[-2.2778,-3.5224, 0.3035, 2.2432, 0.4043, 0.1413, 2.6692,-0.5904, 1.7987, 0.4637, 1.387 , 1.0617, 2.5957, 0.6403, 2.4582, 1.8483, 1.7547,-2.1439,-1.9931, 0.8848,-0.6358]
[-3.7834, 3.8203, 3.1103,-1.8223, 1.9294,-0.187 , 2.0058, 2.9746, 1.8941,-2.0747, 2.4474,-0.2746, 0.3392,-2.3672, 0.1653,-0.8   , 1.2268, 1.7817,-1.4906,-1.7817, 0.855 ]
[ 1.3284, 0.0701,-1.072 , 0.189 ,-1.4609, 1.434 ,-2.492 ,-2.2695, 0.072 , 1.2253,-0.9271, 2.7732,-1.0463, 2.1822, 1.5816,-2.5921, 2.7468, 1.8894, 1.5366, 1.6206, 0.2723]
[-2.2509,-1.4709,-2.084 ,-2.1395,-2.8951,-1.2265, 2.6726, 2.4623, 0.9612,-0.3536, 2.1631, 2.2626, 2.5647,-2.115 , 2.5248, 2.2247,-0.7456, 2.1693,-1.0977, 0.2658,-1.4801]
[ 0.5735,-4.0149,-1.113 ,-2.9781,-2.0968,-1.2237, 0.7829, 2.7323, 1.1928, 0.8908,-2.6942, 0.4215, 0.2439,-1.1854,-3.0611,-2.2746,-0.6063, 0.9717, 2.0204,-0.859 , 0.8388]
[ 3.7521,-1.9044, 2.9839, 1.3833,-0.9501, 1.1554, 0.0702, 2.5377,-0.9769, 2.5707,-2.7482,-1.2448, 1.9288,-1.8619,-2.4614,-1.5084, 2.4826,-3.0239,-1.0215,-1.459 ,-0.9677]
[-4.881 ,-4.2462, 2.0404, 0.2373, 3.1136, 1.9286, 1.8552, 1.3017, 0.4588, 1.4584,-0.8994,-2.3472,-2.0214,-1.4536, 2.4409, 2.1607,-1.3562, 1.0147, 2.3883,-2.6945,-1.7893]
[-4.9397,-4.8402,-3.2982,-1.4082, 2.1618, 2.8435, 1.8369,-1.7673, 0.4062, 0.8355,-2.2485,-1.0313, 1.8871,-1.6467,-2.7549,-0.3989,-0.1235, 1.2654,-2.3909, 0.7003, 2.0049]
[-2.884 ,-4.1577, 1.4291,-0.6527,-0.7616, 2.0022,-2.5724,-1.7846,-0.3463,-1.3004,-2.6342,-0.3784,-1.3579,-0.7752,-2.1272, 0.1482,-0.5909, 1.0567,-0.3223, 2.0573,-0.2108]
[-1.3952,-2.2784, 3.009 ,-2.4435, 1.8128,-1.2613, 2.4519, 0.346 ,-1.0779,-2.8032,-2.3505, 1.8848,-2.2774, 2.5669, 1.0549,-0.7234, 1.4898,-2.9694,-1.0282,-3.1128, 1.4085]
[-5.1046, 4.3095, 3.611 , 0.643 ,-1.2391, 1.7059, 2.824 , 0.0558, 0.2545, 0.034 , 0.7412,-0.3527, 2.1789,-0.9809,-2.2412, 3.0412,-2.0158,-1.5589,-0.2983, 0.6001,-0.1944]
[ 4.8996, 3.6878,-1.514 , 2.4128, 0.7215, 2.6266, 2.8785, 1.3839,-3.0032, 0.5725,-0.5033,-1.3165, 0.7152,-1.1665,-2.4882,-0.3864,-0.9876, 1.0159, 1.7626,-2.6851, 2.6469]
[ 0.6211, 5.4857,-0.8248, 2.4948, 1.7111, 2.7024, 2.1358, 2.3421,-2.5627,-1.5432,-2.5524, 1.8442,-0.0839,-2.4223, 1.0188, 1.4   ,-0.4508, 2.5924, 0.5907, 1.7378,-2.9337]
[ 4.6381,-1.0692, 0.0493, 0.6279, 2.1334, 2.9464, 1.2076,-0.292 ,-0.8307,-2.8433,-1.4959,-0.2242, 2.9678, 0.1958, 2.284 , 2.7059,-0.7249,-2.8706,-0.6566,-0.0594, 0.2892]
[-2.0281,-3.1269,-1.301 , 0.1176, 2.424 , 2.4911,-1.5348, 2.555 ,-0.7078,-2.2602, 2.1792,-1.743 , 2.7509,-1.7448, 2.1362, 1.9443,-2.8037, 3.0154, 0.0102, 0.56  , 1.3088]
[ 3.4686, 0.3831, 1.939 ,-2.7008, 0.3199,-2.5125,-1.1414, 1.7688, 2.1259, 2.9126, 0.737 ,-0.9735, 2.6745,-2.2615, 1.6688, 1.6785, 0.6721, 2.5175,-3.0941, 2.5682,-0.09  ]
[ 0.2147,-1.3624, 1.9293, 0.0545,-2.3153, 0.5052, 0.1785,-2.4496,-2.8914, 0.1749, 1.4037, 2.4721,-0.9568, 1.9689, 1.825 , 2.7107, 2.1025, 2.4507,-2.0503, 2.8189,-2.4575]
[ 5.3851,-4.4543,-2.4337,-2.9754,-0.2443,-0.6555,-2.5141, 2.8366,-0.7089, 1.5221, 1.121 ,-1.2197, 1.8431,-0.8559,-1.6021,-2.0936, 2.9495,-2.3822, 2.3864, 0.2124, 1.3121]
[-5.215 ,-3.1234, 5.1359,-1.2146, 2.2656,-1.6745, 1.9949, 2.701 , 2.0325,-1.4002, 1.3154, 0.2721,-0.3408, 0.1606, 2.1172, 1.8788,-2.0525, 1.3377,-2.7037,-1.7749,-1.7408]
[-3.2591,-3.3153,-2.9203,-3.0214, 2.8025,-1.5458, 0.4581,-2.4335,-2.4253,-1.0121,-0.5134,-3.0632,-1.426 ,-1.3849,-0.5671,-1.3677,-2.6772, 2.0325, 1.5708,-0.1741,-2.4578]
[-1.5348, 2.7527,-3.1504,-3.0683, 0.5482,-0.7252, 2.3656, 2.6851,-2.2118, 0.9782,-1.1234, 0.9585,-1.6601, 1.2565, 1.6695,-2.4224, 1.8767,-1.76  , 0.1355,-1.0693,-2.0437]
[-5.3488,-2.5143,-5.1174,-2.074 ,-0.9858,-2.7634, 1.4548, 2.0264,-2.2529, 0.1981, 0.0701,-2.8707,-0.0466, 2.4201, 0.5903,-1.652 , 3.0104, 1.4584,-2.9927, 2.3157,-1.5858]
[ 4.178 , 3.3808,-5.1499, 2.5466, 3.068 ,-0.3239, 2.6628, 1.3589, 2.6518,-1.1463, 2.3278, 1.9731, 1.391 , 1.2569, 0.7415,-0.4541, 1.7902,-1.8988,-2.2386, 1.6779, 0.9164]
[-2.1093e+00,-4.2296e+00,-2.6186e-01,-1.4762e+00,-1.2184e-02,-1.0460e+00, 1.3271e+00,-3.8271e-03,-1.4436e+00, 1.5213e+00, 4.7103e-02,-1.0036e+00,-3.0972e+00, 3.5691e-01, 1.6384e-01,-3.5489e-01,-2.2453e+00, 1.9816e+00, 1.8345e-02, 2.0405e+00,-2.0271e+00]
[-2.6542,-1.8561,-0.7616, 1.9268,-2.6985, 1.4416, 2.3859, 0.037 , 1.04  , 2.7469,-0.2296, 0.0099, 0.2887, 0.4213, 2.8413, 1.204 , 2.58  , 0.3693, 1.6328,-0.3308, 1.9116]
[-0.2087, 5.2154,-3.785 , 2.6204,-0.3957, 1.3164, 2.4449,-1.7083,-0.5276, 0.3039, 0.7683, 1.989 , 0.7698,-2.3271, 1.7354, 0.9492, 0.8351,-0.1467,-1.6103, 0.0376, 2.2537]
[ 0.596 ,-0.7671, 4.4294, 1.7303,-2.0352,-2.5146, 2.5791,-1.0295, 1.5397, 2.8191, 0.5466,-1.7378, 1.7307, 2.7295, 0.3062, 1.5687,-1.9458,-3.0504,-2.8688,-3.0942, 1.7455]
[ 2.4258,-4.9789,-5.0122, 0.4039, 0.0203, 1.7712, 0.5098,-3.0886, 1.4518,-2.3861, 0.969 , 2.3591, 0.6232, 1.389 , 2.5095, 2.3273,-0.6303, 2.2553, 3.0772, 1.3162, 1.5733]
[ 2.1656,-1.6001,-3.5883, 1.7432, 1.936 ,-1.352 ,-2.1318,-1.5826, 2.4188,-0.2285,-2.0781, 0.0938, 0.0215, 2.7845, 0.5197, 1.8843, 1.8038, 0.8486, 1.6486,-2.7446, 2.8976]
[-5.191 ,-4.5857, 0.6786, 3.081 , 1.7617, 2.9551,-2.5659,-2.4696,-0.2564,-0.4758,-1.0352, 0.9067, 1.6831,-0.0964, 0.6567,-3.1234, 2.5109, 1.8189, 0.5762, 3.0476, 3.0745]
[ 4.066 ,-2.8153,-4.4114,-0.4716,-1.5173,-2.6275,-1.4535, 1.7004, 2.0226,-1.4518,-0.4555, 1.976 ,-2.7253, 0.1728,-0.7278,-2.0425,-0.1875,-0.179 , 1.7998,-0.3346,-0.0416]
[ 2.9943, 0.6093, 3.0659, 0.4613, 1.8389, 1.208 , 1.5569, 0.5063,-2.3304,-1.0061, 0.6625,-0.9744, 0.1527,-0.8318, 0.7446,-0.7302, 0.5295,-1.9598, 0.6824,-2.5221,-1.2063]
[ 2.3376,-1.0659,-0.4167, 3.0593,-1.0031, 0.6588, 0.9019, 0.7995,-0.3705,-1.6977,-2.1663,-2.92  ,-0.9599, 0.8311,-2.7435, 2.1109, 2.4345,-0.3586, 0.228 , 0.0234, 0.9657]
[-0.3088,-3.95  , 4.1672,-1.2875, 1.2202, 1.1199,-0.298 ,-1.8111,-0.4036, 2.7358,-1.3256,-2.3279, 0.329 ,-2.8485,-2.4769,-0.1505,-0.2562,-0.6939,-1.4764,-2.7999, 1.1636]
[ 2.6729, 1.3106,-3.2277,-2.5853, 0.8812,-0.4425,-2.6379,-3.1027,-2.7568, 1.0761, 1.183 , 3.1005, 0.1178,-2.8571,-0.8559,-2.9337,-1.8447, 2.3375, 0.723 ,-2.5194, 0.5108]
[-0.6093,-1.3744,-1.3417, 1.5645,-0.0866,-1.8513, 2.9927,-0.9434, 2.0297, 0.3442,-2.2084,-0.6279, 1.3956,-2.2561,-2.943 ,-1.9765, 0.2171, 1.9002, 2.635 ,-0.2939, 1.4642]
[-4.4527, 1.8362,-2.2953,-1.4125, 0.1546, 1.9287, 2.568 ,-0.9979, 1.9702, 2.3848, 2.9006, 2.4445, 0.5648, 1.5094, 0.0691,-0.3062, 2.685 , 0.0191, 0.7219, 0.4428,-0.5551]
[ 0.204 , 2.754 , 2.2872, 1.9271, 1.7312,-2.2624, 2.5204,-1.4742,-0.715 ,-0.8181,-1.257 ,-1.1842, 2.3423,-0.3264,-1.1049,-2.3282, 0.813 , 0.9348,-0.8169, 1.7523,-2.0821]
[-4.7562, 4.0012,-1.549 , 1.3448, 2.7414, 0.8249,-2.3973, 1.1124, 2.5338,-2.5957,-3.0648, 1.0474, 0.8559, 2.2632, 1.1669, 0.7922,-0.9355, 0.3858, 1.7356,-0.4457,-2.7035]
[-2.3934,-4.2201, 5.3778,-2.1865,-0.8683, 0.9965, 1.1083, 2.3305, 1.0534, 1.7365,-2.5158,-1.961 , 1.4477, 0.8391, 2.8201, 1.1932,-2.0466, 1.6411, 0.3967, 2.4414,-1.9772]
[-4.6657,-1.8126,-0.1385,-0.8211,-2.1494, 0.2289, 0.1617, 1.144 , 2.9992,-0.7702,-2.5779,-1.6967,-3.0053,-1.3812,-1.1405,-2.3739,-0.2373, 2.007 ,-1.6783, 0.1519, 2.2692]
[-0.0045,-2.5321, 0.3854,-0.5553,-2.3406, 2.5906,-0.3064, 1.8989,-2.0503, 0.322 ,-2.4915,-0.3867,-2.7529,-3.0343, 1.6936, 0.2698,-0.2539, 1.5352,-1.434 ,-1.7122,-0.0833]
[-2.4053, 5.1503, 2.9738, 1.6146, 1.5697,-0.3263,-3.0728,-2.1934, 1.8977, 3.0958,-2.3613,-1.8988,-0.0213,-1.8002,-1.7242,-0.203 ,-2.0353, 0.3025, 0.475 , 3.099 ,-2.4304]
[ 2.9057, 0.4237,-5.0899, 1.6831, 1.2205, 2.0674,-2.8091, 2.9376, 2.3273, 0.464 ,-1.2349, 0.0399, 3.082 , 2.8992,-2.1065,-2.6902,-2.1336, 2.0254, 0.9867,-2.39  ,-1.8663]
[-2.6739, 3.4248,-1.6028,-2.6422,-2.8881,-2.475 ,-2.8183, 1.1824, 0.7518, 2.3777, 0.3717, 0.2933,-2.6529,-2.6194, 0.2884, 0.5277,-1.0733, 2.5706,-1.9126, 2.2731,-0.8931]
[-0.3391, 5.2509, 0.6715,-1.2485, 2.5836,-0.9628,-2.0833, 0.3738, 0.556 ,-0.8634, 1.7377,-0.0471,-1.1623, 1.8657, 2.5912,-2.8824, 0.1027, 0.9435, 0.5573,-1.5149, 2.282 ]
[ 5.1614,-3.0218,-2.6988, 2.1945, 2.6069,-1.5533, 0.4887, 1.4993, 1.5921, 2.6641,-0.6424, 1.6839, 2.7037, 1.9216, 2.2157, 2.3936,-1.0906,-1.6086,-0.7065, 1.4552,-1.952 ]
[-2.6236, 3.7752, 1.3459,-3.1014, 2.019 , 0.5873,-2.5881,-1.1399,-1.2509,-1.2977,-0.347 , 1.4206,-2.9465,-1.5769, 2.8253,-0.475 ,-0.5873, 0.0726, 1.1955, 2.1367, 2.0431]
[ 3.7806,-4.8961, 1.0435,-0.5701,-3.1306, 1.4293,-1.4986,-1.4982, 1.4912, 0.9182,-1.5491,-2.8205, 1.1146, 0.5619,-1.6045,-1.5819, 2.9055,-2.7027,-0.2249,-2.5435,-2.4213]
[-2.3589,-1.455 , 1.9056, 0.3598, 2.3515,-0.2033,-0.0039, 0.9088, 0.0817,-2.1921,-1.6069, 1.1664,-1.7432, 2.6934,-3.0375, 2.063 , 2.6772, 0.3011,-2.5844, 0.9991,-2.3643]
[ 3.7214,-2.5949,-0.5039, 2.372 ,-1.6733, 2.2348,-2.3578,-0.4127, 0.7225, 0.0338, 0.4718,-2.7666,-1.308 , 0.7295, 0.8777, 0.4963,-2.4371,-0.0632,-2.4867, 1.7239, 1.7614]
[-1.161 , 3.3746, 2.7075, 2.5577, 1.4593, 2.2764, 2.4791, 2.6531,-0.5925, 0.2078,-1.4216,-3.1019,-1.9776,-1.9059,-0.7831, 0.3912,-0.1982, 2.4706, 1.1308, 0.7   , 2.3595]
[-4.5356, 0.6749,-4.5421,-0.1046, 0.1904, 1.4706, 0.1317,-1.6862, 0.2212, 1.3733,-0.3073,-2.9526, 2.1265, 1.1559, 0.4967, 0.1948, 1.1087, 1.7482,-2.0501, 2.2403,-1.6656]
[ 0.7351,-1.2098,-0.3002, 2.5013,-0.4082, 2.0275,-0.1003,-0.949 , 3.1131,-1.4311,-1.6332, 2.9577, 1.0787,-1.6894, 0.8154, 0.6352, 1.8728, 0.4443, 2.873 , 0.8408, 1.6142]
[ 0.9388,-0.0612,-1.521 ,-1.1843,-0.8325,-1.4535,-2.8343, 1.3438, 2.2494, 0.9688,-1.4024,-2.1079,-2.8314, 2.7595, 2.8887,-1.5537, 1.6783, 2.8927,-2.2949,-0.6638, 0.371 ]
[ 0.1545, 3.3876, 0.2557, 2.7147, 1.6619,-1.3725, 1.0909,-0.2139,-0.1621,-3.0133, 2.3034,-2.5313,-1.2159, 2.7324,-1.2785,-0.4571,-1.6597, 0.6862,-0.9664,-0.1618,-2.6382]
[-5.4088,-2.4844, 2.633 , 1.6304,-1.0589,-0.6101, 1.6464,-0.7847, 2.6569,-2.5647, 1.0666,-2.6428,-1.5362,-2.3418, 0.6657, 1.8091,-1.3046,-0.4482,-2.3987,-2.8737, 1.2603]
[-1.0729,-1.2985,-2.0634, 1.8256, 2.551 , 0.9661, 1.1398, 2.5035,-2.3051, 0.3648,-2.964 ,-2.051 , 1.1772, 1.7612, 2.4981,-1.3736, 2.3791,-1.0651,-1.8662, 1.5612, 2.6201]
[-4.4307, 0.3508, 4.4038, 0.771 ,-2.6849,-2.4287,-1.7701,-0.6855,-2.0303,-1.7171,-0.1641,-2.5655, 1.3635, 1.1975,-2.4876,-3.0829,-2.7699, 2.3119, 2.0274, 2.0285,-2.0326]
[-4.1822, 3.5281,-2.5716,-2.6154,-2.4616,-0.3393,-1.3364, 3.055 , 1.6442,-2.5594,-1.79  ,-1.8384,-0.3836,-0.6145,-0.8031,-2.3608,-1.7969, 1.8902, 0.186 , 0.9787, 0.3727]
[-2.4777,-4.2053,-1.3304, 0.9887,-2.2439,-2.8109, 2.6245,-2.2579,-2.9288,-2.323 ,-1.4934, 3.055 , 2.4144, 1.268 ,-0.7967,-1.3595, 1.0064, 0.3986, 0.6733, 2.2774, 2.3015]
[ 2.6092, 1.3881, 4.2353, 0.963 ,-1.8402, 1.7646, 0.7708, 2.6967, 2.2164,-1.41  , 2.1556,-1.8779,-0.4055,-2.6737, 1.8435, 2.3529,-0.2031, 1.7815, 2.2128,-1.2258,-2.2222]
[-0.3672,-2.4775,-5.2749,-2.7973,-0.8883, 1.4496,-1.106 , 0.451 , 0.9861, 2.9564,-0.5501, 2.3412, 2.9989,-3.1241, 3.1264,-0.9178, 1.2511,-1.2077, 0.9971, 1.0924, 1.9398]
