[ 0.7643, 4.2428,-1.3676, 2.5953, 1.5437, 0.0118,-3.0573,-1.4014, 1.9359, 1.687 ,-2.0462, 1.9129,-2.7092, 2.3161,-1.7835, 2.259 ]
[-4.4846, 5.4636,-0.848 ,-0.0096,-0.2583,-0.5507, 0.23  , 1.8752, 2.8753, 0.1975,-2.0299, 1.2829,-1.7035,-1.4656, 2.1206, 2.9899]
[-7.7476e-01,-2.2187e+00, 4.4398e+00, 1.8388e+00, 2.0892e+00,-4.3678e-01, 2.1574e+00, 2.2583e+00, 2.8295e+00, 5.0686e-01,-3.0657e+00,-1.3442e+00,-2.6849e+00, 1.0810e-03, 5.2537e-01, 1.0665e-01]
[ 0.4266, 1.9852, 4.1707, 2.9208,-0.1825, 1.9394, 2.0039,-1.1161,-2.0724, 2.6623,-2.9873,-2.6417, 1.952 , 2.2726, 0.5673, 2.9631]
[ 4.8128, 3.0739, 1.9726, 1.0967, 2.5152,-1.1443, 0.4823, 0.8872,-1.197 , 1.7301, 0.4628, 0.2785,-1.291 , 0.0762, 2.1276, 2.1624]
[ 5.4364,-2.9411,-0.2138, 1.8661,-2.7452, 1.578 , 3.006 , 2.8933,-1.3244, 3.0287,-3.0236, 0.0875,-1.2412,-1.5985, 0.2396,-2.6375]
[ 1.119 , 1.002 , 2.5517,-2.5547,-0.4849,-1.5626,-1.7055, 3.0845,-1.9143, 2.5592, 1.1303,-0.4677, 0.4497, 2.0782, 0.8556, 0.0464]
[ 4.2668,-4.608 , 0.582 , 1.7536,-0.6738,-1.9852, 0.1198, 0.3204,-0.8605, 0.6997, 1.3755, 2.8608, 2.4017, 2.6864, 0.4278,-2.0907]
[-5.4991, 3.2772, 3.4155,-3.0615, 1.5476, 0.85  , 2.2631, 2.2024,-1.1148, 0.8138, 2.5368,-0.7028, 1.3818,-2.1992,-0.4171,-1.3265]
[ 4.9201, 4.2029,-1.0595,-2.368 ,-2.9988,-0.8511, 1.7122,-2.0391, 1.0823, 0.6434, 0.6954, 3.0739,-1.4126,-2.431 ,-2.1953,-1.4222]
[ 1.1868, 2.5969,-3.3027,-0.0156, 2.8786,-1.362 , 2.83  ,-2.4956,-2.5223,-1.4423, 0.4865,-2.9021, 2.1632,-0.8245,-2.1004,-1.1226]
[-2.8854, 1.2629, 4.7842,-2.5576,-0.8008,-1.1928,-2.8525,-0.5801,-2.002 , 0.9205,-2.2286,-0.7986, 2.5717,-0.4512,-2.1692,-2.2672]
[ 2.9632,-3.4193, 2.2441, 1.6728,-0.71  ,-3.0561,-0.3507,-0.3506,-1.6992, 0.664 ,-2.6525, 1.947 , 1.7126,-0.2731, 2.053 ,-0.4072]
[ 5.2092, 5.1213, 5.2579, 0.9482,-1.68  ,-0.9956, 0.7009,-2.2887,-3.0558, 0.2588, 2.2185,-0.3121, 3.1161, 1.8699, 1.336 , 1.2477]
[-1.8764,-2.4146, 5.0004,-2.6262,-0.7471, 1.5665,-2.2293,-2.8902,-2.9764,-2.046 , 0.189 ,-1.8093, 1.3693,-0.3408,-3.0017, 1.2441]
[ 0.1758,-4.8808,-4.6442, 1.0292, 2.6678,-3.0882,-1.4667,-0.627 ,-0.5327, 3.0681,-2.6507,-0.8634, 1.3705,-1.9549,-3.0732,-0.6003]
[-0.7443, 1.6384, 3.4132, 2.2975,-2.6381,-0.7877,-2.0582,-1.4226, 0.3691, 0.6045, 3.0691,-2.1824,-2.295 , 1.7173, 1.3801,-2.9813]
[ 1.3949, 5.3741,-5.107 ,-1.2325,-0.401 ,-3.0099,-1.9848, 0.9225,-2.4619, 0.953 ,-2.5165, 2.4755,-0.4711, 1.1594, 0.1689,-1.3991]
[-5.0334, 0.3866, 4.9914, 2.3652,-0.1677,-2.4366, 0.7113,-1.1369,-2.492 ,-1.3496, 2.9888, 2.1189,-1.4759, 1.8016,-2.6041,-0.4634]
[ 1.6317, 0.4481, 1.5985, 0.4895, 0.8607, 0.1924,-2.362 ,-3.0189,-1.9493,-1.7088,-1.1743, 2.9456,-1.4336, 1.6321, 1.2497, 0.4651]
[-5.0248,-0.7371,-0.229 ,-2.0193, 1.8017,-1.8526, 2.6511,-1.2127, 0.7204, 0.7694,-1.5052, 0.6648, 1.8612,-1.3601, 2.717 , 1.1068]
[ 3.9344, 2.4685,-1.8293, 1.6791,-2.484 ,-0.5746,-0.706 , 0.9736,-2.1601,-1.6166,-2.5586,-2.4359, 2.7543,-1.8822, 0.8909,-2.7707]
[-2.7971, 2.9032,-1.298 , 0.3773, 1.6442, 0.6843,-1.1349,-1.4589,-2.1271, 0.7555,-0.5138,-2.833 , 1.0816, 1.6203,-2.5111,-2.5796]
[ 4.2959,-1.7126, 4.7847, 0.8073,-0.4314, 0.9701,-0.3666, 1.3828,-1.0525,-2.5117, 0.4405,-2.0977,-1.8696, 0.3817,-1.4691, 0.1853]
[-2.9988e+00,-1.9302e+00, 3.8236e+00,-1.6876e+00,-5.8490e-01,-7.0311e-01,-1.7425e-03,-5.3762e-01, 1.1183e+00, 2.7210e-01,-2.1645e+00,-1.0213e+00, 1.7068e+00, 1.5618e+00,-7.4828e-01, 1.7313e+00]
[ 2.0294, 3.7575, 3.681 ,-1.4103,-2.4726, 2.2823, 2.2863, 0.4997,-2.4362,-2.132 , 0.6084, 0.422 , 1.4638, 0.5769, 0.2613,-2.4553]
[-5.1092, 3.3814,-3.701 , 2.7667, 2.2629,-1.8954, 1.3552, 1.643 , 1.8348, 1.5828, 0.8091,-0.4519,-1.4019,-0.6649,-2.2471, 2.4296]
[-0.9449,-3.7879,-3.2729, 2.5759, 2.7356,-1.7341,-1.8781, 2.5707, 2.3247,-2.5049, 2.9922,-0.542 ,-2.3449,-1.2149, 0.6416,-0.8518]
[ 0.1304,-5.4749,-5.0913, 0.8409,-2.4545,-0.1933,-3.056 , 1.7579, 0.1644,-1.9783, 2.2025, 2.7366, 0.2042, 1.9538,-0.8329,-1.7577]
[-1.7196, 3.7887, 4.7792,-2.5216,-1.1882,-2.472 , 0.8927,-2.3489, 1.5311, 1.3773,-1.7019,-1.1841, 1.9721, 0.9279,-2.6214,-1.7433]
[ 4.4087, 2.4453,-0.5089,-0.383 , 0.556 , 2.9976, 0.5052,-0.7102, 2.9927, 1.1709, 2.5999, 2.5538, 0.3924,-1.8459, 2.3747, 0.2594]
[ 2.4013, 0.2107, 4.9546, 2.1902, 0.907 ,-0.3621, 3.0907, 2.2456, 1.9351,-2.648 ,-2.372 , 1.917 , 2.0287, 1.0162,-1.799 ,-0.2455]
[ 4.3492,-3.269 ,-0.1078,-0.9745, 1.2012,-2.2403,-0.1194, 2.8377, 2.3449, 1.6659,-2.717 , 1.5682, 1.7689, 2.0563, 1.775 , 2.9222]
[ 4.8678, 5.3027, 2.1726,-0.9228, 1.341 , 1.8484,-1.2654,-2.5933,-1.5092, 0.812 , 1.2278, 2.6105,-2.1124,-0.2731,-1.1973,-1.1585]
[-3.0985, 1.6868, 0.0064, 2.428 ,-2.705 , 1.2566, 2.4206,-2.7136, 0.8191, 1.486 ,-1.5464, 2.4925, 0.5068,-1.28  , 2.2679,-2.3932]
[ 4.3844,-1.7386, 1.8125, 0.6975, 2.5571, 1.5865, 1.1027,-0.0405,-2.0943,-1.1708, 0.3273,-1.3392,-0.583 , 2.3914, 0.203 ,-1.2403]
[-5.1537, 0.3178, 2.7294,-0.2629,-0.0314,-0.4807,-2.5811,-1.0235,-2.0565, 0.8523,-0.1502, 1.8988, 1.8584, 2.1594, 1.1349,-2.3396]
[ 1.7694,-3.1752, 0.7162,-0.2803,-1.3903, 1.1237, 1.7407, 1.7823,-1.1256, 1.7891, 2.8473,-2.4627, 2.7661,-0.916 , 2.2543, 0.2271]
[-0.722 ,-5.4837, 0.3795,-2.9316,-1.8929,-0.8446, 0.79  , 0.7325,-1.3847, 2.5828, 2.0236,-1.6517, 1.1457,-0.6503,-2.038 , 1.055 ]
[ 3.3122,-1.3396, 1.9353,-1.9305,-1.8687, 1.2799, 1.2405,-1.817 , 2.4824, 0.6902, 1.4463,-2.8388,-3.0622, 2.845 , 0.7559,-1.3119]
[-5.4147,-0.5365,-4.2044, 0.8027, 1.3577, 1.0361,-2.6456,-0.1464, 1.2003,-2.4739,-1.441 ,-1.7224, 2.0452,-2.6695,-1.8105, 0.3358]
[ 2.4958,-2.3387, 1.7245, 1.2023,-2.8418, 1.0567, 2.3962, 0.6292,-0.5317, 1.2914, 0.9787,-2.4517,-1.7519,-3.0686,-1.0959,-1.6994]
[-0.6782,-3.1781, 3.1512,-2.5838, 1.3817,-0.1366, 0.2104, 2.3023, 3.0946,-2.0605, 2.4474, 1.3637, 1.0871, 0.3544, 1.0231, 1.5371]
[ 5.0016,-4.1155, 4.2873, 0.4635,-3.0866,-0.553 , 2.6535, 1.7154,-2.8061, 2.7906,-1.0723, 1.3494,-0.7108,-2.0857, 2.0551, 1.2461]
[-5.1226, 5.4233,-3.4563,-1.0649,-2.0768,-0.9406,-2.135 ,-0.0129,-2.5412,-1.1027, 1.9935,-2.1942, 0.8207,-0.8519,-1.4333, 0.047 ]
[ 1.9118, 4.0406, 0.6225,-2.3926, 0.8048, 2.5093, 2.5461, 1.7916,-0.3728,-3.1217, 1.7262, 2.3782,-0.8821,-2.5157,-1.979 ,-0.2587]
[-4.2369,-2.9203, 5.4036,-0.6124, 2.469 ,-2.0014,-2.3051, 1.5229, 2.0646, 0.9121, 2.687 , 0.2665,-1.3297, 2.8963, 0.4729,-0.5652]
[ 2.8964,-1.9491,-3.5017,-0.9468,-0.8044,-1.5358, 1.1085, 2.6866,-2.9086, 0.3624, 1.9407,-1.0777, 3.0126,-2.556 ,-0.1694, 2.3404]
[-1.6668,-2.3986, 0.8712,-1.1853,-2.0506, 0.9247, 2.976 ,-0.4811,-0.9947,-1.751 ,-1.2037,-2.3073,-0.0208, 0.199 , 1.6823,-2.1686]
[-4.6958, 2.5333, 5.1497,-0.1502, 0.3964, 1.4753, 1.72  , 2.5961, 0.7081, 3.0045, 1.4234, 1.7477,-0.6952, 0.0424,-2.4686,-0.4385]
[ 4.2008,-1.7827,-3.8488, 1.9663,-1.5578, 2.9921, 2.8034, 0.6505, 0.9089, 2.5256,-2.8175,-2.5116, 1.3451, 1.0028,-2.6662, 2.1454]
[ 1.543 , 0.6135,-3.8122,-1.3073, 0.4679,-0.353 ,-1.4662,-2.591 ,-0.794 , 2.7953,-2.1325,-3.1104, 2.7595, 2.5043, 0.5874,-1.5815]
[ 5.2516, 3.8042,-1.1485,-0.0418,-2.9178,-0.6993, 1.6384, 2.4269,-2.783 ,-1.8163,-1.5738, 0.4494, 1.7757, 0.0321,-0.2428, 0.0303]
[-2.1121, 4.8389, 2.7784,-0.1244,-2.5575,-0.7662, 3.0939,-1.5881, 2.0671, 2.8271, 2.3058, 1.1896, 1.4924,-0.7776,-2.1636,-2.9143]
[-2.6293,-1.4326, 5.2135, 1.024 , 3.0244,-3.1141, 2.9435, 2.6555,-1.5952,-0.9754, 0.9072, 0.4351, 2.3419,-2.8388,-2.3643, 0.0859]
[-2.8812, 2.2824,-4.3591, 0.4671,-2.3604,-0.939 ,-2.0082, 0.126 , 1.6567,-0.3259, 1.1371,-1.6099, 0.5577,-1.1109, 0.4305,-2.0554]
[-2.5489, 0.8699, 1.4608,-3.021 , 0.3239, 1.2727,-1.0487,-2.6265, 1.4652,-1.2532, 0.121 ,-2.5212, 2.7889,-0.0581, 0.8463, 1.8912]
[ 5.3795,-3.7656, 4.672 ,-2.1602, 0.9563,-0.4915,-3.0116,-3.0161,-2.412 , 0.0916,-2.2173,-1.3118,-0.0488,-2.0288,-1.061 ,-1.1828]
[-0.1713, 4.4787,-1.1546, 0.0505, 3.1344,-0.4449, 2.9492,-2.9344,-0.8171, 0.8432, 3.0374, 2.0193, 1.7686, 1.5673,-2.3012,-1.4123]
[ 0.5841,-2.0552, 2.969 , 2.8576,-0.0413,-0.3196,-0.623 , 0.8076,-1.5314, 1.7669, 2.5285,-2.3488,-0.8297, 0.9084,-2.944 , 2.9163]
[-0.5046, 3.1522, 2.7466,-1.4059,-1.6633, 2.1292,-0.6702, 0.7074, 0.4474, 2.1046, 3.011 , 1.7651, 1.4549, 1.0654,-2.878 , 2.7545]
[-4.2508, 0.309 ,-2.9298, 0.4737,-1.4806,-2.7513,-2.9731,-0.6424, 0.1849, 0.2783, 2.8568,-0.1192,-2.7343,-3.0157, 1.0874,-0.35  ]
[ 0.0897,-3.9756, 2.5796,-3.0436,-1.3451, 2.4387, 1.8267, 1.776 ,-2.4677, 2.4504, 0.9878, 0.987 ,-1.3961,-2.1212, 0.911 , 0.0465]
[ 1.8729, 1.3824,-1.1659,-3.0985, 1.8389,-2.6897, 0.1883, 2.0891,-0.2691, 0.6197, 0.9743,-2.7738,-2.6875,-0.1563,-0.4533,-2.809 ]
[ 4.5731, 4.2209, 2.8994,-0.0874, 0.8162, 2.6957,-1.396 ,-0.5444, 1.2989,-1.1481, 0.049 ,-1.1447, 2.3659, 3.1096,-1.5617,-1.7066]
[-2.8148, 1.7436, 0.1179,-0.2135,-1.5022, 0.5391, 1.5714, 1.2197, 2.0941,-0.7992, 2.3418, 2.4234, 2.5995,-2.9988, 0.0635,-1.4952]
[-0.7072, 0.3603, 2.0362,-2.1466,-0.5434,-2.2862, 0.1447, 0.6222,-2.8661,-0.8793, 1.7231, 2.3586, 1.2563, 1.5738,-2.0437, 2.5437]
[-2.5228,-5.2056, 1.6891,-0.9837, 3.0458,-1.6211,-2.967 ,-0.3123, 0.758 ,-0.7062,-1.103 , 2.9545, 0.5588, 0.9273, 2.2977, 2.2681]
[-2.2859, 0.3914,-1.5662, 2.5346,-1.5372, 3.0711,-1.2321,-0.3877,-0.5769,-0.9723,-2.1984,-2.2769, 2.8596,-2.6391, 1.1935, 0.4146]
[-3.538 ,-3.6798, 3.3852, 0.9029, 2.1364, 1.6505, 2.8609,-1.5464, 0.0088,-0.0839, 0.8641, 2.5086, 2.2325, 1.5599, 3.0558, 3.0428]
[-5.1339, 3.0759, 0.5266,-2.1495,-1.4664,-0.4272,-2.9904,-0.7114,-1.8387,-2.1415, 3.0961,-2.3783,-0.6822, 3.0571,-0.5653,-2.5401]
[ 2.6561e+00,-4.1811e+00, 3.2555e-01, 1.4587e+00,-2.4372e-01,-6.5078e-01, 1.9499e+00, 1.7140e+00,-2.2034e-01,-2.4580e+00, 3.2637e-03, 1.0122e+00,-1.8207e+00, 2.4988e+00, 9.0248e-01,-1.5812e+00]
[-5.1379, 2.8035,-3.6878,-1.7996, 1.5805, 2.2688, 1.8554, 0.0776, 0.1378,-1.2563,-1.4739,-0.2609, 2.2732, 2.9016, 1.4962,-0.0193]
[ 3.6505,-2.6499,-1.8038, 1.4197, 2.1556,-3.0525,-1.7871,-0.1339, 2.0317,-2.9162, 0.7744,-1.4824,-1.6226,-0.4086,-0.9965, 1.2168]
[-3.2957, 0.4877,-2.5568, 2.744 , 0.0898,-2.2872, 0.535 ,-3.1339, 0.9969, 1.0526, 2.7264, 2.427 ,-2.1356, 2.3473, 1.691 ,-0.0392]
[ 1.7848, 4.5727,-1.8084,-0.5935,-0.6772,-0.139 ,-1.962 , 1.7766,-2.4977,-0.4366,-2.2521,-0.7044,-1.0173, 2.4109,-1.8187,-0.8285]
[ 0.5001, 2.1152,-1.5923,-2.4686, 0.4091, 1.8016,-2.0909,-0.2656, 1.6529, 0.5259,-2.5317, 1.8101, 2.886 , 2.0163, 2.3871, 0.3305]
[-5.0944, 0.0099,-1.9955,-1.723 , 1.0387, 2.6345,-0.2354,-0.3902, 1.8689,-1.741 ,-2.1174,-1.8996,-0.3866, 1.4627,-2.335 , 2.3694]
[-3.285 , 3.5087,-4.0263,-1.9704,-2.2576, 2.5885, 0.1407,-2.9608, 3.0084, 2.5764, 0.6706,-1.095 ,-2.3061,-0.7557,-2.9792,-2.7445]
[-3.0181,-4.3491,-3.9981,-0.3717, 2.6234,-2.2282, 1.6644,-0.9817, 2.195 ,-0.3329,-2.6928,-1.5786, 1.2787, 2.5848,-2.442 ,-1.6629]
[-3.2135, 5.1209, 5.4608,-1.5648,-1.4503,-0.352 ,-0.9919, 0.0876, 2.3492, 2.3416, 2.5409,-1.0526, 0.3722, 2.7223, 2.4673, 2.0846]
[-3.5364,-4.7156,-4.6344,-2.494 ,-1.3329,-0.8933, 0.4082, 1.1305,-1.6964,-1.25  ,-2.9237,-2.8444,-0.0335, 1.5559,-0.5353, 2.6978]
[ 2.2015,-3.396 , 2.8508, 3.0963,-3.1387, 2.0192,-3.1125, 2.4318, 2.8906, 0.9345, 1.2741,-0.2437, 0.2968,-1.6547, 0.6559,-1.8064]
[ 2.469 ,-5.48  , 0.1614, 2.2388, 2.8226,-0.836 ,-0.5675,-2.2547,-1.2568, 2.9451,-0.3278, 1.6454, 0.9052, 1.3498,-0.3504, 1.303 ]
[-1.6355,-3.8851,-2.9709, 1.7403,-1.2865,-2.2658,-0.2218, 0.128 ,-0.1474, 0.4238,-2.1376, 1.9929, 1.5361, 1.1003,-1.6075,-0.5427]
[-4.9707,-5.3188, 4.0379,-0.9223, 2.2287, 0.2294,-2.2383, 3.0008, 0.3926,-2.763 , 1.9618,-2.3469, 1.9577,-1.8463, 0.6906, 0.4907]
[-1.219 ,-1.514 ,-4.4783, 0.2211,-1.5232,-1.4051, 2.2161,-1.1373,-1.5835,-1.6852,-0.5039,-0.2295, 0.8385,-3.1187, 0.3725,-2.2939]
[ 4.9881,-0.9138,-0.546 ,-0.3128, 2.379 ,-0.5723,-1.3432, 1.2751, 1.0966, 0.2443,-2.2785, 2.2957,-2.1031,-3.014 ,-1.1002,-0.9566]
[-1.6166, 3.5277, 0.9137,-2.0632,-0.6488, 2.5693,-1.6981,-0.646 , 0.2612, 2.5534, 0.1349, 2.0237,-2.4929, 0.4948,-0.9016, 0.2061]
[-2.027 ,-2.2438, 1.7525,-2.8929,-1.6632, 1.595 ,-3.1026,-0.3196, 2.2591, 0.6929, 2.8184, 0.7425, 3.0626, 0.8553, 1.4509, 3.1264]
[-2.7241,-1.6429, 2.8753,-1.9207,-1.7592,-1.3893,-0.0142, 1.91  ,-2.2507,-2.0528, 0.3028, 2.913 , 2.6297, 0.09  , 1.6696,-2.1029]
[-2.6256,-2.2759, 1.5716,-2.3602,-1.5454,-1.0149, 1.7132, 2.0017, 0.4189,-0.6485, 1.0568, 0.7679,-1.0699,-2.6142, 1.2693, 1.619 ]
[-2.207 ,-3.3432, 4.3378,-0.8935, 3.1027, 2.4813, 1.0139, 0.6439,-3.0295, 0.7682,-1.2746, 2.3854,-0.3747, 1.6747, 1.2065,-1.4292]
[ 3.15  , 1.26  , 2.357 , 0.2872,-1.352 , 2.8297,-2.1509,-1.6726,-0.9886, 0.5648,-2.7694,-2.5488, 3.0706, 0.9789,-1.6558, 2.5728]
[-3.2764, 2.2536, 2.3228,-1.718 , 0.1047, 0.4501,-1.5201,-0.1355, 2.4198, 0.4587, 2.2085, 2.2107,-0.1406,-3.1402,-0.643 ,-1.2392]
[ 3.7382,-2.3345, 4.917 , 2.988 ,-0.3316,-0.4923, 3.0413, 0.1164,-2.8018,-2.5469,-0.3476,-2.4372,-1.6617,-1.9323, 2.7615,-0.0535]
[-5.4444, 0.2199,-5.4868,-1.0851,-0.041 ,-2.1875,-2.2462, 1.2788,-2.7866, 0.8365,-0.5637, 1.2693,-3.1311,-2.2364,-0.3445,-0.5486]
[ 0.1987,-1.4555, 3.3008, 0.8609,-2.9308, 1.4494,-1.8091,-2.6925,-1.0752,-1.8857, 1.3562,-1.7838, 0.3972,-3.0137,-1.1004, 0.5656]
[ 4.0341, 3.3037,-1.1757, 2.9999, 1.9052, 0.5827, 1.7111, 1.7974,-2.7151,-2.4282,-2.6985,-2.3625,-0.4136,-2.4507,-3.0945,-3.0749]
[-0.4287,-1.2406, 2.5156,-2.2404,-0.6116, 2.7949,-2.8033, 0.342 , 1.0299,-0.7706, 2.2586,-0.0392,-1.5024, 1.9998, 0.3752,-2.6363]
