[ 3.5609, 0.3763,-5.1098, 2.9251, 2.5648,-1.0393, 0.6966,-1.6807, 1.8549,-0.1939,-2.9133, 1.4077,-0.7994,-2.3052,-2.5907,-2.6529,-2.4924,-1.6193,-1.3744, 1.9086, 0.5859,-0.419 ,-2.5648,-0.2721, 1.7709]
[ 1.9138, 5.4458, 4.4898, 2.8528, 1.7304,-0.3201,-0.8129, 0.7156, 1.8932, 2.7946,-1.3211, 1.7924,-1.468 ,-2.0198,-1.3019, 1.3927, 2.5761,-0.6016, 2.3105,-1.6149,-1.6255,-1.7966,-0.2122, 3.1277,-1.5506]
[-3.1713, 3.3851,-2.6186,-1.1377, 1.307 ,-2.9406, 0.2479, 0.9985,-0.399 , 1.7329,-0.2568,-2.5388, 2.3219,-0.7063,-0.1052,-2.208 , 2.5526, 2.7399, 1.2157,-2.8523, 0.0294, 1.7508,-0.5536, 1.0174, 0.683 ]
[ 0.6571,-4.0235, 4.477 ,-0.7551,-2.3867, 2.1906, 0.8445, 0.5137,-0.6034, 2.0963, 1.4052, 2.3536, 2.4506,-1.2973, 1.0997,-1.0058, 1.6193, 1.8329, 0.6284, 1.3647,-1.6987, 2.4774,-1.0842,-3.1305, 1.6426]
[-0.8724,-4.5498,-0.0973,-0.3705, 1.9019, 0.7861,-2.8992,-0.4449,-2.6448, 1.7321, 1.3494,-0.7027,-1.3851, 1.3165,-0.4302, 1.0828, 1.5765, 1.768 , 0.5639,-1.5931,-2.8385,-2.834 , 2.136 ,-1.7541,-2.4115]
[ 0.4519,-2.1166, 3.642 ,-1.0063,-0.0086,-0.4871,-1.7984, 1.595 , 3.0316, 2.2953, 0.0588, 1.912 ,-2.0495,-0.8933,-0.7279,-1.724 , 1.7151, 0.7482,-2.3394,-3.0667, 2.2792, 2.0482, 0.8574,-0.2535, 2.7559]
[ 0.2757, 0.067 , 0.2269, 1.2346,-0.8213,-0.1575,-0.2098,-1.557 ,-2.3617, 1.3447, 1.4276,-2.0124, 0.9348,-0.7315, 0.4596, 3.1   , 0.0279,-1.9239,-0.6307,-1.4955,-0.27  ,-2.8187, 1.9584, 2.5047, 1.2491]
[ 1.0713,-0.1855, 1.7796, 3.0216, 0.014 , 0.6023,-3.0584, 1.0875,-0.3669, 2.0114,-0.947 , 0.0934,-2.2932, 0.5431, 1.3838, 0.4436, 0.3979,-2.5515, 2.9185,-2.943 ,-0.3507, 2.5473, 3.0235, 2.9265, 2.4509]
[-0.9819,-1.5501, 3.031 , 2.3764,-2.658 ,-2.4685,-2.5716,-2.7317,-2.3583,-0.0128,-2.8233, 0.1041,-1.9524,-2.512 , 3.0128,-3.1243,-1.6733,-1.6742,-1.0296, 1.5301,-1.7399, 1.8094, 0.4218,-2.3903, 1.384 ]
[ 1.3144,-0.4327, 0.5474, 0.5462,-1.3716, 0.9711, 1.3337, 3.0455, 1.4961,-3.0807, 2.1815,-0.7024,-0.3171, 0.5903, 1.4389, 2.0269,-0.8417, 2.3408, 2.4603, 1.5255,-0.0421, 0.1067,-2.913 ,-1.3917,-2.8027]
[-2.3653,-0.7529, 2.8043, 1.5172,-0.5773,-3.0328,-1.2549, 2.3621,-0.0924,-1.2379, 1.9503, 2.8519,-1.4601, 2.2849,-1.5317,-2.6894,-1.3547,-0.803 , 0.6978, 2.9326, 0.6477,-0.7645,-1.2759,-2.0621,-1.4564]
[ 5.4434,-3.9099, 2.6935, 2.3937, 2.8969,-0.3863, 2.4867,-1.9227,-1.7915,-3.1131, 2.4252, 1.4798, 0.1397, 2.7286,-0.6113, 1.9942,-0.4051,-1.9873, 1.8091, 3.0412, 2.4686,-1.4767, 1.8276,-0.5734, 2.4858]
[-1.7423,-3.5605,-2.6926, 1.2529, 3.0876,-2.9843,-1.3072,-2.7705, 2.854 , 0.7542,-1.2899,-2.5508,-0.2981,-0.631 ,-2.2625,-1.7236, 0.0839, 1.3749, 0.9074,-0.1409,-0.5641, 3.1001, 0.9356, 1.1357, 2.5779]
[ 0.2847, 4.8034,-4.451 , 1.3887, 0.1359, 0.1789, 0.9836,-2.3709,-0.7299, 1.3889,-1.0881,-2.1411,-1.6977,-0.9942, 2.2577, 2.2596,-2.9831,-0.8262, 0.914 , 1.6887, 1.0126,-1.1   ,-1.4674,-0.9829, 2.5155]
[-5.4636,-0.4371, 0.9504, 0.4173, 0.5986,-2.6258,-2.0704, 2.6899,-2.9077, 0.7676, 2.8441, 2.8427,-0.7323,-1.2306, 1.3441, 2.8128,-1.2633,-2.5911, 3.0064, 1.2222,-1.7813, 0.4753,-2.612 , 0.1306,-0.0438]
[-2.6134,-1.8777, 4.3878, 0.5742,-1.7544,-1.5665,-0.4638, 0.3984, 1.8835,-1.9937, 1.0681,-1.839 , 2.2508, 2.9069,-0.6426, 0.015 ,-0.634 , 0.546 ,-2.0573,-0.1796, 2.2109,-0.4512, 0.2069,-0.0782, 2.8128]
[-5.4175,-4.0335, 1.1103,-2.2558, 0.676 , 1.9051,-1.2962,-1.7461,-0.5981, 0.3862, 0.8655,-0.9419, 2.9341, 2.1405, 2.5168,-3.0757, 0.5095,-1.475 , 2.7383,-2.1762,-2.4524,-0.6637, 2.0349,-2.509 ,-0.0434]
[ 4.8204e+00, 1.5040e+00, 3.0904e-01,-1.8731e-01,-1.7422e+00, 2.4830e+00, 1.9749e+00,-2.7637e+00,-4.2546e-01, 1.7594e+00, 9.5649e-01,-1.0127e+00,-1.6998e-03, 2.7685e+00, 1.9307e+00,-2.9471e-01,-2.1405e-01,-1.2707e+00, 9.6794e-01, 2.4653e+00, 1.1746e+00, 2.1780e+00,-3.6535e-01, 1.3916e+00,-1.5564e+00]
[ 3.6442,-0.6158, 1.9008,-1.611 ,-2.4768,-0.1987, 0.0784, 2.803 , 3.1191,-1.2477, 2.2673,-0.772 , 0.7282,-1.4833, 2.1144,-2.6639,-2.3945,-0.3785,-0.7669,-1.4415,-3.0032, 0.892 , 2.4726,-2.517 , 2.9137]
[-4.1584, 1.2116,-0.9186,-2.4659, 0.5957,-2.2989,-2.0298,-1.1262,-1.9419,-0.0417,-1.8319, 2.169 ,-1.5296,-1.2102, 0.6224, 0.5571,-3.135 ,-1.4365, 2.9873,-1.913 , 2.9989, 0.459 ,-0.2419,-2.2094,-0.2324]
[ 1.5913, 3.0516, 2.5322, 1.5426,-2.9467,-1.3617, 2.0026, 0.4956, 0.3541, 0.5071, 0.1372, 2.174 , 1.1285,-2.3603,-0.0671,-2.2624,-1.1375, 0.0877,-0.6637, 1.1813,-2.7107,-0.8581, 1.2845, 1.9881,-0.0578]
[ 4.4243,-5.0081, 5.4381,-2.2365, 3.1231,-0.925 ,-1.8492, 0.0341,-2.9081, 0.5973, 2.5425,-2.0331, 1.0735, 2.8433,-1.8659, 3.0493,-1.0273,-1.4165,-2.9318, 0.4099,-1.5585,-1.4616,-2.1917, 2.9262,-3.0496]
[ 5.4923, 2.9223, 4.9244, 2.949 , 0.8396,-1.1033,-2.9746, 1.9238,-0.7432,-0.059 ,-0.5705, 1.4822, 0.1606, 2.1439, 2.4543,-2.9424, 1.6659,-0.4175,-2.5146,-2.4634,-0.345 , 1.0665,-0.5078, 1.9542, 2.3538]
[-5.3592, 0.9   , 0.4512,-0.0221, 2.1188, 2.8579,-1.973 ,-2.1517, 0.054 ,-1.34  ,-2.815 , 0.5681, 1.39  , 2.4274, 0.7688,-2.5857, 0.8902,-1.9359,-2.4936,-0.4861,-0.583 , 0.594 , 1.3524,-0.4282, 1.2592]
[-0.4908, 5.2301, 3.863 ,-1.3915, 3.0073,-1.9401,-0.5178, 2.838 ,-0.6583,-0.2468,-1.6528, 1.2359,-0.2964, 2.3415, 1.7359,-2.0134, 0.2502,-2.9995, 2.2838,-0.4349, 2.5034, 2.4757,-2.8012,-1.9348,-2.463 ]
[ 3.8816,-2.0007,-0.0621,-2.9816, 2.4463, 1.5245, 1.0006, 2.9832,-2.9555,-1.2141, 1.1379, 1.6984, 0.6925, 0.4851, 2.7238, 0.9646,-0.5621,-1.753 ,-0.2045, 0.6934,-0.2669,-0.7348,-2.4246, 0.0095, 1.5067]
[-3.676 ,-0.9826,-4.1542, 1.9898,-0.8253,-1.7124,-3.1388, 3.0845, 2.2214, 2.9325,-2.4288, 1.7329, 0.4568,-2.7169,-0.9173, 0.5483,-1.4736,-0.7451, 1.059 , 2.1442, 1.6281, 0.449 ,-2.7415,-0.4098,-0.7337]
[ 1.8898,-5.2585, 2.9041, 1.779 , 1.0048,-2.8282, 2.7435,-1.5615,-1.0207,-1.671 ,-1.5448,-2.3516, 2.7555,-2.3144,-1.8799,-0.1942,-0.0544, 1.5044,-0.3177, 1.6711,-2.6455,-0.2592, 0.0165,-2.5903, 0.1844]
[-3.8528, 3.2493,-0.2439, 1.9048, 2.8394, 0.2949,-2.1897, 2.3225,-2.8082, 0.0847,-2.741 ,-2.0302,-0.7073,-3.024 , 2.9123,-3.0463, 0.043 ,-0.244 ,-2.3447, 3.1253,-2.6442, 1.7655, 0.4928, 1.8586, 1.9472]
[ 0.0271, 2.3952, 4.0796, 0.982 ,-2.6489, 0.7408, 2.6487, 0.295 , 2.4988,-0.9615,-1.4913, 0.7395,-1.0909,-1.4428,-2.7143,-1.4073,-1.4243,-0.7484,-2.2361,-2.6263,-0.0355, 2.4049, 2.0689,-1.5658, 1.918 ]
[-5.0609,-1.8272, 2.9601,-2.9256,-1.8673,-2.1617,-1.0379, 2.0262,-0.3279,-2.7239,-2.212 ,-1.0152, 2.9622, 1.5833, 0.729 ,-1.0379, 0.4429, 2.2943,-0.233 ,-0.7662, 0.6653, 0.8782, 2.0381, 2.0826,-1.4883]
[-3.6507,-1.2619, 2.7577,-2.2411, 0.2903,-1.7118,-2.0308, 0.5692, 2.907 ,-2.5954, 1.5993, 2.6726, 2.5424, 1.6138, 0.2205,-2.3212,-1.8151,-1.1502, 1.1141, 2.6467,-1.7416,-1.7194,-2.4649,-0.2085,-2.1207]
[-2.0048e+00,-2.8423e+00,-4.3523e+00, 1.1329e+00,-6.6082e-01, 2.8501e+00,-2.1779e+00,-2.4806e+00, 2.3427e+00, 3.6402e-04, 2.5475e+00, 7.0063e-01, 2.8083e+00, 5.8122e-01, 1.1866e+00,-6.6179e-01, 2.6607e+00, 1.1128e-01,-2.6792e+00, 2.9367e+00, 3.4580e-01, 3.7437e-01, 1.5818e+00, 1.9398e+00,-2.5967e+00]
[ 0.1656, 1.3268, 1.1141, 2.6866, 3.0557,-0.1263, 0.7593,-2.6468,-0.2093, 2.9684,-1.8015, 0.6611, 0.2348, 1.6006,-0.3752, 0.7607,-2.766 ,-1.5011,-2.9014,-2.5505,-1.0496, 1.9897,-1.1069, 2.3378, 0.1949]
[ 3.4971,-0.6568,-3.9293, 0.4632,-2.6101, 2.5513,-0.5848, 0.4708,-1.8899, 1.1163,-0.8197,-1.5437, 0.2153, 1.8414,-1.9052,-2.7683,-2.4174,-1.2203,-2.2281, 1.8009, 2.1659, 0.0488, 0.8875, 2.6277,-2.3584]
[ 5.338 , 1.3978,-4.0713,-1.9941, 2.7985, 2.3838,-1.8854,-2.0964,-0.2958,-1.2893, 2.4347, 0.0181, 1.7777, 2.7639, 1.2602,-0.0956,-0.8193, 0.0497,-1.6808, 2.2064,-1.6533, 1.3832,-0.25  ,-1.5293,-3.094 ]
[-0.3032,-5.0222,-1.7951,-0.4855, 0.7258, 1.6627, 0.1673, 0.8761,-0.9959,-1.9236, 1.2466,-1.6949, 0.9131, 2.0407, 3.1365, 2.0043, 1.7072,-1.5097, 0.6994,-3.1171,-1.9772, 2.0991, 1.6361,-0.6633,-1.7047]
[ 1.8592,-0.8001,-1.8302,-0.214 ,-0.1333, 0.1021, 0.035 ,-0.0359, 2.3222,-2.9329, 2.2062,-2.1182,-1.0761, 1.0981,-0.8231,-1.284 ,-2.2104,-0.3256, 2.1313,-3.0956,-3.0949, 2.9224,-1.2179, 0.096 , 0.2351]
[-2.2038, 1.8604,-4.767 ,-1.9208, 0.7162,-2.3328, 0.8008, 2.5608, 2.296 , 1.2377,-1.5592,-1.5936, 2.4134, 1.8112,-1.0089, 0.4435, 0.8945, 1.0798,-1.9197,-1.8038, 1.0517, 1.9364,-1.8277,-1.2574,-2.5458]
[-2.926 , 5.0141, 0.7209,-1.1725, 2.8492, 2.5079,-2.0721, 0.2722, 0.5376,-1.5292, 0.9502,-0.7848, 0.338 , 0.9748, 1.2156, 3.0668,-0.6539, 1.0578,-2.3294,-2.4095, 0.1455,-1.5483,-2.5148, 2.9903, 2.0466]
[-4.0644, 4.2042, 2.226 ,-0.1542, 0.5061,-3.1244, 0.3527, 0.5839,-1.8241,-0.4736, 1.5108, 2.509 ,-1.0352, 1.5877,-1.4959, 0.8255,-1.6659, 0.2891,-1.5609,-1.7517,-1.3371, 2.5144, 1.4744,-1.3506, 0.617 ]
[ 5.215 ,-5.3781,-5.059 , 1.2593, 2.9992, 0.3742,-1.5742,-1.9395,-1.324 , 1.5472, 0.0415, 1.024 , 1.7771,-0.7123,-1.7974, 0.2606,-0.9176, 2.7967,-1.9433,-2.4595, 1.2967,-2.2049, 1.8135,-1.0264,-0.6368]
[ 2.5679e+00, 3.6319e+00,-5.0031e+00,-1.2527e+00,-2.1937e+00,-5.9689e-01, 1.5173e+00,-1.3918e+00,-7.9014e-04, 2.7893e+00,-1.6416e+00,-2.5298e+00,-2.9105e+00, 5.8594e-02,-2.5457e+00,-1.8054e+00,-1.6484e+00,-1.2139e+00, 2.3557e+00, 8.5466e-01, 6.6138e-01, 1.1928e+00, 2.6452e+00,-1.7025e+00, 2.3826e+00]
[ 4.938 , 3.633 , 2.5442,-1.603 , 1.8254,-2.1329,-2.2001,-2.1278,-1.318 ,-0.2315, 1.2597, 1.1817,-2.2228, 1.2872, 3.0527, 1.5554,-1.9373,-2.2179,-1.8101, 2.1923,-1.4252,-0.7145,-2.1523, 2.9974,-2.9283]
[-4.1391,-4.3484,-4.9701, 2.4713, 0.8594,-0.818 ,-2.1848, 2.6794,-0.9128, 0.3246, 0.8394,-0.6213, 0.9783,-0.6574, 0.045 ,-2.0121,-1.024 ,-3.1173, 0.661 , 0.6592,-3.1071, 1.3859, 0.3365,-0.6484,-0.0183]
[-3.6041,-3.6805, 4.9363,-0.7054,-0.5576,-0.3484,-1.2464, 1.7015, 1.167 ,-0.3409,-0.3317,-0.6389, 0.3256,-0.3169, 1.3059,-1.4541, 1.7526, 1.6624,-0.7605,-2.3474, 0.1308, 1.1138, 0.3134,-1.0463, 1.4072]
[-4.1705, 1.036 ,-3.0418,-2.2771, 0.4282, 1.5573, 2.4712,-0.9701,-2.8497,-2.7173,-0.4159, 2.742 ,-2.2756, 2.4355, 1.5994, 2.5102,-2.5011,-2.9388,-2.5595,-0.8183, 1.4995,-2.7836, 1.1735, 1.9112,-2.2686]
[-5.0205e+00, 4.4797e+00, 4.3269e+00, 7.5796e-01, 1.1917e+00,-2.2651e+00, 9.3080e-01,-1.9067e-01,-2.0451e+00,-1.6750e+00, 4.6758e-03, 2.8911e+00, 1.4229e+00, 3.7697e-01, 1.3371e-01, 2.5582e+00, 2.9369e+00, 2.7641e-01, 1.3422e+00, 2.1843e-01,-1.5651e+00,-5.1029e-01,-5.8099e-01,-1.6584e+00, 3.0213e+00]
[-5.2708, 4.6402,-2.6592,-2.0537,-0.3389, 1.8334, 2.2861,-0.4371, 2.0893,-2.4218,-2.5601,-2.2979, 0.9386,-1.4346, 1.3199, 2.1328, 1.0756,-2.1259, 1.9768,-1.1528, 2.8691,-2.9051,-1.4584, 2.3922,-2.1807]
[-1.1201, 2.4359,-1.7187,-1.2006,-0.5694, 1.1267,-1.6612,-0.4062, 1.7052, 2.2189, 1.9403,-1.3351, 2.4787,-0.2019, 0.0827,-0.3849, 0.3824,-1.1142,-1.5001, 1.3228,-0.9771,-0.3707, 1.0955, 1.2726,-1.7975]
[ 1.6327, 0.5646, 0.9427,-2.9782,-0.0717,-2.231 ,-2.6476, 2.4698, 0.4283,-2.0026,-0.5273,-0.7489, 2.9501,-1.1384, 1.9113,-0.9463, 0.1312,-0.7729, 1.059 ,-0.5809, 0.4256, 0.4844,-3.1135, 0.2459, 0.4218]
[-2.1455, 0.0545, 2.9695,-2.9222,-0.0782,-0.923 ,-3.0507,-2.0581, 0.9646, 2.9007,-2.5609, 0.1781,-2.8698,-2.0732, 2.3484, 1.3456,-3.1256, 0.7429, 1.4901,-0.6024, 1.97  , 2.4159,-1.3159, 2.5414, 1.0749]
[ 1.3453, 1.6902,-2.1371, 0.0219,-0.4509, 2.2849, 0.074 , 1.7932,-2.7814, 0.2324, 0.1937,-1.9039, 1.2406,-1.4149, 0.6543,-1.4909,-2.1811, 2.2178,-1.7088,-1.0279,-3.118 ,-1.3295,-2.7922, 3.0961,-2.4324]
[-4.4005,-2.3268, 2.2631, 2.642 ,-2.2133,-1.7871, 0.4943, 2.8649, 2.5937, 1.7067,-1.0614,-2.1621,-0.4796, 2.5792, 2.2488, 1.9954, 2.2998, 2.168 ,-0.0808,-1.3222, 1.7043,-2.6372, 3.0143,-1.4163, 1.7111]
[-0.8002, 1.6922,-1.1576, 1.7189, 1.1602,-1.741 ,-1.4563, 0.0436,-2.436 , 2.6297,-1.2993,-2.6172,-2.3591, 2.4565, 1.1081,-1.8239, 1.1192,-0.8566, 1.7108,-2.7141, 2.3271,-1.368 , 2.648 , 1.6493, 0.4497]
[ 1.4962, 5.0975, 5.0326, 2.6181,-1.7588, 3.0382, 0.0506,-2.7075,-3.1368,-0.9423,-0.139 ,-0.4242,-2.311 , 2.2916,-3.1076, 0.1489,-0.9531, 1.7605, 2.4668, 2.7866, 3.1027,-1.5818,-0.5193, 2.4664, 1.3461]
[ 1.8571,-5.0774,-0.949 ,-1.2624, 3.0731,-1.7953,-0.4536,-1.3706,-1.9676,-0.3843,-2.2791,-1.2789, 1.2322,-1.056 ,-1.4732,-2.9429, 2.3158, 1.9684, 2.7305,-0.5348,-0.3484,-0.3239, 2.0222,-1.5801, 1.2792]
[-3.4626,-3.1207, 3.8715, 2.119 , 0.4604, 2.0079,-1.4067,-2.1901,-0.4758, 2.6375, 1.8482, 2.291 ,-2.1354,-0.9193, 2.9811, 2.519 , 1.7286,-1.7923,-1.7376, 0.9592, 1.725 ,-1.3476,-2.8999, 0.8823, 0.5452]
[-2.0679,-5.0698,-2.4063,-1.1755, 2.156 ,-2.6194,-0.0443, 0.4209,-0.267 , 2.4243,-1.9033,-1.3393,-3.0676, 3.0854,-0.3166, 2.2882,-2.122 ,-0.3444, 1.1066, 2.6827,-0.5103,-1.1001,-2.7745,-3.1257, 0.2104]
[-2.3057,-1.5579,-2.8191,-0.4543, 2.9468,-2.3061, 2.8886, 2.4432, 0.9204, 2.6374, 2.664 , 0.9498, 1.3482, 2.2779, 1.797 , 0.32  , 0.2311,-1.5309, 0.4283, 0.0159, 1.277 ,-1.7329,-2.9137, 0.389 ,-0.505 ]
[-1.9587,-4.7485,-2.093 , 2.907 ,-2.3087,-0.3763,-1.4335, 2.5845,-0.538 , 0.8453, 1.7644, 1.6063,-2.7155,-1.8408,-2.8547,-1.4987,-1.0357,-2.4877, 0.3292, 0.5568, 1.1667,-0.9326, 1.0426,-0.7883, 2.7197]
[ 2.2254, 0.2202,-0.0156,-2.5684,-2.2248,-2.3887, 0.5691,-1.6922,-0.5337, 1.4407,-3.1321,-2.7054, 2.5936, 0.9481, 1.1276, 2.2097, 1.7361,-1.5673, 3.0437,-0.3704, 0.3472, 2.0437, 2.5758,-2.1978, 0.7035]
[-5.2863,-5.4781,-0.5767,-0.7044, 2.2269,-1.3977, 2.5929, 0.2793, 2.6842, 1.8622,-2.0734,-0.0826, 2.7494,-0.1386, 0.6077,-1.6736,-2.426 , 1.3801, 0.4268,-1.9749,-1.1379, 1.4973, 1.1609,-0.0073, 3.0378]
[-0.5683, 4.7251,-0.7407,-1.2667,-1.9486,-2.338 ,-0.1157, 2.643 , 1.3663,-1.1803, 1.1172, 0.5239, 1.3554,-0.5788,-1.6977, 2.297 ,-0.4064,-1.4739, 1.7176,-0.374 ,-2.9277, 2.318 , 1.6049,-2.6771,-1.4327]
[ 3.202 , 4.0037, 5.446 , 2.5802,-1.6818, 0.8827,-2.2413,-2.9073, 0.7456, 2.4413, 2.8916,-1.4427,-1.984 , 2.5842, 2.0385,-0.8342,-0.9311, 1.3401,-0.3817,-0.3168,-1.5333, 0.8157, 0.4526,-2.2731, 1.0343]
[-1.4183, 1.9169, 4.7466, 1.8673,-0.9911, 1.1973,-2.2951, 2.3213, 2.7395, 0.8017, 1.3441, 2.7666,-2.4586, 2.7298, 0.1268,-1.284 , 1.4181, 0.0359,-2.0378,-2.5858, 0.1394,-3.0554, 1.6234, 0.9019,-0.781 ]
[-1.4198,-4.3724, 3.5244,-2.308 ,-2.1607,-0.3344,-2.7323,-0.5448,-2.4532, 2.8065, 0.8356,-1.6646,-0.4885, 2.0109, 1.564 ,-2.4128,-2.8402, 1.8582, 2.7008,-0.9425,-1.5812,-1.2074, 0.5394, 1.5033, 0.1261]
[-1.7352,-1.0659,-0.8234,-1.5118, 1.8364, 1.6382,-1.6147,-1.3215,-2.7633,-0.4432,-2.7429, 1.2403,-0.2371, 1.216 ,-1.4237, 1.6698,-2.3682,-2.7755, 1.0922,-0.4642,-0.2979,-0.0865, 3.14  , 1.0568, 1.7997]
[ 1.3484e+00,-5.4048e+00,-7.2632e-01,-6.9983e-01, 1.2978e+00,-2.5000e+00, 1.3563e+00, 9.6200e-01,-1.6110e+00, 2.7678e-01,-7.8705e-01,-2.7039e-01,-9.5814e-01,-3.0617e-01,-1.4858e+00, 8.5953e-01,-1.6192e+00,-1.9421e+00, 2.2621e-03,-1.4427e+00, 4.3314e-01,-3.6896e-01, 1.5931e+00,-2.8619e+00, 5.5446e-01]
[ 1.3824e+00,-4.9541e+00, 2.1908e+00,-1.5853e-01, 1.3009e+00, 1.8098e+00, 1.1430e+00, 2.8466e-01, 1.0670e+00,-3.6143e-01, 2.6574e+00,-7.2014e-01, 7.3483e-01,-1.6759e+00,-1.5787e+00,-2.7370e+00,-2.3756e+00, 2.7928e-03, 6.4660e-01,-2.0443e+00, 1.7475e+00, 1.3972e+00,-1.6949e+00, 9.6707e-01, 2.8028e-01]
[ 2.8802,-2.2669, 3.2347, 2.3081,-0.0051,-0.8611,-1.3299, 2.8233, 2.1057, 0.086 , 2.5303,-1.2605, 0.147 , 2.7426,-2.3042,-0.1058,-0.9503, 0.3247, 1.1262,-0.3626, 2.4902,-2.0416,-1.0179, 2.9882, 2.4526]
[-1.1167,-2.6996,-3.8038, 0.1624, 0.7108, 0.8967, 1.2282, 2.3242, 2.1539,-1.3043, 1.0528,-2.3611, 1.7107,-0.51  , 2.863 ,-1.1825, 2.4745,-2.6949,-2.1113,-1.5206,-1.1152, 1.0782,-2.7579, 0.1837,-0.4295]
[-3.819 ,-3.5979, 3.7481, 1.4582,-0.8017,-0.4089, 2.3184,-0.0379, 0.0817,-2.9721, 0.645 ,-1.0842,-2.1075,-1.527 , 2.9118, 2.8885,-0.3877,-2.8199, 3.1407, 0.6554,-0.7985,-2.1762, 1.1484, 2.2599,-0.387 ]
[-3.5677, 1.8977,-2.6909,-3.0593, 2.3698,-3.1379,-1.9258, 2.2467, 0.4853,-2.5475, 0.4485,-1.5045, 0.7383, 2.1818, 0.0067, 2.9512,-3.0766,-2.3732,-1.2252, 0.4785, 2.9138, 0.3524,-0.3438,-1.9537,-1.243 ]
[ 4.7953, 2.0873,-2.5799, 1.2168,-2.911 , 1.5219, 2.1732, 0.1085, 1.446 , 1.4226,-1.0623, 2.7373,-1.7906,-0.1364,-1.475 , 0.2515,-2.9278, 2.8791,-1.263 , 1.9508, 0.7278, 0.9162,-1.6377, 0.867 , 0.513 ]
[-4.329 ,-4.7626,-1.8212, 1.387 ,-1.5906, 3.0081,-0.9036, 1.7772,-0.4044,-2.3123, 2.5437, 2.0301, 0.0647,-0.0427, 2.0228, 2.9855,-2.5306,-1.6836,-1.4981, 0.3648,-2.3613,-2.4037,-2.9719, 1.8634,-0.8397]
[ 2.4002,-0.6283, 0.3019, 2.8033,-1.3854,-3.1144, 1.5045, 2.9035,-0.1665,-1.3735,-1.4701, 2.7849,-1.6067,-2.8861,-1.9962,-2.857 ,-0.4581,-0.2272,-2.7947, 1.7188, 1.6344, 0.0337,-1.8736,-1.4999,-0.8102]
[ 4.2685, 3.7666, 1.1547, 0.7992,-2.1867,-0.1707, 1.6764, 1.8659,-1.4413,-0.9308,-0.3407,-0.3259,-2.9586,-0.6874, 2.362 ,-2.9476, 1.4694, 1.8922, 0.4988,-2.496 , 0.3442,-0.686 ,-0.6773, 1.6044, 2.888 ]
[ 5.4188,-1.9909, 1.7631, 1.2946, 1.9866, 1.011 ,-2.6702, 2.8075,-1.6361, 2.9349, 2.0847,-2.1463,-1.1448, 1.0663,-0.4766, 1.8397,-1.1749,-1.7667, 0.4464,-2.0979,-2.2307, 1.843 , 0.3756, 1.7934, 1.8444]
[-2.7348, 4.5565, 3.2066,-1.1988, 1.9423,-2.5246,-0.6507,-2.4127,-2.0564,-0.4887,-0.1906, 1.2579, 1.1093, 0.7384,-1.4256, 1.6911,-0.9191, 0.0676, 1.1268,-3.024 , 3.1313,-1.3394,-2.222 , 0.7273,-2.8765]
[ 4.4714,-3.1804,-0.2767,-2.8532, 2.2777,-1.8078, 0.9121, 1.0333,-2.4347, 2.2524,-0.7766,-1.5387, 0.1156, 2.6729,-2.9294, 0.3335,-1.4735, 2.3745,-3.0944,-2.2414, 2.5588, 2.4782,-2.7446,-0.4493,-0.0973]
[-4.693 ,-5.4997, 3.6   ,-2.093 ,-2.6555, 1.1983,-0.0794,-1.6284,-1.5441, 0.5978,-0.3312,-2.5142,-2.2496, 0.1806,-1.3085,-2.6681,-2.5243, 1.3298,-1.3391,-0.4808, 0.075 , 1.6319, 1.6411,-2.4147,-0.6434]
[-3.9989,-3.8466,-2.9189, 1.0775, 2.1385,-0.211 ,-3.0265,-2.81  , 2.2119,-0.5759,-2.7405,-1.298 , 1.9544, 2.4672, 3.0739,-1.1256, 0.4784,-2.1282, 1.1279,-3.1365, 1.8245,-1.5094, 1.9969, 2.9724,-2.222 ]
[ 1.6445, 3.773 , 1.3688, 1.1056, 1.0969, 0.1954, 0.6837,-1.1154, 2.5351, 2.8113, 2.6121, 2.6272,-1.5052,-2.4774,-2.3473,-2.9381, 1.6714,-0.9382,-2.834 , 0.1362, 2.5802, 0.1292,-2.502 , 0.2377, 1.5065]
[ 3.9348,-0.3724,-4.1319,-1.3837,-2.186 ,-2.5133, 0.5845, 1.5556,-2.5005,-1.1435,-0.8501,-3.1036,-1.2763,-2.5784, 0.0279, 0.0608, 1.7161, 2.8549,-2.2294, 0.3337, 2.9922, 0.9186,-0.2607, 1.7406,-2.1083]
[ 5.3076,-4.213 ,-2.2671, 2.8924, 1.9593, 1.577 , 2.2525,-1.5239, 0.4956, 0.915 ,-2.8321, 1.0492, 0.0762, 1.0377,-2.1433, 2.0909,-1.7485, 2.4795,-0.0294, 2.2835,-2.4607,-1.3259, 2.0899, 2.7617,-3.1096]
[ 0.3925, 3.8761, 3.812 , 2.0257, 0.1057,-1.6393, 1.9402, 1.6819, 1.237 , 0.4717,-1.8349, 2.0272,-2.9216,-3.1329,-1.5731,-0.9713,-2.4891, 2.6662,-2.7962, 2.7424,-2.6402, 2.4988,-1.847 ,-2.5799, 0.581 ]
[-2.3529,-3.0549,-5.0505, 0.9266,-0.1812,-3.1278,-2.3964,-0.4236, 2.82  ,-1.6308,-2.9407,-1.0275, 1.4481,-1.6915, 1.151 ,-2.0978,-2.5886,-2.7947, 1.1996, 1.9383, 0.1656,-0.6195,-1.29  ,-1.3704,-1.5358]
[-5.8670e-01,-4.0340e+00,-4.1750e+00, 2.4435e+00, 2.5921e+00, 2.8271e+00,-1.4075e+00, 2.8776e-03,-1.5635e+00, 2.2235e+00,-1.2228e+00,-1.3773e-01, 2.2462e+00,-1.6901e+00,-2.3077e+00,-1.7730e+00, 5.4126e-01,-1.0009e+00, 2.0028e+00, 1.3723e+00,-1.3555e+00, 2.8445e+00,-3.1383e+00, 2.6669e+00,-7.8304e-01]
[ 1.159 ,-2.2622,-0.8654, 2.8266,-1.1031,-1.4543, 1.181 , 2.9719, 2.0453,-1.0298,-1.7934, 2.8626, 0.4477, 0.946 ,-0.1094, 1.2717, 1.7073, 2.6241, 1.879 , 0.5316,-1.3565,-1.3878, 2.9686,-1.148 ,-0.138 ]
[ 1.9255,-0.2675,-1.0827, 0.8821, 3.0815,-0.7598,-2.3014, 1.511 ,-2.105 , 0.0472, 3.0289,-1.6319,-1.7218,-2.2699, 1.2191, 2.4725,-3.134 , 1.5301, 0.1276,-0.2972,-0.5561, 1.9504,-0.6507,-2.4535, 1.1085]
[-1.6939, 3.5158, 0.427 ,-3.0581,-0.9848, 2.2026,-0.1363, 1.08  , 2.5355,-0.6657,-3.008 ,-1.771 , 1.8037,-2.7771,-0.225 ,-0.2439, 0.1892,-2.906 ,-0.188 ,-0.8675, 2.1177, 0.6616, 2.0107, 1.0815, 2.5586]
[-0.2624, 0.2126, 3.6004,-1.347 , 2.5053,-1.5533, 1.9474,-0.4302,-0.7627,-0.0854, 1.7774, 2.4467, 0.4562,-1.823 , 0.8263, 3.0418,-1.2347, 1.995 , 0.3619, 2.2483, 0.0936,-1.4554, 1.8479,-1.9101, 1.5005]
[ 4.5912,-1.7393,-3.2661, 1.5852,-1.1607,-2.9155, 2.7164, 1.067 , 2.4113,-2.3574,-1.9351, 1.7861,-2.3159, 0.0459,-0.9284, 0.0411,-1.3478, 0.9532,-2.202 , 2.1388, 1.0917, 1.3598,-2.0677, 2.4659, 1.7277]
[-5.4576,-0.5277, 3.0831, 1.9043,-2.484 , 1.8483, 1.7574, 2.5683,-0.7637, 2.9616, 1.5168,-1.0378,-2.2649, 0.7263,-1.0187, 1.4985, 1.7486, 2.6687, 2.3889, 2.2185,-0.7076,-1.5696,-1.5461,-0.7391,-0.2843]
[-1.2919, 4.1258,-1.5693, 2.6064,-0.931 , 0.5553,-2.4269, 0.3521, 1.4784, 1.2622,-0.0689,-1.0387, 0.3762,-0.2238, 1.1153, 2.2213,-1.1461, 1.2735,-1.9818,-1.1195,-0.2628, 0.2399, 2.5397,-0.7883, 2.5531]
[ 3.6339e+00, 4.2220e+00,-7.5440e-01, 2.2395e+00, 1.4576e+00, 3.4015e-01,-3.6768e-01, 2.9709e+00,-2.0209e+00, 2.5716e-01, 2.6830e+00, 7.8926e-01, 2.2477e+00, 1.3936e-01, 6.5831e-01,-3.9693e-03,-1.6950e-01,-8.0610e-01, 2.9312e+00,-6.8337e-01,-1.4901e+00, 2.4216e+00, 1.0393e+00,-3.0787e+00,-1.0524e+00]
[ 4.6744, 0.0998,-1.2897,-3.0337, 1.0394,-3.1245, 2.733 , 0.4398, 2.604 , 2.4052, 2.804 ,-1.3022,-0.1762, 1.1369,-0.1013,-0.9197, 1.3714,-2.1271,-0.9087, 3.0972,-1.3227, 1.1035, 2.4706,-2.599 ,-0.2215]
[ 0.7606, 1.5016, 4.1206, 0.3428, 2.3829, 2.5737, 1.3718,-0.1718, 1.8449,-0.9358, 2.6906,-1.0092, 2.1485, 1.1201,-0.2487, 0.7886,-0.2582, 2.2728, 2.3959,-0.2401,-0.3375, 1.5166, 2.5295, 2.5674,-0.8515]
[ 2.3125,-4.3585, 1.1514, 0.4023, 1.1158, 0.7131,-1.6598,-0.7403,-1.8356,-1.3404, 2.1949, 1.9239,-0.0207, 2.6328, 2.4579,-0.3046, 0.0659,-0.5507, 2.3719, 2.2213, 2.8256, 1.5499,-3.064 ,-0.1791,-0.4161]
