[ 1.7212,-2.5231,-0.3996,-0.754 ,-0.4632, 0.6933, 0.9834,-2.6723, 0.0876, 0.1905, 2.98  ,-0.7677, 2.0482, 1.045 ,-0.5941, 1.428 , 3.0344,-2.26  ,-2.5305, 2.7814, 1.7526,-3.0083, 2.372 ,-2.9815,-1.124 ]
[-3.6132, 1.8505,-4.8307,-0.9059,-1.2389, 0.5346,-1.4999,-0.4586, 1.0839,-2.4432, 0.5011,-1.635 , 0.3652,-1.1965,-2.9552,-2.6952, 2.299 , 2.3541, 0.4795,-2.5958, 1.4987, 1.3432, 2.8783, 0.7457, 1.2044]
[-1.0819,-4.5041,-1.4686,-2.0011,-2.4268,-1.1057,-2.686 , 1.3346, 2.1203,-0.2994,-2.7129,-2.2378,-2.4101, 0.5613, 0.4552,-2.0746, 0.0796,-2.6293, 3.0168, 2.6329,-0.0193,-0.9908,-2.1097,-0.6842,-2.2661]
[ 1.5737, 1.6269, 5.3063, 2.2869,-0.0649, 0.4684, 0.5869,-2.9822, 0.6277,-1.7638, 1.4399,-1.7962, 2.0261,-2.1159, 2.7437,-2.8768, 0.6264, 2.7966,-0.1956, 0.2279,-1.2946,-3.0651,-0.1176,-2.0013, 2.3347]
[ 0.7708,-3.3006,-1.8244, 0.9906,-1.2709, 1.0958, 2.9384,-1.2314, 2.0937, 0.7222,-0.3594, 2.6513, 1.9825,-0.6949,-0.1892,-2.7968,-0.9556, 2.3711, 2.8192, 1.1219, 1.9867, 0.045 ,-0.3699,-3.1412, 1.5644]
[ 4.4549,-0.5893, 3.9864,-0.4132,-2.2836,-2.9685,-0.4883, 2.9486,-0.8591, 1.59  , 2.4226, 2.1593,-2.7113, 0.7873,-3.0259, 0.318 , 2.9746,-0.9806,-0.9583, 1.4306, 2.4153, 0.0202,-0.5733,-1.2033,-1.4528]
[-5.322 ,-1.388 ,-4.3301,-2.4477, 0.1643,-2.9442, 0.1786,-1.4595,-2.5958, 1.6884,-1.4215,-0.1429,-1.2526, 1.1994,-2.2937, 1.0332, 0.1448,-0.4269, 1.2917, 0.944 ,-1.1994,-2.6501, 1.0185,-3.0096,-0.0082]
[-0.7281, 2.9568,-0.3547,-1.3451, 0.0045, 2.8807,-1.2757, 2.4543,-0.7197, 2.7895, 2.3005, 2.0559,-1.6476,-2.5204, 3.0852,-1.8083,-1.4824,-0.3923,-0.6107, 1.6182,-3.1383, 2.1484, 1.4937, 2.8786,-1.9812]
[ 4.9074, 4.0236,-4.5287,-2.8522,-2.1972, 2.5432,-1.9322, 2.1697,-0.8814, 2.0057, 1.0785, 2.9082, 1.3058,-1.8204,-0.3157,-1.046 , 1.189 , 0.1458, 2.3794,-0.7339,-1.1254,-1.7171, 0.1198,-0.8445, 2.2513]
[-3.8916, 0.6302, 1.1321,-1.0692,-1.369 , 2.8577,-0.5029, 1.2464,-0.3936, 1.4808,-0.3407,-2.9967, 2.2353,-2.9509, 0.9009, 0.7936, 1.1423,-2.4565, 0.2451, 1.7229,-2.1946,-0.9264,-1.8269, 2.6869, 1.4552]
[ 4.8871, 1.3267,-0.8565,-1.3037,-0.7956, 3.0722,-1.9489, 2.3973, 0.4964,-0.7827, 2.678 , 1.9785,-0.0123, 0.0693,-1.1146, 0.72  , 2.521 ,-0.3728,-1.1808,-0.0121,-0.3606, 2.2075,-0.036 , 2.3506, 2.0479]
[ 0.592 , 3.4396, 3.2365, 0.4363,-0.41  , 1.8706, 2.4322,-0.8757, 2.8625,-2.6456, 0.1065,-1.3828, 0.4934, 0.8127, 1.3426, 2.1251, 1.1256,-0.8961,-0.4845, 3.1257,-1.4785,-2.0128, 1.5249, 1.7907, 2.157 ]
[ 1.0991,-1.7369, 1.8575, 2.8879, 0.5328,-2.1873,-0.2887,-1.4997, 0.527 , 2.867 ,-0.9802,-2.3022, 0.2744, 0.6967, 0.2744, 3.1155,-2.1895,-2.0483, 2.298 ,-0.9593, 2.6754, 1.6874, 0.4943,-1.0343,-2.0745]
[-1.0159e+00,-4.8011e+00,-2.7859e+00, 6.8191e-01, 7.9904e-01,-1.8342e+00, 3.0554e+00,-2.4151e+00, 3.5731e-01, 2.7118e+00, 2.4053e+00,-1.8277e+00,-2.5787e-01,-1.0870e+00,-9.1201e-04, 6.6027e-02, 2.5059e+00, 8.3202e-01,-1.4522e+00, 1.9354e+00,-1.9212e+00, 2.1945e+00, 3.9339e-01, 2.9065e+00, 9.9839e-01]
[-2.4711e+00, 2.3161e+00, 2.1634e-01,-2.1133e+00,-1.7650e+00, 3.0955e+00, 5.7348e-01,-1.5813e+00,-3.0527e+00, 1.9199e-03,-1.7159e+00, 2.3165e+00,-1.6022e+00, 1.6435e+00,-2.0546e+00, 1.7286e+00, 4.0218e-01, 2.8165e+00,-1.0347e+00, 3.1050e+00,-1.2128e+00, 8.1510e-01, 2.2353e+00,-5.2613e-01, 2.4661e+00]
[-2.0373, 5.0382,-2.3136,-1.2982,-2.9562,-2.0689, 2.6204,-2.0619, 0.6013, 1.5619, 1.9626, 3.0582,-1.9435,-3.0032, 0.9282,-0.7911,-0.4067, 1.2543, 0.6943, 0.0379, 0.0288, 2.2865, 1.317 ,-0.5733, 2.561 ]
[-3.237 , 4.9448,-0.1632,-2.2228,-2.6541, 1.0126,-2.4361, 0.5335,-2.9613,-0.7985, 2.6347, 1.9915,-0.9786, 2.5514, 1.2191, 2.9304,-1.1763,-2.9507,-1.6359,-2.3467,-1.4001, 0.5622, 0.4606, 2.1509, 0.4058]
[ 0.3   , 4.7259,-2.5656,-3.1066,-2.8423, 2.7722,-1.7689,-2.0985,-0.7686,-1.8643, 0.7077,-2.1563, 0.2889, 0.0693,-0.5284,-0.1717,-2.2866,-1.3953,-0.7927,-2.887 , 2.4972, 0.6614,-2.8945,-2.6731, 1.1867]
[-0.791 , 1.7754, 1.7949, 2.6507, 2.8686,-1.1748, 2.7331, 2.884 ,-2.8279, 0.6914, 0.427 ,-0.3369,-2.2741,-1.7369, 1.2579,-1.4691, 0.3099,-2.5555, 0.8732, 2.5737,-0.8269,-0.2012, 2.131 , 1.1751,-1.329 ]
[-4.5295, 3.5781, 3.7198, 0.4297, 0.3673,-2.0048, 2.7922, 2.6013,-0.9284,-1.2986, 0.8866,-1.5662,-2.4387,-2.2217, 0.9827,-2.2438, 2.6157,-1.3559, 0.4307, 0.0056, 1.0639,-2.9694, 0.6648, 1.2165, 1.8507]
[ 5.067 ,-4.3203, 4.8496,-2.768 ,-1.1278, 2.0155, 3.1354,-0.8343, 1.1768, 0.7138,-2.6661, 2.3393, 2.6881, 0.6091, 1.7248,-2.1985,-2.1304, 1.3334,-2.8566,-2.2454,-0.9096, 2.7377, 0.8919, 0.2643, 1.3087]
[-0.9669,-0.61  ,-2.6336,-1.5312, 3.0032, 1.9973, 0.7749, 2.4729,-2.8217, 1.9519, 2.1553, 2.2152,-0.2605, 2.3729,-2.6241,-2.8867,-2.9676,-3.0455,-2.3627, 1.8685, 1.8698, 0.8572,-0.4161, 1.3567, 0.5651]
[ 4.3009, 5.4619, 4.4527,-0.7552,-2.2919, 2.3749, 2.7573, 2.8045, 1.7035, 0.5293,-3.01  , 1.9236,-0.6156,-2.4393, 2.9894,-1.8329,-1.6285, 1.6944, 0.0153, 2.024 , 2.8681,-2.323 ,-0.1076,-2.2813,-0.4532]
[ 1.3905,-0.2954, 2.8647, 1.5103, 2.009 , 2.5742, 0.1791,-0.7271,-0.6438,-1.2343,-1.537 , 1.6635, 1.5489, 1.9595, 0.4132,-2.0106,-2.2451, 2.244 , 0.455 , 0.9172, 1.8386, 0.4799,-1.7874,-2.2001, 0.9984]
[-1.9507, 3.0655,-1.8962, 1.4805, 1.8624,-3.0472,-3.0114, 1.1791, 1.8354,-1.1021,-2.4507, 1.5152,-1.2355,-2.6704, 1.85  , 1.1207,-2.1269, 3.1149,-3.0738,-2.8133, 0.139 ,-1.6143, 1.862 , 1.7314,-1.4082]
[ 1.5387,-2.926 , 0.356 ,-2.2041, 0.9191,-1.1649, 1.6623, 1.7856, 2.8526, 0.79  , 0.6603, 2.4597, 2.1106, 1.9028, 1.7499,-3.1036,-2.0193,-1.5589,-3.1115,-1.6875, 1.1489, 2.2599,-0.9715, 2.578 ,-2.0152]
[ 0.9255,-1.3878, 0.8741, 1.147 ,-1.1882,-2.6952,-2.4507,-2.2467, 0.2878, 0.4846, 2.3869, 2.3913, 1.0361,-2.1951, 1.5017, 0.1308, 1.5264, 2.247 , 2.5036, 0.7905, 0.8211, 0.4817,-1.4844,-0.9376, 0.1878]
[-2.4339, 3.8449, 3.3351, 2.891 ,-2.2218,-2.9774, 2.3033,-0.8858,-2.9598, 1.8081, 2.1826, 1.18  ,-0.8163,-0.2307,-2.6458,-2.7206,-0.2645, 1.8379, 0.432 ,-1.4777,-2.5135, 0.9257, 1.2837, 2.7536,-1.9834]
[ 2.2298,-1.1433, 3.9191,-0.85  ,-0.0418,-1.1187,-1.2126, 2.3144,-2.7935, 1.6368,-2.0309, 0.7372,-0.3274, 2.384 , 1.4403, 1.9448, 2.9088, 1.3028,-1.6858, 0.1967, 3.1093, 2.2662,-0.6253,-1.9013,-2.3735]
[-1.6788, 5.4767,-0.9145, 0.953 ,-3.1065, 2.6747,-0.5658,-1.1329, 3.0355, 0.0377, 1.9854,-2.5331,-1.8428,-0.7392,-2.8775,-1.6683, 1.2811, 2.2617,-1.5963, 0.4843,-2.8835,-2.8966, 1.2569,-2.1242,-1.2803]
[ 5.0098, 3.2649,-1.2842, 1.408 , 1.0667, 0.4797, 0.0168,-0.2881, 1.8021, 0.8474, 0.6211, 1.3328, 0.8893, 1.2977, 3.1272, 3.0578, 2.4479, 2.1773, 0.1426,-1.7701, 0.8616, 3.0565,-1.8531, 0.9587,-2.7977]
[-1.1116, 2.8045, 3.4518, 2.988 , 2.9591,-2.7348,-1.7234, 1.7905, 2.1371,-0.2461, 0.7448, 0.9555, 1.8621,-1.7985, 2.2816, 0.4562,-1.6876,-0.1602, 1.2639,-1.1368,-1.4473, 2.6182, 0.2052,-0.9987, 2.9934]
[ 1.9449, 4.5133,-2.3499,-0.7848, 0.9277, 1.9234,-1.5895,-0.4208,-2.2148,-3.0439, 0.4999,-0.0866,-0.92  , 1.7984, 0.3189, 1.3741,-2.1987,-1.4073, 1.4282, 1.8328,-0.228 ,-2.4186,-3.0492, 2.2717,-0.5594]
[ 1.0534, 0.4569,-1.645 ,-2.0893,-2.0412,-2.3037,-0.4682, 1.7564,-2.5623,-1.0535, 0.598 , 3.1007, 0.6157, 0.019 , 1.4682, 1.1799,-0.9523,-0.5466, 2.385 , 0.2696,-1.1678,-1.4143,-1.8669,-2.6548, 2.5259]
[-1.3527,-2.1605, 0.4916, 2.3841, 2.2733, 1.1004,-1.141 , 2.8621,-0.6532,-0.5823,-3.0783, 2.108 , 2.523 ,-0.8727,-2.6066, 0.107 ,-0.4799, 3.0453,-1.4728, 3.0722,-1.1843, 2.9015, 0.0591,-0.6118, 1.2534]
[-1.709 , 4.5026, 1.7699,-0.6058, 1.386 , 3.0651,-2.7238,-0.8257, 3.1033, 0.9197, 2.7005,-1.4154, 0.5041,-1.0085,-1.6831,-1.5393, 0.4189, 1.9503, 0.1227,-2.4811, 0.0662,-2.0368,-1.4952, 2.7204,-0.7758]
[ 1.5499,-2.5178,-4.028 ,-0.4602, 1.5977,-2.0194,-0.6288, 3.0541,-0.2756,-0.3499,-1.1784,-2.833 , 1.9018, 2.5238, 1.3177,-0.7966, 1.5431, 1.4031,-1.9875,-2.9906,-1.9759,-1.5462,-0.2347, 0.654 , 0.1138]
[ 2.1382, 2.6866, 3.0092, 1.8542,-0.292 , 3.134 , 2.7541, 0.0845,-0.977 ,-0.5979,-3.1063, 2.2869, 1.5557, 2.9476,-2.531 ,-2.3589,-2.7162,-2.52  ,-0.1964, 0.0292,-2.5909,-1.5229,-0.5288,-1.1667,-1.101 ]
[ 3.4017, 2.7071, 1.5699, 1.6536, 1.4461,-1.5066,-0.1266, 0.3297,-2.7977,-0.1079, 2.5919,-1.9677, 3.0073,-2.241 , 3.0662, 0.0087,-3.084 , 2.5275,-1.8589,-3.0195,-3.0489,-2.5012,-0.5249, 2.8232, 1.0479]
[-1.5746, 2.1801, 4.49  ,-0.71  , 0.8127, 0.21  , 2.8261, 0.0597, 0.6627, 0.9994,-2.681 , 0.339 ,-0.4361,-0.1937, 1.7803, 1.725 , 0.1674,-3.0263, 1.2756,-1.4645, 2.1391, 2.2493,-0.9586, 2.4329, 1.9569]
[ 3.4543, 5.3302, 2.8115, 2.4293, 1.9071,-0.2088, 1.4111, 0.7146,-0.5366, 1.952 ,-0.3056,-1.374 , 2.1408, 0.7479,-0.7765, 1.6852,-0.086 ,-1.9868, 0.1934, 2.9122,-2.4797, 2.9639, 1.5655,-0.793 , 2.0851]
[-1.1348, 4.7975, 2.5627,-0.1014, 0.3948, 3.1315,-2.4523, 3.1223,-1.8225,-0.3517,-0.7024, 1.3593,-2.9186, 2.3614, 3.0199, 2.0914, 0.923 , 1.5276, 2.1327,-2.2139, 1.9831,-3.0231,-2.8624, 1.0239,-1.52  ]
[-1.1837, 2.4474,-3.7816, 2.7175, 2.4928,-2.2095,-2.0888, 1.5341, 0.8158, 3.0187, 2.7067,-3.0012, 1.9   ,-0.8278, 2.3896, 1.7192, 1.5641, 2.772 ,-2.4192, 2.1841,-0.8046,-1.1382, 2.9706, 2.2696,-0.1227]
[-4.4228,-0.9394,-1.3556,-0.2256,-2.6881,-0.9723, 0.9965,-1.8643,-0.1545, 0.2133, 1.2933, 0.8013, 2.0657,-0.8042, 1.0391,-2.4301,-0.972 , 0.3763, 2.0038,-2.1639,-0.5764, 0.6284, 1.144 ,-1.7384,-2.7681]
[-2.0208,-2.243 , 3.4268, 1.4528, 0.8802,-2.3843, 0.4085, 0.1341,-0.5693, 0.5127,-2.2818, 1.8867, 0.8285, 3.1095,-0.6881,-1.2928,-1.875 ,-2.3966, 2.3275,-2.5923,-0.7938,-0.5321,-0.2214, 2.4155, 0.155 ]
[-0.8045, 4.1266,-3.4222,-1.6416, 2.4939, 2.5733, 2.0353,-2.4956,-1.5809,-2.6265, 1.8536, 3.1176, 1.6826,-0.2578, 2.9649, 0.4297,-1.1612, 1.642 ,-1.1788,-1.9916,-2.9064,-0.0871,-2.5877, 0.0478, 1.2966]
[-1.7203, 1.3363,-2.4177,-0.2894, 0.3617, 0.1145, 1.2574, 1.5449,-3.0713, 0.347 , 2.7131,-2.7163, 1.8379,-0.9323,-1.1146,-0.5619,-2.143 , 0.0454,-1.4941,-0.3318, 1.1254,-2.3934, 0.8655, 2.4789, 0.9504]
[ 0.8817, 2.5797, 2.4098,-0.4787,-0.2979,-2.7418, 1.7992,-2.7732, 0.2628,-0.085 ,-1.2737, 1.7811,-1.0722, 0.4846,-2.4117,-0.5214, 1.9785, 0.9948,-1.9643, 0.0954, 0.8191, 3.1408, 1.3251,-0.2281, 0.0791]
[ 0.5253,-4.3395, 1.3206, 2.5387, 2.4886, 1.5204, 2.5072, 2.2469,-0.3432, 0.0926,-2.6904,-2.2414, 2.1176,-0.0579, 1.8728,-2.297 , 2.0676,-2.5156, 1.155 ,-1.5251,-0.8784,-3.0556,-1.1416,-1.6903, 2.2938]
[ 4.171 ,-4.5511,-0.4725, 1.4062,-1.2685, 1.9645,-0.8867,-1.7957, 0.3918, 0.2128,-1.5322, 2.398 ,-2.3315,-1.5803,-2.3007, 1.7364, 1.071 , 2.1842,-2.3565,-0.8935, 2.124 ,-1.2886, 1.0115, 2.2053, 1.4901]
[-1.6552e+00, 4.2276e-04,-1.5278e+00, 6.8774e-01, 1.8441e+00, 2.5344e+00,-2.4832e-01,-1.3811e+00, 6.7746e-01,-1.6869e+00, 6.9071e-01, 5.7109e-01,-2.8817e-01, 7.7129e-02, 3.0841e+00,-7.5173e-01, 2.9519e+00, 2.3914e+00, 2.2968e-02,-2.1480e+00,-2.3340e+00, 1.4522e+00, 6.0869e-01,-1.3127e+00,-2.0797e+00]
[ 1.3031, 0.3578,-4.3273,-3.0053,-1.3617, 0.9622, 0.2217, 2.9487, 2.0813,-0.2598,-1.3689, 2.0278, 2.7235, 0.1225,-2.7656,-1.3307, 1.3981,-2.9291, 1.2732, 0.7193, 0.4007,-1.7757,-2.1267, 2.5644,-1.8408]
[-2.479 , 0.2171,-4.9387,-1.9549, 1.3033, 1.9987, 1.8809,-3.0229, 0.9334, 1.2265, 0.1536,-1.933 , 2.5907,-2.7021,-2.1377,-0.8474,-3.0304, 0.7173,-1.1391, 2.6183,-1.9331,-1.2769,-1.1225,-0.7091, 1.8565]
[ 4.4243, 4.6111, 4.0479,-1.6646, 2.2167,-2.558 ,-0.5338, 1.3978,-2.6048,-2.8122, 2.1233,-2.9927, 1.6308,-0.9021, 0.9502,-0.5962, 2.988 , 2.0099,-2.753 ,-0.9901,-2.6631, 2.6269, 0.2061, 2.5373,-0.7638]
[ 2.0822, 2.7681, 4.2264, 0.4904, 1.8125, 0.7729, 0.3484, 0.4398, 0.5916, 1.0949, 2.6639, 2.1746, 1.4337,-1.1624,-0.6212,-0.1833, 1.1041, 2.5043, 2.6269, 0.4859,-1.993 , 0.9831, 0.0492, 1.4274,-2.1794]
[ 4.4597, 2.9718,-0.0115,-1.3604,-1.7474, 1.3146, 2.7325,-1.7923,-1.1456,-2.545 , 2.582 , 0.4485, 2.2726,-2.8697,-2.4606, 2.5428,-0.6505,-2.4194,-0.4024,-0.9927,-1.2745,-1.7275, 0.074 ,-1.6924,-0.3968]
[-2.4151, 2.6631, 3.3318,-2.4075, 0.221 , 2.7211, 1.8533, 1.7986,-2.5773,-2.8297, 1.3686, 2.9535,-0.3607,-1.4713,-0.3736,-1.1526,-2.0887,-0.4965,-1.7239,-0.0874, 1.6907,-0.6932, 2.3009,-0.5983, 1.9078]
[ 5.1947e+00, 1.4398e+00,-3.0534e-01,-9.8574e-01,-5.1260e-03,-4.8680e-01, 2.0571e+00, 7.8904e-01, 9.7669e-01, 1.8801e+00,-2.7523e+00,-1.9947e+00, 2.3961e+00, 2.5989e+00,-3.6012e-01, 1.0769e+00,-7.6317e-01,-1.4749e+00,-1.4540e+00,-1.2722e+00, 2.3950e+00, 2.7436e+00,-5.8838e-01,-1.8113e-01, 2.9894e+00]
[ 4.286 ,-1.5504,-0.4334, 0.309 , 2.9359,-2.0643, 0.4639, 3.0332,-1.5488,-0.5937,-0.7411, 1.6474, 1.3766,-0.8084,-2.5404,-0.862 ,-2.3763, 1.8053,-0.2672, 1.63  , 2.8283, 2.2395, 0.9809, 2.7671,-0.5654]
[ 1.8727,-2.2862, 2.2412, 0.6639,-0.1601, 0.0865,-0.2052, 1.105 ,-1.8399,-2.3895, 2.6639, 0.1132, 1.6986, 1.555 ,-1.1056,-1.9157,-1.6379,-1.3231,-2.6485,-2.5095,-1.9764, 0.1366,-1.2791, 0.7524, 2.4865]
[ 0.2158,-1.7341, 3.7057,-1.8931,-0.5362,-1.3285,-0.2353, 1.4843,-0.1933,-2.7471,-2.1153,-0.0076,-1.4236,-0.7939,-3.039 , 0.8852, 1.4417, 2.4782, 1.1529, 2.7421,-0.2428,-2.4057,-0.1539,-2.6486, 0.6377]
[-1.6628, 1.017 ,-3.259 , 0.0876,-0.5379, 0.4124, 2.2841, 0.6567,-0.193 , 1.0309, 1.4139, 0.2788, 3.0632,-0.6884, 0.4726, 0.4286,-0.2447,-2.023 ,-0.0726,-1.8302,-0.8839, 2.9675,-2.2712, 1.6552,-1.9115]
[-3.8584,-0.4204,-0.6337,-2.2775,-0.5604, 0.4135, 1.3082,-2.9641, 1.6617, 0.0627, 0.9058, 2.5351,-1.8065,-0.9924, 0.1861,-0.826 , 0.3794,-1.3064, 1.1342, 2.0743,-2.1605, 0.074 , 2.9857,-2.7535,-1.8365]
[-1.0982,-1.2112, 0.8617, 2.0993, 1.6826,-1.5943,-2.3285, 0.7797, 2.4866, 2.4015,-2.3831,-2.6661,-2.8173, 1.472 , 3.0046, 1.3374,-0.6228,-2.0333, 1.4251, 0.6429,-0.9581, 0.8772,-2.0928,-0.3192,-0.5086]
[-4.9377,-4.9007, 4.6202, 0.254 ,-0.4808,-1.3469, 1.1831, 1.0835, 2.0006, 2.8069, 1.5512,-2.0839,-0.5654,-1.6202,-2.4001, 2.3567, 1.7606, 0.5461, 0.8125, 2.0397,-1.9944, 0.8182,-0.2165,-1.9319, 0.3746]
[-2.477 ,-1.0812, 4.992 , 3.016 , 2.3939, 1.1296,-2.0254,-2.5758, 0.4641, 1.8388,-1.3314, 1.1795,-0.981 ,-2.8945,-2.2963,-2.1348,-0.2532, 2.423 ,-1.4459,-1.2129, 2.7841, 2.4458, 1.7287,-0.0759, 0.6322]
[ 1.5472, 3.4059, 3.462 ,-1.7923, 2.1372,-0.0167, 1.5904, 2.3093,-2.2364,-2.2008,-2.993 , 1.6587, 0.5929, 1.974 , 2.0306, 0.5196, 1.3911,-2.8413,-0.1639, 1.2102, 2.7864, 0.5161,-1.7013, 2.1954, 1.0026]
[-3.272 ,-4.0696, 4.3408,-1.8613,-1.6199, 1.2479,-2.7114, 0.0896,-2.9439, 0.084 , 2.8473, 0.8969, 1.6277,-0.1433,-0.7219, 2.0542, 1.728 , 2.7375, 1.0011,-1.2696,-1.6642,-2.3375,-0.8192, 1.1527, 0.8409]
[-4.3414,-2.8724,-3.9464, 0.4719,-1.3518,-2.7871,-2.9163,-0.9151,-2.1522, 2.0222, 0.1785, 0.8091, 3.0544, 2.7121, 1.4821,-1.8332,-1.1573, 1.6661,-2.4835,-1.6763,-1.7071,-3.0059,-0.013 ,-2.0116,-0.3878]
[ 4.7773,-1.2054,-1.9616, 0.928 ,-1.8909, 1.9251, 2.7564, 0.9188, 0.2615,-0.76  , 2.5527, 2.5078, 2.4101,-0.0493, 2.1809,-2.4871,-1.0175, 2.8039,-1.2069,-0.3852, 1.6041, 2.7694,-2.6418,-1.5101,-1.0806]
[ 0.6696,-4.9079, 5.1815,-0.049 ,-1.6607,-1.0469, 0.2186, 2.9036, 2.6369,-2.7052, 0.4805,-2.468 , 2.6369, 1.2182,-2.3081, 0.342 , 3.1382, 1.1779, 1.6879, 1.3189, 1.3429, 1.9255, 2.1705, 2.1196, 3.1391]
[-2.8943, 1.3586,-2.819 , 2.338 ,-0.7766, 1.9505,-2.3114,-2.8624, 1.3552,-1.3459,-0.4137, 0.8625,-1.7284,-1.7709,-2.0943,-1.9061, 1.8722, 1.3457,-1.9187,-0.2118, 2.3591, 0.1318,-2.8816, 1.4283,-1.0609]
[-5.4013,-4.4632,-5.0992,-1.3085,-2.3427,-1.8029,-0.1546,-2.1324,-2.888 ,-1.4796,-0.3784,-1.1896, 1.5197,-1.2436, 2.2415, 0.387 , 1.645 , 2.5362, 1.2478, 1.1459, 0.8066,-0.478 ,-2.6198,-1.5688, 1.159 ]
[ 2.1694,-2.6948,-1.6951,-2.9555, 2.7741, 2.9304,-0.3925,-0.1599,-0.7216, 1.2744, 2.12  , 0.2973,-3.0513,-3.0511,-2.726 ,-0.4481, 2.6081,-1.255 ,-1.8749, 0.2806,-1.2385,-0.2049, 0.1906,-0.8114, 0.8657]
[ 3.6078, 5.3809,-5.3192,-1.5535,-2.7738,-2.5885, 0.3551, 2.6784,-1.0273, 1.9281, 2.2192, 1.5932, 1.6823, 1.3411,-2.7832, 2.471 ,-1.0531, 1.8811,-0.1571,-0.213 , 2.582 , 2.3182,-0.9751, 1.5399,-2.4886]
[ 1.6679,-5.0629, 0.6699, 0.6533, 1.3921,-0.1397,-1.6902, 1.4125, 0.7297, 2.517 , 2.1877,-1.696 , 0.6702, 0.7791,-1.351 , 2.6631,-0.3099, 2.4229,-1.7068, 1.9392,-2.7269,-1.8462, 0.9694,-0.2484, 1.2201]
[-2.6954,-4.2445, 1.471 , 0.4233, 0.4361, 1.0863,-2.7066, 2.8417, 2.6464, 2.9846,-2.4761, 0.3273,-2.3576, 1.9324,-0.4912,-0.9014, 0.8779,-1.3457, 2.9213,-2.8719, 1.5551,-1.3503,-2.8099,-2.784 , 0.8298]
[ 1.5867, 3.8035, 0.9597,-2.8469,-0.6622,-2.1823,-1.7134, 0.3355,-0.8762,-2.8857, 3.0061, 2.7356,-2.5423, 0.2007, 1.4967,-1.4063,-2.4839,-2.3509,-2.9121, 1.6263, 2.2176,-2.9237,-1.4221,-1.34  ,-2.5278]
[-0.9225, 2.4748, 4.7378, 2.1613, 1.4835,-0.359 ,-2.0266, 1.2393,-1.5123, 2.522 ,-0.988 , 1.7943,-0.6931,-0.688 , 2.2694,-2.2825, 2.013 ,-3.069 ,-1.0788,-2.0381, 1.5027,-0.484 , 0.1608,-2.7621, 3.0988]
[-3.4866,-0.1911,-4.0849,-2.0331,-2.1354,-2.0731, 1.8343,-1.3328,-2.428 , 0.1383, 2.6512,-0.7866, 2.029 , 1.6898,-1.9203,-1.9519,-1.3075,-1.4913,-1.7705, 1.7296, 1.6826,-0.9524,-0.355 , 2.042 ,-0.6885]
[ 4.8717,-4.3604,-0.5466,-1.5341, 2.3252, 0.773 , 2.5431, 0.2717, 0.175 , 1.7569,-0.1804, 3.1391, 2.4224,-3.0287,-1.8378,-1.4643, 0.3852,-0.2061,-1.8349, 3.1251,-1.2749,-0.2298, 1.6152, 1.3755,-0.3468]
[-5.3922, 3.167 ,-3.3992, 0.7722,-0.4699,-0.2353, 1.2924, 1.694 , 1.5884, 0.3326, 1.9896,-2.4778, 2.4615, 2.3615, 1.6757,-0.5549, 2.1342, 2.9422, 2.0557,-1.079 , 0.2639, 2.7697, 1.5434,-0.4142,-0.9254]
[ 2.438 , 1.5207, 1.8637, 2.3384, 1.7571, 0.7692,-0.9169,-0.5216, 2.087 , 1.906 , 0.0312, 2.9766,-2.0089,-1.2349, 1.0101, 2.6611,-1.135 , 3.0063,-2.6164, 0.0233, 1.6488, 0.8262,-0.5037, 3.0559,-2.6291]
[-3.38  ,-0.8019,-2.4749, 1.7179, 0.9746,-3.117 ,-2.5637,-0.3629, 1.8074,-2.1217, 1.2885, 0.4194,-1.6502, 3.1106, 2.5014, 2.2668,-2.101 ,-1.4196, 2.2117, 0.8585,-0.4782,-2.3933, 0.7825,-0.9558, 2.9576]
[ 5.1329,-1.3294,-5.4072, 2.5028,-2.1793,-1.4954, 2.1941, 2.7344, 3.0432,-2.7996, 2.8632,-0.7873, 1.4769,-1.8742, 1.0693,-2.7745,-3.0552, 1.3   , 1.0235, 1.0959,-0.5194,-0.5078,-1.7835,-3.0971,-2.1191]
[-0.957 , 4.9652,-2.5365,-2.6256, 2.7475,-1.7337,-0.5517,-3.072 , 0.5063,-3.044 , 3.0309,-0.352 , 0.1359, 1.1241,-0.4437, 0.0981,-0.4963, 1.7245, 1.2361, 1.653 ,-1.8967, 2.6353,-2.6893,-2.3065, 0.2034]
[-4.8821,-5.4773, 4.0391,-2.0983, 2.8562, 0.6608,-2.1308,-0.2174,-1.3028, 2.9103, 2.261 ,-2.9513,-1.7916, 0.6864, 0.4795,-1.3079, 2.6338,-0.4032,-0.0909, 2.6008,-0.341 , 2.4087, 1.6898,-1.9417,-0.5361]
[-2.843 ,-3.3558, 4.5584,-1.0733, 2.8998,-2.4535,-2.007 , 2.1106, 1.3981,-0.0874,-0.9352, 2.145 , 0.0702,-0.6462, 1.6078, 0.1159,-2.5804,-0.5196,-0.7593, 1.6777, 1.3468,-2.906 , 0.8211, 0.1876,-0.3562]
[-0.6494, 3.3035, 0.4228,-1.8433,-1.2199, 2.5533,-1.3124, 0.2637, 2.9392, 1.4322,-0.1782, 1.5766,-0.2838, 1.4638,-0.2494, 2.0565,-2.6452, 0.5664, 0.3184, 1.8336,-3.1132, 2.1082,-2.7672, 1.5665, 0.4732]
[ 3.7297, 3.1212, 0.5338,-0.3867, 0.1338,-0.3853,-1.2586, 0.8425, 0.1751,-0.1192, 2.3835, 1.274 , 2.2011,-0.8788,-0.4127,-2.6976, 2.2448, 2.4971, 0.4473, 2.5698, 1.947 ,-0.8673,-0.35  , 1.9886,-2.2558]
[-5.3475,-1.1548,-4.4128, 1.5196,-2.2862,-0.0866, 2.511 , 0.3209,-2.5442,-0.4837,-0.4932, 2.2403, 0.5162, 0.0469, 0.828 ,-1.3894, 0.9739, 1.5046,-2.6523, 1.7537, 0.7598, 2.9079,-0.1249,-2.1056,-0.7943]
[ 0.38  , 0.7843,-1.9654, 0.654 , 2.5793,-2.8803,-0.595 , 2.7509,-2.494 , 3.0419,-1.9942,-0.549 ,-2.8545,-2.0611,-0.4359,-1.1806, 1.4992, 2.5403,-0.3784, 1.5581,-0.0423, 1.9121, 1.8688,-1.7775, 2.6324]
[ 4.0758, 4.5823,-2.2082, 1.9309,-0.8388, 1.1838,-0.1127, 0.613 , 0.4314, 0.9125,-1.7985, 2.4465, 2.8115,-2.0234, 0.2437,-2.5776,-1.7685,-0.5442, 0.0995,-2.899 ,-1.9704, 2.8782,-2.1571,-2.9532, 0.8903]
[ 4.1735, 2.5154, 0.9164,-0.7539, 0.3645,-1.3179,-1.6425,-2.5392,-0.7734, 2.9898,-0.7332,-2.446 , 0.7499, 1.8921,-3.0744,-0.0812, 2.3662, 0.8824,-0.0884,-1.2386, 2.5691,-1.7964, 0.8   , 0.3452,-2.8844]
[ 5.1936, 2.7214, 0.8148,-1.2244, 1.698 , 1.0187,-1.0976, 1.2411, 0.1692, 0.5973, 1.6012, 2.3966, 2.2511, 0.3182,-2.5167, 1.4316, 1.8331,-1.419 , 1.4859,-1.3406,-2.4071,-0.3812, 0.849 , 2.0936, 1.7343]
[-1.4061,-4.7951,-1.0733,-1.9284,-3.0101, 1.752 , 1.4566, 1.7602,-2.4052,-1.7533,-1.5833,-1.5395,-0.4229, 1.0447,-1.4796,-0.5923, 2.6035, 2.6027,-2.0749, 1.1914,-2.3771, 1.752 , 3.1286,-0.6758, 0.0817]
[ 4.4695,-3.7786,-1.5773,-1.7757,-0.5276,-1.9137,-1.562 , 0.8337, 2.3539, 2.9874, 0.1896, 0.1622, 2.3282, 0.049 ,-2.6267, 2.6787,-2.5875,-0.8624, 2.9723,-3.1282, 0.3081,-0.9788, 2.5065, 0.1574,-1.1985]
[ 3.7728, 0.7995,-4.9195, 1.2795,-1.4059, 1.8319, 1.9214, 2.7598, 0.1363,-2.0017, 2.0765, 0.8294, 1.7243,-2.494 ,-0.9369,-1.8769, 2.2419,-1.9751,-0.8603,-2.8634,-0.4064,-0.2501,-0.6722,-0.2436, 2.849 ]
[-1.4617,-1.8401, 3.9425,-1.274 , 1.5516,-0.8721,-0.3084, 0.998 ,-0.3767,-0.3224, 1.1501,-2.1634,-1.1732,-1.7272, 1.4836, 0.8874,-2.8541,-2.9047, 2.2872,-0.5777,-2.2555,-2.996 ,-1.0289, 1.9432,-1.1214]
[ 2.9567,-4.9187, 1.5847, 1.1341,-0.7039, 2.5644,-1.8412, 1.3765,-1.2796, 0.2693, 0.9122,-2.2204, 0.4198, 1.5111,-2.5203,-0.4002, 1.9134, 0.6853, 2.1639, 1.9753, 0.6008, 0.4243, 1.228 ,-2.0967,-1.0686]
