[ 0.5627,-2.977 ,-4.3459,-2.5699, 1.9214,-2.6459,-2.743 ,-1.2516,-0.2559,-2.0866, 1.7931,-0.3215, 2.0283,-0.5939, 1.797 , 0.3164, 0.4399, 0.1212]
[ 3.0796,-1.4037,-2.4434,-2.2676, 2.8276, 0.7893, 2.1511,-1.92  , 1.0469,-0.6884, 2.4116, 1.7505,-2.1631, 0.6103, 3.0165, 1.346 , 1.9189,-2.1102]
[-0.8012,-3.4125, 1.9984, 1.2924, 1.025 ,-2.8758, 2.9543, 1.1419,-0.5159,-2.7881, 1.8826, 2.6233, 1.7381, 0.1245, 0.361 , 2.4607, 2.542 , 0.2217]
[-2.0583, 0.0086,-4.0437, 2.9412, 1.0181,-2.8682,-0.1339, 1.4078,-0.1201,-2.6978,-3.0622, 2.7843, 3.0342,-3.0559,-0.4311, 2.9068, 1.7531,-2.5321]
[-2.2541, 4.9081,-0.7547, 1.4939, 2.8811, 2.0954,-1.6899,-2.6423, 0.9884, 2.6649, 1.0951, 2.7546, 2.9649,-0.8917,-0.0435, 1.2619,-2.3088, 0.7981]
[-5.3573,-2.0886, 1.4621, 2.8137, 2.3141,-1.1328,-2.008 ,-3.0593, 1.086 , 0.8688, 2.9517,-2.5311,-2.4803, 1.909 , 0.2361, 2.4158,-0.7389,-2.2119]
[-4.6814,-0.6267,-2.3445, 0.2836, 0.4709, 2.4198, 2.9216,-1.2813, 0.0744, 2.4515, 1.2746, 1.6803, 2.7755, 0.0971, 2.2997, 2.8665,-2.2859, 0.1736]
[ 4.7806, 0.0762, 1.4639, 2.2103, 2.5321, 2.9419, 2.1475, 2.1529,-0.5031,-2.4925,-2.5663,-0.6777, 1.2579, 0.141 , 2.4299, 2.3786, 2.1442,-0.9492]
[-4.0304, 4.0367,-1.7339, 0.1112, 2.7111,-1.7401, 1.0103,-0.6498,-0.4642, 0.4331, 1.8418, 0.6093, 2.1291, 0.9621, 0.9343,-2.2764,-1.4541,-1.4639]
[ 5.0759, 1.6963,-1.6674, 1.6028,-2.8188, 2.2857,-2.6067,-2.4599,-0.5009, 1.8014,-1.1978,-3.0602,-1.6163,-2.6357, 1.1076, 1.9617, 0.9912,-2.6966]
[-2.4487, 4.9897, 5.4312, 2.9184,-0.7429,-0.1023, 0.3598, 0.0902,-1.3909, 1.5829,-0.9693,-2.0948, 0.0256, 2.6378,-0.4668, 0.9026,-2.2649, 0.0203]
[ 1.5898, 4.1265, 0.7346,-2.0599,-1.1068, 0.9829,-2.1274,-0.5309, 2.8549,-2.6305, 0.2575,-1.7359, 1.332 ,-2.226 , 0.4493,-2.317 ,-2.4512, 2.189 ]
[-0.8378, 5.1159, 5.3728,-0.0863, 0.7066,-3.1213, 0.2135, 2.8329,-0.9018, 2.8972, 2.383 , 2.1352,-2.2415, 2.2525, 1.093 ,-2.1329,-2.0862,-2.336 ]
[ 2.0407, 3.191 ,-4.779 , 3.0592, 2.9909,-2.3687,-2.5331,-1.8425,-1.0063, 2.7625,-2.3137,-1.0855, 1.1221, 0.83  ,-2.049 ,-0.0638, 1.7689,-2.8869]
[-5.3214,-0.0709, 4.8092,-1.4662,-1.1034, 0.2468,-2.3901,-2.2751,-1.4975,-2.1399,-0.926 ,-0.8143, 0.1375, 2.1409,-3.1396, 0.4361, 2.4168, 2.5554]
[-3.4116, 0.2243,-2.2742, 1.4471,-2.6898,-1.9303, 0.6354, 2.8267, 1.1739, 2.3795,-2.7392,-0.0813,-0.3502,-3.0787, 0.2152,-2.0748, 2.6561,-0.2959]
[-3.4919,-3.6504,-3.2603,-1.357 ,-0.56  ,-3.0938, 3.0196, 1.9929, 0.7188,-2.1278,-3.0543, 1.2344,-0.1941,-1.3648, 2.5951, 2.61  ,-1.1234, 0.9955]
[-2.9763,-0.0487,-3.2267,-1.5663,-0.7473, 1.1313, 1.2604,-2.1982,-2.5079, 0.3019, 1.0795,-2.4938,-0.2997, 0.9719,-0.7165, 2.7141,-0.1597,-2.8766]
[-3.333 , 3.4797, 2.8715, 2.0905, 0.4496,-2.9939, 2.2548,-1.295 , 2.2529, 1.7159, 0.7404, 0.6754, 2.27  ,-0.6243,-0.6072,-0.515 ,-0.7657,-0.9117]
[-0.5932,-5.4768, 1.8262, 1.5721, 0.4715,-2.2638,-1.8313, 0.6156,-1.1737,-0.6045, 0.3926, 2.6602, 0.8737, 2.6911,-0.4696, 2.0334,-2.3047, 2.7051]
[ 5.0022, 4.9885,-2.5645,-1.8929,-1.2194,-3.0345, 0.8966,-1.3273,-1.3702,-2.0049,-2.825 , 2.892 , 2.0431, 1.1805,-1.9891, 1.1837,-2.0887,-2.017 ]
[ 3.0489, 5.3744,-4.6485,-0.79  , 0.6294,-1.1795, 1.1221, 0.4539,-1.8234,-2.817 ,-2.9702, 0.1778, 0.7123, 1.1945, 0.471 ,-1.0704, 2.8603,-1.4845]
[ 4.641 , 0.6898,-2.905 ,-0.8194,-2.5247, 0.2754,-0.2696, 1.4506,-2.052 , 0.509 , 1.9403, 0.1951,-2.3819, 1.9165, 2.5637,-2.4342, 1.0913,-2.7169]
[-3.3928, 4.4455, 0.7816, 1.553 , 2.7482,-1.3234, 2.3324,-2.1418, 2.7597, 0.2319,-1.8716,-1.6057, 1.5884,-2.8578, 0.2578,-2.6496,-0.5419,-2.0566]
[-1.7813,-4.932 , 1.8259,-3.0756,-1.815 ,-1.4274,-1.6207,-0.709 , 1.3167,-2.3039,-1.3564, 2.4087, 2.6589,-2.4707,-2.9562, 1.3424, 0.8288,-0.6646]
[-0.5206,-0.0824, 2.7023,-0.8613, 0.6382, 0.2341,-1.9441, 1.5366, 0.9332, 2.4752, 1.929 , 0.2022, 1.573 ,-2.9279, 2.6505, 0.7322, 2.3692,-1.1793]
[ 2.3828, 1.2696,-3.7725,-1.7545,-0.1808,-1.3119,-0.3774,-2.4303,-2.4351,-0.2588, 0.5278,-1.4123,-1.9281,-0.4913,-3.0572,-1.8945, 2.8662,-2.7826]
[-4.7345,-3.7137, 0.4753, 2.8351,-2.9104, 2.0422, 2.566 , 2.9198, 1.4205, 3.0589, 0.8632,-0.3287,-1.2934, 0.1753,-1.7274,-0.708 ,-2.7786,-3.0021]
[ 1.505 , 4.1168,-2.1687, 2.1077,-2.3208,-2.8488,-0.1028, 3.0911, 2.4013, 3.0983,-2.0528, 0.8044, 1.3826,-2.305 ,-2.0431, 2.6811,-2.0722, 1.7196]
[ 0.2526, 3.2402, 1.7774,-2.7796,-2.0656, 3.1071, 0.2227, 0.107 ,-0.5478,-1.8225, 2.6301, 2.4514, 1.1028,-1.0121, 0.6014,-2.0509,-2.1892, 1.7969]
[-3.542 , 2.0349, 5.0341,-2.3387,-2.8265,-2.1076,-1.9629, 0.1406,-0.4101,-0.8973, 0.2719,-2.0774,-1.6525, 2.4949, 2.3525,-2.7955,-0.4884,-2.8414]
[ 4.6657,-0.4481,-1.2214, 0.9537, 0.0711,-2.7032, 1.5548,-2.858 ,-0.2368, 1.3716, 2.6349,-0.6499, 0.8434,-0.9961,-2.2702, 0.2184, 0.7429,-2.2522]
[ 4.6966, 1.1749, 4.5614, 2.1742,-1.9124,-0.8545,-2.7845,-2.5708, 1.9721, 0.1207,-2.1098,-1.198 , 2.4809,-0.4156,-1.1413,-0.7218,-2.0653, 0.4642]
[-5.3035, 3.8396,-3.2722,-1.0633, 1.8845, 2.6582, 1.6955, 2.3496, 1.796 ,-2.4604,-1.8468, 0.5723,-2.6445, 1.3793, 1.8975, 1.089 ,-1.195 , 0.1512]
[ 2.8344,-2.5067, 3.109 ,-1.8097,-0.8385, 1.9829,-3.042 , 0.9885, 0.9099,-1.551 ,-0.3241, 2.4346,-1.3006, 2.9556,-3.1193,-0.9783, 0.7956,-2.0287]
[ 3.2762,-3.4805,-0.1572,-1.6352, 2.9274, 1.6298, 2.3648,-2.6778, 2.1515,-1.0018,-0.8235,-3.0889,-2.7003, 0.1737,-3.0461, 2.3507,-1.5916, 1.0188]
[-0.3494,-2.7785,-4.5225,-0.5865,-1.1375, 1.0825,-3.1353,-0.5719,-3.1245,-1.3158, 2.7703,-1.4615,-1.4036, 0.6169, 0.3642,-1.9147,-0.0208,-0.8944]
[-0.5044, 3.6778,-2.0404, 1.9142,-2.234 ,-2.352 , 2.6228,-1.0696, 2.7991,-1.5217,-0.568 , 2.9724, 0.9518,-1.6203, 0.6679,-1.7434,-0.2863,-2.4376]
[ 1.4017, 0.814 ,-4.8086,-2.3973,-1.9585, 0.2229,-2.2631,-0.6046, 1.0691, 0.4521, 0.8897, 2.1316, 0.7416, 0.1467,-2.1212,-1.6024, 2.4359, 1.603 ]
[ 4.8952,-3.4651,-3.4613,-1.39  ,-0.6871,-2.5508, 1.8311, 0.3575, 0.2897,-0.3621,-1.1534, 0.6633, 1.4499, 1.4384,-1.2964,-1.9001,-2.967 , 2.574 ]
[ 4.4238,-2.6785,-4.07  , 0.6352,-2.7665, 1.2727,-1.6761,-2.6809,-3.109 , 0.6771,-2.8713, 2.5919,-1.2256,-0.2342,-1.4914, 1.3427, 1.0917,-1.9638]
[ 3.8286,-0.9967,-1.6212, 2.566 , 0.9573,-2.7185, 2.0029,-2.4631,-2.4816, 1.6159,-0.0298,-0.8462,-2.6232, 0.4906,-1.5578,-1.1547, 0.8207,-0.2111]
[ 0.5532,-4.2817, 5.3667, 1.4063,-1.3701,-1.1681,-0.3187, 2.9127, 2.5624,-2.86  ,-0.9306, 2.9381,-0.394 ,-0.4884, 0.5826,-1.0139, 2.3283,-2.9526]
[-2.721 ,-1.5223, 3.1936,-1.0296,-0.7778,-1.056 , 2.5993,-1.0966, 1.4031,-2.5231,-3.0493, 0.1533, 2.7291, 1.2667, 1.5627,-2.7648,-1.2729,-2.0627]
[ 0.6464,-5.1298, 0.1044, 0.5107,-1.3477,-1.1996, 0.8452,-2.7598,-0.5078, 0.8687,-2.042 ,-2.7692,-1.1113,-2.511 ,-2.8469,-2.4056, 2.4894, 1.5127]
[-1.5868,-3.4842,-1.9   , 1.3933,-1.0192,-2.1888, 0.7494,-0.2951,-0.9547, 2.1938, 0.3545,-0.0035, 2.4452,-2.0186, 0.2063,-1.4246, 1.6976,-1.2098]
[-1.2362, 0.9669, 3.7143, 1.6047,-0.9908,-1.4793, 2.63  , 0.7962, 0.2433,-1.9495,-2.6596,-2.9869,-0.7183,-0.5263, 0.5608,-0.1599,-1.4264,-0.3241]
[ 2.9277, 0.2928,-1.4534,-2.4902, 0.3903, 0.6244, 0.1286,-0.9951, 0.5132, 0.0674, 2.7439,-2.6267,-1.5722, 1.1011, 2.7773, 0.7793,-2.7447, 2.5989]
[ 5.496 , 4.8891,-0.4567,-2.0545, 2.3094, 0.9908,-1.5604, 0.0394, 0.3962, 0.2224, 0.3073,-1.5292,-1.3582,-2.6043,-2.6435,-0.6184,-2.9878,-0.1025]
[ 1.88  ,-4.6859, 0.5775, 1.4244, 0.5706, 1.8812,-1.8022,-0.8623, 1.3371,-2.7953,-0.9522, 2.1849,-3.1123,-2.8259, 0.8651, 2.2612, 0.5889,-0.0291]
[ 5.3682,-4.0734, 1.8468, 1.8709,-1.6554, 0.1616,-0.9428, 1.3009,-1.4   , 3.0025,-0.2104,-0.6459,-2.9756,-1.0141,-3.0696,-2.2293,-1.1103, 1.3243]
[ 2.7919, 3.3797,-2.7134,-2.8512,-0.7204,-0.7962, 0.2433,-2.2195, 1.4792,-1.1449, 1.996 ,-1.6685, 2.9261,-1.1211, 2.271 , 0.56  , 0.7494,-1.958 ]
[-4.5895, 1.5348, 4.3127,-0.8731, 1.0229, 2.1597,-2.8747,-2.6597,-2.6095,-0.6531,-0.0957, 0.1733,-3.0638,-3.1347,-1.1518, 1.2383,-1.6859,-0.8329]
[ 3.5942,-2.3503,-2.4209, 0.9313,-3.101 ,-0.175 ,-2.3656,-2.8203, 0.6895, 0.1319, 0.5682, 0.8239,-2.3897,-0.638 , 1.2422,-0.1177,-2.1583, 1.4592]
[ 2.5038,-1.3657, 3.0206,-0.0845,-3.0341,-1.5713,-2.6531,-2.9237,-0.5574, 0.3495, 1.3183,-2.4924, 1.081 , 2.2612, 0.436 ,-1.0716,-1.7304,-2.1937]
[ 1.1171,-1.8857, 1.9448, 2.0323,-0.6735, 0.123 , 2.6907, 0.9847,-2.4883, 2.8348,-0.437 ,-3.0065, 0.7065,-0.1026,-2.3038, 0.7924,-2.4932, 1.652 ]
[-2.2449, 0.731 ,-3.2655, 1.0079, 1.2515, 0.7667, 1.8127,-1.5496, 1.5967, 0.5072,-0.2507, 1.8866,-0.5875, 0.2179, 1.4471,-1.4631,-0.8815, 2.6422]
[-4.1855,-1.1702,-1.874 , 0.4382,-2.5653,-0.7872, 1.8954,-1.8438,-0.2134,-1.8414, 0.1089, 0.0786, 1.7497, 2.5603,-0.6527, 2.5757, 0.2865,-0.7462]
[ 0.0069, 3.848 ,-5.0855,-2.1822, 2.0819, 0.6388,-0.3599,-2.5426,-1.3554,-0.0108, 3.0011,-2.8839,-0.6523,-2.4372,-0.516 , 0.5576,-1.0226,-0.0412]
[-0.0713, 2.6084,-4.0267, 1.951 ,-1.0167,-0.1915,-1.3646,-2.3889,-2.6482, 2.5147, 0.0205, 0.1006, 0.8962,-0.4739, 3.0348, 1.8114, 2.1813, 1.0479]
[ 0.585 , 3.8946, 2.5225, 2.5657,-0.3953,-0.1148, 2.5134,-1.1018,-0.3108,-1.919 , 0.6395, 2.909 ,-2.9912, 1.3514,-0.7753,-1.3247,-2.6044,-0.0691]
[ 2.9476,-3.8282,-4.806 ,-0.2492,-1.471 ,-1.2212,-1.0782, 2.8665, 2.9229,-1.0717,-1.1556,-1.0495, 1.469 ,-1.9252,-2.5985, 1.799 ,-1.556 , 1.7974]
[ 0.7499,-3.8705,-0.5284, 0.6303,-0.0348,-0.4141,-0.9335, 0.8352,-0.427 ,-2.9713,-1.1227, 1.2033, 0.7648,-2.2724,-0.8173,-1.506 ,-2.5242, 0.4503]
[ 0.1222,-1.7934, 4.3321, 2.7035, 2.034 , 2.8549,-2.6915,-0.6328, 0.7803, 2.9834, 0.6139, 1.9055, 0.1339, 1.9481,-0.4238,-1.6044, 2.4219,-0.3807]
[ 2.324 , 0.9414,-1.2546,-1.3017,-2.4679, 1.1948,-2.9858, 1.9213, 1.0478,-1.0082, 1.5371, 0.3993, 0.5914,-2.9716,-0.6287,-0.9258,-0.2993, 1.2561]
[ 2.637 , 0.5002, 4.5757,-0.7056,-0.4965,-1.5262, 0.9473, 1.7805,-1.3751,-2.73  ,-1.3975, 0.3384,-0.4858,-1.1611,-0.2081, 0.3421, 2.8147,-0.5898]
[-4.7476, 5.0039,-0.5133,-1.5404,-1.9255,-2.8086,-2.1874, 2.2538,-1.1856, 2.9147,-1.2166, 2.1113, 1.425 ,-0.803 , 2.3173, 2.92  , 2.0563,-2.427 ]
[-0.4409,-1.812 ,-0.563 ,-0.3454, 1.0613,-2.3497,-1.3566,-2.1677,-0.4149,-1.9404,-0.0055,-0.6005, 0.0232, 0.8664,-0.5315,-2.8542,-1.1642,-0.3043]
[ 4.9435, 4.0174,-4.6907,-0.9809,-1.7731,-2.6516, 0.5669,-2.2055,-3.0319, 1.0862, 2.9746, 0.5995, 2.8296,-1.7288,-1.8513,-1.9513,-0.3883, 0.1666]
[ 3.1772,-4.9136, 1.142 ,-0.9746, 0.8406, 2.4741,-2.0816, 2.4095,-2.158 , 0.7316, 1.4599,-1.7283, 2.8643, 1.3898,-0.4919, 2.4403,-1.1054,-0.4875]
[ 5.2841, 5.0653, 4.929 ,-2.0368,-2.7512, 2.9153,-2.208 ,-2.1929,-1.2737, 0.0341,-0.9464, 2.1584, 1.5812, 0.5926, 2.5323, 1.9116, 2.7718,-1.6799]
[ 3.6057,-3.6405,-4.8207, 2.1266,-2.9555,-0.1688,-0.2145,-1.4745,-0.2912,-2.5139,-2.4488, 0.2859, 2.1512, 0.8378, 0.8842,-0.9085, 1.9147,-2.1177]
[ 5.1545,-4.9845,-3.0497,-2.7618,-0.9935, 1.9689, 0.4779, 2.9742, 0.0405,-0.4841,-0.8167,-0.8185,-3.0168, 1.9948,-3.1393, 0.6196, 2.6037, 2.4351]
[-0.6874, 0.8441,-1.1506, 0.3334, 1.5932,-0.293 , 2.7113, 1.9148,-1.353 ,-2.3516,-0.6937,-2.0321,-2.9669, 2.2411, 2.4285,-0.607 ,-2.9598, 2.4665]
[ 1.3617,-1.1924, 4.7314,-1.7531, 1.7837, 1.9373,-2.4252,-0.2053,-1.3958,-2.822 ,-1.1385,-2.7591, 3.0704,-0.6625,-2.6669, 0.0628, 0.0988,-2.5834]
[-0.1421, 3.2113, 3.8783,-0.3577, 2.0949,-0.8222, 0.7369,-1.6844, 2.5296, 2.31  ,-2.0593,-2.3981, 0.9197,-1.7364,-1.5358,-1.5711, 0.7762, 0.2069]
[ 1.9296, 2.1323, 4.0825, 1.7007,-0.0081, 0.7057,-1.0048, 0.4453, 2.5597,-0.1275, 2.0079, 1.8851, 2.0096,-0.0268,-0.5957,-2.5317, 3.1137,-0.9542]
[-4.0001, 2.0252, 1.9067, 1.1693,-2.6604, 1.8201, 1.2536,-1.9439, 2.9555, 1.0756,-2.4487, 2.5769, 2.5969, 0.4365, 2.9005,-3.1103, 1.4092,-2.7328]
[ 3.4217, 3.7973, 3.9734, 0.1053,-3.069 , 2.3826,-2.1619, 1.5563, 1.1735,-2.1271,-1.0124, 0.7509, 1.458 , 1.4651,-1.8964, 1.5716,-0.1626,-0.573 ]
[-3.7971, 5.1075,-4.0234, 2.3065,-2.2266,-2.1788, 1.9393,-2.7535,-1.7422, 1.5434,-1.4367,-1.2873, 0.3494,-1.4869, 0.3069,-2.3851,-1.5312, 2.9183]
[ 0.5126,-0.3303,-2.3136, 1.2195,-2.5125, 2.2014, 1.9521,-1.4406,-0.6034, 1.4088,-0.7531,-2.3866, 2.8505, 0.0142,-2.9383, 2.5732,-1.1325, 2.2913]
[-0.1502, 4.3969,-0.7752, 0.1846,-0.9475, 0.5117,-2.4413,-1.2996,-2.2812,-0.0781,-0.9015, 2.2083, 1.7025, 0.424 , 2.6969, 1.4157,-2.4189, 2.0631]
[ 4.2389,-4.1646, 0.543 , 3.1022,-1.6269, 2.2391, 2.724 ,-2.9577, 1.6639,-1.699 , 0.4582,-1.0838,-1.7656,-1.4469, 0.6318,-0.7777,-0.2807, 1.2429]
[-0.8134, 3.8543, 4.0168,-2.0413,-2.2089,-1.35  ,-2.3769,-0.4547,-2.0601,-1.9014,-0.5437, 0.7653, 2.332 ,-0.816 , 1.9528, 2.7604,-2.2111,-1.0068]
[ 4.4443,-4.9127, 4.1187,-0.915 , 1.6985, 1.057 , 2.0316, 1.0074, 1.5699,-0.6484, 2.9547,-0.0133, 0.512 ,-2.9874,-2.3849, 1.6309, 2.9164,-0.6242]
[-0.6048,-2.241 ,-4.4473,-2.1558,-2.7626, 3.1364, 0.0287,-2.7854,-0.0479, 0.3463, 1.9222,-1.9625, 3.0247,-0.6325,-0.4547, 2.8527, 1.794 ,-0.7885]
[-0.5139,-1.7684,-4.3325,-1.7923, 2.2184, 1.7559,-1.9279,-0.46  , 0.2454,-0.9188, 2.2947, 0.8603, 1.0876, 2.1472,-2.4211,-0.0684, 2.7164,-1.2787]
[ 2.2207,-2.0506,-3.4979, 2.1026, 2.0903,-2.4803, 0.0097, 1.836 , 2.5524,-1.1698, 2.2621, 0.8848,-1.4018, 1.1109, 1.1581,-0.759 ,-1.2532, 3.0384]
[ 5.4442,-2.5091,-0.8662,-2.014 ,-1.0265,-1.501 , 1.2217,-1.5316,-0.8211,-0.0466, 2.7483, 1.3634, 2.7426, 1.2696, 2.4319,-1.9178, 0.9702,-1.1435]
[-3.3297, 4.3309,-5.2968, 1.7044,-1.8051, 3.032 ,-1.0041,-2.0941,-0.9457,-0.8575,-0.3076, 0.3054, 1.2508,-2.6552, 1.223 ,-2.4281,-1.5228,-0.4605]
[-3.0541,-1.7475,-2.1734, 0.6172, 2.4559,-0.224 ,-3.0353, 2.1043,-0.2609,-0.0888,-0.5744, 2.182 , 0.0076, 1.3087, 1.5317,-2.0752,-1.718 , 1.7337]
[-0.6344, 2.4639,-4.8113,-0.1226, 1.2887,-0.4276, 0.2112,-1.9626,-2.474 , 1.5308, 2.2976, 0.795 ,-1.8249, 1.4494, 0.0408,-1.8958, 0.381 , 0.0918]
[ 0.4711,-0.5691, 5.3632,-0.5672, 1.0803, 3.0801,-1.4116,-0.1882,-0.6354,-2.6583,-0.1041,-0.9388, 2.514 ,-3.0201,-0.4057, 0.5115,-0.8778, 2.4546]
[-3.1092,-3.8238,-4.2433, 1.4256,-0.8866, 2.8524,-0.0153,-2.6375,-2.0102,-2.354 ,-0.3133, 2.7962,-2.5406, 0.0672,-0.9146, 3.0379,-2.4864, 2.1946]
[-3.6615, 1.2719,-3.076 ,-2.284 , 0.915 , 1.7963, 2.6331, 2.3071,-1.7901,-0.2573, 0.809 , 2.3883,-2.8045,-1.4411,-1.3135, 1.3517, 1.0804, 0.1283]
[ 4.4403, 0.8095,-0.9683, 3.0549, 0.9729, 0.4931, 2.271 , 2.2127, 1.6041,-1.3373, 2.9324, 3.0151,-1.8868, 2.2606,-1.3122,-0.0757, 2.8106,-2.9044]
[-0.7712, 3.6786, 1.4577,-2.418 , 2.9527, 0.4523,-1.0848, 1.8323,-1.86  , 0.2597, 2.6174,-2.1205, 0.902 , 0.1494, 1.2838, 1.6762,-3.112 ,-0.723 ]
[-1.0885,-5.3302, 3.3048, 0.2089, 1.8442,-3.0626, 0.2528,-2.12  ,-1.4244, 1.3729,-0.2701,-1.1189, 1.1686,-1.9428,-1.1823, 3.0485,-0.2323, 0.1486]
[-5.0185, 5.205 ,-3.603 ,-1.9985,-0.2636,-2.753 , 2.5961,-2.9421, 0.4402, 2.8766,-2.6938, 0.8519, 2.0059, 0.721 , 2.4172, 2.2931, 1.616 , 0.2799]
[ 1.983 , 0.4251,-2.3013, 3.097 ,-0.1351, 2.8696, 1.7363, 2.6324, 0.4369,-2.5039, 2.1861,-1.5592, 0.9298,-2.4997, 1.588 ,-2.7191,-2.2906,-1.3677]
