[ 1.5127,-2.2214,-0.0562, 0.2679, 0.9616, 2.8193,-0.3289, 2.9078,-2.0048, 2.384 , 1.5   ,-1.9762,-3.138 , 0.3118, 2.5503,-1.1183, 0.6832,-2.3753]
[-2.157 , 3.8637,-4.1902, 0.2007, 0.3132, 0.9567, 0.2972,-0.0373, 1.6446, 0.4247,-0.4346, 1.8457, 2.0677, 0.0527, 1.9531, 0.4972, 2.1538,-1.7914]
[-5.9016e-01, 5.1548e+00, 1.2096e+00,-6.5839e-01,-9.8844e-01,-1.1507e+00,-6.1642e-01, 2.0821e+00, 1.6013e+00,-2.2180e+00, 1.3297e-01, 3.0463e+00, 3.4957e-01, 2.3593e+00,-8.5549e-01,-2.8056e+00,-4.1975e-03,-1.6785e-01]
[-0.2476, 3.5901,-0.0685, 1.4036, 1.3463,-1.9398, 2.4915,-1.6586,-1.6553,-1.9712, 1.8638, 0.9985,-1.756 ,-2.6545, 0.0255, 0.6819,-1.3858,-1.9529]
[ 2.4533, 2.7612,-2.2272, 1.8573,-0.3889, 1.6595, 0.6711,-0.5345,-2.1063, 2.3469,-1.0427,-1.8409, 1.9798, 0.4744,-1.8181, 2.8969, 2.9608,-2.48  ]
[ 2.4556,-3.3731,-0.9877, 0.389 , 0.8099, 0.8689, 2.769 , 1.7849, 1.7421,-1.8181,-1.8925, 1.4797,-2.8004, 1.1437, 2.4223, 1.1971,-2.0348,-1.3385]
[ 0.6268, 2.6218,-0.7948,-0.6526,-0.2975,-2.644 ,-2.0282, 0.415 ,-0.2795, 0.3452, 0.2789, 1.4401, 1.9259, 2.4031,-0.6503, 2.0453, 0.4383,-1.9032]
[ 0.7162,-5.0986,-1.3222,-0.9065, 0.7531, 2.9996, 0.9914, 2.0185,-1.3681, 0.821 , 2.2789, 3.0541, 2.4147,-2.4544,-2.9902,-2.8588,-2.837 , 2.6201]
[ 3.2233,-2.2922, 2.8981,-2.8251, 1.7199,-3.1197, 3.0234, 2.8673, 0.3239,-0.7534, 2.8153,-0.5305,-2.4371,-2.2056,-0.8269, 1.9748, 0.4995,-1.7457]
[ 4.687 ,-4.7171, 4.4112,-0.335 ,-3.0594,-2.9919,-0.7087,-1.403 ,-2.6164, 2.1483,-0.9055,-2.0348, 1.8218, 1.6509, 2.0654,-1.2119, 1.4101,-1.4943]
[-3.6148, 3.0079, 3.6485, 2.9881,-1.4107, 0.2424, 1.6038, 1.2324,-0.804 , 1.7011,-1.849 ,-1.3018,-0.469 , 3.092 , 0.733 ,-0.3155, 1.2701,-3.1172]
[ 4.7659,-3.9829, 1.9917,-2.2767,-1.7384,-3.069 ,-1.1917,-1.8472, 1.2367, 0.5456, 0.6922, 0.6028, 1.8057,-0.9565,-0.8992, 1.7967, 2.5147,-2.684 ]
[-1.6583,-3.4893, 1.626 , 0.4858, 0.9006,-0.9245, 2.0376,-1.5553,-0.5225, 2.8934,-2.485 , 1.4476,-1.6582, 3.0691, 1.9731, 1.832 ,-2.7831,-0.7026]
[ 2.7941, 0.6635, 1.5547,-2.3494,-3.1131, 1.1797, 1.9489,-1.6191, 1.2105,-1.1468, 2.9279,-2.794 , 1.1974, 0.3787, 0.3799, 1.1167,-0.9201,-0.0442]
[ 0.9107,-4.0743,-4.5131, 2.0136,-1.1972, 0.5419,-2.9239,-2.7636,-1.6372,-0.9963,-1.1997,-1.07  ,-2.9664,-2.6279, 0.1791,-0.5522, 2.0349,-3.0075]
[-4.5349,-1.5564,-3.2775, 1.4873, 1.6944,-2.3773,-2.6821, 2.6039,-0.1442, 2.2154,-2.8315, 1.3349, 1.2025, 0.1429, 0.898 , 1.3832, 0.6228,-0.6171]
[-1.8645,-2.2594,-1.8931,-2.7116, 1.5812,-1.2959, 2.5836, 0.5231,-0.668 , 1.6349, 1.5613,-1.5759,-2.2908,-1.6383, 0.3561, 1.815 ,-1.4034, 2.4724]
[ 3.0567, 3.807 , 2.8492, 1.3764, 0.6622, 0.9211, 1.2997,-0.228 ,-1.1217,-0.6083,-1.4072,-0.8792,-2.5524,-2.6631, 1.399 , 1.1468, 2.1694, 2.3799]
[-1.0369,-0.07  , 1.1491, 2.9568,-2.7111,-1.0241, 0.9261, 0.0203, 1.9158, 0.4369, 1.1552, 2.8623,-0.0576,-1.6659,-0.8278,-3.0244, 0.2303,-2.5278]
[-0.732 , 0.9808,-4.2297,-0.0537,-3.0304, 1.5797, 2.1127,-1.233 , 2.2904, 1.7414,-0.1172,-0.393 , 0.4768, 0.8696,-2.4197,-2.6822, 2.2628, 1.7151]
[ 0.3167, 1.7178, 3.1242,-0.9063, 0.1127,-0.2087, 2.5858,-0.425 ,-3.0294, 0.9907, 0.0452, 1.2289,-2.2001,-1.7895, 2.9578,-0.804 ,-1.3303, 2.0999]
[-4.5664, 4.6778,-0.6545, 2.2735,-1.3686, 0.1153,-1.8102, 0.1517,-0.5583, 0.5949, 1.5041, 1.8639, 1.7975, 0.2506, 2.9528,-1.6699,-0.7499, 2.7017]
[ 0.4325,-4.6924, 3.5727,-2.5228, 1.5329, 0.9657, 1.654 , 0.8539, 0.9281, 2.8402, 1.1933,-2.4636,-1.6209, 2.0394,-0.2981,-0.4658,-2.8132,-2.1187]
[-2.9603,-1.9506, 0.8747,-1.0664,-2.233 ,-1.5232, 1.0528,-1.5908, 1.827 ,-0.0992,-2.6485,-0.7823, 1.9898,-2.6049, 0.5804,-2.8272, 1.6604, 2.5179]
[ 5.3927, 3.6009, 3.0361, 2.122 ,-3.0735,-1.0256,-1.337 ,-2.5377, 2.7085,-2.2145, 2.6266, 2.895 ,-2.5866, 1.9018, 0.8098, 2.8385,-2.6781, 0.9518]
[-3.0958, 1.0121,-2.4178,-2.2026,-0.986 ,-2.3817, 0.8864,-0.5347,-0.015 , 2.3337,-2.7395, 1.0415,-0.2876,-2.3285, 2.5915, 2.3371, 2.4399,-0.9247]
[ 2.8115, 4.7693, 4.7163,-1.4152,-1.2784,-2.7309, 0.1085,-2.3001,-2.6025,-0.8205,-0.0721,-1.7394,-0.8949, 2.0994, 0.5943,-2.0681, 0.1433, 0.7013]
[ 1.2193e+00, 1.8217e+00,-1.9165e+00, 2.4178e+00, 2.1918e+00, 1.2515e+00, 9.9458e-02,-8.2852e-01, 2.4014e+00,-1.3311e-03,-8.5544e-01,-4.4775e-02, 2.0856e-01,-1.4643e+00,-1.6967e+00,-1.8281e+00,-4.1141e-03, 1.6634e+00]
[ 4.3656,-4.4783, 4.5867, 0.3929,-2.2127, 0.0913, 0.4124,-0.9276,-2.6612, 1.1895,-0.1029, 0.0831, 1.7959, 0.1567, 0.7408,-0.7574,-1.141 ,-3.09  ]
[ 2.7978,-1.3695,-0.933 , 1.3104,-1.4573,-1.7837,-2.2795,-2.8629,-3.1251,-2.4717,-0.3028, 0.9933,-0.1006, 2.7183, 2.879 ,-2.7516, 0.784 ,-1.1969]
[-0.0927, 0.9426, 4.0798, 0.2962, 2.6915,-1.2645,-3.0487, 2.0836,-2.1186, 0.3132,-2.0557, 2.0512,-0.9577, 1.9423, 3.0912, 0.4899,-2.4269, 0.531 ]
[-4.2226, 3.631 ,-1.3243,-1.7691,-2.3917, 2.3383, 1.6962, 2.3172,-2.4908,-1.4917, 2.3871,-2.7508, 2.2495,-0.7459,-1.2452,-2.3629,-0.2505, 2.3126]
[ 4.2561, 4.4223, 1.2232,-2.3987,-1.356 , 1.3232, 1.6336, 1.8659, 3.1015,-1.4146,-2.1334,-1.1299,-0.8857,-2.8007, 3.0817,-1.3935, 1.5429, 3.0885]
[-0.7525, 4.7312,-1.1849,-2.9574,-2.4986, 0.761 ,-1.8401, 2.7468,-0.0449,-2.0166, 0.4309, 2.0424,-2.7657, 0.7963,-2.218 ,-2.9527,-0.5045,-1.0335]
[-2.4623,-1.7659, 3.2228,-0.9843,-2.1192,-2.3201, 1.7199,-0.14  ,-1.2167,-2.0938,-1.484 ,-0.6694, 1.5611, 3.0234,-2.2232, 0.862 ,-0.979 , 0.6513]
[ 0.42  ,-1.8564,-5.2145, 0.3311, 1.7468, 0.7568, 2.5432,-0.76  , 0.2891, 1.39  ,-1.6099,-1.6172, 2.082 ,-0.2776,-0.6061, 2.5695, 1.9079,-0.858 ]
[ 0.9673, 0.6214, 1.608 , 2.2359, 3.1009, 1.9527, 1.8175,-2.0993, 1.8322,-0.5249,-0.0134, 1.1501,-1.0465,-2.7421,-0.616 ,-2.3304, 2.7031,-2.3279]
[-5.1255, 0.3575, 2.558 ,-0.7243, 1.3011,-2.8338, 1.0527, 0.0664,-0.7723,-2.1558,-1.2085,-1.9885,-0.7893,-1.1821, 0.3902, 1.5615,-1.6491, 2.5042]
[-2.2324,-1.0898,-2.7127,-2.1714, 2.5467, 0.0419,-2.5507, 3.0976, 1.6846, 0.5628, 2.2161,-2.2492,-1.9104,-2.432 ,-2.6574,-1.1707,-2.7784,-0.7601]
[ 0.8421,-5.4288,-5.374 , 0.1734,-2.3316, 2.764 , 2.075 ,-2.4228, 2.7156,-2.3278,-2.2273,-0.6253,-3.0674, 2.627 ,-0.9215,-2.3272,-2.7144, 2.0493]
[ 0.9787,-2.5791, 3.7745,-1.6997,-2.0254,-2.2968, 0.6277, 1.2761,-3.0619, 2.1441,-2.6014,-0.0967,-1.0043, 2.0023, 3.0444, 2.4329,-1.9179, 0.6384]
[ 0.0542, 1.5649, 2.3622,-0.5957,-2.8653, 0.6355,-0.3945, 2.4545, 1.1103,-0.3305, 1.0422,-0.5331,-1.454 ,-1.8898,-1.2583,-0.0841, 2.2484,-2.9752]
[-4.949 , 2.8848, 4.2763, 2.1484,-2.049 ,-0.5068,-2.798 ,-1.003 ,-2.5587, 1.3132, 0.5759,-0.5585,-1.602 ,-0.5256, 1.8982, 1.6429, 2.3628,-3.0744]
[ 3.3746,-1.5875, 4.448 , 0.9191, 2.9757, 0.5352,-1.5361, 1.1709, 2.6485,-0.0778, 2.4872, 2.3197,-2.1839,-2.7875,-0.5546, 2.1248, 0.8545, 2.6933]
[-3.6607, 2.1159,-0.8353,-0.7629, 1.5147, 0.1309,-1.6806,-2.7375,-1.3509,-1.6863, 1.9378,-3.1297,-0.0072,-2.9088, 1.2285,-2.0211,-2.4545, 2.2726]
[ 2.0562, 2.8847, 0.8108, 1.8968, 0.045 , 1.3236,-1.5743, 1.8382, 1.4139, 0.1034,-0.1779, 0.6547,-0.9009, 1.1207, 3.01  ,-1.9941, 1.7825, 2.0927]
[-4.7348,-3.6263,-4.6439, 1.4748,-1.3427,-1.7787,-2.2306,-2.1862, 2.5362,-0.1493,-2.1055,-2.6609,-1.984 , 2.4921,-3.1138,-0.8103,-3.0103, 1.1893]
[-3.3483,-3.2158,-5.4639,-0.4   , 1.5337, 2.091 ,-2.8076,-2.5893, 0.2712,-1.6974,-0.2452, 0.1467, 2.2794, 0.1028,-1.68  , 1.5515, 3.0036, 0.621 ]
[-1.6634,-2.6839,-1.6157,-0.5465, 1.2098, 0.2509,-1.4423, 0.7047, 1.4058,-0.9004,-1.2862, 0.1013,-0.0263,-0.328 ,-2.2752, 2.947 , 1.2749,-0.1858]
[ 4.9214,-3.4548, 3.0969,-0.8943,-0.5284,-2.7129, 3.1193, 0.9156, 0.354 ,-1.628 ,-0.6872,-2.8686, 1.2092,-0.8081, 1.0489, 0.4334, 0.0915, 0.4049]
[ 1.7882, 1.2433, 0.2834,-1.5759, 2.034 , 1.2085, 2.3882, 1.929 ,-1.6102,-3.0351,-0.1645,-0.3135,-1.3654, 1.6774,-2.8938, 1.4506, 1.696 ,-0.7341]
[ 2.7174,-5.3768, 2.3868,-2.5226, 0.8936,-1.254 , 2.9934,-0.6354,-2.6126, 2.9135,-0.045 ,-1.7424,-0.6554, 1.7365,-0.5073,-0.1022,-1.2898, 1.2385]
[ 0.0967,-0.73  ,-0.3445, 0.2535, 0.6062, 1.144 , 0.1778,-0.3651,-0.5329, 0.9771,-1.6306, 0.9387,-2.2549,-2.2463, 2.1604,-1.527 , 2.3067, 1.6832]
[-1.2038, 2.5268,-1.1029, 1.065 , 1.0912,-0.3489,-1.0478,-0.1159,-0.9869, 0.5388,-0.2898,-2.147 , 0.7103,-2.3076,-1.8621, 0.6905, 0.9442, 2.5336]
[-3.5022,-0.4437, 0.4281,-0.0415,-0.4217, 1.8924, 0.423 ,-0.9052, 0.9699, 0.9235, 2.4854, 1.2716, 2.8255,-1.1503, 2.9903, 0.7253,-0.7093, 1.75  ]
[ 2.3832,-1.4376,-0.3932,-0.8743, 2.0052,-1.1566,-0.4651, 0.3541, 1.5688, 2.2544, 1.5445,-0.144 , 1.5706,-0.2002, 0.9067,-3.0644, 1.4265, 1.702 ]
[-4.2812,-3.5297, 0.0716, 1.9563,-2.0211,-2.6094,-0.4898,-1.0142, 2.2387,-1.4726,-1.9963,-0.5903, 1.7603, 0.417 , 2.8476, 2.2073, 0.6432, 2.861 ]
[-1.0232, 4.529 , 2.8493, 1.4574,-2.9922,-1.2934, 2.4459, 1.8511, 1.4228, 0.4326, 0.1676,-1.3363,-2.4237,-0.4219, 0.6356, 1.0784,-0.8595, 0.5691]
[-0.8112, 0.2603,-3.5036, 1.3021, 2.9663, 2.2411,-0.141 , 0.4694, 0.0635,-0.7469, 2.6079, 1.3335,-0.4061,-3.0542, 0.8534, 3.0657, 1.7885,-0.3382]
[-4.6828, 3.2372, 4.3088, 2.3929, 0.4882, 1.3548,-2.787 , 2.3106,-2.2033,-0.521 , 1.1681, 0.2601, 0.5562,-2.3318, 2.772 ,-2.0038, 1.4065, 1.0408]
[ 4.2093, 3.8022,-1.7446, 0.3994, 0.415 , 2.6325,-1.3513, 2.9474,-0.0564,-2.3716, 0.6239, 0.1376,-0.0236,-0.6522, 2.3465, 1.3052,-0.3158, 1.7329]
[-3.2449,-2.2231,-5.4278, 0.0977, 0.1592, 1.2381,-1.7558, 1.1041, 2.4165,-0.6139,-2.5003, 1.6576,-0.7529, 1.642 , 0.2403, 0.1423,-2.9342, 0.8011]
[ 5.3363,-3.324 , 5.3698, 0.0075,-0.024 , 1.3919,-0.4616, 1.7567,-0.2284, 1.7886, 0.0181, 1.0248,-1.0661, 3.104 ,-2.0331, 3.0516,-0.5797, 2.229 ]
[-5.3972, 2.1954,-3.8444, 1.1912,-1.1325, 1.9131, 0.8393,-0.5134, 2.605 ,-2.3733, 1.1963,-3.1288, 0.9989, 2.5   ,-0.6358,-0.3522,-0.2699,-1.4759]
[-0.1608, 2.7741,-4.1043, 0.882 , 2.2844, 2.2713,-2.5423, 2.7468,-2.4212, 2.0693,-2.7033, 2.738 ,-2.6123,-2.9951,-0.2937, 1.7176,-0.2664, 0.1803]
[ 2.8353,-2.3006,-2.5871,-2.6909, 1.4216,-0.1047,-0.5609, 2.6073,-3.0669, 0.6685, 1.0862,-2.064 , 2.3258,-2.3064,-0.8688, 1.1784, 2.9937,-0.5253]
[-3.2244,-4.1688, 3.442 , 3.0397, 0.5884, 2.7502, 1.4818, 1.3162,-2.7941,-1.131 ,-1.637 ,-2.5088, 2.8642, 1.2437,-2.0882, 1.9732,-2.4843,-1.2567]
[-3.7083,-5.3089, 1.7879,-1.4207,-2.0048,-3.0318, 1.308 , 0.4072,-2.5907, 0.8108, 0.9036,-1.0878, 2.5644,-2.7421,-0.6299,-2.28  , 1.835 ,-2.0864]
[-1.7493, 5.1083, 3.9712,-1.5475,-1.186 , 0.7329, 3.0881,-1.6056, 1.6824, 1.6773, 2.575 , 1.1687, 1.3053,-2.5448,-0.4175,-1.5307,-0.6333,-0.2858]
[ 4.0785,-2.582 ,-0.6516,-0.4376,-1.3175,-1.8495,-2.029 , 2.045 ,-0.2362, 0.7413, 1.3847,-3.0124, 2.4191,-2.6801,-0.8823, 1.5947,-2.0084,-1.875 ]
[ 4.6491, 0.7313, 2.3148,-1.8337,-1.7407,-2.0629, 0.8532,-2.2543, 1.8205,-3.0919,-0.3442,-0.937 , 1.3053, 1.6011, 0.5409, 0.0946, 1.6893, 2.8224]
[ 1.5753,-4.05  ,-0.6055,-3.0677, 2.2635, 1.0121, 1.7374,-1.0341,-1.0488, 0.7159,-1.9542,-2.1802,-0.2046, 2.9917, 2.0586, 2.3293, 2.104 , 0.3048]
[ 3.992 ,-1.9959,-0.2097,-0.2225, 3.0658,-0.6766, 0.1187,-2.5214, 1.6216, 2.4093, 2.3558, 0.5899, 1.0742, 2.5975, 1.3733,-0.0905, 1.2237, 0.5863]
[ 2.3677,-0.3475,-5.3538, 1.9487, 0.1515, 2.2025, 0.3245, 2.948 , 1.6059, 0.6931, 2.9211,-0.5728, 1.6585, 1.5876, 2.7756, 2.7119,-0.282 , 2.1618]
[-2.2785, 2.9835,-0.6328, 2.9119, 0.1159,-3.1091,-0.1135,-0.3167,-1.0691, 0.8593,-1.6846, 0.4064, 1.3684,-1.9788, 2.1071,-1.5845,-2.3539, 2.7869]
[-3.1186,-3.7795, 1.7378,-3.0472, 0.5866, 2.0451,-3.0095,-2.3524, 1.0618,-0.2418, 2.9636, 0.2624, 2.4147,-2.9073, 2.7073, 0.9263,-0.6069, 1.1857]
[-2.4065,-1.9912,-4.3306,-1.9194,-1.0684,-2.6037, 2.9361,-0.9475, 2.4997, 1.289 , 1.1699,-0.5891,-1.7377, 2.0261, 3.0941, 2.5933, 2.6646, 2.4718]
[-3.3908e+00, 4.0586e+00, 3.4131e+00, 2.8336e+00, 2.7181e+00,-2.1738e+00, 1.5903e+00,-1.9789e+00,-2.8213e-03,-2.0277e+00, 6.7025e-01,-1.8641e-01, 2.5074e+00, 7.8993e-02,-2.9901e+00, 5.4613e-01, 9.3376e-01,-1.5585e-01]
[ 0.464 , 1.7906, 2.8339, 1.7939, 1.7536,-1.3795, 1.7722,-2.5724, 1.11  , 2.7913,-2.9983,-2.709 , 0.6548,-1.    , 2.8888, 1.5937,-2.0196, 0.9103]
[ 1.271 , 1.7354,-0.6633,-0.4128, 1.8265,-2.6463,-0.638 ,-2.2296, 1.5191, 1.044 , 2.3777,-1.2791,-2.8333, 2.9844,-1.427 ,-0.9992,-0.7011,-2.1219]
[-3.3859,-4.3798, 0.3787, 2.7586, 0.6282, 1.9167,-1.0597,-1.0522, 1.4375, 1.5953, 3.1135, 1.8828,-2.1787, 0.7681, 2.7415,-0.9286,-2.3615,-1.2418]
[-4.5228,-4.0202, 1.7453,-2.1803, 2.7385, 1.0013, 1.4701,-2.111 , 0.6035, 0.9978, 2.5577,-2.9247, 2.7105,-1.1659, 1.3169, 1.5099, 0.4115, 2.8055]
[-3.6341, 2.4107,-4.908 , 2.3529,-2.7087,-2.1468,-1.8489,-1.6144, 2.2876, 1.1739, 1.9616, 0.9641,-0.8751,-0.8859, 1.6375, 1.6675,-0.2819,-1.8275]
[-3.9516,-1.2029,-4.3562, 1.9663,-0.2388,-0.7283,-1.1129, 2.7287,-0.8693, 2.1574,-1.0707,-1.2318,-2.9636, 2.1019,-1.6877,-0.2926, 1.8768,-0.2221]
[ 4.6182,-0.7582,-2.437 ,-1.6279, 1.7195, 1.9748, 3.0592, 3.0261, 0.4533, 0.8038,-2.4415, 1.0052, 1.6299, 2.1832, 2.9832, 2.0392,-1.0404,-1.2365]
[ 3.9214,-3.5846,-1.2245, 1.1025, 0.974 , 0.6814,-1.8744,-0.4867,-0.4849, 2.3075, 2.5601,-2.6282, 2.6075, 1.6382, 3.0752,-2.503 ,-1.0419, 0.2003]
[-2.5321,-1.8528,-3.9967, 1.7087, 1.0969, 2.8818,-0.9709,-2.211 ,-2.8459,-2.4313,-1.4125, 2.7745, 1.2511, 2.8524, 0.1423,-0.0673, 1.0021, 1.1353]
[ 4.1687,-2.3642,-2.5089,-0.96  , 1.4795,-0.7936,-1.126 ,-0.6422, 2.9152, 2.0576,-3.123 ,-0.3314, 2.5825,-1.3577, 3.1293,-2.4534,-0.0322, 1.268 ]
[-3.0236,-0.7346,-3.1617, 1.2718,-0.171 ,-0.1538, 2.9191,-1.4353, 0.2554,-0.8246, 0.0755, 2.6751,-2.0799, 2.4367,-0.2679, 1.8039,-1.788 ,-0.2841]
[ 4.1062,-3.7783,-0.9328, 1.2618,-1.3407,-1.7266, 2.0172,-2.4502, 0.9849, 2.5337,-1.6413, 1.3927, 2.6036, 1.3605,-2.1256, 1.2006, 2.1236, 1.9006]
[ 1.6014, 0.7748, 2.0002,-0.7355,-0.9986, 0.1492,-1.6364, 2.4723, 0.0584,-2.4074,-1.8541,-2.4323, 2.0803, 0.9079,-1.1796,-0.2659,-2.7924, 2.8952]
[ 0.0852,-4.6714, 5.2608, 2.2994,-1.993 , 0.7337,-0.6799,-2.4484, 0.7886,-2.0465,-1.5677,-3.008 , 1.2886,-0.5018, 1.0202,-0.3007,-0.0408,-2.9641]
[-2.8264, 0.9638,-2.2273,-0.2162,-1.5971, 1.1059, 0.0827,-1.5228, 0.7119,-1.9886,-1.9271, 1.2644, 2.1774,-2.0824, 1.4396, 3.0907,-1.9668,-2.8874]
[ 4.3843,-0.3867,-2.4035, 0.3511, 0.4778,-1.0235,-1.4975,-1.2508,-1.5151, 0.9234,-2.1183, 0.316 ,-0.1892, 2.9699,-0.8761,-0.4852,-0.7662, 2.7336]
[ 2.3375, 0.4534, 4.4331, 1.7566,-2.9396,-2.9488,-0.6526, 1.8539,-2.3901, 0.2129, 0.5508, 2.7208, 2.2973,-1.3843,-1.1738, 3.0733, 1.058 ,-2.3211]
[-4.3105, 0.0791,-1.6128, 1.5223,-2.7058,-0.0233,-2.7016,-1.5288,-1.1947, 0.4837, 1.8681,-1.1015, 2.8351,-2.5758, 1.2633,-2.9127,-2.8844, 2.9639]
[-4.5384e+00,-5.0523e+00,-5.3556e+00,-5.1876e-01, 2.2458e+00, 3.9746e-01, 2.0158e+00,-1.4776e+00, 2.9864e+00, 2.5074e+00,-1.7181e+00, 1.9125e+00,-2.5527e+00,-2.2686e+00, 2.1431e+00, 3.1360e+00,-4.2803e-03,-1.1529e+00]
[ 3.5212, 3.7342, 0.448 , 0.0936, 1.2359,-2.0313,-0.8282,-1.5638, 0.9151,-0.8106,-1.3294,-1.3367,-2.2335,-2.0245, 1.5642,-1.3561,-2.3296,-2.2981]
[ 5.0498,-4.4565, 3.667 ,-0.6399, 1.0113, 3.06  , 1.1068,-2.6865,-1.3604, 1.6473, 1.4983,-0.1694, 0.7331,-0.2388, 1.4661, 1.752 ,-0.3888,-0.5033]
[-2.8018,-2.3145, 0.8501, 1.928 ,-2.6821, 1.7539,-3.133 , 2.9914,-2.9167, 2.8838,-2.9376,-3.1068,-2.1676, 2.6667,-1.7608,-0.44  , 1.2715,-0.4179]
