[ 1.8049, 1.1136,-4.0567, 2.4177,-2.1756,-1.4956,-3.054 ,-0.6556, 2.8271, 2.8771,-0.6152,-1.6302, 0.4124, 0.006 , 1.9809,-0.4887,-1.2368, 2.1921, 0.2785, 2.4258,-2.5618]
[ 1.0111, 1.6897,-0.6789,-0.9178,-2.8643, 3.0603, 2.9596, 2.7418, 0.4499,-0.7174,-2.2096, 0.3127, 0.1626, 1.5635, 0.2884, 1.2153, 2.9825, 1.2393,-2.4634,-0.0156,-1.8502]
[ 3.5364,-3.2414, 1.2227, 1.2272, 0.5432, 2.1901,-1.3118,-1.728 , 0.7528, 1.1554, 2.9868, 2.2839, 0.8178,-1.721 , 0.5119, 0.1908,-1.5587,-2.1406, 2.3136, 2.5085,-2.3747]
[ 0.7071,-4.8975,-2.868 ,-1.2855,-1.8033,-0.8778, 2.7707,-2.3164,-2.9989, 2.8904,-2.28  ,-0.3198, 2.7062, 1.8504, 2.8493,-2.4486, 3.0801, 1.1928, 1.8311,-1.6614, 2.4511]
[-3.8077,-2.7238,-0.5635, 1.3891,-2.1819,-3.0991,-1.6213, 1.7151,-2.7184,-3.125 ,-0.6189,-2.4975, 0.3673,-1.4897,-0.2538,-0.9195,-1.213 , 2.6149, 0.4006, 1.902 , 1.1228]
[ 4.0171,-4.9948, 4.289 , 3.0455,-0.4836, 0.1304,-1.8544, 1.6538, 3.0628, 1.3395, 1.4577, 2.0311,-0.6082,-1.5055,-1.811 ,-2.2796, 2.3775, 0.3675, 0.4769,-0.1543,-0.875 ]
[ 0.7365,-2.9679,-5.2962, 2.3597, 1.5713, 2.3896,-2.9342,-1.4756, 1.8826,-3.0781, 2.3735,-2.9184,-1.8334, 3.1266, 2.0758, 3.0209, 1.9721, 1.7061,-1.9503,-0.1399,-1.7624]
[-1.4247,-3.1557, 1.5633, 2.832 , 2.0341, 2.3187,-2.3397,-0.9154,-0.8261,-0.3459,-0.2322, 2.6464, 2.7292, 2.866 ,-0.2135, 0.6756,-0.4399, 0.7688,-2.073 ,-0.5843, 0.1401]
[-2.7752, 3.3024,-1.7339,-0.0673, 0.2429, 2.5149, 2.8362, 1.3505,-0.6916,-2.9289, 0.8663,-0.43  ,-2.5121,-0.4711,-3.0592, 2.4696,-0.264 , 0.1417, 1.896 ,-2.8864,-1.3008]
[-2.4687, 0.013 , 2.0679, 1.8609,-2.3845, 2.0311, 1.5287,-0.4258,-0.9314, 0.8927, 2.1313, 0.5991,-1.2787,-2.6848,-1.9217,-1.3321, 1.149 , 1.653 , 2.3649, 0.7702,-2.9734]
[-0.5396, 2.0353,-1.5541, 2.1267,-2.76  , 0.9629,-1.0908, 2.0246,-3.0742, 0.9996,-2.9461,-2.2415, 1.5563, 1.5086,-0.5518, 2.4779, 2.8016,-2.0655,-2.9587,-2.963 ,-2.9065]
[ 0.7608, 1.1912,-3.4533, 2.6856, 0.3985,-1.1998, 0.4691,-2.7837, 0.7028, 0.7229,-2.8512,-3.0693, 1.9363, 0.7102,-0.2858, 1.2081, 2.8323,-0.5823, 0.2377,-3.1151, 1.3675]
[-2.0027, 0.3963,-1.9672,-0.6206, 1.1063,-1.1021,-0.3972, 1.8425,-1.793 ,-0.1806,-2.5503,-1.4576,-0.3312,-0.3936,-0.0355, 1.6907, 2.3027, 2.1819,-2.4989, 1.8587, 0.6988]
[-1.2692,-0.593 , 1.541 ,-0.2752, 2.1067, 2.2395, 0.0784, 2.9646,-1.693 ,-2.1419, 0.4762,-0.381 , 2.7149,-3.1326,-0.2906, 1.5572,-3.019 , 2.8519,-0.421 ,-2.6613, 0.1181]
[ 1.5684,-5.3934, 1.9929,-1.3615,-2.3427,-2.237 , 2.5092, 1.5065, 1.9612, 1.497 ,-2.4516,-2.9127,-2.808 ,-1.6528, 1.814 , 0.2728, 0.187 ,-3.0188,-1.9037, 2.2277,-1.9574]
[-4.1259,-2.5439,-0.834 , 0.6534, 1.0146,-1.4625,-2.9031, 2.1459, 0.866 , 3.1383, 2.4401,-1.0535,-0.2889, 2.8233, 2.4329, 2.7905,-1.6946,-2.9935,-1.5811, 2.8124,-1.5042]
[-0.3413,-5.3694, 2.6733, 2.1766, 2.4715, 1.1573,-0.2759,-0.1551,-2.964 ,-0.8111,-1.6773,-2.8812, 0.1954, 2.8454,-2.7591,-0.86  , 1.7031, 2.1882,-1.8968,-0.25  , 3.0963]
[ 2.0666, 2.326 ,-2.982 ,-1.9133,-2.9782,-1.5504,-2.2936, 1.1224,-2.6211,-1.4695,-2.7132,-1.5987,-1.019 , 1.7304,-2.6414, 2.9708,-1.4775,-2.9493, 2.1412,-2.4922, 0.58  ]
[ 5.4651,-3.5259,-4.9035, 1.3302,-0.7981,-0.0511,-2.0193,-2.5497,-2.4984,-1.0434,-1.7069, 0.5895,-1.7701,-2.1003,-1.1657,-3.1117, 2.9546,-0.7251, 1.6831,-0.3518,-0.6942]
[ 1.258 ,-3.9356,-3.5313,-2.2534,-0.0929, 0.5959,-2.7673, 2.5092, 1.419 , 0.7121, 1.0628, 1.9503,-2.4588, 1.617 ,-2.1706,-0.2641, 1.3688,-0.2305,-2.3657,-1.5479, 0.4934]
[ 0.3609,-5.0081, 5.2713, 1.0163, 2.6655, 2.4862, 0.4682,-2.1582, 3.0297, 1.6369,-2.1576, 0.5659,-1.6826, 0.4994, 0.0478,-0.0964, 1.9437,-1.5244, 0.2897,-1.539 , 1.2609]
[ 5.4692,-5.3684,-5.09  ,-0.2697, 0.1069, 2.2533, 0.5208, 1.0176,-2.7695,-1.2865,-2.9584,-1.6284, 2.2482,-0.9502,-0.9913,-0.8293, 2.8943, 2.5461, 2.0767, 1.0879, 0.7022]
[ 3.4359,-4.4906,-4.3538,-2.0733,-1.3966,-0.2792, 3.1038, 1.6178,-0.1544,-2.3759,-0.22  , 1.0225,-0.5105, 0.1126,-0.0473,-2.5122,-0.7082,-2.1547,-1.9398,-0.589 ,-2.5551]
[-0.4504,-2.3594, 2.2174,-0.0932, 0.4664,-2.7577,-0.8252,-2.3328, 0.1363, 2.1392, 2.3936, 2.8477, 1.1259, 2.0294, 0.6478,-0.2446, 0.3603,-2.9776, 0.4365, 1.133 , 1.8719]
[-4.0051, 0.8261,-0.2034,-0.6893, 1.7883, 0.5918, 1.8519,-3.0509,-0.9214, 0.8223, 0.1347,-0.3856, 0.69  ,-1.6166, 0.2456,-1.1337, 1.1024,-2.5267, 2.0265, 2.4204, 3.0106]
[ 3.3696,-1.9444, 1.8603,-2.7619,-2.7882,-1.7879,-1.56  ,-2.4643,-1.6867, 0.9118,-2.82  , 3.1061, 3.054 , 1.769 , 1.7975,-1.4783, 0.3531, 2.2279,-2.3132,-0.3681,-2.5456]
[-5.2331,-5.0531, 4.3922, 3.0611,-0.1597,-1.5642,-2.5214, 2.2951,-2.6837, 0.5676,-1.0757, 1.9861,-2.7088,-1.3933, 1.1418, 2.6035, 2.6123, 0.0436,-0.8277, 1.9612,-0.2785]
[ 0.3497,-0.6814,-3.7819,-2.2071, 2.1643,-2.4999, 2.0092,-1.7988, 2.0037,-0.593 , 0.3437,-2.944 ,-1.791 ,-0.1343, 2.5003, 2.6748, 0.1067, 0.1387, 0.3951, 2.0957,-0.0759]
[ 3.7473, 0.3496,-3.4963,-2.9187, 2.7385, 2.292 , 0.8941,-0.0795, 1.7763, 0.4259, 0.4312, 0.2585, 1.1071, 2.5809,-0.7941, 1.8566, 2.0177, 1.8955, 1.0679, 2.2522, 1.0916]
[ 2.9134,-3.5811, 5.0727, 2.0152, 1.6558,-1.6516, 0.667 , 0.794 , 0.7606,-1.0668, 0.8734, 1.3253,-1.5624, 1.1881, 1.5995, 1.432 , 1.4511, 2.424 ,-1.9394,-1.5055, 0.9327]
[ 3.9063e+00, 5.3268e+00, 2.4756e+00, 1.0460e+00, 2.1944e-03,-1.2025e+00, 2.3383e+00, 9.5502e-01,-3.1151e+00,-3.0424e+00, 2.2160e+00, 2.0397e+00,-1.5829e+00, 1.5222e+00,-2.8197e+00, 5.9899e-01,-7.3830e-01, 3.1263e+00,-1.7029e+00,-7.1645e-01,-9.7880e-01]
[ 4.6246, 1.5954,-3.1989, 2.7013,-2.6159,-2.1339, 0.0939,-1.386 ,-2.9412, 1.0369,-2.541 , 1.2368,-2.6703, 2.1725, 2.0304,-1.6186,-0.5792, 1.9649, 1.1147, 0.573 ,-1.9438]
[-0.53  ,-0.9862,-4.506 ,-1.7577, 1.6891,-1.1955, 0.4492,-2.6512, 1.8888, 1.7802, 1.7156,-1.3773, 2.7611, 1.8017,-0.7494, 1.3592, 2.5774, 1.9531,-0.7348, 1.4125,-0.8052]
[ 3.61  , 2.2864,-1.2642,-0.2614,-2.932 , 2.6724, 2.3556, 0.7447, 1.7841,-1.9437, 1.5975,-1.3729,-2.5557, 0.1153,-3.1159, 1.6803, 1.3161, 1.9308,-0.4937,-2.0277, 2.8059]
[-2.3423, 2.7362, 3.5602, 2.3498, 0.4828,-0.9279,-1.2557, 2.7189, 3.0096,-1.1123, 0.5975, 2.3729, 2.8549,-1.9182,-3.0948, 1.5507,-0.4825, 1.3493, 1.3479, 2.5843, 2.6766]
[-2.6038, 3.9166,-3.6453, 2.4924,-0.8198,-0.3284, 0.466 ,-2.1163, 1.4889,-0.1517,-0.0815, 0.377 , 0.7511,-0.4434, 1.3438, 1.3144,-0.904 ,-2.7078, 0.8865,-1.3535, 0.7262]
[ 0.1963, 3.7442, 3.4892, 2.2957,-1.5159, 2.7132,-2.4075,-0.4341, 1.1856,-3.0581,-2.5343, 1.4641, 0.6865,-1.6478, 0.7297, 0.5183,-1.2673, 2.5373, 1.9558, 1.5218,-2.033 ]
[-1.5064,-0.0884,-5.1151,-2.4273, 2.2585,-0.5211, 3.1053,-3.0958, 3.0237,-0.074 , 1.517 , 2.9015, 0.8319,-2.3969,-1.5899, 1.2137,-3.0823,-1.4009, 1.7848,-1.7039,-1.4081]
[ 0.1506,-0.6809,-4.6632, 2.3311,-0.3627,-0.2739, 1.8835, 2.3259,-0.348 ,-2.8473,-1.9179, 1.7844,-1.3777, 2.9908, 2.6184,-1.4293, 0.2049, 0.0855, 1.6154,-1.8881,-0.713 ]
[-5.432 ,-3.8956, 1.9412, 1.7629, 1.3697,-1.7628,-1.439 , 2.6839,-1.7348,-2.6046, 1.8408, 0.7229,-2.3925,-2.6222,-0.8805, 0.2853,-2.2113, 1.1589,-0.2986,-1.5943, 2.5622]
[-4.1707,-5.2302, 0.135 , 1.3463, 2.6921, 1.0108, 1.462 , 1.0663, 1.4229,-1.6351,-2.6736,-1.5668, 0.2574, 2.8331, 3.032 , 2.4272, 1.323 , 3.1198,-1.1617, 1.8152, 0.1538]
[-3.8804, 4.42  ,-3.7433,-2.9191, 1.3404, 3.1374,-0.2978, 0.1726, 2.5104, 2.0864,-2.3201,-1.6341,-2.3465,-3.0305, 0.3311, 1.8212, 0.226 , 0.9422,-0.0853, 1.8433,-2.0754]
[-4.5963,-2.1822, 0.8772,-3.031 , 2.9914, 2.5962, 3.0564, 2.252 ,-1.8446,-1.6996,-2.0091,-1.3251,-1.4979,-2.5789,-1.0543, 1.2587,-1.151 ,-2.3861, 0.0672,-0.2751, 2.497 ]
[ 2.3329,-0.9154, 3.7373,-0.468 , 2.3545, 1.2278,-2.0746, 3.0598,-2.4484,-1.0035, 2.1482,-1.0097, 1.248 ,-2.3853, 0.1493, 1.8328,-1.2783,-2.1336, 1.4848, 2.3129, 2.9997]
[ 5.1474, 3.2833, 4.4617,-0.7013,-0.8253,-3.0576, 1.0296,-1.7606,-2.9616, 1.2024, 1.8978, 2.5314, 1.1698, 2.2946,-3.0233,-0.959 , 0.5221,-2.2667, 2.3152, 0.4074, 1.2374]
[ 1.603 ,-3.9531, 4.0505, 2.4067, 0.5222, 2.9987,-0.8668, 2.8311, 1.6077,-0.4388, 3.0858, 0.202 , 1.9281,-1.9804, 2.8   ,-0.2216, 0.9481, 2.9127,-1.0943, 0.1877,-1.9904]
[ 5.3075,-0.8621,-2.2501,-0.448 ,-0.6509, 1.1191, 1.6275, 0.0248, 0.6768,-0.6783,-0.9692,-1.9809, 1.125 ,-0.9568,-2.5353,-1.2698, 0.262 , 2.9119, 2.1649, 0.0972,-1.673 ]
[-4.4424, 2.7638, 3.6517, 1.2082, 0.0208,-2.9066, 2.9008,-1.0477, 1.0198,-3.0556,-1.3478, 2.7251, 0.8204, 1.3448, 1.0882,-2.4866, 0.7741, 1.2507,-2.0378,-1.9712,-1.028 ]
[-2.1637,-1.129 ,-4.3653, 2.6771, 2.455 ,-0.8589,-0.4581,-1.4923,-1.1062, 0.7001,-1.8391, 0.588 ,-1.9902, 0.4325, 1.0149,-2.0819, 0.4989, 2.818 , 3.0565,-3.0388,-1.7497]
[ 0.3296, 1.76  ,-2.9339, 0.8421,-0.982 ,-2.9337, 1.1866, 3.0988, 0.3457, 3.1243, 1.7553, 0.5376,-2.2947,-0.6789, 2.3476, 2.4635, 2.9575, 0.2046,-0.4667, 0.8437,-1.0128]
[-5.0362, 0.0502, 1.7424,-3.1308,-0.4555, 2.361 ,-2.5114, 0.1733, 1.8919, 2.074 , 1.6447,-3.0208, 2.0962, 3.0038, 3.1034,-1.9218,-1.844 ,-2.2109, 2.8443,-0.4148, 1.1027]
[-0.1454, 0.5496,-4.0372, 3.0372, 2.1968, 1.3277,-1.4862,-1.0632, 1.636 , 2.5524, 2.3123,-0.8937,-2.1847,-2.5444,-2.7238,-0.084 ,-2.765 , 2.6139,-0.1273,-3.0061, 1.4269]
[ 0.1808,-0.31  ,-3.4849, 1.8224,-0.8208,-2.9528,-0.6107, 0.4276,-1.7256, 2.389 , 3.0908, 0.1223, 2.9526, 2.461 ,-0.5444, 1.7378,-1.9394, 2.8831,-1.4132,-2.379 ,-0.5811]
[ 4.3834, 1.794 , 3.8779, 3.0204,-0.8991,-0.0647, 1.2903, 1.8265,-2.3782, 0.1669, 1.0518, 1.9535,-2.2424, 2.8278, 1.1884,-2.8134,-1.4292, 3.1093, 0.035 ,-0.9824, 2.4836]
[ 1.8446,-3.2469, 1.8018, 1.5444, 2.5459, 2.1258,-3.1277, 0.5489,-1.3332, 1.662 , 2.7342, 2.2313, 1.8986, 2.2493,-2.1707, 3.1349,-1.041 ,-0.8507,-0.4251, 0.5099,-1.5419]
[ 0.3016,-0.4783,-4.8285, 0.7069,-2.6624,-0.48  , 2.1675, 2.5068, 2.4235,-0.0934,-0.6051,-0.793 , 2.2532, 1.5117, 0.9126, 2.3647, 1.9685, 2.3329,-2.7146,-2.8836,-2.3396]
[-1.266 ,-0.3318, 1.0291, 0.721 ,-0.0749, 0.2144, 1.0124, 2.7566, 2.1016,-0.9697, 0.1161,-1.5495, 1.5182, 1.7297, 1.8499,-0.6638,-1.1071,-1.1555, 1.1454, 0.3778, 2.3336]
[ 4.9576, 1.0943, 1.2211, 3.0951,-0.3333, 0.566 , 0.4278, 1.5178, 2.9102, 2.8437,-2.0376,-2.4015,-1.6444,-2.3765,-2.7582, 0.8498, 1.7737,-0.1262, 1.2121, 1.8913,-0.81  ]
[ 4.2832,-4.1189, 3.3836,-2.6092,-2.0492, 0.009 ,-1.8392,-1.7743,-2.9306, 2.8597, 2.8411,-1.6552, 0.1397, 0.7386,-1.5783, 0.0623,-1.3623,-0.5995, 2.7286, 2.4089, 1.853 ]
[ 3.0292e+00, 5.0741e+00,-1.2498e+00, 7.3870e-01,-2.6978e+00, 3.3228e-01, 1.1533e+00,-1.6227e-01, 6.2503e-01,-5.6874e-01, 2.6574e+00, 2.4920e+00, 2.5959e+00,-3.5401e-04,-1.2022e+00, 1.0237e+00, 2.9162e+00, 1.8439e+00, 3.5841e-01, 3.8829e-01, 6.8008e-01]
[-2.167 ,-3.388 , 0.5333,-2.4443,-0.3247,-0.0744, 3.0629, 3.1016,-2.7272,-0.81  , 0.8111, 1.8311, 1.8544, 0.1633, 2.6602,-3.1048,-0.6006,-2.4834, 2.759 ,-0.7819,-1.418 ]
[ 1.6183, 4.2731, 4.5696,-1.1748, 1.5348,-2.9119,-2.7355,-2.6282, 1.4271, 0.6551,-0.062 , 1.5958,-1.6838, 2.6638, 1.1107, 3.0933,-1.0164,-1.8412,-1.6775,-1.4469, 1.8035]
[ 4.3323, 3.1379,-4.3373,-1.9704, 0.2109,-0.3405,-1.7469, 1.8044, 1.3535,-2.0978, 2.3882, 2.658 ,-1.6769, 0.0903,-0.2714, 0.1182, 0.3588,-1.998 , 1.6067,-2.8481,-1.3274]
[ 1.5877, 3.7412, 0.1566,-2.4759, 2.3071, 2.6644,-0.3353, 2.5092, 0.7837, 2.1441,-0.0315,-0.1185,-1.2777,-2.2942, 0.2513,-0.4896, 0.4304,-1.1523,-2.4757, 0.6543,-3.1222]
[ 4.5121,-4.8079, 3.5428, 1.6413,-2.0357,-0.7551, 2.8157,-2.2731,-2.338 , 0.3918,-1.7764, 2.4591, 0.0141,-0.4425, 3.1344, 2.861 ,-1.1742,-1.018 ,-1.8185,-0.637 , 2.4021]
[ 1.3357,-2.242 , 2.6793,-1.7616,-0.3206, 2.4294, 1.8403, 1.1883,-3.0695, 0.8465,-2.3368,-2.9103,-0.9688, 0.2969,-1.7297, 1.1849,-1.2305, 2.8289,-2.4161,-1.3347,-3.0472]
[ 0.5587, 2.3899,-2.7483, 0.4112, 1.8523,-2.0343, 0.8295,-0.0345,-2.7031,-1.8763, 0.6303, 1.2665,-1.3201, 0.796 , 1.4562,-1.9831,-0.751 , 2.5387, 1.847 , 2.3518,-3.0362]
[-1.1311, 5.2926,-5.0635, 1.8459, 3.0035,-1.8973,-1.0339,-1.6384,-2.131 ,-2.6149,-2.1741,-2.8457,-2.11  ,-1.5546,-1.4484, 2.9595,-1.0212, 1.0634,-3.005 ,-2.8627,-2.9875]
[ 0.3192,-2.105 ,-3.6592,-1.4305,-0.4658, 1.8238, 2.2155, 1.0177, 0.0538,-1.0218,-3.0729, 0.097 , 0.5282,-0.3973, 1.0021, 2.3526, 2.9108, 1.7812, 2.9859, 1.7451, 0.8027]
[ 4.4769,-0.6166, 0.7729,-0.8392, 0.5624,-3.0118, 1.1501,-1.8175, 2.0482,-1.823 ,-1.8326,-0.9476,-0.9468,-0.5346,-0.4376,-2.461 ,-0.2754, 2.1812, 3.0454,-0.143 , 0.6234]
[-1.7723, 3.7616,-3.7921,-2.6797,-2.9532, 0.9644, 1.3761,-0.6206,-2.3224, 2.0113,-0.6192, 3.1377,-3.0411, 2.3921, 2.1827, 2.4475,-2.0238,-3.1315, 2.5774,-0.3972,-1.089 ]
[ 2.8002,-1.9677, 1.6859,-1.8936, 3.0015, 0.682 ,-1.8005,-1.5814,-3.1207,-1.4226,-1.5388, 0.5529,-0.2942,-3.0719, 3.1016, 0.4546,-1.8997, 0.684 ,-2.2081,-2.7153,-1.2383]
[ 2.7813, 0.8374, 4.9665,-2.0579, 2.819 ,-0.6214, 1.8929,-2.4528, 0.9179,-2.6548, 0.5701,-1.4857, 2.3823, 0.8113, 2.8972,-2.6579,-0.4922, 0.2991,-1.513 , 1.2403, 1.5381]
[-4.8445,-1.9695, 0.4938, 2.2461,-2.555 ,-2.876 ,-1.5706, 2.1278, 1.644 , 2.6869, 2.347 ,-2.7503, 0.5343, 1.2568,-2.2873, 1.1368, 2.4362, 1.7756, 0.2212, 0.2576, 1.7229]
[-0.9647, 0.3148,-1.9228, 1.1603,-0.4307,-1.6363,-3.0429, 0.8795, 2.6162,-0.2052, 2.4073, 0.2366, 2.0996, 2.7879, 1.8583,-1.8898,-2.3066, 2.2146,-1.4113, 2.2749,-0.7462]
[-0.5469,-3.8961,-5.2365, 0.7408, 0.913 ,-0.1544,-2.3485, 2.1654, 2.4086, 2.3298, 0.3354, 1.4053, 0.8601,-1.3097,-2.5625,-1.5684, 2.2649,-2.0703, 2.9383,-3.1153,-0.3729]
[-3.8889, 3.2513,-3.2512,-2.5203,-0.8255, 1.7531,-0.9117, 1.1014, 1.8872, 0.8745, 1.6264, 2.8107,-1.2061, 0.0143, 1.4942,-1.8917, 2.6859, 2.1242,-0.828 , 2.4742,-1.1173]
[ 3.6174, 5.4732, 0.2858, 1.6211, 2.558 , 2.314 ,-2.817 , 2.721 , 3.0248,-0.7956, 2.81  , 0.2284, 0.5358,-0.7297, 1.5816, 0.6693,-0.8357,-2.0023, 2.4186,-1.2545, 1.8381]
[ 2.9786,-2.3147, 4.7543, 2.6854, 2.4103, 0.2412, 0.7454,-0.5861,-0.7168, 0.1824, 2.7236, 2.3769, 0.7296,-0.4128, 2.4903, 1.3008,-2.354 , 2.6202,-2.1972,-3.1038, 2.6132]
[ 2.3488, 2.8241, 0.4128, 0.2421,-2.8088, 2.5158, 0.155 ,-0.4561,-1.2656,-0.4613, 2.5044, 0.7307, 0.3863,-0.1293,-1.656 , 1.1574,-1.5607,-1.8005,-1.8259,-0.6132,-1.0064]
[ 0.8111,-0.2042, 1.9045, 0.822 , 2.955 , 2.3414,-1.4476, 2.9128, 0.3764, 0.2703,-0.0222,-0.8979,-3.0229, 1.5755,-0.3108, 1.0136, 0.7948,-0.1963,-0.2973,-0.1544,-1.486 ]
[ 4.0431,-3.9091, 4.1709, 2.1797,-1.2252,-0.9737,-0.7696, 2.5882, 1.207 ,-1.6431, 1.2655, 1.6353,-2.7966, 1.7959, 1.3344, 2.3016,-0.3171,-0.9089, 1.1932, 2.6737,-2.3277]
[-1.1142,-2.2367,-4.9387,-2.9415,-1.6655,-3.0624, 2.2152,-2.6724,-1.2119, 2.6776,-0.1861, 0.458 ,-1.4124, 3.0132,-0.5961, 0.8257,-1.2104, 1.9351, 0.551 ,-1.4045, 0.9331]
[-1.993 , 2.6681, 4.1318, 1.1029, 1.9644, 2.4739,-0.3343,-1.1819,-2.1771, 1.577 ,-1.4394,-1.041 ,-0.0902,-3.1263,-2.7583,-2.3236,-1.5509, 1.015 ,-1.6799, 1.3988, 3.0631]
[-3.7766,-1.0939,-3.0353,-3.0125,-0.5277,-2.8261, 1.7529, 1.1889, 1.7205,-1.2228,-1.8677, 1.8513, 2.2843,-0.8348, 1.1413,-2.0613, 0.2101, 2.3084,-2.3255,-1.3581,-2.7997]
[ 1.1021, 1.9405,-3.1378,-1.5876, 2.0037,-1.0541, 2.2721,-0.1763, 2.8738,-2.615 , 2.519 , 0.2169,-1.7701,-0.3315, 0.5685, 3.0417, 1.6404,-0.2881,-2.1111, 2.2235,-0.7845]
[ 2.8742,-1.6515,-1.2654, 1.1315, 0.1204,-1.6113, 1.1759, 1.0353, 1.8818,-0.1305, 2.3734,-1.3235,-2.5431,-0.4501, 1.1718, 0.0053, 2.9663,-1.5023, 2.5881, 1.9586,-0.918 ]
[ 4.9775,-0.1658, 5.0681,-0.2605, 1.6159,-2.5749,-2.3848,-0.3001, 2.5336,-0.7436,-0.4819, 1.8876,-1.4821, 3.0458,-1.4446,-2.234 ,-0.7397, 0.3823,-1.7655, 1.0207,-0.9162]
[-3.7868, 5.0044,-4.5458, 2.5773,-2.1787, 3.0337, 0.8151, 0.7042,-1.0341,-1.6427,-3.0544,-1.5782,-0.1888, 2.7978, 2.3341,-2.2117, 1.1975,-0.2035,-1.8351,-2.8398,-0.9704]
[ 2.701 ,-0.7916, 3.2555, 2.4045, 2.7852,-2.5651, 0.1033,-0.505 ,-0.1617,-0.9641,-3.1023,-0.4502,-2.1312,-2.7542, 2.161 , 1.9804, 1.4295, 2.5404,-0.7084,-2.609 ,-0.8801]
[ 0.6867,-4.6492,-3.4274, 1.1713, 0.4903,-1.9041,-0.8993, 2.3758, 3.1316, 2.0112, 1.6442,-0.4886, 3.1203,-2.5861, 2.8822, 0.4558,-0.9209, 3.1377,-2.194 ,-2.3027,-2.2921]
[ 4.9123,-5.1026, 3.2762, 1.8654,-2.8846,-0.1763,-0.5273, 0.2967, 2.7679,-2.9619,-2.8625,-2.5734,-2.9208, 2.6753, 2.2195, 1.7345, 1.0501,-0.7767, 2.1904, 1.3235, 2.3098]
[-3.9888, 0.8526,-1.3906, 1.9487, 1.6411, 0.6584,-1.6945, 0.6262, 2.1793, 0.9599,-1.9137, 0.2703, 1.5434,-2.8935,-2.9569,-0.4281, 1.1651, 1.8297,-2.7495,-0.2296,-0.8284]
[-3.4189,-0.6454, 4.697 ,-1.5903, 1.0291,-0.0076, 0.6953,-0.2504, 2.8299,-2.9416,-1.1838,-1.7061, 1.4706,-2.2571, 0.3367,-2.541 ,-2.4272,-2.6238,-1.4672, 1.9365,-1.5019]
[-0.2684,-0.3603,-3.6098,-1.4797, 0.8483, 0.8263,-1.9918,-2.1646,-0.9282,-2.1281,-0.2176, 0.2043,-2.4753, 1.019 , 1.8258, 1.0209,-0.9055, 0.0764, 1.3159, 1.696 , 0.0502]
[ 5.2299, 2.8265, 1.3063, 3.0454, 2.9668,-0.6875, 1.0109, 1.392 , 0.2222, 1.5363, 1.9559,-0.5897,-0.2068,-2.6479, 2.8487,-0.05  ,-3.0345, 2.2059, 3.066 , 0.0924,-1.9331]
[ 1.2481,-0.6756, 1.7415, 0.322 , 2.532 ,-2.344 , 1.5411, 1.9994, 1.3148, 1.3689,-0.1998, 1.2974,-1.2241, 0.6923,-0.639 , 0.1218, 2.3311,-1.182 , 2.7215,-1.1862, 1.4133]
[ 0.6661,-1.4806,-1.4661,-1.7531,-0.7159,-2.7746,-0.7903,-2.6224, 1.3379, 1.0002, 0.1408, 1.5312, 2.9243, 2.9068, 0.145 , 0.4499, 0.5304, 1.946 , 0.244 , 2.7009,-1.5458]
[-0.7706, 3.2882, 3.8457, 0.2944, 0.292 ,-2.9106, 1.3674, 0.4025, 1.9465,-2.9823,-0.3248,-0.7106, 0.4802,-1.0681,-1.7574,-2.2437, 0.0552,-0.7803,-0.1464,-3.1394, 1.0051]
[ 4.9059,-5.2091, 5.2677, 0.5759, 2.8314, 0.0842,-0.7286, 2.5143, 1.9488,-0.1845,-2.2017, 0.6754,-0.6207, 3.0198,-0.7463,-2.7285,-1.9553,-0.1019, 1.5173, 0.5154,-0.6318]
